station.id,site,latitude,longitude,elevation.m,sampling.date,visit.type,sampling.year,date.time,atm.pressure,air.temp,relative.humidity,wind.speed,wind.gust,solar.rad,sea.level.pressure
TWB14,Uvalde_2020_02,29.60214,-99.73007,436.7784,6/28/21,p,2021,04/01/2021 19:00 CDT,98302,19.07,15.93,2.475,7.565,51.03,103426.35
TWB14,Uvalde_2020_02,29.60214,-99.73007,436.7784,6/28/21,p,2021,04/01/2021 19:05 CDT,98302,19.02,17.38,1.74,7.565,46.05,103427.77
TWB14,Uvalde_2020_02,29.60214,-99.73007,436.7784,6/28/21,p,2021,04/01/2021 19:10 CDT,98294,18.98,16.57,1.92,7.565,43.1,103419.72
TWB14,Uvalde_2020_02,29.60214,-99.73007,436.7784,6/28/21,p,2021,04/01/2021 19:15 CDT,98294,18.95,16.77,1.92,7.565,40.08,103420.26
TWB14,Uvalde_2020_02,29.60214,-99.73007,436.7784,6/28/21,p,2021,04/01/2021 19:20 CDT,98295,18.92,16.84,2.045,7.565,34.23,103421.84
TWB14,Uvalde_2020_02,29.60214,-99.73007,436.7784,6/28/21,p,2021,04/01/2021 19:25 CDT,98297,18.85,17.48,2.27,7.565,25.86,103425.56
TWB14,Uvalde_2020_02,29.60214,-99.73007,436.7784,6/28/21,p,2021,04/01/2021 19:30 CDT,98296,18.79,16.84,2.125,7.565,24.7,103425.95
TWB14,Uvalde_2020_02,29.60214,-99.73007,436.7784,6/28/21,p,2021,04/01/2021 19:35 CDT,98296,18.73,17.11,1.85,7.565,18.15,103427.02
TWB14,Uvalde_2020_02,29.60214,-99.73007,436.7784,6/28/21,p,2021,04/01/2021 19:40 CDT,98305,18.64,16.84,1.815,7.565,13.13,103438.11
TWB14,Uvalde_2020_02,29.60214,-99.73007,436.7784,6/28/21,p,2021,04/01/2021 19:45 CDT,98308,18.58,16.84,2.29,7.565,8.63,103442.7
TWB14,Uvalde_2020_02,29.60214,-99.73007,436.7784,6/28/21,p,2021,04/01/2021 19:50 CDT,98305,18.53,17.04,2.605,7.565,4.63,103440.62
TWB14,Uvalde_2020_02,29.60214,-99.73007,436.7784,6/28/21,p,2021,04/01/2021 19:55 CDT,98312,18.49,16.71,2.11,7.565,2.51,103448.71
TWB14,Uvalde_2020_02,29.60214,-99.73007,436.7784,6/28/21,p,2021,04/01/2021 20:00 CDT,98322,18.43,16.84,1.89,7.565,0.98,103460.13
TWB14,Uvalde_2020_02,29.60214,-99.73007,436.7784,6/28/21,p,2021,04/01/2021 20:05 CDT,98321,18.38,17.45,1.71,7.565,0.46,103460.16
TWB14,Uvalde_2020_02,29.60214,-99.73007,436.7784,6/28/21,p,2021,04/01/2021 20:10 CDT,98316,18.32,16.98,2.38,7.565,0.1,103456.34
TWB14,Uvalde_2020_02,29.60214,-99.73007,436.7784,6/28/21,p,2021,04/01/2021 20:15 CDT,98321,18.28,17.32,2.04,7.565,0,103462.32
TWB14,Uvalde_2020_02,29.60214,-99.73007,436.7784,6/28/21,p,2021,04/01/2021 20:20 CDT,98321,18.24,17.35,2.145,7.565,0,103463.04
TWB14,Uvalde_2020_02,29.60214,-99.73007,436.7784,6/28/21,p,2021,04/01/2021 20:25 CDT,98318,18.21,17.52,2.14,7.565,0,103460.24
TWB14,Uvalde_2020_02,29.60214,-99.73007,436.7784,6/28/21,p,2021,04/01/2021 20:30 CDT,98328,18.18,17.65,1.94,7.565,0,103471.31
TWB14,Uvalde_2020_02,29.60214,-99.73007,436.7784,6/28/21,p,2021,04/01/2021 20:35 CDT,98317,18.14,17.18,2.255,7.565,0,103460.81
TWB14,Uvalde_2020_02,29.60214,-99.73007,436.7784,6/28/21,p,2021,04/01/2021 20:40 CDT,98310,18.11,17.18,2.135,7.565,0,103453.99
TWB14,Uvalde_2020_02,29.60214,-99.73007,436.7784,6/28/21,p,2021,04/01/2021 20:45 CDT,98309,18.02,17.86,1.61,7.565,0.01,103454.38
TWB14,Uvalde_2020_02,29.60214,-99.73007,436.7784,6/28/21,p,2021,04/01/2021 20:50 CDT,98308,17.93,17.66,1.69,7.565,0,103454.77
TWB14,Uvalde_2020_02,29.60214,-99.73007,436.7784,6/28/21,p,2021,04/01/2021 20:55 CDT,98309,17.88,17.66,1.835,7.565,0,103457.27
TWB14,Uvalde_2020_02,29.60214,-99.73007,436.7784,6/28/21,p,2021,04/01/2021 21:00 CDT,98312,17.84,17.99,1.69,7.565,0,103461.33
TWB14,Uvalde_2020_02,29.60214,-99.73007,436.7784,6/28/21,p,2021,04/01/2021 21:05 CDT,98321,17.8,18.8,1.965,7.565,0,103471.7
TWB14,Uvalde_2020_02,29.60214,-99.73007,436.7784,6/28/21,p,2021,04/01/2021 21:10 CDT,98323,17.78,18.4,2.055,7.565,0,103474.35
TWB14,Uvalde_2020_02,29.60214,-99.73007,436.7784,6/28/21,p,2021,04/01/2021 21:15 CDT,98327,17.76,18.77,1.77,7.565,0,103478.74
TWB14,Uvalde_2020_02,29.60214,-99.73007,436.7784,6/28/21,p,2021,04/01/2021 21:20 CDT,98335,17.68,18.77,1.875,7.565,0,103487.88
TWB14,Uvalde_2020_02,29.60214,-99.73007,436.7784,6/28/21,p,2021,04/01/2021 21:25 CDT,98332,17.64,19.41,1.925,7.565,0,103485.99
TWB14,Uvalde_2020_02,29.60214,-99.73007,436.7784,6/28/21,p,2021,04/01/2021 21:30 CDT,98338,17.57,19.82,2.07,7.565,0,103493.57
TWB14,Uvalde_2020_02,29.60214,-99.73007,436.7784,6/28/21,p,2021,04/01/2021 21:35 CDT,98338,17.55,19.41,2.275,7.565,0,103494.11
TWB14,Uvalde_2020_02,29.60214,-99.73007,436.7784,6/28/21,p,2021,04/01/2021 21:40 CDT,98340,17.52,19.55,2.045,7.565,0,103496.76
TWB14,Uvalde_2020_02,29.60214,-99.73007,436.7784,6/28/21,p,2021,04/01/2021 21:45 CDT,98342,17.49,19.41,2.05,7.565,0,103499.59
TWB14,Uvalde_2020_02,29.60214,-99.73007,436.7784,6/28/21,p,2021,04/01/2021 21:50 CDT,98349,17.46,19.48,1.94,7.565,0,103506.96
TWB14,Uvalde_2020_02,29.60214,-99.73007,436.7784,6/28/21,p,2021,04/01/2021 21:55 CDT,98362,17.46,19.48,2.53,7.565,0,103520.82
TWB14,Uvalde_2020_02,29.60214,-99.73007,436.7784,6/28/21,p,2021,04/01/2021 22:00 CDT,98357,17.43,19.65,1.955,7.565,0,103515.92
TWB14,Uvalde_2020_02,29.60214,-99.73007,436.7784,6/28/21,p,2021,04/01/2021 22:05 CDT,98355,17.37,19.62,2.405,7.565,0,103515.08
TWB14,Uvalde_2020_02,29.60214,-99.73007,436.7784,6/28/21,p,2021,04/01/2021 22:10 CDT,98348,17.38,19.68,2.45,7.565,0,103507.72
TWB14,Uvalde_2020_02,29.60214,-99.73007,436.7784,6/28/21,p,2021,04/01/2021 22:15 CDT,98350,17.35,19.45,2.29,7.565,0,103510.19
TWB14,Uvalde_2020_02,29.60214,-99.73007,436.7784,6/28/21,p,2021,04/01/2021 22:20 CDT,98354,17.31,19.75,2.05,7.565,0,103514.94
TWB14,Uvalde_2020_02,29.60214,-99.73007,436.7784,6/28/21,p,2021,04/01/2021 22:25 CDT,98346,17.27,19.95,2.115,7.565,0,103507.43
TWB14,Uvalde_2020_02,29.60214,-99.73007,436.7784,6/28/21,p,2021,04/01/2021 22:30 CDT,98342,17.19,20.32,1.865,7.565,0,103504.48
TWB14,Uvalde_2020_02,29.60214,-99.73007,436.7784,6/28/21,p,2021,04/01/2021 22:35 CDT,98341,17.15,19.92,2.475,7.565,0,103504.52
TWB14,Uvalde_2020_02,29.60214,-99.73007,436.7784,6/28/21,p,2021,04/01/2021 22:40 CDT,98333,17.14,19.95,2.67,7.565,0,103496.29
TWB14,Uvalde_2020_02,29.60214,-99.73007,436.7784,6/28/21,p,2021,04/01/2021 22:45 CDT,98329,17.07,19.89,2.44,7.565,0,103493.35
TWB14,Uvalde_2020_02,29.60214,-99.73007,436.7784,6/28/21,p,2021,04/01/2021 22:50 CDT,98329,16.99,20.29,2.355,7.565,0,103494.98
TWB14,Uvalde_2020_02,29.60214,-99.73007,436.7784,6/28/21,p,2021,04/01/2021 22:55 CDT,98335,16.9,20.22,1.875,7.565,0,103502.75
TWB14,Uvalde_2020_02,29.60214,-99.73007,436.7784,6/28/21,p,2021,04/01/2021 23:00 CDT,98342,16.89,20.56,1.945,7.565,0,103510.67
TWB14,Uvalde_2020_02,29.60214,-99.73007,436.7784,6/28/21,p,2021,04/01/2021 23:05 CDT,98345,16.81,20.83,1.73,7.565,0,103515.46
TWB14,Uvalde_2020_02,29.60214,-99.73007,436.7784,6/28/21,p,2021,04/01/2021 23:10 CDT,98360,16.78,20.39,2.105,7.565,0,103532.16
TWB14,Uvalde_2020_02,29.60214,-99.73007,436.7784,6/28/21,p,2021,04/01/2021 23:15 CDT,98368,16.77,20.36,1.73,7.565,0,103540.95
TWB14,Uvalde_2020_02,29.60214,-99.73007,436.7784,6/28/21,p,2021,04/01/2021 23:20 CDT,98368,16.77,21.34,1.88,7.565,0,103540.4
TWB14,Uvalde_2020_02,29.60214,-99.73007,436.7784,6/28/21,p,2021,04/01/2021 23:25 CDT,98370,16.78,20.43,2.225,7.565,0,103542.51
TWB14,Uvalde_2020_02,29.60214,-99.73007,436.7784,6/28/21,p,2021,04/01/2021 23:30 CDT,98370,16.81,20.56,1.83,7.565,0,103541.6
TWB14,Uvalde_2020_02,29.60214,-99.73007,436.7784,6/28/21,p,2021,04/01/2021 23:35 CDT,98362,16.78,20.36,2.36,7.565,0,103533.72
TWB14,Uvalde_2020_02,29.60214,-99.73007,436.7784,6/28/21,p,2021,04/01/2021 23:40 CDT,98352,16.73,20.6,2.37,7.565,0,103524.11
TWB14,Uvalde_2020_02,29.60214,-99.73007,436.7784,6/28/21,p,2021,04/01/2021 23:45 CDT,98349,16.64,20.56,2.125,7.565,0,103522.04
TWB14,Uvalde_2020_02,29.60214,-99.73007,436.7784,6/28/21,p,2021,04/01/2021 23:50 CDT,98352,16.63,20.7,2.57,7.565,0,103525.75
TWB14,Uvalde_2020_02,29.60214,-99.73007,436.7784,6/28/21,p,2021,04/01/2021 23:55 CDT,98353,16.6,20.9,2.57,7.565,0,103527.53
TWB14,Uvalde_2020_02,29.60214,-99.73007,436.7784,6/28/21,p,2021,04/02/2021 00:00 CDT,98351,16.56,20.66,2.455,7.565,0,103525.97
TWB14,Uvalde_2020_02,29.60214,-99.73007,436.7784,6/28/21,p,2021,04/02/2021 00:05 CDT,98349,16.55,20.9,2.15,7.565,0,103524.05
TWB14,Uvalde_2020_02,29.60214,-99.73007,436.7784,6/28/21,p,2021,04/02/2021 00:10 CDT,98343,16.52,20.9,2.285,7.565,0,103518.1
TWB14,Uvalde_2020_02,29.60214,-99.73007,436.7784,6/28/21,p,2021,04/02/2021 00:15 CDT,98333,16.49,21.2,2.14,7.565,0,103508.3
TWB14,Uvalde_2020_02,29.60214,-99.73007,436.7784,6/28/21,p,2021,04/02/2021 00:20 CDT,98331,16.44,21.24,2.415,7.565,0,103507.29
TWB14,Uvalde_2020_02,29.60214,-99.73007,436.7784,6/28/21,p,2021,04/02/2021 00:25 CDT,98335,16.4,21.54,2.17,7.565,0,103512.05
TWB14,Uvalde_2020_02,29.60214,-99.73007,436.7784,6/28/21,p,2021,04/02/2021 00:30 CDT,98333,16.31,21.85,2.08,7.565,0,103511.77
TWB14,Uvalde_2020_02,29.60214,-99.73007,436.7784,6/28/21,p,2021,04/02/2021 00:35 CDT,98330,16.21,21.91,2.33,7.565,0,103511.17
TWB14,Uvalde_2020_02,29.60214,-99.73007,436.7784,6/28/21,p,2021,04/02/2021 00:40 CDT,98331,16.11,22.49,1.815,7.565,0.07,103513.69
TWB14,Uvalde_2020_02,29.60214,-99.73007,436.7784,6/28/21,p,2021,04/02/2021 00:45 CDT,98327,15.96,22.72,2.22,7.565,0.03,103512.59
TWB14,Uvalde_2020_02,29.60214,-99.73007,436.7784,6/28/21,p,2021,04/02/2021 00:50 CDT,98325,15.88,22.96,2.11,7.565,0,103511.95
TWB14,Uvalde_2020_02,29.60214,-99.73007,436.7784,6/28/21,p,2021,04/02/2021 00:55 CDT,98325,15.72,23.06,2.035,7.565,0,103514.88
TWB14,Uvalde_2020_02,29.60214,-99.73007,436.7784,6/28/21,p,2021,04/02/2021 01:00 CDT,98321,15.74,23.06,2.685,7.565,0,103511.77
TWB14,Uvalde_2020_02,29.60214,-99.73007,436.7784,6/28/21,p,2021,04/02/2021 01:05 CDT,98327,15.72,22.93,2.835,7.565,0,103517.91
TWB14,Uvalde_2020_02,29.60214,-99.73007,436.7784,6/28/21,p,2021,04/02/2021 01:10 CDT,98328,15.74,23.33,2.43,7.565,0,103518.41
TWB14,Uvalde_2020_02,29.60214,-99.73007,436.7784,6/28/21,p,2021,04/02/2021 01:15 CDT,98328,15.61,23.54,2.155,7.565,0,103520.06
TWB14,Uvalde_2020_02,29.60214,-99.73007,436.7784,6/28/21,p,2021,04/02/2021 01:20 CDT,98327,15.52,23.74,2.59,7.565,0,103521.21
TWB14,Uvalde_2020_02,29.60214,-99.73007,436.7784,6/28/21,p,2021,04/02/2021 01:25 CDT,98327,15.46,24.35,2.4,7.565,0,103522.31
TWB14,Uvalde_2020_02,29.60214,-99.73007,436.7784,6/28/21,p,2021,04/02/2021 01:30 CDT,98327,15.46,24.31,3.055,7.565,0,103522.31
TWB14,Uvalde_2020_02,29.60214,-99.73007,436.7784,6/28/21,p,2021,04/02/2021 01:35 CDT,98328,15.45,24.35,2.935,7.565,0,103523
TWB14,Uvalde_2020_02,29.60214,-99.73007,436.7784,6/28/21,p,2021,04/02/2021 01:40 CDT,98328,15.49,24.62,2.85,7.565,0,103521.89
TWB14,Uvalde_2020_02,29.60214,-99.73007,436.7784,6/28/21,p,2021,04/02/2021 01:45 CDT,98329,15.49,24.82,2.985,7.565,0,103522.39
TWB14,Uvalde_2020_02,29.60214,-99.73007,436.7784,6/28/21,p,2021,04/02/2021 01:50 CDT,98324,15.46,25.33,2.64,7.565,0,103517.13
TWB14,Uvalde_2020_02,29.60214,-99.73007,436.7784,6/28/21,p,2021,04/02/2021 01:55 CDT,98318,15.41,25.7,2.535,7.565,0,103511.91
TWB14,Uvalde_2020_02,29.60214,-99.73007,436.7784,6/28/21,p,2021,04/02/2021 02:00 CDT,98314,15.36,25.7,2.985,7.565,0,103508.62
TWB14,Uvalde_2020_02,29.60214,-99.73007,436.7784,6/28/21,p,2021,04/02/2021 02:05 CDT,98312,15.33,25.73,2.48,7.565,0,103507.07
TWB14,Uvalde_2020_02,29.60214,-99.73007,436.7784,6/28/21,p,2021,04/02/2021 02:10 CDT,98304,15.28,25.9,2.62,7.565,0,103499.01
TWB14,Uvalde_2020_02,29.60214,-99.73007,436.7784,6/28/21,p,2021,04/02/2021 02:15 CDT,98303,15.24,25.9,2.345,7.565,0,103498.69
TWB14,Uvalde_2020_02,29.60214,-99.73007,436.7784,6/28/21,p,2021,04/02/2021 02:20 CDT,98294,15.15,25.9,1.965,7.565,0.34,103490.88
TWB14,Uvalde_2020_02,29.60214,-99.73007,436.7784,6/28/21,p,2021,04/02/2021 02:25 CDT,98287,15.01,26.3,2.215,7.565,0.81,103486.27
TWB14,Uvalde_2020_02,29.60214,-99.73007,436.7784,6/28/21,p,2021,04/02/2021 02:30 CDT,98281,14.79,26.98,1.66,7.565,0.9,103484.01
TWB14,Uvalde_2020_02,29.60214,-99.73007,436.7784,6/28/21,p,2021,04/02/2021 02:35 CDT,98274,14.57,27.42,1.81,7.565,0.14,103481.25
TWB14,Uvalde_2020_02,29.60214,-99.73007,436.7784,6/28/21,p,2021,04/02/2021 02:40 CDT,98274,14.38,27.79,1.59,7.565,0.02,103484.95
TWB14,Uvalde_2020_02,29.60214,-99.73007,436.7784,6/28/21,p,2021,04/02/2021 02:45 CDT,98273,14.32,27.65,1.785,7.565,0,103485.75
TWB14,Uvalde_2020_02,29.60214,-99.73007,436.7784,6/28/21,p,2021,04/02/2021 02:50 CDT,98275,14.43,26.98,2.23,7.565,0,103486.2
TWB14,Uvalde_2020_02,29.60214,-99.73007,436.7784,6/28/21,p,2021,04/02/2021 02:55 CDT,98275,14.59,26.64,2.525,7.565,0,103483.23
TWB14,Uvalde_2020_02,29.60214,-99.73007,436.7784,6/28/21,p,2021,04/02/2021 03:00 CDT,98270,14.64,27.52,2.49,7.565,0,103475.93
TWB14,Uvalde_2020_02,29.60214,-99.73007,436.7784,6/28/21,p,2021,04/02/2021 03:05 CDT,98266,14.63,28.4,2.085,7.565,0,103471.35
TWB14,Uvalde_2020_02,29.60214,-99.73007,436.7784,6/28/21,p,2021,04/02/2021 03:10 CDT,98258,14.63,28.77,2.155,7.565,0,103462.74
TWB14,Uvalde_2020_02,29.60214,-99.73007,436.7784,6/28/21,p,2021,04/02/2021 03:15 CDT,98254,14.6,29.48,2.15,7.565,0,103458.89
TWB14,Uvalde_2020_02,29.60214,-99.73007,436.7784,6/28/21,p,2021,04/02/2021 03:20 CDT,98253,14.55,30.39,1.925,7.565,0,103458.76
TWB14,Uvalde_2020_02,29.60214,-99.73007,436.7784,6/28/21,p,2021,04/02/2021 03:25 CDT,98246,14.51,30.73,2.025,7.565,0,103452.31
TWB14,Uvalde_2020_02,29.60214,-99.73007,436.7784,6/28/21,p,2021,04/02/2021 03:30 CDT,98232,14.49,31.44,2.31,7.565,0,103437.93
TWB14,Uvalde_2020_02,29.60214,-99.73007,436.7784,6/28/21,p,2021,04/02/2021 03:35 CDT,98224,14.45,32.11,1.835,7.565,0.01,103430.06
TWB14,Uvalde_2020_02,29.60214,-99.73007,436.7784,6/28/21,p,2021,04/02/2021 03:40 CDT,98222,14.35,32.85,1.98,7.565,0.11,103429.62
TWB14,Uvalde_2020_02,29.60214,-99.73007,436.7784,6/28/21,p,2021,04/02/2021 03:45 CDT,98217,14.26,33.39,2.26,7.565,0.01,103426.57
TWB14,Uvalde_2020_02,29.60214,-99.73007,436.7784,6/28/21,p,2021,04/02/2021 03:50 CDT,98213,14.14,34,1.805,7.565,0.41,103424.21
TWB14,Uvalde_2020_02,29.60214,-99.73007,436.7784,6/28/21,p,2021,04/02/2021 03:55 CDT,98215,13.97,34.81,1.885,7.565,0.28,103429.84
TWB14,Uvalde_2020_02,29.60214,-99.73007,436.7784,6/28/21,p,2021,04/02/2021 04:00 CDT,98225,13.78,35.25,1.265,7.565,0.61,103443.71
TWB14,Uvalde_2020_02,29.60214,-99.73007,436.7784,6/28/21,p,2021,04/02/2021 04:05 CDT,98228,13.57,35.73,1.29,7.565,0.49,103451.52
TWB14,Uvalde_2020_02,29.60214,-99.73007,436.7784,6/28/21,p,2021,04/02/2021 04:10 CDT,98229,13.33,36.37,1.295,7.565,0.28,103457.42
TWB14,Uvalde_2020_02,29.60214,-99.73007,436.7784,6/28/21,p,2021,04/02/2021 04:15 CDT,98229,13.09,36.98,1.185,7.565,0.18,103462.27
TWB14,Uvalde_2020_02,29.60214,-99.73007,436.7784,6/28/21,p,2021,04/02/2021 04:20 CDT,98230,12.85,37.62,1.03,7.565,0.09,103468.18
TWB14,Uvalde_2020_02,29.60214,-99.73007,436.7784,6/28/21,p,2021,04/02/2021 04:25 CDT,98219,12.64,37.99,1.18,7.565,0,103461.47
TWB14,Uvalde_2020_02,29.60214,-99.73007,436.7784,6/28/21,p,2021,04/02/2021 04:30 CDT,98218,12.45,39.14,0.835,7.565,0.85,103464.73
TWB14,Uvalde_2020_02,29.60214,-99.73007,436.7784,6/28/21,p,2021,04/02/2021 04:35 CDT,98222,12.24,39.81,0.735,7.565,0.64,103473.83
TWB14,Uvalde_2020_02,29.60214,-99.73007,436.7784,6/28/21,p,2021,04/02/2021 04:40 CDT,98213,12.01,41.5,0.575,7.565,1.19,103469.62
TWB14,Uvalde_2020_02,29.60214,-99.73007,436.7784,6/28/21,p,2021,04/02/2021 04:45 CDT,98211,11.69,41.74,0.465,7.565,1.37,103474.5
TWB14,Uvalde_2020_02,29.60214,-99.73007,436.7784,6/28/21,p,2021,04/02/2021 04:50 CDT,98207,11.47,42.18,0.52,7.565,1.6,103475.77
TWB14,Uvalde_2020_02,29.60214,-99.73007,436.7784,6/28/21,p,2021,04/02/2021 04:55 CDT,98209,11.21,43.19,0.445,7.565,1.55,103483
TWB14,Uvalde_2020_02,29.60214,-99.73007,436.7784,6/28/21,p,2021,04/02/2021 05:00 CDT,98218,11.01,43.13,0.405,7.565,0.58,103496.85
TWB14,Uvalde_2020_02,29.60214,-99.73007,436.7784,6/28/21,p,2021,04/02/2021 05:05 CDT,98224,10.95,43.4,0.285,7.565,0.64,103504.88
TWB14,Uvalde_2020_02,29.60214,-99.73007,436.7784,6/28/21,p,2021,04/02/2021 05:10 CDT,98219,10.83,44.62,0.38,7.565,0.52,103503.04
TWB14,Uvalde_2020_02,29.60214,-99.73007,436.7784,6/28/21,p,2021,04/02/2021 05:15 CDT,98225,10.76,45.63,0.595,7.565,0.29,103511.65
TWB14,Uvalde_2020_02,29.60214,-99.73007,436.7784,6/28/21,p,2021,04/02/2021 05:20 CDT,98235,10.75,44.89,0.45,7.565,0,103522.57
TWB14,Uvalde_2020_02,29.60214,-99.73007,436.7784,6/28/21,p,2021,04/02/2021 05:25 CDT,98242,10.84,45.5,0.3,7.565,0,103529.18
TWB14,Uvalde_2020_02,29.60214,-99.73007,436.7784,6/28/21,p,2021,04/02/2021 05:30 CDT,98244,10.85,45.26,0.18,7.565,0,103529.57
TWB14,Uvalde_2020_02,29.60214,-99.73007,436.7784,6/28/21,p,2021,04/02/2021 05:35 CDT,98245,11.07,44.99,0.315,7.565,0,103525.68
TWB14,Uvalde_2020_02,29.60214,-99.73007,436.7784,6/28/21,p,2021,04/02/2021 05:40 CDT,98245,11.28,43.65,0.42,7.565,0,103521.12
TWB14,Uvalde_2020_02,29.60214,-99.73007,436.7784,6/28/21,p,2021,04/02/2021 05:45 CDT,98246,11.46,43.21,0.535,7.565,0,103518
TWB14,Uvalde_2020_02,29.60214,-99.73007,436.7784,6/28/21,p,2021,04/02/2021 05:50 CDT,98246,11.65,43.61,0.67,7.565,0,103514.58
TWB14,Uvalde_2020_02,29.60214,-99.73007,436.7784,6/28/21,p,2021,04/02/2021 05:55 CDT,98245,11.79,40.64,0.7,7.565,0,103508.81
TWB14,Uvalde_2020_02,29.60214,-99.73007,436.7784,6/28/21,p,2021,04/02/2021 06:00 CDT,98247,12.09,40.91,0.97,7.565,0,103505.25
TWB14,Uvalde_2020_02,29.60214,-99.73007,436.7784,6/28/21,p,2021,04/02/2021 06:05 CDT,98252,12.18,40.3,0.69,7.565,0,103506.56
TWB14,Uvalde_2020_02,29.60214,-99.73007,436.7784,6/28/21,p,2021,04/02/2021 06:10 CDT,98251,12.28,40.64,0.715,7.565,0,103502.87
TWB14,Uvalde_2020_02,29.60214,-99.73007,436.7784,6/28/21,p,2021,04/02/2021 06:15 CDT,98255,12.44,39.32,0.72,7.565,0,103504.27
TWB14,Uvalde_2020_02,29.60214,-99.73007,436.7784,6/28/21,p,2021,04/02/2021 06:20 CDT,98257,12.61,37.94,1.07,7.565,0,103503
TWB14,Uvalde_2020_02,29.60214,-99.73007,436.7784,6/28/21,p,2021,04/02/2021 06:25 CDT,98260,12.76,38.51,0.945,7.565,0,103502.59
TWB14,Uvalde_2020_02,29.60214,-99.73007,436.7784,6/28/21,p,2021,04/02/2021 06:30 CDT,98265,12.87,38.07,1.25,7.565,0,103504.86
TWB14,Uvalde_2020_02,29.60214,-99.73007,436.7784,6/28/21,p,2021,04/02/2021 06:35 CDT,98271,12.97,37.53,1.735,7.565,0,103508.94
TWB14,Uvalde_2020_02,29.60214,-99.73007,436.7784,6/28/21,p,2021,04/02/2021 06:40 CDT,98271,13.03,37.94,1.54,7.565,0,103507.25
TWB14,Uvalde_2020_02,29.60214,-99.73007,436.7784,6/28/21,p,2021,04/02/2021 06:45 CDT,98269,13.06,38.41,1.475,7.565,0,103504.39
TWB14,Uvalde_2020_02,29.60214,-99.73007,436.7784,6/28/21,p,2021,04/02/2021 06:50 CDT,98263,13.09,38.37,1.78,7.565,0,103497.14
TWB14,Uvalde_2020_02,29.60214,-99.73007,436.7784,6/28/21,p,2021,04/02/2021 06:55 CDT,98263,13.1,39.21,1.73,7.565,0,103496.39
TWB14,Uvalde_2020_02,29.60214,-99.73007,436.7784,6/28/21,p,2021,04/02/2021 07:00 CDT,98266,13.11,40.56,1.63,7.565,0,103499.35
TWB14,Uvalde_2020_02,29.60214,-99.73007,436.7784,6/28/21,p,2021,04/02/2021 07:05 CDT,98267,13.11,41.27,1.585,7.565,0,103500.41
TWB14,Uvalde_2020_02,29.60214,-99.73007,436.7784,6/28/21,p,2021,04/02/2021 07:10 CDT,98274,13.11,41.98,1.45,7.565,0,103507.77
TWB14,Uvalde_2020_02,29.60214,-99.73007,436.7784,6/28/21,p,2021,04/02/2021 07:15 CDT,98288,13.12,43.13,1.615,7.565,0,103522.52
TWB14,Uvalde_2020_02,29.60214,-99.73007,436.7784,6/28/21,p,2021,04/02/2021 07:20 CDT,98290,13.18,43.39,1.61,7.565,0.02,103523.69
TWB14,Uvalde_2020_02,29.60214,-99.73007,436.7784,6/28/21,p,2021,04/02/2021 07:25 CDT,98288,13.2,44.14,1.505,7.565,0.43,103521.2
TWB14,Uvalde_2020_02,29.60214,-99.73007,436.7784,6/28/21,p,2021,04/02/2021 07:30 CDT,98288,13.27,43.87,1.97,7.565,0.78,103519.9
TWB14,Uvalde_2020_02,29.60214,-99.73007,436.7784,6/28/21,p,2021,04/02/2021 07:35 CDT,98290,13.3,44.14,1.65,7.565,2.37,103521.07
TWB14,Uvalde_2020_02,29.60214,-99.73007,436.7784,6/28/21,p,2021,04/02/2021 07:40 CDT,98293,13.31,44.2,1.825,7.565,4.84,103524.04
TWB14,Uvalde_2020_02,29.60214,-99.73007,436.7784,6/28/21,p,2021,04/02/2021 07:45 CDT,98302,13.33,44.27,1.83,7.565,7.66,103532.96
TWB14,Uvalde_2020_02,29.60214,-99.73007,436.7784,6/28/21,p,2021,04/02/2021 07:50 CDT,98312,13.36,44.24,2.165,7.565,10.2,103542.93
TWB14,Uvalde_2020_02,29.60214,-99.73007,436.7784,6/28/21,p,2021,04/02/2021 07:55 CDT,98313,13.36,44.41,2.2,7.565,14.71,103543.99
TWB14,Uvalde_2020_02,29.60214,-99.73007,436.7784,6/28/21,p,2021,04/02/2021 08:00 CDT,98314,13.4,44.88,2.025,7.565,19.01,103544.48
TWB14,Uvalde_2020_02,29.60214,-99.73007,436.7784,6/28/21,p,2021,04/02/2021 08:05 CDT,98325,13.45,44.68,2.025,7.565,20.29,103555.13
TWB14,Uvalde_2020_02,29.60214,-99.73007,436.7784,6/28/21,p,2021,04/02/2021 08:10 CDT,98330,13.49,45.11,2.18,7.565,19.3,103559.28
TWB14,Uvalde_2020_02,29.60214,-99.73007,436.7784,6/28/21,p,2021,04/02/2021 08:15 CDT,98339,13.5,45.05,2.53,7.565,25.95,103568.57
TWB14,Uvalde_2020_02,29.60214,-99.73007,436.7784,6/28/21,p,2021,04/02/2021 08:20 CDT,98339,13.54,45.62,2.25,7.565,33.12,103567.63
TWB14,Uvalde_2020_02,29.60214,-99.73007,436.7784,6/28/21,p,2021,04/02/2021 08:25 CDT,98344,13.59,45.21,2.185,7.565,32.99,103571.78
TWB14,Uvalde_2020_02,29.60214,-99.73007,436.7784,6/28/21,p,2021,04/02/2021 08:30 CDT,98349,13.62,45.89,1.765,7.565,38.25,103576.49
TWB14,Uvalde_2020_02,29.60214,-99.73007,436.7784,6/28/21,p,2021,04/02/2021 08:35 CDT,98354,13.66,46.02,2.145,7.565,45.18,103580.82
TWB14,Uvalde_2020_02,29.60214,-99.73007,436.7784,6/28/21,p,2021,04/02/2021 08:40 CDT,98364,13.66,46.84,2.345,7.565,49.75,103591.35
TWB14,Uvalde_2020_02,29.60214,-99.73007,436.7784,6/28/21,p,2021,04/02/2021 08:45 CDT,98362,13.7,46.84,2.325,7.565,55.14,103588.31
TWB14,Uvalde_2020_02,29.60214,-99.73007,436.7784,6/28/21,p,2021,04/02/2021 08:50 CDT,98358,13.73,47.04,2.625,7.565,57.16,103583.17
TWB14,Uvalde_2020_02,29.60214,-99.73007,436.7784,6/28/21,p,2021,04/02/2021 08:55 CDT,98361,13.72,47.24,2.935,7.565,58.46,103586.14
TWB14,Uvalde_2020_02,29.60214,-99.73007,436.7784,6/28/21,p,2021,04/02/2021 09:00 CDT,98367,13.75,47.98,2.645,7.565,61.8,103592.27
TWB14,Uvalde_2020_02,29.60214,-99.73007,436.7784,6/28/21,p,2021,04/02/2021 09:05 CDT,98371,13.76,47.92,2.985,7.565,73.5,103596.29
TWB14,Uvalde_2020_02,29.60214,-99.73007,436.7784,6/28/21,p,2021,04/02/2021 09:10 CDT,98375,13.79,48.05,2.915,7.565,92.59,103599.76
TWB14,Uvalde_2020_02,29.60214,-99.73007,436.7784,6/28/21,p,2021,04/02/2021 09:15 CDT,98380,13.92,48.92,2.675,7.565,106.5,103602.61
TWB14,Uvalde_2020_02,29.60214,-99.73007,436.7784,6/28/21,p,2021,04/02/2021 09:20 CDT,98377,14.01,47.5,2.61,7.565,106.29,103597.59
TWB14,Uvalde_2020_02,29.60214,-99.73007,436.7784,6/28/21,p,2021,04/02/2021 09:25 CDT,98365,14.11,47.3,2.725,7.565,124.58,103583.1
TWB14,Uvalde_2020_02,29.60214,-99.73007,436.7784,6/28/21,p,2021,04/02/2021 09:30 CDT,98366,14.2,47.87,2.425,7.565,127.04,103582.67
TWB14,Uvalde_2020_02,29.60214,-99.73007,436.7784,6/28/21,p,2021,04/02/2021 09:35 CDT,98371,14.31,47.43,2.78,7.565,139.23,103584.97
TWB14,Uvalde_2020_02,29.60214,-99.73007,436.7784,6/28/21,p,2021,04/02/2021 09:40 CDT,98372,14.44,48.81,2.13,7.565,172.51,103583.98
TWB14,Uvalde_2020_02,29.60214,-99.73007,436.7784,6/28/21,p,2021,04/02/2021 09:45 CDT,98368,14.57,47.22,2.93,7.565,204.77,103575.89
TWB14,Uvalde_2020_02,29.60214,-99.73007,436.7784,6/28/21,p,2021,04/02/2021 09:50 CDT,98360,14.58,47.02,3.18,7.565,208.74,103566.36
TWB14,Uvalde_2020_02,29.60214,-99.73007,436.7784,6/28/21,p,2021,04/02/2021 09:55 CDT,98364,14.64,46.14,3.05,7.565,202.38,103569.83
TWB14,Uvalde_2020_02,29.60214,-99.73007,436.7784,6/28/21,p,2021,04/02/2021 10:00 CDT,98364,14.62,46.95,3.2,7.565,205.31,103569.09
TWB14,Uvalde_2020_02,29.60214,-99.73007,436.7784,6/28/21,p,2021,04/02/2021 10:05 CDT,98367,14.95,45.74,2.79,7.565,220.33,103569.12
TWB14,Uvalde_2020_02,29.60214,-99.73007,436.7784,6/28/21,p,2021,04/02/2021 10:10 CDT,98365,15.19,46.35,2.83,7.565,227.12,103561.11
TWB14,Uvalde_2020_02,29.60214,-99.73007,436.7784,6/28/21,p,2021,04/02/2021 10:15 CDT,98366,15.31,44.89,3.16,7.565,236.28,103559.04
TWB14,Uvalde_2020_02,29.60214,-99.73007,436.7784,6/28/21,p,2021,04/02/2021 10:20 CDT,98371,15.47,44.55,2.995,7.565,272.83,103561.92
TWB14,Uvalde_2020_02,29.60214,-99.73007,436.7784,6/28/21,p,2021,04/02/2021 10:25 CDT,98374,15.53,43.98,2.985,7.565,304.97,103562.69
TWB14,Uvalde_2020_02,29.60214,-99.73007,436.7784,6/28/21,p,2021,04/02/2021 10:30 CDT,98372,15.63,41.88,4.06,7.965,307.11,103559.87
TWB14,Uvalde_2020_02,29.60214,-99.73007,436.7784,6/28/21,p,2021,04/02/2021 10:35 CDT,98371,15.75,42.29,3.41,7.965,303.76,103556.24
TWB14,Uvalde_2020_02,29.60214,-99.73007,436.7784,6/28/21,p,2021,04/02/2021 10:40 CDT,98375,15.99,41.71,3.83,7.965,344.4,103555.7
TWB14,Uvalde_2020_02,29.60214,-99.73007,436.7784,6/28/21,p,2021,04/02/2021 10:45 CDT,98377,16.13,40.09,3.36,7.965,364.51,103555.8
TWB14,Uvalde_2020_02,29.60214,-99.73007,436.7784,6/28/21,p,2021,04/02/2021 10:50 CDT,98384,16.28,39.89,3.945,7.965,361.86,103558.6
TWB14,Uvalde_2020_02,29.60214,-99.73007,436.7784,6/28/21,p,2021,04/02/2021 10:55 CDT,98383,16.33,39.52,3.85,8.365,316.21,103556.82
TWB14,Uvalde_2020_02,29.60214,-99.73007,436.7784,6/28/21,p,2021,04/02/2021 11:00 CDT,98390,16.26,38.57,4.03,9.385,315.78,103564.74
TWB14,Uvalde_2020_02,29.60214,-99.73007,436.7784,6/28/21,p,2021,04/02/2021 11:05 CDT,98395,16.05,39.25,4.845,9.215,306.79,103574.2
TWB14,Uvalde_2020_02,29.60214,-99.73007,436.7784,6/28/21,p,2021,04/02/2021 11:10 CDT,98394,16.03,40.09,4.26,9.215,312.92,103574.06
TWB14,Uvalde_2020_02,29.60214,-99.73007,436.7784,6/28/21,p,2021,04/02/2021 11:15 CDT,98390,16.17,40.76,3.585,9.215,312.88,103568.57
TWB14,Uvalde_2020_02,29.60214,-99.73007,436.7784,6/28/21,p,2021,04/02/2021 11:20 CDT,98389,16.3,41.9,4.41,9.215,354.47,103564.95
TWB14,Uvalde_2020_02,29.60214,-99.73007,436.7784,6/28/21,p,2021,04/02/2021 11:25 CDT,98393,16.51,40.59,4.07,9.215,378.49,103564.06
TWB14,Uvalde_2020_02,29.60214,-99.73007,436.7784,6/28/21,p,2021,04/02/2021 11:30 CDT,98389,16.33,42.17,3.78,9.215,392.6,103561.85
TWB14,Uvalde_2020_02,29.60214,-99.73007,436.7784,6/28/21,p,2021,04/02/2021 11:35 CDT,98388,16.69,42.07,3.205,9.215,383.95,103557.33
TWB14,Uvalde_2020_02,29.60214,-99.73007,436.7784,6/28/21,p,2021,04/02/2021 11:40 CDT,98386,16.89,40.79,3.26,9.215,418.05,103548.87
TWB14,Uvalde_2020_02,29.60214,-99.73007,436.7784,6/28/21,p,2021,04/02/2021 11:45 CDT,98385,16.96,41.8,3.905,9.215,386.58,103545.45
TWB14,Uvalde_2020_02,29.60214,-99.73007,436.7784,6/28/21,p,2021,04/02/2021 11:50 CDT,98383,16.84,42.84,3.695,9.215,403.52,103546.43
TWB14,Uvalde_2020_02,29.60214,-99.73007,436.7784,6/28/21,p,2021,04/02/2021 11:55 CDT,98378,16.8,43.31,4.11,9.215,413.67,103541.34
TWB14,Uvalde_2020_02,29.60214,-99.73007,436.7784,6/28/21,p,2021,04/02/2021 12:00 CDT,98367,16.84,42.77,4.09,9.215,391.57,103529.77
TWB14,Uvalde_2020_02,29.60214,-99.73007,436.7784,6/28/21,p,2021,04/02/2021 12:05 CDT,98356,17,41.59,3.55,9.215,393.76,103515.65
TWB14,Uvalde_2020_02,29.60214,-99.73007,436.7784,6/28/21,p,2021,04/02/2021 12:10 CDT,98349,16.93,41.55,4.36,9.215,430.29,103508.47
TWB14,Uvalde_2020_02,29.60214,-99.73007,436.7784,6/28/21,p,2021,04/02/2021 12:15 CDT,98346,17.01,41.69,4.17,9.215,436.48,103505.13
TWB14,Uvalde_2020_02,29.60214,-99.73007,436.7784,6/28/21,p,2021,04/02/2021 12:20 CDT,98335,17.24,41.55,3.535,9.215,455.69,103489.74
TWB14,Uvalde_2020_02,29.60214,-99.73007,436.7784,6/28/21,p,2021,04/02/2021 12:25 CDT,98325,17.63,39.9,3.555,9.215,512.98,103472.9
TWB14,Uvalde_2020_02,29.60214,-99.73007,436.7784,6/28/21,p,2021,04/02/2021 12:30 CDT,98322,17.86,40.81,3.45,9.215,407.79,103464.68
TWB14,Uvalde_2020_02,29.60214,-99.73007,436.7784,6/28/21,p,2021,04/02/2021 12:35 CDT,98320,17.6,39.6,4.52,9.3,413.91,103464.93
TWB14,Uvalde_2020_02,29.60214,-99.73007,436.7784,6/28/21,p,2021,04/02/2021 12:40 CDT,98317,17.49,38.72,4.03,9.8,528.46,103464.85
TWB14,Uvalde_2020_02,29.60214,-99.73007,436.7784,6/28/21,p,2021,04/02/2021 12:45 CDT,98302,17.55,38.92,4.3,10.135,394.8,103447.61
TWB14,Uvalde_2020_02,29.60214,-99.73007,436.7784,6/28/21,p,2021,04/02/2021 12:50 CDT,98296,17.5,39.59,4.035,9.785,382.3,103441.66
TWB14,Uvalde_2020_02,29.60214,-99.73007,436.7784,6/28/21,p,2021,04/02/2021 12:55 CDT,98289,17.77,38.14,4,9.785,470.77,103433.03
TWB14,Uvalde_2020_02,29.60214,-99.73007,436.7784,6/28/21,p,2021,04/02/2021 13:00 CDT,98283,17.86,37.43,4.47,10.115,436.07,103422.4
TWB14,Uvalde_2020_02,29.60214,-99.73007,436.7784,6/28/21,p,2021,04/02/2021 13:05 CDT,98275,17.74,39.22,4.415,9.7,416.03,103417.03
TWB14,Uvalde_2020_02,29.60214,-99.73007,436.7784,6/28/21,p,2021,04/02/2021 13:10 CDT,98258,17.65,38.18,4.19,9.7,444.11,103400.05
TWB14,Uvalde_2020_02,29.60214,-99.73007,436.7784,6/28/21,p,2021,04/02/2021 13:15 CDT,98244,17.87,38.88,4.175,9.7,571.68,103382.07
TWB14,Uvalde_2020_02,29.60214,-99.73007,436.7784,6/28/21,p,2021,04/02/2021 13:20 CDT,98237,18.14,36.52,4.59,9.7,460.72,103369.14
TWB14,Uvalde_2020_02,29.60214,-99.73007,436.7784,6/28/21,p,2021,04/02/2021 13:25 CDT,98235,18.2,37.67,4.245,9.7,552.53,103364.15
TWB14,Uvalde_2020_02,29.60214,-99.73007,436.7784,6/28/21,p,2021,04/02/2021 13:30 CDT,98223,18.3,35.68,4.595,9.7,619.93,103350.28
TWB14,Uvalde_2020_02,29.60214,-99.73007,436.7784,6/28/21,p,2021,04/02/2021 13:35 CDT,98209,18.86,35.24,4.44,9.7,538.91,103326.59
TWB14,Uvalde_2020_02,29.60214,-99.73007,436.7784,6/28/21,p,2021,04/02/2021 13:40 CDT,98205,18.59,36.56,3.995,9.7,507.22,103323.63
TWB14,Uvalde_2020_02,29.60214,-99.73007,436.7784,6/28/21,p,2021,04/02/2021 13:45 CDT,98193,18.74,34.8,3.57,9.7,464.85,103312.09
TWB14,Uvalde_2020_02,29.60214,-99.73007,436.7784,6/28/21,p,2021,04/02/2021 13:50 CDT,98184,18.61,37.4,4.24,9.535,462.78,103302.6
TWB14,Uvalde_2020_02,29.60214,-99.73007,436.7784,6/28/21,p,2021,04/02/2021 13:55 CDT,98174,18.72,35.88,4,10.615,466.09,103292.81
TWB14,Uvalde_2020_02,29.60214,-99.73007,436.7784,6/28/21,p,2021,04/02/2021 14:00 CDT,98163,18.84,37.03,4.065,9.785,365.4,103278.54
TWB14,Uvalde_2020_02,29.60214,-99.73007,436.7784,6/28/21,p,2021,04/02/2021 14:05 CDT,98157,18.95,36.19,2.955,9.785,381.89,103270.81
TWB14,Uvalde_2020_02,29.60214,-99.73007,436.7784,6/28/21,p,2021,04/02/2021 14:10 CDT,98140,18.96,34.3,4.415,9.785,399.87,103252.22
TWB14,Uvalde_2020_02,29.60214,-99.73007,436.7784,6/28/21,p,2021,04/02/2021 14:15 CDT,98141,19.19,35.01,3.89,9.785,474.54,103249.88
TWB14,Uvalde_2020_02,29.60214,-99.73007,436.7784,6/28/21,p,2021,04/02/2021 14:20 CDT,98128,19.18,34.43,3.39,9.785,509.87,103234.6
TWB14,Uvalde_2020_02,29.60214,-99.73007,436.7784,6/28/21,p,2021,04/02/2021 14:25 CDT,98118,19.36,35.1,3.905,9.785,555.27,103220.51
TWB14,Uvalde_2020_02,29.60214,-99.73007,436.7784,6/28/21,p,2021,04/02/2021 14:30 CDT,98107,19.66,32.95,3.42,9.285,618.24,103206.46
TWB14,Uvalde_2020_02,29.60214,-99.73007,436.7784,6/28/21,p,2021,04/02/2021 14:35 CDT,98093,19.67,34.76,4.335,9.7,454.75,103188.88
TWB14,Uvalde_2020_02,29.60214,-99.73007,436.7784,6/28/21,p,2021,04/02/2021 14:40 CDT,98081,19.79,32.84,3.595,9.3,655.64,103175.03
TWB14,Uvalde_2020_02,29.60214,-99.73007,436.7784,6/28/21,p,2021,04/02/2021 14:45 CDT,98066,20.22,33.68,3.645,9.3,407.88,103150.92
TWB14,Uvalde_2020_02,29.60214,-99.73007,436.7784,6/28/21,p,2021,04/02/2021 14:50 CDT,98057,20.21,31.9,3.93,9.3,473.95,103143.77
TWB14,Uvalde_2020_02,29.60214,-99.73007,436.7784,6/28/21,p,2021,04/02/2021 14:55 CDT,98050,20.44,32.27,4.28,9.05,602.01,103131.1
TWB14,Uvalde_2020_02,29.60214,-99.73007,436.7784,6/28/21,p,2021,04/02/2021 15:00 CDT,98034,20.18,33.04,5.52,9.715,627.85,103117.8
TWB14,Uvalde_2020_02,29.60214,-99.73007,436.7784,6/28/21,p,2021,04/02/2021 15:05 CDT,98023,20.76,31.79,3.135,9.715,704.32,103099.17
TWB14,Uvalde_2020_02,29.60214,-99.73007,436.7784,6/28/21,p,2021,04/02/2021 15:10 CDT,98006,21.36,31.19,3.78,9.715,531.35,103068.82
TWB14,Uvalde_2020_02,29.60214,-99.73007,436.7784,6/28/21,p,2021,04/02/2021 15:15 CDT,98004,20.88,31.86,3.76,9.63,660.94,103068.64
TWB14,Uvalde_2020_02,29.60214,-99.73007,436.7784,6/28/21,p,2021,04/02/2021 15:20 CDT,97987,20.96,30.11,3.175,9.215,522.96,103052.18
TWB14,Uvalde_2020_02,29.60214,-99.73007,436.7784,6/28/21,p,2021,04/02/2021 15:25 CDT,97985,20.79,31.35,4.415,9.715,487.18,103052.17
TWB14,Uvalde_2020_02,29.60214,-99.73007,436.7784,6/28/21,p,2021,04/02/2021 15:30 CDT,97977,20.76,33.71,4.57,10.3,537.21,103047.43
TWB14,Uvalde_2020_02,29.60214,-99.73007,436.7784,6/28/21,p,2021,04/02/2021 15:35 CDT,97962,20.88,32.6,3.955,9.63,492.69,103030.08
TWB14,Uvalde_2020_02,29.60214,-99.73007,436.7784,6/28/21,p,2021,04/02/2021 15:40 CDT,97942,21.07,31.29,3.84,9.63,665.49,103006.25
TWB14,Uvalde_2020_02,29.60214,-99.73007,436.7784,6/28/21,p,2021,04/02/2021 15:45 CDT,97935,21.51,30.78,4.395,9.63,701.47,102991.35
TWB14,Uvalde_2020_02,29.60214,-99.73007,436.7784,6/28/21,p,2021,04/02/2021 15:50 CDT,97930,21.29,31.69,4.865,9.63,490.09,102987.13
TWB14,Uvalde_2020_02,29.60214,-99.73007,436.7784,6/28/21,p,2021,04/02/2021 15:55 CDT,97928,21.11,31.42,4.49,9.63,495.74,102989.59
TWB14,Uvalde_2020_02,29.60214,-99.73007,436.7784,6/28/21,p,2021,04/02/2021 16:00 CDT,97909,21.3,31.55,3.23,9.63,484.27,102966.8
TWB14,Uvalde_2020_02,29.60214,-99.73007,436.7784,6/28/21,p,2021,04/02/2021 16:05 CDT,97907,21.27,31.69,4.61,9.63,512.9,102963.82
TWB14,Uvalde_2020_02,29.60214,-99.73007,436.7784,6/28/21,p,2021,04/02/2021 16:10 CDT,97919,21.21,30.98,3.845,9.715,392.86,102978.37
TWB14,Uvalde_2020_02,29.60214,-99.73007,436.7784,6/28/21,p,2021,04/02/2021 16:15 CDT,97908,21.22,31.76,4.045,10.05,436.46,102968.2
TWB14,Uvalde_2020_02,29.60214,-99.73007,436.7784,6/28/21,p,2021,04/02/2021 16:20 CDT,97907,21.51,31.28,3.24,10.05,347.31,102962.77
TWB14,Uvalde_2020_02,29.60214,-99.73007,436.7784,6/28/21,p,2021,04/02/2021 16:25 CDT,97910,21.08,32.36,4.12,10.05,296.64,102970.83
TWB14,Uvalde_2020_02,29.60214,-99.73007,436.7784,6/28/21,p,2021,04/02/2021 16:30 CDT,97897,21.09,32.46,3.815,10.05,309.47,102960.49
TWB14,Uvalde_2020_02,29.60214,-99.73007,436.7784,6/28/21,p,2021,04/02/2021 16:35 CDT,97893,21.09,33.47,3.675,10.05,299.74,102955.93
TWB14,Uvalde_2020_02,29.60214,-99.73007,436.7784,6/28/21,p,2021,04/02/2021 16:40 CDT,97890,21.24,33,3.455,10.05,322.28,102950.84
TWB14,Uvalde_2020_02,29.60214,-99.73007,436.7784,6/28/21,p,2021,04/02/2021 16:45 CDT,97877,21.38,32.13,3.095,10.05,295.88,102934.9
TWB14,Uvalde_2020_02,29.60214,-99.73007,436.7784,6/28/21,p,2021,04/02/2021 16:50 CDT,97867,21.27,32.23,4.265,10.05,264.58,102925.08
TWB14,Uvalde_2020_02,29.60214,-99.73007,436.7784,6/28/21,p,2021,04/02/2021 16:55 CDT,97865,21.22,32.53,3.15,8.885,250.55,102924.9
TWB14,Uvalde_2020_02,29.60214,-99.73007,436.7784,6/28/21,p,2021,04/02/2021 17:00 CDT,97863,21.22,32.4,4.775,9.05,298.99,102922.63
TWB14,Uvalde_2020_02,29.60214,-99.73007,436.7784,6/28/21,p,2021,04/02/2021 17:05 CDT,97862,21.11,32.73,3.62,9.05,278.88,102922.8
TWB14,Uvalde_2020_02,29.60214,-99.73007,436.7784,6/28/21,p,2021,04/02/2021 17:10 CDT,97850,21.37,31.25,3.55,9.05,260.33,102907.74
TWB14,Uvalde_2020_02,29.60214,-99.73007,436.7784,6/28/21,p,2021,04/02/2021 17:15 CDT,97847,21.24,32.46,4.95,9.885,277.79,102904.92
TWB14,Uvalde_2020_02,29.60214,-99.73007,436.7784,6/28/21,p,2021,04/02/2021 17:20 CDT,97841,21.4,31.69,3.395,9.385,341.23,102897.92
TWB14,Uvalde_2020_02,29.60214,-99.73007,436.7784,6/28/21,p,2021,04/02/2021 17:25 CDT,97832,21.69,31.52,2.725,9.385,263.09,102883.2
TWB14,Uvalde_2020_02,29.60214,-99.73007,436.7784,6/28/21,p,2021,04/02/2021 17:30 CDT,97821,21.82,31.59,2.475,9.385,232.73,102868.31
TWB14,Uvalde_2020_02,29.60214,-99.73007,436.7784,6/28/21,p,2021,04/02/2021 17:35 CDT,97818,21.61,31.29,3.66,9.385,278.86,102867.95
TWB14,Uvalde_2020_02,29.60214,-99.73007,436.7784,6/28/21,p,2021,04/02/2021 17:40 CDT,97817,21.81,31.22,3.46,9.385,289.67,102865.85
TWB14,Uvalde_2020_02,29.60214,-99.73007,436.7784,6/28/21,p,2021,04/02/2021 17:45 CDT,97814,21.71,31.25,4.665,9.785,253.23,102862
TWB14,Uvalde_2020_02,29.60214,-99.73007,436.7784,6/28/21,p,2021,04/02/2021 17:50 CDT,97802,21.54,31.63,3.64,9.535,237.09,102853.4
TWB14,Uvalde_2020_02,29.60214,-99.73007,436.7784,6/28/21,p,2021,04/02/2021 17:55 CDT,97807,21.79,31.12,3.295,9.535,228.53,102855.69
TWB14,Uvalde_2020_02,29.60214,-99.73007,436.7784,6/28/21,p,2021,04/02/2021 18:00 CDT,97808,21.83,31.15,3.85,9.535,303.48,102855.17
TWB14,Uvalde_2020_02,29.60214,-99.73007,436.7784,6/28/21,p,2021,04/02/2021 18:05 CDT,97794,21.78,31.05,4.36,9.285,265.19,102840.62
TWB14,Uvalde_2020_02,29.60214,-99.73007,436.7784,6/28/21,p,2021,04/02/2021 18:10 CDT,97790,21.91,30.92,2.98,9.285,242.67,102836.42
TWB14,Uvalde_2020_02,29.60214,-99.73007,436.7784,6/28/21,p,2021,04/02/2021 18:15 CDT,97791,21.92,30.95,4.515,9.7,236.55,102836.77
TWB14,Uvalde_2020_02,29.60214,-99.73007,436.7784,6/28/21,p,2021,04/02/2021 18:20 CDT,97791,21.79,31.02,4.58,9.95,219.37,102838.16
TWB14,Uvalde_2020_02,29.60214,-99.73007,436.7784,6/28/21,p,2021,04/02/2021 18:25 CDT,97791,21.7,31.02,3.515,9.95,188.03,102840.61
TWB14,Uvalde_2020_02,29.60214,-99.73007,436.7784,6/28/21,p,2021,04/02/2021 18:30 CDT,97790,21.63,31.19,4.005,9.95,162.73,102840.78
TWB14,Uvalde_2020_02,29.60214,-99.73007,436.7784,6/28/21,p,2021,04/02/2021 18:35 CDT,97789,21.48,31.49,4.585,9.95,151.5,102842.88
TWB14,Uvalde_2020_02,29.60214,-99.73007,436.7784,6/28/21,p,2021,04/02/2021 18:40 CDT,97787,21.49,30.85,3.42,9.615,138.13,102841.48
TWB14,Uvalde_2020_02,29.60214,-99.73007,436.7784,6/28/21,p,2021,04/02/2021 18:45 CDT,97790,21.41,31.09,3.75,9.615,117.58,102845.69
TWB14,Uvalde_2020_02,29.60214,-99.73007,436.7784,6/28/21,p,2021,04/02/2021 18:50 CDT,97787,21.41,30.78,3.44,9.615,134.34,102843.23
TWB14,Uvalde_2020_02,29.60214,-99.73007,436.7784,6/28/21,p,2021,04/02/2021 18:55 CDT,97781,21.37,30.95,4.4,9.7,132.33,102837.27
TWB14,Uvalde_2020_02,29.60214,-99.73007,436.7784,6/28/21,p,2021,04/02/2021 19:00 CDT,97775,21.32,31.19,4.035,9.7,106.46,102832.19
TWB14,Uvalde_2020_02,29.60214,-99.73007,436.7784,6/28/21,p,2021,04/02/2021 19:05 CDT,97780,21.22,31.53,4.42,9.7,88.24,102839.55
TWB14,Uvalde_2020_02,29.60214,-99.73007,436.7784,6/28/21,p,2021,04/02/2021 19:10 CDT,97792,21.18,31.6,4.375,9.7,64.51,102853.23
TWB14,Uvalde_2020_02,29.60214,-99.73007,436.7784,6/28/21,p,2021,04/02/2021 19:15 CDT,97797,21.04,32.07,4.415,9.7,52.57,102860.94
TWB14,Uvalde_2020_02,29.60214,-99.73007,436.7784,6/28/21,p,2021,04/02/2021 19:20 CDT,97801,20.95,32.01,3.39,9.7,42.53,102867.26
TWB14,Uvalde_2020_02,29.60214,-99.73007,436.7784,6/28/21,p,2021,04/02/2021 19:25 CDT,97794,20.85,31.94,3.635,9.7,37.84,102861.48
TWB14,Uvalde_2020_02,29.60214,-99.73007,436.7784,6/28/21,p,2021,04/02/2021 19:30 CDT,97788,20.75,31.94,3.375,9.3,32.23,102857.46
TWB14,Uvalde_2020_02,29.60214,-99.73007,436.7784,6/28/21,p,2021,04/02/2021 19:35 CDT,97792,20.72,31.94,4.1,9.3,27.47,102862.37
TWB14,Uvalde_2020_02,29.60214,-99.73007,436.7784,6/28/21,p,2021,04/02/2021 19:40 CDT,97791,20.67,32.07,3.01,9.3,22.87,102862.38
TWB14,Uvalde_2020_02,29.60214,-99.73007,436.7784,6/28/21,p,2021,04/02/2021 19:45 CDT,97792,20.58,31.74,3.77,9.3,15.78,102865.37
TWB14,Uvalde_2020_02,29.60214,-99.73007,436.7784,6/28/21,p,2021,04/02/2021 19:50 CDT,97795,20.5,31.6,2.845,9.3,9.63,102869.77
TWB14,Uvalde_2020_02,29.60214,-99.73007,436.7784,6/28/21,p,2021,04/02/2021 19:55 CDT,97801,20.39,31.84,2.705,9.3,4.84,102877.67
TWB14,Uvalde_2020_02,29.60214,-99.73007,436.7784,6/28/21,p,2021,04/02/2021 20:00 CDT,97802,20.25,31.57,3.075,9.3,1.84,102881.55
TWB14,Uvalde_2020_02,29.60214,-99.73007,436.7784,6/28/21,p,2021,04/02/2021 20:05 CDT,97800,20.1,31.74,2.415,9.3,0.75,102881.92
TWB14,Uvalde_2020_02,29.60214,-99.73007,436.7784,6/28/21,p,2021,04/02/2021 20:10 CDT,97805,20,31.54,3.22,9.3,0.11,102889.84
TWB14,Uvalde_2020_02,29.60214,-99.73007,436.7784,6/28/21,p,2021,04/02/2021 20:15 CDT,97802,20,32.11,2.81,8.385,0,102886.68
TWB14,Uvalde_2020_02,29.60214,-99.73007,436.7784,6/28/21,p,2021,04/02/2021 20:20 CDT,97799,19.91,32.28,2.915,8.385,0,102885.12
TWB14,Uvalde_2020_02,29.60214,-99.73007,436.7784,6/28/21,p,2021,04/02/2021 20:25 CDT,97800,19.85,32.48,3.265,8.385,0,102887.23
TWB14,Uvalde_2020_02,29.60214,-99.73007,436.7784,6/28/21,p,2021,04/02/2021 20:30 CDT,97805,19.8,32.76,2.775,8.385,0,102893.2
TWB14,Uvalde_2020_02,29.60214,-99.73007,436.7784,6/28/21,p,2021,04/02/2021 20:35 CDT,97808,19.78,32.83,3.685,8.385,0,102897.07
TWB14,Uvalde_2020_02,29.60214,-99.73007,436.7784,6/28/21,p,2021,04/02/2021 20:40 CDT,97808,19.72,33.03,3.405,8.385,0,102897.78
TWB14,Uvalde_2020_02,29.60214,-99.73007,436.7784,6/28/21,p,2021,04/02/2021 20:45 CDT,97813,19.59,33.7,3.175,8.385,0,102904.63
TWB14,Uvalde_2020_02,29.60214,-99.73007,436.7784,6/28/21,p,2021,04/02/2021 20:50 CDT,97817,19.39,36.74,3.63,8.715,0,102912.02
TWB14,Uvalde_2020_02,29.60214,-99.73007,436.7784,6/28/21,p,2021,04/02/2021 20:55 CDT,97819,19.2,38.36,4.64,8.715,0,102917.68
TWB14,Uvalde_2020_02,29.60214,-99.73007,436.7784,6/28/21,p,2021,04/02/2021 21:00 CDT,97823,19.04,39.71,4.095,8.715,0,102924.55
TWB14,Uvalde_2020_02,29.60214,-99.73007,436.7784,6/28/21,p,2021,04/02/2021 21:05 CDT,97828,18.88,40.58,4.075,8.715,0,102933.02
TWB14,Uvalde_2020_02,29.60214,-99.73007,436.7784,6/28/21,p,2021,04/02/2021 21:10 CDT,97838,18.75,41.8,4.065,8.715,0,102945.32
TWB14,Uvalde_2020_02,29.60214,-99.73007,436.7784,6/28/21,p,2021,04/02/2021 21:15 CDT,97836,18.6,43.12,4.23,8.715,0,102946.25
TWB14,Uvalde_2020_02,29.60214,-99.73007,436.7784,6/28/21,p,2021,04/02/2021 21:20 CDT,97844,18.49,44.16,4.845,10.215,0,102956.46
TWB14,Uvalde_2020_02,29.60214,-99.73007,436.7784,6/28/21,p,2021,04/02/2021 21:25 CDT,97859,18.34,44.97,3.805,9.715,0.01,102974.92
TWB14,Uvalde_2020_02,29.60214,-99.73007,436.7784,6/28/21,p,2021,04/02/2021 21:30 CDT,97863,18.25,45.24,4.88,9.8,0,102980.93
TWB14,Uvalde_2020_02,29.60214,-99.73007,436.7784,6/28/21,p,2021,04/02/2021 21:35 CDT,97868,18.14,45.99,4.525,9.63,0,102987.8
TWB14,Uvalde_2020_02,29.60214,-99.73007,436.7784,6/28/21,p,2021,04/02/2021 21:40 CDT,97878,17.99,46.66,4.395,9.885,0.01,103001.02
TWB14,Uvalde_2020_02,29.60214,-99.73007,436.7784,6/28/21,p,2021,04/02/2021 21:45 CDT,97881,17.82,47.21,4.55,9.885,0.03,103007.23
TWB14,Uvalde_2020_02,29.60214,-99.73007,436.7784,6/28/21,p,2021,04/02/2021 21:50 CDT,97891,17.68,47.75,4.3,9.885,0.02,103020.27
TWB14,Uvalde_2020_02,29.60214,-99.73007,436.7784,6/28/21,p,2021,04/02/2021 21:55 CDT,97906,17.53,48.15,3.855,9.885,0.06,103038.76
TWB14,Uvalde_2020_02,29.60214,-99.73007,436.7784,6/28/21,p,2021,04/02/2021 22:00 CDT,97909,17.42,48.42,3.775,9.3,0,103044.08
TWB14,Uvalde_2020_02,29.60214,-99.73007,436.7784,6/28/21,p,2021,04/02/2021 22:05 CDT,97910,17.3,48.56,3.88,9.3,0,103047.3
TWB14,Uvalde_2020_02,29.60214,-99.73007,436.7784,6/28/21,p,2021,04/02/2021 22:10 CDT,97910,17.2,49,2.92,9.3,0.01,103049.11
TWB14,Uvalde_2020_02,29.60214,-99.73007,436.7784,6/28/21,p,2021,04/02/2021 22:15 CDT,97918,17.09,49.17,3.545,9.3,0,103059.52
TWB14,Uvalde_2020_02,29.60214,-99.73007,436.7784,6/28/21,p,2021,04/02/2021 22:20 CDT,97927,16.99,49.54,3.575,9.3,0,103071.16
TWB14,Uvalde_2020_02,29.60214,-99.73007,436.7784,6/28/21,p,2021,04/02/2021 22:25 CDT,97925,16.89,50.01,3.72,9.3,0,103070.69
TWB14,Uvalde_2020_02,29.60214,-99.73007,436.7784,6/28/21,p,2021,04/02/2021 22:30 CDT,97935,16.78,50.38,4.13,9.63,0,103083.39
TWB14,Uvalde_2020_02,29.60214,-99.73007,436.7784,6/28/21,p,2021,04/02/2021 22:35 CDT,97939,16.67,50.65,4.25,9.63,0.01,103089.78
TWB14,Uvalde_2020_02,29.60214,-99.73007,436.7784,6/28/21,p,2021,04/02/2021 22:40 CDT,97942,16.59,51.12,3.715,9.63,0,103094.02
TWB14,Uvalde_2020_02,29.60214,-99.73007,436.7784,6/28/21,p,2021,04/02/2021 22:45 CDT,97940,16.46,51.59,3.715,9.63,0,103094.46
TWB14,Uvalde_2020_02,29.60214,-99.73007,436.7784,6/28/21,p,2021,04/02/2021 22:50 CDT,97939,16.39,51.8,4.83,9.63,0,103094.86
TWB14,Uvalde_2020_02,29.60214,-99.73007,436.7784,6/28/21,p,2021,04/02/2021 22:55 CDT,97936,16.26,52.3,3.785,9.385,0,103093.52
TWB14,Uvalde_2020_02,29.60214,-99.73007,436.7784,6/28/21,p,2021,04/02/2021 23:00 CDT,97938,16.14,52.61,3.415,9.385,0,103098.18
TWB14,Uvalde_2020_02,29.60214,-99.73007,436.7784,6/28/21,p,2021,04/02/2021 23:05 CDT,97944,16.02,53.15,3.68,9.385,0,103106.13
TWB14,Uvalde_2020_02,29.60214,-99.73007,436.7784,6/28/21,p,2021,04/02/2021 23:10 CDT,97942,15.88,53.62,3.755,9.385,0,103106.95
TWB14,Uvalde_2020_02,29.60214,-99.73007,436.7784,6/28/21,p,2021,04/02/2021 23:15 CDT,97946,15.79,54.03,3.79,9.135,0,103112.62
TWB14,Uvalde_2020_02,29.60214,-99.73007,436.7784,6/28/21,p,2021,04/02/2021 23:20 CDT,97962,15.68,54.57,3.935,9.135,0,103131.65
TWB14,Uvalde_2020_02,29.60214,-99.73007,436.7784,6/28/21,p,2021,04/02/2021 23:25 CDT,97967,15.6,55.01,4.585,9.135,0,103138.56
TWB14,Uvalde_2020_02,29.60214,-99.73007,436.7784,6/28/21,p,2021,04/02/2021 23:30 CDT,97968,15.51,55.68,3.86,9.135,0,103140.71
TWB14,Uvalde_2020_02,29.60214,-99.73007,436.7784,6/28/21,p,2021,04/02/2021 23:35 CDT,97961,15.35,56.26,3.805,9.135,0.02,103136.27
TWB14,Uvalde_2020_02,29.60214,-99.73007,436.7784,6/28/21,p,2021,04/02/2021 23:40 CDT,97947,15.24,56.94,4.07,9.63,0,103123.55
TWB14,Uvalde_2020_02,29.60214,-99.73007,436.7784,6/28/21,p,2021,04/02/2021 23:45 CDT,97942,15.15,57.34,4.51,9.215,0,103120.3
TWB14,Uvalde_2020_02,29.60214,-99.73007,436.7784,6/28/21,p,2021,04/02/2021 23:50 CDT,97928,15.05,57.85,3.96,9.215,0,103107.39
TWB14,Uvalde_2020_02,29.60214,-99.73007,436.7784,6/28/21,p,2021,04/02/2021 23:55 CDT,97921,14.97,58.22,3.975,9.215,0,103101.49
TWB14,Uvalde_2020_02,29.60214,-99.73007,436.7784,6/28/21,p,2021,04/03/2021 00:00 CDT,97922,14.91,58.49,4.205,9.215,0,103103.83
TWB14,Uvalde_2020_02,29.60214,-99.73007,436.7784,6/28/21,p,2021,04/03/2021 00:05 CDT,97925,14.82,58.97,3.965,9.215,0,103108.64
TWB14,Uvalde_2020_02,29.60214,-99.73007,436.7784,6/28/21,p,2021,04/03/2021 00:10 CDT,97931,14.72,59.51,2.94,9.215,0,103116.43
TWB14,Uvalde_2020_02,29.60214,-99.73007,436.7784,6/28/21,p,2021,04/03/2021 00:15 CDT,97934,14.61,59.98,3.9,9.215,0,103121.61
TWB14,Uvalde_2020_02,29.60214,-99.73007,436.7784,6/28/21,p,2021,04/03/2021 00:20 CDT,97926,14.51,60.38,3.105,9.215,0,103115.03
TWB14,Uvalde_2020_02,29.60214,-99.73007,436.7784,6/28/21,p,2021,04/03/2021 00:25 CDT,97920,14.42,60.59,3.22,9.215,0,103110.56
TWB14,Uvalde_2020_02,29.60214,-99.73007,436.7784,6/28/21,p,2021,04/03/2021 00:30 CDT,97914,14.35,60.86,3.675,9.3,0,103105.53
TWB14,Uvalde_2020_02,29.60214,-99.73007,436.7784,6/28/21,p,2021,04/03/2021 00:35 CDT,97909,14.25,61.3,3.295,8.8,0,103102.11
TWB14,Uvalde_2020_02,29.60214,-99.73007,436.7784,6/28/21,p,2021,04/03/2021 00:40 CDT,97910,14.17,61.8,4.105,8.8,0,103104.45
TWB14,Uvalde_2020_02,29.60214,-99.73007,436.7784,6/28/21,p,2021,04/03/2021 00:45 CDT,97922,14.08,62.34,3.495,8.8,0,103118.94
TWB14,Uvalde_2020_02,29.60214,-99.73007,436.7784,6/28/21,p,2021,04/03/2021 00:50 CDT,97927,13.99,62.55,3.48,8.8,0,103126.05
TWB14,Uvalde_2020_02,29.60214,-99.73007,436.7784,6/28/21,p,2021,04/03/2021 00:55 CDT,97930,13.91,62.85,3.265,8.8,0,103130.32
TWB14,Uvalde_2020_02,29.60214,-99.73007,436.7784,6/28/21,p,2021,04/03/2021 01:00 CDT,97923,13.8,63.56,3.435,8.8,0,103124.8
TWB14,Uvalde_2020_02,29.60214,-99.73007,436.7784,6/28/21,p,2021,04/03/2021 01:05 CDT,97922,13.7,63.96,4.035,8.8,0,103125.97
TWB14,Uvalde_2020_02,29.60214,-99.73007,436.7784,6/28/21,p,2021,04/03/2021 01:10 CDT,97921,13.64,64.14,3.225,8.8,0,103125.84
TWB14,Uvalde_2020_02,29.60214,-99.73007,436.7784,6/28/21,p,2021,04/03/2021 01:15 CDT,97913,13.56,64.21,3.79,8.8,0,103119.09
TWB14,Uvalde_2020_02,29.60214,-99.73007,436.7784,6/28/21,p,2021,04/03/2021 01:20 CDT,97905,13.46,64.39,3.775,8.8,0,103112.52
TWB14,Uvalde_2020_02,29.60214,-99.73007,436.7784,6/28/21,p,2021,04/03/2021 01:25 CDT,97906,13.35,64.86,3.345,8.8,0,103115.43
TWB14,Uvalde_2020_02,29.60214,-99.73007,436.7784,6/28/21,p,2021,04/03/2021 01:30 CDT,97905,13.24,65.54,3.28,8.8,0,103116.42
TWB14,Uvalde_2020_02,29.60214,-99.73007,436.7784,6/28/21,p,2021,04/03/2021 01:35 CDT,97905,13.14,65.94,2.98,8.8,0,103118.28
TWB14,Uvalde_2020_02,29.60214,-99.73007,436.7784,6/28/21,p,2021,04/03/2021 01:40 CDT,97907,13.05,66.07,3.13,8.8,0,103122.25
TWB14,Uvalde_2020_02,29.60214,-99.73007,436.7784,6/28/21,p,2021,04/03/2021 01:45 CDT,97920,12.99,66.48,3.65,8.8,0,103137.43
TWB14,Uvalde_2020_02,29.60214,-99.73007,436.7784,6/28/21,p,2021,04/03/2021 01:50 CDT,97941,12.94,66.68,3.135,8.8,0,103160.66
TWB14,Uvalde_2020_02,29.60214,-99.73007,436.7784,6/28/21,p,2021,04/03/2021 01:55 CDT,97947,12.86,67.16,2.195,8.8,0,103167.73
TWB14,Uvalde_2020_02,29.60214,-99.73007,436.7784,6/28/21,p,2021,04/03/2021 02:00 CDT,97955,12.79,67.49,2.755,8.8,0,103177.83
TWB14,Uvalde_2020_02,29.60214,-99.73007,436.7784,6/28/21,p,2021,04/03/2021 02:05 CDT,97967,12.72,68.13,2.37,8.8,0,103191.78
TWB14,Uvalde_2020_02,29.60214,-99.73007,436.7784,6/28/21,p,2021,04/03/2021 02:10 CDT,97970,12.68,68.44,2.16,8.8,0,103196.06
TWB14,Uvalde_2020_02,29.60214,-99.73007,436.7784,6/28/21,p,2021,04/03/2021 02:15 CDT,97974,12.64,68.51,2.285,8.8,0,103200.65
TWB14,Uvalde_2020_02,29.60214,-99.73007,436.7784,6/28/21,p,2021,04/03/2021 02:20 CDT,97981,12.62,68.64,2.405,8.8,0,103208.39
TWB14,Uvalde_2020_02,29.60214,-99.73007,436.7784,6/28/21,p,2021,04/03/2021 02:25 CDT,97985,12.6,68.84,2.315,8.8,0,103212.79
TWB14,Uvalde_2020_02,29.60214,-99.73007,436.7784,6/28/21,p,2021,04/03/2021 02:30 CDT,97986,12.55,69.01,1.62,8.8,0,103214.41
TWB14,Uvalde_2020_02,29.60214,-99.73007,436.7784,6/28/21,p,2021,04/03/2021 02:35 CDT,97986,12.52,69.25,2.675,8.8,0,103215.34
TWB14,Uvalde_2020_02,29.60214,-99.73007,436.7784,6/28/21,p,2021,04/03/2021 02:40 CDT,97974,12.5,69.52,2.53,8.8,0,103202.89
TWB14,Uvalde_2020_02,29.60214,-99.73007,436.7784,6/28/21,p,2021,04/03/2021 02:45 CDT,97961,12.43,69.79,2.36,8.8,0,103190.5
TWB14,Uvalde_2020_02,29.60214,-99.73007,436.7784,6/28/21,p,2021,04/03/2021 02:50 CDT,97959,12.37,70.4,2.525,8.8,0,103189.89
TWB14,Uvalde_2020_02,29.60214,-99.73007,436.7784,6/28/21,p,2021,04/03/2021 02:55 CDT,97962,12.36,70.5,1.94,8.8,0,103193.05
TWB14,Uvalde_2020_02,29.60214,-99.73007,436.7784,6/28/21,p,2021,04/03/2021 03:00 CDT,97961,12.33,70.87,2.185,8.8,0,103192.18
TWB14,Uvalde_2020_02,29.60214,-99.73007,436.7784,6/28/21,p,2021,04/03/2021 03:05 CDT,97960,12.33,71.54,2.245,8.8,0,103191.32
TWB14,Uvalde_2020_02,29.60214,-99.73007,436.7784,6/28/21,p,2021,04/03/2021 03:10 CDT,97952,12.36,71.38,2.25,8.8,0,103182.51
TWB14,Uvalde_2020_02,29.60214,-99.73007,436.7784,6/28/21,p,2021,04/03/2021 03:15 CDT,97951,12.42,71.75,2.81,8.8,0,103180.9
TWB14,Uvalde_2020_02,29.60214,-99.73007,436.7784,6/28/21,p,2021,04/03/2021 03:20 CDT,97952,12.5,71.61,3.16,8.8,0,103180.08
TWB14,Uvalde_2020_02,29.60214,-99.73007,436.7784,6/28/21,p,2021,04/03/2021 03:25 CDT,97950,12.55,71.81,2,8.8,0,103176.66
TWB14,Uvalde_2020_02,29.60214,-99.73007,436.7784,6/28/21,p,2021,04/03/2021 03:30 CDT,97956,12.59,71.98,2.445,8.8,0,103182.05
TWB14,Uvalde_2020_02,29.60214,-99.73007,436.7784,6/28/21,p,2021,04/03/2021 03:35 CDT,97954,12.62,71.88,1.955,8.8,0,103179.57
TWB14,Uvalde_2020_02,29.60214,-99.73007,436.7784,6/28/21,p,2021,04/03/2021 03:40 CDT,97948,12.62,71.81,1.975,8.8,0,103173.06
TWB14,Uvalde_2020_02,29.60214,-99.73007,436.7784,6/28/21,p,2021,04/03/2021 03:45 CDT,97958,12.66,71.78,1.72,8.8,0,103183.03
TWB14,Uvalde_2020_02,29.60214,-99.73007,436.7784,6/28/21,p,2021,04/03/2021 03:50 CDT,97962,12.67,71.95,1.935,8.8,0,103186.68
TWB14,Uvalde_2020_02,29.60214,-99.73007,436.7784,6/28/21,p,2021,04/03/2021 03:55 CDT,97962,12.68,71.81,1.7,8.8,0,103186.5
TWB14,Uvalde_2020_02,29.60214,-99.73007,436.7784,6/28/21,p,2021,04/03/2021 04:00 CDT,97962,12.7,71.75,1.74,8.8,0,103185.75
TWB14,Uvalde_2020_02,29.60214,-99.73007,436.7784,6/28/21,p,2021,04/03/2021 04:05 CDT,97962,12.7,71.81,1.795,8.8,0,103185.56
TWB14,Uvalde_2020_02,29.60214,-99.73007,436.7784,6/28/21,p,2021,04/03/2021 04:10 CDT,97955,12.72,71.88,1.56,8.8,0,103178.19
TWB14,Uvalde_2020_02,29.60214,-99.73007,436.7784,6/28/21,p,2021,04/03/2021 04:15 CDT,97948,12.73,71.95,1.71,8.8,0,103170.63
TWB14,Uvalde_2020_02,29.60214,-99.73007,436.7784,6/28/21,p,2021,04/03/2021 04:20 CDT,97945,12.76,72.22,2.17,8.8,0,103166.91
TWB14,Uvalde_2020_02,29.60214,-99.73007,436.7784,6/28/21,p,2021,04/03/2021 04:25 CDT,97947,12.79,72.29,2.01,8.8,0,103168.45
TWB14,Uvalde_2020_02,29.60214,-99.73007,436.7784,6/28/21,p,2021,04/03/2021 04:30 CDT,97951,12.81,72.35,2.18,8.8,0,103172.48
TWB14,Uvalde_2020_02,29.60214,-99.73007,436.7784,6/28/21,p,2021,04/03/2021 04:35 CDT,97947,12.83,72.49,2.18,8.8,0,103167.89
TWB14,Uvalde_2020_02,29.60214,-99.73007,436.7784,6/28/21,p,2021,04/03/2021 04:40 CDT,97943,12.85,73.16,2.235,8.8,0,103163.3
TWB14,Uvalde_2020_02,29.60214,-99.73007,436.7784,6/28/21,p,2021,04/03/2021 04:45 CDT,97928,12.89,73.03,2.29,8.8,0,103147.13
TWB14,Uvalde_2020_02,29.60214,-99.73007,436.7784,6/28/21,p,2021,04/03/2021 04:50 CDT,97923,12.91,72.96,2.455,8.8,0,103141.12
TWB14,Uvalde_2020_02,29.60214,-99.73007,436.7784,6/28/21,p,2021,04/03/2021 04:55 CDT,97924,12.91,73.4,2.42,8.8,0,103142.17
TWB14,Uvalde_2020_02,29.60214,-99.73007,436.7784,6/28/21,p,2021,04/03/2021 05:00 CDT,97929,12.91,73.5,2.37,8.8,0,103147.25
TWB14,Uvalde_2020_02,29.60214,-99.73007,436.7784,6/28/21,p,2021,04/03/2021 05:05 CDT,97940,12.92,73.64,2.32,8.8,0,103158.84
TWB14,Uvalde_2020_02,29.60214,-99.73007,436.7784,6/28/21,p,2021,04/03/2021 05:10 CDT,97950,12.91,73.7,1.93,8.8,0,103169.37
TWB14,Uvalde_2020_02,29.60214,-99.73007,436.7784,6/28/21,p,2021,04/03/2021 05:15 CDT,97948,12.92,73.6,1.47,8.8,0,103167.08
TWB14,Uvalde_2020_02,29.60214,-99.73007,436.7784,6/28/21,p,2021,04/03/2021 05:20 CDT,97956,12.91,73.77,1.69,8.8,0,103175.5
TWB14,Uvalde_2020_02,29.60214,-99.73007,436.7784,6/28/21,p,2021,04/03/2021 05:25 CDT,97958,12.91,73.84,1.96,8.8,0,103177.79
TWB14,Uvalde_2020_02,29.60214,-99.73007,436.7784,6/28/21,p,2021,04/03/2021 05:30 CDT,97976,12.91,73.97,1.385,8.8,0,103196.75
TWB14,Uvalde_2020_02,29.60214,-99.73007,436.7784,6/28/21,p,2021,04/03/2021 05:35 CDT,97986,12.93,73.91,1.66,8.8,0,103206.91
TWB14,Uvalde_2020_02,29.60214,-99.73007,436.7784,6/28/21,p,2021,04/03/2021 05:40 CDT,97990,12.93,73.97,1.555,8.8,0,103211.13
TWB14,Uvalde_2020_02,29.60214,-99.73007,436.7784,6/28/21,p,2021,04/03/2021 05:45 CDT,98002,12.93,74.04,1.585,8.8,0,103223.77
TWB14,Uvalde_2020_02,29.60214,-99.73007,436.7784,6/28/21,p,2021,04/03/2021 05:50 CDT,98016,12.92,74.85,1.67,8.8,0.73,103238.69
TWB14,Uvalde_2020_02,29.60214,-99.73007,436.7784,6/28/21,p,2021,04/03/2021 05:55 CDT,98033,12.87,75.73,1.415,8.8,0.83,103257.53
TWB14,Uvalde_2020_02,29.60214,-99.73007,436.7784,6/28/21,p,2021,04/03/2021 06:00 CDT,98041,12.84,75.93,1.655,8.8,0,103266.33
TWB14,Uvalde_2020_02,29.60214,-99.73007,436.7784,6/28/21,p,2021,04/03/2021 06:05 CDT,98045,12.81,76.13,1.325,8.8,0,103271.1
TWB14,Uvalde_2020_02,29.60214,-99.73007,436.7784,6/28/21,p,2021,04/03/2021 06:10 CDT,98043,12.79,76.81,1.44,8.8,0.12,103269.55
TWB14,Uvalde_2020_02,29.60214,-99.73007,436.7784,6/28/21,p,2021,04/03/2021 06:15 CDT,98036,12.77,77.22,1.565,8.8,0.71,103262.37
TWB14,Uvalde_2020_02,29.60214,-99.73007,436.7784,6/28/21,p,2021,04/03/2021 06:20 CDT,97998,12.68,81.1,2.78,8.8,4.92,103224.01
TWB14,Uvalde_2020_02,29.60214,-99.73007,436.7784,6/28/21,p,2021,04/03/2021 06:25 CDT,97973,12.4,83.1,2.42,8.8,4.22,103202.72
TWB14,Uvalde_2020_02,29.60214,-99.73007,436.7784,6/28/21,p,2021,04/03/2021 06:30 CDT,97949,12.26,84.5,3,8.8,1.68,103180.8
TWB14,Uvalde_2020_02,29.60214,-99.73007,436.7784,6/28/21,p,2021,04/03/2021 06:35 CDT,97937,12.17,84.5,3.47,8.8,0.52,103170.79
TWB14,Uvalde_2020_02,29.60214,-99.73007,436.7784,6/28/21,p,2021,04/03/2021 06:40 CDT,97914,12.19,84.1,3.73,8.8,0.04,103147.12
TWB14,Uvalde_2020_02,29.60214,-99.73007,436.7784,6/28/21,p,2021,04/03/2021 06:45 CDT,97906,12.19,83.8,3.385,8.8,0.08,103137.94
TWB14,Uvalde_2020_02,29.60214,-99.73007,436.7784,6/28/21,p,2021,04/03/2021 06:50 CDT,97887,12.21,83.9,3.67,8.8,0.02,103117.55
TWB14,Uvalde_2020_02,29.60214,-99.73007,436.7784,6/28/21,p,2021,04/03/2021 06:55 CDT,97869,12.25,83.8,3.805,9.135,0.05,103097.84
TWB14,Uvalde_2020_02,29.60214,-99.73007,436.7784,6/28/21,p,2021,04/03/2021 07:00 CDT,97856,12.37,83.2,4.005,9.135,0.06,103081.9
TWB14,Uvalde_2020_02,29.60214,-99.73007,436.7784,6/28/21,p,2021,04/03/2021 07:05 CDT,97871,12.41,83,3.985,9.135,0.02,103097.14
TWB14,Uvalde_2020_02,29.60214,-99.73007,436.7784,6/28/21,p,2021,04/03/2021 07:10 CDT,97904,12.48,83.1,2.53,9.135,0,103130.41
TWB14,Uvalde_2020_02,29.60214,-99.73007,436.7784,6/28/21,p,2021,04/03/2021 07:15 CDT,97891,12.46,83.5,3.065,9.135,0.01,103116.71
TWB14,Uvalde_2020_02,29.60214,-99.73007,436.7784,6/28/21,p,2021,04/03/2021 07:20 CDT,97896,12.51,83.8,3.265,9.135,0,103121.04
TWB14,Uvalde_2020_02,29.60214,-99.73007,436.7784,6/28/21,p,2021,04/03/2021 07:25 CDT,97889,12.54,84.1,3.245,9.135,0,103113.29
TWB14,Uvalde_2020_02,29.60214,-99.73007,436.7784,6/28/21,p,2021,04/03/2021 07:30 CDT,97882,12.59,83.9,3.755,9.135,0,103104.8
TWB14,Uvalde_2020_02,29.60214,-99.73007,436.7784,6/28/21,p,2021,04/03/2021 07:35 CDT,97869,12.59,83.7,4.7,9.135,0.48,103091.1
TWB14,Uvalde_2020_02,29.60214,-99.73007,436.7784,6/28/21,p,2021,04/03/2021 07:40 CDT,97870,12.6,84,3.53,8.965,3.08,103091.6
TWB14,Uvalde_2020_02,29.60214,-99.73007,436.7784,6/28/21,p,2021,04/03/2021 07:45 CDT,97888,12.62,84.3,3.625,8.965,4.48,103110.37
TWB14,Uvalde_2020_02,29.60214,-99.73007,436.7784,6/28/21,p,2021,04/03/2021 07:50 CDT,97914,12.64,84.5,2.845,8.965,5.08,103137.38
TWB14,Uvalde_2020_02,29.60214,-99.73007,436.7784,6/28/21,p,2021,04/03/2021 07:55 CDT,97935,12.67,84.8,2.36,8.965,6.62,103159.31
TWB14,Uvalde_2020_02,29.60214,-99.73007,436.7784,6/28/21,p,2021,04/03/2021 08:00 CDT,97953,12.74,84.8,2.455,8.965,8.72,103176.59
TWB14,Uvalde_2020_02,29.60214,-99.73007,436.7784,6/28/21,p,2021,04/03/2021 08:05 CDT,97962,12.79,84.7,3.1,8.965,9.16,103184.95
TWB14,Uvalde_2020_02,29.60214,-99.73007,436.7784,6/28/21,p,2021,04/03/2021 08:10 CDT,97974,12.85,84.5,3.425,8.965,11.53,103196.66
TWB14,Uvalde_2020_02,29.60214,-99.73007,436.7784,6/28/21,p,2021,04/03/2021 08:15 CDT,97999,12.89,84.6,2.8,8.965,11.01,103222.05
TWB14,Uvalde_2020_02,29.60214,-99.73007,436.7784,6/28/21,p,2021,04/03/2021 08:20 CDT,98015,12.89,84.7,2.2,8.965,12.83,103238.72
TWB14,Uvalde_2020_02,29.60214,-99.73007,436.7784,6/28/21,p,2021,04/03/2021 08:25 CDT,98022,12.93,84.7,3.555,8.965,15.17,103245.53
TWB14,Uvalde_2020_02,29.60214,-99.73007,436.7784,6/28/21,p,2021,04/03/2021 08:30 CDT,98022,12.93,84.9,3.625,8.965,14.93,103245.16
TWB14,Uvalde_2020_02,29.60214,-99.73007,436.7784,6/28/21,p,2021,04/03/2021 08:35 CDT,98031,12.93,85.2,2.565,8.965,16.22,103254.64
TWB14,Uvalde_2020_02,29.60214,-99.73007,436.7784,6/28/21,p,2021,04/03/2021 08:40 CDT,98042,12.97,84.9,3.045,8.965,21.03,103265.48
TWB14,Uvalde_2020_02,29.60214,-99.73007,436.7784,6/28/21,p,2021,04/03/2021 08:45 CDT,98055,13.01,85.4,2.335,8.965,26.44,103278.42
TWB14,Uvalde_2020_02,29.60214,-99.73007,436.7784,6/28/21,p,2021,04/03/2021 08:50 CDT,98067,13.06,84.8,2.985,8.965,28.18,103289.76
TWB14,Uvalde_2020_02,29.60214,-99.73007,436.7784,6/28/21,p,2021,04/03/2021 08:55 CDT,98070,13.05,84.8,3.61,8.3,31.54,103292.73
TWB14,Uvalde_2020_02,29.60214,-99.73007,436.7784,6/28/21,p,2021,04/03/2021 09:00 CDT,98076,13.05,85.2,2.885,8.3,28.32,103299.23
TWB14,Uvalde_2020_02,29.60214,-99.73007,436.7784,6/28/21,p,2021,04/03/2021 09:05 CDT,98088,13,85.7,2.445,8.3,20.93,103312.06
TWB14,Uvalde_2020_02,29.60214,-99.73007,436.7784,6/28/21,p,2021,04/03/2021 09:10 CDT,98117,12.94,85.8,2.69,8.3,13.66,103343.72
TWB14,Uvalde_2020_02,29.60214,-99.73007,436.7784,6/28/21,p,2021,04/03/2021 09:15 CDT,98141,12.86,87.1,2.675,8.3,14.56,103370.68
TWB14,Uvalde_2020_02,29.60214,-99.73007,436.7784,6/28/21,p,2021,04/03/2021 09:20 CDT,98151,12.76,88.8,2.225,8.3,13.09,103382.7
TWB14,Uvalde_2020_02,29.60214,-99.73007,436.7784,6/28/21,p,2021,04/03/2021 09:25 CDT,98146,12.64,89.9,2.485,8.3,14.67,103379.49
TWB14,Uvalde_2020_02,29.60214,-99.73007,436.7784,6/28/21,p,2021,04/03/2021 09:30 CDT,98129,12.49,91.3,2.93,8.3,15.53,103364.39
TWB14,Uvalde_2020_02,29.60214,-99.73007,436.7784,6/28/21,p,2021,04/03/2021 09:35 CDT,98113,12.38,92.1,3.06,8.3,15.08,103350.34
TWB14,Uvalde_2020_02,29.60214,-99.73007,436.7784,6/28/21,p,2021,04/03/2021 09:40 CDT,98099,12.3,92.8,3.275,8.3,16.83,103337.28
TWB14,Uvalde_2020_02,29.60214,-99.73007,436.7784,6/28/21,p,2021,04/03/2021 09:45 CDT,98073,12.32,93.2,3.515,8.3,21.38,103310.08
TWB14,Uvalde_2020_02,29.60214,-99.73007,436.7784,6/28/21,p,2021,04/03/2021 09:50 CDT,98044,12.33,93.4,3.84,8.3,25.26,103279.53
TWB14,Uvalde_2020_02,29.60214,-99.73007,436.7784,6/28/21,p,2021,04/03/2021 09:55 CDT,98021,12.37,93.2,5.015,10.3,32.04,103255.11
TWB14,Uvalde_2020_02,29.60214,-99.73007,436.7784,6/28/21,p,2021,04/03/2021 10:00 CDT,98016,12.35,93.8,4.395,9.63,32.86,103249.84
TWB14,Uvalde_2020_02,29.60214,-99.73007,436.7784,6/28/21,p,2021,04/03/2021 10:05 CDT,97997,12.34,94.3,3.87,9.63,29.53,103230.01
TWB14,Uvalde_2020_02,29.60214,-99.73007,436.7784,6/28/21,p,2021,04/03/2021 10:10 CDT,97954,12.35,94.4,3.855,9.63,28.36,103184.72
TWB14,Uvalde_2020_02,29.60214,-99.73007,436.7784,6/28/21,p,2021,04/03/2021 10:15 CDT,97879,12.46,93.4,5.73,10.615,35.81,103105.15
TWB14,Uvalde_2020_02,29.60214,-99.73007,436.7784,6/28/21,p,2021,04/03/2021 10:20 CDT,97850,12.65,92.4,6.555,11.995,52.27,103071.62
TWB14,Uvalde_2020_02,29.60214,-99.73007,436.7784,6/28/21,p,2021,04/03/2021 10:25 CDT,97823,12.75,92.3,5.92,11.995,83.94,103041.12
TWB14,Uvalde_2020_02,29.60214,-99.73007,436.7784,6/28/21,p,2021,04/03/2021 10:30 CDT,97847,12.94,91.8,5.64,12.575,103.99,103063.23
TWB14,Uvalde_2020_02,29.60214,-99.73007,436.7784,6/28/21,p,2021,04/03/2021 10:35 CDT,97862,13.13,91.5,5.675,12.575,118.6,103075.49
TWB14,Uvalde_2020_02,29.60214,-99.73007,436.7784,6/28/21,p,2021,04/03/2021 10:40 CDT,97868,13.22,90.7,5.11,11.83,108.98,103079.2
TWB14,Uvalde_2020_02,29.60214,-99.73007,436.7784,6/28/21,p,2021,04/03/2021 10:45 CDT,97888,13.37,89.7,4.78,11.995,151.59,103097.29
TWB14,Uvalde_2020_02,29.60214,-99.73007,436.7784,6/28/21,p,2021,04/03/2021 10:50 CDT,97901,13.63,89.1,4.205,11.66,239.95,103106.16
TWB14,Uvalde_2020_02,29.60214,-99.73007,436.7784,6/28/21,p,2021,04/03/2021 10:55 CDT,97921,13.98,87.2,3.85,11.66,185.31,103120.18
TWB14,Uvalde_2020_02,29.60214,-99.73007,436.7784,6/28/21,p,2021,04/03/2021 11:00 CDT,97958,14.07,85.9,4.72,10.995,114.81,103156.19
TWB14,Uvalde_2020_02,29.60214,-99.73007,436.7784,6/28/21,p,2021,04/03/2021 11:05 CDT,98018,14.09,86.2,3.525,9.55,65.22,103219.18
TWB14,Uvalde_2020_02,29.60214,-99.73007,436.7784,6/28/21,p,2021,04/03/2021 11:10 CDT,98050,14.15,85.9,3.065,9.55,43.92,103251.77
TWB14,Uvalde_2020_02,29.60214,-99.73007,436.7784,6/28/21,p,2021,04/03/2021 11:15 CDT,98070,14.21,85.5,2.92,9.55,46.41,103272.28
TWB14,Uvalde_2020_02,29.60214,-99.73007,436.7784,6/28/21,p,2021,04/03/2021 11:20 CDT,98076,14.28,85.2,3.37,9.55,47.98,103277.67
TWB14,Uvalde_2020_02,29.60214,-99.73007,436.7784,6/28/21,p,2021,04/03/2021 11:25 CDT,98091,14.36,85.6,2.43,9.55,35.3,103291.62
TWB14,Uvalde_2020_02,29.60214,-99.73007,436.7784,6/28/21,p,2021,04/03/2021 11:30 CDT,98090,14.4,84.8,2.505,9.55,37.68,103289.46
TWB14,Uvalde_2020_02,29.60214,-99.73007,436.7784,6/28/21,p,2021,04/03/2021 11:35 CDT,98085,14.45,84.5,3.05,9.55,49.75,103283.64
TWB14,Uvalde_2020_02,29.60214,-99.73007,436.7784,6/28/21,p,2021,04/03/2021 11:40 CDT,98077,14.51,83.8,3.205,9.55,58.12,103274.29
TWB14,Uvalde_2020_02,29.60214,-99.73007,436.7784,6/28/21,p,2021,04/03/2021 11:45 CDT,98075,14.63,83.2,2.835,9.55,57.62,103269.97
TWB14,Uvalde_2020_02,29.60214,-99.73007,436.7784,6/28/21,p,2021,04/03/2021 11:50 CDT,98068,14.74,81.9,3.225,9.55,66.97,103260.58
TWB14,Uvalde_2020_02,29.60214,-99.73007,436.7784,6/28/21,p,2021,04/03/2021 11:55 CDT,98061,14.85,80.7,3.33,9.55,73.88,103251.37
TWB14,Uvalde_2020_02,29.60214,-99.73007,436.7784,6/28/21,p,2021,04/03/2021 12:00 CDT,98064,14.95,80.9,2.775,9.55,71.37,103252.32
TWB14,Uvalde_2020_02,29.60214,-99.73007,436.7784,6/28/21,p,2021,04/03/2021 12:05 CDT,98061,15.05,81.1,3.12,9.55,90.63,103247.32
TWB14,Uvalde_2020_02,29.60214,-99.73007,436.7784,6/28/21,p,2021,04/03/2021 12:10 CDT,98058,15.26,79.21,3.06,9.55,107.17,103240.67
TWB14,Uvalde_2020_02,29.60214,-99.73007,436.7784,6/28/21,p,2021,04/03/2021 12:15 CDT,98057,15.44,79.48,3.265,9.55,95.32,103235.95
TWB14,Uvalde_2020_02,29.60214,-99.73007,436.7784,6/28/21,p,2021,04/03/2021 12:20 CDT,98057,15.53,79.28,2.905,9.55,76.74,103233.74
TWB14,Uvalde_2020_02,29.60214,-99.73007,436.7784,6/28/21,p,2021,04/03/2021 12:25 CDT,98053,15.58,79.28,3.13,9.55,82.4,103228.62
TWB14,Uvalde_2020_02,29.60214,-99.73007,436.7784,6/28/21,p,2021,04/03/2021 12:30 CDT,98038,15.67,78.27,3.415,9.55,88.72,103211.18
TWB14,Uvalde_2020_02,29.60214,-99.73007,436.7784,6/28/21,p,2021,04/03/2021 12:35 CDT,98030,15.76,78.2,3.085,9.55,103.62,103200.93
TWB14,Uvalde_2020_02,29.60214,-99.73007,436.7784,6/28/21,p,2021,04/03/2021 12:40 CDT,98024,15.84,77.53,3.705,9.55,106.51,103193.33
TWB14,Uvalde_2020_02,29.60214,-99.73007,436.7784,6/28/21,p,2021,04/03/2021 12:45 CDT,98024,15.93,76.51,3.405,9.55,102.57,103191.33
TWB14,Uvalde_2020_02,29.60214,-99.73007,436.7784,6/28/21,p,2021,04/03/2021 12:50 CDT,98021,16.01,76.51,2.945,9.55,92.61,103186.89
TWB14,Uvalde_2020_02,29.60214,-99.73007,436.7784,6/28/21,p,2021,04/03/2021 12:55 CDT,98015,16.05,76.64,3.38,9.55,105.51,103179.48
TWB14,Uvalde_2020_02,29.60214,-99.73007,436.7784,6/28/21,p,2021,04/03/2021 13:00 CDT,98014,16.09,75.69,3.25,9.55,91.29,103177.7
TWB14,Uvalde_2020_02,29.60214,-99.73007,436.7784,6/28/21,p,2021,04/03/2021 13:05 CDT,98008,16.08,75.46,3.86,9.55,89.16,103171.2
TWB14,Uvalde_2020_02,29.60214,-99.73007,436.7784,6/28/21,p,2021,04/03/2021 13:10 CDT,98007,16.06,76.3,3.355,8.965,83.23,103171.06
TWB14,Uvalde_2020_02,29.60214,-99.73007,436.7784,6/28/21,p,2021,04/03/2021 13:15 CDT,98005,16.12,75.49,3.335,8.965,82.63,103167.86
TWB14,Uvalde_2020_02,29.60214,-99.73007,436.7784,6/28/21,p,2021,04/03/2021 13:20 CDT,98006,16.15,75.22,3.34,8.965,77.22,103168.19
TWB14,Uvalde_2020_02,29.60214,-99.73007,436.7784,6/28/21,p,2021,04/03/2021 13:25 CDT,97997,16.21,75.14,3.165,8.965,85.25,103157.62
TWB14,Uvalde_2020_02,29.60214,-99.73007,436.7784,6/28/21,p,2021,04/03/2021 13:30 CDT,97992,16.27,74.74,3,8.965,85.13,103151.45
TWB14,Uvalde_2020_02,29.60214,-99.73007,436.7784,6/28/21,p,2021,04/03/2021 13:35 CDT,97988,16.31,74.67,3.39,8.965,78.33,103146.32
TWB14,Uvalde_2020_02,29.60214,-99.73007,436.7784,6/28/21,p,2021,04/03/2021 13:40 CDT,97987,16.33,74.6,2.93,8.965,75.41,103145.09
TWB14,Uvalde_2020_02,29.60214,-99.73007,436.7784,6/28/21,p,2021,04/03/2021 13:45 CDT,97989,16.4,75.04,2.545,8.965,72.8,103145.92
TWB14,Uvalde_2020_02,29.60214,-99.73007,436.7784,6/28/21,p,2021,04/03/2021 13:50 CDT,97985,16.46,74.33,2.72,8.965,72.14,103140.25
TWB14,Uvalde_2020_02,29.60214,-99.73007,436.7784,6/28/21,p,2021,04/03/2021 13:55 CDT,97979,16.49,73.59,2.95,8.965,78.28,103133.4
TWB14,Uvalde_2020_02,29.60214,-99.73007,436.7784,6/28/21,p,2021,04/03/2021 14:00 CDT,97968,16.56,73.72,3.225,8.965,80.1,103121.09
TWB14,Uvalde_2020_02,29.60214,-99.73007,436.7784,6/28/21,p,2021,04/03/2021 14:05 CDT,97964,16.71,72.71,2.8,8.965,99.67,103114.7
TWB14,Uvalde_2020_02,29.60214,-99.73007,436.7784,6/28/21,p,2021,04/03/2021 14:10 CDT,97963,16.85,72.95,3.115,8.965,98.86,103110.74
TWB14,Uvalde_2020_02,29.60214,-99.73007,436.7784,6/28/21,p,2021,04/03/2021 14:15 CDT,97965,16.99,72.17,2.78,8.965,100.02,103109.95
TWB14,Uvalde_2020_02,29.60214,-99.73007,436.7784,6/28/21,p,2021,04/03/2021 14:20 CDT,97963,17.06,71.97,3.66,8.965,96.34,103106.22
TWB14,Uvalde_2020_02,29.60214,-99.73007,436.7784,6/28/21,p,2021,04/03/2021 14:25 CDT,97959,17.14,72.71,2.245,8.965,107.59,103101.1
TWB14,Uvalde_2020_02,29.60214,-99.73007,436.7784,6/28/21,p,2021,04/03/2021 14:30 CDT,97958,17.3,71.02,2.82,8.965,100.4,103096.98
TWB14,Uvalde_2020_02,29.60214,-99.73007,436.7784,6/28/21,p,2021,04/03/2021 14:35 CDT,97960,17.36,70.82,3.06,8.965,106.78,103097.45
TWB14,Uvalde_2020_02,29.60214,-99.73007,436.7784,6/28/21,p,2021,04/03/2021 14:40 CDT,97953,17.45,70.15,3.05,8.965,94.13,103088.83
TWB14,Uvalde_2020_02,29.60214,-99.73007,436.7784,6/28/21,p,2021,04/03/2021 14:45 CDT,97943,17.53,69.54,3.015,8.965,82.22,103076.86
TWB14,Uvalde_2020_02,29.60214,-99.73007,436.7784,6/28/21,p,2021,04/03/2021 14:50 CDT,97938,17.57,70.21,2.38,8.715,72.47,103070.69
TWB14,Uvalde_2020_02,29.60214,-99.73007,436.7784,6/28/21,p,2021,04/03/2021 14:55 CDT,97937,17.63,69.54,3.035,8.715,78.8,103068.56
TWB14,Uvalde_2020_02,29.60214,-99.73007,436.7784,6/28/21,p,2021,04/03/2021 15:00 CDT,97936,17.7,70.28,2.555,8.715,90.82,103066.96
TWB14,Uvalde_2020_02,29.60214,-99.73007,436.7784,6/28/21,p,2021,04/03/2021 15:05 CDT,97925,17.86,68.86,2.445,8.715,107.55,103052.15
TWB14,Uvalde_2020_02,29.60214,-99.73007,436.7784,6/28/21,p,2021,04/03/2021 15:10 CDT,97914,17.95,69.44,2.225,8.715,99.62,103038.41
TWB14,Uvalde_2020_02,29.60214,-99.73007,436.7784,6/28/21,p,2021,04/03/2021 15:15 CDT,97909,18.01,67.72,3.165,8.715,103.71,103031.9
TWB14,Uvalde_2020_02,29.60214,-99.73007,436.7784,6/28/21,p,2021,04/03/2021 15:20 CDT,97905,18.01,68.39,2.915,8.715,95.64,103027.87
TWB14,Uvalde_2020_02,29.60214,-99.73007,436.7784,6/28/21,p,2021,04/03/2021 15:25 CDT,97897,18.07,67.85,2.73,8.715,87.84,103018.19
TWB14,Uvalde_2020_02,29.60214,-99.73007,436.7784,6/28/21,p,2021,04/03/2021 15:30 CDT,97895,18.15,67.98,2.005,8.715,72.78,103014.83
TWB14,Uvalde_2020_02,29.60214,-99.73007,436.7784,6/28/21,p,2021,04/03/2021 15:35 CDT,97889,18.14,67.37,2.9,8.715,71.19,103008.16
TWB14,Uvalde_2020_02,29.60214,-99.73007,436.7784,6/28/21,p,2021,04/03/2021 15:40 CDT,97881,18.11,67.03,3.67,8.385,96.88,103000.64
TWB14,Uvalde_2020_02,29.60214,-99.73007,436.7784,6/28/21,p,2021,04/03/2021 15:45 CDT,97878,18.18,66.66,3.045,8.385,120.05,102996.77
TWB14,Uvalde_2020_02,29.60214,-99.73007,436.7784,6/28/21,p,2021,04/03/2021 15:50 CDT,97873,18.38,66.36,2.465,8.385,161.67,102988.1
TWB14,Uvalde_2020_02,29.60214,-99.73007,436.7784,6/28/21,p,2021,04/03/2021 15:55 CDT,97866,18.59,65.75,2.43,8.385,170.65,102976.61
TWB14,Uvalde_2020_02,29.60214,-99.73007,436.7784,6/28/21,p,2021,04/03/2021 16:00 CDT,97855,18.67,64.2,3.235,8.385,174.47,102962.54
TWB14,Uvalde_2020_02,29.60214,-99.73007,436.7784,6/28/21,p,2021,04/03/2021 16:05 CDT,97848,18.65,65.54,2.925,8.385,127.63,102955.53
TWB14,Uvalde_2020_02,29.60214,-99.73007,436.7784,6/28/21,p,2021,04/03/2021 16:10 CDT,97832,18.61,64.66,2.975,8.385,85.3,102939.05
TWB14,Uvalde_2020_02,29.60214,-99.73007,436.7784,6/28/21,p,2021,04/03/2021 16:15 CDT,97820,18.57,64.19,2.44,8.385,124.25,102927.68
TWB14,Uvalde_2020_02,29.60214,-99.73007,436.7784,6/28/21,p,2021,04/03/2021 16:20 CDT,97823,18.64,64.19,2.85,8.385,136.17,102929.23
TWB14,Uvalde_2020_02,29.60214,-99.73007,436.7784,6/28/21,p,2021,04/03/2021 16:25 CDT,97821,18.55,65.4,3.22,8.385,104.69,102928.37
TWB14,Uvalde_2020_02,29.60214,-99.73007,436.7784,6/28/21,p,2021,04/03/2021 16:30 CDT,97824,18.49,64.46,3.55,8.385,93.62,102933.14
TWB14,Uvalde_2020_02,29.60214,-99.73007,436.7784,6/28/21,p,2021,04/03/2021 16:35 CDT,97826,18.43,63.99,2.955,8.385,81.31,102936.68
TWB14,Uvalde_2020_02,29.60214,-99.73007,436.7784,6/28/21,p,2021,04/03/2021 16:40 CDT,97826,18.39,64.26,3.235,8.385,65.55,102937.04
TWB14,Uvalde_2020_02,29.60214,-99.73007,436.7784,6/28/21,p,2021,04/03/2021 16:45 CDT,97827,18.4,64.76,2.69,8.385,61.73,102938.45
TWB14,Uvalde_2020_02,29.60214,-99.73007,436.7784,6/28/21,p,2021,04/03/2021 16:50 CDT,97817,18.39,64.05,2.755,8.385,89.02,102928.47
TWB14,Uvalde_2020_02,29.60214,-99.73007,436.7784,6/28/21,p,2021,04/03/2021 16:55 CDT,97815,18.47,64.05,2.655,8.385,121.5,102925.47
TWB14,Uvalde_2020_02,29.60214,-99.73007,436.7784,6/28/21,p,2021,04/03/2021 17:00 CDT,97804,18.64,63.38,2.795,8.385,131.61,102910.67
TWB14,Uvalde_2020_02,29.60214,-99.73007,436.7784,6/28/21,p,2021,04/03/2021 17:05 CDT,97793,18.69,63.45,3.11,8.385,122.73,102897.49
TWB14,Uvalde_2020_02,29.60214,-99.73007,436.7784,6/28/21,p,2021,04/03/2021 17:10 CDT,97792,18.69,63.58,3.125,8.385,112.73,102896.44
TWB14,Uvalde_2020_02,29.60214,-99.73007,436.7784,6/28/21,p,2021,04/03/2021 17:15 CDT,97790,18.78,63.28,2.34,8.385,77.86,102893.26
TWB14,Uvalde_2020_02,29.60214,-99.73007,436.7784,6/28/21,p,2021,04/03/2021 17:20 CDT,97792,18.83,63.45,2.135,8.385,73.5,102894.29
TWB14,Uvalde_2020_02,29.60214,-99.73007,436.7784,6/28/21,p,2021,04/03/2021 17:25 CDT,97792,18.87,62.97,2.185,8.385,66.93,102893.22
TWB14,Uvalde_2020_02,29.60214,-99.73007,436.7784,6/28/21,p,2021,04/03/2021 17:30 CDT,97794,18.83,62.84,3.105,8.385,64.27,102896.22
TWB14,Uvalde_2020_02,29.60214,-99.73007,436.7784,6/28/21,p,2021,04/03/2021 17:35 CDT,97802,18.8,62.23,2.765,8.385,47.06,102905.36
TWB14,Uvalde_2020_02,29.60214,-99.73007,436.7784,6/28/21,p,2021,04/03/2021 17:40 CDT,97801,18.77,62.57,2.555,8.385,35.11,102905.02
TWB14,Uvalde_2020_02,29.60214,-99.73007,436.7784,6/28/21,p,2021,04/03/2021 17:45 CDT,97800,18.73,63.18,2.535,8.385,30.42,102904.86
TWB14,Uvalde_2020_02,29.60214,-99.73007,436.7784,6/28/21,p,2021,04/03/2021 17:50 CDT,97792,18.73,62.7,2.535,8.385,33.65,102896.62
TWB14,Uvalde_2020_02,29.60214,-99.73007,436.7784,6/28/21,p,2021,04/03/2021 17:55 CDT,97793,18.75,62.7,2.68,8.385,33.61,102897.67
TWB14,Uvalde_2020_02,29.60214,-99.73007,436.7784,6/28/21,p,2021,04/03/2021 18:00 CDT,97790,18.76,62.77,2.985,8.385,35.68,102894.52
TWB14,Uvalde_2020_02,29.60214,-99.73007,436.7784,6/28/21,p,2021,04/03/2021 18:05 CDT,97789,18.78,62.1,2.265,8.385,39.88,102893.29
TWB14,Uvalde_2020_02,29.60214,-99.73007,436.7784,6/28/21,p,2021,04/03/2021 18:10 CDT,97788,18.86,61.09,3.36,8.385,39.79,102891.17
TWB14,Uvalde_2020_02,29.60214,-99.73007,436.7784,6/28/21,p,2021,04/03/2021 18:15 CDT,97789,18.92,60.88,3.08,8.385,34.04,102891.15
TWB14,Uvalde_2020_02,29.60214,-99.73007,436.7784,6/28/21,p,2021,04/03/2021 18:20 CDT,97789,18.95,61.22,1.805,8.385,34.27,102890.08
TWB14,Uvalde_2020_02,29.60214,-99.73007,436.7784,6/28/21,p,2021,04/03/2021 18:25 CDT,97789,19,59.97,3.01,8.385,35.46,102889.19
TWB14,Uvalde_2020_02,29.60214,-99.73007,436.7784,6/28/21,p,2021,04/03/2021 18:30 CDT,97789,19.03,59.33,2.805,8.385,34,102888.66
TWB14,Uvalde_2020_02,29.60214,-99.73007,436.7784,6/28/21,p,2021,04/03/2021 18:35 CDT,97790,19.04,58.25,3.085,8.385,29.07,102889.72
TWB14,Uvalde_2020_02,29.60214,-99.73007,436.7784,6/28/21,p,2021,04/03/2021 18:40 CDT,97795,19.02,58.66,2.69,8.385,25.51,102894.98
TWB14,Uvalde_2020_02,29.60214,-99.73007,436.7784,6/28/21,p,2021,04/03/2021 18:45 CDT,97800,18.99,58.89,3.13,8.385,26.42,102900.59
TWB14,Uvalde_2020_02,29.60214,-99.73007,436.7784,6/28/21,p,2021,04/03/2021 18:50 CDT,97804,18.95,59.2,2.96,8.385,23.46,102905.52
TWB14,Uvalde_2020_02,29.60214,-99.73007,436.7784,6/28/21,p,2021,04/03/2021 18:55 CDT,97812,18.91,58.79,3.675,9.215,22.91,102915.01
TWB14,Uvalde_2020_02,29.60214,-99.73007,436.7784,6/28/21,p,2021,04/03/2021 19:00 CDT,97816,18.88,59.1,2.995,8.885,19.61,102919.75
TWB14,Uvalde_2020_02,29.60214,-99.73007,436.7784,6/28/21,p,2021,04/03/2021 19:05 CDT,97818,18.84,59.2,3.45,8.885,17.08,102922.75
TWB14,Uvalde_2020_02,29.60214,-99.73007,436.7784,6/28/21,p,2021,04/03/2021 19:10 CDT,97824,18.81,59.54,2.69,8.885,13.3,102929.59
TWB14,Uvalde_2020_02,29.60214,-99.73007,436.7784,6/28/21,p,2021,04/03/2021 19:15 CDT,97833,18.78,59.53,2.99,8.885,10.24,102939.6
TWB14,Uvalde_2020_02,29.60214,-99.73007,436.7784,6/28/21,p,2021,04/03/2021 19:20 CDT,97838,18.76,59.67,3.365,8.885,8.57,102945.04
TWB14,Uvalde_2020_02,29.60214,-99.73007,436.7784,6/28/21,p,2021,04/03/2021 19:25 CDT,97839,18.73,60.21,2.785,8.885,7.18,102946.45
TWB14,Uvalde_2020_02,29.60214,-99.73007,436.7784,6/28/21,p,2021,04/03/2021 19:30 CDT,97844,18.69,60.01,2.58,8.885,5.68,102952.6
TWB14,Uvalde_2020_02,29.60214,-99.73007,436.7784,6/28/21,p,2021,04/03/2021 19:35 CDT,97844,18.68,59.87,3.38,8.885,4.43,102953.32
TWB14,Uvalde_2020_02,29.60214,-99.73007,436.7784,6/28/21,p,2021,04/03/2021 19:40 CDT,97844,18.65,60.82,2.24,8.885,3.61,102953.49
TWB14,Uvalde_2020_02,29.60214,-99.73007,436.7784,6/28/21,p,2021,04/03/2021 19:45 CDT,97844,18.59,60.88,3.06,8.885,2.09,102954.75
TWB14,Uvalde_2020_02,29.60214,-99.73007,436.7784,6/28/21,p,2021,04/03/2021 19:50 CDT,97847,18.54,61.32,2.97,8.885,1.24,102958.62
TWB14,Uvalde_2020_02,29.60214,-99.73007,436.7784,6/28/21,p,2021,04/03/2021 19:55 CDT,97854,18.5,61.9,3.01,8.885,0.76,102966.7
TWB14,Uvalde_2020_02,29.60214,-99.73007,436.7784,6/28/21,p,2021,04/03/2021 20:00 CDT,97857,18.48,62.17,2.96,8.885,0.58,102970.03
TWB14,Uvalde_2020_02,29.60214,-99.73007,436.7784,6/28/21,p,2021,04/03/2021 20:05 CDT,97858,18.42,62.64,2.315,8.885,0.4,102972.16
TWB14,Uvalde_2020_02,29.60214,-99.73007,436.7784,6/28/21,p,2021,04/03/2021 20:10 CDT,97860,18.37,62.58,2.78,8.885,0.02,102975.34
TWB14,Uvalde_2020_02,29.60214,-99.73007,436.7784,6/28/21,p,2021,04/03/2021 20:15 CDT,97865,18.34,62.85,2.38,8.885,0,102981.13
TWB14,Uvalde_2020_02,29.60214,-99.73007,436.7784,6/28/21,p,2021,04/03/2021 20:20 CDT,97875,18.3,62.98,2.095,8.885,0.01,102992.37
TWB14,Uvalde_2020_02,29.60214,-99.73007,436.7784,6/28/21,p,2021,04/03/2021 20:25 CDT,97876,18.3,62.24,3,8.885,0,102994.15
TWB14,Uvalde_2020_02,29.60214,-99.73007,436.7784,6/28/21,p,2021,04/03/2021 20:30 CDT,97876,18.33,62.17,2.655,8.885,0,102993.43
TWB14,Uvalde_2020_02,29.60214,-99.73007,436.7784,6/28/21,p,2021,04/03/2021 20:35 CDT,97883,18.34,62.51,2.415,8.885,0,103000.62
TWB14,Uvalde_2020_02,29.60214,-99.73007,436.7784,6/28/21,p,2021,04/03/2021 20:40 CDT,97893,18.3,62.45,2.815,8.885,0,103011.68
TWB14,Uvalde_2020_02,29.60214,-99.73007,436.7784,6/28/21,p,2021,04/03/2021 20:45 CDT,97892,18.27,62.51,1.93,8.885,0,103011.16
TWB14,Uvalde_2020_02,29.60214,-99.73007,436.7784,6/28/21,p,2021,04/03/2021 20:50 CDT,97898,18.26,62.72,2.815,8.885,0,103017.66
TWB14,Uvalde_2020_02,29.60214,-99.73007,436.7784,6/28/21,p,2021,04/03/2021 20:55 CDT,97904,18.26,62.99,2.365,8.885,0,103023.97
TWB14,Uvalde_2020_02,29.60214,-99.73007,436.7784,6/28/21,p,2021,04/03/2021 21:00 CDT,97908,18.24,63.46,1.9,8.885,0,103028.17
TWB14,Uvalde_2020_02,29.60214,-99.73007,436.7784,6/28/21,p,2021,04/03/2021 21:05 CDT,97916,18.24,63.4,2.72,8.885,0,103036.59
TWB14,Uvalde_2020_02,29.60214,-99.73007,436.7784,6/28/21,p,2021,04/03/2021 21:10 CDT,97922,18.26,63.26,2.585,8.885,0,103042.91
TWB14,Uvalde_2020_02,29.60214,-99.73007,436.7784,6/28/21,p,2021,04/03/2021 21:15 CDT,97927,18.24,63.53,1.935,8.885,0,103048.17
TWB14,Uvalde_2020_02,29.60214,-99.73007,436.7784,6/28/21,p,2021,04/03/2021 21:20 CDT,97933,18.18,64.21,2.115,8.885,0.06,103055.56
TWB14,Uvalde_2020_02,29.60214,-99.73007,436.7784,6/28/21,p,2021,04/03/2021 21:25 CDT,97935,18.14,64.07,1.83,8.885,0.01,103058.38
TWB14,Uvalde_2020_02,29.60214,-99.73007,436.7784,6/28/21,p,2021,04/03/2021 21:30 CDT,97937,18.09,63.87,2.665,8.885,0,103061.57
TWB14,Uvalde_2020_02,29.60214,-99.73007,436.7784,6/28/21,p,2021,04/03/2021 21:35 CDT,97944,18.14,64.07,3.08,8.885,0,103068.39
TWB14,Uvalde_2020_02,29.60214,-99.73007,436.7784,6/28/21,p,2021,04/03/2021 21:40 CDT,97951,18.14,63.67,2.985,8.885,0,103075.76
TWB14,Uvalde_2020_02,29.60214,-99.73007,436.7784,6/28/21,p,2021,04/03/2021 21:45 CDT,97962,18.16,63.8,2.735,8.885,0,103086.98
TWB14,Uvalde_2020_02,29.60214,-99.73007,436.7784,6/28/21,p,2021,04/03/2021 21:50 CDT,97966,18.13,64.21,2.36,8.885,0,103091.36
TWB14,Uvalde_2020_02,29.60214,-99.73007,436.7784,6/28/21,p,2021,04/03/2021 21:55 CDT,97969,18.11,64.21,3.37,8.885,0,103094.7
TWB14,Uvalde_2020_02,29.60214,-99.73007,436.7784,6/28/21,p,2021,04/03/2021 22:00 CDT,97977,18.07,64.55,3.225,8.885,0,103104.02
TWB14,Uvalde_2020_02,29.60214,-99.73007,436.7784,6/28/21,p,2021,04/03/2021 22:05 CDT,97987,18.05,64.61,2.575,8.885,0,103114.72
TWB14,Uvalde_2020_02,29.60214,-99.73007,436.7784,6/28/21,p,2021,04/03/2021 22:10 CDT,97989,18.02,64.65,2.815,8.885,0,103117.72
TWB14,Uvalde_2020_02,29.60214,-99.73007,436.7784,6/28/21,p,2021,04/03/2021 22:15 CDT,97990,18.02,65.02,2.21,8.885,0,103118.59
TWB14,Uvalde_2020_02,29.60214,-99.73007,436.7784,6/28/21,p,2021,04/03/2021 22:20 CDT,97989,18,64.72,2.88,8.885,0,103118.08
TWB14,Uvalde_2020_02,29.60214,-99.73007,436.7784,6/28/21,p,2021,04/03/2021 22:25 CDT,97991,17.98,65.19,2.365,8.885,0,103120.18
TWB14,Uvalde_2020_02,29.60214,-99.73007,436.7784,6/28/21,p,2021,04/03/2021 22:30 CDT,97987,17.99,64.61,3.61,8.885,0,103115.98
TWB14,Uvalde_2020_02,29.60214,-99.73007,436.7784,6/28/21,p,2021,04/03/2021 22:35 CDT,97990,17.98,65.09,2.595,8.485,0,103119.13
TWB14,Uvalde_2020_02,29.60214,-99.73007,436.7784,6/28/21,p,2021,04/03/2021 22:40 CDT,97997,17.98,65.09,3.8,8.485,0,103126.5
TWB14,Uvalde_2020_02,29.60214,-99.73007,436.7784,6/28/21,p,2021,04/03/2021 22:45 CDT,97997,17.95,65.42,3.08,8.485,0,103126.86
TWB14,Uvalde_2020_02,29.60214,-99.73007,436.7784,6/28/21,p,2021,04/03/2021 22:50 CDT,97995,17.9,65.39,3.375,8.485,0.01,103125.65
TWB14,Uvalde_2020_02,29.60214,-99.73007,436.7784,6/28/21,p,2021,04/03/2021 22:55 CDT,97995,17.87,65.42,3.975,8.9,0,103126.56
TWB14,Uvalde_2020_02,29.60214,-99.73007,436.7784,6/28/21,p,2021,04/03/2021 23:00 CDT,97997,17.85,65.46,3.57,8.565,0,103129.02
TWB14,Uvalde_2020_02,29.60214,-99.73007,436.7784,6/28/21,p,2021,04/03/2021 23:05 CDT,97996,17.83,65.76,2.36,8.565,0,103128.33
TWB14,Uvalde_2020_02,29.60214,-99.73007,436.7784,6/28/21,p,2021,04/03/2021 23:10 CDT,98000,17.79,65.69,2.64,8.565,0,103133.26
TWB14,Uvalde_2020_02,29.60214,-99.73007,436.7784,6/28/21,p,2021,04/03/2021 23:15 CDT,98004,17.78,65.56,2.495,8.565,0,103137.65
TWB14,Uvalde_2020_02,29.60214,-99.73007,436.7784,6/28/21,p,2021,04/03/2021 23:20 CDT,98000,17.78,65.59,2.325,8.565,0,103133.62
TWB14,Uvalde_2020_02,29.60214,-99.73007,436.7784,6/28/21,p,2021,04/03/2021 23:25 CDT,97992,17.74,65.42,3.05,8.565,0,103125.92
TWB14,Uvalde_2020_02,29.60214,-99.73007,436.7784,6/28/21,p,2021,04/03/2021 23:30 CDT,97991,17.73,65.32,3.635,8.565,0,103125.05
TWB14,Uvalde_2020_02,29.60214,-99.73007,436.7784,6/28/21,p,2021,04/03/2021 23:35 CDT,97989,17.71,65.83,2.955,8.565,0,103122.94
TWB14,Uvalde_2020_02,29.60214,-99.73007,436.7784,6/28/21,p,2021,04/03/2021 23:40 CDT,97990,17.67,66.17,3.83,8.565,0,103124.54
TWB14,Uvalde_2020_02,29.60214,-99.73007,436.7784,6/28/21,p,2021,04/03/2021 23:45 CDT,97991,17.59,66.3,2.235,8.565,0.02,103127.03
TWB14,Uvalde_2020_02,29.60214,-99.73007,436.7784,6/28/21,p,2021,04/03/2021 23:50 CDT,97993,17.56,66.3,2.74,8.565,0,103129.68
TWB14,Uvalde_2020_02,29.60214,-99.73007,436.7784,6/28/21,p,2021,04/03/2021 23:55 CDT,97992,17.52,66.4,3.065,8.565,0,103129.53
TWB14,Uvalde_2020_02,29.60214,-99.73007,436.7784,6/28/21,p,2021,04/04/2021 00:00 CDT,97992,17.51,65.83,3.72,8.565,0,103130.08
TWB14,Uvalde_2020_02,29.60214,-99.73007,436.7784,6/28/21,p,2021,04/04/2021 00:05 CDT,97993,17.52,65.83,4.18,8.565,0,103130.95
TWB14,Uvalde_2020_02,29.60214,-99.73007,436.7784,6/28/21,p,2021,04/04/2021 00:10 CDT,97995,17.52,65.76,3.665,8.565,0,103133.05
TWB14,Uvalde_2020_02,29.60214,-99.73007,436.7784,6/28/21,p,2021,04/04/2021 00:15 CDT,97991,17.51,65.56,3.08,8.565,0,103128.84
TWB14,Uvalde_2020_02,29.60214,-99.73007,436.7784,6/28/21,p,2021,04/04/2021 00:20 CDT,97981,17.47,65.76,3.06,8.565,0,103119.04
TWB14,Uvalde_2020_02,29.60214,-99.73007,436.7784,6/28/21,p,2021,04/04/2021 00:25 CDT,97980,17.45,65.76,3.2,8.565,0,103118.35
TWB14,Uvalde_2020_02,29.60214,-99.73007,436.7784,6/28/21,p,2021,04/04/2021 00:30 CDT,97981,17.44,65.93,3.09,8.565,0,103119.4
TWB14,Uvalde_2020_02,29.60214,-99.73007,436.7784,6/28/21,p,2021,04/04/2021 00:35 CDT,97985,17.41,66.03,2.285,8.565,0,103123.79
TWB14,Uvalde_2020_02,29.60214,-99.73007,436.7784,6/28/21,p,2021,04/04/2021 00:40 CDT,97975,17.37,66.1,1.955,8.565,0.18,103113.99
TWB14,Uvalde_2020_02,29.60214,-99.73007,436.7784,6/28/21,p,2021,04/04/2021 00:45 CDT,97970,17.32,66.54,2.775,8.565,0,103109.81
TWB14,Uvalde_2020_02,29.60214,-99.73007,436.7784,6/28/21,p,2021,04/04/2021 00:50 CDT,97971,17.27,66.57,2.64,8.565,0.06,103111.77
TWB14,Uvalde_2020_02,29.60214,-99.73007,436.7784,6/28/21,p,2021,04/04/2021 00:55 CDT,97979,17.23,66.5,3.04,8.565,0,103121.09
TWB14,Uvalde_2020_02,29.60214,-99.73007,436.7784,6/28/21,p,2021,04/04/2021 01:00 CDT,97980,17.19,66.91,2.795,8.565,0,103123.05
TWB14,Uvalde_2020_02,29.60214,-99.73007,436.7784,6/28/21,p,2021,04/04/2021 01:05 CDT,97982,17.14,67.11,1.99,8.565,0,103125.33
TWB14,Uvalde_2020_02,29.60214,-99.73007,436.7784,6/28/21,p,2021,04/04/2021 01:10 CDT,97986,17.1,67.14,2.115,8.565,0,103130.27
TWB14,Uvalde_2020_02,29.60214,-99.73007,436.7784,6/28/21,p,2021,04/04/2021 01:15 CDT,97991,17.03,66.98,2.72,8.565,0,103136.8
TWB14,Uvalde_2020_02,29.60214,-99.73007,436.7784,6/28/21,p,2021,04/04/2021 01:20 CDT,97991,16.98,67.45,2.49,8.565,0,103137.89
TWB14,Uvalde_2020_02,29.60214,-99.73007,436.7784,6/28/21,p,2021,04/04/2021 01:25 CDT,97993,16.91,67.48,1.72,8.565,0.03,103141.26
TWB14,Uvalde_2020_02,29.60214,-99.73007,436.7784,6/28/21,p,2021,04/04/2021 01:30 CDT,97991,16.86,67.58,2.12,8.565,0,103139.88
TWB14,Uvalde_2020_02,29.60214,-99.73007,436.7784,6/28/21,p,2021,04/04/2021 01:35 CDT,97991,16.82,67.92,2.17,8.565,0,103140.61
TWB14,Uvalde_2020_02,29.60214,-99.73007,436.7784,6/28/21,p,2021,04/04/2021 01:40 CDT,97991,16.77,68.39,1.535,8.565,0,103141.69
TWB14,Uvalde_2020_02,29.60214,-99.73007,436.7784,6/28/21,p,2021,04/04/2021 01:45 CDT,97990,16.71,68.43,1.795,8.565,0,103141.55
TWB14,Uvalde_2020_02,29.60214,-99.73007,436.7784,6/28/21,p,2021,04/04/2021 01:50 CDT,97984,16.65,68.66,1.875,8.565,0,103136.5
TWB14,Uvalde_2020_02,29.60214,-99.73007,436.7784,6/28/21,p,2021,04/04/2021 01:55 CDT,97980,16.6,69.17,2.25,8.565,0,103133.02
TWB14,Uvalde_2020_02,29.60214,-99.73007,436.7784,6/28/21,p,2021,04/04/2021 02:00 CDT,97982,16.56,69.27,2.22,8.565,0,103135.85
TWB14,Uvalde_2020_02,29.60214,-99.73007,436.7784,6/28/21,p,2021,04/04/2021 02:05 CDT,97969,16.51,69.47,1.905,8.565,0,103123.07
TWB14,Uvalde_2020_02,29.60214,-99.73007,436.7784,6/28/21,p,2021,04/04/2021 02:10 CDT,97964,16.46,69.54,2.04,8.565,0,103118.9
TWB14,Uvalde_2020_02,29.60214,-99.73007,436.7784,6/28/21,p,2021,04/04/2021 02:15 CDT,97961,16.41,69.91,2.135,8.565,0,103116.65
TWB14,Uvalde_2020_02,29.60214,-99.73007,436.7784,6/28/21,p,2021,04/04/2021 02:20 CDT,97969,16.35,70.15,2.26,8.565,0,103126.17
TWB14,Uvalde_2020_02,29.60214,-99.73007,436.7784,6/28/21,p,2021,04/04/2021 02:25 CDT,97971,16.32,70.55,2.305,8.565,0,103128.63
TWB14,Uvalde_2020_02,29.60214,-99.73007,436.7784,6/28/21,p,2021,04/04/2021 02:30 CDT,97967,16.26,70.82,2.38,8.565,0,103125.33
TWB14,Uvalde_2020_02,29.60214,-99.73007,436.7784,6/28/21,p,2021,04/04/2021 02:35 CDT,97965,16.2,71.09,1.965,8.565,0,103124.5
TWB14,Uvalde_2020_02,29.60214,-99.73007,436.7784,6/28/21,p,2021,04/04/2021 02:40 CDT,97968,16.15,71.5,1.775,8.565,0,103128.57
TWB14,Uvalde_2020_02,29.60214,-99.73007,436.7784,6/28/21,p,2021,04/04/2021 02:45 CDT,97954,16.08,71.63,2.32,8.565,0,103115.29
TWB14,Uvalde_2020_02,29.60214,-99.73007,436.7784,6/28/21,p,2021,04/04/2021 02:50 CDT,97951,16.05,71.9,2.175,8.565,0,103112.5
TWB14,Uvalde_2020_02,29.60214,-99.73007,436.7784,6/28/21,p,2021,04/04/2021 02:55 CDT,97951,16.02,72.31,2.21,8.565,0,103113.22
TWB14,Uvalde_2020_02,29.60214,-99.73007,436.7784,6/28/21,p,2021,04/04/2021 03:00 CDT,97942,15.99,72.31,2.75,8.565,0,103104.11
TWB14,Uvalde_2020_02,29.60214,-99.73007,436.7784,6/28/21,p,2021,04/04/2021 03:05 CDT,97936,15.94,72.78,2.405,8.565,0,103098.71
TWB14,Uvalde_2020_02,29.60214,-99.73007,436.7784,6/28/21,p,2021,04/04/2021 03:10 CDT,97937,15.91,72.78,2.37,8.565,0,103100.49
TWB14,Uvalde_2020_02,29.60214,-99.73007,436.7784,6/28/21,p,2021,04/04/2021 03:15 CDT,97936,15.88,73.12,2.695,8.565,0,103099.98
TWB14,Uvalde_2020_02,29.60214,-99.73007,436.7784,6/28/21,p,2021,04/04/2021 03:20 CDT,97930,15.85,73.25,2.1,8.565,0,103094.4
TWB14,Uvalde_2020_02,29.60214,-99.73007,436.7784,6/28/21,p,2021,04/04/2021 03:25 CDT,97931,15.82,73.53,1.965,8.565,0,103096
TWB14,Uvalde_2020_02,29.60214,-99.73007,436.7784,6/28/21,p,2021,04/04/2021 03:30 CDT,97925,15.8,73.76,2.14,8.565,0,103089.86
TWB14,Uvalde_2020_02,29.60214,-99.73007,436.7784,6/28/21,p,2021,04/04/2021 03:35 CDT,97917,15.8,73.73,2.575,8.565,0,103081.44
TWB14,Uvalde_2020_02,29.60214,-99.73007,436.7784,6/28/21,p,2021,04/04/2021 03:40 CDT,97916,15.78,73.93,2.29,8.565,0,103080.57
TWB14,Uvalde_2020_02,29.60214,-99.73007,436.7784,6/28/21,p,2021,04/04/2021 03:45 CDT,97914,15.75,74.27,1.97,8.565,0,103079.01
TWB14,Uvalde_2020_02,29.60214,-99.73007,436.7784,6/28/21,p,2021,04/04/2021 03:50 CDT,97910,15.74,74.47,2.095,8.565,0,103074.98
TWB14,Uvalde_2020_02,29.60214,-99.73007,436.7784,6/28/21,p,2021,04/04/2021 03:55 CDT,97894,15.7,74.61,2.51,8.565,0,103059.05
TWB14,Uvalde_2020_02,29.60214,-99.73007,436.7784,6/28/21,p,2021,04/04/2021 04:00 CDT,97889,15.67,74.85,2.22,8.565,0,103054.34
TWB14,Uvalde_2020_02,29.60214,-99.73007,436.7784,6/28/21,p,2021,04/04/2021 04:05 CDT,97889,15.65,75.32,2.63,8.565,0,103054.52
TWB14,Uvalde_2020_02,29.60214,-99.73007,436.7784,6/28/21,p,2021,04/04/2021 04:10 CDT,97887,15.61,75.62,2.585,8.565,0,103053.32
TWB14,Uvalde_2020_02,29.60214,-99.73007,436.7784,6/28/21,p,2021,04/04/2021 04:15 CDT,97881,15.58,75.69,2.63,8.565,0,103047.74
TWB14,Uvalde_2020_02,29.60214,-99.73007,436.7784,6/28/21,p,2021,04/04/2021 04:20 CDT,97874,15.55,75.83,2.125,8.565,0,103040.92
TWB14,Uvalde_2020_02,29.60214,-99.73007,436.7784,6/28/21,p,2021,04/04/2021 04:25 CDT,97868,15.54,75.96,1.865,8.565,0,103034.6
TWB14,Uvalde_2020_02,29.60214,-99.73007,436.7784,6/28/21,p,2021,04/04/2021 04:30 CDT,97859,15.53,75.96,2.34,8.565,0,103025.12
TWB14,Uvalde_2020_02,29.60214,-99.73007,436.7784,6/28/21,p,2021,04/04/2021 04:35 CDT,97859,15.52,76.3,1.715,8.565,0,103025.31
TWB14,Uvalde_2020_02,29.60214,-99.73007,436.7784,6/28/21,p,2021,04/04/2021 04:40 CDT,97858,15.49,76.57,1.6,8.565,0,103024.62
TWB14,Uvalde_2020_02,29.60214,-99.73007,436.7784,6/28/21,p,2021,04/04/2021 04:45 CDT,97863,15.48,76.94,1.69,8.565,0,103030.06
TWB14,Uvalde_2020_02,29.60214,-99.73007,436.7784,6/28/21,p,2021,04/04/2021 04:50 CDT,97862,15.45,77.41,2.19,8.565,0,103029.56
TWB14,Uvalde_2020_02,29.60214,-99.73007,436.7784,6/28/21,p,2021,04/04/2021 04:55 CDT,97872,15.41,77.99,2.415,8.565,0,103040.81
TWB14,Uvalde_2020_02,29.60214,-99.73007,436.7784,6/28/21,p,2021,04/04/2021 05:00 CDT,97873,15.39,77.99,2.095,8.565,0,103042.42
TWB14,Uvalde_2020_02,29.60214,-99.73007,436.7784,6/28/21,p,2021,04/04/2021 05:05 CDT,97885,15.37,78.05,1.825,8.565,0,103055.42
TWB14,Uvalde_2020_02,29.60214,-99.73007,436.7784,6/28/21,p,2021,04/04/2021 05:10 CDT,97889,15.36,78.12,2.23,8.565,0,103059.99
TWB14,Uvalde_2020_02,29.60214,-99.73007,436.7784,6/28/21,p,2021,04/04/2021 05:15 CDT,97882,15.34,78.56,1.77,8.565,0,103052.99
TWB14,Uvalde_2020_02,29.60214,-99.73007,436.7784,6/28/21,p,2021,04/04/2021 05:20 CDT,97870,15.28,78.93,2.41,8.565,0,103041.27
TWB14,Uvalde_2020_02,29.60214,-99.73007,436.7784,6/28/21,p,2021,04/04/2021 05:25 CDT,97863,15.24,79.34,2.765,8.565,0,103034.45
TWB14,Uvalde_2020_02,29.60214,-99.73007,436.7784,6/28/21,p,2021,04/04/2021 05:30 CDT,97863,15.21,79.81,2.465,8.565,0,103035
TWB14,Uvalde_2020_02,29.60214,-99.73007,436.7784,6/28/21,p,2021,04/04/2021 05:35 CDT,97867,15.17,80.2,1.52,8.565,0.03,103039.76
TWB14,Uvalde_2020_02,29.60214,-99.73007,436.7784,6/28/21,p,2021,04/04/2021 05:40 CDT,97869,15.11,80.9,1.54,8.565,0,103042.78
TWB14,Uvalde_2020_02,29.60214,-99.73007,436.7784,6/28/21,p,2021,04/04/2021 05:45 CDT,97873,15.05,81.1,1.305,8.565,0,103048.45
TWB14,Uvalde_2020_02,29.60214,-99.73007,436.7784,6/28/21,p,2021,04/04/2021 05:50 CDT,97884,15.04,81.2,1.69,8.565,0,103060.4
TWB14,Uvalde_2020_02,29.60214,-99.73007,436.7784,6/28/21,p,2021,04/04/2021 05:55 CDT,97891,14.99,81.5,1.785,8.565,0,103068.51
TWB14,Uvalde_2020_02,29.60214,-99.73007,436.7784,6/28/21,p,2021,04/04/2021 06:00 CDT,97892,14.97,81.8,1.52,8.565,0,103069.74
TWB14,Uvalde_2020_02,29.60214,-99.73007,436.7784,6/28/21,p,2021,04/04/2021 06:05 CDT,97892,14.94,81.8,1.045,8.565,0,103070.48
TWB14,Uvalde_2020_02,29.60214,-99.73007,436.7784,6/28/21,p,2021,04/04/2021 06:10 CDT,97892,14.94,82.1,1.325,8.565,0,103070.66
TWB14,Uvalde_2020_02,29.60214,-99.73007,436.7784,6/28/21,p,2021,04/04/2021 06:15 CDT,97894,14.94,82,1.64,8.565,0,103072.77
TWB14,Uvalde_2020_02,29.60214,-99.73007,436.7784,6/28/21,p,2021,04/04/2021 06:20 CDT,97894,14.94,82.1,1.275,8.565,0,103072.77
TWB14,Uvalde_2020_02,29.60214,-99.73007,436.7784,6/28/21,p,2021,04/04/2021 06:25 CDT,97907,14.93,82.1,1.46,8.565,0,103086.45
TWB14,Uvalde_2020_02,29.60214,-99.73007,436.7784,6/28/21,p,2021,04/04/2021 06:30 CDT,97910,14.92,82.4,1.33,8.565,0,103089.79
TWB14,Uvalde_2020_02,29.60214,-99.73007,436.7784,6/28/21,p,2021,04/04/2021 06:35 CDT,97906,14.91,82.6,1.69,8.565,0,103085.58
TWB14,Uvalde_2020_02,29.60214,-99.73007,436.7784,6/28/21,p,2021,04/04/2021 06:40 CDT,97914,14.86,82.8,1.81,8.565,0,103095.11
TWB14,Uvalde_2020_02,29.60214,-99.73007,436.7784,6/28/21,p,2021,04/04/2021 06:45 CDT,97920,14.83,83.1,1.96,8.565,0,103101.79
TWB14,Uvalde_2020_02,29.60214,-99.73007,436.7784,6/28/21,p,2021,04/04/2021 06:50 CDT,97922,14.82,83.7,1.71,8.565,0,103104.26
TWB14,Uvalde_2020_02,29.60214,-99.73007,436.7784,6/28/21,p,2021,04/04/2021 06:55 CDT,97919,14.78,84,1.91,8.565,0,103101.84
TWB14,Uvalde_2020_02,29.60214,-99.73007,436.7784,6/28/21,p,2021,04/04/2021 07:00 CDT,97922,14.75,84.1,1.785,8.565,0,103105.73
TWB14,Uvalde_2020_02,29.60214,-99.73007,436.7784,6/28/21,p,2021,04/04/2021 07:05 CDT,97925,14.75,84.5,1.515,8.565,0,103109.07
TWB14,Uvalde_2020_02,29.60214,-99.73007,436.7784,6/28/21,p,2021,04/04/2021 07:10 CDT,97928,14.75,84.6,2.21,8.565,0,103112.42
TWB14,Uvalde_2020_02,29.60214,-99.73007,436.7784,6/28/21,p,2021,04/04/2021 07:15 CDT,97923,14.78,84.6,1.67,8.565,0,103106.78
TWB14,Uvalde_2020_02,29.60214,-99.73007,436.7784,6/28/21,p,2021,04/04/2021 07:20 CDT,97923,14.75,84.7,1.92,8.565,0,103106.97
TWB14,Uvalde_2020_02,29.60214,-99.73007,436.7784,6/28/21,p,2021,04/04/2021 07:25 CDT,97923,14.74,84.9,2.215,8.565,0,103107.15
TWB14,Uvalde_2020_02,29.60214,-99.73007,436.7784,6/28/21,p,2021,04/04/2021 07:30 CDT,97923,14.74,85.1,2.35,8.565,0,103107.15
TWB14,Uvalde_2020_02,29.60214,-99.73007,436.7784,6/28/21,p,2021,04/04/2021 07:35 CDT,97927,14.75,85.2,2.395,8.565,0.03,103111.36
TWB14,Uvalde_2020_02,29.60214,-99.73007,436.7784,6/28/21,p,2021,04/04/2021 07:40 CDT,97930,14.74,85.4,2.26,8.565,0.7,103114.52
TWB14,Uvalde_2020_02,29.60214,-99.73007,436.7784,6/28/21,p,2021,04/04/2021 07:45 CDT,97937,14.73,85.8,1.455,8.565,1.23,103121.89
TWB14,Uvalde_2020_02,29.60214,-99.73007,436.7784,6/28/21,p,2021,04/04/2021 07:50 CDT,97945,14.71,86.5,1.665,8.565,2.02,103130.31
TWB14,Uvalde_2020_02,29.60214,-99.73007,436.7784,6/28/21,p,2021,04/04/2021 07:55 CDT,97950,14.68,86.8,1.665,8.565,2.21,103136.12
TWB14,Uvalde_2020_02,29.60214,-99.73007,436.7784,6/28/21,p,2021,04/04/2021 08:00 CDT,97955,14.64,86.9,1.76,8.565,1.85,103141.94
TWB14,Uvalde_2020_02,29.60214,-99.73007,436.7784,6/28/21,p,2021,04/04/2021 08:05 CDT,97967,14.65,87,1.27,8.565,2.16,103154.76
TWB14,Uvalde_2020_02,29.60214,-99.73007,436.7784,6/28/21,p,2021,04/04/2021 08:10 CDT,97973,14.65,86.8,2.44,8.565,2.49,103161.08
TWB14,Uvalde_2020_02,29.60214,-99.73007,436.7784,6/28/21,p,2021,04/04/2021 08:15 CDT,97980,14.66,86.8,2.515,8.565,4.23,103168.45
TWB14,Uvalde_2020_02,29.60214,-99.73007,436.7784,6/28/21,p,2021,04/04/2021 08:20 CDT,97989,14.68,86.8,2.705,8.565,5.36,103177.74
TWB14,Uvalde_2020_02,29.60214,-99.73007,436.7784,6/28/21,p,2021,04/04/2021 08:25 CDT,97995,14.69,86.8,2.145,8.565,7.11,103183.88
TWB14,Uvalde_2020_02,29.60214,-99.73007,436.7784,6/28/21,p,2021,04/04/2021 08:30 CDT,98003,14.67,86.8,1.795,8.565,6.97,103192.3
TWB14,Uvalde_2020_02,29.60214,-99.73007,436.7784,6/28/21,p,2021,04/04/2021 08:35 CDT,98003,14.66,87,1.82,8.565,9.54,103192.11
TWB14,Uvalde_2020_02,29.60214,-99.73007,436.7784,6/28/21,p,2021,04/04/2021 08:40 CDT,98001,14.61,87.4,2.77,8.565,14.5,103190.74
TWB14,Uvalde_2020_02,29.60214,-99.73007,436.7784,6/28/21,p,2021,04/04/2021 08:45 CDT,98002,14.56,87.3,2.135,8.565,17.69,103192.9
TWB14,Uvalde_2020_02,29.60214,-99.73007,436.7784,6/28/21,p,2021,04/04/2021 08:50 CDT,98003,14.53,87.2,1.765,8.565,18.87,103194.7
TWB14,Uvalde_2020_02,29.60214,-99.73007,436.7784,6/28/21,p,2021,04/04/2021 08:55 CDT,98004,14.49,87.5,1.825,8.565,15.79,103196.12
TWB14,Uvalde_2020_02,29.60214,-99.73007,436.7784,6/28/21,p,2021,04/04/2021 09:00 CDT,98009,14.41,87.9,1.575,8.565,15.18,103202.67
TWB14,Uvalde_2020_02,29.60214,-99.73007,436.7784,6/28/21,p,2021,04/04/2021 09:05 CDT,98019,14.38,88.2,1.77,8.565,15.17,103213.75
TWB14,Uvalde_2020_02,29.60214,-99.73007,436.7784,6/28/21,p,2021,04/04/2021 09:10 CDT,98024,14.35,88.3,2.14,8.565,17.27,103219.57
TWB14,Uvalde_2020_02,29.60214,-99.73007,436.7784,6/28/21,p,2021,04/04/2021 09:15 CDT,98029,14.31,88.5,2.065,8.565,18.92,103225.95
TWB14,Uvalde_2020_02,29.60214,-99.73007,436.7784,6/28/21,p,2021,04/04/2021 09:20 CDT,98030,14.34,88.5,2.37,8.565,20.69,103226.81
TWB14,Uvalde_2020_02,29.60214,-99.73007,436.7784,6/28/21,p,2021,04/04/2021 09:25 CDT,98030,14.38,88.1,2.58,8.565,22.01,103226.08
TWB14,Uvalde_2020_02,29.60214,-99.73007,436.7784,6/28/21,p,2021,04/04/2021 09:30 CDT,98031,14.39,88.1,2.565,8.565,20.86,103226.95
TWB14,Uvalde_2020_02,29.60214,-99.73007,436.7784,6/28/21,p,2021,04/04/2021 09:35 CDT,98030,14.41,88.3,1.7,8.565,20.28,103225.71
TWB14,Uvalde_2020_02,29.60214,-99.73007,436.7784,6/28/21,p,2021,04/04/2021 09:40 CDT,98030,14.44,88,2.075,8.565,20.76,103224.97
TWB14,Uvalde_2020_02,29.60214,-99.73007,436.7784,6/28/21,p,2021,04/04/2021 09:45 CDT,98030,14.47,87.7,1.825,8.565,23.99,103224.79
TWB14,Uvalde_2020_02,29.60214,-99.73007,436.7784,6/28/21,p,2021,04/04/2021 09:50 CDT,98030,14.55,87.5,1.645,8.565,23.45,103223.31
TWB14,Uvalde_2020_02,29.60214,-99.73007,436.7784,6/28/21,p,2021,04/04/2021 09:55 CDT,98030,14.59,87.6,1.37,8.565,27.46,103222.2
TWB14,Uvalde_2020_02,29.60214,-99.73007,436.7784,6/28/21,p,2021,04/04/2021 10:00 CDT,98030,14.67,87.1,1.35,8.565,31.77,103220.54
TWB14,Uvalde_2020_02,29.60214,-99.73007,436.7784,6/28/21,p,2021,04/04/2021 10:05 CDT,98030,14.72,87,1.71,8.565,38.32,103219.81
TWB14,Uvalde_2020_02,29.60214,-99.73007,436.7784,6/28/21,p,2021,04/04/2021 10:10 CDT,98030,14.79,87.4,1.5,8.565,44.16,103218.33
TWB14,Uvalde_2020_02,29.60214,-99.73007,436.7784,6/28/21,p,2021,04/04/2021 10:15 CDT,98029,14.81,87.6,2.055,8.565,48.04,103216.17
TWB14,Uvalde_2020_02,29.60214,-99.73007,436.7784,6/28/21,p,2021,04/04/2021 10:20 CDT,98030,14.81,87.6,1.675,8.565,51.56,103217.22
TWB14,Uvalde_2020_02,29.60214,-99.73007,436.7784,6/28/21,p,2021,04/04/2021 10:25 CDT,98034,14.84,87.6,1.895,8.565,56.51,103220.33
TWB14,Uvalde_2020_02,29.60214,-99.73007,436.7784,6/28/21,p,2021,04/04/2021 10:30 CDT,98033,14.85,87.4,2.305,8.565,59.27,103219.09
TWB14,Uvalde_2020_02,29.60214,-99.73007,436.7784,6/28/21,p,2021,04/04/2021 10:35 CDT,98033,14.83,87.9,2.86,8.565,62.45,103219.83
TWB14,Uvalde_2020_02,29.60214,-99.73007,436.7784,6/28/21,p,2021,04/04/2021 10:40 CDT,98034,14.82,88.1,2.655,8.565,64.44,103221.25
TWB14,Uvalde_2020_02,29.60214,-99.73007,436.7784,6/28/21,p,2021,04/04/2021 10:45 CDT,98039,14.83,88.4,2.365,8.565,57.39,103226.51
TWB14,Uvalde_2020_02,29.60214,-99.73007,436.7784,6/28/21,p,2021,04/04/2021 10:50 CDT,98041,14.88,87.9,2.28,8.565,49.86,103227.52
TWB14,Uvalde_2020_02,29.60214,-99.73007,436.7784,6/28/21,p,2021,04/04/2021 10:55 CDT,98038,14.87,88.4,2.175,8.565,53.61,103224.35
TWB14,Uvalde_2020_02,29.60214,-99.73007,436.7784,6/28/21,p,2021,04/04/2021 11:00 CDT,98034,14.92,87.7,2.3,8.565,59.65,103219.59
TWB14,Uvalde_2020_02,29.60214,-99.73007,436.7784,6/28/21,p,2021,04/04/2021 11:05 CDT,98027,14.94,87.7,2.385,8.565,64.22,103211.86
TWB14,Uvalde_2020_02,29.60214,-99.73007,436.7784,6/28/21,p,2021,04/04/2021 11:10 CDT,98029,15.03,87.4,2.325,8.565,59.37,103212.31
TWB14,Uvalde_2020_02,29.60214,-99.73007,436.7784,6/28/21,p,2021,04/04/2021 11:15 CDT,98032,15.1,87.1,1.86,8.565,66.23,103214.18
TWB14,Uvalde_2020_02,29.60214,-99.73007,436.7784,6/28/21,p,2021,04/04/2021 11:20 CDT,98027,15.19,86.4,2.445,8.565,81.56,103207.26
TWB14,Uvalde_2020_02,29.60214,-99.73007,436.7784,6/28/21,p,2021,04/04/2021 11:25 CDT,98026,15.21,86.2,2.99,8.565,110.46,103205.85
TWB14,Uvalde_2020_02,29.60214,-99.73007,436.7784,6/28/21,p,2021,04/04/2021 11:30 CDT,98024,15.34,85.4,2.83,8.565,146.74,103201.91
TWB14,Uvalde_2020_02,29.60214,-99.73007,436.7784,6/28/21,p,2021,04/04/2021 11:35 CDT,98019,15.62,84.2,2.545,8.565,155.8,103191.15
TWB14,Uvalde_2020_02,29.60214,-99.73007,436.7784,6/28/21,p,2021,04/04/2021 11:40 CDT,98017,15.68,84.1,2.86,8.565,122.99,103186.85
TWB14,Uvalde_2020_02,29.60214,-99.73007,436.7784,6/28/21,p,2021,04/04/2021 11:45 CDT,98015,15.64,84.6,3.255,8.565,106.76,103184.92
TWB14,Uvalde_2020_02,29.60214,-99.73007,436.7784,6/28/21,p,2021,04/04/2021 11:50 CDT,98012,15.67,83.7,2.17,8.565,73.45,103181.95
TWB14,Uvalde_2020_02,29.60214,-99.73007,436.7784,6/28/21,p,2021,04/04/2021 11:55 CDT,98010,15.7,83.8,2.06,8.565,67.08,103179.48
TWB14,Uvalde_2020_02,29.60214,-99.73007,436.7784,6/28/21,p,2021,04/04/2021 12:00 CDT,98005,15.71,83.7,2.455,8.565,73.72,103174.03
TWB14,Uvalde_2020_02,29.60214,-99.73007,436.7784,6/28/21,p,2021,04/04/2021 12:05 CDT,97998,15.75,84.1,2.195,8.565,79.04,103166.66
TWB14,Uvalde_2020_02,29.60214,-99.73007,436.7784,6/28/21,p,2021,04/04/2021 12:10 CDT,97996,15.89,83.2,1.99,8.565,98.98,103162.18
TWB14,Uvalde_2020_02,29.60214,-99.73007,436.7784,6/28/21,p,2021,04/04/2021 12:15 CDT,97997,15.93,82.6,2.685,8.565,86.48,103161.96
TWB14,Uvalde_2020_02,29.60214,-99.73007,436.7784,6/28/21,p,2021,04/04/2021 12:20 CDT,97996,15.97,82.4,1.985,8.565,96.01,103160.36
TWB14,Uvalde_2020_02,29.60214,-99.73007,436.7784,6/28/21,p,2021,04/04/2021 12:25 CDT,97994,16.1,81.8,1.86,8.565,107.09,103155.89
TWB14,Uvalde_2020_02,29.60214,-99.73007,436.7784,6/28/21,p,2021,04/04/2021 12:30 CDT,97993,16.23,80.9,2.23,8.565,121.76,103152.28
TWB14,Uvalde_2020_02,29.60214,-99.73007,436.7784,6/28/21,p,2021,04/04/2021 12:35 CDT,97991,16.39,80.3,2.2,8.565,146.59,103147.09
TWB14,Uvalde_2020_02,29.60214,-99.73007,436.7784,6/28/21,p,2021,04/04/2021 12:40 CDT,97991,16.43,81.1,3.04,8.565,128.45,103145.08
TWB14,Uvalde_2020_02,29.60214,-99.73007,436.7784,6/28/21,p,2021,04/04/2021 12:45 CDT,97990,16.6,78.92,2.15,8.565,152.13,103142.58
TWB14,Uvalde_2020_02,29.60214,-99.73007,436.7784,6/28/21,p,2021,04/04/2021 12:50 CDT,97986,16.76,78.48,2.295,8.565,125.73,103134.02
TWB14,Uvalde_2020_02,29.60214,-99.73007,436.7784,6/28/21,p,2021,04/04/2021 12:55 CDT,97975,16.7,78.85,2.86,8.565,139.94,103122.62
TWB14,Uvalde_2020_02,29.60214,-99.73007,436.7784,6/28/21,p,2021,04/04/2021 13:00 CDT,97965,16.81,78.31,2.26,8.565,122.51,103111.37
TWB14,Uvalde_2020_02,29.60214,-99.73007,436.7784,6/28/21,p,2021,04/04/2021 13:05 CDT,97963,16.85,77.64,2.99,8.565,125.8,103108.18
TWB14,Uvalde_2020_02,29.60214,-99.73007,436.7784,6/28/21,p,2021,04/04/2021 13:10 CDT,97956,16.83,78.24,2.795,8.565,103.98,103101.72
TWB14,Uvalde_2020_02,29.60214,-99.73007,436.7784,6/28/21,p,2021,04/04/2021 13:15 CDT,97950,16.89,77.23,2.165,8.565,107.48,103095.04
TWB14,Uvalde_2020_02,29.60214,-99.73007,436.7784,6/28/21,p,2021,04/04/2021 13:20 CDT,97939,16.92,78.28,2.325,8.565,86.01,103082.01
TWB14,Uvalde_2020_02,29.60214,-99.73007,436.7784,6/28/21,p,2021,04/04/2021 13:25 CDT,97937,17,77.67,2.015,8.565,60.05,103078.46
TWB14,Uvalde_2020_02,29.60214,-99.73007,436.7784,6/28/21,p,2021,04/04/2021 13:30 CDT,97932,16.94,77.97,2.245,8.565,64.36,103073.74
TWB14,Uvalde_2020_02,29.60214,-99.73007,436.7784,6/28/21,p,2021,04/04/2021 13:35 CDT,97922,16.9,78.07,2.255,8.565,53.34,103064.66
TWB14,Uvalde_2020_02,29.60214,-99.73007,436.7784,6/28/21,p,2021,04/04/2021 13:40 CDT,97913,16.85,77.97,2.51,8.565,53.97,103056.1
TWB14,Uvalde_2020_02,29.60214,-99.73007,436.7784,6/28/21,p,2021,04/04/2021 13:45 CDT,97908,16.83,78.17,2.295,8.565,50.15,103052.28
TWB14,Uvalde_2020_02,29.60214,-99.73007,436.7784,6/28/21,p,2021,04/04/2021 13:50 CDT,97903,16.89,78.51,2,8.565,49.42,103045.75
TWB14,Uvalde_2020_02,29.60214,-99.73007,436.7784,6/28/21,p,2021,04/04/2021 13:55 CDT,97891,16.84,79.99,1.77,8.565,72.61,103034.2
TWB14,Uvalde_2020_02,29.60214,-99.73007,436.7784,6/28/21,p,2021,04/04/2021 14:00 CDT,97884,16.85,79.05,2.04,8.565,74.2,103026.11
TWB14,Uvalde_2020_02,29.60214,-99.73007,436.7784,6/28/21,p,2021,04/04/2021 14:05 CDT,97881,16.86,81.1,1.645,8.565,98.16,103022.94
TWB14,Uvalde_2020_02,29.60214,-99.73007,436.7784,6/28/21,p,2021,04/04/2021 14:10 CDT,97882,16.79,83,2.025,8.565,88.26,103024.16
TWB14,Uvalde_2020_02,29.60214,-99.73007,436.7784,6/28/21,p,2021,04/04/2021 14:15 CDT,97883,16.62,84.7,1.29,8.565,60.79,103027.75
TWB14,Uvalde_2020_02,29.60214,-99.73007,436.7784,6/28/21,p,2021,04/04/2021 14:20 CDT,97880,16.46,85.3,1.23,8.565,47.53,103027.86
TWB14,Uvalde_2020_02,29.60214,-99.73007,436.7784,6/28/21,p,2021,04/04/2021 14:25 CDT,97876,16.37,85.5,0.92,8.565,48.99,103025.83
TWB14,Uvalde_2020_02,29.60214,-99.73007,436.7784,6/28/21,p,2021,04/04/2021 14:30 CDT,97871,16.42,84.8,0.67,8.565,69.23,103019.84
TWB14,Uvalde_2020_02,29.60214,-99.73007,436.7784,6/28/21,p,2021,04/04/2021 14:35 CDT,97865,16.51,84.7,0.72,8.565,60.34,103012.61
TWB14,Uvalde_2020_02,29.60214,-99.73007,436.7784,6/28/21,p,2021,04/04/2021 14:40 CDT,97858,16.51,83.8,1.46,8.565,54.56,103004.71
TWB14,Uvalde_2020_02,29.60214,-99.73007,436.7784,6/28/21,p,2021,04/04/2021 14:45 CDT,97855,16.45,86.1,0.965,8.565,61.52,103002.81
TWB14,Uvalde_2020_02,29.60214,-99.73007,436.7784,6/28/21,p,2021,04/04/2021 14:50 CDT,97852,16.44,85.1,1.13,8.565,59.22,102999.84
TWB14,Uvalde_2020_02,29.60214,-99.73007,436.7784,6/28/21,p,2021,04/04/2021 14:55 CDT,97850,16.47,84.7,1.625,8.565,50.02,102997.19
TWB14,Uvalde_2020_02,29.60214,-99.73007,436.7784,6/28/21,p,2021,04/04/2021 15:00 CDT,97846,16.39,85.7,1.28,8.565,45.35,102994.25
TWB14,Uvalde_2020_02,29.60214,-99.73007,436.7784,6/28/21,p,2021,04/04/2021 15:05 CDT,97836,16.32,85.7,1.24,8.565,48.53,102984.45
TWB14,Uvalde_2020_02,29.60214,-99.73007,436.7784,6/28/21,p,2021,04/04/2021 15:10 CDT,97829,16.21,86.7,1.06,8.565,46.67,102978.89
TWB14,Uvalde_2020_02,29.60214,-99.73007,436.7784,6/28/21,p,2021,04/04/2021 15:15 CDT,97828,16.21,86.1,1.035,8.565,35.39,102978.21
TWB14,Uvalde_2020_02,29.60214,-99.73007,436.7784,6/28/21,p,2021,04/04/2021 15:20 CDT,97824,16.22,86.7,0.735,8.565,34.96,102974.17
TWB14,Uvalde_2020_02,29.60214,-99.73007,436.7784,6/28/21,p,2021,04/04/2021 15:25 CDT,97818,16.24,86.7,0.425,8.565,35.33,102967.49
TWB14,Uvalde_2020_02,29.60214,-99.73007,436.7784,6/28/21,p,2021,04/04/2021 15:30 CDT,97814,16.24,87.3,0.465,8.565,38.88,102963.46
TWB14,Uvalde_2020_02,29.60214,-99.73007,436.7784,6/28/21,p,2021,04/04/2021 15:35 CDT,97809,16.27,86.3,0.275,8.565,36.03,102957.84
TWB14,Uvalde_2020_02,29.60214,-99.73007,436.7784,6/28/21,p,2021,04/04/2021 15:40 CDT,97802,16.28,86.5,0.79,8.565,37.04,102950.47
TWB14,Uvalde_2020_02,29.60214,-99.73007,436.7784,6/28/21,p,2021,04/04/2021 15:45 CDT,97794,16.25,86.8,0.925,8.565,42.15,102942.23
TWB14,Uvalde_2020_02,29.60214,-99.73007,436.7784,6/28/21,p,2021,04/04/2021 15:50 CDT,97787,16.24,87.1,0.95,8.565,35.13,102935.04
TWB14,Uvalde_2020_02,29.60214,-99.73007,436.7784,6/28/21,p,2021,04/04/2021 15:55 CDT,97781,16.25,86.2,0.855,8.565,34.01,102928.55
TWB14,Uvalde_2020_02,29.60214,-99.73007,436.7784,6/28/21,p,2021,04/04/2021 16:00 CDT,97775,16.25,86.5,0.83,8.565,38.37,102922.6
TWB14,Uvalde_2020_02,29.60214,-99.73007,436.7784,6/28/21,p,2021,04/04/2021 16:05 CDT,97775,16.24,86.5,1.045,8.565,41.66,102922.96
TWB14,Uvalde_2020_02,29.60214,-99.73007,436.7784,6/28/21,p,2021,04/04/2021 16:10 CDT,97771,16.32,87.6,0.735,8.565,63.44,102917.83
TWB14,Uvalde_2020_02,29.60214,-99.73007,436.7784,6/28/21,p,2021,04/04/2021 16:15 CDT,97770,16.46,86.2,0.86,8.565,38.98,102913.7
TWB14,Uvalde_2020_02,29.60214,-99.73007,436.7784,6/28/21,p,2021,04/04/2021 16:20 CDT,97766,16.46,87,1.15,8.565,41.84,102908.76
TWB14,Uvalde_2020_02,29.60214,-99.73007,436.7784,6/28/21,p,2021,04/04/2021 16:25 CDT,97758,16.33,88.1,1.71,8.565,106.42,102901.6
TWB14,Uvalde_2020_02,29.60214,-99.73007,436.7784,6/28/21,p,2021,04/04/2021 16:30 CDT,97749,16.41,87.6,1.58,8.565,119.28,102891.22
TWB14,Uvalde_2020_02,29.60214,-99.73007,436.7784,6/28/21,p,2021,04/04/2021 16:35 CDT,97748,16.59,86.5,1.185,8.565,117.29,102887.27
TWB14,Uvalde_2020_02,29.60214,-99.73007,436.7784,6/28/21,p,2021,04/04/2021 16:40 CDT,97741,16.82,86.7,1.14,8.565,177.77,102876.46
TWB14,Uvalde_2020_02,29.60214,-99.73007,436.7784,6/28/21,p,2021,04/04/2021 16:45 CDT,97731,17.05,84.4,2.04,8.565,187.18,102861.06
TWB14,Uvalde_2020_02,29.60214,-99.73007,436.7784,6/28/21,p,2021,04/04/2021 16:50 CDT,97722,17.24,83.5,1.595,8.565,199.48,102847.8
TWB14,Uvalde_2020_02,29.60214,-99.73007,436.7784,6/28/21,p,2021,04/04/2021 16:55 CDT,97719,17.46,82,1.135,8.565,170.05,102841.23
TWB14,Uvalde_2020_02,29.60214,-99.73007,436.7784,6/28/21,p,2021,04/04/2021 17:00 CDT,97711,17.65,80.4,0.99,8.565,116.57,102830.12
TWB14,Uvalde_2020_02,29.60214,-99.73007,436.7784,6/28/21,p,2021,04/04/2021 17:05 CDT,97699,17.87,79.59,0.67,8.565,94.56,102813.9
TWB14,Uvalde_2020_02,29.60214,-99.73007,436.7784,6/28/21,p,2021,04/04/2021 17:10 CDT,97696,18.08,75.81,1.095,8.565,140.6,102807.53
TWB14,Uvalde_2020_02,29.60214,-99.73007,436.7784,6/28/21,p,2021,04/04/2021 17:15 CDT,97688,18.43,73.78,0.92,8.565,194.72,102793.92
TWB14,Uvalde_2020_02,29.60214,-99.73007,436.7784,6/28/21,p,2021,04/04/2021 17:20 CDT,97676,18.89,72.23,0.795,8.565,202.06,102772.9
TWB14,Uvalde_2020_02,29.60214,-99.73007,436.7784,6/28/21,p,2021,04/04/2021 17:25 CDT,97667,18.89,70.81,1.89,8.565,283.3,102759.7
TWB14,Uvalde_2020_02,29.60214,-99.73007,436.7784,6/28/21,p,2021,04/04/2021 17:30 CDT,97659,19.01,71.61,1.295,8.565,135.16,102749.49
TWB14,Uvalde_2020_02,29.60214,-99.73007,436.7784,6/28/21,p,2021,04/04/2021 17:35 CDT,97656,19.07,71,1.56,8.565,152.79,102744.74
TWB14,Uvalde_2020_02,29.60214,-99.73007,436.7784,6/28/21,p,2021,04/04/2021 17:40 CDT,97648,19.17,69.79,1.16,8.565,171.59,102735.79
TWB14,Uvalde_2020_02,29.60214,-99.73007,436.7784,6/28/21,p,2021,04/04/2021 17:45 CDT,97640,19.33,69.45,1.385,8.565,146.9,102724.71
TWB14,Uvalde_2020_02,29.60214,-99.73007,436.7784,6/28/21,p,2021,04/04/2021 17:50 CDT,97633,19.36,68.77,1.645,8.565,106.45,102716.11
TWB14,Uvalde_2020_02,29.60214,-99.73007,436.7784,6/28/21,p,2021,04/04/2021 17:55 CDT,97629,19.39,68.37,1.35,8.565,123.1,102711.9
TWB14,Uvalde_2020_02,29.60214,-99.73007,436.7784,6/28/21,p,2021,04/04/2021 18:00 CDT,97626,19.5,67.46,1.685,8.565,79.31,102707.33
TWB14,Uvalde_2020_02,29.60214,-99.73007,436.7784,6/28/21,p,2021,04/04/2021 18:05 CDT,97616,19.53,67.49,1.605,8.565,70.7,102696.1
TWB14,Uvalde_2020_02,29.60214,-99.73007,436.7784,6/28/21,p,2021,04/04/2021 18:10 CDT,97610,19.56,67.42,1.085,8.565,59.36,102689.61
TWB14,Uvalde_2020_02,29.60214,-99.73007,436.7784,6/28/21,p,2021,04/04/2021 18:15 CDT,97604,19.62,66.88,1.22,8.565,80.21,102682.59
TWB14,Uvalde_2020_02,29.60214,-99.73007,436.7784,6/28/21,p,2021,04/04/2021 18:20 CDT,97602,19.68,65.93,1.03,8.565,48.83,102679.43
TWB14,Uvalde_2020_02,29.60214,-99.73007,436.7784,6/28/21,p,2021,04/04/2021 18:25 CDT,97599,19.7,66.2,0.97,8.565,59.9,102675.74
TWB14,Uvalde_2020_02,29.60214,-99.73007,436.7784,6/28/21,p,2021,04/04/2021 18:30 CDT,97596,19.77,65.8,1.055,8.565,88.33,102671.53
TWB14,Uvalde_2020_02,29.60214,-99.73007,436.7784,6/28/21,p,2021,04/04/2021 18:35 CDT,97595,19.91,64.85,1.23,8.565,191.87,102669.24
TWB14,Uvalde_2020_02,29.60214,-99.73007,436.7784,6/28/21,p,2021,04/04/2021 18:40 CDT,97590,20.32,63.91,0.965,8.565,109.29,102657.97
TWB14,Uvalde_2020_02,29.60214,-99.73007,436.7784,6/28/21,p,2021,04/04/2021 18:45 CDT,97589,20.42,62.42,1.455,8.565,87.43,102653.05
TWB14,Uvalde_2020_02,29.60214,-99.73007,436.7784,6/28/21,p,2021,04/04/2021 18:50 CDT,97591,20.4,62.15,2.295,8.565,46.37,102654.63
TWB14,Uvalde_2020_02,29.60214,-99.73007,436.7784,6/28/21,p,2021,04/04/2021 18:55 CDT,97591,20.33,61.75,1.805,8.565,43.75,102656.04
TWB14,Uvalde_2020_02,29.60214,-99.73007,436.7784,6/28/21,p,2021,04/04/2021 19:00 CDT,97591,20.32,61.75,1.695,8.565,39.78,102656.39
TWB14,Uvalde_2020_02,29.60214,-99.73007,436.7784,6/28/21,p,2021,04/04/2021 19:05 CDT,97592,20.32,61.68,1.375,8.565,29.37,102657.45
TWB14,Uvalde_2020_02,29.60214,-99.73007,436.7784,6/28/21,p,2021,04/04/2021 19:10 CDT,97591,20.31,61.82,1.32,8.565,24.95,102656.57
TWB14,Uvalde_2020_02,29.60214,-99.73007,436.7784,6/28/21,p,2021,04/04/2021 19:15 CDT,97590,20.29,61.88,1.415,8.565,20.68,102656.05
TWB14,Uvalde_2020_02,29.60214,-99.73007,436.7784,6/28/21,p,2021,04/04/2021 19:20 CDT,97588,20.24,61.95,0.995,8.565,13.66,102654.82
TWB14,Uvalde_2020_02,29.60214,-99.73007,436.7784,6/28/21,p,2021,04/04/2021 19:25 CDT,97585,20.2,62.49,0.76,8.565,10.32,102652.55
TWB14,Uvalde_2020_02,29.60214,-99.73007,436.7784,6/28/21,p,2021,04/04/2021 19:30 CDT,97585,20.16,62.02,1.095,8.565,6.47,102653.26
TWB14,Uvalde_2020_02,29.60214,-99.73007,436.7784,6/28/21,p,2021,04/04/2021 19:35 CDT,97584,20.14,62.63,0.93,8.565,5.09,102652.91
TWB14,Uvalde_2020_02,29.60214,-99.73007,436.7784,6/28/21,p,2021,04/04/2021 19:40 CDT,97580,20.09,62.83,0.785,8.565,6.61,102649.58
TWB14,Uvalde_2020_02,29.60214,-99.73007,436.7784,6/28/21,p,2021,04/04/2021 19:45 CDT,97570,20.03,62.59,0.725,8.565,4.52,102640.12
TWB14,Uvalde_2020_02,29.60214,-99.73007,436.7784,6/28/21,p,2021,04/04/2021 19:50 CDT,97568,19.95,63.37,0.18,8.565,3.24,102639.08
TWB14,Uvalde_2020_02,29.60214,-99.73007,436.7784,6/28/21,p,2021,04/04/2021 19:55 CDT,97567,19.91,63.03,0.73,8.565,1.96,102639.97
TWB14,Uvalde_2020_02,29.60214,-99.73007,436.7784,6/28/21,p,2021,04/04/2021 20:00 CDT,97567,19.95,62.56,1.125,8.565,0.83,102639.98
TWB14,Uvalde_2020_02,29.60214,-99.73007,436.7784,6/28/21,p,2021,04/04/2021 20:05 CDT,97564,19.91,63.13,0.22,8.565,0.79,102637.17
TWB14,Uvalde_2020_02,29.60214,-99.73007,436.7784,6/28/21,p,2021,04/04/2021 20:10 CDT,97565,19.86,63.23,0.645,8.565,0.47,102639.11
TWB14,Uvalde_2020_02,29.60214,-99.73007,436.7784,6/28/21,p,2021,04/04/2021 20:15 CDT,97569,19.82,63.04,0.62,8.565,0.36,102644.91
TWB14,Uvalde_2020_02,29.60214,-99.73007,436.7784,6/28/21,p,2021,04/04/2021 20:20 CDT,97571,19.76,64.62,0.42,8.565,0.5,102647.71
TWB14,Uvalde_2020_02,29.60214,-99.73007,436.7784,6/28/21,p,2021,04/04/2021 20:25 CDT,97569,19.6,64.9,0.285,8.565,0.65,102648.98
TWB14,Uvalde_2020_02,29.60214,-99.73007,436.7784,6/28/21,p,2021,04/04/2021 20:30 CDT,97569,19.47,67.36,0.385,8.565,0.77,102651.98
TWB14,Uvalde_2020_02,29.60214,-99.73007,436.7784,6/28/21,p,2021,04/04/2021 20:35 CDT,97572,19.17,69.92,0.48,8.565,0.75,102660.1
TWB14,Uvalde_2020_02,29.60214,-99.73007,436.7784,6/28/21,p,2021,04/04/2021 20:40 CDT,97574,18.73,70.73,0.69,8.565,0.97,102667.73
TWB14,Uvalde_2020_02,29.60214,-99.73007,436.7784,6/28/21,p,2021,04/04/2021 20:45 CDT,97574,18.49,72.35,0.725,8.565,0.79,102672.36
TWB14,Uvalde_2020_02,29.60214,-99.73007,436.7784,6/28/21,p,2021,04/04/2021 20:50 CDT,97573,18.34,74.04,0.56,8.565,0.6,102674.34
TWB14,Uvalde_2020_02,29.60214,-99.73007,436.7784,6/28/21,p,2021,04/04/2021 20:55 CDT,97564,18.26,74,0.38,8.565,0.46,102666.48
TWB14,Uvalde_2020_02,29.60214,-99.73007,436.7784,6/28/21,p,2021,04/04/2021 21:00 CDT,97560,18.2,74.78,0.495,8.565,0.17,102663.52
TWB14,Uvalde_2020_02,29.60214,-99.73007,436.7784,6/28/21,p,2021,04/04/2021 21:05 CDT,97568,18.16,75.05,0.355,8.565,0.14,102673.01
TWB14,Uvalde_2020_02,29.60214,-99.73007,436.7784,6/28/21,p,2021,04/04/2021 21:10 CDT,97573,18.43,73.26,0.56,8.565,0,102677.93
TWB14,Uvalde_2020_02,29.60214,-99.73007,436.7784,6/28/21,p,2021,04/04/2021 21:15 CDT,97571,18.43,75.12,0.295,8.565,0.05,102674.92
TWB14,Uvalde_2020_02,29.60214,-99.73007,436.7784,6/28/21,p,2021,04/04/2021 21:20 CDT,97576,18.14,76.67,0.675,8.565,0.36,102683.04
TWB14,Uvalde_2020_02,29.60214,-99.73007,436.7784,6/28/21,p,2021,04/04/2021 21:25 CDT,97587,18.04,77.82,0.8,8.565,0.25,102698.02
TWB14,Uvalde_2020_02,29.60214,-99.73007,436.7784,6/28/21,p,2021,04/04/2021 21:30 CDT,97592,17.98,77.66,0.38,8.565,0.45,102705.26
TWB14,Uvalde_2020_02,29.60214,-99.73007,436.7784,6/28/21,p,2021,04/04/2021 21:35 CDT,97597,17.89,77.69,0.08,8.565,0.66,102710.88
TWB14,Uvalde_2020_02,29.60214,-99.73007,436.7784,6/28/21,p,2021,04/04/2021 21:40 CDT,97606,17.88,76.31,0.47,8.565,0.05,102721.44
TWB14,Uvalde_2020_02,29.60214,-99.73007,436.7784,6/28/21,p,2021,04/04/2021 21:45 CDT,97610,18.02,74.46,0.49,8.565,0.14,102724.04
TWB14,Uvalde_2020_02,29.60214,-99.73007,436.7784,6/28/21,p,2021,04/04/2021 21:50 CDT,97612,18.26,74.13,1.155,8.565,0.03,102723.63
TWB14,Uvalde_2020_02,29.60214,-99.73007,436.7784,6/28/21,p,2021,04/04/2021 21:55 CDT,97613,18.18,73.92,0.735,8.565,0.38,102725.22
TWB14,Uvalde_2020_02,29.60214,-99.73007,436.7784,6/28/21,p,2021,04/04/2021 22:00 CDT,97613,18.26,71.5,0.775,8.565,0.02,102725.24
TWB14,Uvalde_2020_02,29.60214,-99.73007,436.7784,6/28/21,p,2021,04/04/2021 22:05 CDT,97613,18.24,73.62,0.375,8.565,0.4,102724.68
TWB14,Uvalde_2020_02,29.60214,-99.73007,436.7784,6/28/21,p,2021,04/04/2021 22:10 CDT,97612,17.96,74.6,0.53,8.565,0.53,102730.1
TWB14,Uvalde_2020_02,29.60214,-99.73007,436.7784,6/28/21,p,2021,04/04/2021 22:15 CDT,97612,17.95,73.86,0.715,8.565,0.43,102732.45
TWB14,Uvalde_2020_02,29.60214,-99.73007,436.7784,6/28/21,p,2021,04/04/2021 22:20 CDT,97613,17.78,76.29,0.485,8.565,0.94,102737.46
TWB14,Uvalde_2020_02,29.60214,-99.73007,436.7784,6/28/21,p,2021,04/04/2021 22:25 CDT,97614,17.27,78.95,0.475,8.565,1.32,102747.72
TWB14,Uvalde_2020_02,29.60214,-99.73007,436.7784,6/28/21,p,2021,04/04/2021 22:30 CDT,97614,16.87,81.3,0.81,8.565,0.56,102754.05
TWB14,Uvalde_2020_02,29.60214,-99.73007,436.7784,6/28/21,p,2021,04/04/2021 22:35 CDT,97618,16.4,82.3,0.435,8.565,1.09,102764.26
TWB14,Uvalde_2020_02,29.60214,-99.73007,436.7784,6/28/21,p,2021,04/04/2021 22:40 CDT,97619,16.03,82.4,0.185,8.565,1.2,102768.96
TWB14,Uvalde_2020_02,29.60214,-99.73007,436.7784,6/28/21,p,2021,04/04/2021 22:45 CDT,97626,15.81,84.3,0.275,8.565,0.87,102781.61
TWB14,Uvalde_2020_02,29.60214,-99.73007,436.7784,6/28/21,p,2021,04/04/2021 22:50 CDT,97629,15.62,84.9,0.04,8.565,0.64,102788.6
TWB14,Uvalde_2020_02,29.60214,-99.73007,436.7784,6/28/21,p,2021,04/04/2021 22:55 CDT,97629,15.41,85,0,8.565,0.58,102791.72
TWB14,Uvalde_2020_02,29.60214,-99.73007,436.7784,6/28/21,p,2021,04/04/2021 23:00 CDT,97625,15.25,84.9,0,8.565,0.77,102789.7
TWB14,Uvalde_2020_02,29.60214,-99.73007,436.7784,6/28/21,p,2021,04/04/2021 23:05 CDT,97622,15.15,85.6,0,8.565,0.75,102788.56
TWB14,Uvalde_2020_02,29.60214,-99.73007,436.7784,6/28/21,p,2021,04/04/2021 23:10 CDT,97623,15.09,85.6,0,8.565,0.31,102791.26
TWB14,Uvalde_2020_02,29.60214,-99.73007,436.7784,6/28/21,p,2021,04/04/2021 23:15 CDT,97623,15,86.1,0,8.565,0.45,102792.55
TWB14,Uvalde_2020_02,29.60214,-99.73007,436.7784,6/28/21,p,2021,04/04/2021 23:20 CDT,97619,14.86,86.4,0,8.565,0.36,102791.28
TWB14,Uvalde_2020_02,29.60214,-99.73007,436.7784,6/28/21,p,2021,04/04/2021 23:25 CDT,97614,14.75,86.5,0,8.565,0.55,102788.4
TWB14,Uvalde_2020_02,29.60214,-99.73007,436.7784,6/28/21,p,2021,04/04/2021 23:30 CDT,97615,14.67,87.6,0,8.565,0.68,102791.47
TWB14,Uvalde_2020_02,29.60214,-99.73007,436.7784,6/28/21,p,2021,04/04/2021 23:35 CDT,97621,14.67,88.1,0.215,8.565,0.23,102799.63
TWB14,Uvalde_2020_02,29.60214,-99.73007,436.7784,6/28/21,p,2021,04/04/2021 23:40 CDT,97613,14.51,88.7,0.175,8.565,0.27,102792.87
TWB14,Uvalde_2020_02,29.60214,-99.73007,436.7784,6/28/21,p,2021,04/04/2021 23:45 CDT,97606,14.47,88.9,0.105,8.565,0.16,102787.15
TWB14,Uvalde_2020_02,29.60214,-99.73007,436.7784,6/28/21,p,2021,04/04/2021 23:50 CDT,97605,14.42,89.1,0.135,8.565,0.51,102787.21
TWB14,Uvalde_2020_02,29.60214,-99.73007,436.7784,6/28/21,p,2021,04/04/2021 23:55 CDT,97604,14.61,88.7,0.525,8.565,0.3,102787.45
TWB14,Uvalde_2020_02,29.60214,-99.73007,436.7784,6/28/21,p,2021,04/05/2021 00:00 CDT,97597,15.19,86.3,0.965,8.565,0,102777.87
TWB14,Uvalde_2020_02,29.60214,-99.73007,436.7784,6/28/21,p,2021,04/05/2021 00:05 CDT,97596,16.14,79.71,1.355,8.565,0,102761.58
TWB14,Uvalde_2020_02,29.60214,-99.73007,436.7784,6/28/21,p,2021,04/05/2021 00:10 CDT,97596,17.06,71.14,2.39,8.565,0,102740.43
TWB14,Uvalde_2020_02,29.60214,-99.73007,436.7784,6/28/21,p,2021,04/05/2021 00:15 CDT,97593,17.78,68.78,2.225,8.565,0,102715.9
TWB14,Uvalde_2020_02,29.60214,-99.73007,436.7784,6/28/21,p,2021,04/05/2021 00:20 CDT,97588,17.99,67.83,2.495,8.565,0,102702.72
TWB14,Uvalde_2020_02,29.60214,-99.73007,436.7784,6/28/21,p,2021,04/05/2021 00:25 CDT,97587,18.09,67.49,2.3,8.565,0,102698.26
TWB14,Uvalde_2020_02,29.60214,-99.73007,436.7784,6/28/21,p,2021,04/05/2021 00:30 CDT,97590,18.15,67.49,2.79,8.565,0,102698.9
TWB14,Uvalde_2020_02,29.60214,-99.73007,436.7784,6/28/21,p,2021,04/05/2021 00:35 CDT,97588,18.12,67.26,2.505,8.565,0,102696.44
TWB14,Uvalde_2020_02,29.60214,-99.73007,436.7784,6/28/21,p,2021,04/05/2021 00:40 CDT,97584,18.08,67.15,2.695,8.565,0,102692.41
TWB14,Uvalde_2020_02,29.60214,-99.73007,436.7784,6/28/21,p,2021,04/05/2021 00:45 CDT,97581,18.03,67.82,2.49,8.565,0,102689.61
TWB14,Uvalde_2020_02,29.60214,-99.73007,436.7784,6/28/21,p,2021,04/05/2021 00:50 CDT,97577,17.88,68.49,2.405,8.565,0,102687.91
TWB14,Uvalde_2020_02,29.60214,-99.73007,436.7784,6/28/21,p,2021,04/05/2021 00:55 CDT,97576,17.74,69.36,2.155,8.565,0.05,102689
TWB14,Uvalde_2020_02,29.60214,-99.73007,436.7784,6/28/21,p,2021,04/05/2021 01:00 CDT,97573,17.61,69.53,2.495,8.565,0,102688.54
TWB14,Uvalde_2020_02,29.60214,-99.73007,436.7784,6/28/21,p,2021,04/05/2021 01:05 CDT,97572,17.55,70.31,2.715,8.565,0,102688.57
TWB14,Uvalde_2020_02,29.60214,-99.73007,436.7784,6/28/21,p,2021,04/05/2021 01:10 CDT,97572,17.48,70.98,2.415,8.565,0,102689.64
TWB14,Uvalde_2020_02,29.60214,-99.73007,436.7784,6/28/21,p,2021,04/05/2021 01:15 CDT,97571,17.41,71.62,2.165,8.565,0,102689.49
TWB14,Uvalde_2020_02,29.60214,-99.73007,436.7784,6/28/21,p,2021,04/05/2021 01:20 CDT,97571,17.3,72.33,2.255,8.565,0,102691.65
TWB14,Uvalde_2020_02,29.60214,-99.73007,436.7784,6/28/21,p,2021,04/05/2021 01:25 CDT,97572,17.26,72.74,2.47,8.565,0,102693.6
TWB14,Uvalde_2020_02,29.60214,-99.73007,436.7784,6/28/21,p,2021,04/05/2021 01:30 CDT,97572,17.18,73.68,2.23,8.565,0,102694.68
TWB14,Uvalde_2020_02,29.60214,-99.73007,436.7784,6/28/21,p,2021,04/05/2021 01:35 CDT,97572,17.07,74.89,2.11,8.565,0,102696.84
TWB14,Uvalde_2020_02,29.60214,-99.73007,436.7784,6/28/21,p,2021,04/05/2021 01:40 CDT,97572,17.06,74.76,2.405,8.565,0,102697.38
TWB14,Uvalde_2020_02,29.60214,-99.73007,436.7784,6/28/21,p,2021,04/05/2021 01:45 CDT,97572,17.03,74.62,2.765,8.565,0,102698.1
TWB14,Uvalde_2020_02,29.60214,-99.73007,436.7784,6/28/21,p,2021,04/05/2021 01:50 CDT,97572,16.99,74.96,2.395,8.565,0,102698.28
TWB14,Uvalde_2020_02,29.60214,-99.73007,436.7784,6/28/21,p,2021,04/05/2021 01:55 CDT,97571,16.95,75.1,2.445,8.565,0,102697.77
TWB14,Uvalde_2020_02,29.60214,-99.73007,436.7784,6/28/21,p,2021,04/05/2021 02:00 CDT,97569,16.83,75.7,2.46,8.565,0,102697.65
TWB14,Uvalde_2020_02,29.60214,-99.73007,436.7784,6/28/21,p,2021,04/05/2021 02:05 CDT,97564,16.73,76.31,2.075,8.565,0,102694.56
TWB14,Uvalde_2020_02,29.60214,-99.73007,436.7784,6/28/21,p,2021,04/05/2021 02:10 CDT,97556,16.63,76.99,2.41,8.565,0,102687.58
TWB14,Uvalde_2020_02,29.60214,-99.73007,436.7784,6/28/21,p,2021,04/05/2021 02:15 CDT,97545,16.56,77.26,2.295,8.565,0,102677.45
TWB14,Uvalde_2020_02,29.60214,-99.73007,436.7784,6/28/21,p,2021,04/05/2021 02:20 CDT,97539,16.57,77.32,2.695,8.565,0,102671.14
TWB14,Uvalde_2020_02,29.60214,-99.73007,436.7784,6/28/21,p,2021,04/05/2021 02:25 CDT,97533,16.58,77.46,2.285,8.565,0,102664.64
TWB14,Uvalde_2020_02,29.60214,-99.73007,436.7784,6/28/21,p,2021,04/05/2021 02:30 CDT,97531,16.64,77.12,2.59,8.565,0,102661.45
TWB14,Uvalde_2020_02,29.60214,-99.73007,436.7784,6/28/21,p,2021,04/05/2021 02:35 CDT,97520,16.7,77.02,2.32,8.565,0,102648.6
TWB14,Uvalde_2020_02,29.60214,-99.73007,436.7784,6/28/21,p,2021,04/05/2021 02:40 CDT,97517,16.69,77.05,2.565,8.565,0,102645.44
TWB14,Uvalde_2020_02,29.60214,-99.73007,436.7784,6/28/21,p,2021,04/05/2021 02:45 CDT,97512,16.7,76.99,2.475,8.565,0,102640
TWB14,Uvalde_2020_02,29.60214,-99.73007,436.7784,6/28/21,p,2021,04/05/2021 02:50 CDT,97515,16.71,77.02,2.395,8.565,0,102643.16
TWB14,Uvalde_2020_02,29.60214,-99.73007,436.7784,6/28/21,p,2021,04/05/2021 02:55 CDT,97511,16.67,77.46,1.765,8.565,0,102639.13
TWB14,Uvalde_2020_02,29.60214,-99.73007,436.7784,6/28/21,p,2021,04/05/2021 03:00 CDT,97504,16.62,77.46,1.81,8.565,0,102632.48
TWB14,Uvalde_2020_02,29.60214,-99.73007,436.7784,6/28/21,p,2021,04/05/2021 03:05 CDT,97501,16.61,77.32,2.595,8.565,0,102629.51
TWB14,Uvalde_2020_02,29.60214,-99.73007,436.7784,6/28/21,p,2021,04/05/2021 03:10 CDT,97495,16.62,77.19,2.385,8.565,0,102623.37
TWB14,Uvalde_2020_02,29.60214,-99.73007,436.7784,6/28/21,p,2021,04/05/2021 03:15 CDT,97491,16.57,77.59,1.87,8.565,0,102619.34
TWB14,Uvalde_2020_02,29.60214,-99.73007,436.7784,6/28/21,p,2021,04/05/2021 03:20 CDT,97493,16.55,77.52,2.525,8.565,0,102622.35
TWB14,Uvalde_2020_02,29.60214,-99.73007,436.7784,6/28/21,p,2021,04/05/2021 03:25 CDT,97495,16.56,77.08,3.02,8.565,0,102624.46
TWB14,Uvalde_2020_02,29.60214,-99.73007,436.7784,6/28/21,p,2021,04/05/2021 03:30 CDT,97497,16.57,77.45,1.795,8.565,0,102625.66
TWB14,Uvalde_2020_02,29.60214,-99.73007,436.7784,6/28/21,p,2021,04/05/2021 03:35 CDT,97496,16.52,77.52,2.63,8.565,0,102625.51
TWB14,Uvalde_2020_02,29.60214,-99.73007,436.7784,6/28/21,p,2021,04/05/2021 03:40 CDT,97494,16.52,77.79,2.73,8.565,0,102623.58
TWB14,Uvalde_2020_02,29.60214,-99.73007,436.7784,6/28/21,p,2021,04/05/2021 03:45 CDT,97489,16.47,77.72,2.35,8.565,0,102619.05
TWB14,Uvalde_2020_02,29.60214,-99.73007,436.7784,6/28/21,p,2021,04/05/2021 03:50 CDT,97485,16.45,78.02,2.285,8.565,0,102615.38
TWB14,Uvalde_2020_02,29.60214,-99.73007,436.7784,6/28/21,p,2021,04/05/2021 03:55 CDT,97484,16.4,78.19,2.215,8.565,0,102615.05
TWB14,Uvalde_2020_02,29.60214,-99.73007,436.7784,6/28/21,p,2021,04/05/2021 04:00 CDT,97482,16.38,77.95,2.375,8.565,0,102613.49
TWB14,Uvalde_2020_02,29.60214,-99.73007,436.7784,6/28/21,p,2021,04/05/2021 04:05 CDT,97475,16.38,77.99,2.16,8.565,0,102606.12
TWB14,Uvalde_2020_02,29.60214,-99.73007,436.7784,6/28/21,p,2021,04/05/2021 04:10 CDT,97474,16.36,77.92,2.24,8.565,0,102605.25
TWB14,Uvalde_2020_02,29.60214,-99.73007,436.7784,6/28/21,p,2021,04/05/2021 04:15 CDT,97471,16.35,77.99,1.91,8.565,0,102602.27
TWB14,Uvalde_2020_02,29.60214,-99.73007,436.7784,6/28/21,p,2021,04/05/2021 04:20 CDT,97460,16.32,78.19,1.84,8.565,0,102591.23
TWB14,Uvalde_2020_02,29.60214,-99.73007,436.7784,6/28/21,p,2021,04/05/2021 04:25 CDT,97458,16.3,78.12,2.16,8.565,0,102589.49
TWB14,Uvalde_2020_02,29.60214,-99.73007,436.7784,6/28/21,p,2021,04/05/2021 04:30 CDT,97457,16.3,78.19,1.82,8.565,0,102588.44
TWB14,Uvalde_2020_02,29.60214,-99.73007,436.7784,6/28/21,p,2021,04/05/2021 04:35 CDT,97457,16.27,78.12,2.2,8.565,0,102589.17
TWB14,Uvalde_2020_02,29.60214,-99.73007,436.7784,6/28/21,p,2021,04/05/2021 04:40 CDT,97448,16.26,78.26,2.075,8.565,0,102579.69
TWB14,Uvalde_2020_02,29.60214,-99.73007,436.7784,6/28/21,p,2021,04/05/2021 04:45 CDT,97442,16.25,78.39,2.355,8.565,0,102573.74
TWB14,Uvalde_2020_02,29.60214,-99.73007,436.7784,6/28/21,p,2021,04/05/2021 04:50 CDT,97433,16.23,78.73,2.26,8.565,0,102564.44
TWB14,Uvalde_2020_02,29.60214,-99.73007,436.7784,6/28/21,p,2021,04/05/2021 04:55 CDT,97430,16.23,78.86,2.455,8.565,0,102561.46
TWB14,Uvalde_2020_02,29.60214,-99.73007,436.7784,6/28/21,p,2021,04/05/2021 05:00 CDT,97429,16.2,79.13,2.285,8.565,0,102560.95
TWB14,Uvalde_2020_02,29.60214,-99.73007,436.7784,6/28/21,p,2021,04/05/2021 05:05 CDT,97428,16.18,79.23,2.03,8.565,0,102560.08
TWB14,Uvalde_2020_02,29.60214,-99.73007,436.7784,6/28/21,p,2021,04/05/2021 05:10 CDT,97424,16.17,79.61,2.12,8.565,0,102556.05
TWB14,Uvalde_2020_02,29.60214,-99.73007,436.7784,6/28/21,p,2021,04/05/2021 05:15 CDT,97418,16.15,79.61,2.015,8.565,0,102550.1
TWB14,Uvalde_2020_02,29.60214,-99.73007,436.7784,6/28/21,p,2021,04/05/2021 05:20 CDT,97413,16.15,79.74,2.64,8.565,0,102544.83
TWB14,Uvalde_2020_02,29.60214,-99.73007,436.7784,6/28/21,p,2021,04/05/2021 05:25 CDT,97409,16.14,80.1,2.665,8.565,0,102540.8
TWB14,Uvalde_2020_02,29.60214,-99.73007,436.7784,6/28/21,p,2021,04/05/2021 05:30 CDT,97410,16.15,80.5,2.685,8.565,0,102541.85
TWB14,Uvalde_2020_02,29.60214,-99.73007,436.7784,6/28/21,p,2021,04/05/2021 05:35 CDT,97413,16.15,80.8,2.24,8.565,0,102544.65
TWB14,Uvalde_2020_02,29.60214,-99.73007,436.7784,6/28/21,p,2021,04/05/2021 05:40 CDT,97411,16.15,81.4,2.365,8.565,0,102542.72
TWB14,Uvalde_2020_02,29.60214,-99.73007,436.7784,6/28/21,p,2021,04/05/2021 05:45 CDT,97411,16.17,81.6,2.035,8.565,0,102542.36
TWB14,Uvalde_2020_02,29.60214,-99.73007,436.7784,6/28/21,p,2021,04/05/2021 05:50 CDT,97415,16.15,81.9,2.41,8.565,0,102546.75
TWB14,Uvalde_2020_02,29.60214,-99.73007,436.7784,6/28/21,p,2021,04/05/2021 05:55 CDT,97418,16.15,82.2,2.16,8.565,0,102550.09
TWB14,Uvalde_2020_02,29.60214,-99.73007,436.7784,6/28/21,p,2021,04/05/2021 06:00 CDT,97425,16.16,82.3,2.835,8.565,0,102557.27
TWB14,Uvalde_2020_02,29.60214,-99.73007,436.7784,6/28/21,p,2021,04/05/2021 06:05 CDT,97426,16.15,82.4,2.09,8.565,0,102558.32
TWB14,Uvalde_2020_02,29.60214,-99.73007,436.7784,6/28/21,p,2021,04/05/2021 06:10 CDT,97421,16.14,82.4,2.43,8.565,0,102553.24
TWB14,Uvalde_2020_02,29.60214,-99.73007,436.7784,6/28/21,p,2021,04/05/2021 06:15 CDT,97422,16.16,82.6,2.035,8.565,0,102554.11
TWB14,Uvalde_2020_02,29.60214,-99.73007,436.7784,6/28/21,p,2021,04/05/2021 06:20 CDT,97419,16.17,83,2.095,8.565,0,102550.77
TWB14,Uvalde_2020_02,29.60214,-99.73007,436.7784,6/28/21,p,2021,04/05/2021 06:25 CDT,97418,16.16,83.1,2.05,8.565,0,102549.72
TWB14,Uvalde_2020_02,29.60214,-99.73007,436.7784,6/28/21,p,2021,04/05/2021 06:30 CDT,97422,16.16,83.1,2.16,8.565,0,102553.93
TWB14,Uvalde_2020_02,29.60214,-99.73007,436.7784,6/28/21,p,2021,04/05/2021 06:35 CDT,97425,16.16,83.3,1.72,8.565,0,102557.09
TWB14,Uvalde_2020_02,29.60214,-99.73007,436.7784,6/28/21,p,2021,04/05/2021 06:40 CDT,97428,16.16,83.4,2.025,8.565,0,102560.24
TWB14,Uvalde_2020_02,29.60214,-99.73007,436.7784,6/28/21,p,2021,04/05/2021 06:45 CDT,97430,16.16,83.5,2.535,8.565,0,102562.35
TWB14,Uvalde_2020_02,29.60214,-99.73007,436.7784,6/28/21,p,2021,04/05/2021 06:50 CDT,97429,16.16,83.6,2.345,8.565,0,102561.29
TWB14,Uvalde_2020_02,29.60214,-99.73007,436.7784,6/28/21,p,2021,04/05/2021 06:55 CDT,97430,16.15,83.7,2.225,8.565,0,102562.53
TWB14,Uvalde_2020_02,29.60214,-99.73007,436.7784,6/28/21,p,2021,04/05/2021 07:00 CDT,97430,16.14,83.8,2.395,8.565,0,102562.71
TWB14,Uvalde_2020_02,29.60214,-99.73007,436.7784,6/28/21,p,2021,04/05/2021 07:05 CDT,97431,16.14,83.9,2.26,8.565,0,102563.76
TWB14,Uvalde_2020_02,29.60214,-99.73007,436.7784,6/28/21,p,2021,04/05/2021 07:10 CDT,97434,16.11,84.1,2.13,8.565,0,102567.64
TWB14,Uvalde_2020_02,29.60214,-99.73007,436.7784,6/28/21,p,2021,04/05/2021 07:15 CDT,97430,16.1,84.3,2.115,8.565,0,102563.61
TWB14,Uvalde_2020_02,29.60214,-99.73007,436.7784,6/28/21,p,2021,04/05/2021 07:20 CDT,97430,16.1,84.2,2.52,8.565,0.25,102563.61
TWB14,Uvalde_2020_02,29.60214,-99.73007,436.7784,6/28/21,p,2021,04/05/2021 07:25 CDT,97438,16.12,84.2,2.67,8.565,0.89,102571.85
TWB14,Uvalde_2020_02,29.60214,-99.73007,436.7784,6/28/21,p,2021,04/05/2021 07:30 CDT,97442,16.11,84.3,2.34,8.565,1.81,102576.07
TWB14,Uvalde_2020_02,29.60214,-99.73007,436.7784,6/28/21,p,2021,04/05/2021 07:35 CDT,97443,16.11,84.5,2.535,8.565,2.86,102577.12
TWB14,Uvalde_2020_02,29.60214,-99.73007,436.7784,6/28/21,p,2021,04/05/2021 07:40 CDT,97452,16.1,84.7,2.02,8.565,5.06,102586.59
TWB14,Uvalde_2020_02,29.60214,-99.73007,436.7784,6/28/21,p,2021,04/05/2021 07:45 CDT,97456,16.1,84.6,2.345,8.565,7.66,102590.8
TWB14,Uvalde_2020_02,29.60214,-99.73007,436.7784,6/28/21,p,2021,04/05/2021 07:50 CDT,97456,16.11,84.5,2.55,8.565,12.44,102590.8
TWB14,Uvalde_2020_02,29.60214,-99.73007,436.7784,6/28/21,p,2021,04/05/2021 07:55 CDT,97462,16.14,84.5,2.25,8.565,13.88,102596.57
TWB14,Uvalde_2020_02,29.60214,-99.73007,436.7784,6/28/21,p,2021,04/05/2021 08:00 CDT,97470,16.16,84.2,2.49,8.565,14.67,102604.45
TWB14,Uvalde_2020_02,29.60214,-99.73007,436.7784,6/28/21,p,2021,04/05/2021 08:05 CDT,97472,16.19,84.2,2.265,8.565,17.97,102605.83
TWB14,Uvalde_2020_02,29.60214,-99.73007,436.7784,6/28/21,p,2021,04/05/2021 08:10 CDT,97473,16.21,84.1,2.005,8.565,22.64,102606.52
TWB14,Uvalde_2020_02,29.60214,-99.73007,436.7784,6/28/21,p,2021,04/05/2021 08:15 CDT,97477,16.24,84,2.105,8.565,27.15,102610.01
TWB14,Uvalde_2020_02,29.60214,-99.73007,436.7784,6/28/21,p,2021,04/05/2021 08:20 CDT,97481,16.27,84,2.55,8.565,33.5,102613.67
TWB14,Uvalde_2020_02,29.60214,-99.73007,436.7784,6/28/21,p,2021,04/05/2021 08:25 CDT,97482,16.32,83.5,2.79,8.565,34.19,102613.82
TWB14,Uvalde_2020_02,29.60214,-99.73007,436.7784,6/28/21,p,2021,04/05/2021 08:30 CDT,97482,16.34,83.6,2.865,8.565,30.38,102613.46
TWB14,Uvalde_2020_02,29.60214,-99.73007,436.7784,6/28/21,p,2021,04/05/2021 08:35 CDT,97480,16.37,83.7,2.49,8.565,45.55,102610.99
TWB14,Uvalde_2020_02,29.60214,-99.73007,436.7784,6/28/21,p,2021,04/05/2021 08:40 CDT,97479,16.43,83.6,2.59,8.565,47.41,102608.67
TWB14,Uvalde_2020_02,29.60214,-99.73007,436.7784,6/28/21,p,2021,04/05/2021 08:45 CDT,97478,16.48,83.7,2.385,8.565,51.28,102606.35
TWB14,Uvalde_2020_02,29.60214,-99.73007,436.7784,6/28/21,p,2021,04/05/2021 08:50 CDT,97479,16.51,84,3.03,8.565,58.47,102606.68
TWB14,Uvalde_2020_02,29.60214,-99.73007,436.7784,6/28/21,p,2021,04/05/2021 08:55 CDT,97479,16.57,83.6,1.835,8.565,48.01,102605.95
TWB14,Uvalde_2020_02,29.60214,-99.73007,436.7784,6/28/21,p,2021,04/05/2021 09:00 CDT,97479,16.62,83.2,2.385,8.565,55.08,102604.69
TWB14,Uvalde_2020_02,29.60214,-99.73007,436.7784,6/28/21,p,2021,04/05/2021 09:05 CDT,97478,16.66,83.4,2.25,8.565,63.99,102602.91
TWB14,Uvalde_2020_02,29.60214,-99.73007,436.7784,6/28/21,p,2021,04/05/2021 09:10 CDT,97479,16.73,82.9,2.635,8.565,86.53,102602.52
TWB14,Uvalde_2020_02,29.60214,-99.73007,436.7784,6/28/21,p,2021,04/05/2021 09:15 CDT,97478,16.78,83.2,2.865,8.565,85.25,102600.02
TWB14,Uvalde_2020_02,29.60214,-99.73007,436.7784,6/28/21,p,2021,04/05/2021 09:20 CDT,97478,16.82,82.6,2.665,8.565,91.44,102599.48
TWB14,Uvalde_2020_02,29.60214,-99.73007,436.7784,6/28/21,p,2021,04/05/2021 09:25 CDT,97478,16.91,82.3,2.55,8.565,91.92,102597.68
TWB14,Uvalde_2020_02,29.60214,-99.73007,436.7784,6/28/21,p,2021,04/05/2021 09:30 CDT,97478,17.02,81.8,2.34,8.565,99.17,102595.7
TWB14,Uvalde_2020_02,29.60214,-99.73007,436.7784,6/28/21,p,2021,04/05/2021 09:35 CDT,97479,17.04,81.8,2.765,8.565,115.97,102596.03
TWB14,Uvalde_2020_02,29.60214,-99.73007,436.7784,6/28/21,p,2021,04/05/2021 09:40 CDT,97478,17.16,80.7,2.57,8.565,125.41,102593.54
TWB14,Uvalde_2020_02,29.60214,-99.73007,436.7784,6/28/21,p,2021,04/05/2021 09:45 CDT,97478,17.22,80.8,2.255,8.565,111.32,102591.38
TWB14,Uvalde_2020_02,29.60214,-99.73007,436.7784,6/28/21,p,2021,04/05/2021 09:50 CDT,97479,17.33,80,2.375,8.565,122.17,102591
TWB14,Uvalde_2020_02,29.60214,-99.73007,436.7784,6/28/21,p,2021,04/05/2021 09:55 CDT,97478,17.32,79.52,2.785,8.565,120.73,102589.59
TWB14,Uvalde_2020_02,29.60214,-99.73007,436.7784,6/28/21,p,2021,04/05/2021 10:00 CDT,97478,17.36,79.59,2.635,8.565,107.43,102589.05
TWB14,Uvalde_2020_02,29.60214,-99.73007,436.7784,6/28/21,p,2021,04/05/2021 10:05 CDT,97478,17.48,79.66,2.58,8.565,209.17,102587.07
TWB14,Uvalde_2020_02,29.60214,-99.73007,436.7784,6/28/21,p,2021,04/05/2021 10:10 CDT,97475,17.79,76.69,2.85,8.565,207.61,102578.18
TWB14,Uvalde_2020_02,29.60214,-99.73007,436.7784,6/28/21,p,2021,04/05/2021 10:15 CDT,97471,17.83,76.62,3.16,8.565,230,102572.18
TWB14,Uvalde_2020_02,29.60214,-99.73007,436.7784,6/28/21,p,2021,04/05/2021 10:20 CDT,97467,17.96,76.61,3.17,8.565,179.22,102565.29
TWB14,Uvalde_2020_02,29.60214,-99.73007,436.7784,6/28/21,p,2021,04/05/2021 10:25 CDT,97465,18.01,75.12,3.05,8.565,255.97,102563.01
TWB14,Uvalde_2020_02,29.60214,-99.73007,436.7784,6/28/21,p,2021,04/05/2021 10:30 CDT,97467,18.15,75.22,3.23,8.565,214.08,102561.9
TWB14,Uvalde_2020_02,29.60214,-99.73007,436.7784,6/28/21,p,2021,04/05/2021 10:35 CDT,97457,18.28,74.44,2.71,8.565,275.23,102550.13
TWB14,Uvalde_2020_02,29.60214,-99.73007,436.7784,6/28/21,p,2021,04/05/2021 10:40 CDT,97456,18.66,73.09,2.635,8.565,244.37,102541.59
TWB14,Uvalde_2020_02,29.60214,-99.73007,436.7784,6/28/21,p,2021,04/05/2021 10:45 CDT,97452,18.68,72.82,3.1,8.565,287.27,102536.32
TWB14,Uvalde_2020_02,29.60214,-99.73007,436.7784,6/28/21,p,2021,04/05/2021 10:50 CDT,97449,18.55,73.26,3.305,8.565,219.4,102534.41
TWB14,Uvalde_2020_02,29.60214,-99.73007,436.7784,6/28/21,p,2021,04/05/2021 10:55 CDT,97450,18.65,71.81,2.7,8.565,216.29,102534.58
TWB14,Uvalde_2020_02,29.60214,-99.73007,436.7784,6/28/21,p,2021,04/05/2021 11:00 CDT,97442,18.89,71.27,2.415,8.565,393.07,102523.14
TWB14,Uvalde_2020_02,29.60214,-99.73007,436.7784,6/28/21,p,2021,04/05/2021 11:05 CDT,97441,19.16,69.51,3.58,8.565,365.93,102514.46
TWB14,Uvalde_2020_02,29.60214,-99.73007,436.7784,6/28/21,p,2021,04/05/2021 11:10 CDT,97438,19.37,68.16,2.875,8.565,425.54,102508.48
TWB14,Uvalde_2020_02,29.60214,-99.73007,436.7784,6/28/21,p,2021,04/05/2021 11:15 CDT,97439,19.41,68.26,2.805,8.565,332.18,102507.05
TWB14,Uvalde_2020_02,29.60214,-99.73007,436.7784,6/28/21,p,2021,04/05/2021 11:20 CDT,97442,19.41,66.87,3.39,8.565,332.07,102509.16
TWB14,Uvalde_2020_02,29.60214,-99.73007,436.7784,6/28/21,p,2021,04/05/2021 11:25 CDT,97443,19.49,66.94,3.2,8.565,308.31,102510.38
TWB14,Uvalde_2020_02,29.60214,-99.73007,436.7784,6/28/21,p,2021,04/05/2021 11:30 CDT,97443,19.88,65.39,2.685,8.565,451.62,102505.45
TWB14,Uvalde_2020_02,29.60214,-99.73007,436.7784,6/28/21,p,2021,04/05/2021 11:35 CDT,97440,19.75,67.54,2.97,8.565,300.11,102500.69
TWB14,Uvalde_2020_02,29.60214,-99.73007,436.7784,6/28/21,p,2021,04/05/2021 11:40 CDT,97429,19.66,65.18,3.08,8.565,274.95,102492.49
TWB14,Uvalde_2020_02,29.60214,-99.73007,436.7784,6/28/21,p,2021,04/05/2021 11:45 CDT,97426,19.9,65.41,3.16,8.565,453.05,102486.86
TWB14,Uvalde_2020_02,29.60214,-99.73007,436.7784,6/28/21,p,2021,04/05/2021 11:50 CDT,97421,20.15,64.2,2.54,8.565,482.43,102477.9
TWB14,Uvalde_2020_02,29.60214,-99.73007,436.7784,6/28/21,p,2021,04/05/2021 11:55 CDT,97416,20.36,62.35,2.865,8.565,363.9,102464.92
TWB14,Uvalde_2020_02,29.60214,-99.73007,436.7784,6/28/21,p,2021,04/05/2021 12:00 CDT,97408,20.37,62.55,3.325,8.565,493.53,102457.03
TWB14,Uvalde_2020_02,29.60214,-99.73007,436.7784,6/28/21,p,2021,04/05/2021 12:05 CDT,97401,20.4,60.59,3.33,8.565,419.3,102448.8
TWB14,Uvalde_2020_02,29.60214,-99.73007,436.7784,6/28/21,p,2021,04/05/2021 12:10 CDT,97399,20.8,58.64,3,8.565,522.82,102440.93
TWB14,Uvalde_2020_02,29.60214,-99.73007,436.7784,6/28/21,p,2021,04/05/2021 12:15 CDT,97395,20.64,60.83,3.26,8.565,336.52,102436.35
TWB14,Uvalde_2020_02,29.60214,-99.73007,436.7784,6/28/21,p,2021,04/05/2021 12:20 CDT,97386,20.73,60.93,3.07,8.565,456.34,102427.59
TWB14,Uvalde_2020_02,29.60214,-99.73007,436.7784,6/28/21,p,2021,04/05/2021 12:25 CDT,97376,21.31,58.19,2.885,8.565,629.84,102408.17
TWB14,Uvalde_2020_02,29.60214,-99.73007,436.7784,6/28/21,p,2021,04/05/2021 12:30 CDT,97367,21.28,57.68,3.885,8.565,466.37,102396.44
TWB14,Uvalde_2020_02,29.60214,-99.73007,436.7784,6/28/21,p,2021,04/05/2021 12:35 CDT,97362,21.35,57.17,2.895,8.565,436.33,102391.89
TWB14,Uvalde_2020_02,29.60214,-99.73007,436.7784,6/28/21,p,2021,04/05/2021 12:40 CDT,97354,21.37,56.8,3.525,8.565,559.29,102382.6
TWB14,Uvalde_2020_02,29.60214,-99.73007,436.7784,6/28/21,p,2021,04/05/2021 12:45 CDT,97336,21.84,55.25,4.045,8.565,710.55,102355.34
TWB14,Uvalde_2020_02,29.60214,-99.73007,436.7784,6/28/21,p,2021,04/05/2021 12:50 CDT,97331,21.84,53.53,3.685,8.565,710.04,102347.14
TWB14,Uvalde_2020_02,29.60214,-99.73007,436.7784,6/28/21,p,2021,04/05/2021 12:55 CDT,97317,21.99,54.47,3.32,8.565,414.98,102329.81
TWB14,Uvalde_2020_02,29.60214,-99.73007,436.7784,6/28/21,p,2021,04/05/2021 13:00 CDT,97308,21.82,54.81,3.255,9.4,553.07,102325.03
TWB14,Uvalde_2020_02,29.60214,-99.73007,436.7784,6/28/21,p,2021,04/05/2021 13:05 CDT,97306,21.85,56.56,3.87,8.985,493.87,102321.18
TWB14,Uvalde_2020_02,29.60214,-99.73007,436.7784,6/28/21,p,2021,04/05/2021 13:10 CDT,97298,22.17,55.01,3.48,8.985,532.85,102308.44
TWB14,Uvalde_2020_02,29.60214,-99.73007,436.7784,6/28/21,p,2021,04/05/2021 13:15 CDT,97286,22.04,55.51,2.86,8.985,321.64,102297.9
TWB14,Uvalde_2020_02,29.60214,-99.73007,436.7784,6/28/21,p,2021,04/05/2021 13:20 CDT,97270,22.18,53.93,3.295,8.985,731.05,102279.53
TWB14,Uvalde_2020_02,29.60214,-99.73007,436.7784,6/28/21,p,2021,04/05/2021 13:25 CDT,97258,22.74,51.94,4.01,8.985,600.27,102256.22
TWB14,Uvalde_2020_02,29.60214,-99.73007,436.7784,6/28/21,p,2021,04/05/2021 13:30 CDT,97251,22.5,53.15,3.685,8.985,563.75,102252.12
TWB14,Uvalde_2020_02,29.60214,-99.73007,436.7784,6/28/21,p,2021,04/05/2021 13:35 CDT,97246,22.64,53.12,3.64,8.985,563.49,102244.8
TWB14,Uvalde_2020_02,29.60214,-99.73007,436.7784,6/28/21,p,2021,04/05/2021 13:40 CDT,97234,22.47,51.46,4.1,8.985,600.27,102234.43
TWB14,Uvalde_2020_02,29.60214,-99.73007,436.7784,6/28/21,p,2021,04/05/2021 13:45 CDT,97223,22.48,53.15,4.025,8.565,536.75,102222.86
TWB14,Uvalde_2020_02,29.60214,-99.73007,436.7784,6/28/21,p,2021,04/05/2021 13:50 CDT,97212,22.86,51.39,2.93,8.565,485.13,102208.03
TWB14,Uvalde_2020_02,29.60214,-99.73007,436.7784,6/28/21,p,2021,04/05/2021 13:55 CDT,97208,22.91,52.6,3.26,8.565,318,102200.54
TWB14,Uvalde_2020_02,29.60214,-99.73007,436.7784,6/28/21,p,2021,04/05/2021 14:00 CDT,97200,22.54,53.48,3.435,8.565,250.34,102198.33
TWB14,Uvalde_2020_02,29.60214,-99.73007,436.7784,6/28/21,p,2021,04/05/2021 14:05 CDT,97189,22.39,53.34,3.09,8.565,449.85,102192.29
TWB14,Uvalde_2020_02,29.60214,-99.73007,436.7784,6/28/21,p,2021,04/05/2021 14:10 CDT,97180,22.71,54.02,2.77,8.565,296.2,102176.78
TWB14,Uvalde_2020_02,29.60214,-99.73007,436.7784,6/28/21,p,2021,04/05/2021 14:15 CDT,97175,22.69,52.3,3.545,8.565,550.4,102172.22
TWB14,Uvalde_2020_02,29.60214,-99.73007,436.7784,6/28/21,p,2021,04/05/2021 14:20 CDT,97170,23.1,50.85,3.385,8.565,512.98,102159.92
TWB14,Uvalde_2020_02,29.60214,-99.73007,436.7784,6/28/21,p,2021,04/05/2021 14:25 CDT,97165,23.4,50.51,3.58,8.565,614.43,102146.94
TWB14,Uvalde_2020_02,29.60214,-99.73007,436.7784,6/28/21,p,2021,04/05/2021 14:30 CDT,97159,23.2,51.22,3.205,8.565,529.46,102141.99
TWB14,Uvalde_2020_02,29.60214,-99.73007,436.7784,6/28/21,p,2021,04/05/2021 14:35 CDT,97151,23.25,51.25,2.54,8.565,202.92,102134.96
TWB14,Uvalde_2020_02,29.60214,-99.73007,436.7784,6/28/21,p,2021,04/05/2021 14:40 CDT,97144,22.93,52.37,3.22,8.565,318.48,102133.94
TWB14,Uvalde_2020_02,29.60214,-99.73007,436.7784,6/28/21,p,2021,04/05/2021 14:45 CDT,97133,22.93,50.21,2.83,8.565,492.59,102124.12
TWB14,Uvalde_2020_02,29.60214,-99.73007,436.7784,6/28/21,p,2021,04/05/2021 14:50 CDT,97126,23.66,49.64,2.99,8.565,794.19,102106.46
TWB14,Uvalde_2020_02,29.60214,-99.73007,436.7784,6/28/21,p,2021,04/05/2021 14:55 CDT,97117,24.04,48.36,3.32,8.565,604.34,102086.75
TWB14,Uvalde_2020_02,29.60214,-99.73007,436.7784,6/28/21,p,2021,04/05/2021 15:00 CDT,97116,23.84,48.9,3.25,8.565,558.65,102087.06
TWB14,Uvalde_2020_02,29.60214,-99.73007,436.7784,6/28/21,p,2021,04/05/2021 15:05 CDT,97106,24.04,46.64,2.825,8.565,730.73,102076.05
TWB14,Uvalde_2020_02,29.60214,-99.73007,436.7784,6/28/21,p,2021,04/05/2021 15:10 CDT,97106,24.33,47.55,3.335,8.565,332.03,102067.86
TWB14,Uvalde_2020_02,29.60214,-99.73007,436.7784,6/28/21,p,2021,04/05/2021 15:15 CDT,97100,23.57,49.94,3.4,8.565,271.01,102072.79
TWB14,Uvalde_2020_02,29.60214,-99.73007,436.7784,6/28/21,p,2021,04/05/2021 15:20 CDT,97079,23.34,50.38,3.145,8.565,382.62,102058.24
TWB14,Uvalde_2020_02,29.60214,-99.73007,436.7784,6/28/21,p,2021,04/05/2021 15:25 CDT,97072,23.58,49.57,3.21,8.565,265.63,102048.66
TWB14,Uvalde_2020_02,29.60214,-99.73007,436.7784,6/28/21,p,2021,04/05/2021 15:30 CDT,97056,23.71,49.84,2.81,8.565,510.54,102030.81
TWB14,Uvalde_2020_02,29.60214,-99.73007,436.7784,6/28/21,p,2021,04/05/2021 15:35 CDT,97041,24.09,50.24,2.795,8.565,486.86,102007.35
TWB14,Uvalde_2020_02,29.60214,-99.73007,436.7784,6/28/21,p,2021,04/05/2021 15:40 CDT,97031,24.16,48.83,3.045,8.565,428.17,101994.64
TWB14,Uvalde_2020_02,29.60214,-99.73007,436.7784,6/28/21,p,2021,04/05/2021 15:45 CDT,97024,23.96,48.86,2.85,8.565,227.33,101989.49
TWB14,Uvalde_2020_02,29.60214,-99.73007,436.7784,6/28/21,p,2021,04/05/2021 15:50 CDT,97018,23.95,50.07,2.575,8.565,404.63,101985.4
TWB14,Uvalde_2020_02,29.60214,-99.73007,436.7784,6/28/21,p,2021,04/05/2021 15:55 CDT,97002,24.57,46.8,3.095,8.565,586.11,101957.54
TWB14,Uvalde_2020_02,29.60214,-99.73007,436.7784,6/28/21,p,2021,04/05/2021 16:00 CDT,96994,24.49,46.57,3.235,8.565,354.57,101948.62
TWB14,Uvalde_2020_02,29.60214,-99.73007,436.7784,6/28/21,p,2021,04/05/2021 16:05 CDT,96986,24.6,45.56,2.365,8.565,357,101941.24
TWB14,Uvalde_2020_02,29.60214,-99.73007,436.7784,6/28/21,p,2021,04/05/2021 16:10 CDT,96985,24.48,46.94,3.065,8.565,300.22,101939.5
TWB14,Uvalde_2020_02,29.60214,-99.73007,436.7784,6/28/21,p,2021,04/05/2021 16:15 CDT,96974,24.32,48.08,3.03,8.565,418.06,101932.51
TWB14,Uvalde_2020_02,29.60214,-99.73007,436.7784,6/28/21,p,2021,04/05/2021 16:20 CDT,96964,24.52,47.31,3.165,8.565,263.91,101918.44
TWB14,Uvalde_2020_02,29.60214,-99.73007,436.7784,6/28/21,p,2021,04/05/2021 16:25 CDT,96956,24.54,45.29,3.65,8.315,560.17,101911.75
TWB14,Uvalde_2020_02,29.60214,-99.73007,436.7784,6/28/21,p,2021,04/05/2021 16:30 CDT,96949,25.1,44.04,3.165,8.315,662.53,101894.39
TWB14,Uvalde_2020_02,29.60214,-99.73007,436.7784,6/28/21,p,2021,04/05/2021 16:35 CDT,96938,25.36,43.97,3.24,8.715,498.29,101874.72
TWB14,Uvalde_2020_02,29.60214,-99.73007,436.7784,6/28/21,p,2021,04/05/2021 16:40 CDT,96931,24.94,44.31,3.755,8.715,278.36,101874.12
TWB14,Uvalde_2020_02,29.60214,-99.73007,436.7784,6/28/21,p,2021,04/05/2021 16:45 CDT,96925,24.88,44.88,3.125,8.715,291.5,101872.38
TWB14,Uvalde_2020_02,29.60214,-99.73007,436.7784,6/28/21,p,2021,04/05/2021 16:50 CDT,96922,25.03,43.84,3,8.715,491.32,101866.02
TWB14,Uvalde_2020_02,29.60214,-99.73007,436.7784,6/28/21,p,2021,04/05/2021 16:55 CDT,96917,25.01,44.61,3.245,8.715,265.6,101859.91
TWB14,Uvalde_2020_02,29.60214,-99.73007,436.7784,6/28/21,p,2021,04/05/2021 17:00 CDT,96910,24.84,44.24,2.945,8.715,348.05,101856.28
TWB14,Uvalde_2020_02,29.60214,-99.73007,436.7784,6/28/21,p,2021,04/05/2021 17:05 CDT,96905,24.9,44.71,3.04,8.715,397.05,101849.84
TWB14,Uvalde_2020_02,29.60214,-99.73007,436.7784,6/28/21,p,2021,04/05/2021 17:10 CDT,96896,24.96,45.12,3.425,8.715,363.34,101839.86
TWB14,Uvalde_2020_02,29.60214,-99.73007,436.7784,6/28/21,p,2021,04/05/2021 17:15 CDT,96886,25.37,43.16,2.93,8.715,427.43,101824.98
TWB14,Uvalde_2020_02,29.60214,-99.73007,436.7784,6/28/21,p,2021,04/05/2021 17:20 CDT,96890,25.11,45.05,3.155,8.715,167.43,101828.32
TWB14,Uvalde_2020_02,29.60214,-99.73007,436.7784,6/28/21,p,2021,04/05/2021 17:25 CDT,96889,24.57,45.82,2.96,8.715,150.68,101838.09
TWB14,Uvalde_2020_02,29.60214,-99.73007,436.7784,6/28/21,p,2021,04/05/2021 17:30 CDT,96884,24.71,44.68,3.16,8.715,345.58,101833.87
TWB14,Uvalde_2020_02,29.60214,-99.73007,436.7784,6/28/21,p,2021,04/05/2021 17:35 CDT,96883,24.72,45.39,2.715,8.715,224.05,101831.62
TWB14,Uvalde_2020_02,29.60214,-99.73007,436.7784,6/28/21,p,2021,04/05/2021 17:40 CDT,96869,24.9,44.48,2.515,8.715,367.27,101815.73
TWB14,Uvalde_2020_02,29.60214,-99.73007,436.7784,6/28/21,p,2021,04/05/2021 17:45 CDT,96858,25.26,44.17,4.06,9.465,360.93,101797.23
TWB14,Uvalde_2020_02,29.60214,-99.73007,436.7784,6/28/21,p,2021,04/05/2021 17:50 CDT,96857,25.42,44,3.2,8.885,344.29,101793.98
TWB14,Uvalde_2020_02,29.60214,-99.73007,436.7784,6/28/21,p,2021,04/05/2021 17:55 CDT,96857,25.53,42.76,3.28,8.885,324.74,101789.94
TWB14,Uvalde_2020_02,29.60214,-99.73007,436.7784,6/28/21,p,2021,04/05/2021 18:00 CDT,96859,25.47,42.93,3.28,8.885,313.86,101792.72
TWB14,Uvalde_2020_02,29.60214,-99.73007,436.7784,6/28/21,p,2021,04/05/2021 18:05 CDT,96858,25.37,43.43,3.35,8.885,300.29,101794.03
TWB14,Uvalde_2020_02,29.60214,-99.73007,436.7784,6/28/21,p,2021,04/05/2021 18:10 CDT,96859,25.43,43.6,3.315,8.885,287.45,101794.91
TWB14,Uvalde_2020_02,29.60214,-99.73007,436.7784,6/28/21,p,2021,04/05/2021 18:15 CDT,96858,25.46,43.8,3.445,8.885,282.48,101793.01
TWB14,Uvalde_2020_02,29.60214,-99.73007,436.7784,6/28/21,p,2021,04/05/2021 18:20 CDT,96856,25.38,43.16,3.235,8.885,266.23,101791.59
TWB14,Uvalde_2020_02,29.60214,-99.73007,436.7784,6/28/21,p,2021,04/05/2021 18:25 CDT,96855,25.25,44.78,2.52,8.885,213.64,101792.89
TWB14,Uvalde_2020_02,29.60214,-99.73007,436.7784,6/28/21,p,2021,04/05/2021 18:30 CDT,96852,25.39,43.7,3.085,8.885,232.98,101788.39
TWB14,Uvalde_2020_02,29.60214,-99.73007,436.7784,6/28/21,p,2021,04/05/2021 18:35 CDT,96854,25.34,43.6,3.13,8.885,184.35,101791.51
TWB14,Uvalde_2020_02,29.60214,-99.73007,436.7784,6/28/21,p,2021,04/05/2021 18:40 CDT,96854,25.1,43.97,2.885,8.885,171.73,101794.89
TWB14,Uvalde_2020_02,29.60214,-99.73007,436.7784,6/28/21,p,2021,04/05/2021 18:45 CDT,96848,24.95,44.18,2.56,8.885,114.43,101791.45
TWB14,Uvalde_2020_02,29.60214,-99.73007,436.7784,6/28/21,p,2021,04/05/2021 18:50 CDT,96849,24.9,44.45,2.69,8.885,159.83,101795.04
TWB14,Uvalde_2020_02,29.60214,-99.73007,436.7784,6/28/21,p,2021,04/05/2021 18:55 CDT,96848,25.07,44.25,2.74,8.885,147.83,101792.64
TWB14,Uvalde_2020_02,29.60214,-99.73007,436.7784,6/28/21,p,2021,04/05/2021 19:00 CDT,96846,25.03,43.71,3.42,8.885,136.27,101790.37
TWB14,Uvalde_2020_02,29.60214,-99.73007,436.7784,6/28/21,p,2021,04/05/2021 19:05 CDT,96841,24.89,44.48,3.25,8.885,118.86,101787.31
TWB14,Uvalde_2020_02,29.60214,-99.73007,436.7784,6/28/21,p,2021,04/05/2021 19:10 CDT,96846,24.77,45.22,2.98,8.885,98.47,101795.28
TWB14,Uvalde_2020_02,29.60214,-99.73007,436.7784,6/28/21,p,2021,04/05/2021 19:15 CDT,96845,24.73,45.56,1.965,8.885,83.65,101795.58
TWB14,Uvalde_2020_02,29.60214,-99.73007,436.7784,6/28/21,p,2021,04/05/2021 19:20 CDT,96843,24.7,45.39,2.85,8.885,72.23,101793.99
TWB14,Uvalde_2020_02,29.60214,-99.73007,436.7784,6/28/21,p,2021,04/05/2021 19:25 CDT,96837,24.57,46.07,2.065,8.885,59.68,101790.4
TWB14,Uvalde_2020_02,29.60214,-99.73007,436.7784,6/28/21,p,2021,04/05/2021 19:30 CDT,96839,24.51,46.07,2.83,8.885,40.19,101793.52
TWB14,Uvalde_2020_02,29.60214,-99.73007,436.7784,6/28/21,p,2021,04/05/2021 19:35 CDT,96838,24.35,46.61,2.68,8.885,28.33,101795.18
TWB14,Uvalde_2020_02,29.60214,-99.73007,436.7784,6/28/21,p,2021,04/05/2021 19:40 CDT,96841,24.11,46.98,3.255,8.885,21.52,101801.91
TWB14,Uvalde_2020_02,29.60214,-99.73007,436.7784,6/28/21,p,2021,04/05/2021 19:45 CDT,96842,23.93,47.59,2.67,8.885,15.34,101806.54
TWB14,Uvalde_2020_02,29.60214,-99.73007,436.7784,6/28/21,p,2021,04/05/2021 19:50 CDT,96842,23.72,48.37,2.185,8.885,10.84,101810.13
TWB14,Uvalde_2020_02,29.60214,-99.73007,436.7784,6/28/21,p,2021,04/05/2021 19:55 CDT,96841,23.51,48.71,2.185,8.885,7.1,101813.18
TWB14,Uvalde_2020_02,29.60214,-99.73007,436.7784,6/28/21,p,2021,04/05/2021 20:00 CDT,96844,23.34,49.28,1.64,8.885,4.31,101819.41
TWB14,Uvalde_2020_02,29.60214,-99.73007,436.7784,6/28/21,p,2021,04/05/2021 20:05 CDT,96847,23.19,49.72,1.65,8.885,2.21,101825.83
TWB14,Uvalde_2020_02,29.60214,-99.73007,436.7784,6/28/21,p,2021,04/05/2021 20:10 CDT,96851,23.07,50.16,1.84,8.885,0.71,101832.95
TWB14,Uvalde_2020_02,29.60214,-99.73007,436.7784,6/28/21,p,2021,04/05/2021 20:15 CDT,96849,22.99,50.26,1.84,8.885,0.07,101832.57
TWB14,Uvalde_2020_02,29.60214,-99.73007,436.7784,6/28/21,p,2021,04/05/2021 20:20 CDT,96849,22.91,50.67,1.925,8.885,0,101834.11
TWB14,Uvalde_2020_02,29.60214,-99.73007,436.7784,6/28/21,p,2021,04/05/2021 20:25 CDT,96853,22.79,50.67,1.97,8.885,0,101840.73
TWB14,Uvalde_2020_02,29.60214,-99.73007,436.7784,6/28/21,p,2021,04/05/2021 20:30 CDT,96860,22.74,51.02,1.945,8.885,0,101848.6
TWB14,Uvalde_2020_02,29.60214,-99.73007,436.7784,6/28/21,p,2021,04/05/2021 20:35 CDT,96864,22.62,51.49,1.535,8.885,0,101855.05
TWB14,Uvalde_2020_02,29.60214,-99.73007,436.7784,6/28/21,p,2021,04/05/2021 20:40 CDT,96867,22.49,51.66,1.53,8.885,0,101860.79
TWB14,Uvalde_2020_02,29.60214,-99.73007,436.7784,6/28/21,p,2021,04/05/2021 20:45 CDT,96861,22.43,51.83,1.515,8.885,0,101855.86
TWB14,Uvalde_2020_02,29.60214,-99.73007,436.7784,6/28/21,p,2021,04/05/2021 20:50 CDT,96859,22.3,52.3,1.5,8.885,0.01,101855.83
TWB14,Uvalde_2020_02,29.60214,-99.73007,436.7784,6/28/21,p,2021,04/05/2021 20:55 CDT,96860,22.25,52.23,1.675,8.885,0,101858.61
TWB14,Uvalde_2020_02,29.60214,-99.73007,436.7784,6/28/21,p,2021,04/05/2021 21:00 CDT,96858,22.14,52.87,1.325,8.885,0.06,101858.24
TWB14,Uvalde_2020_02,29.60214,-99.73007,436.7784,6/28/21,p,2021,04/05/2021 21:05 CDT,96852,21.92,54.02,0.875,8.885,0.65,101855.73
TWB14,Uvalde_2020_02,29.60214,-99.73007,436.7784,6/28/21,p,2021,04/05/2021 21:10 CDT,96848,21.72,54.56,1.075,8.885,0.49,101856.21
TWB14,Uvalde_2020_02,29.60214,-99.73007,436.7784,6/28/21,p,2021,04/05/2021 21:15 CDT,96857,21.46,56.15,1.14,8.885,0.94,101871.23
TWB14,Uvalde_2020_02,29.60214,-99.73007,436.7784,6/28/21,p,2021,04/05/2021 21:20 CDT,96879,21.61,54.13,2.92,8.885,0,101894.39
TWB14,Uvalde_2020_02,29.60214,-99.73007,436.7784,6/28/21,p,2021,04/05/2021 21:25 CDT,96892,22.1,55.75,3.265,6.52,0,101896.92
TWB14,Uvalde_2020_02,29.60214,-99.73007,436.7784,6/28/21,p,2021,04/05/2021 21:30 CDT,96894,22.18,58.24,3.595,6.52,0,101894.5
TWB14,Uvalde_2020_02,29.60214,-99.73007,436.7784,6/28/21,p,2021,04/05/2021 21:35 CDT,96899,22.09,59.16,3.175,6.52,0,101900.27
TWB14,Uvalde_2020_02,29.60214,-99.73007,436.7784,6/28/21,p,2021,04/05/2021 21:40 CDT,96910,21.96,60.03,2.72,6.52,0,101913.39
TWB14,Uvalde_2020_02,29.60214,-99.73007,436.7784,6/28/21,p,2021,04/05/2021 21:45 CDT,96917,21.87,61.85,4.25,9.465,0,101922.47
TWB14,Uvalde_2020_02,29.60214,-99.73007,436.7784,6/28/21,p,2021,04/05/2021 21:50 CDT,96921,21.81,62.76,3.3,8.635,0,101927.2
TWB14,Uvalde_2020_02,29.60214,-99.73007,436.7784,6/28/21,p,2021,04/05/2021 21:55 CDT,96923,21.65,63.44,3.085,8.635,0.03,101932.07
TWB14,Uvalde_2020_02,29.60214,-99.73007,436.7784,6/28/21,p,2021,04/05/2021 22:00 CDT,96935,21.51,64.55,2.685,8.635,0.11,101946.77
TWB14,Uvalde_2020_02,29.60214,-99.73007,436.7784,6/28/21,p,2021,04/05/2021 22:05 CDT,96948,21.38,65.6,2.4,8.635,0.02,101963.22
TWB14,Uvalde_2020_02,29.60214,-99.73007,436.7784,6/28/21,p,2021,04/05/2021 22:10 CDT,96950,21.23,66.78,2.085,8.635,0.05,101967.58
TWB14,Uvalde_2020_02,29.60214,-99.73007,436.7784,6/28/21,p,2021,04/05/2021 22:15 CDT,96953,21.12,68.09,3.545,8.635,0,101973.52
TWB14,Uvalde_2020_02,29.60214,-99.73007,436.7784,6/28/21,p,2021,04/05/2021 22:20 CDT,96959,21.07,68.87,2.935,8.635,0,101980.17
TWB14,Uvalde_2020_02,29.60214,-99.73007,436.7784,6/28/21,p,2021,04/05/2021 22:25 CDT,96962,20.97,70.66,3.865,8.635,0,101984.89
TWB14,Uvalde_2020_02,29.60214,-99.73007,436.7784,6/28/21,p,2021,04/05/2021 22:30 CDT,96970,20.83,71.94,3.41,8.635,0,101995.39
TWB14,Uvalde_2020_02,29.60214,-99.73007,436.7784,6/28/21,p,2021,04/05/2021 22:35 CDT,96972,20.68,72.95,3.055,8.635,0,102000.11
TWB14,Uvalde_2020_02,29.60214,-99.73007,436.7784,6/28/21,p,2021,04/05/2021 22:40 CDT,96978,20.57,73.66,3.575,8.885,0,102008.52
TWB14,Uvalde_2020_02,29.60214,-99.73007,436.7784,6/28/21,p,2021,04/05/2021 22:45 CDT,96979,20.51,74.54,3.89,9.4,0,102010.79
TWB14,Uvalde_2020_02,29.60214,-99.73007,436.7784,6/28/21,p,2021,04/05/2021 22:50 CDT,96981,20.42,75.05,3.14,8.565,0,102014.12
TWB14,Uvalde_2020_02,29.60214,-99.73007,436.7784,6/28/21,p,2021,04/05/2021 22:55 CDT,96980,20.32,75.32,2.855,8.565,0,102014.82
TWB14,Uvalde_2020_02,29.60214,-99.73007,436.7784,6/28/21,p,2021,04/05/2021 23:00 CDT,96980,20.27,75.62,3.155,8.565,0,102016.04
TWB14,Uvalde_2020_02,29.60214,-99.73007,436.7784,6/28/21,p,2021,04/05/2021 23:05 CDT,96979,20.16,76.19,2.58,8.565,0,102016.57
TWB14,Uvalde_2020_02,29.60214,-99.73007,436.7784,6/28/21,p,2021,04/05/2021 23:10 CDT,96977,20.06,77.04,3.185,8.565,0,102016.04
TWB14,Uvalde_2020_02,29.60214,-99.73007,436.7784,6/28/21,p,2021,04/05/2021 23:15 CDT,96975,20,77.34,3.65,8.565,0,102015.34
TWB14,Uvalde_2020_02,29.60214,-99.73007,436.7784,6/28/21,p,2021,04/05/2021 23:20 CDT,96975,19.96,77.41,4.07,8.965,0,102016.04
TWB14,Uvalde_2020_02,29.60214,-99.73007,436.7784,6/28/21,p,2021,04/05/2021 23:25 CDT,96971,19.9,77.98,3.69,8.965,0,102012.71
TWB14,Uvalde_2020_02,29.60214,-99.73007,436.7784,6/28/21,p,2021,04/05/2021 23:30 CDT,96970,19.84,78.08,2.795,8.965,0,102012.36
TWB14,Uvalde_2020_02,29.60214,-99.73007,436.7784,6/28/21,p,2021,04/05/2021 23:35 CDT,96971,19.79,78.38,2.78,8.965,0,102014.12
TWB14,Uvalde_2020_02,29.60214,-99.73007,436.7784,6/28/21,p,2021,04/05/2021 23:40 CDT,96973,19.71,78.82,3.14,8.965,0,102017.8
TWB14,Uvalde_2020_02,29.60214,-99.73007,436.7784,6/28/21,p,2021,04/05/2021 23:45 CDT,96970,19.64,79.06,3.48,8.565,0,102015.88
TWB14,Uvalde_2020_02,29.60214,-99.73007,436.7784,6/28/21,p,2021,04/05/2021 23:50 CDT,96966,19.57,79.4,3.175,8.565,0,102012.73
TWB14,Uvalde_2020_02,29.60214,-99.73007,436.7784,6/28/21,p,2021,04/05/2021 23:55 CDT,96967,19.55,79.5,3.47,8.565,0,102014.13
TWB14,Uvalde_2020_02,29.60214,-99.73007,436.7784,6/28/21,p,2021,04/06/2021 00:00 CDT,96967,19.52,79.77,3.015,8.565,0,102014.66
TWB14,Uvalde_2020_02,29.60214,-99.73007,436.7784,6/28/21,p,2021,04/06/2021 00:05 CDT,96973,19.48,79.83,2.855,8.565,0,102021.68
TWB14,Uvalde_2020_02,29.60214,-99.73007,436.7784,6/28/21,p,2021,04/06/2021 00:10 CDT,96977,19.44,80,2.625,8.565,0,102026.41
TWB14,Uvalde_2020_02,29.60214,-99.73007,436.7784,6/28/21,p,2021,04/06/2021 00:15 CDT,96980,19.41,80.2,2.335,8.565,0,102030.1
TWB14,Uvalde_2020_02,29.60214,-99.73007,436.7784,6/28/21,p,2021,04/06/2021 00:20 CDT,96981,19.38,80.4,2.84,8.565,0,102031.5
TWB14,Uvalde_2020_02,29.60214,-99.73007,436.7784,6/28/21,p,2021,04/06/2021 00:25 CDT,96979,19.33,80.7,2.935,8.565,0,102030.28
TWB14,Uvalde_2020_02,29.60214,-99.73007,436.7784,6/28/21,p,2021,04/06/2021 00:30 CDT,96978,19.28,81.2,3.475,8.565,0,102030.11
TWB14,Uvalde_2020_02,29.60214,-99.73007,436.7784,6/28/21,p,2021,04/06/2021 00:35 CDT,96972,19.24,81.4,3.07,8.565,0,102024.15
TWB14,Uvalde_2020_02,29.60214,-99.73007,436.7784,6/28/21,p,2021,04/06/2021 00:40 CDT,96966,19.19,81.7,3.53,8.565,0,102018.89
TWB14,Uvalde_2020_02,29.60214,-99.73007,436.7784,6/28/21,p,2021,04/06/2021 00:45 CDT,96968,19.13,82.2,3.25,8.565,0,102022.05
TWB14,Uvalde_2020_02,29.60214,-99.73007,436.7784,6/28/21,p,2021,04/06/2021 00:50 CDT,96964,19.07,82.5,3.735,8.4,0,102019.08
TWB14,Uvalde_2020_02,29.60214,-99.73007,436.7784,6/28/21,p,2021,04/06/2021 00:55 CDT,96963,19.03,83,3.935,8.4,0,102018.91
TWB14,Uvalde_2020_02,29.60214,-99.73007,436.7784,6/28/21,p,2021,04/06/2021 01:00 CDT,96955,18.99,83.3,4.04,8.4,0,102011.02
TWB14,Uvalde_2020_02,29.60214,-99.73007,436.7784,6/28/21,p,2021,04/06/2021 01:05 CDT,96953,18.98,83.6,3.885,8.4,0,102008.92
TWB14,Uvalde_2020_02,29.60214,-99.73007,436.7784,6/28/21,p,2021,04/06/2021 01:10 CDT,96952,18.97,83.9,3.885,8.4,0,102007.86
TWB14,Uvalde_2020_02,29.60214,-99.73007,436.7784,6/28/21,p,2021,04/06/2021 01:15 CDT,96952,18.94,84.2,4.4,8.4,0,102008.75
TWB14,Uvalde_2020_02,29.60214,-99.73007,436.7784,6/28/21,p,2021,04/06/2021 01:20 CDT,96953,18.92,84.2,3.14,8.4,0,102010.15
TWB14,Uvalde_2020_02,29.60214,-99.73007,436.7784,6/28/21,p,2021,04/06/2021 01:25 CDT,96953,18.9,84.5,3.945,8.4,0,102010.5
TWB14,Uvalde_2020_02,29.60214,-99.73007,436.7784,6/28/21,p,2021,04/06/2021 01:30 CDT,96953,18.9,84.7,4.24,9.065,0,102010.86
TWB14,Uvalde_2020_02,29.60214,-99.73007,436.7784,6/28/21,p,2021,04/06/2021 01:35 CDT,96952,18.9,84.8,3.545,8.9,0,102009.8
TWB14,Uvalde_2020_02,29.60214,-99.73007,436.7784,6/28/21,p,2021,04/06/2021 01:40 CDT,96942,18.93,85,3.45,8.9,0,101998.57
TWB14,Uvalde_2020_02,29.60214,-99.73007,436.7784,6/28/21,p,2021,04/06/2021 01:45 CDT,96931,18.93,85.1,3.36,8.9,0,101987
TWB14,Uvalde_2020_02,29.60214,-99.73007,436.7784,6/28/21,p,2021,04/06/2021 01:50 CDT,96926,18.94,85.3,4.105,9.315,0,101981.56
TWB14,Uvalde_2020_02,29.60214,-99.73007,436.7784,6/28/21,p,2021,04/06/2021 01:55 CDT,96917,18.96,85.4,3.16,8.815,0,101971.74
TWB14,Uvalde_2020_02,29.60214,-99.73007,436.7784,6/28/21,p,2021,04/06/2021 02:00 CDT,96917,18.97,85.7,4.11,8.815,0,101971.38
TWB14,Uvalde_2020_02,29.60214,-99.73007,436.7784,6/28/21,p,2021,04/06/2021 02:05 CDT,96921,18.95,85.8,3.73,8.815,0,101975.94
TWB14,Uvalde_2020_02,29.60214,-99.73007,436.7784,6/28/21,p,2021,04/06/2021 02:10 CDT,96914,18.93,86,4.22,8.815,0,101968.93
TWB14,Uvalde_2020_02,29.60214,-99.73007,436.7784,6/28/21,p,2021,04/06/2021 02:15 CDT,96903,18.92,86.2,4.355,8.815,0,101957.71
TWB14,Uvalde_2020_02,29.60214,-99.73007,436.7784,6/28/21,p,2021,04/06/2021 02:20 CDT,96900,18.89,86.4,3.475,8.815,0,101955.08
TWB14,Uvalde_2020_02,29.60214,-99.73007,436.7784,6/28/21,p,2021,04/06/2021 02:25 CDT,96897,18.87,86.5,2.855,8.815,0,101952.28
TWB14,Uvalde_2020_02,29.60214,-99.73007,436.7784,6/28/21,p,2021,04/06/2021 02:30 CDT,96880,18.87,86.4,3.195,8.815,0,101934.39
TWB14,Uvalde_2020_02,29.60214,-99.73007,436.7784,6/28/21,p,2021,04/06/2021 02:35 CDT,96870,18.89,86.4,4.155,8.565,0,101923.87
TWB14,Uvalde_2020_02,29.60214,-99.73007,436.7784,6/28/21,p,2021,04/06/2021 02:40 CDT,96868,18.9,86.2,3.765,8.565,0,101921.59
TWB14,Uvalde_2020_02,29.60214,-99.73007,436.7784,6/28/21,p,2021,04/06/2021 02:45 CDT,96870,18.95,85,3.75,8.565,0,101922.99
TWB14,Uvalde_2020_02,29.60214,-99.73007,436.7784,6/28/21,p,2021,04/06/2021 02:50 CDT,96869,19.02,84.8,3.46,8.565,0,101920.71
TWB14,Uvalde_2020_02,29.60214,-99.73007,436.7784,6/28/21,p,2021,04/06/2021 02:55 CDT,96874,19.03,84.4,3.745,9.065,0,101925.79
TWB14,Uvalde_2020_02,29.60214,-99.73007,436.7784,6/28/21,p,2021,04/06/2021 03:00 CDT,96876,19.05,83.9,3.455,8.815,0,101927.72
TWB14,Uvalde_2020_02,29.60214,-99.73007,436.7784,6/28/21,p,2021,04/06/2021 03:05 CDT,96879,19.06,83.9,3.61,8.815,0,101930.52
TWB14,Uvalde_2020_02,29.60214,-99.73007,436.7784,6/28/21,p,2021,04/06/2021 03:10 CDT,96876,19.07,83.7,3.31,8.65,0,101927.37
TWB14,Uvalde_2020_02,29.60214,-99.73007,436.7784,6/28/21,p,2021,04/06/2021 03:15 CDT,96875,19.08,83.5,3.705,8.65,0,101926.14
TWB14,Uvalde_2020_02,29.60214,-99.73007,436.7784,6/28/21,p,2021,04/06/2021 03:20 CDT,96872,19.08,83.5,3.375,8.65,0,101922.63
TWB14,Uvalde_2020_02,29.60214,-99.73007,436.7784,6/28/21,p,2021,04/06/2021 03:25 CDT,96882,19.07,83.6,2.585,8.65,0,101933.33
TWB14,Uvalde_2020_02,29.60214,-99.73007,436.7784,6/28/21,p,2021,04/06/2021 03:30 CDT,96872,19.07,83.1,3.095,8.65,0,101922.99
TWB14,Uvalde_2020_02,29.60214,-99.73007,436.7784,6/28/21,p,2021,04/06/2021 03:35 CDT,96872,19.07,83.3,2.895,8.65,0,101922.99
TWB14,Uvalde_2020_02,29.60214,-99.73007,436.7784,6/28/21,p,2021,04/06/2021 03:40 CDT,96867,19.05,83.4,3.155,8.65,0,101917.9
TWB14,Uvalde_2020_02,29.60214,-99.73007,436.7784,6/28/21,p,2021,04/06/2021 03:45 CDT,96852,19.02,83.3,2.79,8.65,0,101902.65
TWB14,Uvalde_2020_02,29.60214,-99.73007,436.7784,6/28/21,p,2021,04/06/2021 03:50 CDT,96842,19.01,83.2,2.81,8.65,0,101892.13
TWB14,Uvalde_2020_02,29.60214,-99.73007,436.7784,6/28/21,p,2021,04/06/2021 03:55 CDT,96826,18.98,83.3,3.16,8.65,0.01,101875.65
TWB14,Uvalde_2020_02,29.60214,-99.73007,436.7784,6/28/21,p,2021,04/06/2021 04:00 CDT,96824,18.94,83.2,4.125,8.315,0,101874.43
TWB14,Uvalde_2020_02,29.60214,-99.73007,436.7784,6/28/21,p,2021,04/06/2021 04:05 CDT,96824,18.92,83.8,3.11,8.315,0,101874.78
TWB14,Uvalde_2020_02,29.60214,-99.73007,436.7784,6/28/21,p,2021,04/06/2021 04:10 CDT,96830,18.87,83.8,3.12,8.315,0,101881.98
TWB14,Uvalde_2020_02,29.60214,-99.73007,436.7784,6/28/21,p,2021,04/06/2021 04:15 CDT,96838,18.84,83.7,3.475,8.315,0,101891.1
TWB14,Uvalde_2020_02,29.60214,-99.73007,436.7784,6/28/21,p,2021,04/06/2021 04:20 CDT,96841,18.81,84.1,3.035,8.315,0,101894.79
TWB14,Uvalde_2020_02,29.60214,-99.73007,436.7784,6/28/21,p,2021,04/06/2021 04:25 CDT,96823,18.78,83.7,3.765,8.315,0,101876.2
TWB14,Uvalde_2020_02,29.60214,-99.73007,436.7784,6/28/21,p,2021,04/06/2021 04:30 CDT,96795,18.76,84,3.265,8.315,0,101847.27
TWB14,Uvalde_2020_02,29.60214,-99.73007,436.7784,6/28/21,p,2021,04/06/2021 04:35 CDT,96791,18.73,84.4,3.6,8.315,0,101843.24
TWB14,Uvalde_2020_02,29.60214,-99.73007,436.7784,6/28/21,p,2021,04/06/2021 04:40 CDT,96791,18.7,84.8,3.025,8.315,0,101843.77
TWB14,Uvalde_2020_02,29.60214,-99.73007,436.7784,6/28/21,p,2021,04/06/2021 04:45 CDT,96788,18.66,84.7,2.575,8.315,0,101841.5
TWB14,Uvalde_2020_02,29.60214,-99.73007,436.7784,6/28/21,p,2021,04/06/2021 04:50 CDT,96787,18.64,84.8,3.165,8.315,0,101840.97
TWB14,Uvalde_2020_02,29.60214,-99.73007,436.7784,6/28/21,p,2021,04/06/2021 04:55 CDT,96790,18.64,85,2.995,8.15,0,101844.31
TWB14,Uvalde_2020_02,29.60214,-99.73007,436.7784,6/28/21,p,2021,04/06/2021 05:00 CDT,96780,18.63,85.3,3.44,8.15,0,101833.61
TWB14,Uvalde_2020_02,29.60214,-99.73007,436.7784,6/28/21,p,2021,04/06/2021 05:05 CDT,96770,18.62,85.1,2.955,8.15,0,101823.44
TWB14,Uvalde_2020_02,29.60214,-99.73007,436.7784,6/28/21,p,2021,04/06/2021 05:10 CDT,96763,18.62,85.4,3.2,8.15,0,101816.07
TWB14,Uvalde_2020_02,29.60214,-99.73007,436.7784,6/28/21,p,2021,04/06/2021 05:15 CDT,96764,18.61,85.3,2.77,8.15,0,101817.12
TWB14,Uvalde_2020_02,29.60214,-99.73007,436.7784,6/28/21,p,2021,04/06/2021 05:20 CDT,96759,18.63,85.3,2.87,8.15,0,101811.86
TWB14,Uvalde_2020_02,29.60214,-99.73007,436.7784,6/28/21,p,2021,04/06/2021 05:25 CDT,96764,18.63,85.1,2.65,8.15,0,101816.95
TWB14,Uvalde_2020_02,29.60214,-99.73007,436.7784,6/28/21,p,2021,04/06/2021 05:30 CDT,96773,18.66,85,2.44,8.15,0,101825.89
TWB14,Uvalde_2020_02,29.60214,-99.73007,436.7784,6/28/21,p,2021,04/06/2021 05:35 CDT,96780,18.68,85.2,3.145,8.15,0,101832.72
TWB14,Uvalde_2020_02,29.60214,-99.73007,436.7784,6/28/21,p,2021,04/06/2021 05:40 CDT,96769,18.68,85.1,2.92,8.15,0,101821.15
TWB14,Uvalde_2020_02,29.60214,-99.73007,436.7784,6/28/21,p,2021,04/06/2021 05:45 CDT,96767,18.69,84.9,3.41,8.15,0,101819.04
TWB14,Uvalde_2020_02,29.60214,-99.73007,436.7784,6/28/21,p,2021,04/06/2021 05:50 CDT,96765,18.71,85.1,2.99,8.15,0,101816.41
TWB14,Uvalde_2020_02,29.60214,-99.73007,436.7784,6/28/21,p,2021,04/06/2021 05:55 CDT,96763,18.69,85.7,3.395,8.15,0,101814.3
TWB14,Uvalde_2020_02,29.60214,-99.73007,436.7784,6/28/21,p,2021,04/06/2021 06:00 CDT,96756,18.68,85.3,3.425,8.15,0,101807.47
TWB14,Uvalde_2020_02,29.60214,-99.73007,436.7784,6/28/21,p,2021,04/06/2021 06:05 CDT,96752,18.67,85.6,3.15,8.15,0,101803.26
TWB14,Uvalde_2020_02,29.60214,-99.73007,436.7784,6/28/21,p,2021,04/06/2021 06:10 CDT,96756,18.66,85.6,2.56,8.15,0,101807.64
TWB14,Uvalde_2020_02,29.60214,-99.73007,436.7784,6/28/21,p,2021,04/06/2021 06:15 CDT,96769,18.69,85,3.085,8.15,0,101821.33
TWB14,Uvalde_2020_02,29.60214,-99.73007,436.7784,6/28/21,p,2021,04/06/2021 06:20 CDT,96777,18.73,85.1,2.62,8.15,0,101828.68
TWB14,Uvalde_2020_02,29.60214,-99.73007,436.7784,6/28/21,p,2021,04/06/2021 06:25 CDT,96775,18.73,85.1,2.885,8.15,0,101826.4
TWB14,Uvalde_2020_02,29.60214,-99.73007,436.7784,6/28/21,p,2021,04/06/2021 06:30 CDT,96765,18.72,85.3,2.835,8.15,0,101815.88
TWB14,Uvalde_2020_02,29.60214,-99.73007,436.7784,6/28/21,p,2021,04/06/2021 06:35 CDT,96750,18.69,85.5,2.73,8.15,0,101800.45
TWB14,Uvalde_2020_02,29.60214,-99.73007,436.7784,6/28/21,p,2021,04/06/2021 06:40 CDT,96755,18.7,85.5,3.63,8.15,0,101806.06
TWB14,Uvalde_2020_02,29.60214,-99.73007,436.7784,6/28/21,p,2021,04/06/2021 06:45 CDT,96768,18.71,85.9,2.835,8.15,0,101819.38
TWB14,Uvalde_2020_02,29.60214,-99.73007,436.7784,6/28/21,p,2021,04/06/2021 06:50 CDT,96768,18.68,86,3.41,8.15,0,101819.74
TWB14,Uvalde_2020_02,29.60214,-99.73007,436.7784,6/28/21,p,2021,04/06/2021 06:55 CDT,96765,18.68,86.2,3.71,8.15,0,101816.93
TWB14,Uvalde_2020_02,29.60214,-99.73007,436.7784,6/28/21,p,2021,04/06/2021 07:00 CDT,96763,18.67,86.3,3.21,8.15,0,101814.83
TWB14,Uvalde_2020_02,29.60214,-99.73007,436.7784,6/28/21,p,2021,04/06/2021 07:05 CDT,96766,18.66,86.3,3.295,8.15,0,101818.16
TWB14,Uvalde_2020_02,29.60214,-99.73007,436.7784,6/28/21,p,2021,04/06/2021 07:10 CDT,96765,18.67,86.3,3.195,8.15,0,101817.11
TWB14,Uvalde_2020_02,29.60214,-99.73007,436.7784,6/28/21,p,2021,04/06/2021 07:15 CDT,96762,18.66,86.6,3.49,8.15,0,101813.95
TWB14,Uvalde_2020_02,29.60214,-99.73007,436.7784,6/28/21,p,2021,04/06/2021 07:20 CDT,96766,18.63,87,3.3,8.15,0.61,101818.69
TWB14,Uvalde_2020_02,29.60214,-99.73007,436.7784,6/28/21,p,2021,04/06/2021 07:25 CDT,96777,18.61,86.9,2.885,8.15,0.65,101830.79
TWB14,Uvalde_2020_02,29.60214,-99.73007,436.7784,6/28/21,p,2021,04/06/2021 07:30 CDT,96779,18.61,87.1,2.855,8.15,0.78,101832.9
TWB14,Uvalde_2020_02,29.60214,-99.73007,436.7784,6/28/21,p,2021,04/06/2021 07:35 CDT,96782,18.61,86.9,3.58,8.15,1.53,101836.06
TWB14,Uvalde_2020_02,29.60214,-99.73007,436.7784,6/28/21,p,2021,04/06/2021 07:40 CDT,96779,18.61,87.1,2.825,8.15,3.25,101832.9
TWB14,Uvalde_2020_02,29.60214,-99.73007,436.7784,6/28/21,p,2021,04/06/2021 07:45 CDT,96777,18.6,87.2,3.12,8.15,3.14,101830.79
TWB14,Uvalde_2020_02,29.60214,-99.73007,436.7784,6/28/21,p,2021,04/06/2021 07:50 CDT,96776,18.6,86.7,3.175,8.15,3.84,101829.92
TWB14,Uvalde_2020_02,29.60214,-99.73007,436.7784,6/28/21,p,2021,04/06/2021 07:55 CDT,96776,18.62,86.5,2.965,8.15,4.42,101829.74
TWB14,Uvalde_2020_02,29.60214,-99.73007,436.7784,6/28/21,p,2021,04/06/2021 08:00 CDT,96787,18.62,86.5,2.605,8.15,5.69,101841.32
TWB14,Uvalde_2020_02,29.60214,-99.73007,436.7784,6/28/21,p,2021,04/06/2021 08:05 CDT,96792,18.65,86.1,3.085,8.15,5.4,101845.87
TWB14,Uvalde_2020_02,29.60214,-99.73007,436.7784,6/28/21,p,2021,04/06/2021 08:10 CDT,96793,18.67,85.7,3.2,8.15,7.16,101846.75
TWB14,Uvalde_2020_02,29.60214,-99.73007,436.7784,6/28/21,p,2021,04/06/2021 08:15 CDT,96800,18.69,85.8,2.925,8.15,8.56,101853.58
TWB14,Uvalde_2020_02,29.60214,-99.73007,436.7784,6/28/21,p,2021,04/06/2021 08:20 CDT,96808,18.7,85.2,3.24,8.15,10.77,101861.47
TWB14,Uvalde_2020_02,29.60214,-99.73007,436.7784,6/28/21,p,2021,04/06/2021 08:25 CDT,96817,18.72,85.4,2.64,8.15,13.05,101870.59
TWB14,Uvalde_2020_02,29.60214,-99.73007,436.7784,6/28/21,p,2021,04/06/2021 08:30 CDT,96827,18.72,85.2,2.995,8.15,29.7,101881.11
TWB14,Uvalde_2020_02,29.60214,-99.73007,436.7784,6/28/21,p,2021,04/06/2021 08:35 CDT,96843,18.75,84.7,2.99,8.15,43.95,101897.77
TWB14,Uvalde_2020_02,29.60214,-99.73007,436.7784,6/28/21,p,2021,04/06/2021 08:40 CDT,96845,18.81,84.5,3.175,8.15,46.89,101898.64
TWB14,Uvalde_2020_02,29.60214,-99.73007,436.7784,6/28/21,p,2021,04/06/2021 08:45 CDT,96844,18.86,84.1,2.77,8.15,44.19,101896.53
TWB14,Uvalde_2020_02,29.60214,-99.73007,436.7784,6/28/21,p,2021,04/06/2021 08:50 CDT,96841,18.89,84.4,2.605,8.15,30.56,101892.66
TWB14,Uvalde_2020_02,29.60214,-99.73007,436.7784,6/28/21,p,2021,04/06/2021 08:55 CDT,96834,18.89,84.1,2.8,8.15,37.23,101884.94
TWB14,Uvalde_2020_02,29.60214,-99.73007,436.7784,6/28/21,p,2021,04/06/2021 09:00 CDT,96836,18.9,83.3,2.94,8.15,40.65,101887.05
TWB14,Uvalde_2020_02,29.60214,-99.73007,436.7784,6/28/21,p,2021,04/06/2021 09:05 CDT,96842,18.92,83.6,2.55,8.15,59.67,101893.19
TWB14,Uvalde_2020_02,29.60214,-99.73007,436.7784,6/28/21,p,2021,04/06/2021 09:10 CDT,96835,19,83,2.6,8.15,74.45,101884.59
TWB14,Uvalde_2020_02,29.60214,-99.73007,436.7784,6/28/21,p,2021,04/06/2021 09:15 CDT,96831,19.04,82.8,2.595,8.15,100.7,101879.5
TWB14,Uvalde_2020_02,29.60214,-99.73007,436.7784,6/28/21,p,2021,04/06/2021 09:20 CDT,96824,19.16,82.6,3.51,8.15,114.09,101869.49
TWB14,Uvalde_2020_02,29.60214,-99.73007,436.7784,6/28/21,p,2021,04/06/2021 09:25 CDT,96820,19.21,81,3.56,8.15,119.42,101864.4
TWB14,Uvalde_2020_02,29.60214,-99.73007,436.7784,6/28/21,p,2021,04/06/2021 09:30 CDT,96817,19.27,80.6,3.275,8.15,140.48,101860.72
TWB14,Uvalde_2020_02,29.60214,-99.73007,436.7784,6/28/21,p,2021,04/06/2021 09:35 CDT,96815,19.48,79.26,3.675,8.15,161.17,101854.75
TWB14,Uvalde_2020_02,29.60214,-99.73007,436.7784,6/28/21,p,2021,04/06/2021 09:40 CDT,96819,19.57,78.62,3.31,8.15,143.86,101856.85
TWB14,Uvalde_2020_02,29.60214,-99.73007,436.7784,6/28/21,p,2021,04/06/2021 09:45 CDT,96829,19.6,78.62,3.43,8.15,124.92,101865.96
TWB14,Uvalde_2020_02,29.60214,-99.73007,436.7784,6/28/21,p,2021,04/06/2021 09:50 CDT,96836,19.62,78.79,3.45,8.65,160.71,101872.8
TWB14,Uvalde_2020_02,29.60214,-99.73007,436.7784,6/28/21,p,2021,04/06/2021 09:55 CDT,96835,19.6,77.94,4.075,8.65,157.08,101872.1
TWB14,Uvalde_2020_02,29.60214,-99.73007,436.7784,6/28/21,p,2021,04/06/2021 10:00 CDT,96833,19.66,77.13,3.825,8.9,151.09,101869.3
TWB14,Uvalde_2020_02,29.60214,-99.73007,436.7784,6/28/21,p,2021,04/06/2021 10:05 CDT,96840,19.76,76.99,3.715,8.9,159.84,101875.26
TWB14,Uvalde_2020_02,29.60214,-99.73007,436.7784,6/28/21,p,2021,04/06/2021 10:10 CDT,96842,19.79,77.53,3.005,8.9,144.83,101876.48
TWB14,Uvalde_2020_02,29.60214,-99.73007,436.7784,6/28/21,p,2021,04/06/2021 10:15 CDT,96852,19.9,76.38,3.355,8.9,167.73,101884.55
TWB14,Uvalde_2020_02,29.60214,-99.73007,436.7784,6/28/21,p,2021,04/06/2021 10:20 CDT,96866,19.87,77.39,3.695,8.9,168.02,101899.45
TWB14,Uvalde_2020_02,29.60214,-99.73007,436.7784,6/28/21,p,2021,04/06/2021 10:25 CDT,96874,20.1,75.1,3.4,8.9,272.45,101904.89
TWB14,Uvalde_2020_02,29.60214,-99.73007,436.7784,6/28/21,p,2021,04/06/2021 10:30 CDT,96886,20.25,74.97,2.555,8.9,239.51,101914.19
TWB14,Uvalde_2020_02,29.60214,-99.73007,436.7784,6/28/21,p,2021,04/06/2021 10:35 CDT,96879,20.7,72.94,2.89,8.9,290.57,101899.32
TWB14,Uvalde_2020_02,29.60214,-99.73007,436.7784,6/28/21,p,2021,04/06/2021 10:40 CDT,96878,20.7,72.71,3.145,8.9,207.04,101896.17
TWB14,Uvalde_2020_02,29.60214,-99.73007,436.7784,6/28/21,p,2021,04/06/2021 10:45 CDT,96877,21.1,70.91,2.75,8.9,438.92,101890.6
TWB14,Uvalde_2020_02,29.60214,-99.73007,436.7784,6/28/21,p,2021,04/06/2021 10:50 CDT,96885,21.2,71.92,3.085,8.9,211.19,101892.92
TWB14,Uvalde_2020_02,29.60214,-99.73007,436.7784,6/28/21,p,2021,04/06/2021 10:55 CDT,96879,21.21,70.61,3.305,8.9,412.73,101887.49
TWB14,Uvalde_2020_02,29.60214,-99.73007,436.7784,6/28/21,p,2021,04/06/2021 11:00 CDT,96884,21.52,68.82,3.04,8.9,461.53,101889.11
TWB14,Uvalde_2020_02,29.60214,-99.73007,436.7784,6/28/21,p,2021,04/06/2021 11:05 CDT,96879,22.05,66.53,3.4,8.9,523.55,101873.82
TWB14,Uvalde_2020_02,29.60214,-99.73007,436.7784,6/28/21,p,2021,04/06/2021 11:10 CDT,96876,22.16,66.8,3.595,8.9,407.55,101866
TWB14,Uvalde_2020_02,29.60214,-99.73007,436.7784,6/28/21,p,2021,04/06/2021 11:15 CDT,96861,22.27,65.45,3.74,8.9,531.95,101849.72
TWB14,Uvalde_2020_02,29.60214,-99.73007,436.7784,6/28/21,p,2021,04/06/2021 11:20 CDT,96840,22.39,65.28,3.275,8.9,422.51,101824.37
TWB14,Uvalde_2020_02,29.60214,-99.73007,436.7784,6/28/21,p,2021,04/06/2021 11:25 CDT,96831,22.45,64.29,3.555,8.9,522.12,101813.88
TWB14,Uvalde_2020_02,29.60214,-99.73007,436.7784,6/28/21,p,2021,04/06/2021 11:30 CDT,96826,22.73,63.58,3.315,8.9,455.51,101804.67
TWB14,Uvalde_2020_02,29.60214,-99.73007,436.7784,6/28/21,p,2021,04/06/2021 11:35 CDT,96823,23.1,62.46,3.49,8.9,592.21,101796.72
TWB14,Uvalde_2020_02,29.60214,-99.73007,436.7784,6/28/21,p,2021,04/06/2021 11:40 CDT,96821,23.35,61.18,3.8,8.9,599.97,101788.12
TWB14,Uvalde_2020_02,29.60214,-99.73007,436.7784,6/28/21,p,2021,04/06/2021 11:45 CDT,96811,23.58,58.95,3.4,8.9,547.63,101774.21
TWB14,Uvalde_2020_02,29.60214,-99.73007,436.7784,6/28/21,p,2021,04/06/2021 11:50 CDT,96804,23.77,57.16,3.79,8.9,595.7,101762.42
TWB14,Uvalde_2020_02,29.60214,-99.73007,436.7784,6/28/21,p,2021,04/06/2021 11:55 CDT,96799,23.87,55.92,3.86,8.9,620.32,101754.62
TWB14,Uvalde_2020_02,29.60214,-99.73007,436.7784,6/28/21,p,2021,04/06/2021 12:00 CDT,96797,24.27,54.4,3.34,8.9,577.71,101748.28
TWB14,Uvalde_2020_02,29.60214,-99.73007,436.7784,6/28/21,p,2021,04/06/2021 12:05 CDT,96799,24.55,54.67,3.92,8.9,621.41,101744.95
TWB14,Uvalde_2020_02,29.60214,-99.73007,436.7784,6/28/21,p,2021,04/06/2021 12:10 CDT,96792,24.67,52.34,3.985,8.9,635.8,101733.71
TWB14,Uvalde_2020_02,29.60214,-99.73007,436.7784,6/28/21,p,2021,04/06/2021 12:15 CDT,96778,24.62,53.04,4.275,8.9,648.25,101718.99
TWB14,Uvalde_2020_02,29.60214,-99.73007,436.7784,6/28/21,p,2021,04/06/2021 12:20 CDT,96778,24.92,53.08,4.395,8.9,654.17,101714.93
TWB14,Uvalde_2020_02,29.60214,-99.73007,436.7784,6/28/21,p,2021,04/06/2021 12:25 CDT,96779,25.1,51.39,3.75,8.9,655.17,101713.8
TWB14,Uvalde_2020_02,29.60214,-99.73007,436.7784,6/28/21,p,2021,04/06/2021 12:30 CDT,96769,25.23,50.28,3.44,8.9,650.04,101701.44
TWB14,Uvalde_2020_02,29.60214,-99.73007,436.7784,6/28/21,p,2021,04/06/2021 12:35 CDT,96754,25.49,48.29,3.635,8.9,662.12,101680.98
TWB14,Uvalde_2020_02,29.60214,-99.73007,436.7784,6/28/21,p,2021,04/06/2021 12:40 CDT,96741,25.51,49.2,4.16,8.9,674.85,101664.95
TWB14,Uvalde_2020_02,29.60214,-99.73007,436.7784,6/28/21,p,2021,04/06/2021 12:45 CDT,96732,25.77,47.48,4.285,8.9,678.11,101652.48
TWB14,Uvalde_2020_02,29.60214,-99.73007,436.7784,6/28/21,p,2021,04/06/2021 12:50 CDT,96726,26,47.45,3.74,8.9,680.23,101643.49
TWB14,Uvalde_2020_02,29.60214,-99.73007,436.7784,6/28/21,p,2021,04/06/2021 12:55 CDT,96704,26.48,46.3,3.425,8.9,680.67,101612.34
TWB14,Uvalde_2020_02,29.60214,-99.73007,436.7784,6/28/21,p,2021,04/06/2021 13:00 CDT,96697,26.63,45.66,3.63,8.9,690.07,101600.32
TWB14,Uvalde_2020_02,29.60214,-99.73007,436.7784,6/28/21,p,2021,04/06/2021 13:05 CDT,96690,26.74,44.51,3.495,8.9,691.7,101591.14
TWB14,Uvalde_2020_02,29.60214,-99.73007,436.7784,6/28/21,p,2021,04/06/2021 13:10 CDT,96684,26.84,44.44,4.15,8.9,703.32,101583.34
TWB14,Uvalde_2020_02,29.60214,-99.73007,436.7784,6/28/21,p,2021,04/06/2021 13:15 CDT,96670,27.13,44.04,3.62,8.9,687.82,101563.47
TWB14,Uvalde_2020_02,29.60214,-99.73007,436.7784,6/28/21,p,2021,04/06/2021 13:20 CDT,96658,27.1,43.02,3.94,8.9,625.38,101550.38
TWB14,Uvalde_2020_02,29.60214,-99.73007,436.7784,6/28/21,p,2021,04/06/2021 13:25 CDT,96655,27.23,41.88,3.975,8.9,683.57,101546.4
TWB14,Uvalde_2020_02,29.60214,-99.73007,436.7784,6/28/21,p,2021,04/06/2021 13:30 CDT,96640,27.71,41.44,3.4,8.9,711.32,101525.18
TWB14,Uvalde_2020_02,29.60214,-99.73007,436.7784,6/28/21,p,2021,04/06/2021 13:35 CDT,96636,27.94,40.66,3.31,8.9,691.71,101515.35
TWB14,Uvalde_2020_02,29.60214,-99.73007,436.7784,6/28/21,p,2021,04/06/2021 13:40 CDT,96635,27.78,41.37,3.57,8.9,691.25,101514.79
TWB14,Uvalde_2020_02,29.60214,-99.73007,436.7784,6/28/21,p,2021,04/06/2021 13:45 CDT,96617,27.81,40.53,3.885,8.9,708.63,101495.89
TWB14,Uvalde_2020_02,29.60214,-99.73007,436.7784,6/28/21,p,2021,04/06/2021 13:50 CDT,96607,28,41.6,3.95,8.565,702.62,101481.91
TWB14,Uvalde_2020_02,29.60214,-99.73007,436.7784,6/28/21,p,2021,04/06/2021 13:55 CDT,96583,28.31,39.01,3.61,8.565,708.09,101453.42
TWB14,Uvalde_2020_02,29.60214,-99.73007,436.7784,6/28/21,p,2021,04/06/2021 14:00 CDT,96576,28.56,39.72,4.08,8.565,715.18,101439.97
TWB14,Uvalde_2020_02,29.60214,-99.73007,436.7784,6/28/21,p,2021,04/06/2021 14:05 CDT,96561,28.49,38.27,3.885,8.565,727.95,101425.22
TWB14,Uvalde_2020_02,29.60214,-99.73007,436.7784,6/28/21,p,2021,04/06/2021 14:10 CDT,96551,28.95,39.24,3.03,8.565,724.47,101408.96
TWB14,Uvalde_2020_02,29.60214,-99.73007,436.7784,6/28/21,p,2021,04/06/2021 14:15 CDT,96546,28.98,37.69,3.61,8.565,720.73,101401.59
TWB14,Uvalde_2020_02,29.60214,-99.73007,436.7784,6/28/21,p,2021,04/06/2021 14:20 CDT,96530,28.95,37.83,3.965,8.565,699.03,101385.6
TWB14,Uvalde_2020_02,29.60214,-99.73007,436.7784,6/28/21,p,2021,04/06/2021 14:25 CDT,96523,29.22,35.84,3.375,8.565,692.93,101374.34
TWB14,Uvalde_2020_02,29.60214,-99.73007,436.7784,6/28/21,p,2021,04/06/2021 14:30 CDT,96516,29.38,37.12,3.51,8.565,694.75,101365.02
TWB14,Uvalde_2020_02,29.60214,-99.73007,436.7784,6/28/21,p,2021,04/06/2021 14:35 CDT,96509,29.64,34.22,2.805,8.4,670.93,101354.92
TWB14,Uvalde_2020_02,29.60214,-99.73007,436.7784,6/28/21,p,2021,04/06/2021 14:40 CDT,96507,29.78,34.86,3.975,8.815,691.87,101348.08
TWB14,Uvalde_2020_02,29.60214,-99.73007,436.7784,6/28/21,p,2021,04/06/2021 14:45 CDT,96501,29.7,35.36,2.71,8.4,572.51,101342.59
TWB14,Uvalde_2020_02,29.60214,-99.73007,436.7784,6/28/21,p,2021,04/06/2021 14:50 CDT,96487,29.68,34.39,2.94,8.4,612.88,101329.85
TWB14,Uvalde_2020_02,29.60214,-99.73007,436.7784,6/28/21,p,2021,04/06/2021 14:55 CDT,96481,29.77,35.73,2.9,8.4,451.45,101321.58
TWB14,Uvalde_2020_02,29.60214,-99.73007,436.7784,6/28/21,p,2021,04/06/2021 15:00 CDT,96487,29.85,34.12,3.315,8.65,646.68,101326.27
TWB14,Uvalde_2020_02,29.60214,-99.73007,436.7784,6/28/21,p,2021,04/06/2021 15:05 CDT,96477,30.02,33.38,3.16,8.235,683.78,101313.99
TWB14,Uvalde_2020_02,29.60214,-99.73007,436.7784,6/28/21,p,2021,04/06/2021 15:10 CDT,96470,29.94,33.51,4.215,8.235,676.87,101304.68
TWB14,Uvalde_2020_02,29.60214,-99.73007,436.7784,6/28/21,p,2021,04/06/2021 15:15 CDT,96462,29.99,33.68,4.21,8.235,651.96,101297.74
TWB14,Uvalde_2020_02,29.60214,-99.73007,436.7784,6/28/21,p,2021,04/06/2021 15:20 CDT,96448,29.93,33.24,3.86,8.235,596.99,101283.21
TWB14,Uvalde_2020_02,29.60214,-99.73007,436.7784,6/28/21,p,2021,04/06/2021 15:25 CDT,96432,29.96,31.96,3.645,9.65,615.9,101267.89
TWB14,Uvalde_2020_02,29.60214,-99.73007,436.7784,6/28/21,p,2021,04/06/2021 15:30 CDT,96430,30.21,32.4,4.14,8.815,629.82,101262.53
TWB14,Uvalde_2020_02,29.60214,-99.73007,436.7784,6/28/21,p,2021,04/06/2021 15:35 CDT,96411,30.4,30.89,4.01,9.135,635.78,101240.32
TWB14,Uvalde_2020_02,29.60214,-99.73007,436.7784,6/28/21,p,2021,04/06/2021 15:40 CDT,96401,30.69,32.23,3.635,9.135,642.97,101223.81
TWB14,Uvalde_2020_02,29.60214,-99.73007,436.7784,6/28/21,p,2021,04/06/2021 15:45 CDT,96381,30.94,31.12,3.315,9.135,656.35,101199.26
TWB14,Uvalde_2020_02,29.60214,-99.73007,436.7784,6/28/21,p,2021,04/06/2021 15:50 CDT,96372,30.86,32.03,4.135,9.135,582.63,101186.73
TWB14,Uvalde_2020_02,29.60214,-99.73007,436.7784,6/28/21,p,2021,04/06/2021 15:55 CDT,96350,30.56,32.23,4.17,9.135,513.36,101171.87
TWB14,Uvalde_2020_02,29.60214,-99.73007,436.7784,6/28/21,p,2021,04/06/2021 16:00 CDT,96346,30.48,32.6,4.435,9.465,472.08,101169.29
TWB14,Uvalde_2020_02,29.60214,-99.73007,436.7784,6/28/21,p,2021,04/06/2021 16:05 CDT,96331,30.49,32.03,4.34,9.3,447.5,101153.54
TWB14,Uvalde_2020_02,29.60214,-99.73007,436.7784,6/28/21,p,2021,04/06/2021 16:10 CDT,96327,30.34,32.23,4.64,10.3,448.91,101151.61
TWB14,Uvalde_2020_02,29.60214,-99.73007,436.7784,6/28/21,p,2021,04/06/2021 16:15 CDT,96325,30.44,31.42,4.485,9.8,438.74,101149.68
TWB14,Uvalde_2020_02,29.60214,-99.73007,436.7784,6/28/21,p,2021,04/06/2021 16:20 CDT,96315,30.55,31.39,4.255,9.8,356.24,101137.89
TWB14,Uvalde_2020_02,29.60214,-99.73007,436.7784,6/28/21,p,2021,04/06/2021 16:25 CDT,96308,30.42,31.76,3.92,9.8,320.05,101132.31
TWB14,Uvalde_2020_02,29.60214,-99.73007,436.7784,6/28/21,p,2021,04/06/2021 16:30 CDT,96292,30.21,31.32,4.435,9.55,342.65,101118.92
TWB14,Uvalde_2020_02,29.60214,-99.73007,436.7784,6/28/21,p,2021,04/06/2021 16:35 CDT,96280,30.29,31.46,4.565,9.63,338.99,101106.32
TWB14,Uvalde_2020_02,29.60214,-99.73007,436.7784,6/28/21,p,2021,04/06/2021 16:40 CDT,96283,30.46,30.82,2.93,9.63,368.4,101108.34
TWB14,Uvalde_2020_02,29.60214,-99.73007,436.7784,6/28/21,p,2021,04/06/2021 16:45 CDT,96292,30.52,32.06,4.28,9.63,350.24,101114.54
TWB14,Uvalde_2020_02,29.60214,-99.73007,436.7784,6/28/21,p,2021,04/06/2021 16:50 CDT,96297,30.35,31.59,4.17,9.135,332.23,101122.39
TWB14,Uvalde_2020_02,29.60214,-99.73007,436.7784,6/28/21,p,2021,04/06/2021 16:55 CDT,96296,30.41,32.03,3.045,9.135,302.77,101121.66
TWB14,Uvalde_2020_02,29.60214,-99.73007,436.7784,6/28/21,p,2021,04/06/2021 17:00 CDT,96299,30.6,31.83,3.29,9.135,248.74,101121.89
TWB14,Uvalde_2020_02,29.60214,-99.73007,436.7784,6/28/21,p,2021,04/06/2021 17:05 CDT,96299,30.53,31.12,3.3,9.135,228.64,101122.55
TWB14,Uvalde_2020_02,29.60214,-99.73007,436.7784,6/28/21,p,2021,04/06/2021 17:10 CDT,96298,30.37,31.73,3.54,9.135,225.26,101123.76
TWB14,Uvalde_2020_02,29.60214,-99.73007,436.7784,6/28/21,p,2021,04/06/2021 17:15 CDT,96294,30.29,31.36,3.68,9.135,224.4,101121.51
TWB14,Uvalde_2020_02,29.60214,-99.73007,436.7784,6/28/21,p,2021,04/06/2021 17:20 CDT,96278,30.17,31.46,4.13,9.135,232.61,101106.98
TWB14,Uvalde_2020_02,29.60214,-99.73007,436.7784,6/28/21,p,2021,04/06/2021 17:25 CDT,96271,30.32,31.86,3.375,9.135,222.72,101098.49
TWB14,Uvalde_2020_02,29.60214,-99.73007,436.7784,6/28/21,p,2021,04/06/2021 17:30 CDT,96266,30.28,32.03,4.07,9.135,201.76,101093.07
TWB14,Uvalde_2020_02,29.60214,-99.73007,436.7784,6/28/21,p,2021,04/06/2021 17:35 CDT,96259,30.09,31.76,4.555,9.135,181.86,101088.98
TWB14,Uvalde_2020_02,29.60214,-99.73007,436.7784,6/28/21,p,2021,04/06/2021 17:40 CDT,96251,30.06,31.9,3.395,9.135,171.6,101081.71
TWB14,Uvalde_2020_02,29.60214,-99.73007,436.7784,6/28/21,p,2021,04/06/2021 17:45 CDT,96255,30.11,31.77,3.795,9.135,167.49,101085.42
TWB14,Uvalde_2020_02,29.60214,-99.73007,436.7784,6/28/21,p,2021,04/06/2021 17:50 CDT,96256,30.06,31.97,3.94,9.135,149.41,101086.96
TWB14,Uvalde_2020_02,29.60214,-99.73007,436.7784,6/28/21,p,2021,04/06/2021 17:55 CDT,96252,29.91,31.83,4.535,9.135,142.99,101085.69
TWB14,Uvalde_2020_02,29.60214,-99.73007,436.7784,6/28/21,p,2021,04/06/2021 18:00 CDT,96252,29.92,31.16,3.99,9.135,137.94,101086.35
TWB14,Uvalde_2020_02,29.60214,-99.73007,436.7784,6/28/21,p,2021,04/06/2021 18:05 CDT,96252,29.95,31.23,4.225,9.135,133.61,101085.7
TWB14,Uvalde_2020_02,29.60214,-99.73007,436.7784,6/28/21,p,2021,04/06/2021 18:10 CDT,96249,29.93,31.73,3.89,9.135,127.37,101083.03
TWB14,Uvalde_2020_02,29.60214,-99.73007,436.7784,6/28/21,p,2021,04/06/2021 18:15 CDT,96241,29.97,31.36,4.165,9.135,124.13,101074.14
TWB14,Uvalde_2020_02,29.60214,-99.73007,436.7784,6/28/21,p,2021,04/06/2021 18:20 CDT,96240,29.99,31.46,3.79,9.135,144.13,101072.93
TWB14,Uvalde_2020_02,29.60214,-99.73007,436.7784,6/28/21,p,2021,04/06/2021 18:25 CDT,96245,30.09,31.23,4.2,9.135,206.14,101076.56
TWB14,Uvalde_2020_02,29.60214,-99.73007,436.7784,6/28/21,p,2021,04/06/2021 18:30 CDT,96250,30.27,30.82,4.675,9.135,240.1,101078.56
TWB14,Uvalde_2020_02,29.60214,-99.73007,436.7784,6/28/21,p,2021,04/06/2021 18:35 CDT,96252,30.32,31.06,4.13,9.135,152.69,101079.03
TWB14,Uvalde_2020_02,29.60214,-99.73007,436.7784,6/28/21,p,2021,04/06/2021 18:40 CDT,96253,30.19,31.7,3.475,9.135,110.63,101081.7
TWB14,Uvalde_2020_02,29.60214,-99.73007,436.7784,6/28/21,p,2021,04/06/2021 18:45 CDT,96259,30.05,32.04,3.26,9.135,86.97,101090.76
TWB14,Uvalde_2020_02,29.60214,-99.73007,436.7784,6/28/21,p,2021,04/06/2021 18:50 CDT,96267,29.91,32.31,3.285,9.135,74.79,101101.93
TWB14,Uvalde_2020_02,29.60214,-99.73007,436.7784,6/28/21,p,2021,04/06/2021 18:55 CDT,96273,29.77,32.71,3.63,9.135,69.47,101110.67
TWB14,Uvalde_2020_02,29.60214,-99.73007,436.7784,6/28/21,p,2021,04/06/2021 19:00 CDT,96276,29.7,32.71,3.16,9.135,68.08,101115.78
TWB14,Uvalde_2020_02,29.60214,-99.73007,436.7784,6/28/21,p,2021,04/06/2021 19:05 CDT,96280,29.64,33.22,2.75,9.135,64.37,101120.95
TWB14,Uvalde_2020_02,29.60214,-99.73007,436.7784,6/28/21,p,2021,04/06/2021 19:10 CDT,96280,29.59,33.39,3.435,9.63,55.71,101121.77
TWB14,Uvalde_2020_02,29.60214,-99.73007,436.7784,6/28/21,p,2021,04/06/2021 19:15 CDT,96285,29.51,33.62,3.12,8.315,43.62,101128.33
TWB14,Uvalde_2020_02,29.60214,-99.73007,436.7784,6/28/21,p,2021,04/06/2021 19:20 CDT,96285,29.41,33.86,2.975,8.315,34.79,101130.12
TWB14,Uvalde_2020_02,29.60214,-99.73007,436.7784,6/28/21,p,2021,04/06/2021 19:25 CDT,96284,29.3,34.13,3.525,8.315,30.6,101131.2
TWB14,Uvalde_2020_02,29.60214,-99.73007,436.7784,6/28/21,p,2021,04/06/2021 19:30 CDT,96285,29.28,34.33,3.72,8.315,25.76,101133.06
TWB14,Uvalde_2020_02,29.60214,-99.73007,436.7784,6/28/21,p,2021,04/06/2021 19:35 CDT,96286,29.2,34.57,3.36,8.315,20.54,101135.42
TWB14,Uvalde_2020_02,29.60214,-99.73007,436.7784,6/28/21,p,2021,04/06/2021 19:40 CDT,96287,29.13,34.57,3.645,8.315,13.62,101137.62
TWB14,Uvalde_2020_02,29.60214,-99.73007,436.7784,6/28/21,p,2021,04/06/2021 19:45 CDT,96299,29.06,35.11,2.84,8.315,10.88,101151.2
TWB14,Uvalde_2020_02,29.60214,-99.73007,436.7784,6/28/21,p,2021,04/06/2021 19:50 CDT,96298,28.92,35.82,2.515,8.315,8.38,101152.44
TWB14,Uvalde_2020_02,29.60214,-99.73007,436.7784,6/28/21,p,2021,04/06/2021 19:55 CDT,96301,28.83,36.32,2.76,8.315,5.29,101157.39
TWB14,Uvalde_2020_02,29.60214,-99.73007,436.7784,6/28/21,p,2021,04/06/2021 20:00 CDT,96300,28.75,36.76,2.745,8.315,3.45,101157.65
TWB14,Uvalde_2020_02,29.60214,-99.73007,436.7784,6/28/21,p,2021,04/06/2021 20:05 CDT,96305,28.61,37.17,2.53,8.315,1.41,101165.04
TWB14,Uvalde_2020_02,29.60214,-99.73007,436.7784,6/28/21,p,2021,04/06/2021 20:10 CDT,96309,28.54,37.41,2.82,8.315,0.16,101170.56
TWB14,Uvalde_2020_02,29.60214,-99.73007,436.7784,6/28/21,p,2021,04/06/2021 20:15 CDT,96315,28.44,38.32,2.755,8.315,0.05,101178.66
TWB14,Uvalde_2020_02,29.60214,-99.73007,436.7784,6/28/21,p,2021,04/06/2021 20:20 CDT,96318,28.27,38.86,2.735,8.315,0.02,101184.61
TWB14,Uvalde_2020_02,29.60214,-99.73007,436.7784,6/28/21,p,2021,04/06/2021 20:25 CDT,96322,28.22,39.19,3.64,8.315,0,101189.97
TWB14,Uvalde_2020_02,29.60214,-99.73007,436.7784,6/28/21,p,2021,04/06/2021 20:30 CDT,96323,28.09,46.81,4.58,9.315,0.1,101191.77
TWB14,Uvalde_2020_02,29.60214,-99.73007,436.7784,6/28/21,p,2021,04/06/2021 20:35 CDT,96333,27.5,50.38,4.37,8.735,1.36,101210.34
TWB14,Uvalde_2020_02,29.60214,-99.73007,436.7784,6/28/21,p,2021,04/06/2021 20:40 CDT,96349,26.93,54.02,3.8,8.735,2.39,101235.92
TWB14,Uvalde_2020_02,29.60214,-99.73007,436.7784,6/28/21,p,2021,04/06/2021 20:45 CDT,96359,26.52,56.24,3.775,9.535,1.59,101253.91
TWB14,Uvalde_2020_02,29.60214,-99.73007,436.7784,6/28/21,p,2021,04/06/2021 20:50 CDT,96375,26.2,58.33,4.85,10.615,0.7,101276.55
TWB14,Uvalde_2020_02,29.60214,-99.73007,436.7784,6/28/21,p,2021,04/06/2021 20:55 CDT,96389,25.83,59.74,4.255,9.7,1.32,101297.12
TWB14,Uvalde_2020_02,29.60214,-99.73007,436.7784,6/28/21,p,2021,04/06/2021 21:00 CDT,96395,25.57,61.16,3.925,9.865,0.59,101308.28
TWB14,Uvalde_2020_02,29.60214,-99.73007,436.7784,6/28/21,p,2021,04/06/2021 21:05 CDT,96403,25.35,62.07,4.49,9.865,0.25,101320.55
TWB14,Uvalde_2020_02,29.60214,-99.73007,436.7784,6/28/21,p,2021,04/06/2021 21:10 CDT,96409,25.15,62.92,3.4,9.865,0.42,101330.39
TWB14,Uvalde_2020_02,29.60214,-99.73007,436.7784,6/28/21,p,2021,04/06/2021 21:15 CDT,96422,24.96,63.83,3.965,9.865,0.16,101347.59
TWB14,Uvalde_2020_02,29.60214,-99.73007,436.7784,6/28/21,p,2021,04/06/2021 21:20 CDT,96438,24.8,64.57,3.27,9.865,0.04,101366.94
TWB14,Uvalde_2020_02,29.60214,-99.73007,436.7784,6/28/21,p,2021,04/06/2021 21:25 CDT,96451,24.64,65.21,4.16,9.865,0,101383.64
TWB14,Uvalde_2020_02,29.60214,-99.73007,436.7784,6/28/21,p,2021,04/06/2021 21:30 CDT,96463,24.48,65.95,4.405,9.865,0.02,101398.79
TWB14,Uvalde_2020_02,29.60214,-99.73007,436.7784,6/28/21,p,2021,04/06/2021 21:35 CDT,96465,24.28,66.7,4.41,9.865,0.02,101404.11
TWB14,Uvalde_2020_02,29.60214,-99.73007,436.7784,6/28/21,p,2021,04/06/2021 21:40 CDT,96468,24.14,67.3,4.51,9.95,0.07,101409.98
TWB14,Uvalde_2020_02,29.60214,-99.73007,436.7784,6/28/21,p,2021,04/06/2021 21:45 CDT,96475,24.01,67.71,4.235,9.95,0.01,101419.55
TWB14,Uvalde_2020_02,29.60214,-99.73007,436.7784,6/28/21,p,2021,04/06/2021 21:50 CDT,96483,23.89,68.19,4.11,9.95,0,101430.17
TWB14,Uvalde_2020_02,29.60214,-99.73007,436.7784,6/28/21,p,2021,04/06/2021 21:55 CDT,96493,23.77,68.39,3.74,9.95,0,101442.72
TWB14,Uvalde_2020_02,29.60214,-99.73007,436.7784,6/28/21,p,2021,04/06/2021 22:00 CDT,96495,23.64,69.2,3.145,9.95,0,101446.69
TWB14,Uvalde_2020_02,29.60214,-99.73007,436.7784,6/28/21,p,2021,04/06/2021 22:05 CDT,96498,23.49,69.67,4.015,9.95,0,101452.75
TWB14,Uvalde_2020_02,29.60214,-99.73007,436.7784,6/28/21,p,2021,04/06/2021 22:10 CDT,96506,23.38,70.08,3.415,9.95,0,101462.86
TWB14,Uvalde_2020_02,29.60214,-99.73007,436.7784,6/28/21,p,2021,04/06/2021 22:15 CDT,96505,23.24,70.52,3.135,9.95,0,101464.37
TWB14,Uvalde_2020_02,29.60214,-99.73007,436.7784,6/28/21,p,2021,04/06/2021 22:20 CDT,96501,23.13,71.02,3.435,9.95,0,101462.05
TWB14,Uvalde_2020_02,29.60214,-99.73007,436.7784,6/28/21,p,2021,04/06/2021 22:25 CDT,96503,23.02,71.43,3.96,9.95,0,101466.37
TWB14,Uvalde_2020_02,29.60214,-99.73007,436.7784,6/28/21,p,2021,04/06/2021 22:30 CDT,96511,22.92,71.88,3.405,9.95,0,101476.32
TWB14,Uvalde_2020_02,29.60214,-99.73007,436.7784,6/28/21,p,2021,04/06/2021 22:35 CDT,96506,22.82,72.45,3.46,9.95,0,101472.61
TWB14,Uvalde_2020_02,29.60214,-99.73007,436.7784,6/28/21,p,2021,04/06/2021 22:40 CDT,96509,22.69,72.76,4.005,9.95,0,101478.33
TWB14,Uvalde_2020_02,29.60214,-99.73007,436.7784,6/28/21,p,2021,04/06/2021 22:45 CDT,96523,22.61,73.27,4.02,9.95,0,101494.25
TWB14,Uvalde_2020_02,29.60214,-99.73007,436.7784,6/28/21,p,2021,04/06/2021 22:50 CDT,96534,22.51,74.01,3.03,9.95,0.01,101507.54
TWB14,Uvalde_2020_02,29.60214,-99.73007,436.7784,6/28/21,p,2021,04/06/2021 22:55 CDT,96544,22.43,74.28,3.79,9.95,0,101520.11
TWB14,Uvalde_2020_02,29.60214,-99.73007,436.7784,6/28/21,p,2021,04/06/2021 23:00 CDT,96553,22.38,74.55,2.97,9.95,0,101529.92
TWB14,Uvalde_2020_02,29.60214,-99.73007,436.7784,6/28/21,p,2021,04/06/2021 23:05 CDT,96556,22.3,74.95,3.055,9.95,0,101534.11
TWB14,Uvalde_2020_02,29.60214,-99.73007,436.7784,6/28/21,p,2021,04/06/2021 23:10 CDT,96563,22.23,75.29,4.22,9.95,0,101542.84
TWB14,Uvalde_2020_02,29.60214,-99.73007,436.7784,6/28/21,p,2021,04/06/2021 23:15 CDT,96570,22.16,75.59,3.135,9.55,0,101551.41
TWB14,Uvalde_2020_02,29.60214,-99.73007,436.7784,6/28/21,p,2021,04/06/2021 23:20 CDT,96565,22.05,76.3,3.96,9.55,0,101547.7
TWB14,Uvalde_2020_02,29.60214,-99.73007,436.7784,6/28/21,p,2021,04/06/2021 23:25 CDT,96558,21.94,76.71,3.13,9.55,0,101542.41
TWB14,Uvalde_2020_02,29.60214,-99.73007,436.7784,6/28/21,p,2021,04/06/2021 23:30 CDT,96550,21.84,77.18,2.95,9.55,0,101535.89
TWB14,Uvalde_2020_02,29.60214,-99.73007,436.7784,6/28/21,p,2021,04/06/2021 23:35 CDT,96553,21.77,77.58,3.275,9.55,0,101540.08
TWB14,Uvalde_2020_02,29.60214,-99.73007,436.7784,6/28/21,p,2021,04/06/2021 23:40 CDT,96563,21.71,78.16,3.895,8.715,0,101551.81
TWB14,Uvalde_2020_02,29.60214,-99.73007,436.7784,6/28/21,p,2021,04/06/2021 23:45 CDT,96569,21.69,78.33,3.775,8.715,0,101558.29
TWB14,Uvalde_2020_02,29.60214,-99.73007,436.7784,6/28/21,p,2021,04/06/2021 23:50 CDT,96577,21.63,78.66,2.965,8.715,0,101567.56
TWB14,Uvalde_2020_02,29.60214,-99.73007,436.7784,6/28/21,p,2021,04/06/2021 23:55 CDT,96585,21.55,78.93,2.725,8.715,0,101577.36
TWB14,Uvalde_2020_02,29.60214,-99.73007,436.7784,6/28/21,p,2021,04/07/2021 00:00 CDT,96590,21.5,79.24,3.03,8.715,0,101583.66
TWB14,Uvalde_2020_02,29.60214,-99.73007,436.7784,6/28/21,p,2021,04/07/2021 00:05 CDT,96591,21.48,79.74,3.385,8.715,0,101584.88
TWB14,Uvalde_2020_02,29.60214,-99.73007,436.7784,6/28/21,p,2021,04/07/2021 00:10 CDT,96595,21.42,80.3,4.21,9.485,0,101589.78
TWB14,Uvalde_2020_02,29.60214,-99.73007,436.7784,6/28/21,p,2021,04/07/2021 00:15 CDT,96604,21.37,80.5,3.63,8.815,0,101599.93
TWB14,Uvalde_2020_02,29.60214,-99.73007,436.7784,6/28/21,p,2021,04/07/2021 00:20 CDT,96607,21.33,80.6,3.165,8.815,0,101603.95
TWB14,Uvalde_2020_02,29.60214,-99.73007,436.7784,6/28/21,p,2021,04/07/2021 00:25 CDT,96608,21.3,80.6,3.88,8.815,0,101605.87
TWB14,Uvalde_2020_02,29.60214,-99.73007,436.7784,6/28/21,p,2021,04/07/2021 00:30 CDT,96600,21.28,80.8,3.1,8.815,0,101597.81
TWB14,Uvalde_2020_02,29.60214,-99.73007,436.7784,6/28/21,p,2021,04/07/2021 00:35 CDT,96605,21.27,81,3.735,8.815,0,101603.06
TWB14,Uvalde_2020_02,29.60214,-99.73007,436.7784,6/28/21,p,2021,04/07/2021 00:40 CDT,96603,21.2,81.5,3.86,8.815,0.01,101601.82
TWB14,Uvalde_2020_02,29.60214,-99.73007,436.7784,6/28/21,p,2021,04/07/2021 00:45 CDT,96607,21.14,81.6,4.38,9.615,0,101607.25
TWB14,Uvalde_2020_02,29.60214,-99.73007,436.7784,6/28/21,p,2021,04/07/2021 00:50 CDT,96606,21.16,81.6,3.6,9.615,0,101606.2
TWB14,Uvalde_2020_02,29.60214,-99.73007,436.7784,6/28/21,p,2021,04/07/2021 00:55 CDT,96611,21.11,81.8,3.585,9.615,0,101611.8
TWB14,Uvalde_2020_02,29.60214,-99.73007,436.7784,6/28/21,p,2021,04/07/2021 01:00 CDT,96617,21.09,81.8,3.27,9.615,0,101618.63
TWB14,Uvalde_2020_02,29.60214,-99.73007,436.7784,6/28/21,p,2021,04/07/2021 01:05 CDT,96619,21.08,81.8,3.71,9.615,0,101621.08
TWB14,Uvalde_2020_02,29.60214,-99.73007,436.7784,6/28/21,p,2021,04/07/2021 01:10 CDT,96609,21.06,82,3.68,9.615,0,101610.74
TWB14,Uvalde_2020_02,29.60214,-99.73007,436.7784,6/28/21,p,2021,04/07/2021 01:15 CDT,96614,21.03,82.2,3.74,9.615,0,101616.69
TWB14,Uvalde_2020_02,29.60214,-99.73007,436.7784,6/28/21,p,2021,04/07/2021 01:20 CDT,96619,21.01,82.2,3.575,9.615,0,101622.3
TWB14,Uvalde_2020_02,29.60214,-99.73007,436.7784,6/28/21,p,2021,04/07/2021 01:25 CDT,96610,21,82.3,3.235,9.615,0,101613.01
TWB14,Uvalde_2020_02,29.60214,-99.73007,436.7784,6/28/21,p,2021,04/07/2021 01:30 CDT,96597,20.99,82.4,3.93,9.615,0,101599.51
TWB14,Uvalde_2020_02,29.60214,-99.73007,436.7784,6/28/21,p,2021,04/07/2021 01:35 CDT,96594,20.96,82.5,3.345,9.615,0,101596.87
TWB14,Uvalde_2020_02,29.60214,-99.73007,436.7784,6/28/21,p,2021,04/07/2021 01:40 CDT,96596,20.94,82.6,2.885,9.45,0,101599.32
TWB14,Uvalde_2020_02,29.60214,-99.73007,436.7784,6/28/21,p,2021,04/07/2021 01:45 CDT,96594,20.93,82.7,2.985,9.45,0,101597.22
TWB14,Uvalde_2020_02,29.60214,-99.73007,436.7784,6/28/21,p,2021,04/07/2021 01:50 CDT,96591,20.92,82.8,3.035,9.45,0,101594.06
TWB14,Uvalde_2020_02,29.60214,-99.73007,436.7784,6/28/21,p,2021,04/07/2021 01:55 CDT,96588,20.9,82.9,3.03,9.45,0,101591.43
TWB14,Uvalde_2020_02,29.60214,-99.73007,436.7784,6/28/21,p,2021,04/07/2021 02:00 CDT,96574,20.89,82.8,2.99,9.45,0,101576.88
TWB14,Uvalde_2020_02,29.60214,-99.73007,436.7784,6/28/21,p,2021,04/07/2021 02:05 CDT,96565,20.87,82.9,3.15,9.45,0,101567.76
TWB14,Uvalde_2020_02,29.60214,-99.73007,436.7784,6/28/21,p,2021,04/07/2021 02:10 CDT,96552,20.85,83.1,3.425,9.45,0,101554.26
TWB14,Uvalde_2020_02,29.60214,-99.73007,436.7784,6/28/21,p,2021,04/07/2021 02:15 CDT,96541,20.84,83,3.85,9.45,0,101542.86
TWB14,Uvalde_2020_02,29.60214,-99.73007,436.7784,6/28/21,p,2021,04/07/2021 02:20 CDT,96538,20.85,82.9,3.625,9.45,0,101539.71
TWB14,Uvalde_2020_02,29.60214,-99.73007,436.7784,6/28/21,p,2021,04/07/2021 02:25 CDT,96537,20.86,82.8,3.655,9.45,0,101538.66
TWB14,Uvalde_2020_02,29.60214,-99.73007,436.7784,6/28/21,p,2021,04/07/2021 02:30 CDT,96540,20.85,82.8,3.75,9.45,0,101541.81
TWB14,Uvalde_2020_02,29.60214,-99.73007,436.7784,6/28/21,p,2021,04/07/2021 02:35 CDT,96542,20.85,82.7,3.035,9.45,0,101543.92
TWB14,Uvalde_2020_02,29.60214,-99.73007,436.7784,6/28/21,p,2021,04/07/2021 02:40 CDT,96537,20.83,82.9,3.335,9.45,0,101539
TWB14,Uvalde_2020_02,29.60214,-99.73007,436.7784,6/28/21,p,2021,04/07/2021 02:45 CDT,96533,20.78,83,3.285,9.45,0,101536.01
TWB14,Uvalde_2020_02,29.60214,-99.73007,436.7784,6/28/21,p,2021,04/07/2021 02:50 CDT,96529,20.74,83.2,3.175,9.45,0,101532.33
TWB14,Uvalde_2020_02,29.60214,-99.73007,436.7784,6/28/21,p,2021,04/07/2021 02:55 CDT,96527,20.71,83.5,3.45,9.45,0,101530.57
TWB14,Uvalde_2020_02,29.60214,-99.73007,436.7784,6/28/21,p,2021,04/07/2021 03:00 CDT,96523,20.68,83.7,3.67,9.45,0,101527.06
TWB14,Uvalde_2020_02,29.60214,-99.73007,436.7784,6/28/21,p,2021,04/07/2021 03:05 CDT,96517,20.67,83.7,3.805,9.45,0,101520.92
TWB14,Uvalde_2020_02,29.60214,-99.73007,436.7784,6/28/21,p,2021,04/07/2021 03:10 CDT,96515,20.67,83.6,3.29,9.45,0,101518.82
TWB14,Uvalde_2020_02,29.60214,-99.73007,436.7784,6/28/21,p,2021,04/07/2021 03:15 CDT,96515,20.66,83.6,2.72,9.45,0,101518.82
TWB14,Uvalde_2020_02,29.60214,-99.73007,436.7784,6/28/21,p,2021,04/07/2021 03:20 CDT,96516,20.66,83.6,3.14,9.45,0,101520.04
TWB14,Uvalde_2020_02,29.60214,-99.73007,436.7784,6/28/21,p,2021,04/07/2021 03:25 CDT,96516,20.65,83.5,3.245,9.45,0,101520.22
TWB14,Uvalde_2020_02,29.60214,-99.73007,436.7784,6/28/21,p,2021,04/07/2021 03:30 CDT,96516,20.65,83.4,2.935,9.45,0,101520.22
TWB14,Uvalde_2020_02,29.60214,-99.73007,436.7784,6/28/21,p,2021,04/07/2021 03:35 CDT,96516,20.64,83.5,3.185,9.45,0,101520.22
TWB14,Uvalde_2020_02,29.60214,-99.73007,436.7784,6/28/21,p,2021,04/07/2021 03:40 CDT,96515,20.61,83.4,3.255,9.45,0,101519.87
TWB14,Uvalde_2020_02,29.60214,-99.73007,436.7784,6/28/21,p,2021,04/07/2021 03:45 CDT,96517,20.61,83.4,3,9.45,0,101521.97
TWB14,Uvalde_2020_02,29.60214,-99.73007,436.7784,6/28/21,p,2021,04/07/2021 03:50 CDT,96518,20.6,83.4,3.22,9.45,0,101523.02
TWB14,Uvalde_2020_02,29.60214,-99.73007,436.7784,6/28/21,p,2021,04/07/2021 03:55 CDT,96514,20.58,83.4,2.77,9.45,0,101518.99
TWB14,Uvalde_2020_02,29.60214,-99.73007,436.7784,6/28/21,p,2021,04/07/2021 04:00 CDT,96506,20.55,83.2,3.08,9.45,0,101511.27
TWB14,Uvalde_2020_02,29.60214,-99.73007,436.7784,6/28/21,p,2021,04/07/2021 04:05 CDT,96498,20.55,83.1,3.03,9.45,0,101503.21
TWB14,Uvalde_2020_02,29.60214,-99.73007,436.7784,6/28/21,p,2021,04/07/2021 04:10 CDT,96511,20.52,83.2,3.305,9.45,0,101517.05
TWB14,Uvalde_2020_02,29.60214,-99.73007,436.7784,6/28/21,p,2021,04/07/2021 04:15 CDT,96516,20.5,83.1,2.565,9.45,0,101522.84
TWB14,Uvalde_2020_02,29.60214,-99.73007,436.7784,6/28/21,p,2021,04/07/2021 04:20 CDT,96515,20.49,83.2,2.285,9.45,0,101521.96
TWB14,Uvalde_2020_02,29.60214,-99.73007,436.7784,6/28/21,p,2021,04/07/2021 04:25 CDT,96512,20.48,83.2,2.35,9.45,0,101519.15
TWB14,Uvalde_2020_02,29.60214,-99.73007,436.7784,6/28/21,p,2021,04/07/2021 04:30 CDT,96512,20.46,83.3,1.955,9.45,0,101519.15
TWB14,Uvalde_2020_02,29.60214,-99.73007,436.7784,6/28/21,p,2021,04/07/2021 04:35 CDT,96504,20.46,83.3,1.82,9.45,0,101510.74
TWB14,Uvalde_2020_02,29.60214,-99.73007,436.7784,6/28/21,p,2021,04/07/2021 04:40 CDT,96489,20.43,83.5,2.31,9.45,0,101495.48
TWB14,Uvalde_2020_02,29.60214,-99.73007,436.7784,6/28/21,p,2021,04/07/2021 04:45 CDT,96486,20.4,83.6,2.16,9.45,0,101492.85
TWB14,Uvalde_2020_02,29.60214,-99.73007,436.7784,6/28/21,p,2021,04/07/2021 04:50 CDT,96488,20.4,83.7,2.015,9.45,0,101494.95
TWB14,Uvalde_2020_02,29.60214,-99.73007,436.7784,6/28/21,p,2021,04/07/2021 04:55 CDT,96489,20.38,83.6,1.81,9.45,0,101496.35
TWB14,Uvalde_2020_02,29.60214,-99.73007,436.7784,6/28/21,p,2021,04/07/2021 05:00 CDT,96503,20.38,83.7,2.075,9.45,0,101511.08
TWB14,Uvalde_2020_02,29.60214,-99.73007,436.7784,6/28/21,p,2021,04/07/2021 05:05 CDT,96517,20.38,83.7,1.13,9.45,0,101525.8
TWB14,Uvalde_2020_02,29.60214,-99.73007,436.7784,6/28/21,p,2021,04/07/2021 05:10 CDT,96521,20.37,83.8,1.595,9.45,0,101530.01
TWB14,Uvalde_2020_02,29.60214,-99.73007,436.7784,6/28/21,p,2021,04/07/2021 05:15 CDT,96524,20.37,83.9,1.375,9.45,0,101533.17
TWB14,Uvalde_2020_02,29.60214,-99.73007,436.7784,6/28/21,p,2021,04/07/2021 05:20 CDT,96529,20.35,84.1,1.84,9.45,0,101538.6
TWB14,Uvalde_2020_02,29.60214,-99.73007,436.7784,6/28/21,p,2021,04/07/2021 05:25 CDT,96540,20.33,84.1,1.555,9.45,0,101550.69
TWB14,Uvalde_2020_02,29.60214,-99.73007,436.7784,6/28/21,p,2021,04/07/2021 05:30 CDT,96543,20.33,84.1,1.065,9.45,0,101553.85
TWB14,Uvalde_2020_02,29.60214,-99.73007,436.7784,6/28/21,p,2021,04/07/2021 05:35 CDT,96539,20.33,84.1,1.635,9.45,0,101549.64
TWB14,Uvalde_2020_02,29.60214,-99.73007,436.7784,6/28/21,p,2021,04/07/2021 05:40 CDT,96532,20.31,84.2,1.66,9.45,0,101542.45
TWB14,Uvalde_2020_02,29.60214,-99.73007,436.7784,6/28/21,p,2021,04/07/2021 05:45 CDT,96527,20.29,84.3,1.605,9.45,0,101537.37
TWB14,Uvalde_2020_02,29.60214,-99.73007,436.7784,6/28/21,p,2021,04/07/2021 05:50 CDT,96516,20.27,84.3,1.48,9.45,0,101526.32
TWB14,Uvalde_2020_02,29.60214,-99.73007,436.7784,6/28/21,p,2021,04/07/2021 05:55 CDT,96515,20.26,84.4,1.575,9.45,0,101525.62
TWB14,Uvalde_2020_02,29.60214,-99.73007,436.7784,6/28/21,p,2021,04/07/2021 06:00 CDT,96517,20.25,84.5,1.89,9.45,0,101527.89
TWB14,Uvalde_2020_02,29.60214,-99.73007,436.7784,6/28/21,p,2021,04/07/2021 06:05 CDT,96516,20.23,84.6,1.875,9.45,0,101527.36
TWB14,Uvalde_2020_02,29.60214,-99.73007,436.7784,6/28/21,p,2021,04/07/2021 06:10 CDT,96514,20.21,84.6,1.75,9.45,0,101525.78
TWB14,Uvalde_2020_02,29.60214,-99.73007,436.7784,6/28/21,p,2021,04/07/2021 06:15 CDT,96507,20.21,84.7,2.27,9.45,0,101518.42
TWB14,Uvalde_2020_02,29.60214,-99.73007,436.7784,6/28/21,p,2021,04/07/2021 06:20 CDT,96502,20.21,84.6,1.8,9.45,0,101513.16
TWB14,Uvalde_2020_02,29.60214,-99.73007,436.7784,6/28/21,p,2021,04/07/2021 06:25 CDT,96498,20.2,84.7,2.12,9.45,0,101508.95
TWB14,Uvalde_2020_02,29.60214,-99.73007,436.7784,6/28/21,p,2021,04/07/2021 06:30 CDT,96519,20.22,84.7,1.505,9.45,0,101531.04
TWB14,Uvalde_2020_02,29.60214,-99.73007,436.7784,6/28/21,p,2021,04/07/2021 06:35 CDT,96552,20.23,84.7,0.82,9.45,0,101565.23
TWB14,Uvalde_2020_02,29.60214,-99.73007,436.7784,6/28/21,p,2021,04/07/2021 06:40 CDT,96569,20.23,84.8,1.035,9.45,0,101582.77
TWB14,Uvalde_2020_02,29.60214,-99.73007,436.7784,6/28/21,p,2021,04/07/2021 06:45 CDT,96572,20.22,84.9,0.9,9.45,0,101586.1
TWB14,Uvalde_2020_02,29.60214,-99.73007,436.7784,6/28/21,p,2021,04/07/2021 06:50 CDT,96571,20.21,85,0.935,9.45,0,101585.22
TWB14,Uvalde_2020_02,29.60214,-99.73007,436.7784,6/28/21,p,2021,04/07/2021 06:55 CDT,96582,20.18,85.1,0.795,9.45,0,101597.31
TWB14,Uvalde_2020_02,29.60214,-99.73007,436.7784,6/28/21,p,2021,04/07/2021 07:00 CDT,96593,20.18,85.3,0.9,9.45,0,101608.88
TWB14,Uvalde_2020_02,29.60214,-99.73007,436.7784,6/28/21,p,2021,04/07/2021 07:05 CDT,96595,20.17,85.3,0.655,9.45,0,101611.16
TWB14,Uvalde_2020_02,29.60214,-99.73007,436.7784,6/28/21,p,2021,04/07/2021 07:10 CDT,96597,20.16,85.6,0.925,9.45,0,101613.26
TWB14,Uvalde_2020_02,29.60214,-99.73007,436.7784,6/28/21,p,2021,04/07/2021 07:15 CDT,96601,20.13,85.8,1.105,9.45,0,101617.99
TWB14,Uvalde_2020_02,29.60214,-99.73007,436.7784,6/28/21,p,2021,04/07/2021 07:20 CDT,96614,20.12,85.8,0.295,9.45,0.15,101631.85
TWB14,Uvalde_2020_02,29.60214,-99.73007,436.7784,6/28/21,p,2021,04/07/2021 07:25 CDT,96614,20.11,86,0.98,9.45,0.76,101632.02
TWB14,Uvalde_2020_02,29.60214,-99.73007,436.7784,6/28/21,p,2021,04/07/2021 07:30 CDT,96615,20.08,86.2,0.805,9.45,1.57,101633.42
TWB14,Uvalde_2020_02,29.60214,-99.73007,436.7784,6/28/21,p,2021,04/07/2021 07:35 CDT,96614,20.06,86.5,1.055,9.45,3.22,101632.72
TWB14,Uvalde_2020_02,29.60214,-99.73007,436.7784,6/28/21,p,2021,04/07/2021 07:40 CDT,96620,20.03,86.7,1.155,9.45,5.64,101639.55
TWB14,Uvalde_2020_02,29.60214,-99.73007,436.7784,6/28/21,p,2021,04/07/2021 07:45 CDT,96616,20.03,86.7,1.395,9.45,8.3,101635.52
TWB14,Uvalde_2020_02,29.60214,-99.73007,436.7784,6/28/21,p,2021,04/07/2021 07:50 CDT,96622,20.03,86.8,0.855,9.45,12.04,101641.83
TWB14,Uvalde_2020_02,29.60214,-99.73007,436.7784,6/28/21,p,2021,04/07/2021 07:55 CDT,96623,20.04,86.8,0.985,9.45,15.79,101642.71
TWB14,Uvalde_2020_02,29.60214,-99.73007,436.7784,6/28/21,p,2021,04/07/2021 08:00 CDT,96634,20.06,86.6,1.115,9.45,18.96,101654.1
TWB14,Uvalde_2020_02,29.60214,-99.73007,436.7784,6/28/21,p,2021,04/07/2021 08:05 CDT,96661,20.08,86.8,0.595,9.45,16.13,101682.33
TWB14,Uvalde_2020_02,29.60214,-99.73007,436.7784,6/28/21,p,2021,04/07/2021 08:10 CDT,96678,20.13,86.4,0.4,9.45,19.4,101698.99
TWB14,Uvalde_2020_02,29.60214,-99.73007,436.7784,6/28/21,p,2021,04/07/2021 08:15 CDT,96678,20.17,86.5,0.255,9.45,32.19,101698.29
TWB14,Uvalde_2020_02,29.60214,-99.73007,436.7784,6/28/21,p,2021,04/07/2021 08:20 CDT,96680,20.25,86,0.365,9.45,34.48,101699
TWB14,Uvalde_2020_02,29.60214,-99.73007,436.7784,6/28/21,p,2021,04/07/2021 08:25 CDT,96686,20.28,86.4,0.85,9.45,36.47,101704.43
TWB14,Uvalde_2020_02,29.60214,-99.73007,436.7784,6/28/21,p,2021,04/07/2021 08:30 CDT,96700,20.29,85.9,0.685,9.45,36.96,101718.81
TWB14,Uvalde_2020_02,29.60214,-99.73007,436.7784,6/28/21,p,2021,04/07/2021 08:35 CDT,96699,20.29,85.8,1.22,9.45,57,101717.24
TWB14,Uvalde_2020_02,29.60214,-99.73007,436.7784,6/28/21,p,2021,04/07/2021 08:40 CDT,96704,20.37,85.6,0.445,9.45,100.79,101722.15
TWB14,Uvalde_2020_02,29.60214,-99.73007,436.7784,6/28/21,p,2021,04/07/2021 08:45 CDT,96700,20.66,84.4,0.725,9.45,134.14,101714.28
TWB14,Uvalde_2020_02,29.60214,-99.73007,436.7784,6/28/21,p,2021,04/07/2021 08:50 CDT,96705,20.85,83.3,0.72,9.45,113.79,101715.01
TWB14,Uvalde_2020_02,29.60214,-99.73007,436.7784,6/28/21,p,2021,04/07/2021 08:55 CDT,96705,20.97,82.9,0.81,9.45,111.35,101712.75
TWB14,Uvalde_2020_02,29.60214,-99.73007,436.7784,6/28/21,p,2021,04/07/2021 09:00 CDT,96705,21,82,1.14,9.45,99.7,101710.32
TWB14,Uvalde_2020_02,29.60214,-99.73007,436.7784,6/28/21,p,2021,04/07/2021 09:05 CDT,96706,20.95,82.7,1.075,9.45,106.44,101711.71
TWB14,Uvalde_2020_02,29.60214,-99.73007,436.7784,6/28/21,p,2021,04/07/2021 09:10 CDT,96720,21.01,81.3,0.95,9.45,136.58,101725.4
TWB14,Uvalde_2020_02,29.60214,-99.73007,436.7784,6/28/21,p,2021,04/07/2021 09:15 CDT,96730,21.04,81.4,1.12,9.45,97.69,101735.22
TWB14,Uvalde_2020_02,29.60214,-99.73007,436.7784,6/28/21,p,2021,04/07/2021 09:20 CDT,96741,21.07,81.4,0.62,9.45,121.37,101746.79
TWB14,Uvalde_2020_02,29.60214,-99.73007,436.7784,6/28/21,p,2021,04/07/2021 09:25 CDT,96753,21.14,80.4,0.995,9.45,112.88,101758.38
TWB14,Uvalde_2020_02,29.60214,-99.73007,436.7784,6/28/21,p,2021,04/07/2021 09:30 CDT,96757,21.17,81.3,0.755,9.45,139.72,101762.58
TWB14,Uvalde_2020_02,29.60214,-99.73007,436.7784,6/28/21,p,2021,04/07/2021 09:35 CDT,96766,21.3,80.1,0.665,9.45,130.88,101769.62
TWB14,Uvalde_2020_02,29.60214,-99.73007,436.7784,6/28/21,p,2021,04/07/2021 09:40 CDT,96768,21.52,78.86,0.715,9.45,153.58,101768.95
TWB14,Uvalde_2020_02,29.60214,-99.73007,436.7784,6/28/21,p,2021,04/07/2021 09:45 CDT,96770,21.66,78.43,0.87,9.45,140.41,101768.46
TWB14,Uvalde_2020_02,29.60214,-99.73007,436.7784,6/28/21,p,2021,04/07/2021 09:50 CDT,96768,22.11,76.5,0.52,9.45,346.81,101762.38
TWB14,Uvalde_2020_02,29.60214,-99.73007,436.7784,6/28/21,p,2021,04/07/2021 09:55 CDT,96769,22.54,74.85,1.325,9.45,379.07,101754.64
TWB14,Uvalde_2020_02,29.60214,-99.73007,436.7784,6/28/21,p,2021,04/07/2021 10:00 CDT,96768,22.53,72.66,1.605,9.45,297.8,101749.47
TWB14,Uvalde_2020_02,29.60214,-99.73007,436.7784,6/28/21,p,2021,04/07/2021 10:05 CDT,96768,22.43,72.53,1.945,9.45,213.54,101750.16
TWB14,Uvalde_2020_02,29.60214,-99.73007,436.7784,6/28/21,p,2021,04/07/2021 10:10 CDT,96771,22.53,73.17,1.88,9.45,311.14,101752.27
TWB14,Uvalde_2020_02,29.60214,-99.73007,436.7784,6/28/21,p,2021,04/07/2021 10:15 CDT,96772,22.72,72.28,1.845,9.45,204.4,101750.41
TWB14,Uvalde_2020_02,29.60214,-99.73007,436.7784,6/28/21,p,2021,04/07/2021 10:20 CDT,96772,22.94,68.06,1.4,9.45,295.14,101747.35
TWB14,Uvalde_2020_02,29.60214,-99.73007,436.7784,6/28/21,p,2021,04/07/2021 10:25 CDT,96771,23.21,68.6,2.81,9.45,311.62,101740.63
TWB14,Uvalde_2020_02,29.60214,-99.73007,436.7784,6/28/21,p,2021,04/07/2021 10:30 CDT,96771,23.27,66.91,2.945,9.45,395.51,101739.61
TWB14,Uvalde_2020_02,29.60214,-99.73007,436.7784,6/28/21,p,2021,04/07/2021 10:35 CDT,96792,23.54,66.84,3.085,9.45,216.65,101756.05
TWB14,Uvalde_2020_02,29.60214,-99.73007,436.7784,6/28/21,p,2021,04/07/2021 10:40 CDT,96800,23.52,64.95,2.995,9.45,166.64,101766.18
TWB14,Uvalde_2020_02,29.60214,-99.73007,436.7784,6/28/21,p,2021,04/07/2021 10:45 CDT,96793,23.66,64.82,2.815,9.45,285.6,101757.29
TWB14,Uvalde_2020_02,29.60214,-99.73007,436.7784,6/28/21,p,2021,04/07/2021 10:50 CDT,96781,24.06,60.43,3.025,9.45,484.46,101738.22
TWB14,Uvalde_2020_02,29.60214,-99.73007,436.7784,6/28/21,p,2021,04/07/2021 10:55 CDT,96768,24.55,60.63,3.05,9.45,509.38,101715.71
TWB14,Uvalde_2020_02,29.60214,-99.73007,436.7784,6/28/21,p,2021,04/07/2021 11:00 CDT,96779,24.91,58.68,3.78,9.45,536.06,101718.64
TWB14,Uvalde_2020_02,29.60214,-99.73007,436.7784,6/28/21,p,2021,04/07/2021 11:05 CDT,96786,25.13,55.11,3.6,9.45,591.53,101722.98
TWB14,Uvalde_2020_02,29.60214,-99.73007,436.7784,6/28/21,p,2021,04/07/2021 11:10 CDT,96767,25.84,52.98,3.165,9.45,551.29,101692.74
TWB14,Uvalde_2020_02,29.60214,-99.73007,436.7784,6/28/21,p,2021,04/07/2021 11:15 CDT,96762,25.77,54.12,3.45,9.45,560.62,101684.45
TWB14,Uvalde_2020_02,29.60214,-99.73007,436.7784,6/28/21,p,2021,04/07/2021 11:20 CDT,96772,25.43,55.03,4.205,9.45,574.71,101700
TWB14,Uvalde_2020_02,29.60214,-99.73007,436.7784,6/28/21,p,2021,04/07/2021 11:25 CDT,96788,25.58,54.83,3.97,9.45,592.18,101715.81
TWB14,Uvalde_2020_02,29.60214,-99.73007,436.7784,6/28/21,p,2021,04/07/2021 11:30 CDT,96796,25.96,52.97,3.375,9.45,581,101718.51
TWB14,Uvalde_2020_02,29.60214,-99.73007,436.7784,6/28/21,p,2021,04/07/2021 11:35 CDT,96795,26.09,50.51,3.635,9.45,588.19,101714.96
TWB14,Uvalde_2020_02,29.60214,-99.73007,436.7784,6/28/21,p,2021,04/07/2021 11:40 CDT,96785,26.29,49.03,3.94,9.45,599.82,101701.11
TWB14,Uvalde_2020_02,29.60214,-99.73007,436.7784,6/28/21,p,2021,04/07/2021 11:45 CDT,96779,26.53,48.25,3.73,9.45,611.3,101690.8
TWB14,Uvalde_2020_02,29.60214,-99.73007,436.7784,6/28/21,p,2021,04/07/2021 11:50 CDT,96775,26.6,47.67,4.49,9.285,603.89,101684.93
TWB14,Uvalde_2020_02,29.60214,-99.73007,436.7784,6/28/21,p,2021,04/07/2021 11:55 CDT,96771,26.54,46.29,4.04,9.285,631.49,101682.08
TWB14,Uvalde_2020_02,29.60214,-99.73007,436.7784,6/28/21,p,2021,04/07/2021 12:00 CDT,96768,26.53,47.63,3.95,9.285,638.62,101679.25
TWB14,Uvalde_2020_02,29.60214,-99.73007,436.7784,6/28/21,p,2021,04/07/2021 12:05 CDT,96770,26.9,42.68,3.68,9.285,640.75,101676.05
TWB14,Uvalde_2020_02,29.60214,-99.73007,436.7784,6/28/21,p,2021,04/07/2021 12:10 CDT,96770,27.28,43.16,3.8,9.285,653.68,101669.71
TWB14,Uvalde_2020_02,29.60214,-99.73007,436.7784,6/28/21,p,2021,04/07/2021 12:15 CDT,96761,27.54,42.14,3.205,9.285,651.71,101655.27
TWB14,Uvalde_2020_02,29.60214,-99.73007,436.7784,6/28/21,p,2021,04/07/2021 12:20 CDT,96750,27.94,39.98,4.02,9.285,665.54,101638.26
TWB14,Uvalde_2020_02,29.60214,-99.73007,436.7784,6/28/21,p,2021,04/07/2021 12:25 CDT,96752,28.16,39.78,4.42,9.285,681.17,101633.09
TWB14,Uvalde_2020_02,29.60214,-99.73007,436.7784,6/28/21,p,2021,04/07/2021 12:30 CDT,96750,28.09,39.34,3,9.285,677.04,101633.96
TWB14,Uvalde_2020_02,29.60214,-99.73007,436.7784,6/28/21,p,2021,04/07/2021 12:35 CDT,96745,28.13,35,3.87,9.285,690.81,101628.1
TWB14,Uvalde_2020_02,29.60214,-99.73007,436.7784,6/28/21,p,2021,04/07/2021 12:40 CDT,96743,28.57,33.72,4.025,9.285,696.42,101619.57
TWB14,Uvalde_2020_02,29.60214,-99.73007,436.7784,6/28/21,p,2021,04/07/2021 12:45 CDT,96753,28.76,33.08,4.11,9.285,696.64,101625.63
TWB14,Uvalde_2020_02,29.60214,-99.73007,436.7784,6/28/21,p,2021,04/07/2021 12:50 CDT,96754,28.98,30.15,4.855,9.365,707.53,101624.41
TWB14,Uvalde_2020_02,29.60214,-99.73007,436.7784,6/28/21,p,2021,04/07/2021 12:55 CDT,96748,29.13,29.11,5,9.365,713.83,101613.19
TWB14,Uvalde_2020_02,29.60214,-99.73007,436.7784,6/28/21,p,2021,04/07/2021 13:00 CDT,96742,29.31,26.95,4.315,9.365,712.77,101605.6
TWB14,Uvalde_2020_02,29.60214,-99.73007,436.7784,6/28/21,p,2021,04/07/2021 13:05 CDT,96738,29.41,27.29,4.97,10.35,723.06,101599.92
TWB14,Uvalde_2020_02,29.60214,-99.73007,436.7784,6/28/21,p,2021,04/07/2021 13:10 CDT,96736,29.81,23.95,4.505,10.35,723.8,101592.78
TWB14,Uvalde_2020_02,29.60214,-99.73007,436.7784,6/28/21,p,2021,04/07/2021 13:15 CDT,96737,30.12,23.52,3.5,10.35,723.7,101587.14
TWB14,Uvalde_2020_02,29.60214,-99.73007,436.7784,6/28/21,p,2021,04/07/2021 13:20 CDT,96727,30.43,21.93,4.19,10.35,698.69,101572.58
TWB14,Uvalde_2020_02,29.60214,-99.73007,436.7784,6/28/21,p,2021,04/07/2021 13:25 CDT,96726,30.4,18.7,4.42,9.935,639.67,101570.43
TWB14,Uvalde_2020_02,29.60214,-99.73007,436.7784,6/28/21,p,2021,04/07/2021 13:30 CDT,96725,30.49,17.12,4.64,9.85,720.2,101568.26
TWB14,Uvalde_2020_02,29.60214,-99.73007,436.7784,6/28/21,p,2021,04/07/2021 13:35 CDT,96731,30.85,13.31,4.96,10.685,752.22,101569.57
TWB14,Uvalde_2020_02,29.60214,-99.73007,436.7784,6/28/21,p,2021,04/07/2021 13:40 CDT,96728,30.45,13.21,5.035,10.685,728.06,101572.43
TWB14,Uvalde_2020_02,29.60214,-99.73007,436.7784,6/28/21,p,2021,04/07/2021 13:45 CDT,96724,30.68,11.46,5.1,10.685,747.34,101565
TWB14,Uvalde_2020_02,29.60214,-99.73007,436.7784,6/28/21,p,2021,04/07/2021 13:50 CDT,96729,30.61,9.85,5.3,10.685,755.07,101570.27
TWB14,Uvalde_2020_02,29.60214,-99.73007,436.7784,6/28/21,p,2021,04/07/2021 13:55 CDT,96720,30.84,13.58,3.575,10.685,735.84,101557.69
TWB14,Uvalde_2020_02,29.60214,-99.73007,436.7784,6/28/21,p,2021,04/07/2021 14:00 CDT,96714,30.73,11.6,4.91,10.685,754.35,101551.9
TWB14,Uvalde_2020_02,29.60214,-99.73007,436.7784,6/28/21,p,2021,04/07/2021 14:05 CDT,96710,30.79,11.5,4.24,10.285,745.97,101547.21
TWB14,Uvalde_2020_02,29.60214,-99.73007,436.7784,6/28/21,p,2021,04/07/2021 14:10 CDT,96705,30.33,11.73,5.655,10.285,763.2,101547.16
TWB14,Uvalde_2020_02,29.60214,-99.73007,436.7784,6/28/21,p,2021,04/07/2021 14:15 CDT,96709,30.75,10.62,4.185,10.285,746.01,101548.45
TWB14,Uvalde_2020_02,29.60214,-99.73007,436.7784,6/28/21,p,2021,04/07/2021 14:20 CDT,96712,30.58,12.34,4.265,10.285,741.7,101552.39
TWB14,Uvalde_2020_02,29.60214,-99.73007,436.7784,6/28/21,p,2021,04/07/2021 14:25 CDT,96716,30.63,10.96,5.045,10.285,746.61,101555.79
TWB14,Uvalde_2020_02,29.60214,-99.73007,436.7784,6/28/21,p,2021,04/07/2021 14:30 CDT,96716,30.33,11.36,5.34,10.285,745.56,101560.18
TWB14,Uvalde_2020_02,29.60214,-99.73007,436.7784,6/28/21,p,2021,04/07/2021 14:35 CDT,96716,30.76,9.85,4.38,10.285,731.16,101554.35
TWB14,Uvalde_2020_02,29.60214,-99.73007,436.7784,6/28/21,p,2021,04/07/2021 14:40 CDT,96720,30.81,10.62,4.475,10.285,732.19,101557.4
TWB14,Uvalde_2020_02,29.60214,-99.73007,436.7784,6/28/21,p,2021,04/07/2021 14:45 CDT,96721,30.6,11.9,3.875,10.285,722.73,101562.98
TWB14,Uvalde_2020_02,29.60214,-99.73007,436.7784,6/28/21,p,2021,04/07/2021 14:50 CDT,96720,30.8,11.29,5.015,10.285,726.39,101557.55
TWB14,Uvalde_2020_02,29.60214,-99.73007,436.7784,6/28/21,p,2021,04/07/2021 14:55 CDT,96716,30.65,12.74,4.225,10.285,715.6,101555.12
TWB14,Uvalde_2020_02,29.60214,-99.73007,436.7784,6/28/21,p,2021,04/07/2021 15:00 CDT,96712,31.17,10.92,3.625,10.285,699.87,101543
TWB14,Uvalde_2020_02,29.60214,-99.73007,436.7784,6/28/21,p,2021,04/07/2021 15:05 CDT,96711,30.61,11.97,4.43,10.285,705.16,101548.58
TWB14,Uvalde_2020_02,29.60214,-99.73007,436.7784,6/28/21,p,2021,04/07/2021 15:10 CDT,96709,30.55,12.2,4.395,9.285,701.78,101550.54
TWB14,Uvalde_2020_02,29.60214,-99.73007,436.7784,6/28/21,p,2021,04/07/2021 15:15 CDT,96706,30.48,12.47,4.59,9.285,693.61,101546.9
TWB14,Uvalde_2020_02,29.60214,-99.73007,436.7784,6/28/21,p,2021,04/07/2021 15:20 CDT,96700,30.28,12.03,4.04,9.285,685.06,101545.48
TWB14,Uvalde_2020_02,29.60214,-99.73007,436.7784,6/28/21,p,2021,04/07/2021 15:25 CDT,96696,30.51,10.99,5.02,9.285,683.47,101538.37
TWB14,Uvalde_2020_02,29.60214,-99.73007,436.7784,6/28/21,p,2021,04/07/2021 15:30 CDT,96696,30.33,11.66,4.57,9.285,675.89,101539.66
TWB14,Uvalde_2020_02,29.60214,-99.73007,436.7784,6/28/21,p,2021,04/07/2021 15:35 CDT,96684,30.25,11.26,3.375,9.285,658.06,101528.69
TWB14,Uvalde_2020_02,29.60214,-99.73007,436.7784,6/28/21,p,2021,04/07/2021 15:40 CDT,,30.74,10.96,3.36,9.285,645.51,
TWB14,Uvalde_2020_02,29.60214,-99.73007,436.7784,6/28/21,p,2021,04/07/2021 15:45 CDT,96675,30.4,11.66,3.805,9.285,647.29,101515.49
TWB14,Uvalde_2020_02,29.60214,-99.73007,436.7784,6/28/21,p,2021,04/07/2021 15:50 CDT,96670,30.34,12,2.92,9.285,630.33,101512.03
TWB14,Uvalde_2020_02,29.60214,-99.73007,436.7784,6/28/21,p,2021,04/07/2021 15:55 CDT,96670,30.94,10.11,3.315,9.285,624.47,101504.42
TWB14,Uvalde_2020_02,29.60214,-99.73007,436.7784,6/28/21,p,2021,04/07/2021 16:00 CDT,96665,30.72,9.91,4.455,9.45,621.66,101500.63
TWB14,Uvalde_2020_02,29.60214,-99.73007,436.7784,6/28/21,p,2021,04/07/2021 16:05 CDT,96661,30.71,10.22,3.795,9.285,609.43,101497.89
TWB14,Uvalde_2020_02,29.60214,-99.73007,436.7784,6/28/21,p,2021,04/07/2021 16:10 CDT,96650,30.93,10.25,4.815,9.535,606.17,101482.93
TWB14,Uvalde_2020_02,29.60214,-99.73007,436.7784,6/28/21,p,2021,04/07/2021 16:15 CDT,96653,30.6,9.78,4.245,9.535,594.79,101489.65
TWB14,Uvalde_2020_02,29.60214,-99.73007,436.7784,6/28/21,p,2021,04/07/2021 16:20 CDT,96646,30.57,9.37,4.205,9.535,577.44,101484.42
TWB14,Uvalde_2020_02,29.60214,-99.73007,436.7784,6/28/21,p,2021,04/07/2021 16:25 CDT,96642,30.85,8.73,3.68,9.535,564.69,101475.85
TWB14,Uvalde_2020_02,29.60214,-99.73007,436.7784,6/28/21,p,2021,04/07/2021 16:30 CDT,96634,30.87,8.67,4.1,9.535,557.41,101466.47
TWB14,Uvalde_2020_02,29.60214,-99.73007,436.7784,6/28/21,p,2021,04/07/2021 16:35 CDT,96635,30.62,9.74,4.36,9.535,549.49,101470.75
TWB14,Uvalde_2020_02,29.60214,-99.73007,436.7784,6/28/21,p,2021,04/07/2021 16:40 CDT,96624,30.69,8.57,2.995,9.535,531.29,101458.73
TWB14,Uvalde_2020_02,29.60214,-99.73007,436.7784,6/28/21,p,2021,04/07/2021 16:45 CDT,96627,30.94,8.77,3.99,9.535,527.4,101458.48
TWB14,Uvalde_2020_02,29.60214,-99.73007,436.7784,6/28/21,p,2021,04/07/2021 16:50 CDT,96624,30.86,7.89,2.83,9.535,,101455.98
TWB14,Uvalde_2020_02,29.60214,-99.73007,436.7784,6/28/21,p,2021,04/07/2021 16:55 CDT,96617,30.79,8.8,3.06,9.535,491.58,101450.24
TWB14,Uvalde_2020_02,29.60214,-99.73007,436.7784,6/28/21,p,2021,04/07/2021 17:00 CDT,96614,30.88,10.01,3.425,9.535,487.25,101445.46
TWB14,Uvalde_2020_02,29.60214,-99.73007,436.7784,6/28/21,p,2021,04/07/2021 17:05 CDT,96611,30.9,9.17,3.665,9.535,471.09,101443.13
TWB14,Uvalde_2020_02,29.60214,-99.73007,436.7784,6/28/21,p,2021,04/07/2021 17:10 CDT,96612,30.89,9.41,3.265,9.535,458.06,101443.85
TWB14,Uvalde_2020_02,29.60214,-99.73007,436.7784,6/28/21,p,2021,04/07/2021 17:15 CDT,96611,30.98,9.27,3.235,9.535,439.26,101442.16
TWB14,Uvalde_2020_02,29.60214,-99.73007,436.7784,6/28/21,p,2021,04/07/2021 17:20 CDT,96607,30.78,9.61,3.5,9.535,430.63,101439.9
TWB14,Uvalde_2020_02,29.60214,-99.73007,436.7784,6/28/21,p,2021,04/07/2021 17:25 CDT,96603,30.89,9.91,4.395,9.535,419.07,101436.02
TWB14,Uvalde_2020_02,29.60214,-99.73007,436.7784,6/28/21,p,2021,04/07/2021 17:30 CDT,96600,30.83,9.17,4.215,9.535,404.77,101433.2
TWB14,Uvalde_2020_02,29.60214,-99.73007,436.7784,6/28/21,p,2021,04/07/2021 17:35 CDT,96596,30.64,9.98,3.815,9.535,388.87,101432.56
TWB14,Uvalde_2020_02,29.60214,-99.73007,436.7784,6/28/21,p,2021,04/07/2021 17:40 CDT,96596,30.78,9.34,3.065,9.535,371.9,101429.97
TWB14,Uvalde_2020_02,29.60214,-99.73007,436.7784,6/28/21,p,2021,04/07/2021 17:45 CDT,96596,30.7,9.91,2.55,9.535,354.77,101431.91
TWB14,Uvalde_2020_02,29.60214,-99.73007,436.7784,6/28/21,p,2021,04/07/2021 17:50 CDT,96594,30.83,9.27,2.515,9.535,339.12,101427.38
TWB14,Uvalde_2020_02,29.60214,-99.73007,436.7784,6/28/21,p,2021,04/07/2021 17:55 CDT,96589,30.91,9.21,2.935,9.535,328.4,101420.68
TWB14,Uvalde_2020_02,29.60214,-99.73007,436.7784,6/28/21,p,2021,04/07/2021 18:00 CDT,96579,30.9,9.91,1.96,9.535,309.96,101411.46
TWB14,Uvalde_2020_02,29.60214,-99.73007,436.7784,6/28/21,p,2021,04/07/2021 18:05 CDT,96572,30.99,10.62,2.2,9.535,296.13,101402.16
TWB14,Uvalde_2020_02,29.60214,-99.73007,436.7784,6/28/21,p,2021,04/07/2021 18:10 CDT,96573,31.01,9.51,1.89,9.535,282.34,101402.25
TWB14,Uvalde_2020_02,29.60214,-99.73007,436.7784,6/28/21,p,2021,04/07/2021 18:15 CDT,96570,30.81,9.51,2.915,9.535,273.52,101401.21
TWB14,Uvalde_2020_02,29.60214,-99.73007,436.7784,6/28/21,p,2021,04/07/2021 18:20 CDT,96568,30.65,10.08,2.23,9.535,251.93,101402.99
TWB14,Uvalde_2020_02,29.60214,-99.73007,436.7784,6/28/21,p,2021,04/07/2021 18:25 CDT,96569,30.59,10.42,2.26,9.535,239.18,101406.15
TWB14,Uvalde_2020_02,29.60214,-99.73007,436.7784,6/28/21,p,2021,04/07/2021 18:30 CDT,96569,30.56,9.78,2.815,9.535,227.49,101406.81
TWB14,Uvalde_2020_02,29.60214,-99.73007,436.7784,6/28/21,p,2021,04/07/2021 18:35 CDT,96569,30.38,10.25,2.78,9.535,212.27,101409.89
TWB14,Uvalde_2020_02,29.60214,-99.73007,436.7784,6/28/21,p,2021,04/07/2021 18:40 CDT,96569,30.39,9.75,2.495,9.535,194.95,101411.03
TWB14,Uvalde_2020_02,29.60214,-99.73007,436.7784,6/28/21,p,2021,04/07/2021 18:45 CDT,96569,30.26,9.44,2.775,9.535,183.41,101412.34
TWB14,Uvalde_2020_02,29.60214,-99.73007,436.7784,6/28/21,p,2021,04/07/2021 18:50 CDT,96570,30.21,9.88,2.74,9.535,167.4,101415.18
TWB14,Uvalde_2020_02,29.60214,-99.73007,436.7784,6/28/21,p,2021,04/07/2021 18:55 CDT,96571,30.1,10.55,2.48,9.535,151.53,101418.01
TWB14,Uvalde_2020_02,29.60214,-99.73007,436.7784,6/28/21,p,2021,04/07/2021 19:00 CDT,96574,30.02,10.29,2.97,9.535,138.9,101422.63
TWB14,Uvalde_2020_02,29.60214,-99.73007,436.7784,6/28/21,p,2021,04/07/2021 19:05 CDT,96579,29.82,10.42,2.94,9.535,125.34,101431.48
TWB14,Uvalde_2020_02,29.60214,-99.73007,436.7784,6/28/21,p,2021,04/07/2021 19:10 CDT,96587,29.68,10.49,3.035,9.535,110.68,101442.49
TWB14,Uvalde_2020_02,29.60214,-99.73007,436.7784,6/28/21,p,2021,04/07/2021 19:15 CDT,96590,29.48,11.5,2.335,9.535,94.91,101449.07
TWB14,Uvalde_2020_02,29.60214,-99.73007,436.7784,6/28/21,p,2021,04/07/2021 19:20 CDT,96596,29.33,10.76,2.705,9.535,81.06,101458.33
TWB14,Uvalde_2020_02,29.60214,-99.73007,436.7784,6/28/21,p,2021,04/07/2021 19:25 CDT,96598,29.14,11.3,2.215,9.535,50.51,101464.37
TWB14,Uvalde_2020_02,29.60214,-99.73007,436.7784,6/28/21,p,2021,04/07/2021 19:30 CDT,96599,28.93,11.5,2.1,9.535,32.7,101470.02
TWB14,Uvalde_2020_02,29.60214,-99.73007,436.7784,6/28/21,p,2021,04/07/2021 19:35 CDT,96605,28.65,12.78,1.73,9.535,25.47,101481.42
TWB14,Uvalde_2020_02,29.60214,-99.73007,436.7784,6/28/21,p,2021,04/07/2021 19:40 CDT,96610,28.32,12.44,1.63,9.535,20.7,101492.79
TWB14,Uvalde_2020_02,29.60214,-99.73007,436.7784,6/28/21,p,2021,04/07/2021 19:45 CDT,96621,27.91,13.02,1.705,9.535,16.25,101512.96
TWB14,Uvalde_2020_02,29.60214,-99.73007,436.7784,6/28/21,p,2021,04/07/2021 19:50 CDT,96634,27.51,13.66,1.415,9.535,12.55,101532.93
TWB14,Uvalde_2020_02,29.60214,-99.73007,436.7784,6/28/21,p,2021,04/07/2021 19:55 CDT,96637,27.08,13.93,0.815,9.535,9.89,101543.25
TWB14,Uvalde_2020_02,29.60214,-99.73007,436.7784,6/28/21,p,2021,04/07/2021 20:00 CDT,96638,26.56,16.29,0.765,9.535,7.39,101554.15
TWB14,Uvalde_2020_02,29.60214,-99.73007,436.7784,6/28/21,p,2021,04/07/2021 20:05 CDT,96642,26.02,15.75,1.09,9.535,4.73,101570.8
TWB14,Uvalde_2020_02,29.60214,-99.73007,436.7784,6/28/21,p,2021,04/07/2021 20:10 CDT,96644,25.41,18.07,1.23,9.535,3.94,101586.06
TWB14,Uvalde_2020_02,29.60214,-99.73007,436.7784,6/28/21,p,2021,04/07/2021 20:15 CDT,96646,24.72,20.13,0.785,9.535,3.44,101604.8
TWB14,Uvalde_2020_02,29.60214,-99.73007,436.7784,6/28/21,p,2021,04/07/2021 20:20 CDT,96652,23.89,21.01,0.38,9.535,3.49,101623.93
TWB14,Uvalde_2020_02,29.60214,-99.73007,436.7784,6/28/21,p,2021,04/07/2021 20:25 CDT,96655,23.08,21.55,0.06,9.535,3.55,101637.05
TWB14,Uvalde_2020_02,29.60214,-99.73007,436.7784,6/28/21,p,2021,04/07/2021 20:30 CDT,96660,22.34,21.95,0.055,9.535,2.76,101651.45
TWB14,Uvalde_2020_02,29.60214,-99.73007,436.7784,6/28/21,p,2021,04/07/2021 20:35 CDT,96670,22.05,21.96,0.17,9.535,2.88,101671.66
TWB14,Uvalde_2020_02,29.60214,-99.73007,436.7784,6/28/21,p,2021,04/07/2021 20:40 CDT,96683,21.52,22.7,0.03,9.535,3.14,101694.89
TWB14,Uvalde_2020_02,29.60214,-99.73007,436.7784,6/28/21,p,2021,04/07/2021 20:45 CDT,96694,21.1,23.81,0.03,9.535,2.21,101715
TWB14,Uvalde_2020_02,29.60214,-99.73007,436.7784,6/28/21,p,2021,04/07/2021 20:50 CDT,96697,20.85,24.39,0.035,9.535,1.07,101724.98
TWB14,Uvalde_2020_02,29.60214,-99.73007,436.7784,6/28/21,p,2021,04/07/2021 20:55 CDT,96698,20.78,24.63,0,9.535,0.49,101730.24
TWB14,Uvalde_2020_02,29.60214,-99.73007,436.7784,6/28/21,p,2021,04/07/2021 21:00 CDT,96702,20.46,25,0,9.535,0.59,101739.01
TWB14,Uvalde_2020_02,29.60214,-99.73007,436.7784,6/28/21,p,2021,04/07/2021 21:05 CDT,96712,19.84,26.08,0,9.535,1.3,101756.05
TWB14,Uvalde_2020_02,29.60214,-99.73007,436.7784,6/28/21,p,2021,04/07/2021 21:10 CDT,96726,19.26,35.05,0.115,9.535,1.53,101777.08
TWB14,Uvalde_2020_02,29.60214,-99.73007,436.7784,6/28/21,p,2021,04/07/2021 21:15 CDT,96734,19.01,32.76,0.135,9.535,1.08,101792.77
TWB14,Uvalde_2020_02,29.60214,-99.73007,436.7784,6/28/21,p,2021,04/07/2021 21:20 CDT,96738,18.81,30.2,0.065,9.535,1.39,101803.57
TWB14,Uvalde_2020_02,29.60214,-99.73007,436.7784,6/28/21,p,2021,04/07/2021 21:25 CDT,96753,18.63,31.48,0.05,9.535,0.13,101825.23
TWB14,Uvalde_2020_02,29.60214,-99.73007,436.7784,6/28/21,p,2021,04/07/2021 21:30 CDT,96768,18.48,31.75,0.415,9.535,0,101850.12
TWB14,Uvalde_2020_02,29.60214,-99.73007,436.7784,6/28/21,p,2021,04/07/2021 21:35 CDT,96778,18.44,31.96,0.625,9.535,0,101865.3
TWB14,Uvalde_2020_02,29.60214,-99.73007,436.7784,6/28/21,p,2021,04/07/2021 21:40 CDT,96793,18.52,29.77,0.405,9.535,0.2,101876.26
TWB14,Uvalde_2020_02,29.60214,-99.73007,436.7784,6/28/21,p,2021,04/07/2021 21:45 CDT,96802,18.44,30.21,0,9.535,0,101883.23
TWB14,Uvalde_2020_02,29.60214,-99.73007,436.7784,6/28/21,p,2021,04/07/2021 21:50 CDT,96804,18.2,31.02,0.18,9.535,0,101888.55
TWB14,Uvalde_2020_02,29.60214,-99.73007,436.7784,6/28/21,p,2021,04/07/2021 21:55 CDT,96805,17.84,32.44,0.445,9.535,0,101896.77
TWB14,Uvalde_2020_02,29.60214,-99.73007,436.7784,6/28/21,p,2021,04/07/2021 22:00 CDT,96813,17.32,33.04,0.785,9.535,0,101914.18
TWB14,Uvalde_2020_02,29.60214,-99.73007,436.7784,6/28/21,p,2021,04/07/2021 22:05 CDT,96820,17.38,35.98,0.54,9.535,0.83,101926.04
TWB14,Uvalde_2020_02,29.60214,-99.73007,436.7784,6/28/21,p,2021,04/07/2021 22:10 CDT,96825,16.78,35.17,0.295,9.535,0.16,101941.26
TWB14,Uvalde_2020_02,29.60214,-99.73007,436.7784,6/28/21,p,2021,04/07/2021 22:15 CDT,96828,16.51,35.68,0.38,9.535,0.03,101947.32
TWB14,Uvalde_2020_02,29.60214,-99.73007,436.7784,6/28/21,p,2021,04/07/2021 22:20 CDT,96828,16.22,36.29,0.24,9.535,0.22,101951.13
TWB14,Uvalde_2020_02,29.60214,-99.73007,436.7784,6/28/21,p,2021,04/07/2021 22:25 CDT,96835,15.97,36.36,0.18,9.535,0.01,101962.14
TWB14,Uvalde_2020_02,29.60214,-99.73007,436.7784,6/28/21,p,2021,04/07/2021 22:30 CDT,96832,15.69,37.37,0.03,9.535,0.17,101960.61
TWB14,Uvalde_2020_02,29.60214,-99.73007,436.7784,6/28/21,p,2021,04/07/2021 22:35 CDT,96830,15.34,37.61,0.085,9.535,1.19,101963.43
TWB14,Uvalde_2020_02,29.60214,-99.73007,436.7784,6/28/21,p,2021,04/07/2021 22:40 CDT,96824,15.15,39.3,0.34,9.535,1.45,101961.48
TWB14,Uvalde_2020_02,29.60214,-99.73007,436.7784,6/28/21,p,2021,04/07/2021 22:45 CDT,96834,15.01,39.88,0.26,9.535,0.2,101975.85
TWB14,Uvalde_2020_02,29.60214,-99.73007,436.7784,6/28/21,p,2021,04/07/2021 22:50 CDT,96839,14.83,42.24,0.19,9.535,0.67,101983.12
TWB14,Uvalde_2020_02,29.60214,-99.73007,436.7784,6/28/21,p,2021,04/07/2021 22:55 CDT,96838,14.66,43.19,0.005,9.535,0.67,101985.55
TWB14,Uvalde_2020_02,29.60214,-99.73007,436.7784,6/28/21,p,2021,04/07/2021 23:00 CDT,96839,14.36,45.21,0.165,9.535,0.6,101990.45
TWB14,Uvalde_2020_02,29.60214,-99.73007,436.7784,6/28/21,p,2021,04/07/2021 23:05 CDT,96829,14.3,43.73,0.505,9.535,0,101983.05
TWB14,Uvalde_2020_02,29.60214,-99.73007,436.7784,6/28/21,p,2021,04/07/2021 23:10 CDT,96829,14.41,42.35,0.485,9.535,0.08,101980.85
TWB14,Uvalde_2020_02,29.60214,-99.73007,436.7784,6/28/21,p,2021,04/07/2021 23:15 CDT,96827,14.4,42.65,0.685,9.535,0,101977.09
TWB14,Uvalde_2020_02,29.60214,-99.73007,436.7784,6/28/21,p,2021,04/07/2021 23:20 CDT,96824,14.33,43.02,0.575,9.535,0,101971.17
TWB14,Uvalde_2020_02,29.60214,-99.73007,436.7784,6/28/21,p,2021,04/07/2021 23:25 CDT,96818,14.17,42.55,0.97,9.535,0,101964.86
TWB14,Uvalde_2020_02,29.60214,-99.73007,436.7784,6/28/21,p,2021,04/07/2021 23:30 CDT,96824,13.95,44,0.385,9.535,0,101972.45
TWB14,Uvalde_2020_02,29.60214,-99.73007,436.7784,6/28/21,p,2021,04/07/2021 23:35 CDT,96809,13.9,44.48,1.055,9.535,0,101959.41
TWB14,Uvalde_2020_02,29.60214,-99.73007,436.7784,6/28/21,p,2021,04/07/2021 23:40 CDT,96799,13.6,44.41,1.23,9.535,0.03,101954.02
TWB14,Uvalde_2020_02,29.60214,-99.73007,436.7784,6/28/21,p,2021,04/07/2021 23:45 CDT,96808,13.26,45.29,0.325,9.535,0.38,101971.24
TWB14,Uvalde_2020_02,29.60214,-99.73007,436.7784,6/28/21,p,2021,04/07/2021 23:50 CDT,96833,13.18,46.71,0.19,9.535,0.2,101999.97
TWB14,Uvalde_2020_02,29.60214,-99.73007,436.7784,6/28/21,p,2021,04/07/2021 23:55 CDT,96834,13.27,45.02,0.76,9.535,0.01,101999.55
TWB14,Uvalde_2020_02,29.60214,-99.73007,436.7784,6/28/21,p,2021,04/08/2021 00:00 CDT,96844,13.42,44.62,0.33,9.535,0.09,102006.95
TWB14,Uvalde_2020_02,29.60214,-99.73007,436.7784,6/28/21,p,2021,04/08/2021 00:05 CDT,96841,13.52,46.61,0.905,9.535,0.13,102003.04
TWB14,Uvalde_2020_02,29.60214,-99.73007,436.7784,6/28/21,p,2021,04/08/2021 00:10 CDT,96851,13.16,45.97,0.51,9.535,0.12,102018.75
TWB14,Uvalde_2020_02,29.60214,-99.73007,436.7784,6/28/21,p,2021,04/08/2021 00:15 CDT,96862,12.86,52.72,0.27,9.535,0.54,102032.35
TWB14,Uvalde_2020_02,29.60214,-99.73007,436.7784,6/28/21,p,2021,04/08/2021 00:20 CDT,96865,12.53,50.56,0.085,9.535,0.82,102039.4
TWB14,Uvalde_2020_02,29.60214,-99.73007,436.7784,6/28/21,p,2021,04/08/2021 00:25 CDT,96868,12.19,48.24,0.48,9.535,0.35,102050.37
TWB14,Uvalde_2020_02,29.60214,-99.73007,436.7784,6/28/21,p,2021,04/08/2021 00:30 CDT,96868,11.9,49.82,0.24,9.535,0.84,102058.93
TWB14,Uvalde_2020_02,29.60214,-99.73007,436.7784,6/28/21,p,2021,04/08/2021 00:35 CDT,96875,11.72,50.43,0.02,9.535,1.45,102071.9
TWB14,Uvalde_2020_02,29.60214,-99.73007,436.7784,6/28/21,p,2021,04/08/2021 00:40 CDT,96875,11.51,50.5,0,9.535,0.67,102076.95
TWB14,Uvalde_2020_02,29.60214,-99.73007,436.7784,6/28/21,p,2021,04/08/2021 00:45 CDT,96869,11.19,50.23,0.08,9.535,0.42,102077.01
TWB14,Uvalde_2020_02,29.60214,-99.73007,436.7784,6/28/21,p,2021,04/08/2021 00:50 CDT,96868,10.89,50.53,0.165,9.535,0,102080.28
TWB14,Uvalde_2020_02,29.60214,-99.73007,436.7784,6/28/21,p,2021,04/08/2021 00:55 CDT,96866,10.86,52.66,0.995,9.535,0,102080.98
TWB14,Uvalde_2020_02,29.60214,-99.73007,436.7784,6/28/21,p,2021,04/08/2021 01:00 CDT,96869,10.99,52.52,0.22,9.535,0.27,102083.58
TWB14,Uvalde_2020_02,29.60214,-99.73007,436.7784,6/28/21,p,2021,04/08/2021 01:05 CDT,96876,10.91,53.07,0.045,9.535,0.4,102090.95
TWB14,Uvalde_2020_02,29.60214,-99.73007,436.7784,6/28/21,p,2021,04/08/2021 01:10 CDT,96882,10.69,52.94,0.145,9.535,0.54,102099.54
TWB14,Uvalde_2020_02,29.60214,-99.73007,436.7784,6/28/21,p,2021,04/08/2021 01:15 CDT,96875,10.45,54.36,0.53,9.535,0,102096.11
TWB14,Uvalde_2020_02,29.60214,-99.73007,436.7784,6/28/21,p,2021,04/08/2021 01:20 CDT,96884,10.3,55.11,0.09,9.535,0.19,102110.13
TWB14,Uvalde_2020_02,29.60214,-99.73007,436.7784,6/28/21,p,2021,04/08/2021 01:25 CDT,96892,10.26,56.86,0.085,9.535,0.09,102120.45
TWB14,Uvalde_2020_02,29.60214,-99.73007,436.7784,6/28/21,p,2021,04/08/2021 01:30 CDT,96881,10.36,55.11,1.175,9.535,0,102106.4
TWB14,Uvalde_2020_02,29.60214,-99.73007,436.7784,6/28/21,p,2021,04/08/2021 01:35 CDT,96880,10.24,55.51,0.615,9.535,0,102106.1
TWB14,Uvalde_2020_02,29.60214,-99.73007,436.7784,6/28/21,p,2021,04/08/2021 01:40 CDT,96874,10.06,56.87,0.51,9.535,0.18,102103.75
TWB14,Uvalde_2020_02,29.60214,-99.73007,436.7784,6/28/21,p,2021,04/08/2021 01:45 CDT,96872,9.88,57.2,0.37,9.535,0.1,102106.75
TWB14,Uvalde_2020_02,29.60214,-99.73007,436.7784,6/28/21,p,2021,04/08/2021 01:50 CDT,96878,9.7,58.99,0.05,9.535,0.61,102116.11
TWB14,Uvalde_2020_02,29.60214,-99.73007,436.7784,6/28/21,p,2021,04/08/2021 01:55 CDT,96874,9.63,59.5,0.275,9.535,0.57,102112.27
TWB14,Uvalde_2020_02,29.60214,-99.73007,436.7784,6/28/21,p,2021,04/08/2021 02:00 CDT,96881,9.58,61.02,0.445,9.535,0.07,102120.02
TWB14,Uvalde_2020_02,29.60214,-99.73007,436.7784,6/28/21,p,2021,04/08/2021 02:05 CDT,96882,9.52,61.56,0.34,9.535,0,102119.94
TWB14,Uvalde_2020_02,29.60214,-99.73007,436.7784,6/28/21,p,2021,04/08/2021 02:10 CDT,96890,9.3,61.66,0.025,9.535,0,102129.7
TWB14,Uvalde_2020_02,29.60214,-99.73007,436.7784,6/28/21,p,2021,04/08/2021 02:15 CDT,96891,9.05,59.87,0.76,9.535,0,102135.7
TWB14,Uvalde_2020_02,29.60214,-99.73007,436.7784,6/28/21,p,2021,04/08/2021 02:20 CDT,96881,9.06,59.91,0.76,9.535,0,102130.11
TWB14,Uvalde_2020_02,29.60214,-99.73007,436.7784,6/28/21,p,2021,04/08/2021 02:25 CDT,96880,8.99,60.58,0.155,9.535,0.08,102134.78
TWB14,Uvalde_2020_02,29.60214,-99.73007,436.7784,6/28/21,p,2021,04/08/2021 02:30 CDT,96879,8.88,61.39,0.535,9.535,0,102137.55
TWB14,Uvalde_2020_02,29.60214,-99.73007,436.7784,6/28/21,p,2021,04/08/2021 02:35 CDT,96880,8.74,62.34,0.475,9.535,0.17,102140.71
TWB14,Uvalde_2020_02,29.60214,-99.73007,436.7784,6/28/21,p,2021,04/08/2021 02:40 CDT,96883,8.73,61.94,0.255,9.535,0.12,102145.41
TWB14,Uvalde_2020_02,29.60214,-99.73007,436.7784,6/28/21,p,2021,04/08/2021 02:45 CDT,96885,8.69,63.46,0.135,9.535,0,102149.62
TWB14,Uvalde_2020_02,29.60214,-99.73007,436.7784,6/28/21,p,2021,04/08/2021 02:50 CDT,96887,8.61,61.51,0.15,9.535,0.16,102151.54
TWB14,Uvalde_2020_02,29.60214,-99.73007,436.7784,6/28/21,p,2021,04/08/2021 02:55 CDT,96887,8.44,63.3,0.15,9.535,0.01,102152.11
TWB14,Uvalde_2020_02,29.60214,-99.73007,436.7784,6/28/21,p,2021,04/08/2021 03:00 CDT,96881,8.26,62.69,0.215,9.535,0,102148.67
TWB14,Uvalde_2020_02,29.60214,-99.73007,436.7784,6/28/21,p,2021,04/08/2021 03:05 CDT,96871,8.12,63.7,0.335,9.535,0,102139.85
TWB14,Uvalde_2020_02,29.60214,-99.73007,436.7784,6/28/21,p,2021,04/08/2021 03:10 CDT,96867,7.98,64.99,0.565,9.535,0,102138.51
TWB14,Uvalde_2020_02,29.60214,-99.73007,436.7784,6/28/21,p,2021,04/08/2021 03:15 CDT,96862,8.17,64.11,0.81,9.535,0,102130.74
TWB14,Uvalde_2020_02,29.60214,-99.73007,436.7784,6/28/21,p,2021,04/08/2021 03:20 CDT,96862,8.36,63.03,0.86,9.535,0,102128.25
TWB14,Uvalde_2020_02,29.60214,-99.73007,436.7784,6/28/21,p,2021,04/08/2021 03:25 CDT,96860,8.24,64.08,0.68,9.535,0,102128.25
TWB14,Uvalde_2020_02,29.60214,-99.73007,436.7784,6/28/21,p,2021,04/08/2021 03:30 CDT,96860,8.06,64.25,0.665,9.535,0,102127.86
TWB14,Uvalde_2020_02,29.60214,-99.73007,436.7784,6/28/21,p,2021,04/08/2021 03:35 CDT,96852,7.92,65.37,0.48,9.535,0,102121.16
TWB14,Uvalde_2020_02,29.60214,-99.73007,436.7784,6/28/21,p,2021,04/08/2021 03:40 CDT,96855,7.84,66.92,0.285,9.535,0.11,102125.47
TWB14,Uvalde_2020_02,29.60214,-99.73007,436.7784,6/28/21,p,2021,04/08/2021 03:45 CDT,96846,7.85,67.02,0.465,9.535,0.03,102112.9
TWB14,Uvalde_2020_02,29.60214,-99.73007,436.7784,6/28/21,p,2021,04/08/2021 03:50 CDT,96839,7.87,66.85,0.395,9.535,0.14,102104.37
TWB14,Uvalde_2020_02,29.60214,-99.73007,436.7784,6/28/21,p,2021,04/08/2021 03:55 CDT,96839,7.93,66.65,0.47,9.535,0,102101.69
TWB14,Uvalde_2020_02,29.60214,-99.73007,436.7784,6/28/21,p,2021,04/08/2021 04:00 CDT,96832,7.91,65.53,0.225,9.535,0.03,102093.54
TWB14,Uvalde_2020_02,29.60214,-99.73007,436.7784,6/28/21,p,2021,04/08/2021 04:05 CDT,96833,7.82,67.26,0,9.535,0.67,102096.7
TWB14,Uvalde_2020_02,29.60214,-99.73007,436.7784,6/28/21,p,2021,04/08/2021 04:10 CDT,96834,7.84,68.74,0.19,9.535,0.45,102099.09
TWB14,Uvalde_2020_02,29.60214,-99.73007,436.7784,6/28/21,p,2021,04/08/2021 04:15 CDT,96841,8,68.14,0.295,9.535,0,102104.75
TWB14,Uvalde_2020_02,29.60214,-99.73007,436.7784,6/28/21,p,2021,04/08/2021 04:20 CDT,96839,8.19,69.86,0.68,9.535,0,102100.91
TWB14,Uvalde_2020_02,29.60214,-99.73007,436.7784,6/28/21,p,2021,04/08/2021 04:25 CDT,96841,8.52,65.81,0.695,9.535,0,102094.8
TWB14,Uvalde_2020_02,29.60214,-99.73007,436.7784,6/28/21,p,2021,04/08/2021 04:30 CDT,96836,8.79,65.13,0.76,9.535,0,102080.18
TWB14,Uvalde_2020_02,29.60214,-99.73007,436.7784,6/28/21,p,2021,04/08/2021 04:35 CDT,96842,9.02,65.16,0.72,9.535,0,102079.28
TWB14,Uvalde_2020_02,29.60214,-99.73007,436.7784,6/28/21,p,2021,04/08/2021 04:40 CDT,96838,9.33,63.57,0.795,9.535,0,102068.05
TWB14,Uvalde_2020_02,29.60214,-99.73007,436.7784,6/28/21,p,2021,04/08/2021 04:45 CDT,96842,9.64,62.08,0.945,9.535,0,102066.22
TWB14,Uvalde_2020_02,29.60214,-99.73007,436.7784,6/28/21,p,2021,04/08/2021 04:50 CDT,96846,9.97,60.53,1.095,9.535,0,102063.65
TWB14,Uvalde_2020_02,29.60214,-99.73007,436.7784,6/28/21,p,2021,04/08/2021 04:55 CDT,96852,10.27,59.48,0.895,9.535,0,102064.14
TWB14,Uvalde_2020_02,29.60214,-99.73007,436.7784,6/28/21,p,2021,04/08/2021 05:00 CDT,96853,10.57,58.29,1.09,9.535,0,102058.99
TWB14,Uvalde_2020_02,29.60214,-99.73007,436.7784,6/28/21,p,2021,04/08/2021 05:05 CDT,96854,10.76,57.68,0.735,9.535,0,102056.11
TWB14,Uvalde_2020_02,29.60214,-99.73007,436.7784,6/28/21,p,2021,04/08/2021 05:10 CDT,96852,10.96,56.19,1.16,9.535,0,102050.27
TWB14,Uvalde_2020_02,29.60214,-99.73007,436.7784,6/28/21,p,2021,04/08/2021 05:15 CDT,96846,11.18,55.65,1.02,9.535,0,102040.02
TWB14,Uvalde_2020_02,29.60214,-99.73007,436.7784,6/28/21,p,2021,04/08/2021 05:20 CDT,96846,11.41,55.31,0.585,9.535,0,102035.92
TWB14,Uvalde_2020_02,29.60214,-99.73007,436.7784,6/28/21,p,2021,04/08/2021 05:25 CDT,96848,11.56,54.76,1,9.535,0,102034.86
TWB14,Uvalde_2020_02,29.60214,-99.73007,436.7784,6/28/21,p,2021,04/08/2021 05:30 CDT,96841,11.7,54.42,0.925,9.535,0,102024.13
TWB14,Uvalde_2020_02,29.60214,-99.73007,436.7784,6/28/21,p,2021,04/08/2021 05:35 CDT,96840,11.81,54.25,0.745,9.535,0,102021.22
TWB14,Uvalde_2020_02,29.60214,-99.73007,436.7784,6/28/21,p,2021,04/08/2021 05:40 CDT,96841,11.92,54.25,0.99,9.535,0.46,102020.42
TWB14,Uvalde_2020_02,29.60214,-99.73007,436.7784,6/28/21,p,2021,04/08/2021 05:45 CDT,96841,11.88,54.69,0.83,9.535,0.94,102021.53
TWB14,Uvalde_2020_02,29.60214,-99.73007,436.7784,6/28/21,p,2021,04/08/2021 05:50 CDT,96844,11.77,55.19,0.75,9.535,0.9,102027.1
TWB14,Uvalde_2020_02,29.60214,-99.73007,436.7784,6/28/21,p,2021,04/08/2021 05:55 CDT,96842,11.64,55.66,0.28,9.535,1.01,102027.79
TWB14,Uvalde_2020_02,29.60214,-99.73007,436.7784,6/28/21,p,2021,04/08/2021 06:00 CDT,96842,11.45,56.44,0.11,9.535,1.09,102031.51
TWB14,Uvalde_2020_02,29.60214,-99.73007,436.7784,6/28/21,p,2021,04/08/2021 06:05 CDT,96850,11.26,57.48,0.03,9.535,1.54,102043.11
TWB14,Uvalde_2020_02,29.60214,-99.73007,436.7784,6/28/21,p,2021,04/08/2021 06:10 CDT,96851,11.02,58.26,0.06,9.535,0.97,102048.64
TWB14,Uvalde_2020_02,29.60214,-99.73007,436.7784,6/28/21,p,2021,04/08/2021 06:15 CDT,96850,10.89,59.51,0.065,9.535,0.42,102052.45
TWB14,Uvalde_2020_02,29.60214,-99.73007,436.7784,6/28/21,p,2021,04/08/2021 06:20 CDT,96847,10.76,59.94,0,9.535,0.7,102052.67
TWB14,Uvalde_2020_02,29.60214,-99.73007,436.7784,6/28/21,p,2021,04/08/2021 06:25 CDT,96849,10.5,61.37,0,9.535,0.66,102058.9
TWB14,Uvalde_2020_02,29.60214,-99.73007,436.7784,6/28/21,p,2021,04/08/2021 06:30 CDT,96858,10.29,61.74,0,9.535,0.79,102072.14
TWB14,Uvalde_2020_02,29.60214,-99.73007,436.7784,6/28/21,p,2021,04/08/2021 06:35 CDT,96866,10.1,63.53,0.065,9.535,0.65,102084.71
TWB14,Uvalde_2020_02,29.60214,-99.73007,436.7784,6/28/21,p,2021,04/08/2021 06:40 CDT,96869,9.91,63.67,0.01,9.535,1.09,102093.16
TWB14,Uvalde_2020_02,29.60214,-99.73007,436.7784,6/28/21,p,2021,04/08/2021 06:45 CDT,96867,9.8,64.54,0,9.535,0.43,102094.07
TWB14,Uvalde_2020_02,29.60214,-99.73007,436.7784,6/28/21,p,2021,04/08/2021 06:50 CDT,96867,9.69,64.68,0,9.535,0.57,102096.53
TWB14,Uvalde_2020_02,29.60214,-99.73007,436.7784,6/28/21,p,2021,04/08/2021 06:55 CDT,96867,9.58,65.56,0,9.535,0.55,102099.18
TWB14,Uvalde_2020_02,29.60214,-99.73007,436.7784,6/28/21,p,2021,04/08/2021 07:00 CDT,96866,9.56,66.1,0,9.535,0.27,102098.88
TWB14,Uvalde_2020_02,29.60214,-99.73007,436.7784,6/28/21,p,2021,04/08/2021 07:05 CDT,96866,9.51,66.03,0,9.535,0.19,102099.45
TWB14,Uvalde_2020_02,29.60214,-99.73007,436.7784,6/28/21,p,2021,04/08/2021 07:10 CDT,96863,9.42,66.1,0,9.535,0.44,102098
TWB14,Uvalde_2020_02,29.60214,-99.73007,436.7784,6/28/21,p,2021,04/08/2021 07:15 CDT,96864,9.3,66.27,0.03,9.535,0.92,102100.57
TWB14,Uvalde_2020_02,29.60214,-99.73007,436.7784,6/28/21,p,2021,04/08/2021 07:20 CDT,96869,9.2,66.61,0,9.535,2.13,102107.55
TWB14,Uvalde_2020_02,29.60214,-99.73007,436.7784,6/28/21,p,2021,04/08/2021 07:25 CDT,96870,9.15,67.46,0,9.535,3.64,102109.74
TWB14,Uvalde_2020_02,29.60214,-99.73007,436.7784,6/28/21,p,2021,04/08/2021 07:30 CDT,96872,9.13,67.67,0.08,9.535,5.98,102112.8
TWB14,Uvalde_2020_02,29.60214,-99.73007,436.7784,6/28/21,p,2021,04/08/2021 07:35 CDT,96874,9.21,67.87,0.035,9.535,9.59,102115.85
TWB14,Uvalde_2020_02,29.60214,-99.73007,436.7784,6/28/21,p,2021,04/08/2021 07:40 CDT,96880,9.36,67.2,0,9.535,13.41,102121.23
TWB14,Uvalde_2020_02,29.60214,-99.73007,436.7784,6/28/21,p,2021,04/08/2021 07:45 CDT,96886,9.41,67.47,0.16,9.535,18.81,102126.41
TWB14,Uvalde_2020_02,29.60214,-99.73007,436.7784,6/28/21,p,2021,04/08/2021 07:50 CDT,96882,9.59,69.02,0.155,9.535,23.64,102119.15
TWB14,Uvalde_2020_02,29.60214,-99.73007,436.7784,6/28/21,p,2021,04/08/2021 07:55 CDT,96890,9.81,69.03,0.02,9.535,25.66,102123.79
TWB14,Uvalde_2020_02,29.60214,-99.73007,436.7784,6/28/21,p,2021,04/08/2021 08:00 CDT,96895,10.09,67.88,0,9.535,25.66,102123.76
TWB14,Uvalde_2020_02,29.60214,-99.73007,436.7784,6/28/21,p,2021,04/08/2021 08:05 CDT,96892,10.42,65.78,0,9.535,29.98,102113.24
TWB14,Uvalde_2020_02,29.60214,-99.73007,436.7784,6/28/21,p,2021,04/08/2021 08:10 CDT,96886,10.9,64.43,0.005,9.535,34.67,102095.62
TWB14,Uvalde_2020_02,29.60214,-99.73007,436.7784,6/28/21,p,2021,04/08/2021 08:15 CDT,96881,11.35,64.49,0.02,9.535,37.43,102080.42
TWB14,Uvalde_2020_02,29.60214,-99.73007,436.7784,6/28/21,p,2021,04/08/2021 08:20 CDT,96878,11.69,60.97,0.415,9.535,40.48,102068.68
TWB14,Uvalde_2020_02,29.60214,-99.73007,436.7784,6/28/21,p,2021,04/08/2021 08:25 CDT,96882,11.91,59.15,0.66,9.535,42,102066.38
TWB14,Uvalde_2020_02,29.60214,-99.73007,436.7784,6/28/21,p,2021,04/08/2021 08:30 CDT,96886,12.19,59.31,0.39,9.535,44.18,102064.83
TWB14,Uvalde_2020_02,29.60214,-99.73007,436.7784,6/28/21,p,2021,04/08/2021 08:35 CDT,96883,12.61,57.56,0.145,9.535,49.43,102054.08
TWB14,Uvalde_2020_02,29.60214,-99.73007,436.7784,6/28/21,p,2021,04/08/2021 08:40 CDT,96881,13.1,57.47,0.105,9.535,55.89,102044.02
TWB14,Uvalde_2020_02,29.60214,-99.73007,436.7784,6/28/21,p,2021,04/08/2021 08:45 CDT,96886,13.6,58.36,0.12,9.535,56.93,102040.81
TWB14,Uvalde_2020_02,29.60214,-99.73007,436.7784,6/28/21,p,2021,04/08/2021 08:50 CDT,96880,14.11,57.92,0.025,9.535,70.83,102025.68
TWB14,Uvalde_2020_02,29.60214,-99.73007,436.7784,6/28/21,p,2021,04/08/2021 08:55 CDT,96867,14.71,57.85,0.35,9.535,70.09,102002.3
TWB14,Uvalde_2020_02,29.60214,-99.73007,436.7784,6/28/21,p,2021,04/08/2021 09:00 CDT,96863,15.68,58.69,0.74,9.535,83.17,101986.97
TWB14,Uvalde_2020_02,29.60214,-99.73007,436.7784,6/28/21,p,2021,04/08/2021 09:05 CDT,96859,16.57,67.33,0.6,9.535,106.07,101970.56
TWB14,Uvalde_2020_02,29.60214,-99.73007,436.7784,6/28/21,p,2021,04/08/2021 09:10 CDT,96856,17.52,81.4,1.135,9.535,107.35,101948.76
TWB14,Uvalde_2020_02,29.60214,-99.73007,436.7784,6/28/21,p,2021,04/08/2021 09:15 CDT,96856,18.44,81.4,1.325,9.535,118.94,101924.61
TWB14,Uvalde_2020_02,29.60214,-99.73007,436.7784,6/28/21,p,2021,04/08/2021 09:20 CDT,96857,19.05,81.1,1.57,9.535,144.65,101910.58
TWB14,Uvalde_2020_02,29.60214,-99.73007,436.7784,6/28/21,p,2021,04/08/2021 09:25 CDT,96864,19.45,81.9,1.475,9.535,166.97,101908.57
TWB14,Uvalde_2020_02,29.60214,-99.73007,436.7784,6/28/21,p,2021,04/08/2021 09:30 CDT,96852,19.86,80.1,1.625,9.535,218.54,101888.04
TWB14,Uvalde_2020_02,29.60214,-99.73007,436.7784,6/28/21,p,2021,04/08/2021 09:35 CDT,96846,20.11,81.2,1.95,9.535,227.61,101874.87
TWB14,Uvalde_2020_02,29.60214,-99.73007,436.7784,6/28/21,p,2021,04/08/2021 09:40 CDT,96843,20.44,81.2,1.7,9.535,300.69,101865.94
TWB14,Uvalde_2020_02,29.60214,-99.73007,436.7784,6/28/21,p,2021,04/08/2021 09:45 CDT,96840,20.96,78.63,2.335,9.535,297.22,101852.85
TWB14,Uvalde_2020_02,29.60214,-99.73007,436.7784,6/28/21,p,2021,04/08/2021 09:50 CDT,96834,21.12,77.47,2.305,9.535,301.9,101842.72
TWB14,Uvalde_2020_02,29.60214,-99.73007,436.7784,6/28/21,p,2021,04/08/2021 09:55 CDT,96832,21.72,74.94,1.845,9.535,344.17,101832.47
TWB14,Uvalde_2020_02,29.60214,-99.73007,436.7784,6/28/21,p,2021,04/08/2021 10:00 CDT,96829,22.26,72.44,2.375,9.535,358.89,101819.3
TWB14,Uvalde_2020_02,29.60214,-99.73007,436.7784,6/28/21,p,2021,04/08/2021 10:05 CDT,96821,22.54,71.62,2.675,9.535,379.93,101805.03
TWB14,Uvalde_2020_02,29.60214,-99.73007,436.7784,6/28/21,p,2021,04/08/2021 10:10 CDT,96815,22.99,69.32,2.925,9.535,348.59,101791
TWB14,Uvalde_2020_02,29.60214,-99.73007,436.7784,6/28/21,p,2021,04/08/2021 10:15 CDT,96814,23.16,68.36,2.82,9.535,356.85,101785.84
TWB14,Uvalde_2020_02,29.60214,-99.73007,436.7784,6/28/21,p,2021,04/08/2021 10:20 CDT,96813,23.68,66.41,2.85,9.535,392.39,101776.59
TWB14,Uvalde_2020_02,29.60214,-99.73007,436.7784,6/28/21,p,2021,04/08/2021 10:25 CDT,96810,23.94,66.33,2.35,9.535,407.22,101768.32
TWB14,Uvalde_2020_02,29.60214,-99.73007,436.7784,6/28/21,p,2021,04/08/2021 10:30 CDT,96808,24.11,64.71,3.115,9.535,449.53,101761.46
TWB14,Uvalde_2020_02,29.60214,-99.73007,436.7784,6/28/21,p,2021,04/08/2021 10:35 CDT,96807,24.36,63.83,2.41,9.535,474.91,101757.18
TWB14,Uvalde_2020_02,29.60214,-99.73007,436.7784,6/28/21,p,2021,04/08/2021 10:40 CDT,96804,24.63,61.6,4.025,9.535,381.67,101749.13
TWB14,Uvalde_2020_02,29.60214,-99.73007,436.7784,6/28/21,p,2021,04/08/2021 10:45 CDT,96802,24.51,61.32,3.765,9.115,414.23,101748.72
TWB14,Uvalde_2020_02,29.60214,-99.73007,436.7784,6/28/21,p,2021,04/08/2021 10:50 CDT,96800,24.7,60.31,3.155,9.115,394.53,101744.59
TWB14,Uvalde_2020_02,29.60214,-99.73007,436.7784,6/28/21,p,2021,04/08/2021 10:55 CDT,96801,24.54,61.45,3.05,9.115,286.49,101746.99
TWB14,Uvalde_2020_02,29.60214,-99.73007,436.7784,6/28/21,p,2021,04/08/2021 11:00 CDT,96803,24.71,60.5,2.73,9.115,319.75,101747.74
TWB14,Uvalde_2020_02,29.60214,-99.73007,436.7784,6/28/21,p,2021,04/08/2021 11:05 CDT,96803,24.86,60.03,2.855,9.115,231.79,101745.55
TWB14,Uvalde_2020_02,29.60214,-99.73007,436.7784,6/28/21,p,2021,04/08/2021 11:10 CDT,96795,24.77,60.33,3.385,9.115,373.25,101737.98
TWB14,Uvalde_2020_02,29.60214,-99.73007,436.7784,6/28/21,p,2021,04/08/2021 11:15 CDT,96794,24.89,59.01,3.885,9.115,419.6,101735.76
TWB14,Uvalde_2020_02,29.60214,-99.73007,436.7784,6/28/21,p,2021,04/08/2021 11:20 CDT,96790,25.33,56.76,3.07,9.115,487.21,101724.3
TWB14,Uvalde_2020_02,29.60214,-99.73007,436.7784,6/28/21,p,2021,04/08/2021 11:25 CDT,96786,25.65,56.45,3.435,9.115,334.8,101713.19
TWB14,Uvalde_2020_02,29.60214,-99.73007,436.7784,6/28/21,p,2021,04/08/2021 11:30 CDT,96783,25.55,55.47,2.74,9.115,342.98,101711.39
TWB14,Uvalde_2020_02,29.60214,-99.73007,436.7784,6/28/21,p,2021,04/08/2021 11:35 CDT,96781,26.04,52.87,3.385,9.115,596.79,101701.57
TWB14,Uvalde_2020_02,29.60214,-99.73007,436.7784,6/28/21,p,2021,04/08/2021 11:40 CDT,96770,26.27,51.32,2.875,9.115,615.35,101686
TWB14,Uvalde_2020_02,29.60214,-99.73007,436.7784,6/28/21,p,2021,04/08/2021 11:45 CDT,96762,26.67,51.69,2.875,9.115,606.96,101669.23
TWB14,Uvalde_2020_02,29.60214,-99.73007,436.7784,6/28/21,p,2021,04/08/2021 11:50 CDT,96756,26.86,49.03,4.18,9.285,660.06,101660.28
TWB14,Uvalde_2020_02,29.60214,-99.73007,436.7784,6/28/21,p,2021,04/08/2021 11:55 CDT,96756,26.94,49.77,3.68,9.785,650.71,101658.1
TWB14,Uvalde_2020_02,29.60214,-99.73007,436.7784,6/28/21,p,2021,04/08/2021 12:00 CDT,96750,27.34,48.49,2.655,9.45,506.53,101647.48
TWB14,Uvalde_2020_02,29.60214,-99.73007,436.7784,6/28/21,p,2021,04/08/2021 12:05 CDT,96749,27.63,47.85,2.805,9.45,650.09,101639.79
TWB14,Uvalde_2020_02,29.60214,-99.73007,436.7784,6/28/21,p,2021,04/08/2021 12:10 CDT,96744,27.29,49.16,3.09,8.785,403.79,101636.35
TWB14,Uvalde_2020_02,29.60214,-99.73007,436.7784,6/28/21,p,2021,04/08/2021 12:15 CDT,96727,27.38,47.77,2.395,8.785,580.54,101620.66
TWB14,Uvalde_2020_02,29.60214,-99.73007,436.7784,6/28/21,p,2021,04/08/2021 12:20 CDT,96715,27.9,47.1,2.765,8.785,646.07,101600.76
TWB14,Uvalde_2020_02,29.60214,-99.73007,436.7784,6/28/21,p,2021,04/08/2021 12:25 CDT,96699,27.85,47.6,2.995,8.785,503.68,101583.28
TWB14,Uvalde_2020_02,29.60214,-99.73007,436.7784,6/28/21,p,2021,04/08/2021 12:30 CDT,96689,27.78,46.25,3.585,8.785,474.53,101573.95
TWB14,Uvalde_2020_02,29.60214,-99.73007,436.7784,6/28/21,p,2021,04/08/2021 12:35 CDT,96689,27.83,45.45,2.665,8.785,548.51,101574.46
TWB14,Uvalde_2020_02,29.60214,-99.73007,436.7784,6/28/21,p,2021,04/08/2021 12:40 CDT,96682,28.23,45.54,2.98,8.785,644.32,101560.98
TWB14,Uvalde_2020_02,29.60214,-99.73007,436.7784,6/28/21,p,2021,04/08/2021 12:45 CDT,96672,28.61,43.69,2.3,8.785,601.65,101544.06
TWB14,Uvalde_2020_02,29.60214,-99.73007,436.7784,6/28/21,p,2021,04/08/2021 12:50 CDT,96659,28.85,43.52,2.75,8.785,674.74,101524.48
TWB14,Uvalde_2020_02,29.60214,-99.73007,436.7784,6/28/21,p,2021,04/08/2021 12:55 CDT,96651,28.84,42.31,3.12,8.785,675.59,101513.63
TWB14,Uvalde_2020_02,29.60214,-99.73007,436.7784,6/28/21,p,2021,04/08/2021 13:00 CDT,96638,28.78,41.9,4.18,8.95,689.74,101500.47
TWB14,Uvalde_2020_02,29.60214,-99.73007,436.7784,6/28/21,p,2021,04/08/2021 13:05 CDT,96630,29,42,2.855,8.95,653.71,101489.93
TWB14,Uvalde_2020_02,29.60214,-99.73007,436.7784,6/28/21,p,2021,04/08/2021 13:10 CDT,96614,29.17,40.32,3.785,8.95,706.51,101472
TWB14,Uvalde_2020_02,29.60214,-99.73007,436.7784,6/28/21,p,2021,04/08/2021 13:15 CDT,96610,29.36,39.18,3.27,8.95,702.72,101463.55
TWB14,Uvalde_2020_02,29.60214,-99.73007,436.7784,6/28/21,p,2021,04/08/2021 13:20 CDT,96602,29.35,37.05,2.995,8.95,700.83,101455.17
TWB14,Uvalde_2020_02,29.60214,-99.73007,436.7784,6/28/21,p,2021,04/08/2021 13:25 CDT,96598,30.11,38.33,2.39,8.95,690.25,101441.81
TWB14,Uvalde_2020_02,29.60214,-99.73007,436.7784,6/28/21,p,2021,04/08/2021 13:30 CDT,96588,29.69,37.66,3.755,8.95,712.58,101433.11
TWB14,Uvalde_2020_02,29.60214,-99.73007,436.7784,6/28/21,p,2021,04/08/2021 13:35 CDT,96578,29.86,38.7,2.79,8.865,711.02,101421.78
TWB14,Uvalde_2020_02,29.60214,-99.73007,436.7784,6/28/21,p,2021,04/08/2021 13:40 CDT,96572,30.11,33.65,3.16,8.865,715.21,101412.93
TWB14,Uvalde_2020_02,29.60214,-99.73007,436.7784,6/28/21,p,2021,04/08/2021 13:45 CDT,96563,30.27,35.4,2.68,8.865,710.73,101399.72
TWB14,Uvalde_2020_02,29.60214,-99.73007,436.7784,6/28/21,p,2021,04/08/2021 13:50 CDT,96544,30.31,35.47,2.92,8.865,705.93,101379.28
TWB14,Uvalde_2020_02,29.60214,-99.73007,436.7784,6/28/21,p,2021,04/08/2021 13:55 CDT,96538,30.5,35.67,3.475,8.865,698.8,101369.89
TWB14,Uvalde_2020_02,29.60214,-99.73007,436.7784,6/28/21,p,2021,04/08/2021 14:00 CDT,96524,30.48,35.77,3.08,8.865,716.26,101352.92
TWB14,Uvalde_2020_02,29.60214,-99.73007,436.7784,6/28/21,p,2021,04/08/2021 14:05 CDT,96506,30.57,36.24,1.865,8.865,577.42,101334.82
TWB14,Uvalde_2020_02,29.60214,-99.73007,436.7784,6/28/21,p,2021,04/08/2021 14:10 CDT,96493,30.65,36.31,3.41,9.615,500.58,101319.23
TWB14,Uvalde_2020_02,29.60214,-99.73007,436.7784,6/28/21,p,2021,04/08/2021 14:15 CDT,96485,30.7,35.3,2.715,9.95,549.64,101311.16
TWB14,Uvalde_2020_02,29.60214,-99.73007,436.7784,6/28/21,p,2021,04/08/2021 14:20 CDT,96482,30.68,34.56,3.35,8.865,655.8,101308.02
TWB14,Uvalde_2020_02,29.60214,-99.73007,436.7784,6/28/21,p,2021,04/08/2021 14:25 CDT,96467,30.93,33.14,3.1,8.865,723.23,101286.63
TWB14,Uvalde_2020_02,29.60214,-99.73007,436.7784,6/28/21,p,2021,04/08/2021 14:30 CDT,96444,31.34,31.63,3.175,8.865,676.3,101257.82
TWB14,Uvalde_2020_02,29.60214,-99.73007,436.7784,6/28/21,p,2021,04/08/2021 14:35 CDT,96427,31.93,32.47,2.885,8.865,730.96,101231.59
TWB14,Uvalde_2020_02,29.60214,-99.73007,436.7784,6/28/21,p,2021,04/08/2021 14:40 CDT,96417,31.76,32.13,3.15,8.95,733.94,101219.81
TWB14,Uvalde_2020_02,29.60214,-99.73007,436.7784,6/28/21,p,2021,04/08/2021 14:45 CDT,96403,32.05,29.91,2.775,8.95,716.46,101204.34
TWB14,Uvalde_2020_02,29.60214,-99.73007,436.7784,6/28/21,p,2021,04/08/2021 14:50 CDT,96400,32.17,28.56,3.14,8.95,646.78,101197.52
TWB14,Uvalde_2020_02,29.60214,-99.73007,436.7784,6/28/21,p,2021,04/08/2021 14:55 CDT,96390,32,29.23,3.225,8.95,571.5,101188.78
TWB14,Uvalde_2020_02,29.60214,-99.73007,436.7784,6/28/21,p,2021,04/08/2021 15:00 CDT,96381,32.29,26.91,3.255,8.95,662.93,101176.31
TWB14,Uvalde_2020_02,29.60214,-99.73007,436.7784,6/28/21,p,2021,04/08/2021 15:05 CDT,96373,33.03,26.84,1.74,8.95,683.4,101159.93
TWB14,Uvalde_2020_02,29.60214,-99.73007,436.7784,6/28/21,p,2021,04/08/2021 15:10 CDT,96365,32.75,26.67,2.9,8.95,493.44,101151.05
TWB14,Uvalde_2020_02,29.60214,-99.73007,436.7784,6/28/21,p,2021,04/08/2021 15:15 CDT,96365,32.64,25.53,2.105,8.95,607.22,101155.06
TWB14,Uvalde_2020_02,29.60214,-99.73007,436.7784,6/28/21,p,2021,04/08/2021 15:20 CDT,96351,32.8,25.49,2.085,8.95,642.92,101137.01
TWB14,Uvalde_2020_02,29.60214,-99.73007,436.7784,6/28/21,p,2021,04/08/2021 15:25 CDT,96335,32.82,25.86,3.3,8.95,652.7,101117.66
TWB14,Uvalde_2020_02,29.60214,-99.73007,436.7784,6/28/21,p,2021,04/08/2021 15:30 CDT,96320,32.8,24.28,2.98,8.95,588.29,101102.42
TWB14,Uvalde_2020_02,29.60214,-99.73007,436.7784,6/28/21,p,2021,04/08/2021 15:35 CDT,96309,33,23.64,2.665,8.95,490.29,101088.97
TWB14,Uvalde_2020_02,29.60214,-99.73007,436.7784,6/28/21,p,2021,04/08/2021 15:40 CDT,96309,33.14,21.45,2.46,8.95,405.19,101088.52
TWB14,Uvalde_2020_02,29.60214,-99.73007,436.7784,6/28/21,p,2021,04/08/2021 15:45 CDT,96310,32.91,21.32,2.205,8.95,405.55,101093.07
TWB14,Uvalde_2020_02,29.60214,-99.73007,436.7784,6/28/21,p,2021,04/08/2021 15:50 CDT,96301,33.05,18.79,1.955,8.95,580.68,101083.66
TWB14,Uvalde_2020_02,29.60214,-99.73007,436.7784,6/28/21,p,2021,04/08/2021 15:55 CDT,96295,33.47,20.04,1.63,8.95,637.36,101072.09
TWB14,Uvalde_2020_02,29.60214,-99.73007,436.7784,6/28/21,p,2021,04/08/2021 16:00 CDT,96285,33.95,17.88,2.3,8.95,615.19,101052.27
TWB14,Uvalde_2020_02,29.60214,-99.73007,436.7784,6/28/21,p,2021,04/08/2021 16:05 CDT,96272,33.7,18.93,1.475,8.95,332.3,101038.93
TWB14,Uvalde_2020_02,29.60214,-99.73007,436.7784,6/28/21,p,2021,04/08/2021 16:10 CDT,96264,33.34,20.54,1.95,8.95,334.67,101037.01
TWB14,Uvalde_2020_02,29.60214,-99.73007,436.7784,6/28/21,p,2021,04/08/2021 16:15 CDT,96265,33.32,18.79,3.03,8.95,240.33,101039.35
TWB14,Uvalde_2020_02,29.60214,-99.73007,436.7784,6/28/21,p,2021,04/08/2021 16:20 CDT,96257,32.82,19.8,2.785,8.785,250.47,101040.01
TWB14,Uvalde_2020_02,29.60214,-99.73007,436.7784,6/28/21,p,2021,04/08/2021 16:25 CDT,96254,32.84,20.24,1.475,8.785,239.85,101038.77
TWB14,Uvalde_2020_02,29.60214,-99.73007,436.7784,6/28/21,p,2021,04/08/2021 16:30 CDT,96245,32.94,20.1,1.74,8.785,350.41,101028.05
TWB14,Uvalde_2020_02,29.60214,-99.73007,436.7784,6/28/21,p,2021,04/08/2021 16:35 CDT,96242,33.27,18.59,2.265,8.785,440.53,101020.62
TWB14,Uvalde_2020_02,29.60214,-99.73007,436.7784,6/28/21,p,2021,04/08/2021 16:40 CDT,96238,33.67,18.93,2.04,8.785,308.98,101009.27
TWB14,Uvalde_2020_02,29.60214,-99.73007,436.7784,6/28/21,p,2021,04/08/2021 16:45 CDT,96234,33.19,20.14,1.91,8.785,263.36,101009.34
TWB14,Uvalde_2020_02,29.60214,-99.73007,436.7784,6/28/21,p,2021,04/08/2021 16:50 CDT,96231,33.16,20.07,1.105,8.785,300.41,101008.89
TWB14,Uvalde_2020_02,29.60214,-99.73007,436.7784,6/28/21,p,2021,04/08/2021 16:55 CDT,96229,33.46,19.23,1.135,8.785,330.57,101003.63
TWB14,Uvalde_2020_02,29.60214,-99.73007,436.7784,6/28/21,p,2021,04/08/2021 17:00 CDT,96219,33.51,19.87,2.35,8.785,457.98,100990.26
TWB14,Uvalde_2020_02,29.60214,-99.73007,436.7784,6/28/21,p,2021,04/08/2021 17:05 CDT,96208,33.71,19.94,1.87,8.785,402.8,100976.34
TWB14,Uvalde_2020_02,29.60214,-99.73007,436.7784,6/28/21,p,2021,04/08/2021 17:10 CDT,96201,33.79,20.11,2.485,8.785,456.67,100965.98
TWB14,Uvalde_2020_02,29.60214,-99.73007,436.7784,6/28/21,p,2021,04/08/2021 17:15 CDT,96189,33.52,20.04,2.63,8.285,429.99,100956.71
TWB14,Uvalde_2020_02,29.60214,-99.73007,436.7784,6/28/21,p,2021,04/08/2021 17:20 CDT,96186,33.79,20.07,1.875,8.285,400.31,100952.61
TWB14,Uvalde_2020_02,29.60214,-99.73007,436.7784,6/28/21,p,2021,04/08/2021 17:25 CDT,96182,33.8,19.23,2.66,8.285,385.6,100945.1
TWB14,Uvalde_2020_02,29.60214,-99.73007,436.7784,6/28/21,p,2021,04/08/2021 17:30 CDT,96178,33.56,20.04,2.49,8.285,374.62,100944.37
TWB14,Uvalde_2020_02,29.60214,-99.73007,436.7784,6/28/21,p,2021,04/08/2021 17:35 CDT,96166,33.49,18.96,2.645,8.285,362.79,100932.59
TWB14,Uvalde_2020_02,29.60214,-99.73007,436.7784,6/28/21,p,2021,04/08/2021 17:40 CDT,96160,33.57,19.03,2.29,8.285,346.73,100926.92
TWB14,Uvalde_2020_02,29.60214,-99.73007,436.7784,6/28/21,p,2021,04/08/2021 17:45 CDT,96156,33.57,19.3,2.195,8.285,334.49,100921.77
TWB14,Uvalde_2020_02,29.60214,-99.73007,436.7784,6/28/21,p,2021,04/08/2021 17:50 CDT,96150,33.41,19.47,3.575,8.285,327.16,100917.53
TWB14,Uvalde_2020_02,29.60214,-99.73007,436.7784,6/28/21,p,2021,04/08/2021 17:55 CDT,96152,33.51,19.1,2.21,8.285,304.63,100920.59
TWB14,Uvalde_2020_02,29.60214,-99.73007,436.7784,6/28/21,p,2021,04/08/2021 18:00 CDT,96145,33.87,19.6,0.955,8.285,286.34,100910.06
TWB14,Uvalde_2020_02,29.60214,-99.73007,436.7784,6/28/21,p,2021,04/08/2021 18:05 CDT,96153,33.85,18.19,2.385,8.285,279.81,100916.58
TWB14,Uvalde_2020_02,29.60214,-99.73007,436.7784,6/28/21,p,2021,04/08/2021 18:10 CDT,96150,33.43,18.76,2.415,8.285,265.2,100918.81
TWB14,Uvalde_2020_02,29.60214,-99.73007,436.7784,6/28/21,p,2021,04/08/2021 18:15 CDT,96142,33.4,18.12,1.985,8.285,246.98,100911.53
TWB14,Uvalde_2020_02,29.60214,-99.73007,436.7784,6/28/21,p,2021,04/08/2021 18:20 CDT,96141,33.53,17.95,2.06,8.285,232.85,100909.69
TWB14,Uvalde_2020_02,29.60214,-99.73007,436.7784,6/28/21,p,2021,04/08/2021 18:25 CDT,96140,33.61,16.98,1.445,8.285,215.71,100908.34
TWB14,Uvalde_2020_02,29.60214,-99.73007,436.7784,6/28/21,p,2021,04/08/2021 18:30 CDT,96139,33.59,17.38,2.005,8.285,205.95,100906.33
TWB14,Uvalde_2020_02,29.60214,-99.73007,436.7784,6/28/21,p,2021,04/08/2021 18:35 CDT,96139,33.62,16.94,1.505,8.285,190.26,100906.18
TWB14,Uvalde_2020_02,29.60214,-99.73007,436.7784,6/28/21,p,2021,04/08/2021 18:40 CDT,96131,33.45,17.55,2.065,8.285,178.21,100899.52
TWB14,Uvalde_2020_02,29.60214,-99.73007,436.7784,6/28/21,p,2021,04/08/2021 18:45 CDT,96129,33.29,18.46,2.24,8.285,158.14,100900.42
TWB14,Uvalde_2020_02,29.60214,-99.73007,436.7784,6/28/21,p,2021,04/08/2021 18:50 CDT,96121,33.16,18.33,1.91,8.285,151.93,100894.89
TWB14,Uvalde_2020_02,29.60214,-99.73007,436.7784,6/28/21,p,2021,04/08/2021 18:55 CDT,96115,33.1,18.66,2.19,8.285,142.06,100890.17
TWB14,Uvalde_2020_02,29.60214,-99.73007,436.7784,6/28/21,p,2021,04/08/2021 19:00 CDT,96106,33.09,18.63,1.715,8.285,124.04,100881.84
TWB14,Uvalde_2020_02,29.60214,-99.73007,436.7784,6/28/21,p,2021,04/08/2021 19:05 CDT,96105,33,18.09,2.51,8.285,104.26,100882.07
TWB14,Uvalde_2020_02,29.60214,-99.73007,436.7784,6/28/21,p,2021,04/08/2021 19:10 CDT,96105,32.87,17.42,2.535,8.285,105.83,100885.11
TWB14,Uvalde_2020_02,29.60214,-99.73007,436.7784,6/28/21,p,2021,04/08/2021 19:15 CDT,96108,32.79,17.62,1.96,8.285,85.2,100889.85
TWB14,Uvalde_2020_02,29.60214,-99.73007,436.7784,6/28/21,p,2021,04/08/2021 19:20 CDT,96110,32.67,17.56,1.25,8.285,75.03,100893.87
TWB14,Uvalde_2020_02,29.60214,-99.73007,436.7784,6/28/21,p,2021,04/08/2021 19:25 CDT,96109,32.48,18.67,1.46,8.285,47.78,100896.16
TWB14,Uvalde_2020_02,29.60214,-99.73007,436.7784,6/28/21,p,2021,04/08/2021 19:30 CDT,96109,32.25,18.7,1.265,8.285,30.72,100900.48
TWB14,Uvalde_2020_02,29.60214,-99.73007,436.7784,6/28/21,p,2021,04/08/2021 19:35 CDT,96111,31.99,19.31,1.125,8.285,25.72,100907.38
TWB14,Uvalde_2020_02,29.60214,-99.73007,436.7784,6/28/21,p,2021,04/08/2021 19:40 CDT,96110,31.66,20.28,1.04,8.285,18.7,100911.14
TWB14,Uvalde_2020_02,29.60214,-99.73007,436.7784,6/28/21,p,2021,04/08/2021 19:45 CDT,96113,31.21,21.33,0.805,8.285,12.89,100922.33
TWB14,Uvalde_2020_02,29.60214,-99.73007,436.7784,6/28/21,p,2021,04/08/2021 19:50 CDT,96116,30.63,22.58,0.65,8.285,10.37,100935.17
TWB14,Uvalde_2020_02,29.60214,-99.73007,436.7784,6/28/21,p,2021,04/08/2021 19:55 CDT,96117,30.1,22.37,0.635,8.285,8.48,100946.29
TWB14,Uvalde_2020_02,29.60214,-99.73007,436.7784,6/28/21,p,2021,04/08/2021 20:00 CDT,96128,29.6,24.29,0.645,8.285,5.81,100967.77
TWB14,Uvalde_2020_02,29.60214,-99.73007,436.7784,6/28/21,p,2021,04/08/2021 20:05 CDT,96130,29.21,24.29,0.565,8.285,4.26,100978.88
TWB14,Uvalde_2020_02,29.60214,-99.73007,436.7784,6/28/21,p,2021,04/08/2021 20:10 CDT,96123,28.86,25.24,0.795,8.285,2.66,100979.4
TWB14,Uvalde_2020_02,29.60214,-99.73007,436.7784,6/28/21,p,2021,04/08/2021 20:15 CDT,96122,28.56,25.78,0.535,8.285,2.15,100985.43
TWB14,Uvalde_2020_02,29.60214,-99.73007,436.7784,6/28/21,p,2021,04/08/2021 20:20 CDT,96124,28.26,26.79,0.505,8.285,2.01,100994.63
TWB14,Uvalde_2020_02,29.60214,-99.73007,436.7784,6/28/21,p,2021,04/08/2021 20:25 CDT,96120,27.95,27.87,0.435,8.285,1.98,100998.21
TWB14,Uvalde_2020_02,29.60214,-99.73007,436.7784,6/28/21,p,2021,04/08/2021 20:30 CDT,96120,27.5,28.55,0.385,8.285,2.49,101006.35
TWB14,Uvalde_2020_02,29.60214,-99.73007,436.7784,6/28/21,p,2021,04/08/2021 20:35 CDT,96121,27.2,29.73,0.47,8.285,2.06,101014.57
TWB14,Uvalde_2020_02,29.60214,-99.73007,436.7784,6/28/21,p,2021,04/08/2021 20:40 CDT,96128,26.95,30.5,0.38,8.285,1.83,101028.28
TWB14,Uvalde_2020_02,29.60214,-99.73007,436.7784,6/28/21,p,2021,04/08/2021 20:45 CDT,96132,26.74,31.11,0.405,8.285,0.43,101037.67
TWB14,Uvalde_2020_02,29.60214,-99.73007,436.7784,6/28/21,p,2021,04/08/2021 20:50 CDT,96138,26.64,31.79,0.515,8.285,0.82,101046.66
TWB14,Uvalde_2020_02,29.60214,-99.73007,436.7784,6/28/21,p,2021,04/08/2021 20:55 CDT,96131,26.56,32.4,0.585,8.285,0.59,101041.99
TWB14,Uvalde_2020_02,29.60214,-99.73007,436.7784,6/28/21,p,2021,04/08/2021 21:00 CDT,96133,26.36,32.67,0.58,8.285,0.57,101047.8
TWB14,Uvalde_2020_02,29.60214,-99.73007,436.7784,6/28/21,p,2021,04/08/2021 21:05 CDT,96144,26.08,34.08,0.23,8.285,1.66,101064.24
TWB14,Uvalde_2020_02,29.60214,-99.73007,436.7784,6/28/21,p,2021,04/08/2021 21:10 CDT,96146,25.57,35.16,0.345,8.285,1.63,101073.27
TWB14,Uvalde_2020_02,29.60214,-99.73007,436.7784,6/28/21,p,2021,04/08/2021 21:15 CDT,96146,25.23,35.91,0.26,8.285,1.81,101080.55
TWB14,Uvalde_2020_02,29.60214,-99.73007,436.7784,6/28/21,p,2021,04/08/2021 21:20 CDT,96150,24.77,36.72,0.235,8.285,1.77,101091.05
TWB14,Uvalde_2020_02,29.60214,-99.73007,436.7784,6/28/21,p,2021,04/08/2021 21:25 CDT,96154,24.31,38.21,0.14,8.285,1.74,101101.55
TWB14,Uvalde_2020_02,29.60214,-99.73007,436.7784,6/28/21,p,2021,04/08/2021 21:30 CDT,96157,24.24,38.75,0.285,8.285,2.01,101110.68
TWB14,Uvalde_2020_02,29.60214,-99.73007,436.7784,6/28/21,p,2021,04/08/2021 21:35 CDT,96160,24.08,39.56,0.175,8.285,1.55,101118.46
TWB14,Uvalde_2020_02,29.60214,-99.73007,436.7784,6/28/21,p,2021,04/08/2021 21:40 CDT,96164,23.92,40.06,0.335,8.285,2.16,101126.44
TWB14,Uvalde_2020_02,29.60214,-99.73007,436.7784,6/28/21,p,2021,04/08/2021 21:45 CDT,96171,23.69,40.67,0.315,8.285,1.72,101138.61
TWB14,Uvalde_2020_02,29.60214,-99.73007,436.7784,6/28/21,p,2021,04/08/2021 21:50 CDT,96176,23.17,41.31,0.02,8.285,1.25,101148.34
TWB14,Uvalde_2020_02,29.60214,-99.73007,436.7784,6/28/21,p,2021,04/08/2021 21:55 CDT,96186,22.55,42.22,0.135,8.285,1.37,101164.2
TWB14,Uvalde_2020_02,29.60214,-99.73007,436.7784,6/28/21,p,2021,04/08/2021 22:00 CDT,96188,21.88,44.15,0.01,8.285,1.34,101171.83
TWB14,Uvalde_2020_02,29.60214,-99.73007,436.7784,6/28/21,p,2021,04/08/2021 22:05 CDT,96188,21.34,48.46,0.005,8.285,1.84,101176.66
TWB14,Uvalde_2020_02,29.60214,-99.73007,436.7784,6/28/21,p,2021,04/08/2021 22:10 CDT,96183,20.95,50.02,0.005,8.285,1.65,101176.77
TWB14,Uvalde_2020_02,29.60214,-99.73007,436.7784,6/28/21,p,2021,04/08/2021 22:15 CDT,96180,20.66,50.76,0,8.285,1.66,101178.66
TWB14,Uvalde_2020_02,29.60214,-99.73007,436.7784,6/28/21,p,2021,04/08/2021 22:20 CDT,96180,20.4,49.07,0,8.285,1.43,101183.73
TWB14,Uvalde_2020_02,29.60214,-99.73007,436.7784,6/28/21,p,2021,04/08/2021 22:25 CDT,96180,20.1,48.13,0,8.285,1.05,101188.81
TWB14,Uvalde_2020_02,29.60214,-99.73007,436.7784,6/28/21,p,2021,04/08/2021 22:30 CDT,96183,19.92,49.21,0,8.285,1.13,101195.81
TWB14,Uvalde_2020_02,29.60214,-99.73007,436.7784,6/28/21,p,2021,04/08/2021 22:35 CDT,96193,19.83,51.37,0.305,8.285,0.85,101210.53
TWB14,Uvalde_2020_02,29.60214,-99.73007,436.7784,6/28/21,p,2021,04/08/2021 22:40 CDT,96200,20.22,54.95,0.76,8.285,0.21,101220.33
TWB14,Uvalde_2020_02,29.60214,-99.73007,436.7784,6/28/21,p,2021,04/08/2021 22:45 CDT,96206,20.51,51.92,1.04,8.285,0,101227.19
TWB14,Uvalde_2020_02,29.60214,-99.73007,436.7784,6/28/21,p,2021,04/08/2021 22:50 CDT,96213,20.43,50.1,1.235,8.285,0,101234.92
TWB14,Uvalde_2020_02,29.60214,-99.73007,436.7784,6/28/21,p,2021,04/08/2021 22:55 CDT,96222,21.43,47.6,1.575,8.285,0,101233.7
TWB14,Uvalde_2020_02,29.60214,-99.73007,436.7784,6/28/21,p,2021,04/08/2021 23:00 CDT,96230,22.34,46.39,1.265,8.285,0,101220.85
TWB14,Uvalde_2020_02,29.60214,-99.73007,436.7784,6/28/21,p,2021,04/08/2021 23:05 CDT,96240,22.72,48.42,1.075,8.285,0,101221.3
TWB14,Uvalde_2020_02,29.60214,-99.73007,436.7784,6/28/21,p,2021,04/08/2021 23:10 CDT,96239,23.18,49.5,1.39,8.285,0,101210.4
TWB14,Uvalde_2020_02,29.60214,-99.73007,436.7784,6/28/21,p,2021,04/08/2021 23:15 CDT,96237,23.77,51.59,2.07,8.285,0,101194.2
TWB14,Uvalde_2020_02,29.60214,-99.73007,436.7784,6/28/21,p,2021,04/08/2021 23:20 CDT,96241,24.38,49.77,1.625,8.285,0,101181.17
TWB14,Uvalde_2020_02,29.60214,-99.73007,436.7784,6/28/21,p,2021,04/08/2021 23:25 CDT,96237,24.5,50.45,2.02,8.285,0,101171.69
TWB14,Uvalde_2020_02,29.60214,-99.73007,436.7784,6/28/21,p,2021,04/08/2021 23:30 CDT,96235,24.74,52.03,2.995,8.285,0,101164.32
TWB14,Uvalde_2020_02,29.60214,-99.73007,436.7784,6/28/21,p,2021,04/08/2021 23:35 CDT,96231,25,51.93,2.275,8.285,0,101152.33
TWB14,Uvalde_2020_02,29.60214,-99.73007,436.7784,6/28/21,p,2021,04/08/2021 23:40 CDT,96233,24.8,52.57,2.095,8.285,0,101155.61
TWB14,Uvalde_2020_02,29.60214,-99.73007,436.7784,6/28/21,p,2021,04/08/2021 23:45 CDT,96232,24.67,53.68,1.865,8.285,0,101156.58
TWB14,Uvalde_2020_02,29.60214,-99.73007,436.7784,6/28/21,p,2021,04/08/2021 23:50 CDT,96231,24.67,54.21,2.155,8.285,0,101156.2
TWB14,Uvalde_2020_02,29.60214,-99.73007,436.7784,6/28/21,p,2021,04/08/2021 23:55 CDT,96232,24.6,54.55,1.665,8.285,0,101157.42
TWB14,Uvalde_2020_02,29.60214,-99.73007,436.7784,6/28/21,p,2021,04/09/2021 00:00 CDT,96232,24.59,54.68,2.7,8.285,0,101158.27
TWB14,Uvalde_2020_02,29.60214,-99.73007,436.7784,6/28/21,p,2021,04/09/2021 00:05 CDT,96236,24.58,54.95,2.22,8.285,0,101161.96
TWB14,Uvalde_2020_02,29.60214,-99.73007,436.7784,6/28/21,p,2021,04/09/2021 00:10 CDT,96245,24.48,55.35,2.675,8.285,0,101172.94
TWB14,Uvalde_2020_02,29.60214,-99.73007,436.7784,6/28/21,p,2021,04/09/2021 00:15 CDT,96247,24.41,56.33,2.775,8.285,0,101175.37
TWB14,Uvalde_2020_02,29.60214,-99.73007,436.7784,6/28/21,p,2021,04/09/2021 00:20 CDT,96241,24.28,56.77,3.18,8.285,0,101170.93
TWB14,Uvalde_2020_02,29.60214,-99.73007,436.7784,6/28/21,p,2021,04/09/2021 00:25 CDT,96236,24.24,57.03,3.71,8.285,0,101166.35
TWB14,Uvalde_2020_02,29.60214,-99.73007,436.7784,6/28/21,p,2021,04/09/2021 00:30 CDT,96236,24.09,57.44,3.015,8.285,0,101168.21
TWB14,Uvalde_2020_02,29.60214,-99.73007,436.7784,6/28/21,p,2021,04/09/2021 00:35 CDT,96237,23.95,58.01,3.01,8.285,0,101171.8
TWB14,Uvalde_2020_02,29.60214,-99.73007,436.7784,6/28/21,p,2021,04/09/2021 00:40 CDT,96238,23.77,58.38,3.415,8.285,0,101175.91
TWB14,Uvalde_2020_02,29.60214,-99.73007,436.7784,6/28/21,p,2021,04/09/2021 00:45 CDT,96238,23.62,58.85,3.585,8.285,0,101178.29
TWB14,Uvalde_2020_02,29.60214,-99.73007,436.7784,6/28/21,p,2021,04/09/2021 00:50 CDT,96240,23.47,59.46,3.105,8.285,0.06,101182.77
TWB14,Uvalde_2020_02,29.60214,-99.73007,436.7784,6/28/21,p,2021,04/09/2021 00:55 CDT,96233,23.29,59.59,3.75,8.285,0,101178.65
TWB14,Uvalde_2020_02,29.60214,-99.73007,436.7784,6/28/21,p,2021,04/09/2021 01:00 CDT,96230,23.12,59.46,2.89,8.285,0,101178.23
TWB14,Uvalde_2020_02,29.60214,-99.73007,436.7784,6/28/21,p,2021,04/09/2021 01:05 CDT,96232,22.89,59.66,3.16,8.285,0.12,101183.75
TWB14,Uvalde_2020_02,29.60214,-99.73007,436.7784,6/28/21,p,2021,04/09/2021 01:10 CDT,96242,22.67,59.96,2.76,8.285,0.07,101198.54
TWB14,Uvalde_2020_02,29.60214,-99.73007,436.7784,6/28/21,p,2021,04/09/2021 01:15 CDT,96239,22.56,60.27,3.15,8.285,0.02,101197.44
TWB14,Uvalde_2020_02,29.60214,-99.73007,436.7784,6/28/21,p,2021,04/09/2021 01:20 CDT,96244,22.3,61.55,3.015,8.285,0.08,101206.46
TWB14,Uvalde_2020_02,29.60214,-99.73007,436.7784,6/28/21,p,2021,04/09/2021 01:25 CDT,96241,22.04,64.38,3.49,8.285,0.01,101207.58
TWB14,Uvalde_2020_02,29.60214,-99.73007,436.7784,6/28/21,p,2021,04/09/2021 01:30 CDT,96244,21.79,66.54,2.63,8.285,0.26,101214.68
TWB14,Uvalde_2020_02,29.60214,-99.73007,436.7784,6/28/21,p,2021,04/09/2021 01:35 CDT,96245,21.67,67.25,2.355,8.285,0.01,101218.66
TWB14,Uvalde_2020_02,29.60214,-99.73007,436.7784,6/28/21,p,2021,04/09/2021 01:40 CDT,96239,21.57,67.21,2.5,8.285,0,101214.42
TWB14,Uvalde_2020_02,29.60214,-99.73007,436.7784,6/28/21,p,2021,04/09/2021 01:45 CDT,96241,21.46,67.68,1.565,8.285,0.02,101218.07
TWB14,Uvalde_2020_02,29.60214,-99.73007,436.7784,6/28/21,p,2021,04/09/2021 01:50 CDT,96244,21.37,68.49,2.115,8.285,0.03,101223.82
TWB14,Uvalde_2020_02,29.60214,-99.73007,436.7784,6/28/21,p,2021,04/09/2021 01:55 CDT,96243,21.35,69.71,2.44,8.285,0,101222.93
TWB14,Uvalde_2020_02,29.60214,-99.73007,436.7784,6/28/21,p,2021,04/09/2021 02:00 CDT,96244,21.22,71.53,1.92,8.285,0,101225.35
TWB14,Uvalde_2020_02,29.60214,-99.73007,436.7784,6/28/21,p,2021,04/09/2021 02:05 CDT,96244,21.09,72.47,2.055,8.285,0,101227.94
TWB14,Uvalde_2020_02,29.60214,-99.73007,436.7784,6/28/21,p,2021,04/09/2021 02:10 CDT,96246,21,74.43,1.955,8.285,0,101231.59
TWB14,Uvalde_2020_02,29.60214,-99.73007,436.7784,6/28/21,p,2021,04/09/2021 02:15 CDT,96243,20.91,75.13,1.865,8.285,0,101229.82
TWB14,Uvalde_2020_02,29.60214,-99.73007,436.7784,6/28/21,p,2021,04/09/2021 02:20 CDT,96230,20.77,76.58,1.5,8.285,0,101218.57
TWB14,Uvalde_2020_02,29.60214,-99.73007,436.7784,6/28/21,p,2021,04/09/2021 02:25 CDT,96220,20.68,76.72,1.44,8.285,0,101209.61
TWB14,Uvalde_2020_02,29.60214,-99.73007,436.7784,6/28/21,p,2021,04/09/2021 02:30 CDT,96225,20.55,77.87,1.28,8.285,0.01,101216.95
TWB14,Uvalde_2020_02,29.60214,-99.73007,436.7784,6/28/21,p,2021,04/09/2021 02:35 CDT,96221,20.43,77.57,1.585,8.285,0,101215
TWB14,Uvalde_2020_02,29.60214,-99.73007,436.7784,6/28/21,p,2021,04/09/2021 02:40 CDT,96217,20.31,79.83,2.275,8.285,0,101213.04
TWB14,Uvalde_2020_02,29.60214,-99.73007,436.7784,6/28/21,p,2021,04/09/2021 02:45 CDT,96216,20.25,80.9,1.905,8.285,0,101212.86
TWB14,Uvalde_2020_02,29.60214,-99.73007,436.7784,6/28/21,p,2021,04/09/2021 02:50 CDT,96221,20.16,82.1,2.205,8.285,0,101219.85
TWB14,Uvalde_2020_02,29.60214,-99.73007,436.7784,6/28/21,p,2021,04/09/2021 02:55 CDT,96218,20.12,83.3,2.345,8.285,0,101217.04
TWB14,Uvalde_2020_02,29.60214,-99.73007,436.7784,6/28/21,p,2021,04/09/2021 03:00 CDT,96209,20.08,84.1,2.18,8.285,0,101208.26
TWB14,Uvalde_2020_02,29.60214,-99.73007,436.7784,6/28/21,p,2021,04/09/2021 03:05 CDT,96205,20.11,84.4,2.255,8.285,0,101203.53
TWB14,Uvalde_2020_02,29.60214,-99.73007,436.7784,6/28/21,p,2021,04/09/2021 03:10 CDT,96204,20.14,85.1,2.11,8.285,0,101201.95
TWB14,Uvalde_2020_02,29.60214,-99.73007,436.7784,6/28/21,p,2021,04/09/2021 03:15 CDT,96197,20.12,85.6,2.155,8.285,0,101194.58
TWB14,Uvalde_2020_02,29.60214,-99.73007,436.7784,6/28/21,p,2021,04/09/2021 03:20 CDT,96185,20.12,85.2,2.03,8.285,0,101182.13
TWB14,Uvalde_2020_02,29.60214,-99.73007,436.7784,6/28/21,p,2021,04/09/2021 03:25 CDT,96182,20.06,85.6,1.865,8.285,0,101179.85
TWB14,Uvalde_2020_02,29.60214,-99.73007,436.7784,6/28/21,p,2021,04/09/2021 03:30 CDT,96173,20.04,85.7,2.005,8.285,0,101171.08
TWB14,Uvalde_2020_02,29.60214,-99.73007,436.7784,6/28/21,p,2021,04/09/2021 03:35 CDT,96172,19.94,85.7,1.82,8.285,0,101171.94
TWB14,Uvalde_2020_02,29.60214,-99.73007,436.7784,6/28/21,p,2021,04/09/2021 03:40 CDT,96174,19.86,86.2,1.745,8.285,0,101175.44
TWB14,Uvalde_2020_02,29.60214,-99.73007,436.7784,6/28/21,p,2021,04/09/2021 03:45 CDT,96171,19.86,86,1.69,8.285,0,101172.64
TWB14,Uvalde_2020_02,29.60214,-99.73007,436.7784,6/28/21,p,2021,04/09/2021 03:50 CDT,96163,19.84,85.8,2.06,8.285,0,101164.57
TWB14,Uvalde_2020_02,29.60214,-99.73007,436.7784,6/28/21,p,2021,04/09/2021 03:55 CDT,96160,19.84,85.7,2.115,8.285,0,101161.24
TWB14,Uvalde_2020_02,29.60214,-99.73007,436.7784,6/28/21,p,2021,04/09/2021 04:00 CDT,96167,19.82,85.8,2.16,8.285,0,101168.95
TWB14,Uvalde_2020_02,29.60214,-99.73007,436.7784,6/28/21,p,2021,04/09/2021 04:05 CDT,96166,19.81,85.7,1.985,8.285,0,101167.9
TWB14,Uvalde_2020_02,29.60214,-99.73007,436.7784,6/28/21,p,2021,04/09/2021 04:10 CDT,96169,19.78,85.8,1.825,8.285,0,101171.58
TWB14,Uvalde_2020_02,29.60214,-99.73007,436.7784,6/28/21,p,2021,04/09/2021 04:15 CDT,96162,19.78,85.6,2.29,8.285,0,101164.57
TWB14,Uvalde_2020_02,29.60214,-99.73007,436.7784,6/28/21,p,2021,04/09/2021 04:20 CDT,96161,19.78,85.5,2.14,8.285,0,101163.34
TWB14,Uvalde_2020_02,29.60214,-99.73007,436.7784,6/28/21,p,2021,04/09/2021 04:25 CDT,96165,19.8,85.2,2.195,8.285,0,101167.03
TWB14,Uvalde_2020_02,29.60214,-99.73007,436.7784,6/28/21,p,2021,04/09/2021 04:30 CDT,96167,19.81,85.2,1.575,8.285,0,101168.78
TWB14,Uvalde_2020_02,29.60214,-99.73007,436.7784,6/28/21,p,2021,04/09/2021 04:35 CDT,96164,19.85,85.1,1.875,8.285,0,101164.75
TWB14,Uvalde_2020_02,29.60214,-99.73007,436.7784,6/28/21,p,2021,04/09/2021 04:40 CDT,96158,19.91,84.8,2.45,8.285,0,101157.75
TWB14,Uvalde_2020_02,29.60214,-99.73007,436.7784,6/28/21,p,2021,04/09/2021 04:45 CDT,96153,19.97,84.8,2.42,8.285,0,101151.09
TWB14,Uvalde_2020_02,29.60214,-99.73007,436.7784,6/28/21,p,2021,04/09/2021 04:50 CDT,96147,20,84.8,2.335,8.285,0,101144.08
TWB14,Uvalde_2020_02,29.60214,-99.73007,436.7784,6/28/21,p,2021,04/09/2021 04:55 CDT,96144,20.04,84.6,2.45,8.285,0,101140.05
TWB14,Uvalde_2020_02,29.60214,-99.73007,436.7784,6/28/21,p,2021,04/09/2021 05:00 CDT,96144,20.04,84.7,1.915,8.285,0,101139.88
TWB14,Uvalde_2020_02,29.60214,-99.73007,436.7784,6/28/21,p,2021,04/09/2021 05:05 CDT,96144,20,84.8,1.935,8.285,0,101140.4
TWB14,Uvalde_2020_02,29.60214,-99.73007,436.7784,6/28/21,p,2021,04/09/2021 05:10 CDT,96144,19.97,84.7,2.07,8.285,0,101141.1
TWB14,Uvalde_2020_02,29.60214,-99.73007,436.7784,6/28/21,p,2021,04/09/2021 05:15 CDT,96136,19.96,84.8,2.185,8.285,0,101133.03
TWB14,Uvalde_2020_02,29.60214,-99.73007,436.7784,6/28/21,p,2021,04/09/2021 05:20 CDT,96131,19.9,85,2.46,8.285,0,101128.82
TWB14,Uvalde_2020_02,29.60214,-99.73007,436.7784,6/28/21,p,2021,04/09/2021 05:25 CDT,96127,19.86,84.8,2.78,8.285,0,101125.48
TWB14,Uvalde_2020_02,29.60214,-99.73007,436.7784,6/28/21,p,2021,04/09/2021 05:30 CDT,96122,19.81,84.9,2.575,8.285,0,101120.92
TWB14,Uvalde_2020_02,29.60214,-99.73007,436.7784,6/28/21,p,2021,04/09/2021 05:35 CDT,96119,19.71,85.2,1.985,8.285,0.07,101119.51
TWB14,Uvalde_2020_02,29.60214,-99.73007,436.7784,6/28/21,p,2021,04/09/2021 05:40 CDT,96121,19.6,85.1,2.275,8.285,0,101123.71
TWB14,Uvalde_2020_02,29.60214,-99.73007,436.7784,6/28/21,p,2021,04/09/2021 05:45 CDT,96124,19.5,85,2.14,8.285,0,101128.61
TWB14,Uvalde_2020_02,29.60214,-99.73007,436.7784,6/28/21,p,2021,04/09/2021 05:50 CDT,96129,19.36,85.7,1.94,8.285,0.06,101136.5
TWB14,Uvalde_2020_02,29.60214,-99.73007,436.7784,6/28/21,p,2021,04/09/2021 05:55 CDT,96129,19.27,86.1,1.65,8.285,0,101138.25
TWB14,Uvalde_2020_02,29.60214,-99.73007,436.7784,6/28/21,p,2021,04/09/2021 06:00 CDT,96123,19.17,86.2,2.005,8.285,0,101133.86
TWB14,Uvalde_2020_02,29.60214,-99.73007,436.7784,6/28/21,p,2021,04/09/2021 06:05 CDT,96119,19.09,86.6,1.88,8.285,0,101131.23
TWB14,Uvalde_2020_02,29.60214,-99.73007,436.7784,6/28/21,p,2021,04/09/2021 06:10 CDT,96124,19.03,86.8,1.59,8.285,0,101137.37
TWB14,Uvalde_2020_02,29.60214,-99.73007,436.7784,6/28/21,p,2021,04/09/2021 06:15 CDT,96130,18.93,87.3,1.445,8.285,0,101145.43
TWB14,Uvalde_2020_02,29.60214,-99.73007,436.7784,6/28/21,p,2021,04/09/2021 06:20 CDT,96131,18.88,87.5,1.7,8.285,0,101147.71
TWB14,Uvalde_2020_02,29.60214,-99.73007,436.7784,6/28/21,p,2021,04/09/2021 06:25 CDT,96132,18.82,87.8,1.62,8.285,0,101149.64
TWB14,Uvalde_2020_02,29.60214,-99.73007,436.7784,6/28/21,p,2021,04/09/2021 06:30 CDT,96131,18.84,87.7,2.24,8.285,0,101148.77
TWB14,Uvalde_2020_02,29.60214,-99.73007,436.7784,6/28/21,p,2021,04/09/2021 06:35 CDT,96131,18.82,87.7,1.705,8.285,0,101148.77
TWB14,Uvalde_2020_02,29.60214,-99.73007,436.7784,6/28/21,p,2021,04/09/2021 06:40 CDT,96136,18.7,88.5,1.44,8.285,0,101155.78
TWB14,Uvalde_2020_02,29.60214,-99.73007,436.7784,6/28/21,p,2021,04/09/2021 06:45 CDT,96137,18.65,88.8,1.445,8.285,0,101158.24
TWB14,Uvalde_2020_02,29.60214,-99.73007,436.7784,6/28/21,p,2021,04/09/2021 06:50 CDT,96139,18.71,88.7,1.555,8.285,0,101159.82
TWB14,Uvalde_2020_02,29.60214,-99.73007,436.7784,6/28/21,p,2021,04/09/2021 06:55 CDT,96138,18.84,88.2,1.825,8.285,0,101156.48
TWB14,Uvalde_2020_02,29.60214,-99.73007,436.7784,6/28/21,p,2021,04/09/2021 07:00 CDT,96138,18.92,87.8,1.595,8.285,0,101155.08
TWB14,Uvalde_2020_02,29.60214,-99.73007,436.7784,6/28/21,p,2021,04/09/2021 07:05 CDT,96140,19,87.7,2.18,8.285,0,101155.42
TWB14,Uvalde_2020_02,29.60214,-99.73007,436.7784,6/28/21,p,2021,04/09/2021 07:10 CDT,96141,19.12,87.2,2.155,8.285,0,101154.55
TWB14,Uvalde_2020_02,29.60214,-99.73007,436.7784,6/28/21,p,2021,04/09/2021 07:15 CDT,96149,19.09,87.3,1.715,8.285,0.22,101162.61
TWB14,Uvalde_2020_02,29.60214,-99.73007,436.7784,6/28/21,p,2021,04/09/2021 07:20 CDT,96153,19.09,87.4,2.215,8.285,0.34,101166.82
TWB14,Uvalde_2020_02,29.60214,-99.73007,436.7784,6/28/21,p,2021,04/09/2021 07:25 CDT,96154,19.14,86.9,1.965,8.285,0.69,101167.35
TWB14,Uvalde_2020_02,29.60214,-99.73007,436.7784,6/28/21,p,2021,04/09/2021 07:30 CDT,96153,19.19,86.8,1.91,8.285,3.43,101164.89
TWB14,Uvalde_2020_02,29.60214,-99.73007,436.7784,6/28/21,p,2021,04/09/2021 07:35 CDT,96156,19.22,86.6,1.915,8.285,5.66,101167.53
TWB14,Uvalde_2020_02,29.60214,-99.73007,436.7784,6/28/21,p,2021,04/09/2021 07:40 CDT,96160,19.27,86.4,2.35,8.285,7.9,101170.68
TWB14,Uvalde_2020_02,29.60214,-99.73007,436.7784,6/28/21,p,2021,04/09/2021 07:45 CDT,96160,19.32,86.3,1.955,8.285,11.38,101169.63
TWB14,Uvalde_2020_02,29.60214,-99.73007,436.7784,6/28/21,p,2021,04/09/2021 07:50 CDT,96165,19.34,86.1,1.695,8.285,15.59,101174.72
TWB14,Uvalde_2020_02,29.60214,-99.73007,436.7784,6/28/21,p,2021,04/09/2021 07:55 CDT,96171,19.39,86,1.995,8.285,20.96,101180.16
TWB14,Uvalde_2020_02,29.60214,-99.73007,436.7784,6/28/21,p,2021,04/09/2021 08:00 CDT,96182,19.43,85.9,1.885,8.285,20.14,101190.68
TWB14,Uvalde_2020_02,29.60214,-99.73007,436.7784,6/28/21,p,2021,04/09/2021 08:05 CDT,96189,19.49,85.6,2.315,8.285,18.59,101196.82
TWB14,Uvalde_2020_02,29.60214,-99.73007,436.7784,6/28/21,p,2021,04/09/2021 08:10 CDT,96191,19.53,85.5,2.105,8.285,28.01,101198.05
TWB14,Uvalde_2020_02,29.60214,-99.73007,436.7784,6/28/21,p,2021,04/09/2021 08:15 CDT,96199,19.56,85.2,2.13,8.285,25.47,101206.12
TWB14,Uvalde_2020_02,29.60214,-99.73007,436.7784,6/28/21,p,2021,04/09/2021 08:20 CDT,96198,19.61,85.1,1.895,8.285,36.1,101204.02
TWB14,Uvalde_2020_02,29.60214,-99.73007,436.7784,6/28/21,p,2021,04/09/2021 08:25 CDT,96198,19.69,84.8,1.82,8.285,45.15,101202.62
TWB14,Uvalde_2020_02,29.60214,-99.73007,436.7784,6/28/21,p,2021,04/09/2021 08:30 CDT,96198,19.78,84.4,2.1,8.285,34.52,101200.7
TWB14,Uvalde_2020_02,29.60214,-99.73007,436.7784,6/28/21,p,2021,04/09/2021 08:35 CDT,96206,19.84,84.2,1.57,8.285,34.13,101208.42
TWB14,Uvalde_2020_02,29.60214,-99.73007,436.7784,6/28/21,p,2021,04/09/2021 08:40 CDT,96213,19.91,83.9,1.82,8.285,39.54,101214.39
TWB14,Uvalde_2020_02,29.60214,-99.73007,436.7784,6/28/21,p,2021,04/09/2021 08:45 CDT,96222,20,83.7,1.13,8.285,46.03,101221.94
TWB14,Uvalde_2020_02,29.60214,-99.73007,436.7784,6/28/21,p,2021,04/09/2021 08:50 CDT,96228,20.04,83.5,1.98,8.285,41.84,101227.21
TWB14,Uvalde_2020_02,29.60214,-99.73007,436.7784,6/28/21,p,2021,04/09/2021 08:55 CDT,96225,20.05,83.7,1.605,8.285,61.17,101223.87
TWB14,Uvalde_2020_02,29.60214,-99.73007,436.7784,6/28/21,p,2021,04/09/2021 09:00 CDT,96246,20.11,83.8,1.86,8.285,69.6,101244.4
TWB14,Uvalde_2020_02,29.60214,-99.73007,436.7784,6/28/21,p,2021,04/09/2021 09:05 CDT,96302,20.15,83.5,1.38,8.285,50.05,101302.61
TWB14,Uvalde_2020_02,29.60214,-99.73007,436.7784,6/28/21,p,2021,04/09/2021 09:10 CDT,96348,20.15,83.8,1.81,8.285,34.56,101350.47
TWB14,Uvalde_2020_02,29.60214,-99.73007,436.7784,6/28/21,p,2021,04/09/2021 09:15 CDT,96332,20.13,83.7,0.65,8.285,65.77,101334.51
TWB14,Uvalde_2020_02,29.60214,-99.73007,436.7784,6/28/21,p,2021,04/09/2021 09:20 CDT,96338,20.24,83.2,1.025,8.285,51.72,101338.91
TWB14,Uvalde_2020_02,29.60214,-99.73007,436.7784,6/28/21,p,2021,04/09/2021 09:25 CDT,96297,20.28,83.2,2.065,8.285,142.8,101295.09
TWB14,Uvalde_2020_02,29.60214,-99.73007,436.7784,6/28/21,p,2021,04/09/2021 09:30 CDT,96259,20.69,81.6,1.845,8.285,255.33,101249.21
TWB14,Uvalde_2020_02,29.60214,-99.73007,436.7784,6/28/21,p,2021,04/09/2021 09:35 CDT,96277,21.08,79.75,2.085,8.285,202.84,101259.83
TWB14,Uvalde_2020_02,29.60214,-99.73007,436.7784,6/28/21,p,2021,04/09/2021 09:40 CDT,96285,21.07,79.15,1.645,8.285,189.12,101266.87
TWB14,Uvalde_2020_02,29.60214,-99.73007,436.7784,6/28/21,p,2021,04/09/2021 09:45 CDT,96279,21.12,79.62,1.745,8.285,181.03,101258.13
TWB14,Uvalde_2020_02,29.60214,-99.73007,436.7784,6/28/21,p,2021,04/09/2021 09:50 CDT,96274,21.17,79.01,1.855,8.285,186.55,101251.84
TWB14,Uvalde_2020_02,29.60214,-99.73007,436.7784,6/28/21,p,2021,04/09/2021 09:55 CDT,96272,21.17,79.28,1.825,8.285,185.12,101250.25
TWB14,Uvalde_2020_02,29.60214,-99.73007,436.7784,6/28/21,p,2021,04/09/2021 10:00 CDT,96269,21.32,78.13,1.78,8.285,191.06,101246.24
TWB14,Uvalde_2020_02,29.60214,-99.73007,436.7784,6/28/21,p,2021,04/09/2021 10:05 CDT,96269,21.5,76.91,1.46,8.285,224.08,101243.14
TWB14,Uvalde_2020_02,29.60214,-99.73007,436.7784,6/28/21,p,2021,04/09/2021 10:10 CDT,96267,21.6,77.21,1.835,8.285,268.8,101238.45
TWB14,Uvalde_2020_02,29.60214,-99.73007,436.7784,6/28/21,p,2021,04/09/2021 10:15 CDT,96267,21.68,76.64,1.8,8.285,260.5,101235.7
TWB14,Uvalde_2020_02,29.60214,-99.73007,436.7784,6/28/21,p,2021,04/09/2021 10:20 CDT,96270,21.88,74.82,1.62,8.285,305.05,101236.11
TWB14,Uvalde_2020_02,29.60214,-99.73007,436.7784,6/28/21,p,2021,04/09/2021 10:25 CDT,96278,22.2,74.18,1.75,8.285,443.7,101239.37
TWB14,Uvalde_2020_02,29.60214,-99.73007,436.7784,6/28/21,p,2021,04/09/2021 10:30 CDT,96282,22.66,72.63,1.845,8.285,450.95,101236.39
TWB14,Uvalde_2020_02,29.60214,-99.73007,436.7784,6/28/21,p,2021,04/09/2021 10:35 CDT,96283,22.82,70.16,1.46,8.285,420.22,101234.04
TWB14,Uvalde_2020_02,29.60214,-99.73007,436.7784,6/28/21,p,2021,04/09/2021 10:40 CDT,96284,22.77,71.87,1.635,8.285,267.19,101234.05
TWB14,Uvalde_2020_02,29.60214,-99.73007,436.7784,6/28/21,p,2021,04/09/2021 10:45 CDT,96272,22.73,71.29,1.725,8.285,340.56,101223.15
TWB14,Uvalde_2020_02,29.60214,-99.73007,436.7784,6/28/21,p,2021,04/09/2021 10:50 CDT,96267,23.03,70.82,1.045,8.285,495.09,101213.97
TWB14,Uvalde_2020_02,29.60214,-99.73007,436.7784,6/28/21,p,2021,04/09/2021 10:55 CDT,96265,23.47,68.53,1.05,8.285,510.09,101206.77
TWB14,Uvalde_2020_02,29.60214,-99.73007,436.7784,6/28/21,p,2021,04/09/2021 11:00 CDT,96266,23.8,68.32,0.85,8.285,454.6,101202.38
TWB14,Uvalde_2020_02,29.60214,-99.73007,436.7784,6/28/21,p,2021,04/09/2021 11:05 CDT,96262,23.9,68.35,1.365,8.285,495.53,101194.1
TWB14,Uvalde_2020_02,29.60214,-99.73007,436.7784,6/28/21,p,2021,04/09/2021 11:10 CDT,96252,24.07,66.53,1.335,8.285,539,101180.38
TWB14,Uvalde_2020_02,29.60214,-99.73007,436.7784,6/28/21,p,2021,04/09/2021 11:15 CDT,96249,24.35,65.18,1.79,8.285,550.64,101169.29
TWB14,Uvalde_2020_02,29.60214,-99.73007,436.7784,6/28/21,p,2021,04/09/2021 11:20 CDT,96245,24.36,64.67,1.28,8.285,563.74,101165.76
TWB14,Uvalde_2020_02,29.60214,-99.73007,436.7784,6/28/21,p,2021,04/09/2021 11:25 CDT,96234,24.69,63.32,1.11,8.285,559.44,101151.34
TWB14,Uvalde_2020_02,29.60214,-99.73007,436.7784,6/28/21,p,2021,04/09/2021 11:30 CDT,96223,25.07,62.64,0.975,8.285,566.39,101133.38
TWB14,Uvalde_2020_02,29.60214,-99.73007,436.7784,6/28/21,p,2021,04/09/2021 11:35 CDT,96217,25.18,61.23,2.09,8.285,601.02,101121.21
TWB14,Uvalde_2020_02,29.60214,-99.73007,436.7784,6/28/21,p,2021,04/09/2021 11:40 CDT,96216,25.44,56.58,1.81,8.285,605.48,101117.51
TWB14,Uvalde_2020_02,29.60214,-99.73007,436.7784,6/28/21,p,2021,04/09/2021 11:45 CDT,96207,26.16,56.54,0.84,8.285,601.43,101099.69
TWB14,Uvalde_2020_02,29.60214,-99.73007,436.7784,6/28/21,p,2021,04/09/2021 11:50 CDT,96205,26.87,51.99,1.455,8.285,591.14,101084.3
TWB14,Uvalde_2020_02,29.60214,-99.73007,436.7784,6/28/21,p,2021,04/09/2021 11:55 CDT,96199,26.6,53.44,0.93,8.285,626.27,101078.49
TWB14,Uvalde_2020_02,29.60214,-99.73007,436.7784,6/28/21,p,2021,04/09/2021 12:00 CDT,96186,27.04,51.82,0.96,8.285,632.29,101061.52
TWB14,Uvalde_2020_02,29.60214,-99.73007,436.7784,6/28/21,p,2021,04/09/2021 12:05 CDT,96180,27.68,48.95,1.365,8.285,637.06,101045.48
TWB14,Uvalde_2020_02,29.60214,-99.73007,436.7784,6/28/21,p,2021,04/09/2021 12:10 CDT,96169,27.52,47.37,1.165,8.285,647.96,101033.11
TWB14,Uvalde_2020_02,29.60214,-99.73007,436.7784,6/28/21,p,2021,04/09/2021 12:15 CDT,96156,28.01,47.23,0.75,8.285,645.21,101012.69
TWB14,Uvalde_2020_02,29.60214,-99.73007,436.7784,6/28/21,p,2021,04/09/2021 12:20 CDT,96149,28.51,47.53,1.2,8.285,653.26,100996.63
TWB14,Uvalde_2020_02,29.60214,-99.73007,436.7784,6/28/21,p,2021,04/09/2021 12:25 CDT,96132,28.69,45.71,1.91,8.285,676.17,100973.05
TWB14,Uvalde_2020_02,29.60214,-99.73007,436.7784,6/28/21,p,2021,04/09/2021 12:30 CDT,96126,28.82,45.41,1.905,8.285,671.09,100962.02
TWB14,Uvalde_2020_02,29.60214,-99.73007,436.7784,6/28/21,p,2021,04/09/2021 12:35 CDT,96118,29.27,35.57,2.015,8.285,683.09,100949.97
TWB14,Uvalde_2020_02,29.60214,-99.73007,436.7784,6/28/21,p,2021,04/09/2021 12:40 CDT,96112,29.85,27.26,1.665,8.285,691.34,100937.25
TWB14,Uvalde_2020_02,29.60214,-99.73007,436.7784,6/28/21,p,2021,04/09/2021 12:45 CDT,96108,30.49,29.07,3.485,8.285,707.37,100921.19
TWB14,Uvalde_2020_02,29.60214,-99.73007,436.7784,6/28/21,p,2021,04/09/2021 12:50 CDT,96099,30.77,26.04,3.47,8.285,707.57,100907.09
TWB14,Uvalde_2020_02,29.60214,-99.73007,436.7784,6/28/21,p,2021,04/09/2021 12:55 CDT,96092,31.23,25.6,3.985,8.285,720.73,100891.21
TWB14,Uvalde_2020_02,29.60214,-99.73007,436.7784,6/28/21,p,2021,04/09/2021 13:00 CDT,96087,31.46,22.4,2.59,8.285,710.19,100883.43
TWB14,Uvalde_2020_02,29.60214,-99.73007,436.7784,6/28/21,p,2021,04/09/2021 13:05 CDT,96084,31.29,26.68,3.65,8.285,733.11,100880.23
TWB14,Uvalde_2020_02,29.60214,-99.73007,436.7784,6/28/21,p,2021,04/09/2021 13:10 CDT,96080,31.23,25.2,4.175,8.285,734.71,100877.17
TWB14,Uvalde_2020_02,29.60214,-99.73007,436.7784,6/28/21,p,2021,04/09/2021 13:15 CDT,96066,31.1,26.38,4.025,8.285,728.04,100865.83
TWB14,Uvalde_2020_02,29.60214,-99.73007,436.7784,6/28/21,p,2021,04/09/2021 13:20 CDT,96053,31.28,27.08,2.825,8.285,720.36,100851.69
TWB14,Uvalde_2020_02,29.60214,-99.73007,436.7784,6/28/21,p,2021,04/09/2021 13:25 CDT,96038,31.64,25.67,3.95,8.285,723.22,100828.09
TWB14,Uvalde_2020_02,29.60214,-99.73007,436.7784,6/28/21,p,2021,04/09/2021 13:30 CDT,96033,31.84,27.12,2.025,8.285,714.7,100819.78
TWB14,Uvalde_2020_02,29.60214,-99.73007,436.7784,6/28/21,p,2021,04/09/2021 13:35 CDT,96030,32.07,27.65,2.52,8.285,724.07,100813.27
TWB14,Uvalde_2020_02,29.60214,-99.73007,436.7784,6/28/21,p,2021,04/09/2021 13:40 CDT,96015,31.99,24.66,2.81,8.285,727.97,100799.32
TWB14,Uvalde_2020_02,29.60214,-99.73007,436.7784,6/28/21,p,2021,04/09/2021 13:45 CDT,96003,32.52,20.42,2.73,8.285,720.95,100779.75
TWB14,Uvalde_2020_02,29.60214,-99.73007,436.7784,6/28/21,p,2021,04/09/2021 13:50 CDT,95988,32.67,22.2,3.32,8.285,724.28,100760.48
TWB14,Uvalde_2020_02,29.60214,-99.73007,436.7784,6/28/21,p,2021,04/09/2021 13:55 CDT,95989,32.99,18.83,3.825,8.285,739.1,100755.53
TWB14,Uvalde_2020_02,29.60214,-99.73007,436.7784,6/28/21,p,2021,04/09/2021 14:00 CDT,95974,32.81,19.24,4.06,8.285,735.28,100741.68
TWB14,Uvalde_2020_02,29.60214,-99.73007,436.7784,6/28/21,p,2021,04/09/2021 14:05 CDT,95958,32.94,18.49,3.105,8.285,727.91,100724.58
TWB14,Uvalde_2020_02,29.60214,-99.73007,436.7784,6/28/21,p,2021,04/09/2021 14:10 CDT,95946,33.52,16.71,2.825,8.285,722.71,100704.24
TWB14,Uvalde_2020_02,29.60214,-99.73007,436.7784,6/28/21,p,2021,04/09/2021 14:15 CDT,95939,33.58,16.84,4.02,8.95,727.76,100694.68
TWB14,Uvalde_2020_02,29.60214,-99.73007,436.7784,6/28/21,p,2021,04/09/2021 14:20 CDT,95934,33.55,16,3.72,8.465,724.89,100688.97
TWB14,Uvalde_2020_02,29.60214,-99.73007,436.7784,6/28/21,p,2021,04/09/2021 14:25 CDT,95921,33.88,14.42,2.9,8.465,720.44,100672.82
TWB14,Uvalde_2020_02,29.60214,-99.73007,436.7784,6/28/21,p,2021,04/09/2021 14:30 CDT,95921,34.37,13.75,3.03,8.465,720.84,100664.32
TWB14,Uvalde_2020_02,29.60214,-99.73007,436.7784,6/28/21,p,2021,04/09/2021 14:35 CDT,95927,34.39,10.89,5.255,9.45,739.99,100667.83
TWB14,Uvalde_2020_02,29.60214,-99.73007,436.7784,6/28/21,p,2021,04/09/2021 14:40 CDT,95921,34.02,10.82,3.085,9.365,723.45,100667.19
TWB14,Uvalde_2020_02,29.60214,-99.73007,436.7784,6/28/21,p,2021,04/09/2021 14:45 CDT,95907,34.15,9.67,3.95,9.365,723.27,100652.52
TWB14,Uvalde_2020_02,29.60214,-99.73007,436.7784,6/28/21,p,2021,04/09/2021 14:50 CDT,95911,34.57,10.68,4.05,9.035,717.1,100651.36
TWB14,Uvalde_2020_02,29.60214,-99.73007,436.7784,6/28/21,p,2021,04/09/2021 14:55 CDT,95915,34.37,11.19,3.445,9.035,707.99,100655.23
TWB14,Uvalde_2020_02,29.60214,-99.73007,436.7784,6/28/21,p,2021,04/09/2021 15:00 CDT,95911,34.23,10.14,4.33,13.195,706.49,100655.61
TWB14,Uvalde_2020_02,29.60214,-99.73007,436.7784,6/28/21,p,2021,04/09/2021 15:05 CDT,95908,34.32,9.94,3.635,9.765,696.05,100649.79
TWB14,Uvalde_2020_02,29.60214,-99.73007,436.7784,6/28/21,p,2021,04/09/2021 15:10 CDT,95898,34.41,10.68,2.725,9.765,681.89,100638.81
TWB14,Uvalde_2020_02,29.60214,-99.73007,436.7784,6/28/21,p,2021,04/09/2021 15:15 CDT,95898,34.93,10.01,4.3,10.265,692.09,100630.82
TWB14,Uvalde_2020_02,29.60214,-99.73007,436.7784,6/28/21,p,2021,04/09/2021 15:20 CDT,95889,34.57,9.88,3.955,8.8,685.45,100624.83
TWB14,Uvalde_2020_02,29.60214,-99.73007,436.7784,6/28/21,p,2021,04/09/2021 15:25 CDT,95890,34.77,9.91,3.825,9.215,672.93,100623.21
TWB14,Uvalde_2020_02,29.60214,-99.73007,436.7784,6/28/21,p,2021,04/09/2021 15:30 CDT,95886,34.62,10.11,5.31,10.05,678.32,100621.52
TWB14,Uvalde_2020_02,29.60214,-99.73007,436.7784,6/28/21,p,2021,04/09/2021 15:35 CDT,95895,34.42,10.25,6.275,10.765,672.61,100633.63
TWB14,Uvalde_2020_02,29.60214,-99.73007,436.7784,6/28/21,p,2021,04/09/2021 15:40 CDT,95888,34.55,9.94,5.425,11.08,655.95,100627.23
TWB14,Uvalde_2020_02,29.60214,-99.73007,436.7784,6/28/21,p,2021,04/09/2021 15:45 CDT,95876,34.43,11.96,4.215,11.08,641.7,100615.39
TWB14,Uvalde_2020_02,29.60214,-99.73007,436.7784,6/28/21,p,2021,04/09/2021 15:50 CDT,95874,34.86,10.68,3.84,11.08,622.76,100607.35
TWB14,Uvalde_2020_02,29.60214,-99.73007,436.7784,6/28/21,p,2021,04/09/2021 15:55 CDT,95880,34.34,11.73,7.025,11.08,637.63,100619.44
TWB14,Uvalde_2020_02,29.60214,-99.73007,436.7784,6/28/21,p,2021,04/09/2021 16:00 CDT,95869,34.11,12.3,4.225,11.08,609.15,100613.07
TWB14,Uvalde_2020_02,29.60214,-99.73007,436.7784,6/28/21,p,2021,04/09/2021 16:05 CDT,95851,34.61,12.1,3.495,11.08,593.85,100587.11
TWB14,Uvalde_2020_02,29.60214,-99.73007,436.7784,6/28/21,p,2021,04/09/2021 16:10 CDT,95839,34.76,12.33,2.95,11.08,582.32,100572.17
TWB14,Uvalde_2020_02,29.60214,-99.73007,436.7784,6/28/21,p,2021,04/09/2021 16:15 CDT,95837,35.13,11.76,3.72,11.08,584.14,100563.19
TWB14,Uvalde_2020_02,29.60214,-99.73007,436.7784,6/28/21,p,2021,04/09/2021 16:20 CDT,95837,35.12,9.77,4.185,10.16,575.64,100564.78
TWB14,Uvalde_2020_02,29.60214,-99.73007,436.7784,6/28/21,p,2021,04/09/2021 16:25 CDT,95835,35.2,9.98,3.585,10.16,560.38,100560.96
TWB14,Uvalde_2020_02,29.60214,-99.73007,436.7784,6/28/21,p,2021,04/09/2021 16:30 CDT,95823,35.07,10.92,3.635,10.16,552.2,100549.61
TWB14,Uvalde_2020_02,29.60214,-99.73007,436.7784,6/28/21,p,2021,04/09/2021 16:35 CDT,95815,35.15,9.1,5.22,10.41,547.06,100540.46
TWB14,Uvalde_2020_02,29.60214,-99.73007,436.7784,6/28/21,p,2021,04/09/2021 16:40 CDT,95811,35.18,9.54,4.945,11.08,529.07,100537.03
TWB14,Uvalde_2020_02,29.60214,-99.73007,436.7784,6/28/21,p,2021,04/09/2021 16:45 CDT,95806,35.11,9.47,4.48,9.785,514.85,100532.57
TWB14,Uvalde_2020_02,29.60214,-99.73007,436.7784,6/28/21,p,2021,04/09/2021 16:50 CDT,95793,35.13,8.73,3.655,9.785,497.93,100517.53
TWB14,Uvalde_2020_02,29.60214,-99.73007,436.7784,6/28/21,p,2021,04/09/2021 16:55 CDT,95788,35.46,8.87,2.94,9.785,480.44,100508.54
TWB14,Uvalde_2020_02,29.60214,-99.73007,436.7784,6/28/21,p,2021,04/09/2021 17:00 CDT,95787,35.52,8.13,4.07,9.785,480.84,100505.01
TWB14,Uvalde_2020_02,29.60214,-99.73007,436.7784,6/28/21,p,2021,04/09/2021 17:05 CDT,95779,35.39,8.5,5.13,9.785,472.85,100498.94
TWB14,Uvalde_2020_02,29.60214,-99.73007,436.7784,6/28/21,p,2021,04/09/2021 17:10 CDT,95772,35.66,7.45,4.81,9.365,455.22,100488.5
TWB14,Uvalde_2020_02,29.60214,-99.73007,436.7784,6/28/21,p,2021,04/09/2021 17:15 CDT,95771,35.53,8.13,4.72,9.365,441.51,100488.84
TWB14,Uvalde_2020_02,29.60214,-99.73007,436.7784,6/28/21,p,2021,04/09/2021 17:20 CDT,95773,35.61,8.36,4.36,9.365,428.21,100490.94
TWB14,Uvalde_2020_02,29.60214,-99.73007,436.7784,6/28/21,p,2021,04/09/2021 17:25 CDT,95764,35.54,8.66,2.775,9.365,408.79,100481.96
TWB14,Uvalde_2020_02,29.60214,-99.73007,436.7784,6/28/21,p,2021,04/09/2021 17:30 CDT,95756,35.79,6.98,2.455,9.365,393.72,100470.94
TWB14,Uvalde_2020_02,29.60214,-99.73007,436.7784,6/28/21,p,2021,04/09/2021 17:35 CDT,95778,35.82,6.58,5.595,11.41,394.07,100493.1
TWB14,Uvalde_2020_02,29.60214,-99.73007,436.7784,6/28/21,p,2021,04/09/2021 17:40 CDT,95791,35.71,6.54,4.835,10.03,374.82,100508.76
TWB14,Uvalde_2020_02,29.60214,-99.73007,436.7784,6/28/21,p,2021,04/09/2021 17:45 CDT,95789,35.47,7.25,4.825,9.785,358.36,100509.46
TWB14,Uvalde_2020_02,29.60214,-99.73007,436.7784,6/28/21,p,2021,04/09/2021 17:50 CDT,95792,35.69,6.98,3.755,9.785,339.38,100510.43
TWB14,Uvalde_2020_02,29.60214,-99.73007,436.7784,6/28/21,p,2021,04/09/2021 17:55 CDT,95801,35.48,7.08,5.175,11.745,333.23,100522.05
TWB14,Uvalde_2020_02,29.60214,-99.73007,436.7784,6/28/21,p,2021,04/09/2021 18:00 CDT,95800,35.27,7.01,5.53,10.2,317.79,100525.06
TWB14,Uvalde_2020_02,29.60214,-99.73007,436.7784,6/28/21,p,2021,04/09/2021 18:05 CDT,95811,35.13,6.58,5.39,10.03,301.92,100539.42
TWB14,Uvalde_2020_02,29.60214,-99.73007,436.7784,6/28/21,p,2021,04/09/2021 18:10 CDT,95817,35.24,6.48,3.605,10.03,280.49,100544.78
TWB14,Uvalde_2020_02,29.60214,-99.73007,436.7784,6/28/21,p,2021,04/09/2021 18:15 CDT,95816,35.25,7.29,3.585,10.03,266.23,100543.25
TWB14,Uvalde_2020_02,29.60214,-99.73007,436.7784,6/28/21,p,2021,04/09/2021 18:20 CDT,95828,35.04,6.61,5.535,10.43,258.6,100558.67
TWB14,Uvalde_2020_02,29.60214,-99.73007,436.7784,6/28/21,p,2021,04/09/2021 18:25 CDT,95837,34.78,6.61,5.035,9.535,242.62,100572.34
TWB14,Uvalde_2020_02,29.60214,-99.73007,436.7784,6/28/21,p,2021,04/09/2021 18:30 CDT,95839,34.63,6.95,5.57,9.535,226.56,100576.95
TWB14,Uvalde_2020_02,29.60214,-99.73007,436.7784,6/28/21,p,2021,04/09/2021 18:35 CDT,95842,34.51,7.39,5.005,9.535,210.53,100582.92
TWB14,Uvalde_2020_02,29.60214,-99.73007,436.7784,6/28/21,p,2021,04/09/2021 18:40 CDT,95851,34.62,7.49,3,9.535,191.1,100591.89
TWB14,Uvalde_2020_02,29.60214,-99.73007,436.7784,6/28/21,p,2021,04/09/2021 18:45 CDT,95857,34.58,6.95,4.84,9.535,178.86,100597.72
TWB14,Uvalde_2020_02,29.60214,-99.73007,436.7784,6/28/21,p,2021,04/09/2021 18:50 CDT,95863,34.42,6.98,5,9.535,164.31,100606.69
TWB14,Uvalde_2020_02,29.60214,-99.73007,436.7784,6/28/21,p,2021,04/09/2021 18:55 CDT,95862,34.28,7.49,4.895,10.535,148,100608.16
TWB14,Uvalde_2020_02,29.60214,-99.73007,436.7784,6/28/21,p,2021,04/09/2021 19:00 CDT,95866,34.2,7.32,4.105,10.535,131.82,100613.93
TWB14,Uvalde_2020_02,29.60214,-99.73007,436.7784,6/28/21,p,2021,04/09/2021 19:05 CDT,95871,34.13,7.08,4.43,10.535,119.75,100620.6
TWB14,Uvalde_2020_02,29.60214,-99.73007,436.7784,6/28/21,p,2021,04/09/2021 19:10 CDT,95882,34.04,7.96,3.155,10.535,105.01,100633.87
TWB14,Uvalde_2020_02,29.60214,-99.73007,436.7784,6/28/21,p,2021,04/09/2021 19:15 CDT,95888,33.92,7.66,4.435,10.535,91.74,100642.22
TWB14,Uvalde_2020_02,29.60214,-99.73007,436.7784,6/28/21,p,2021,04/09/2021 19:20 CDT,95893,33.73,8.13,3.74,10.535,75.79,100650.47
TWB14,Uvalde_2020_02,29.60214,-99.73007,436.7784,6/28/21,p,2021,04/09/2021 19:25 CDT,95906,33.51,7.52,3.84,10.535,36.91,100668.88
TWB14,Uvalde_2020_02,29.60214,-99.73007,436.7784,6/28/21,p,2021,04/09/2021 19:30 CDT,95910,33.44,8.37,3.15,10.535,28.73,100674.49
TWB14,Uvalde_2020_02,29.60214,-99.73007,436.7784,6/28/21,p,2021,04/09/2021 19:35 CDT,95908,33.17,8.53,2.625,10.535,24.69,100677.47
TWB14,Uvalde_2020_02,29.60214,-99.73007,436.7784,6/28/21,p,2021,04/09/2021 19:40 CDT,95911,32.78,8.8,2.555,10.535,20.59,100686.98
TWB14,Uvalde_2020_02,29.60214,-99.73007,436.7784,6/28/21,p,2021,04/09/2021 19:45 CDT,95920,32.54,9.14,2.39,10.535,15.79,100701.38
TWB14,Uvalde_2020_02,29.60214,-99.73007,436.7784,6/28/21,p,2021,04/09/2021 19:50 CDT,95923,32.14,9.54,1.795,10.535,13.31,100711.24
TWB14,Uvalde_2020_02,29.60214,-99.73007,436.7784,6/28/21,p,2021,04/09/2021 19:55 CDT,95927,31.62,10.08,1.075,10.535,10.88,100722.82
TWB14,Uvalde_2020_02,29.60214,-99.73007,436.7784,6/28/21,p,2021,04/09/2021 20:00 CDT,95936,31.17,10.82,1.125,10.535,7.65,100740.31
TWB14,Uvalde_2020_02,29.60214,-99.73007,436.7784,6/28/21,p,2021,04/09/2021 20:05 CDT,95943,30.62,11.5,0.595,10.535,5.97,100758.16
TWB14,Uvalde_2020_02,29.60214,-99.73007,436.7784,6/28/21,p,2021,04/09/2021 20:10 CDT,95948,30.01,12.21,0.33,10.535,4.22,100775.09
TWB14,Uvalde_2020_02,29.60214,-99.73007,436.7784,6/28/21,p,2021,04/09/2021 20:15 CDT,95957,29.24,12.91,0.125,10.535,3.98,100795.47
TWB14,Uvalde_2020_02,29.60214,-99.73007,436.7784,6/28/21,p,2021,04/09/2021 20:20 CDT,95960,28.55,13.99,0.155,10.535,4.09,100811.07
TWB14,Uvalde_2020_02,29.60214,-99.73007,436.7784,6/28/21,p,2021,04/09/2021 20:25 CDT,95963,28.02,16.22,0.23,10.535,3.53,100827.56
TWB14,Uvalde_2020_02,29.60214,-99.73007,436.7784,6/28/21,p,2021,04/09/2021 20:30 CDT,95975,27.04,16.55,0.42,10.535,1.61,100856.42
TWB14,Uvalde_2020_02,29.60214,-99.73007,436.7784,6/28/21,p,2021,04/09/2021 20:35 CDT,95989,26.28,19.32,0.18,10.535,2.31,100884.96
TWB14,Uvalde_2020_02,29.60214,-99.73007,436.7784,6/28/21,p,2021,04/09/2021 20:40 CDT,95998,25.46,18.38,0.4,10.535,1.47,100906.85
TWB14,Uvalde_2020_02,29.60214,-99.73007,436.7784,6/28/21,p,2021,04/09/2021 20:45 CDT,96001,25.04,19.96,0.38,10.535,1.63,100919.27
TWB14,Uvalde_2020_02,29.60214,-99.73007,436.7784,6/28/21,p,2021,04/09/2021 20:50 CDT,96011,24.63,20.16,0.285,10.535,1.33,100939.26
TWB14,Uvalde_2020_02,29.60214,-99.73007,436.7784,6/28/21,p,2021,04/09/2021 20:55 CDT,96022,23.93,22.19,0.225,10.535,1.61,100960.66
TWB14,Uvalde_2020_02,29.60214,-99.73007,436.7784,6/28/21,p,2021,04/09/2021 21:00 CDT,96034,23.35,22.42,0.28,10.535,1.42,100983.69
TWB14,Uvalde_2020_02,29.60214,-99.73007,436.7784,6/28/21,p,2021,04/09/2021 21:05 CDT,96040,22.96,22.26,0.515,10.535,0.4,100998.57
TWB14,Uvalde_2020_02,29.60214,-99.73007,436.7784,6/28/21,p,2021,04/09/2021 21:10 CDT,96050,22.57,23.51,0.385,10.535,0.59,101014.4
TWB14,Uvalde_2020_02,29.60214,-99.73007,436.7784,6/28/21,p,2021,04/09/2021 21:15 CDT,96062,22.25,23.48,0.19,10.535,1.54,101032.88
TWB14,Uvalde_2020_02,29.60214,-99.73007,436.7784,6/28/21,p,2021,04/09/2021 21:20 CDT,96074,21.76,24.19,0.295,10.535,1.12,101050.68
TWB14,Uvalde_2020_02,29.60214,-99.73007,436.7784,6/28/21,p,2021,04/09/2021 21:25 CDT,96077,21.28,25.6,0.24,10.535,0.81,101062.3
TWB14,Uvalde_2020_02,29.60214,-99.73007,436.7784,6/28/21,p,2021,04/09/2021 21:30 CDT,96087,20.87,25.53,0.465,10.535,0.15,101079.42
TWB14,Uvalde_2020_02,29.60214,-99.73007,436.7784,6/28/21,p,2021,04/09/2021 21:35 CDT,96091,20.42,27.76,0.195,10.535,0.95,101089.71
TWB14,Uvalde_2020_02,29.60214,-99.73007,436.7784,6/28/21,p,2021,04/09/2021 21:40 CDT,96098,19.96,26.85,0.06,10.535,1.48,101103.89
TWB14,Uvalde_2020_02,29.60214,-99.73007,436.7784,6/28/21,p,2021,04/09/2021 21:45 CDT,96109,19.63,27.36,0.065,10.535,1.36,101121.06
TWB14,Uvalde_2020_02,29.60214,-99.73007,436.7784,6/28/21,p,2021,04/09/2021 21:50 CDT,96115,19.37,28.2,0.035,10.535,1.41,101130.88
TWB14,Uvalde_2020_02,29.60214,-99.73007,436.7784,6/28/21,p,2021,04/09/2021 21:55 CDT,96125,19.24,29.39,0,10.535,1.23,101144.9
TWB14,Uvalde_2020_02,29.60214,-99.73007,436.7784,6/28/21,p,2021,04/09/2021 22:00 CDT,96129,19.06,29.93,0,10.535,0.57,101152.8
TWB14,Uvalde_2020_02,29.60214,-99.73007,436.7784,6/28/21,p,2021,04/09/2021 22:05 CDT,96143,18.8,31.07,0.19,10.535,0.07,101172.82
TWB14,Uvalde_2020_02,29.60214,-99.73007,436.7784,6/28/21,p,2021,04/09/2021 22:10 CDT,96144,18.92,30.94,0.17,10.535,0.34,101177.22
TWB14,Uvalde_2020_02,29.60214,-99.73007,436.7784,6/28/21,p,2021,04/09/2021 22:15 CDT,96152,18.72,29.8,0.065,10.535,0.03,101190.78
TWB14,Uvalde_2020_02,29.60214,-99.73007,436.7784,6/28/21,p,2021,04/09/2021 22:20 CDT,96162,18.37,30.34,0.175,10.535,0.5,101205.2
TWB14,Uvalde_2020_02,29.60214,-99.73007,436.7784,6/28/21,p,2021,04/09/2021 22:25 CDT,96165,18.24,31.76,0.395,10.535,0.98,101211.9
TWB14,Uvalde_2020_02,29.60214,-99.73007,436.7784,6/28/21,p,2021,04/09/2021 22:30 CDT,96169,18.29,30.38,0.495,10.535,0.29,101217.53
TWB14,Uvalde_2020_02,29.60214,-99.73007,436.7784,6/28/21,p,2021,04/09/2021 22:35 CDT,96174,18.88,30.61,0.92,10.535,0,101213.22
TWB14,Uvalde_2020_02,29.60214,-99.73007,436.7784,6/28/21,p,2021,04/09/2021 22:40 CDT,96181,19.06,31.22,0.675,10.535,0,101213.51
TWB14,Uvalde_2020_02,29.60214,-99.73007,436.7784,6/28/21,p,2021,04/09/2021 22:45 CDT,96178,18.87,31.35,0.425,10.535,0.17,101212.47
TWB14,Uvalde_2020_02,29.60214,-99.73007,436.7784,6/28/21,p,2021,04/09/2021 22:50 CDT,96178,18.67,31.83,0.46,10.535,0.53,101217.24
TWB14,Uvalde_2020_02,29.60214,-99.73007,436.7784,6/28/21,p,2021,04/09/2021 22:55 CDT,96186,18.07,33.79,0.535,10.535,0.11,101239.32
TWB14,Uvalde_2020_02,29.60214,-99.73007,436.7784,6/28/21,p,2021,04/09/2021 23:00 CDT,96197,18.01,33.52,0.685,10.535,0.09,101254.29
TWB14,Uvalde_2020_02,29.60214,-99.73007,436.7784,6/28/21,p,2021,04/09/2021 23:05 CDT,96201,18.02,32.27,0.54,10.535,0.04,101256.72
TWB14,Uvalde_2020_02,29.60214,-99.73007,436.7784,6/28/21,p,2021,04/09/2021 23:10 CDT,96203,17.77,32.27,0.255,10.535,0.26,101259.89
TWB14,Uvalde_2020_02,29.60214,-99.73007,436.7784,6/28/21,p,2021,04/09/2021 23:15 CDT,96209,17.55,32.91,0.43,10.535,0.17,101269.06
TWB14,Uvalde_2020_02,29.60214,-99.73007,436.7784,6/28/21,p,2021,04/09/2021 23:20 CDT,96211,17.54,31.77,1.045,10.535,0,101269.39
TWB14,Uvalde_2020_02,29.60214,-99.73007,436.7784,6/28/21,p,2021,04/09/2021 23:25 CDT,96208,17.68,32.44,0.675,10.535,0,101260.53
TWB14,Uvalde_2020_02,29.60214,-99.73007,436.7784,6/28/21,p,2021,04/09/2021 23:30 CDT,96216,17.4,32.68,0.395,10.535,0,101273.75
TWB14,Uvalde_2020_02,29.60214,-99.73007,436.7784,6/28/21,p,2021,04/09/2021 23:35 CDT,96221,17.01,34,0.12,10.535,0.21,101283.47
TWB14,Uvalde_2020_02,29.60214,-99.73007,436.7784,6/28/21,p,2021,04/09/2021 23:40 CDT,96229,16.77,34.81,0.085,10.535,1.08,101297.43
TWB14,Uvalde_2020_02,29.60214,-99.73007,436.7784,6/28/21,p,2021,04/09/2021 23:45 CDT,96231,16.56,35.08,0.28,10.535,0.17,101303.12
TWB14,Uvalde_2020_02,29.60214,-99.73007,436.7784,6/28/21,p,2021,04/09/2021 23:50 CDT,96234,16.53,35.95,0.595,10.535,0.23,101308.06
TWB14,Uvalde_2020_02,29.60214,-99.73007,436.7784,6/28/21,p,2021,04/09/2021 23:55 CDT,96240,16.41,36.56,0.255,10.535,0.36,101318.15
TWB14,Uvalde_2020_02,29.60214,-99.73007,436.7784,6/28/21,p,2021,04/10/2021 00:00 CDT,96247,16.14,37.85,0.245,10.535,0.82,101331.81
TWB14,Uvalde_2020_02,29.60214,-99.73007,436.7784,6/28/21,p,2021,04/10/2021 00:05 CDT,96280,15.9,39.44,1.71,10.535,0.09,101370.33
TWB14,Uvalde_2020_02,29.60214,-99.73007,436.7784,6/28/21,p,2021,04/10/2021 00:10 CDT,96307,16.92,30.63,2.745,10.535,0,101386.55
TWB14,Uvalde_2020_02,29.60214,-99.73007,436.7784,6/28/21,p,2021,04/10/2021 00:15 CDT,96320,18.47,31.31,3.205,10.535,0,101366.86
TWB14,Uvalde_2020_02,29.60214,-99.73007,436.7784,6/28/21,p,2021,04/10/2021 00:20 CDT,96328,18.28,30.63,2.92,10.535,0,101371.74
TWB14,Uvalde_2020_02,29.60214,-99.73007,436.7784,6/28/21,p,2021,04/10/2021 00:25 CDT,96341,18.61,28.74,2.86,10.535,0,101382.96
TWB14,Uvalde_2020_02,29.60214,-99.73007,436.7784,6/28/21,p,2021,04/10/2021 00:30 CDT,96342,19.09,28.54,1.82,10.535,0,101376.59
TWB14,Uvalde_2020_02,29.60214,-99.73007,436.7784,6/28/21,p,2021,04/10/2021 00:35 CDT,96341,19,28.94,2.47,10.535,0,101375.71
TWB14,Uvalde_2020_02,29.60214,-99.73007,436.7784,6/28/21,p,2021,04/10/2021 00:40 CDT,96343,19.26,27.86,2.6,10.535,0,101376.41
TWB14,Uvalde_2020_02,29.60214,-99.73007,436.7784,6/28/21,p,2021,04/10/2021 00:45 CDT,96347,19.36,28.34,2.365,10.535,0,101376.04
TWB14,Uvalde_2020_02,29.60214,-99.73007,436.7784,6/28/21,p,2021,04/10/2021 00:50 CDT,96347,18.88,29.38,2.635,10.535,0,101379.03
TWB14,Uvalde_2020_02,29.60214,-99.73007,436.7784,6/28/21,p,2021,04/10/2021 00:55 CDT,96347,18.71,29.21,2.51,10.535,0.03,101385.38
TWB14,Uvalde_2020_02,29.60214,-99.73007,436.7784,6/28/21,p,2021,04/10/2021 01:00 CDT,96346,18.92,29.27,2.035,10.535,0.07,101384.5
TWB14,Uvalde_2020_02,29.60214,-99.73007,436.7784,6/28/21,p,2021,04/10/2021 01:05 CDT,96354,19.11,27.82,2.55,10.535,0,101391.69
TWB14,Uvalde_2020_02,29.60214,-99.73007,436.7784,6/28/21,p,2021,04/10/2021 01:10 CDT,96361,19.78,27.08,3.025,10.535,0,101384.63
TWB14,Uvalde_2020_02,29.60214,-99.73007,436.7784,6/28/21,p,2021,04/10/2021 01:15 CDT,96363,20.23,26.64,3.115,10.535,0,101377.09
TWB14,Uvalde_2020_02,29.60214,-99.73007,436.7784,6/28/21,p,2021,04/10/2021 01:20 CDT,96370,20.41,26.94,3.005,10.535,0,101379.91
TWB14,Uvalde_2020_02,29.60214,-99.73007,436.7784,6/28/21,p,2021,04/10/2021 01:25 CDT,96375,21.01,26.81,2.97,10.535,0,101376.63
TWB14,Uvalde_2020_02,29.60214,-99.73007,436.7784,6/28/21,p,2021,04/10/2021 01:30 CDT,96380,21.27,27.11,2.97,10.535,0,101374.59
TWB14,Uvalde_2020_02,29.60214,-99.73007,436.7784,6/28/21,p,2021,04/10/2021 01:35 CDT,96384,20.93,28.67,2.83,10.535,0.1,101380.7
TWB14,Uvalde_2020_02,29.60214,-99.73007,436.7784,6/28/21,p,2021,04/10/2021 01:40 CDT,96384,20.61,29.54,2.565,10.535,0.05,101386.95
TWB14,Uvalde_2020_02,29.60214,-99.73007,436.7784,6/28/21,p,2021,04/10/2021 01:45 CDT,96383,20.57,30.28,2.13,10.535,0.06,101387.46
TWB14,Uvalde_2020_02,29.60214,-99.73007,436.7784,6/28/21,p,2021,04/10/2021 01:50 CDT,96389,20.7,30.62,1.52,10.535,0,101393.25
TWB14,Uvalde_2020_02,29.60214,-99.73007,436.7784,6/28/21,p,2021,04/10/2021 01:55 CDT,96387,20.51,32.03,0.71,10.535,1.29,101393.05
TWB14,Uvalde_2020_02,29.60214,-99.73007,436.7784,6/28/21,p,2021,04/10/2021 02:00 CDT,96399,19.84,33.08,0.715,10.535,1.86,101419.31
TWB14,Uvalde_2020_02,29.60214,-99.73007,436.7784,6/28/21,p,2021,04/10/2021 02:05 CDT,96405,19.5,34.06,0.645,10.535,1.39,101433.34
TWB14,Uvalde_2020_02,29.60214,-99.73007,436.7784,6/28/21,p,2021,04/10/2021 02:10 CDT,96405,19.42,36.29,1.36,10.535,0.47,101440.02
TWB14,Uvalde_2020_02,29.60214,-99.73007,436.7784,6/28/21,p,2021,04/10/2021 02:15 CDT,96405,20.17,35.95,1.515,7.45,0,101430.34
TWB14,Uvalde_2020_02,29.60214,-99.73007,436.7784,6/28/21,p,2021,04/10/2021 02:20 CDT,96407,20.81,34.46,2.06,7.45,0,101420.54
TWB14,Uvalde_2020_02,29.60214,-99.73007,436.7784,6/28/21,p,2021,04/10/2021 02:25 CDT,96404,21.93,33.52,2.43,7.45,0,101391.3
TWB14,Uvalde_2020_02,29.60214,-99.73007,436.7784,6/28/21,p,2021,04/10/2021 02:30 CDT,96405,22.03,33.45,2.08,7.45,0,101386.65
TWB14,Uvalde_2020_02,29.60214,-99.73007,436.7784,6/28/21,p,2021,04/10/2021 02:35 CDT,96403,22.21,33.72,2.62,7.45,0,101380.4
TWB14,Uvalde_2020_02,29.60214,-99.73007,436.7784,6/28/21,p,2021,04/10/2021 02:40 CDT,96402,22.23,33.72,2.76,7.45,0,101377.97
TWB14,Uvalde_2020_02,29.60214,-99.73007,436.7784,6/28/21,p,2021,04/10/2021 02:45 CDT,96407,22.25,34.39,2.845,7.45,0,101381.5
TWB14,Uvalde_2020_02,29.60214,-99.73007,436.7784,6/28/21,p,2021,04/10/2021 02:50 CDT,96415,22.12,35.07,1.89,7.45,0.01,101391.29
TWB14,Uvalde_2020_02,29.60214,-99.73007,436.7784,6/28/21,p,2021,04/10/2021 02:55 CDT,96422,21.92,35.54,1.93,7.45,0.28,101401.92
TWB14,Uvalde_2020_02,29.60214,-99.73007,436.7784,6/28/21,p,2021,04/10/2021 03:00 CDT,96426,21.83,35.87,1.855,7.45,0.04,101407.33
TWB14,Uvalde_2020_02,29.60214,-99.73007,436.7784,6/28/21,p,2021,04/10/2021 03:05 CDT,96426,21.39,37.7,1.44,7.45,0.99,101413.89
TWB14,Uvalde_2020_02,29.60214,-99.73007,436.7784,6/28/21,p,2021,04/10/2021 03:10 CDT,96428,21.02,38.51,1.16,7.45,0.68,101423.78
TWB14,Uvalde_2020_02,29.60214,-99.73007,436.7784,6/28/21,p,2021,04/10/2021 03:15 CDT,96436,21,38.91,1.785,7.45,0,101434.28
TWB14,Uvalde_2020_02,29.60214,-99.73007,436.7784,6/28/21,p,2021,04/10/2021 03:20 CDT,96438,20.91,39.11,1.81,7.45,0.06,101437.77
TWB14,Uvalde_2020_02,29.60214,-99.73007,436.7784,6/28/21,p,2021,04/10/2021 03:25 CDT,96444,20.92,39.55,2.805,7.45,0,101444.08
TWB14,Uvalde_2020_02,29.60214,-99.73007,436.7784,6/28/21,p,2021,04/10/2021 03:30 CDT,96451,20.97,40.43,2.64,7.45,0,101450.4
TWB14,Uvalde_2020_02,29.60214,-99.73007,436.7784,6/28/21,p,2021,04/10/2021 03:35 CDT,96462,20.82,40.39,2.92,7.45,0,101464.23
TWB14,Uvalde_2020_02,29.60214,-99.73007,436.7784,6/28/21,p,2021,04/10/2021 03:40 CDT,96476,20.58,41.14,2.235,7.45,0.1,101481.38
TWB14,Uvalde_2020_02,29.60214,-99.73007,436.7784,6/28/21,p,2021,04/10/2021 03:45 CDT,96479,20.37,41.41,2.735,7.45,0.07,101488.72
TWB14,Uvalde_2020_02,29.60214,-99.73007,436.7784,6/28/21,p,2021,04/10/2021 03:50 CDT,96479,20.41,40.9,2.995,7.45,0,101488.9
TWB14,Uvalde_2020_02,29.60214,-99.73007,436.7784,6/28/21,p,2021,04/10/2021 03:55 CDT,96488,20.28,40.97,2.56,7.45,0,101499.24
TWB14,Uvalde_2020_02,29.60214,-99.73007,436.7784,6/28/21,p,2021,04/10/2021 04:00 CDT,96507,20.14,41,3.385,8.785,0,101521.85
TWB14,Uvalde_2020_02,29.60214,-99.73007,436.7784,6/28/21,p,2021,04/10/2021 04:05 CDT,96511,19.97,41.54,2.92,8.785,0,101529.37
TWB14,Uvalde_2020_02,29.60214,-99.73007,436.7784,6/28/21,p,2021,04/10/2021 04:10 CDT,96522,19.85,41.34,2.8,8.785,0.02,101542.87
TWB14,Uvalde_2020_02,29.60214,-99.73007,436.7784,6/28/21,p,2021,04/10/2021 04:15 CDT,96532,19.71,40.66,3.22,8.785,0,101555.85
TWB14,Uvalde_2020_02,29.60214,-99.73007,436.7784,6/28/21,p,2021,04/10/2021 04:20 CDT,96541,19.51,40.63,3.575,8.785,0,101568.3
TWB14,Uvalde_2020_02,29.60214,-99.73007,436.7784,6/28/21,p,2021,04/10/2021 04:25 CDT,96546,19.28,40.93,2.765,8.785,0.05,101577.43
TWB14,Uvalde_2020_02,29.60214,-99.73007,436.7784,6/28/21,p,2021,04/10/2021 04:30 CDT,96546,19.12,41.47,3.1,8.785,0,101580.59
TWB14,Uvalde_2020_02,29.60214,-99.73007,436.7784,6/28/21,p,2021,04/10/2021 04:35 CDT,96555,19.02,41.95,3.795,9.535,0,101591.64
TWB14,Uvalde_2020_02,29.60214,-99.73007,436.7784,6/28/21,p,2021,04/10/2021 04:40 CDT,96560,18.79,42.62,2.875,8.465,0.03,101600.6
TWB14,Uvalde_2020_02,29.60214,-99.73007,436.7784,6/28/21,p,2021,04/10/2021 04:45 CDT,96568,18.74,42.49,3.715,8.465,0,101610.61
TWB14,Uvalde_2020_02,29.60214,-99.73007,436.7784,6/28/21,p,2021,04/10/2021 04:50 CDT,96575,18.58,42.49,3.225,8.465,0,101620.27
TWB14,Uvalde_2020_02,29.60214,-99.73007,436.7784,6/28/21,p,2021,04/10/2021 04:55 CDT,96587,18.44,42.82,3.725,8.8,0,101635.2
TWB14,Uvalde_2020_02,29.60214,-99.73007,436.7784,6/28/21,p,2021,04/10/2021 05:00 CDT,96585,18.28,43.03,3.975,8.55,0,101636.28
TWB14,Uvalde_2020_02,29.60214,-99.73007,436.7784,6/28/21,p,2021,04/10/2021 05:05 CDT,96578,18.08,43.03,4.12,8.55,0,101632.46
TWB14,Uvalde_2020_02,29.60214,-99.73007,436.7784,6/28/21,p,2021,04/10/2021 05:10 CDT,96578,17.96,43.09,3.87,8.55,0,101634.59
TWB14,Uvalde_2020_02,29.60214,-99.73007,436.7784,6/28/21,p,2021,04/10/2021 05:15 CDT,96580,17.86,42.69,4.6,8.55,0,101638.83
TWB14,Uvalde_2020_02,29.60214,-99.73007,436.7784,6/28/21,p,2021,04/10/2021 05:20 CDT,96582,17.63,43.06,3.515,8.55,0.12,101643.95
TWB14,Uvalde_2020_02,29.60214,-99.73007,436.7784,6/28/21,p,2021,04/10/2021 05:25 CDT,96586,17.52,43.03,4.28,8.55,0,101651.19
TWB14,Uvalde_2020_02,29.60214,-99.73007,436.7784,6/28/21,p,2021,04/10/2021 05:30 CDT,96588,17.37,42.82,3.745,8.55,0,101655.61
TWB14,Uvalde_2020_02,29.60214,-99.73007,436.7784,6/28/21,p,2021,04/10/2021 05:35 CDT,96589,17.29,42.62,4.335,9.55,0,101658.45
TWB14,Uvalde_2020_02,29.60214,-99.73007,436.7784,6/28/21,p,2021,04/10/2021 05:40 CDT,96594,17.25,42.28,5.19,10.685,0,101664.6
TWB14,Uvalde_2020_02,29.60214,-99.73007,436.7784,6/28/21,p,2021,04/10/2021 05:45 CDT,96595,17.17,42.72,4.295,10.265,0,101666.37
TWB14,Uvalde_2020_02,29.60214,-99.73007,436.7784,6/28/21,p,2021,04/10/2021 05:50 CDT,96606,17.04,42.96,4.635,10.265,0,101680.45
TWB14,Uvalde_2020_02,29.60214,-99.73007,436.7784,6/28/21,p,2021,04/10/2021 05:55 CDT,96614,16.79,43.7,3.97,11.185,0.31,101692.8
TWB14,Uvalde_2020_02,29.60214,-99.73007,436.7784,6/28/21,p,2021,04/10/2021 06:00 CDT,96627,16.67,43.3,5.225,11.185,0,101709.71
TWB14,Uvalde_2020_02,29.60214,-99.73007,436.7784,6/28/21,p,2021,04/10/2021 06:05 CDT,96645,16.58,43.77,3.875,10.515,0,101729.55
TWB14,Uvalde_2020_02,29.60214,-99.73007,436.7784,6/28/21,p,2021,04/10/2021 06:10 CDT,96650,16.37,43.71,3.63,10.515,0.01,101738.58
TWB14,Uvalde_2020_02,29.60214,-99.73007,436.7784,6/28/21,p,2021,04/10/2021 06:15 CDT,96661,16.38,44.05,3.505,10.515,0.02,101750.34
TWB14,Uvalde_2020_02,29.60214,-99.73007,436.7784,6/28/21,p,2021,04/10/2021 06:20 CDT,96672,16.22,43.91,3.84,9.615,0.08,101764.44
TWB14,Uvalde_2020_02,29.60214,-99.73007,436.7784,6/28/21,p,2021,04/10/2021 06:25 CDT,96675,16.12,43.91,3.955,9.615,0,101769.57
TWB14,Uvalde_2020_02,29.60214,-99.73007,436.7784,6/28/21,p,2021,04/10/2021 06:30 CDT,96684,16,43.91,3.595,9.615,0,101781.39
TWB14,Uvalde_2020_02,29.60214,-99.73007,436.7784,6/28/21,p,2021,04/10/2021 06:35 CDT,96693,15.9,43.98,3.645,9.615,0,101792.85
TWB14,Uvalde_2020_02,29.60214,-99.73007,436.7784,6/28/21,p,2021,04/10/2021 06:40 CDT,96701,15.84,44.22,3.805,9.785,0,101802.35
TWB14,Uvalde_2020_02,29.60214,-99.73007,436.7784,6/28/21,p,2021,04/10/2021 06:45 CDT,96703,15.69,44.52,3.76,9.285,0,101806.8
TWB14,Uvalde_2020_02,29.60214,-99.73007,436.7784,6/28/21,p,2021,04/10/2021 06:50 CDT,96707,15.61,44.73,4.015,9.285,0,101812.46
TWB14,Uvalde_2020_02,29.60214,-99.73007,436.7784,6/28/21,p,2021,04/10/2021 06:55 CDT,96708,15.45,44.93,4.02,9.285,0,101816.58
TWB14,Uvalde_2020_02,29.60214,-99.73007,436.7784,6/28/21,p,2021,04/10/2021 07:00 CDT,96707,15.3,45.6,3.455,9.285,0,101817.88
TWB14,Uvalde_2020_02,29.60214,-99.73007,436.7784,6/28/21,p,2021,04/10/2021 07:05 CDT,96708,15.11,46.11,3.825,9.285,0,101822.19
TWB14,Uvalde_2020_02,29.60214,-99.73007,436.7784,6/28/21,p,2021,04/10/2021 07:10 CDT,96708,15.01,46.35,3.62,9.285,0.09,101824.55
TWB14,Uvalde_2020_02,29.60214,-99.73007,436.7784,6/28/21,p,2021,04/10/2021 07:15 CDT,96719,14.83,46.85,3.15,9.285,0.72,101839.04
TWB14,Uvalde_2020_02,29.60214,-99.73007,436.7784,6/28/21,p,2021,04/10/2021 07:20 CDT,96729,14.76,46.35,3.945,9.285,0.85,101851.39
TWB14,Uvalde_2020_02,29.60214,-99.73007,436.7784,6/28/21,p,2021,04/10/2021 07:25 CDT,96738,14.76,46.14,4.165,9.285,3.14,101860.87
TWB14,Uvalde_2020_02,29.60214,-99.73007,436.7784,6/28/21,p,2021,04/10/2021 07:30 CDT,96750,14.73,46.28,3.43,9.365,6.99,101873.68
TWB14,Uvalde_2020_02,29.60214,-99.73007,436.7784,6/28/21,p,2021,04/10/2021 07:35 CDT,96759,14.66,46.69,3.01,9.785,10.74,101884.61
TWB14,Uvalde_2020_02,29.60214,-99.73007,436.7784,6/28/21,p,2021,04/10/2021 07:40 CDT,96768,14.58,46.68,2.635,9.365,14.52,101895.91
TWB14,Uvalde_2020_02,29.60214,-99.73007,436.7784,6/28/21,p,2021,04/10/2021 07:45 CDT,96782,14.57,46.69,2.915,9.365,17.68,101911.02
TWB14,Uvalde_2020_02,29.60214,-99.73007,436.7784,6/28/21,p,2021,04/10/2021 07:50 CDT,96799,14.54,46.96,2.96,8.865,21.55,101929.28
TWB14,Uvalde_2020_02,29.60214,-99.73007,436.7784,6/28/21,p,2021,04/10/2021 07:55 CDT,96828,14.56,46.97,3.105,8.865,24.93,101959.45
TWB14,Uvalde_2020_02,29.60214,-99.73007,436.7784,6/28/21,p,2021,04/10/2021 08:00 CDT,96856,14.54,47.58,2.315,8.865,29.89,101989.12
TWB14,Uvalde_2020_02,29.60214,-99.73007,436.7784,6/28/21,p,2021,04/10/2021 08:05 CDT,96879,14.57,47.71,3.09,8.865,49.53,102013.88
TWB14,Uvalde_2020_02,29.60214,-99.73007,436.7784,6/28/21,p,2021,04/10/2021 08:10 CDT,96888,14.68,47.1,3.005,8.865,80.01,102021.54
TWB14,Uvalde_2020_02,29.60214,-99.73007,436.7784,6/28/21,p,2021,04/10/2021 08:15 CDT,96891,14.77,47.38,2.645,8.865,93.7,102022.14
TWB14,Uvalde_2020_02,29.60214,-99.73007,436.7784,6/28/21,p,2021,04/10/2021 08:20 CDT,96901,14.79,47.1,2.705,8.865,107.86,102031.58
TWB14,Uvalde_2020_02,29.60214,-99.73007,436.7784,6/28/21,p,2021,04/10/2021 08:25 CDT,96904,14.91,47.07,3.63,8.865,122.94,102032.74
TWB14,Uvalde_2020_02,29.60214,-99.73007,436.7784,6/28/21,p,2021,04/10/2021 08:30 CDT,96903,15,46.36,3.59,8.865,137.01,102029.51
TWB14,Uvalde_2020_02,29.60214,-99.73007,436.7784,6/28/21,p,2021,04/10/2021 08:35 CDT,96905,15.07,46.02,3.64,8.865,150.69,102029.79
TWB14,Uvalde_2020_02,29.60214,-99.73007,436.7784,6/28/21,p,2021,04/10/2021 08:40 CDT,96908,15.08,46.22,4.015,8.865,166.68,102032.41
TWB14,Uvalde_2020_02,29.60214,-99.73007,436.7784,6/28/21,p,2021,04/10/2021 08:45 CDT,96916,15.19,46.01,3.825,8.865,179.72,102038.83
TWB14,Uvalde_2020_02,29.60214,-99.73007,436.7784,6/28/21,p,2021,04/10/2021 08:50 CDT,96921,15.24,46.01,4.21,8.865,194.68,102042.46
TWB14,Uvalde_2020_02,29.60214,-99.73007,436.7784,6/28/21,p,2021,04/10/2021 08:55 CDT,96924,15.3,45.4,3.695,8.865,205.26,102044.72
TWB14,Uvalde_2020_02,29.60214,-99.73007,436.7784,6/28/21,p,2021,04/10/2021 09:00 CDT,96939,15.42,44.8,3.895,8.865,219.73,102057.79
TWB14,Uvalde_2020_02,29.60214,-99.73007,436.7784,6/28/21,p,2021,04/10/2021 09:05 CDT,96951,15.61,44.46,3.11,8.865,231.57,102067.71
TWB14,Uvalde_2020_02,29.60214,-99.73007,436.7784,6/28/21,p,2021,04/10/2021 09:10 CDT,96950,15.66,44.53,3.615,8.865,250.8,102064.67
TWB14,Uvalde_2020_02,29.60214,-99.73007,436.7784,6/28/21,p,2021,04/10/2021 09:15 CDT,96950,15.82,44.93,2.935,8.865,262.67,102062.31
TWB14,Uvalde_2020_02,29.60214,-99.73007,436.7784,6/28/21,p,2021,04/10/2021 09:20 CDT,96950,16.03,43.84,3.865,8.865,281.22,102056.54
TWB14,Uvalde_2020_02,29.60214,-99.73007,436.7784,6/28/21,p,2021,04/10/2021 09:25 CDT,96949,16.03,43.71,3.175,8.865,292.86,102056.75
TWB14,Uvalde_2020_02,29.60214,-99.73007,436.7784,6/28/21,p,2021,04/10/2021 09:30 CDT,96955,16.55,41.72,2.835,8.865,302.53,102053.89
TWB14,Uvalde_2020_02,29.60214,-99.73007,436.7784,6/28/21,p,2021,04/10/2021 09:35 CDT,96960,16.65,42.69,3.49,8.865,320.67,102055.55
TWB14,Uvalde_2020_02,29.60214,-99.73007,436.7784,6/28/21,p,2021,04/10/2021 09:40 CDT,96965,16.58,41.61,4.4,9.2,339.6,102062.8
TWB14,Uvalde_2020_02,29.60214,-99.73007,436.7784,6/28/21,p,2021,04/10/2021 09:45 CDT,96965,16.65,42.28,3.395,9.2,349.7,102061.36
TWB14,Uvalde_2020_02,29.60214,-99.73007,436.7784,6/28/21,p,2021,04/10/2021 09:50 CDT,96966,16.91,41.07,4.385,9.2,366.15,102057.93
TWB14,Uvalde_2020_02,29.60214,-99.73007,436.7784,6/28/21,p,2021,04/10/2021 09:55 CDT,96966,17.14,39.92,3.71,9.2,375.27,102054.17
TWB14,Uvalde_2020_02,29.60214,-99.73007,436.7784,6/28/21,p,2021,04/10/2021 10:00 CDT,96974,17.39,40.36,4.325,9.2,394.76,102057.4
TWB14,Uvalde_2020_02,29.60214,-99.73007,436.7784,6/28/21,p,2021,04/10/2021 10:05 CDT,96978,17.38,39.72,4.88,9.535,409.78,102060.9
TWB14,Uvalde_2020_02,29.60214,-99.73007,436.7784,6/28/21,p,2021,04/10/2021 10:10 CDT,96978,17.47,39.44,5.055,9.535,421.19,102059.83
TWB14,Uvalde_2020_02,29.60214,-99.73007,436.7784,6/28/21,p,2021,04/10/2021 10:15 CDT,96977,17.59,38.97,4.555,9.535,432.65,102057.71
TWB14,Uvalde_2020_02,29.60214,-99.73007,436.7784,6/28/21,p,2021,04/10/2021 10:20 CDT,96977,17.79,38.49,4.685,9.535,446.62,102053.43
TWB14,Uvalde_2020_02,29.60214,-99.73007,436.7784,6/28/21,p,2021,04/10/2021 10:25 CDT,96980,18.22,38.66,4.34,9.535,457.91,102049.65
TWB14,Uvalde_2020_02,29.60214,-99.73007,436.7784,6/28/21,p,2021,04/10/2021 10:30 CDT,96985,18.52,37.78,3.405,9.535,465.38,102049.24
TWB14,Uvalde_2020_02,29.60214,-99.73007,436.7784,6/28/21,p,2021,04/10/2021 10:35 CDT,96991,18.92,36.6,2.79,9.535,473.63,102048.12
TWB14,Uvalde_2020_02,29.60214,-99.73007,436.7784,6/28/21,p,2021,04/10/2021 10:40 CDT,97002,18.98,36.16,3.7,9.535,496.12,102054.4
TWB14,Uvalde_2020_02,29.60214,-99.73007,436.7784,6/28/21,p,2021,04/10/2021 10:45 CDT,97001,19.32,34.98,3.735,9.535,506.15,102050
TWB14,Uvalde_2020_02,29.60214,-99.73007,436.7784,6/28/21,p,2021,04/10/2021 10:50 CDT,97001,19.56,34.13,3.99,9.535,523.89,102045.08
TWB14,Uvalde_2020_02,29.60214,-99.73007,436.7784,6/28/21,p,2021,04/10/2021 10:55 CDT,97002,19.92,33.53,3.845,9.535,530.62,102041.56
TWB14,Uvalde_2020_02,29.60214,-99.73007,436.7784,6/28/21,p,2021,04/10/2021 11:00 CDT,97010,20.15,32.82,4.135,9.535,546.29,102044.55
TWB14,Uvalde_2020_02,29.60214,-99.73007,436.7784,6/28/21,p,2021,04/10/2021 11:05 CDT,97019,20.5,30.96,3.92,9.535,553.33,102046.85
TWB14,Uvalde_2020_02,29.60214,-99.73007,436.7784,6/28/21,p,2021,04/10/2021 11:10 CDT,97022,20.81,29.51,2.7,9.535,552.61,102046
TWB14,Uvalde_2020_02,29.60214,-99.73007,436.7784,6/28/21,p,2021,04/10/2021 11:15 CDT,97022,21.19,30.22,2.925,8.865,571.51,102039.03
TWB14,Uvalde_2020_02,29.60214,-99.73007,436.7784,6/28/21,p,2021,04/10/2021 11:20 CDT,97022,21.41,28.33,3.405,8.865,579.99,102033.66
TWB14,Uvalde_2020_02,29.60214,-99.73007,436.7784,6/28/21,p,2021,04/10/2021 11:25 CDT,97014,21.55,28.43,3.57,8.865,594.15,102024.37
TWB14,Uvalde_2020_02,29.60214,-99.73007,436.7784,6/28/21,p,2021,04/10/2021 11:30 CDT,97010,21.73,25.7,4.16,9.535,606.14,102014.47
TWB14,Uvalde_2020_02,29.60214,-99.73007,436.7784,6/28/21,p,2021,04/10/2021 11:35 CDT,97010,21.7,25.66,3.985,9.2,615.84,102014.81
TWB14,Uvalde_2020_02,29.60214,-99.73007,436.7784,6/28/21,p,2021,04/10/2021 11:40 CDT,96995,21.54,25.97,3.705,9.2,625.05,102003.89
TWB14,Uvalde_2020_02,29.60214,-99.73007,436.7784,6/28/21,p,2021,04/10/2021 11:45 CDT,96985,22.21,26.23,1.72,9.2,618.67,101984.02
TWB14,Uvalde_2020_02,29.60214,-99.73007,436.7784,6/28/21,p,2021,04/10/2021 11:50 CDT,96982,22.37,24.41,2.13,9.2,606.59,101977.09
TWB14,Uvalde_2020_02,29.60214,-99.73007,436.7784,6/28/21,p,2021,04/10/2021 11:55 CDT,96980,22.93,23.97,2.365,9.2,640.89,101965
TWB14,Uvalde_2020_02,29.60214,-99.73007,436.7784,6/28/21,p,2021,04/10/2021 12:00 CDT,96972,23.02,23.06,2.54,9.2,652.96,101954.19
TWB14,Uvalde_2020_02,29.60214,-99.73007,436.7784,6/28/21,p,2021,04/10/2021 12:05 CDT,96964,22.83,23.3,2.15,9.2,656.12,101946.81
TWB14,Uvalde_2020_02,29.60214,-99.73007,436.7784,6/28/21,p,2021,04/10/2021 12:10 CDT,96961,23.2,21.88,1.69,9.2,657.87,101938.69
TWB14,Uvalde_2020_02,29.60214,-99.73007,436.7784,6/28/21,p,2021,04/10/2021 12:15 CDT,96954,23.64,22.35,1.94,9.2,671.9,101924.49
TWB14,Uvalde_2020_02,29.60214,-99.73007,436.7784,6/28/21,p,2021,04/10/2021 12:20 CDT,96953,23.94,22.18,1.83,9.2,674.86,101916.1
TWB14,Uvalde_2020_02,29.60214,-99.73007,436.7784,6/28/21,p,2021,04/10/2021 12:25 CDT,96945,23.84,22.18,1.88,9.2,677.55,101910.76
TWB14,Uvalde_2020_02,29.60214,-99.73007,436.7784,6/28/21,p,2021,04/10/2021 12:30 CDT,96940,24.13,20.43,3.14,9.2,699.75,101899.73
TWB14,Uvalde_2020_02,29.60214,-99.73007,436.7784,6/28/21,p,2021,04/10/2021 12:35 CDT,96933,24.37,20.06,2.535,9.2,694.25,101889.31
TWB14,Uvalde_2020_02,29.60214,-99.73007,436.7784,6/28/21,p,2021,04/10/2021 12:40 CDT,96925,24.56,18.88,2.38,9.2,698.04,101877.69
TWB14,Uvalde_2020_02,29.60214,-99.73007,436.7784,6/28/21,p,2021,04/10/2021 12:45 CDT,96917,24.65,19.66,2.81,9.2,705.44,101867.41
TWB14,Uvalde_2020_02,29.60214,-99.73007,436.7784,6/28/21,p,2021,04/10/2021 12:50 CDT,96913,24.51,19.69,3.725,9.2,722.56,101862.52
TWB14,Uvalde_2020_02,29.60214,-99.73007,436.7784,6/28/21,p,2021,04/10/2021 12:55 CDT,96900,24.83,18.44,2.41,9.2,711.49,101845.14
TWB14,Uvalde_2020_02,29.60214,-99.73007,436.7784,6/28/21,p,2021,04/10/2021 13:00 CDT,96894,25.03,18.21,2.77,9.2,714.06,101836.14
TWB14,Uvalde_2020_02,29.60214,-99.73007,436.7784,6/28/21,p,2021,04/10/2021 13:05 CDT,96886,25.26,17.13,2.765,9.2,716.69,101823.68
TWB14,Uvalde_2020_02,29.60214,-99.73007,436.7784,6/28/21,p,2021,04/10/2021 13:10 CDT,96882,25.16,18.54,2.845,9.2,722.85,101818.46
TWB14,Uvalde_2020_02,29.60214,-99.73007,436.7784,6/28/21,p,2021,04/10/2021 13:15 CDT,96878,25.13,17.19,2.395,9.2,727.93,101816.29
TWB14,Uvalde_2020_02,29.60214,-99.73007,436.7784,6/28/21,p,2021,04/10/2021 13:20 CDT,96858,25.53,17.36,1.34,9.2,714.11,101792.57
TWB14,Uvalde_2020_02,29.60214,-99.73007,436.7784,6/28/21,p,2021,04/10/2021 13:25 CDT,96849,25.57,18.47,1.675,9.2,722.36,101779.23
TWB14,Uvalde_2020_02,29.60214,-99.73007,436.7784,6/28/21,p,2021,04/10/2021 13:30 CDT,96829,25.73,17.53,1.965,9.2,730.34,101756.7
TWB14,Uvalde_2020_02,29.60214,-99.73007,436.7784,6/28/21,p,2021,04/10/2021 13:35 CDT,96811,25.87,18.71,2.26,9.2,731.56,101736.27
TWB14,Uvalde_2020_02,29.60214,-99.73007,436.7784,6/28/21,p,2021,04/10/2021 13:40 CDT,96798,26.14,16.05,2.345,9.2,728.1,101718.6
TWB14,Uvalde_2020_02,29.60214,-99.73007,436.7784,6/28/21,p,2021,04/10/2021 13:45 CDT,96798,26.16,16.38,2.755,9.2,742.28,101714.91
TWB14,Uvalde_2020_02,29.60214,-99.73007,436.7784,6/28/21,p,2021,04/10/2021 13:50 CDT,96800,25.98,16.21,3.33,9.2,741.16,101720.53
TWB14,Uvalde_2020_02,29.60214,-99.73007,436.7784,6/28/21,p,2021,04/10/2021 13:55 CDT,96796,26.09,16.35,2.595,9.2,729.17,101714.48
TWB14,Uvalde_2020_02,29.60214,-99.73007,436.7784,6/28/21,p,2021,04/10/2021 14:00 CDT,96782,26.42,15.95,4.235,9.2,746.89,101693.25
TWB14,Uvalde_2020_02,29.60214,-99.73007,436.7784,6/28/21,p,2021,04/10/2021 14:05 CDT,96774,26.08,16.32,2.095,9.2,729.14,101690.86
TWB14,Uvalde_2020_02,29.60214,-99.73007,436.7784,6/28/21,p,2021,04/10/2021 14:10 CDT,96764,26.45,16.01,3.17,9.2,732.65,101674.67
TWB14,Uvalde_2020_02,29.60214,-99.73007,436.7784,6/28/21,p,2021,04/10/2021 14:15 CDT,96749,26.73,15.88,2.24,9.2,718.14,101653.07
TWB14,Uvalde_2020_02,29.60214,-99.73007,436.7784,6/28/21,p,2021,04/10/2021 14:20 CDT,96738,27.12,16.01,1.95,9.2,719.48,101634.52
TWB14,Uvalde_2020_02,29.60214,-99.73007,436.7784,6/28/21,p,2021,04/10/2021 14:25 CDT,96727,27.16,14.87,2.14,9.2,717.61,101623.48
TWB14,Uvalde_2020_02,29.60214,-99.73007,436.7784,6/28/21,p,2021,04/10/2021 14:30 CDT,96712,26.89,16.11,2.075,9.2,718.4,101612.03
TWB14,Uvalde_2020_02,29.60214,-99.73007,436.7784,6/28/21,p,2021,04/10/2021 14:35 CDT,96693,27.26,14.56,2.095,9.2,716.28,101586.93
TWB14,Uvalde_2020_02,29.60214,-99.73007,436.7784,6/28/21,p,2021,04/10/2021 14:40 CDT,96683,27.5,14.29,1.23,9.2,699.47,101575.76
TWB14,Uvalde_2020_02,29.60214,-99.73007,436.7784,6/28/21,p,2021,04/10/2021 14:45 CDT,96678,28,14.66,2.375,9.2,704.43,101560.07
TWB14,Uvalde_2020_02,29.60214,-99.73007,436.7784,6/28/21,p,2021,04/10/2021 14:50 CDT,96667,27.75,14.73,1.53,9.2,699.01,101548.51
TWB14,Uvalde_2020_02,29.60214,-99.73007,436.7784,6/28/21,p,2021,04/10/2021 14:55 CDT,96659,27.86,13.85,1.73,9.2,691.48,101538.3
TWB14,Uvalde_2020_02,29.60214,-99.73007,436.7784,6/28/21,p,2021,04/10/2021 15:00 CDT,96654,27.79,14.63,1.64,9.2,689.51,101535.19
TWB14,Uvalde_2020_02,29.60214,-99.73007,436.7784,6/28/21,p,2021,04/10/2021 15:05 CDT,96642,27.67,15.87,2.475,9.2,690.88,101524.55
TWB14,Uvalde_2020_02,29.60214,-99.73007,436.7784,6/28/21,p,2021,04/10/2021 15:10 CDT,96630,28.2,14.26,2.555,9.2,677.41,101506.68
TWB14,Uvalde_2020_02,29.60214,-99.73007,436.7784,6/28/21,p,2021,04/10/2021 15:15 CDT,96625,27.9,15.64,3.435,9.2,688.29,101502.4
TWB14,Uvalde_2020_02,29.60214,-99.73007,436.7784,6/28/21,p,2021,04/10/2021 15:20 CDT,96623,28.05,16.31,2.02,9.2,661.21,101501.78
TWB14,Uvalde_2020_02,29.60214,-99.73007,436.7784,6/28/21,p,2021,04/10/2021 15:25 CDT,96619,27.98,15.7,2.75,9.2,664.53,101494.94
TWB14,Uvalde_2020_02,29.60214,-99.73007,436.7784,6/28/21,p,2021,04/10/2021 15:30 CDT,96601,28.24,15.03,3.21,9.2,658.01,101474.72
TWB14,Uvalde_2020_02,29.60214,-99.73007,436.7784,6/28/21,p,2021,04/10/2021 15:35 CDT,96596,28.1,16.01,3.04,9.2,650.34,101468.31
TWB14,Uvalde_2020_02,29.60214,-99.73007,436.7784,6/28/21,p,2021,04/10/2021 15:40 CDT,96587,28.31,15.5,2.34,9.2,635.57,101458.03
TWB14,Uvalde_2020_02,29.60214,-99.73007,436.7784,6/28/21,p,2021,04/10/2021 15:45 CDT,96571,28.28,16.38,2.285,9.2,628.92,101440.56
TWB14,Uvalde_2020_02,29.60214,-99.73007,436.7784,6/28/21,p,2021,04/10/2021 15:50 CDT,96561,28.21,15.23,3.015,9.2,632.34,101429.9
TWB14,Uvalde_2020_02,29.60214,-99.73007,436.7784,6/28/21,p,2021,04/10/2021 15:55 CDT,96545,28.42,14.36,0.9,9.2,597.59,101414.42
TWB14,Uvalde_2020_02,29.60214,-99.73007,436.7784,6/28/21,p,2021,04/10/2021 16:00 CDT,96536,28.7,14.66,1.87,9.2,597.34,101398.06
TWB14,Uvalde_2020_02,29.60214,-99.73007,436.7784,6/28/21,p,2021,04/10/2021 16:05 CDT,96523,28.96,14.36,0.975,9.2,583.83,101381.62
TWB14,Uvalde_2020_02,29.60214,-99.73007,436.7784,6/28/21,p,2021,04/10/2021 16:10 CDT,96518,29.03,14.56,2.465,9.2,589.49,101372.6
TWB14,Uvalde_2020_02,29.60214,-99.73007,436.7784,6/28/21,p,2021,04/10/2021 16:15 CDT,96508,28.6,14.39,1.705,9.2,574.86,101368.49
TWB14,Uvalde_2020_02,29.60214,-99.73007,436.7784,6/28/21,p,2021,04/10/2021 16:20 CDT,96490,28.96,13.62,1.02,9.2,550.3,101346.8
TWB14,Uvalde_2020_02,29.60214,-99.73007,436.7784,6/28/21,p,2021,04/10/2021 16:25 CDT,96487,28.88,14.19,2.47,9.2,558.5,101341.68
TWB14,Uvalde_2020_02,29.60214,-99.73007,436.7784,6/28/21,p,2021,04/10/2021 16:30 CDT,96476,28.8,14.63,2.245,9.2,544.16,101333.07
TWB14,Uvalde_2020_02,29.60214,-99.73007,436.7784,6/28/21,p,2021,04/10/2021 16:35 CDT,96467,28.82,13.82,1.385,9.2,521.11,101324.28
TWB14,Uvalde_2020_02,29.60214,-99.73007,436.7784,6/28/21,p,2021,04/10/2021 16:40 CDT,96460,28.93,13.55,1.71,9.2,514.78,101315.62
TWB14,Uvalde_2020_02,29.60214,-99.73007,436.7784,6/28/21,p,2021,04/10/2021 16:45 CDT,96451,28.88,15.84,2.555,9.2,513.58,101306.31
TWB14,Uvalde_2020_02,29.60214,-99.73007,436.7784,6/28/21,p,2021,04/10/2021 16:50 CDT,96447,29.13,13.79,2.205,9.2,494.82,101298.53
TWB14,Uvalde_2020_02,29.60214,-99.73007,436.7784,6/28/21,p,2021,04/10/2021 16:55 CDT,96441,29.1,14.93,1.77,9.2,480.16,101292.38
TWB14,Uvalde_2020_02,29.60214,-99.73007,436.7784,6/28/21,p,2021,04/10/2021 17:00 CDT,96434,29.22,13.25,1.19,9.2,460.35,101284.22
TWB14,Uvalde_2020_02,29.60214,-99.73007,436.7784,6/28/21,p,2021,04/10/2021 17:05 CDT,96433,29.19,13.92,1.745,9.2,454.46,101281.04
TWB14,Uvalde_2020_02,29.60214,-99.73007,436.7784,6/28/21,p,2021,04/10/2021 17:10 CDT,96427,29.18,13.52,1.07,9.2,437.49,101276.21
TWB14,Uvalde_2020_02,29.60214,-99.73007,436.7784,6/28/21,p,2021,04/10/2021 17:15 CDT,96416,29.43,13.38,1.18,9.2,425.27,101261.89
TWB14,Uvalde_2020_02,29.60214,-99.73007,436.7784,6/28/21,p,2021,04/10/2021 17:20 CDT,96410,29.56,13.25,1.19,9.2,413.82,101254.77
TWB14,Uvalde_2020_02,29.60214,-99.73007,436.7784,6/28/21,p,2021,04/10/2021 17:25 CDT,96407,29.47,13.25,2.03,9.2,407.76,101251.29
TWB14,Uvalde_2020_02,29.60214,-99.73007,436.7784,6/28/21,p,2021,04/10/2021 17:30 CDT,96401,29.35,13.89,1.33,9.2,388.2,101246.94
TWB14,Uvalde_2020_02,29.60214,-99.73007,436.7784,6/28/21,p,2021,04/10/2021 17:35 CDT,96382,29.62,14.39,0.735,9.2,368.39,101225.68
TWB14,Uvalde_2020_02,29.60214,-99.73007,436.7784,6/28/21,p,2021,04/10/2021 17:40 CDT,96379,29.68,13.52,1.635,9.2,364.19,101218.13
TWB14,Uvalde_2020_02,29.60214,-99.73007,436.7784,6/28/21,p,2021,04/10/2021 17:45 CDT,96376,29.5,13.72,1.19,9.2,345.53,101219.06
TWB14,Uvalde_2020_02,29.60214,-99.73007,436.7784,6/28/21,p,2021,04/10/2021 17:50 CDT,96374,29.87,13.18,0.925,9.2,326.67,101212.72
TWB14,Uvalde_2020_02,29.60214,-99.73007,436.7784,6/28/21,p,2021,04/10/2021 17:55 CDT,96368,29.76,13.28,1.365,9.2,318.84,101206.26
TWB14,Uvalde_2020_02,29.60214,-99.73007,436.7784,6/28/21,p,2021,04/10/2021 18:00 CDT,96355,29.94,13.42,1.165,9.2,300.18,101191.14
TWB14,Uvalde_2020_02,29.60214,-99.73007,436.7784,6/28/21,p,2021,04/10/2021 18:05 CDT,96349,29.97,13.28,1.17,9.2,287.27,101182.24
TWB14,Uvalde_2020_02,29.60214,-99.73007,436.7784,6/28/21,p,2021,04/10/2021 18:10 CDT,96341,30.12,12.78,0.84,9.2,271.77,101171.57
TWB14,Uvalde_2020_02,29.60214,-99.73007,436.7784,6/28/21,p,2021,04/10/2021 18:15 CDT,96331,30.22,13.95,0.4,9.2,255.03,101161.7
TWB14,Uvalde_2020_02,29.60214,-99.73007,436.7784,6/28/21,p,2021,04/10/2021 18:20 CDT,96327,30.1,12.67,1.19,9.2,244.56,101157.52
TWB14,Uvalde_2020_02,29.60214,-99.73007,436.7784,6/28/21,p,2021,04/10/2021 18:25 CDT,96325,29.77,13.21,0.77,9.2,229.59,101160.61
TWB14,Uvalde_2020_02,29.60214,-99.73007,436.7784,6/28/21,p,2021,04/10/2021 18:30 CDT,96317,29.91,13.25,0.88,9.2,213.08,101151.23
TWB14,Uvalde_2020_02,29.60214,-99.73007,436.7784,6/28/21,p,2021,04/10/2021 18:35 CDT,96313,29.68,13.72,1.355,9.2,204.7,101150.28
TWB14,Uvalde_2020_02,29.60214,-99.73007,436.7784,6/28/21,p,2021,04/10/2021 18:40 CDT,96310,29.56,13.28,1.495,9.2,191.58,101149.42
TWB14,Uvalde_2020_02,29.60214,-99.73007,436.7784,6/28/21,p,2021,04/10/2021 18:45 CDT,96311,29.42,14.22,1.045,9.2,174.17,101153.72
TWB14,Uvalde_2020_02,29.60214,-99.73007,436.7784,6/28/21,p,2021,04/10/2021 18:50 CDT,96308,29.41,13.85,1.295,9.2,159.72,101150.41
TWB14,Uvalde_2020_02,29.60214,-99.73007,436.7784,6/28/21,p,2021,04/10/2021 18:55 CDT,96315,29.31,14.33,1.365,9.2,147.58,101159.72
TWB14,Uvalde_2020_02,29.60214,-99.73007,436.7784,6/28/21,p,2021,04/10/2021 19:00 CDT,96320,29.23,14.19,0.9,9.2,131.21,101167.42
TWB14,Uvalde_2020_02,29.60214,-99.73007,436.7784,6/28/21,p,2021,04/10/2021 19:05 CDT,96318,29.27,14.06,0.815,9.2,115.51,101165.98
TWB14,Uvalde_2020_02,29.60214,-99.73007,436.7784,6/28/21,p,2021,04/10/2021 19:10 CDT,96318,29.12,14.83,1.24,9.2,104.32,101167.93
TWB14,Uvalde_2020_02,29.60214,-99.73007,436.7784,6/28/21,p,2021,04/10/2021 19:15 CDT,96320,28.9,14.19,1.335,9.2,90.89,101173.81
TWB14,Uvalde_2020_02,29.60214,-99.73007,436.7784,6/28/21,p,2021,04/10/2021 19:20 CDT,96327,28.65,14.66,2.225,9.2,72.55,101185.1
TWB14,Uvalde_2020_02,29.60214,-99.73007,436.7784,6/28/21,p,2021,04/10/2021 19:25 CDT,96332,28.3,14.73,2.1,9.2,35.59,101196.6
TWB14,Uvalde_2020_02,29.60214,-99.73007,436.7784,6/28/21,p,2021,04/10/2021 19:30 CDT,96329,28.1,15.41,1.855,9.2,27.96,101197.72
TWB14,Uvalde_2020_02,29.60214,-99.73007,436.7784,6/28/21,p,2021,04/10/2021 19:35 CDT,96332,27.9,15.47,1.285,9.2,23.17,101205.17
TWB14,Uvalde_2020_02,29.60214,-99.73007,436.7784,6/28/21,p,2021,04/10/2021 19:40 CDT,96337,27.71,15.47,1.5,9.2,18.43,101213.89
TWB14,Uvalde_2020_02,29.60214,-99.73007,436.7784,6/28/21,p,2021,04/10/2021 19:45 CDT,96339,27.51,15.68,1.515,9.2,14.72,101219.47
TWB14,Uvalde_2020_02,29.60214,-99.73007,436.7784,6/28/21,p,2021,04/10/2021 19:50 CDT,96343,27.24,15.88,1.785,9.2,10.87,101227.82
TWB14,Uvalde_2020_02,29.60214,-99.73007,436.7784,6/28/21,p,2021,04/10/2021 19:55 CDT,96354,26.97,16.49,1.835,9.2,7.51,101244.19
TWB14,Uvalde_2020_02,29.60214,-99.73007,436.7784,6/28/21,p,2021,04/10/2021 20:00 CDT,96352,26.75,16.35,1.8,9.2,4.41,101246.26
TWB14,Uvalde_2020_02,29.60214,-99.73007,436.7784,6/28/21,p,2021,04/10/2021 20:05 CDT,96356,26.57,16.52,1.795,9.2,2.07,101253.29
TWB14,Uvalde_2020_02,29.60214,-99.73007,436.7784,6/28/21,p,2021,04/10/2021 20:10 CDT,96363,26.29,16.69,1.925,9.2,0.49,101265.16
TWB14,Uvalde_2020_02,29.60214,-99.73007,436.7784,6/28/21,p,2021,04/10/2021 20:15 CDT,96371,26,17.23,1.56,9.2,0.19,101277.74
TWB14,Uvalde_2020_02,29.60214,-99.73007,436.7784,6/28/21,p,2021,04/10/2021 20:20 CDT,96379,25.7,17.43,1.48,9.2,0.32,101291.68
TWB14,Uvalde_2020_02,29.60214,-99.73007,436.7784,6/28/21,p,2021,04/10/2021 20:25 CDT,96382,25.5,17.84,1.5,9.2,0.12,101298.53
TWB14,Uvalde_2020_02,29.60214,-99.73007,436.7784,6/28/21,p,2021,04/10/2021 20:30 CDT,96384,25.19,17.98,1.22,9.2,0.43,101305.51
TWB14,Uvalde_2020_02,29.60214,-99.73007,436.7784,6/28/21,p,2021,04/10/2021 20:35 CDT,96389,24.92,18.52,1.295,9.2,0.16,101315.48
TWB14,Uvalde_2020_02,29.60214,-99.73007,436.7784,6/28/21,p,2021,04/10/2021 20:40 CDT,96400,24.68,18.38,1.465,9.2,0,101331.78
TWB14,Uvalde_2020_02,29.60214,-99.73007,436.7784,6/28/21,p,2021,04/10/2021 20:45 CDT,96411,24.56,18.69,1.505,9.2,0,101345.03
TWB14,Uvalde_2020_02,29.60214,-99.73007,436.7784,6/28/21,p,2021,04/10/2021 20:50 CDT,96417,24.4,18.79,1.26,9.2,0,101354.22
TWB14,Uvalde_2020_02,29.60214,-99.73007,436.7784,6/28/21,p,2021,04/10/2021 20:55 CDT,96430,24.22,19.02,0.89,9.2,0.25,101370.76
TWB14,Uvalde_2020_02,29.60214,-99.73007,436.7784,6/28/21,p,2021,04/10/2021 21:00 CDT,96438,24.06,19.13,1.2,9.2,0,101382.74
TWB14,Uvalde_2020_02,29.60214,-99.73007,436.7784,6/28/21,p,2021,04/10/2021 21:05 CDT,96448,23.95,18.99,1.435,9.2,0,101395.97
TWB14,Uvalde_2020_02,29.60214,-99.73007,436.7784,6/28/21,p,2021,04/10/2021 21:10 CDT,96454,23.82,19.26,1.41,9.2,0,101403.98
TWB14,Uvalde_2020_02,29.60214,-99.73007,436.7784,6/28/21,p,2021,04/10/2021 21:15 CDT,96456,23.56,22.06,0.67,9.2,1.15,101410.67
TWB14,Uvalde_2020_02,29.60214,-99.73007,436.7784,6/28/21,p,2021,04/10/2021 21:20 CDT,96465,22.68,24.32,0.71,9.2,4.03,101442.4
TWB14,Uvalde_2020_02,29.60214,-99.73007,436.7784,6/28/21,p,2021,04/10/2021 21:25 CDT,96480,21.94,27.83,0.565,9.2,4.04,101478.03
TWB14,Uvalde_2020_02,29.60214,-99.73007,436.7784,6/28/21,p,2021,04/10/2021 21:30 CDT,96482,20.66,29.58,0.52,9.2,4.47,101502.44
TWB14,Uvalde_2020_02,29.60214,-99.73007,436.7784,6/28/21,p,2021,04/10/2021 21:35 CDT,96488,19.51,30.46,0.325,9.2,3.29,101522.27
TWB14,Uvalde_2020_02,29.60214,-99.73007,436.7784,6/28/21,p,2021,04/10/2021 21:40 CDT,96500,19.1,29.92,0.145,9.2,1.74,101540.37
TWB14,Uvalde_2020_02,29.60214,-99.73007,436.7784,6/28/21,p,2021,04/10/2021 21:45 CDT,96515,18.83,31.14,0.04,9.2,1.37,101560.21
TWB14,Uvalde_2020_02,29.60214,-99.73007,436.7784,6/28/21,p,2021,04/10/2021 21:50 CDT,96524,18.68,31.68,0.01,9.2,1.96,101574.28
TWB14,Uvalde_2020_02,29.60214,-99.73007,436.7784,6/28/21,p,2021,04/10/2021 21:55 CDT,96533,18.59,32.69,0.08,9.2,1.96,101590.31
TWB14,Uvalde_2020_02,29.60214,-99.73007,436.7784,6/28/21,p,2021,04/10/2021 22:00 CDT,96539,18.55,31.88,0.02,9.2,1.1,101602.14
TWB14,Uvalde_2020_02,29.60214,-99.73007,436.7784,6/28/21,p,2021,04/10/2021 22:05 CDT,96546,18.35,33.27,0.01,9.2,1.92,101613.78
TWB14,Uvalde_2020_02,29.60214,-99.73007,436.7784,6/28/21,p,2021,04/10/2021 22:10 CDT,96557,17.84,34.92,0.07,9.2,0.41,101632.13
TWB14,Uvalde_2020_02,29.60214,-99.73007,436.7784,6/28/21,p,2021,04/10/2021 22:15 CDT,96570,17.32,35.13,0.22,9.2,0,101653.7
TWB14,Uvalde_2020_02,29.60214,-99.73007,436.7784,6/28/21,p,2021,04/10/2021 22:20 CDT,96595,16.91,39.11,0.415,9.2,0.08,101684.48
TWB14,Uvalde_2020_02,29.60214,-99.73007,436.7784,6/28/21,p,2021,04/10/2021 22:25 CDT,96609,16.61,43.09,0,9.2,0.38,101700.28
TWB14,Uvalde_2020_02,29.60214,-99.73007,436.7784,6/28/21,p,2021,04/10/2021 22:30 CDT,96614,16.46,38.03,0.08,9.2,0.05,101708.27
TWB14,Uvalde_2020_02,29.60214,-99.73007,436.7784,6/28/21,p,2021,04/10/2021 22:35 CDT,96626,16.22,37.46,0.05,9.2,0.01,101727.22
TWB14,Uvalde_2020_02,29.60214,-99.73007,436.7784,6/28/21,p,2021,04/10/2021 22:40 CDT,96639,15.8,38.37,0.23,9.2,0.27,101748.31
TWB14,Uvalde_2020_02,29.60214,-99.73007,436.7784,6/28/21,p,2021,04/10/2021 22:45 CDT,96646,15.78,39.32,0.12,9.2,1.27,101759.85
TWB14,Uvalde_2020_02,29.60214,-99.73007,436.7784,6/28/21,p,2021,04/10/2021 22:50 CDT,96653,15.95,40.06,0.245,9.2,0.97,101771.03
TWB14,Uvalde_2020_02,29.60214,-99.73007,436.7784,6/28/21,p,2021,04/10/2021 22:55 CDT,96662,16.74,36.29,0.615,9.2,0,101781.61
TWB14,Uvalde_2020_02,29.60214,-99.73007,436.7784,6/28/21,p,2021,04/10/2021 23:00 CDT,96670,17.84,30.08,1.33,9.2,0,101774.3
TWB14,Uvalde_2020_02,29.60214,-99.73007,436.7784,6/28/21,p,2021,04/10/2021 23:05 CDT,96676,19.15,26.98,1.275,9.2,0,101744.39
TWB14,Uvalde_2020_02,29.60214,-99.73007,436.7784,6/28/21,p,2021,04/10/2021 23:10 CDT,96680,19.48,32.07,0.44,9.2,0,101734.01
TWB14,Uvalde_2020_02,29.60214,-99.73007,436.7784,6/28/21,p,2021,04/10/2021 23:15 CDT,96682,18.57,37.78,0.65,9.2,2.55,101758.5
TWB14,Uvalde_2020_02,29.60214,-99.73007,436.7784,6/28/21,p,2021,04/10/2021 23:20 CDT,96687,17.62,38.28,0.58,9.2,1.82,101784.94
TWB14,Uvalde_2020_02,29.60214,-99.73007,436.7784,6/28/21,p,2021,04/10/2021 23:25 CDT,96690,17.49,41.86,0.625,9.2,1.65,101793.49
TWB14,Uvalde_2020_02,29.60214,-99.73007,436.7784,6/28/21,p,2021,04/10/2021 23:30 CDT,96689,16.91,44.53,0.265,9.2,1.84,101802.56
TWB14,Uvalde_2020_02,29.60214,-99.73007,436.7784,6/28/21,p,2021,04/10/2021 23:35 CDT,96692,15.97,45.94,0.25,9.2,1.66,101816.25
TWB14,Uvalde_2020_02,29.60214,-99.73007,436.7784,6/28/21,p,2021,04/10/2021 23:40 CDT,96696,15.56,46.89,0.365,9.2,1,101827.21
TWB14,Uvalde_2020_02,29.60214,-99.73007,436.7784,6/28/21,p,2021,04/10/2021 23:45 CDT,96700,15.92,38.43,0.775,9.2,0.2,101832.73
TWB14,Uvalde_2020_02,29.60214,-99.73007,436.7784,6/28/21,p,2021,04/10/2021 23:50 CDT,96700,17.24,32.08,1.4,9.2,0,101809.13
TWB14,Uvalde_2020_02,29.60214,-99.73007,436.7784,6/28/21,p,2021,04/10/2021 23:55 CDT,96706,17.75,39.27,0.685,9.2,0,101800.97
TWB14,Uvalde_2020_02,29.60214,-99.73007,436.7784,6/28/21,p,2021,04/11/2021 00:00 CDT,96700,17.55,40.42,0.815,9.2,0.01,101797.71
TWB14,Uvalde_2020_02,29.60214,-99.73007,436.7784,6/28/21,p,2021,04/11/2021 00:05 CDT,96698,17.37,41.64,0.39,9.2,0.44,101798.66
TWB14,Uvalde_2020_02,29.60214,-99.73007,436.7784,6/28/21,p,2021,04/11/2021 00:10 CDT,96693,16.99,45.76,0.39,9.2,0.77,101800.61
TWB14,Uvalde_2020_02,29.60214,-99.73007,436.7784,6/28/21,p,2021,04/11/2021 00:15 CDT,96692,16.62,47.31,0.425,9.2,1.15,101807.7
TWB14,Uvalde_2020_02,29.60214,-99.73007,436.7784,6/28/21,p,2021,04/11/2021 00:20 CDT,96696,15.85,48.73,0.33,9.2,1.71,101825.37
TWB14,Uvalde_2020_02,29.60214,-99.73007,436.7784,6/28/21,p,2021,04/11/2021 00:25 CDT,96692,14.85,47.61,0.305,9.2,1.17,101833.42
TWB14,Uvalde_2020_02,29.60214,-99.73007,436.7784,6/28/21,p,2021,04/11/2021 00:30 CDT,96685,14.56,44.34,0.59,9.2,0.44,101833.03
TWB14,Uvalde_2020_02,29.60214,-99.73007,436.7784,6/28/21,p,2021,04/11/2021 00:35 CDT,96681,14.99,43.29,0.595,9.2,0.11,101832.69
TWB14,Uvalde_2020_02,29.60214,-99.73007,436.7784,6/28/21,p,2021,04/11/2021 00:40 CDT,96671,14.76,46.77,0.275,9.2,0.67,101823.61
TWB14,Uvalde_2020_02,29.60214,-99.73007,436.7784,6/28/21,p,2021,04/11/2021 00:45 CDT,96666,14.3,46.57,0.535,9.2,0.16,101826.09
TWB14,Uvalde_2020_02,29.60214,-99.73007,436.7784,6/28/21,p,2021,04/11/2021 00:50 CDT,96666,14.55,44.95,0.96,9.2,0,101826.1
TWB14,Uvalde_2020_02,29.60214,-99.73007,436.7784,6/28/21,p,2021,04/11/2021 00:55 CDT,96666,13.87,49.71,0.76,9.2,0.12,101829.59
TWB14,Uvalde_2020_02,29.60214,-99.73007,436.7784,6/28/21,p,2021,04/11/2021 01:00 CDT,96667,12.93,46.1,0.535,9.2,0.37,101836.77
TWB14,Uvalde_2020_02,29.60214,-99.73007,436.7784,6/28/21,p,2021,04/11/2021 01:05 CDT,96671,12.55,46.71,0.23,9.2,0.99,101845.62
TWB14,Uvalde_2020_02,29.60214,-99.73007,436.7784,6/28/21,p,2021,04/11/2021 01:10 CDT,96681,12.17,47.25,0.655,9.2,0.13,101861.36
TWB14,Uvalde_2020_02,29.60214,-99.73007,436.7784,6/28/21,p,2021,04/11/2021 01:15 CDT,96679,12.08,47.52,0.385,9.2,0.28,101861.86
TWB14,Uvalde_2020_02,29.60214,-99.73007,436.7784,6/28/21,p,2021,04/11/2021 01:20 CDT,96674,12.17,48.19,0.26,9.2,0.3,101857.33
TWB14,Uvalde_2020_02,29.60214,-99.73007,436.7784,6/28/21,p,2021,04/11/2021 01:25 CDT,96676,12.05,50.83,0.215,9.2,0.21,101860.17
TWB14,Uvalde_2020_02,29.60214,-99.73007,436.7784,6/28/21,p,2021,04/11/2021 01:30 CDT,96675,12.19,51.74,0.725,9.2,0,101857.07
TWB14,Uvalde_2020_02,29.60214,-99.73007,436.7784,6/28/21,p,2021,04/11/2021 01:35 CDT,96680,12.28,51.5,0.78,9.2,0,101857.13
TWB14,Uvalde_2020_02,29.60214,-99.73007,436.7784,6/28/21,p,2021,04/11/2021 01:40 CDT,96676,12.2,50.77,0.78,9.2,0,101849.76
TWB14,Uvalde_2020_02,29.60214,-99.73007,436.7784,6/28/21,p,2021,04/11/2021 01:45 CDT,96677,12.17,51.24,0.525,9.2,0,101850.62
TWB14,Uvalde_2020_02,29.60214,-99.73007,436.7784,6/28/21,p,2021,04/11/2021 01:50 CDT,96677,12.06,51.65,0.17,9.2,0.27,101851.92
TWB14,Uvalde_2020_02,29.60214,-99.73007,436.7784,6/28/21,p,2021,04/11/2021 01:55 CDT,96677,11.85,52.19,0.1,9.2,0.36,101855.64
TWB14,Uvalde_2020_02,29.60214,-99.73007,436.7784,6/28/21,p,2021,04/11/2021 02:00 CDT,96677,11.76,51.95,0.11,9.2,0.15,101858.43
TWB14,Uvalde_2020_02,29.60214,-99.73007,436.7784,6/28/21,p,2021,04/11/2021 02:05 CDT,96677,11.79,51.98,0.16,9.2,0,101859.17
TWB14,Uvalde_2020_02,29.60214,-99.73007,436.7784,6/28/21,p,2021,04/11/2021 02:10 CDT,96671,11.8,52.52,0.055,9.2,0.61,101854.53
TWB14,Uvalde_2020_02,29.60214,-99.73007,436.7784,6/28/21,p,2021,04/11/2021 02:15 CDT,96672,11.7,53.4,0.27,9.2,0.1,101859.68
TWB14,Uvalde_2020_02,29.60214,-99.73007,436.7784,6/28/21,p,2021,04/11/2021 02:20 CDT,96666,11.69,53.94,0.185,9.2,0.6,101856.72
TWB14,Uvalde_2020_02,29.60214,-99.73007,436.7784,6/28/21,p,2021,04/11/2021 02:25 CDT,96658,11.8,53.13,0.745,9.2,0,101849.98
TWB14,Uvalde_2020_02,29.60214,-99.73007,436.7784,6/28/21,p,2021,04/11/2021 02:30 CDT,96652,11.88,53.07,0.705,9.2,0,101846.08
TWB14,Uvalde_2020_02,29.60214,-99.73007,436.7784,6/28/21,p,2021,04/11/2021 02:35 CDT,96644,11.65,53.07,0.52,9.2,0.03,101839.9
TWB14,Uvalde_2020_02,29.60214,-99.73007,436.7784,6/28/21,p,2021,04/11/2021 02:40 CDT,96645,11.56,53.89,0.675,9.2,0,101842.26
TWB14,Uvalde_2020_02,29.60214,-99.73007,436.7784,6/28/21,p,2021,04/11/2021 02:45 CDT,96654,11.45,53.75,0.51,9.2,0,101855.5
TWB14,Uvalde_2020_02,29.60214,-99.73007,436.7784,6/28/21,p,2021,04/11/2021 02:50 CDT,96650,11.38,54.3,0.78,9.2,0,101853.54
TWB14,Uvalde_2020_02,29.60214,-99.73007,436.7784,6/28/21,p,2021,04/11/2021 02:55 CDT,96643,11.11,55.18,0.485,9.2,0,101848.6
TWB14,Uvalde_2020_02,29.60214,-99.73007,436.7784,6/28/21,p,2021,04/11/2021 03:00 CDT,96636,11.23,54.43,0.46,9.2,0,101842.35
TWB14,Uvalde_2020_02,29.60214,-99.73007,436.7784,6/28/21,p,2021,04/11/2021 03:05 CDT,96636,11.22,55.04,0.37,9.2,0,101843.29
TWB14,Uvalde_2020_02,29.60214,-99.73007,436.7784,6/28/21,p,2021,04/11/2021 03:10 CDT,96636,10.84,56.93,0.825,9.2,0.06,101847.43
TWB14,Uvalde_2020_02,29.60214,-99.73007,436.7784,6/28/21,p,2021,04/11/2021 03:15 CDT,96629,10.11,58.89,0.88,9.2,0.28,101848.35
TWB14,Uvalde_2020_02,29.60214,-99.73007,436.7784,6/28/21,p,2021,04/11/2021 03:20 CDT,96623,9.75,58.76,0.22,9.2,0.11,101845.81
TWB14,Uvalde_2020_02,29.60214,-99.73007,436.7784,6/28/21,p,2021,04/11/2021 03:25 CDT,96615,9.64,58.69,0.08,9.2,0.37,101837.94
TWB14,Uvalde_2020_02,29.60214,-99.73007,436.7784,6/28/21,p,2021,04/11/2021 03:30 CDT,96607,9.76,60.18,0.095,9.2,0.63,101830.45
TWB14,Uvalde_2020_02,29.60214,-99.73007,436.7784,6/28/21,p,2021,04/11/2021 03:35 CDT,96602,9.73,60.51,0.145,9.2,0.49,101826.69
TWB14,Uvalde_2020_02,29.60214,-99.73007,436.7784,6/28/21,p,2021,04/11/2021 03:40 CDT,96590,9.59,58.89,0.225,9.2,0.5,101816.32
TWB14,Uvalde_2020_02,29.60214,-99.73007,436.7784,6/28/21,p,2021,04/11/2021 03:45 CDT,96594,9.64,59.3,0.015,9.2,0.36,101820.54
TWB14,Uvalde_2020_02,29.60214,-99.73007,436.7784,6/28/21,p,2021,04/11/2021 03:50 CDT,96597,9.51,59.7,0,9.2,0.88,101823.13
TWB14,Uvalde_2020_02,29.60214,-99.73007,436.7784,6/28/21,p,2021,04/11/2021 03:55 CDT,96600,9.3,59.84,0.155,9.2,0.22,101828
TWB14,Uvalde_2020_02,29.60214,-99.73007,436.7784,6/28/21,p,2021,04/11/2021 04:00 CDT,96585,9.41,58.15,0.425,9.2,0,101812.38
TWB14,Uvalde_2020_02,29.60214,-99.73007,436.7784,6/28/21,p,2021,04/11/2021 04:05 CDT,96582,9.53,58.18,0.465,9.2,0,101809.6
TWB14,Uvalde_2020_02,29.60214,-99.73007,436.7784,6/28/21,p,2021,04/11/2021 04:10 CDT,96582,9.48,58.69,0.105,9.2,0,101811.5
TWB14,Uvalde_2020_02,29.60214,-99.73007,436.7784,6/28/21,p,2021,04/11/2021 04:15 CDT,96582,9.05,60.51,0.285,9.2,0,101816.62
TWB14,Uvalde_2020_02,29.60214,-99.73007,436.7784,6/28/21,p,2021,04/11/2021 04:20 CDT,96574,8.63,60.65,0.05,9.2,0.29,101812.76
TWB14,Uvalde_2020_02,29.60214,-99.73007,436.7784,6/28/21,p,2021,04/11/2021 04:25 CDT,96572,8.45,61.7,0.02,9.2,0.19,101813.31
TWB14,Uvalde_2020_02,29.60214,-99.73007,436.7784,6/28/21,p,2021,04/11/2021 04:30 CDT,96574,8.39,61.67,0,9.2,0.05,101816.19
TWB14,Uvalde_2020_02,29.60214,-99.73007,436.7784,6/28/21,p,2021,04/11/2021 04:35 CDT,96576,8.23,60.79,0.18,9.2,0.01,101820.59
TWB14,Uvalde_2020_02,29.60214,-99.73007,436.7784,6/28/21,p,2021,04/11/2021 04:40 CDT,96581,8.1,61.54,0.095,9.2,0.03,101829.11
TWB14,Uvalde_2020_02,29.60214,-99.73007,436.7784,6/28/21,p,2021,04/11/2021 04:45 CDT,96576,8,61.92,0.305,9.2,0,101829
TWB14,Uvalde_2020_02,29.60214,-99.73007,436.7784,6/28/21,p,2021,04/11/2021 04:50 CDT,96571,7.86,62.42,0.055,9.2,0.16,101826.6
TWB14,Uvalde_2020_02,29.60214,-99.73007,436.7784,6/28/21,p,2021,04/11/2021 04:55 CDT,96567,7.69,62.83,0.04,9.2,0.59,101823.92
TWB14,Uvalde_2020_02,29.60214,-99.73007,436.7784,6/28/21,p,2021,04/11/2021 05:00 CDT,96560,7.56,63.13,0,9.2,0.94,101817.11
TWB14,Uvalde_2020_02,29.60214,-99.73007,436.7784,6/28/21,p,2021,04/11/2021 05:05 CDT,96553,7.51,63.64,0,9.2,1.33,101811.07
TWB14,Uvalde_2020_02,29.60214,-99.73007,436.7784,6/28/21,p,2021,04/11/2021 05:10 CDT,96558,7.54,65.47,0.23,9.2,0.12,101818.26
TWB14,Uvalde_2020_02,29.60214,-99.73007,436.7784,6/28/21,p,2021,04/11/2021 05:15 CDT,96557,7.77,63.84,0.62,9.2,0,101814.91
TWB14,Uvalde_2020_02,29.60214,-99.73007,436.7784,6/28/21,p,2021,04/11/2021 05:20 CDT,96560,7.8,63.64,0.81,9.2,0,101818.26
TWB14,Uvalde_2020_02,29.60214,-99.73007,436.7784,6/28/21,p,2021,04/11/2021 05:25 CDT,96553,7.65,64.59,0.78,9.2,0,101815.49
TWB14,Uvalde_2020_02,29.60214,-99.73007,436.7784,6/28/21,p,2021,04/11/2021 05:30 CDT,96551,7.53,67.26,0.195,9.2,0,101812.99
TWB14,Uvalde_2020_02,29.60214,-99.73007,436.7784,6/28/21,p,2021,04/11/2021 05:35 CDT,96554,7.46,66.92,0,9.2,0.19,101813.08
TWB14,Uvalde_2020_02,29.60214,-99.73007,436.7784,6/28/21,p,2021,04/11/2021 05:40 CDT,96554,7.33,67.36,0.31,9.2,0,101813.46
TWB14,Uvalde_2020_02,29.60214,-99.73007,436.7784,6/28/21,p,2021,04/11/2021 05:45 CDT,96547,7.29,66.51,0.47,9.2,0,101805.12
TWB14,Uvalde_2020_02,29.60214,-99.73007,436.7784,6/28/21,p,2021,04/11/2021 05:50 CDT,96546,7.31,67.43,0.44,9.2,0,101804.64
TWB14,Uvalde_2020_02,29.60214,-99.73007,436.7784,6/28/21,p,2021,04/11/2021 05:55 CDT,96547,7.31,68.27,0.38,9.2,0.03,101806.46
TWB14,Uvalde_2020_02,29.60214,-99.73007,436.7784,6/28/21,p,2021,04/11/2021 06:00 CDT,96553,7.39,67.16,0.495,9.2,0,101810.1
TWB14,Uvalde_2020_02,29.60214,-99.73007,436.7784,6/28/21,p,2021,04/11/2021 06:05 CDT,96550,7.41,66.51,0.71,9.2,0,101805.41
TWB14,Uvalde_2020_02,29.60214,-99.73007,436.7784,6/28/21,p,2021,04/11/2021 06:10 CDT,96554,7.26,66.21,0.35,9.2,0,101812.5
TWB14,Uvalde_2020_02,29.60214,-99.73007,436.7784,6/28/21,p,2021,04/11/2021 06:15 CDT,96560,7.13,66.55,0.035,9.2,0.91,101822.1
TWB14,Uvalde_2020_02,29.60214,-99.73007,436.7784,6/28/21,p,2021,04/11/2021 06:20 CDT,96566,6.99,68.04,0.145,9.2,0.24,101831.5
TWB14,Uvalde_2020_02,29.60214,-99.73007,436.7784,6/28/21,p,2021,04/11/2021 06:25 CDT,96572,6.88,69.18,0.465,9.2,0,101840.52
TWB14,Uvalde_2020_02,29.60214,-99.73007,436.7784,6/28/21,p,2021,04/11/2021 06:30 CDT,96576,6.9,69.02,0.25,9.2,0,101844.16
TWB14,Uvalde_2020_02,29.60214,-99.73007,436.7784,6/28/21,p,2021,04/11/2021 06:35 CDT,96583,6.9,69.62,0.09,9.2,0.23,101852.12
TWB14,Uvalde_2020_02,29.60214,-99.73007,436.7784,6/28/21,p,2021,04/11/2021 06:40 CDT,96594,6.83,70.81,0,9.2,0.06,101865.45
TWB14,Uvalde_2020_02,29.60214,-99.73007,436.7784,6/28/21,p,2021,04/11/2021 06:45 CDT,96594,6.83,70.6,0.115,9.2,0.09,101864.68
TWB14,Uvalde_2020_02,29.60214,-99.73007,436.7784,6/28/21,p,2021,04/11/2021 06:50 CDT,96594,6.89,69.86,0.12,9.2,0,101863.72
TWB14,Uvalde_2020_02,29.60214,-99.73007,436.7784,6/28/21,p,2021,04/11/2021 06:55 CDT,96599,6.83,70.2,0,9.2,0.01,101868.79
TWB14,Uvalde_2020_02,29.60214,-99.73007,436.7784,6/28/21,p,2021,04/11/2021 07:00 CDT,96601,6.68,70.54,0.01,9.2,0,101873.99
TWB14,Uvalde_2020_02,29.60214,-99.73007,436.7784,6/28/21,p,2021,04/11/2021 07:05 CDT,96608,6.58,69.79,0,9.2,0.23,101884.46
TWB14,Uvalde_2020_02,29.60214,-99.73007,436.7784,6/28/21,p,2021,04/11/2021 07:10 CDT,96610,6.51,71.62,0,9.2,1.51,101888.89
TWB14,Uvalde_2020_02,29.60214,-99.73007,436.7784,6/28/21,p,2021,04/11/2021 07:15 CDT,96614,6.43,70.27,0,9.2,2.59,101894.85
TWB14,Uvalde_2020_02,29.60214,-99.73007,436.7784,6/28/21,p,2021,04/11/2021 07:20 CDT,96613,6.4,70.81,0,9.2,3.68,101896.12
TWB14,Uvalde_2020_02,29.60214,-99.73007,436.7784,6/28/21,p,2021,04/11/2021 07:25 CDT,96611,6.39,71.18,0,9.2,7.92,101894.59
TWB14,Uvalde_2020_02,29.60214,-99.73007,436.7784,6/28/21,p,2021,04/11/2021 07:30 CDT,96613,6.44,71.89,0.035,9.2,12,101896.31
TWB14,Uvalde_2020_02,29.60214,-99.73007,436.7784,6/28/21,p,2021,04/11/2021 07:35 CDT,96616,6.49,71.38,0,9.2,15.85,101898.12
TWB14,Uvalde_2020_02,29.60214,-99.73007,436.7784,6/28/21,p,2021,04/11/2021 07:40 CDT,96623,6.57,71.96,0,9.2,22.35,101902.79
TWB14,Uvalde_2020_02,29.60214,-99.73007,436.7784,6/28/21,p,2021,04/11/2021 07:45 CDT,96626,6.8,72.84,0.075,9.2,27.41,101900.93
TWB14,Uvalde_2020_02,29.60214,-99.73007,436.7784,6/28/21,p,2021,04/11/2021 07:50 CDT,96634,7.16,70.47,0.285,9.2,33.25,101902.81
TWB14,Uvalde_2020_02,29.60214,-99.73007,436.7784,6/28/21,p,2021,04/11/2021 07:55 CDT,96635,7.43,70.91,0.125,9.2,36.54,101899.25
TWB14,Uvalde_2020_02,29.60214,-99.73007,436.7784,6/28/21,p,2021,04/11/2021 08:00 CDT,96635,7.65,71.18,0.045,9.2,36.42,101894.44
TWB14,Uvalde_2020_02,29.60214,-99.73007,436.7784,6/28/21,p,2021,04/11/2021 08:05 CDT,96642,7.98,70.94,0.095,9.2,70.08,101895.12
TWB14,Uvalde_2020_02,29.60214,-99.73007,436.7784,6/28/21,p,2021,04/11/2021 08:10 CDT,96648,8.57,67.97,0.27,9.2,96.61,101891.89
TWB14,Uvalde_2020_02,29.60214,-99.73007,436.7784,6/28/21,p,2021,04/11/2021 08:15 CDT,96651,8.98,65.4,0.57,9.2,116.31,101882.88
TWB14,Uvalde_2020_02,29.60214,-99.73007,436.7784,6/28/21,p,2021,04/11/2021 08:20 CDT,96650,9.52,62.97,0.24,9.2,133.8,101871.41
TWB14,Uvalde_2020_02,29.60214,-99.73007,436.7784,6/28/21,p,2021,04/11/2021 08:25 CDT,96650,10.25,60.6,0.23,9.2,144.65,101859.72
TWB14,Uvalde_2020_02,29.60214,-99.73007,436.7784,6/28/21,p,2021,04/11/2021 08:30 CDT,96660,10.89,57.8,0.18,9.2,173.69,101856.37
TWB14,Uvalde_2020_02,29.60214,-99.73007,436.7784,6/28/21,p,2021,04/11/2021 08:35 CDT,96659,11.72,54.79,0.205,9.2,145.81,101840.76
TWB14,Uvalde_2020_02,29.60214,-99.73007,436.7784,6/28/21,p,2021,04/11/2021 08:40 CDT,96653,12.22,53.67,0.07,9.2,118.66,101822.18
TWB14,Uvalde_2020_02,29.60214,-99.73007,436.7784,6/28/21,p,2021,04/11/2021 08:45 CDT,96648,12.73,53.83,0.045,9.2,124.37,101806
TWB14,Uvalde_2020_02,29.60214,-99.73007,436.7784,6/28/21,p,2021,04/11/2021 08:50 CDT,96648,13.22,52.81,0.05,9.2,113,101796.23
TWB14,Uvalde_2020_02,29.60214,-99.73007,436.7784,6/28/21,p,2021,04/11/2021 08:55 CDT,96652,13.44,52.14,0.21,9.2,157.9,101794.94
TWB14,Uvalde_2020_02,29.60214,-99.73007,436.7784,6/28/21,p,2021,04/11/2021 09:00 CDT,96658,13.89,49.97,0.25,9.2,227.15,101794.3
TWB14,Uvalde_2020_02,29.60214,-99.73007,436.7784,6/28/21,p,2021,04/11/2021 09:05 CDT,96654,14.97,47.63,0.16,9.2,192.56,101776.05
TWB14,Uvalde_2020_02,29.60214,-99.73007,436.7784,6/28/21,p,2021,04/11/2021 09:10 CDT,96648,15.8,42.5,0.29,9.2,170.22,101754.69
TWB14,Uvalde_2020_02,29.60214,-99.73007,436.7784,6/28/21,p,2021,04/11/2021 09:15 CDT,96650,16.08,42.46,0.435,9.2,136.93,101745.79
TWB14,Uvalde_2020_02,29.60214,-99.73007,436.7784,6/28/21,p,2021,04/11/2021 09:20 CDT,96647,16.44,39.35,0.56,9.2,210.72,101734.55
TWB14,Uvalde_2020_02,29.60214,-99.73007,436.7784,6/28/21,p,2021,04/11/2021 09:25 CDT,96645,17.15,35.8,1.1,9.2,287.76,101720.1
TWB14,Uvalde_2020_02,29.60214,-99.73007,436.7784,6/28/21,p,2021,04/11/2021 09:30 CDT,96643,17.67,35.09,1.545,9.2,289.32,101706.77
TWB14,Uvalde_2020_02,29.60214,-99.73007,436.7784,6/28/21,p,2021,04/11/2021 09:35 CDT,96641,18.1,32.36,1.79,9.2,310.17,101697.4
TWB14,Uvalde_2020_02,29.60214,-99.73007,436.7784,6/28/21,p,2021,04/11/2021 09:40 CDT,96643,18.71,31.54,1.76,9.2,340.52,101687.65
TWB14,Uvalde_2020_02,29.60214,-99.73007,436.7784,6/28/21,p,2021,04/11/2021 09:45 CDT,96651,19.25,29.75,1.61,9.2,358.04,101685.5
TWB14,Uvalde_2020_02,29.60214,-99.73007,436.7784,6/28/21,p,2021,04/11/2021 09:50 CDT,96645,19.6,28.77,2,9.2,376.79,101671.47
TWB14,Uvalde_2020_02,29.60214,-99.73007,436.7784,6/28/21,p,2021,04/11/2021 09:55 CDT,96646,20.03,26.07,2.685,9.2,397.43,101664.32
TWB14,Uvalde_2020_02,29.60214,-99.73007,436.7784,6/28/21,p,2021,04/11/2021 10:00 CDT,96651,20.07,25.63,2.77,9.2,409.2,101667.49
TWB14,Uvalde_2020_02,29.60214,-99.73007,436.7784,6/28/21,p,2021,04/11/2021 10:05 CDT,96647,20.23,26.09,2.42,9.2,414.04,101659.96
TWB14,Uvalde_2020_02,29.60214,-99.73007,436.7784,6/28/21,p,2021,04/11/2021 10:10 CDT,96644,20.47,25.28,2.89,9.2,427.84,101652.8
TWB14,Uvalde_2020_02,29.60214,-99.73007,436.7784,6/28/21,p,2021,04/11/2021 10:15 CDT,96643,20.54,25.21,2.67,9.2,437.66,101649.14
TWB14,Uvalde_2020_02,29.60214,-99.73007,436.7784,6/28/21,p,2021,04/11/2021 10:20 CDT,96638,20.88,25.61,2.58,9.2,448,101638.67
TWB14,Uvalde_2020_02,29.60214,-99.73007,436.7784,6/28/21,p,2021,04/11/2021 10:25 CDT,96633,21.04,24.2,2.035,9.2,455.68,101631.51
TWB14,Uvalde_2020_02,29.60214,-99.73007,436.7784,6/28/21,p,2021,04/11/2021 10:30 CDT,96629,21.14,25.14,2.365,9.2,471.28,101624.7
TWB14,Uvalde_2020_02,29.60214,-99.73007,436.7784,6/28/21,p,2021,04/11/2021 10:35 CDT,96627,21.06,25.61,2.87,9.2,485.17,101623.29
TWB14,Uvalde_2020_02,29.60214,-99.73007,436.7784,6/28/21,p,2021,04/11/2021 10:40 CDT,96627,21.23,25.54,2.1,9.2,493.5,101622.08
TWB14,Uvalde_2020_02,29.60214,-99.73007,436.7784,6/28/21,p,2021,04/11/2021 10:45 CDT,96627,21.23,26.21,2.85,9.2,507.88,101619.3
TWB14,Uvalde_2020_02,29.60214,-99.73007,436.7784,6/28/21,p,2021,04/11/2021 10:50 CDT,96621,21.34,25.81,2.565,9.2,517.52,101611.61
TWB14,Uvalde_2020_02,29.60214,-99.73007,436.7784,6/28/21,p,2021,04/11/2021 10:55 CDT,96620,21.58,26.75,2.27,9.2,524.28,101606.41
TWB14,Uvalde_2020_02,29.60214,-99.73007,436.7784,6/28/21,p,2021,04/11/2021 11:00 CDT,96629,21.73,26.21,2.6,9.2,536.93,101611.91
TWB14,Uvalde_2020_02,29.60214,-99.73007,436.7784,6/28/21,p,2021,04/11/2021 11:05 CDT,96627,21.75,26.65,2.375,9.2,547.69,101609.63
TWB14,Uvalde_2020_02,29.60214,-99.73007,436.7784,6/28/21,p,2021,04/11/2021 11:10 CDT,96617,22,28.2,2.83,9.2,559.61,101595.84
TWB14,Uvalde_2020_02,29.60214,-99.73007,436.7784,6/28/21,p,2021,04/11/2021 11:15 CDT,96612,22.03,28.19,2.995,9.2,569.65,101587.66
TWB14,Uvalde_2020_02,29.60214,-99.73007,436.7784,6/28/21,p,2021,04/11/2021 11:20 CDT,96608,22.33,29.61,2.235,9.2,570.87,101580.35
TWB14,Uvalde_2020_02,29.60214,-99.73007,436.7784,6/28/21,p,2021,04/11/2021 11:25 CDT,96606,22.37,28.02,2.77,9.2,589.3,101575.69
TWB14,Uvalde_2020_02,29.60214,-99.73007,436.7784,6/28/21,p,2021,04/11/2021 11:30 CDT,96598,22.52,27.45,1.84,9.2,592.46,101566.25
TWB14,Uvalde_2020_02,29.60214,-99.73007,436.7784,6/28/21,p,2021,04/11/2021 11:35 CDT,96593,22.83,28.63,3.325,9.2,610.9,101553.8
TWB14,Uvalde_2020_02,29.60214,-99.73007,436.7784,6/28/21,p,2021,04/11/2021 11:40 CDT,96589,22.72,29.47,2.405,9.2,568.76,101553
TWB14,Uvalde_2020_02,29.60214,-99.73007,436.7784,6/28/21,p,2021,04/11/2021 11:45 CDT,96584,23.02,28.69,3.01,9.2,592.91,101542.12
TWB14,Uvalde_2020_02,29.60214,-99.73007,436.7784,6/28/21,p,2021,04/11/2021 11:50 CDT,96577,23.4,29.26,1.9,9.2,592.19,101531
TWB14,Uvalde_2020_02,29.60214,-99.73007,436.7784,6/28/21,p,2021,04/11/2021 11:55 CDT,96573,23.51,31.55,2.72,9.2,615.46,101520.82
TWB14,Uvalde_2020_02,29.60214,-99.73007,436.7784,6/28/21,p,2021,04/11/2021 12:00 CDT,96563,23.71,32.8,2.915,9.2,646.15,101506.39
TWB14,Uvalde_2020_02,29.60214,-99.73007,436.7784,6/28/21,p,2021,04/11/2021 12:05 CDT,96558,23.96,31.31,3.12,9.2,656.76,101498.6
TWB14,Uvalde_2020_02,29.60214,-99.73007,436.7784,6/28/21,p,2021,04/11/2021 12:10 CDT,96557,24.02,31.25,3.055,9.2,661.03,101496.19
TWB14,Uvalde_2020_02,29.60214,-99.73007,436.7784,6/28/21,p,2021,04/11/2021 12:15 CDT,96550,24.25,31.45,2.395,9.2,660.45,101488.16
TWB14,Uvalde_2020_02,29.60214,-99.73007,436.7784,6/28/21,p,2021,04/11/2021 12:20 CDT,96544,24.65,32.42,1.69,9.2,659.82,101476.6
TWB14,Uvalde_2020_02,29.60214,-99.73007,436.7784,6/28/21,p,2021,04/11/2021 12:25 CDT,96538,24.43,31.08,2.93,9.2,660.13,101466.92
TWB14,Uvalde_2020_02,29.60214,-99.73007,436.7784,6/28/21,p,2021,04/11/2021 12:30 CDT,96533,24.53,31.24,2.53,8.285,681.81,101461.16
TWB14,Uvalde_2020_02,29.60214,-99.73007,436.7784,6/28/21,p,2021,04/11/2021 12:35 CDT,96524,24.71,30.57,2.955,8.285,690.18,101450.19
TWB14,Uvalde_2020_02,29.60214,-99.73007,436.7784,6/28/21,p,2021,04/11/2021 12:40 CDT,96514,24.55,30.6,3.17,8.285,695.83,101441.2
TWB14,Uvalde_2020_02,29.60214,-99.73007,436.7784,6/28/21,p,2021,04/11/2021 12:45 CDT,96509,25.16,30.97,2.345,8.285,692.32,101429.37
TWB14,Uvalde_2020_02,29.60214,-99.73007,436.7784,6/28/21,p,2021,04/11/2021 12:50 CDT,96502,25.24,29.79,2.915,8.285,702.18,101415.8
TWB14,Uvalde_2020_02,29.60214,-99.73007,436.7784,6/28/21,p,2021,04/11/2021 12:55 CDT,96495,25.44,29.29,2.525,8.95,700.2,101405.27
TWB14,Uvalde_2020_02,29.60214,-99.73007,436.7784,6/28/21,p,2021,04/11/2021 13:00 CDT,96483,25.1,31.34,3.015,8.785,711.47,101395.82
TWB14,Uvalde_2020_02,29.60214,-99.73007,436.7784,6/28/21,p,2021,04/11/2021 13:05 CDT,96480,25.27,29.66,2.775,8.785,713.82,101393.19
TWB14,Uvalde_2020_02,29.60214,-99.73007,436.7784,6/28/21,p,2021,04/11/2021 13:10 CDT,96479,25.85,29.05,2.11,8.785,708.29,101385.44
TWB14,Uvalde_2020_02,29.60214,-99.73007,436.7784,6/28/21,p,2021,04/11/2021 13:15 CDT,96472,25.9,28.74,2.26,8.785,711.45,101373.24
TWB14,Uvalde_2020_02,29.60214,-99.73007,436.7784,6/28/21,p,2021,04/11/2021 13:20 CDT,96460,26.21,28.2,2.765,8.785,719.75,101354.8
TWB14,Uvalde_2020_02,29.60214,-99.73007,436.7784,6/28/21,p,2021,04/11/2021 13:25 CDT,96447,26.17,27.09,2.455,8.785,716.67,101343.98
TWB14,Uvalde_2020_02,29.60214,-99.73007,436.7784,6/28/21,p,2021,04/11/2021 13:30 CDT,96443,26.12,27.9,3.265,8.785,727.79,101336.6
TWB14,Uvalde_2020_02,29.60214,-99.73007,436.7784,6/28/21,p,2021,04/11/2021 13:35 CDT,96435,26.16,27.29,2.265,8.785,715.02,101331.2
TWB14,Uvalde_2020_02,29.60214,-99.73007,436.7784,6/28/21,p,2021,04/11/2021 13:40 CDT,96421,26.61,26.76,2.595,8.785,721.72,101308.01
TWB14,Uvalde_2020_02,29.60214,-99.73007,436.7784,6/28/21,p,2021,04/11/2021 13:45 CDT,96412,26.62,27.33,3.485,8.785,725.97,101297.72
TWB14,Uvalde_2020_02,29.60214,-99.73007,436.7784,6/28/21,p,2021,04/11/2021 13:50 CDT,96401,26.63,29.08,3.58,8.785,727.54,101286.48
TWB14,Uvalde_2020_02,29.60214,-99.73007,436.7784,6/28/21,p,2021,04/11/2021 13:55 CDT,96394,26.87,28.2,2.715,8.785,717.95,101275.15
TWB14,Uvalde_2020_02,29.60214,-99.73007,436.7784,6/28/21,p,2021,04/11/2021 14:00 CDT,96392,26.87,29.62,2.715,8.785,717.59,101273.36
TWB14,Uvalde_2020_02,29.60214,-99.73007,436.7784,6/28/21,p,2021,04/11/2021 14:05 CDT,96384,27.2,30.76,1.885,8.785,709.69,101263.29
TWB14,Uvalde_2020_02,29.60214,-99.73007,436.7784,6/28/21,p,2021,04/11/2021 14:10 CDT,96366,27.5,30.29,2.31,8.785,713.7,101239.42
TWB14,Uvalde_2020_02,29.60214,-99.73007,436.7784,6/28/21,p,2021,04/11/2021 14:15 CDT,96362,27.76,30.76,2.265,8.785,710.59,101231.25
TWB14,Uvalde_2020_02,29.60214,-99.73007,436.7784,6/28/21,p,2021,04/11/2021 14:20 CDT,96361,27.45,31.16,3.08,8.785,710.16,101231.68
TWB14,Uvalde_2020_02,29.60214,-99.73007,436.7784,6/28/21,p,2021,04/11/2021 14:25 CDT,96354,27.36,30.66,2.655,8.785,699.66,101223.34
TWB14,Uvalde_2020_02,29.60214,-99.73007,436.7784,6/28/21,p,2021,04/11/2021 14:30 CDT,96341,27.47,29.55,3.005,8.785,695.4,101209.03
TWB14,Uvalde_2020_02,29.60214,-99.73007,436.7784,6/28/21,p,2021,04/11/2021 14:35 CDT,96336,27.6,29.55,2.7,8.785,690.58,101202.63
TWB14,Uvalde_2020_02,29.60214,-99.73007,436.7784,6/28/21,p,2021,04/11/2021 14:40 CDT,96330,27.82,28.67,2.945,8.785,699.82,101194.52
TWB14,Uvalde_2020_02,29.60214,-99.73007,436.7784,6/28/21,p,2021,04/11/2021 14:45 CDT,96317,28.02,27.59,3.055,8.785,701.26,101177.91
TWB14,Uvalde_2020_02,29.60214,-99.73007,436.7784,6/28/21,p,2021,04/11/2021 14:50 CDT,96310,28.39,28.16,2.315,8.785,692.62,101162.34
TWB14,Uvalde_2020_02,29.60214,-99.73007,436.7784,6/28/21,p,2021,04/11/2021 14:55 CDT,96305,28.4,27.93,3.35,8.785,696.51,101155.94
TWB14,Uvalde_2020_02,29.60214,-99.73007,436.7784,6/28/21,p,2021,04/11/2021 15:00 CDT,96302,28.39,28.43,2.54,8.785,689.33,101154.42
TWB14,Uvalde_2020_02,29.60214,-99.73007,436.7784,6/28/21,p,2021,04/11/2021 15:05 CDT,96291,28.39,28.09,2.36,8.785,684.1,101144.84
TWB14,Uvalde_2020_02,29.60214,-99.73007,436.7784,6/28/21,p,2021,04/11/2021 15:10 CDT,96280,28.71,28.46,3.12,8.785,680.41,101128.04
TWB14,Uvalde_2020_02,29.60214,-99.73007,436.7784,6/28/21,p,2021,04/11/2021 15:15 CDT,96273,28.55,28.83,2.855,8.785,670.42,101119.86
TWB14,Uvalde_2020_02,29.60214,-99.73007,436.7784,6/28/21,p,2021,04/11/2021 15:20 CDT,96255,28.81,27.49,2.2,8.785,655.09,101099.66
TWB14,Uvalde_2020_02,29.60214,-99.73007,436.7784,6/28/21,p,2021,04/11/2021 15:25 CDT,96247,29.31,27.76,2.78,8.785,658.12,101081.63
TWB14,Uvalde_2020_02,29.60214,-99.73007,436.7784,6/28/21,p,2021,04/11/2021 15:30 CDT,96239,29.13,28.67,2.445,8.785,654.74,101075.01
TWB14,Uvalde_2020_02,29.60214,-99.73007,436.7784,6/28/21,p,2021,04/11/2021 15:35 CDT,96224,29.27,27.52,2.23,8.785,644.13,101059.43
TWB14,Uvalde_2020_02,29.60214,-99.73007,436.7784,6/28/21,p,2021,04/11/2021 15:40 CDT,96215,29.64,26.54,2.675,8.785,615.34,101044.61
TWB14,Uvalde_2020_02,29.60214,-99.73007,436.7784,6/28/21,p,2021,04/11/2021 15:45 CDT,96197,29.63,28.06,2.605,8.785,600.53,101026.51
TWB14,Uvalde_2020_02,29.60214,-99.73007,436.7784,6/28/21,p,2021,04/11/2021 15:50 CDT,96191,29.4,28.87,3.07,8.785,554.3,101019.71
TWB14,Uvalde_2020_02,29.60214,-99.73007,436.7784,6/28/21,p,2021,04/11/2021 15:55 CDT,96182,29.37,28.87,2.61,8.785,383.5,101012.86
TWB14,Uvalde_2020_02,29.60214,-99.73007,436.7784,6/28/21,p,2021,04/11/2021 16:00 CDT,96174,29.32,28.06,2.965,8.785,468.49,101004.47
TWB14,Uvalde_2020_02,29.60214,-99.73007,436.7784,6/28/21,p,2021,04/11/2021 16:05 CDT,96165,29.12,28.43,3.06,8.785,456.89,100999.08
TWB14,Uvalde_2020_02,29.60214,-99.73007,436.7784,6/28/21,p,2021,04/11/2021 16:10 CDT,96161,29.3,27.52,2.64,8.785,540.44,100994.57
TWB14,Uvalde_2020_02,29.60214,-99.73007,436.7784,6/28/21,p,2021,04/11/2021 16:15 CDT,96149,29.53,27.02,2.71,8.785,544.85,100977.41
TWB14,Uvalde_2020_02,29.60214,-99.73007,436.7784,6/28/21,p,2021,04/11/2021 16:20 CDT,96145,29.61,26.11,2.92,8.785,530.76,100971.43
TWB14,Uvalde_2020_02,29.60214,-99.73007,436.7784,6/28/21,p,2021,04/11/2021 16:25 CDT,96139,29.5,26.78,2.4,8.785,502.77,100965.93
TWB14,Uvalde_2020_02,29.60214,-99.73007,436.7784,6/28/21,p,2021,04/11/2021 16:30 CDT,96137,29.89,26.64,2.695,8.785,563.76,100957.5
TWB14,Uvalde_2020_02,29.60214,-99.73007,436.7784,6/28/21,p,2021,04/11/2021 16:35 CDT,96129,29.77,25.7,2.87,8.785,518.15,100951.22
TWB14,Uvalde_2020_02,29.60214,-99.73007,436.7784,6/28/21,p,2021,04/11/2021 16:40 CDT,96122,29.99,25.03,2.89,8.785,507.17,100942.09
TWB14,Uvalde_2020_02,29.60214,-99.73007,436.7784,6/28/21,p,2021,04/11/2021 16:45 CDT,96113,30.3,25.57,2.395,8.785,487.62,100927.62
TWB14,Uvalde_2020_02,29.60214,-99.73007,436.7784,6/28/21,p,2021,04/11/2021 16:50 CDT,96109,30.46,25.03,2.375,8.785,519.01,100920.35
TWB14,Uvalde_2020_02,29.60214,-99.73007,436.7784,6/28/21,p,2021,04/11/2021 16:55 CDT,96102,30.19,25.2,2.545,8.785,512.09,100915.58
TWB14,Uvalde_2020_02,29.60214,-99.73007,436.7784,6/28/21,p,2021,04/11/2021 17:00 CDT,96098,30.44,23.65,2.775,8.785,495.18,100908.82
TWB14,Uvalde_2020_02,29.60214,-99.73007,436.7784,6/28/21,p,2021,04/11/2021 17:05 CDT,96095,30.28,25.26,2.585,8.785,318.12,100905.81
TWB14,Uvalde_2020_02,29.60214,-99.73007,436.7784,6/28/21,p,2021,04/11/2021 17:10 CDT,96094,30.01,25.87,2.39,8.785,252.19,100910.9
TWB14,Uvalde_2020_02,29.60214,-99.73007,436.7784,6/28/21,p,2021,04/11/2021 17:15 CDT,96090,29.78,25.67,1.92,8.785,223.18,100911.89
TWB14,Uvalde_2020_02,29.60214,-99.73007,436.7784,6/28/21,p,2021,04/11/2021 17:20 CDT,96089,29.74,25.67,2.45,8.785,216.41,100913.27
TWB14,Uvalde_2020_02,29.60214,-99.73007,436.7784,6/28/21,p,2021,04/11/2021 17:25 CDT,96090,29.61,25.43,2.445,8.785,212.01,100916.44
TWB14,Uvalde_2020_02,29.60214,-99.73007,436.7784,6/28/21,p,2021,04/11/2021 17:30 CDT,96089,29.47,26.44,2.37,8.785,264.18,100917.66
TWB14,Uvalde_2020_02,29.60214,-99.73007,436.7784,6/28/21,p,2021,04/11/2021 17:35 CDT,96088,29.52,26.64,2.105,8.785,291.34,100916.6
TWB14,Uvalde_2020_02,29.60214,-99.73007,436.7784,6/28/21,p,2021,04/11/2021 17:40 CDT,96084,29.68,26.04,2.405,8.785,387.23,100909.97
TWB14,Uvalde_2020_02,29.60214,-99.73007,436.7784,6/28/21,p,2021,04/11/2021 17:45 CDT,96084,29.91,24.89,2.41,8.785,334.34,100905.43
TWB14,Uvalde_2020_02,29.60214,-99.73007,436.7784,6/28/21,p,2021,04/11/2021 17:50 CDT,96083,29.84,26.44,2.33,8.785,298.38,100904.2
TWB14,Uvalde_2020_02,29.60214,-99.73007,436.7784,6/28/21,p,2021,04/11/2021 17:55 CDT,96078,29.82,26.41,2.105,8.785,298.45,100899.93
TWB14,Uvalde_2020_02,29.60214,-99.73007,436.7784,6/28/21,p,2021,04/11/2021 18:00 CDT,96084,29.96,25.74,2.365,8.785,350.95,100904.61
TWB14,Uvalde_2020_02,29.60214,-99.73007,436.7784,6/28/21,p,2021,04/11/2021 18:05 CDT,96081,30.03,25.3,2.345,8.785,260.71,100900.49
TWB14,Uvalde_2020_02,29.60214,-99.73007,436.7784,6/28/21,p,2021,04/11/2021 18:10 CDT,96080,30,26.01,1.28,8.785,167.05,100899.76
TWB14,Uvalde_2020_02,29.60214,-99.73007,436.7784,6/28/21,p,2021,04/11/2021 18:15 CDT,96076,29.8,25.97,2.235,8.785,221.46,100898.64
TWB14,Uvalde_2020_02,29.60214,-99.73007,436.7784,6/28/21,p,2021,04/11/2021 18:20 CDT,96079,29.94,26.21,1.57,8.785,182.53,100901.14
TWB14,Uvalde_2020_02,29.60214,-99.73007,436.7784,6/28/21,p,2021,04/11/2021 18:25 CDT,96083,29.94,26.61,1.715,8.785,205.35,100905.34
TWB14,Uvalde_2020_02,29.60214,-99.73007,436.7784,6/28/21,p,2021,04/11/2021 18:30 CDT,96080,29.91,26.14,1.535,8.785,209.51,100903.17
TWB14,Uvalde_2020_02,29.60214,-99.73007,436.7784,6/28/21,p,2021,04/11/2021 18:35 CDT,96078,30.04,25.97,1.73,8.785,202.28,100899.93
TWB14,Uvalde_2020_02,29.60214,-99.73007,436.7784,6/28/21,p,2021,04/11/2021 18:40 CDT,96076,30.04,26.55,1.645,8.785,165.72,100895.72
TWB14,Uvalde_2020_02,29.60214,-99.73007,436.7784,6/28/21,p,2021,04/11/2021 18:45 CDT,96078,30,26.48,1.735,8.785,139.79,100898.63
TWB14,Uvalde_2020_02,29.60214,-99.73007,436.7784,6/28/21,p,2021,04/11/2021 18:50 CDT,96087,29.8,26.99,1.735,8.785,107.15,100911.48
TWB14,Uvalde_2020_02,29.60214,-99.73007,436.7784,6/28/21,p,2021,04/11/2021 18:55 CDT,96089,29.56,26.85,2.05,8.785,106.87,100917.98
TWB14,Uvalde_2020_02,29.60214,-99.73007,436.7784,6/28/21,p,2021,04/11/2021 19:00 CDT,96090,29.38,27.19,2.21,8.785,97.05,100922.93
TWB14,Uvalde_2020_02,29.60214,-99.73007,436.7784,6/28/21,p,2021,04/11/2021 19:05 CDT,96090,29.25,27.19,2.09,8.785,94.82,100925.87
TWB14,Uvalde_2020_02,29.60214,-99.73007,436.7784,6/28/21,p,2021,04/11/2021 19:10 CDT,96092,29.16,27.73,1.825,8.785,63.33,100929.92
TWB14,Uvalde_2020_02,29.60214,-99.73007,436.7784,6/28/21,p,2021,04/11/2021 19:15 CDT,96096,28.97,28.74,1.845,8.785,43.57,100937.06
TWB14,Uvalde_2020_02,29.60214,-99.73007,436.7784,6/28/21,p,2021,04/11/2021 19:20 CDT,96100,28.75,29.07,1.575,8.785,36.13,100945.19
TWB14,Uvalde_2020_02,29.60214,-99.73007,436.7784,6/28/21,p,2021,04/11/2021 19:25 CDT,96096,28.53,29.95,1.085,8.785,37.51,100944.75
TWB14,Uvalde_2020_02,29.60214,-99.73007,436.7784,6/28/21,p,2021,04/11/2021 19:30 CDT,96094,28.3,30.86,0.915,8.785,31.82,100946.91
TWB14,Uvalde_2020_02,29.60214,-99.73007,436.7784,6/28/21,p,2021,04/11/2021 19:35 CDT,96095,28.07,31.23,0.59,8.785,27.34,100952.07
TWB14,Uvalde_2020_02,29.60214,-99.73007,436.7784,6/28/21,p,2021,04/11/2021 19:40 CDT,96095,27.87,31.23,1.05,8.785,31.58,100957.34
TWB14,Uvalde_2020_02,29.60214,-99.73007,436.7784,6/28/21,p,2021,04/11/2021 19:45 CDT,96096,27.78,31.5,1.145,8.785,32.31,100961.2
TWB14,Uvalde_2020_02,29.60214,-99.73007,436.7784,6/28/21,p,2021,04/11/2021 19:50 CDT,96093,27.67,31.51,1.29,8.785,30.95,100959.86
TWB14,Uvalde_2020_02,29.60214,-99.73007,436.7784,6/28/21,p,2021,04/11/2021 19:55 CDT,96094,27.56,32.01,1.025,8.785,23.76,100963.06
TWB14,Uvalde_2020_02,29.60214,-99.73007,436.7784,6/28/21,p,2021,04/11/2021 20:00 CDT,96103,27.36,32.72,0.735,8.785,11.83,100975.49
TWB14,Uvalde_2020_02,29.60214,-99.73007,436.7784,6/28/21,p,2021,04/11/2021 20:05 CDT,96106,27.01,33.67,0.45,8.785,5.35,100984.27
TWB14,Uvalde_2020_02,29.60214,-99.73007,436.7784,6/28/21,p,2021,04/11/2021 20:10 CDT,96108,26.59,34.48,0.31,8.785,3.4,100993.19
TWB14,Uvalde_2020_02,29.60214,-99.73007,436.7784,6/28/21,p,2021,04/11/2021 20:15 CDT,96109,26.17,35.59,0.295,8.785,2.97,101002.74
TWB14,Uvalde_2020_02,29.60214,-99.73007,436.7784,6/28/21,p,2021,04/11/2021 20:20 CDT,96111,25.83,36.4,0.43,8.785,2.62,101013.37
TWB14,Uvalde_2020_02,29.60214,-99.73007,436.7784,6/28/21,p,2021,04/11/2021 20:25 CDT,96117,25.61,37.11,0.43,8.785,2.56,101027.24
TWB14,Uvalde_2020_02,29.60214,-99.73007,436.7784,6/28/21,p,2021,04/11/2021 20:30 CDT,96123,25.43,37.72,0.32,8.785,2.23,101038.93
TWB14,Uvalde_2020_02,29.60214,-99.73007,436.7784,6/28/21,p,2021,04/11/2021 20:35 CDT,96132,25.08,38.8,0.03,8.785,1.88,101053.78
TWB14,Uvalde_2020_02,29.60214,-99.73007,436.7784,6/28/21,p,2021,04/11/2021 20:40 CDT,96139,24.67,39.95,0.195,8.785,1.94,101067.73
TWB14,Uvalde_2020_02,29.60214,-99.73007,436.7784,6/28/21,p,2021,04/11/2021 20:45 CDT,96144,24.45,40.89,0.295,8.785,1.43,101079.6
TWB14,Uvalde_2020_02,29.60214,-99.73007,436.7784,6/28/21,p,2021,04/11/2021 20:50 CDT,96146,24.23,41.77,0.3,8.785,0.78,101088.85
TWB14,Uvalde_2020_02,29.60214,-99.73007,436.7784,6/28/21,p,2021,04/11/2021 20:55 CDT,96157,23.88,42.82,0.155,8.785,0.64,101106.04
TWB14,Uvalde_2020_02,29.60214,-99.73007,436.7784,6/28/21,p,2021,04/11/2021 21:00 CDT,96173,23.64,43.87,0.215,8.785,0.71,101127.81
TWB14,Uvalde_2020_02,29.60214,-99.73007,436.7784,6/28/21,p,2021,04/11/2021 21:05 CDT,96182,23.34,44.61,0.08,8.785,1.36,101142.24
TWB14,Uvalde_2020_02,29.60214,-99.73007,436.7784,6/28/21,p,2021,04/11/2021 21:10 CDT,96184,23.11,45.42,0.16,8.785,1.05,101150.18
TWB14,Uvalde_2020_02,29.60214,-99.73007,436.7784,6/28/21,p,2021,04/11/2021 21:15 CDT,96189,22.9,45.76,0.435,8.785,0.47,101160.09
TWB14,Uvalde_2020_02,29.60214,-99.73007,436.7784,6/28/21,p,2021,04/11/2021 21:20 CDT,96197,22.8,45.9,0.45,8.785,0.28,101171.43
TWB14,Uvalde_2020_02,29.60214,-99.73007,436.7784,6/28/21,p,2021,04/11/2021 21:25 CDT,96200,22.64,46.71,0.21,8.785,0.4,101178.03
TWB14,Uvalde_2020_02,29.60214,-99.73007,436.7784,6/28/21,p,2021,04/11/2021 21:30 CDT,96207,22.37,47.52,0.115,8.785,0.6,101190.06
TWB14,Uvalde_2020_02,29.60214,-99.73007,436.7784,6/28/21,p,2021,04/11/2021 21:35 CDT,96219,22.12,48.23,0.26,8.785,0.36,101207.88
TWB14,Uvalde_2020_02,29.60214,-99.73007,436.7784,6/28/21,p,2021,04/11/2021 21:40 CDT,96232,21.65,49.51,0.08,8.785,0.81,101227.1
TWB14,Uvalde_2020_02,29.60214,-99.73007,436.7784,6/28/21,p,2021,04/11/2021 21:45 CDT,96245,21.18,49.75,0.11,8.785,0.43,101246.18
TWB14,Uvalde_2020_02,29.60214,-99.73007,436.7784,6/28/21,p,2021,04/11/2021 21:50 CDT,96253,20.82,50.29,0.195,8.785,0.17,101258.43
TWB14,Uvalde_2020_02,29.60214,-99.73007,436.7784,6/28/21,p,2021,04/11/2021 21:55 CDT,96264,20.66,50.63,0.12,8.785,0.22,101273.67
TWB14,Uvalde_2020_02,29.60214,-99.73007,436.7784,6/28/21,p,2021,04/11/2021 22:00 CDT,96275,20.45,51.24,0.04,8.785,0.59,101288.21
TWB14,Uvalde_2020_02,29.60214,-99.73007,436.7784,6/28/21,p,2021,04/11/2021 22:05 CDT,96276,20.21,51.37,0,8.785,0.99,101292.24
TWB14,Uvalde_2020_02,29.60214,-99.73007,436.7784,6/28/21,p,2021,04/11/2021 22:10 CDT,96277,19.88,51.91,0.09,8.785,0.52,101297.5
TWB14,Uvalde_2020_02,29.60214,-99.73007,436.7784,6/28/21,p,2021,04/11/2021 22:15 CDT,96279,19.47,53.63,0.36,8.785,0.01,101304.87
TWB14,Uvalde_2020_02,29.60214,-99.73007,436.7784,6/28/21,p,2021,04/11/2021 22:20 CDT,96282,19.03,54.65,0.26,8.785,0.29,101313.66
TWB14,Uvalde_2020_02,29.60214,-99.73007,436.7784,6/28/21,p,2021,04/11/2021 22:25 CDT,96291,18.77,55.29,0,8.785,1.35,101327.01
TWB14,Uvalde_2020_02,29.60214,-99.73007,436.7784,6/28/21,p,2021,04/11/2021 22:30 CDT,96297,18.6,55.9,0,8.785,1.57,101337.39
TWB14,Uvalde_2020_02,29.60214,-99.73007,436.7784,6/28/21,p,2021,04/11/2021 22:35 CDT,96312,18.33,56.25,0,8.785,1.25,101357.6
TWB14,Uvalde_2020_02,29.60214,-99.73007,436.7784,6/28/21,p,2021,04/11/2021 22:40 CDT,96316,18.07,56.18,0.28,8.785,0.23,101366.07
TWB14,Uvalde_2020_02,29.60214,-99.73007,436.7784,6/28/21,p,2021,04/11/2021 22:45 CDT,96317,17.88,56.35,0.645,8.785,0,101372.1
TWB14,Uvalde_2020_02,29.60214,-99.73007,436.7784,6/28/21,p,2021,04/11/2021 22:50 CDT,96317,17.87,57.06,0.41,8.785,0,101375.3
TWB14,Uvalde_2020_02,29.60214,-99.73007,436.7784,6/28/21,p,2021,04/11/2021 22:55 CDT,96318,17.85,57.46,0.405,8.785,0.11,101379.38
TWB14,Uvalde_2020_02,29.60214,-99.73007,436.7784,6/28/21,p,2021,04/11/2021 23:00 CDT,96318,17.71,58.07,0.135,8.785,0.34,101382.41
TWB14,Uvalde_2020_02,29.60214,-99.73007,436.7784,6/28/21,p,2021,04/11/2021 23:05 CDT,96318,17.44,58.68,0.03,8.785,0.75,101384.37
TWB14,Uvalde_2020_02,29.60214,-99.73007,436.7784,6/28/21,p,2021,04/11/2021 23:10 CDT,96322,17.18,59.99,0.15,8.785,0.48,101390.72
TWB14,Uvalde_2020_02,29.60214,-99.73007,436.7784,6/28/21,p,2021,04/11/2021 23:15 CDT,96333,17.02,61.95,0.16,8.785,0.59,101404.08
TWB14,Uvalde_2020_02,29.60214,-99.73007,436.7784,6/28/21,p,2021,04/11/2021 23:20 CDT,96355,16.81,65.43,0.04,8.785,0.64,101428.48
TWB14,Uvalde_2020_02,29.60214,-99.73007,436.7784,6/28/21,p,2021,04/11/2021 23:25 CDT,96375,16.66,65.77,0.175,8.785,0.46,101451.68
TWB14,Uvalde_2020_02,29.60214,-99.73007,436.7784,6/28/21,p,2021,04/11/2021 23:30 CDT,96376,16.67,63.45,0.3,8.785,0.01,101454.18
TWB14,Uvalde_2020_02,29.60214,-99.73007,436.7784,6/28/21,p,2021,04/11/2021 23:35 CDT,96378,16.94,63.75,0.235,8.785,0.02,101456.28
TWB14,Uvalde_2020_02,29.60214,-99.73007,436.7784,6/28/21,p,2021,04/11/2021 23:40 CDT,96379,17.27,62.47,0.315,8.785,0.02,101456.63
TWB14,Uvalde_2020_02,29.60214,-99.73007,436.7784,6/28/21,p,2021,04/11/2021 23:45 CDT,96379,17.85,61.22,0.565,8.785,0,101453.76
TWB14,Uvalde_2020_02,29.60214,-99.73007,436.7784,6/28/21,p,2021,04/11/2021 23:50 CDT,96379,18.52,60.92,0.865,8.785,0.01,101450.36
TWB14,Uvalde_2020_02,29.60214,-99.73007,436.7784,6/28/21,p,2021,04/11/2021 23:55 CDT,96381,19.13,61.73,1.23,8.785,0,101442.28
TWB14,Uvalde_2020_02,29.60214,-99.73007,436.7784,6/28/21,p,2021,04/12/2021 00:00 CDT,96383,20.02,62.34,1.385,8.785,0,101424.84
TWB14,Uvalde_2020_02,29.60214,-99.73007,436.7784,6/28/21,p,2021,04/12/2021 00:05 CDT,96386,20.64,58.02,1.355,8.785,0,101414.43
TWB14,Uvalde_2020_02,29.60214,-99.73007,436.7784,6/28/21,p,2021,04/12/2021 00:10 CDT,96385,21.57,57.01,1.775,8.785,0,101390.79
TWB14,Uvalde_2020_02,29.60214,-99.73007,436.7784,6/28/21,p,2021,04/12/2021 00:15 CDT,96384,22.13,56.2,2.055,8.785,0,101373.4
TWB14,Uvalde_2020_02,29.60214,-99.73007,436.7784,6/28/21,p,2021,04/12/2021 00:20 CDT,96382,22.68,54.91,1.725,8.785,0,101354.38
TWB14,Uvalde_2020_02,29.60214,-99.73007,436.7784,6/28/21,p,2021,04/12/2021 00:25 CDT,96381,22.66,56.26,1.775,8.785,0,101350.91
TWB14,Uvalde_2020_02,29.60214,-99.73007,436.7784,6/28/21,p,2021,04/12/2021 00:30 CDT,96379,22.67,57.48,1.765,8.785,0,101347.42
TWB14,Uvalde_2020_02,29.60214,-99.73007,436.7784,6/28/21,p,2021,04/12/2021 00:35 CDT,96378,22.71,57.74,1.94,8.785,0,101345.16
TWB14,Uvalde_2020_02,29.60214,-99.73007,436.7784,6/28/21,p,2021,04/12/2021 00:40 CDT,96377,22.69,58.35,1.645,8.785,0,101342.9
TWB14,Uvalde_2020_02,29.60214,-99.73007,436.7784,6/28/21,p,2021,04/12/2021 00:45 CDT,96380,22.52,59.9,1.415,8.785,0.03,101348.45
TWB14,Uvalde_2020_02,29.60214,-99.73007,436.7784,6/28/21,p,2021,04/12/2021 00:50 CDT,96379,22.45,61.21,1.76,8.785,0,101348.77
TWB14,Uvalde_2020_02,29.60214,-99.73007,436.7784,6/28/21,p,2021,04/12/2021 00:55 CDT,96382,22.46,61.78,1.935,8.785,0,101352.09
TWB14,Uvalde_2020_02,29.60214,-99.73007,436.7784,6/28/21,p,2021,04/12/2021 01:00 CDT,96379,22.34,62.62,1.65,8.785,0,101350.13
TWB14,Uvalde_2020_02,29.60214,-99.73007,436.7784,6/28/21,p,2021,04/12/2021 01:05 CDT,96374,22.25,62.59,1.665,8.785,0,101346.77
TWB14,Uvalde_2020_02,29.60214,-99.73007,436.7784,6/28/21,p,2021,04/12/2021 01:10 CDT,96384,22.26,62.66,2.235,8.785,0,101357.11
TWB14,Uvalde_2020_02,29.60214,-99.73007,436.7784,6/28/21,p,2021,04/12/2021 01:15 CDT,96397,22.39,62.12,2.865,8.785,0,101368.38
TWB14,Uvalde_2020_02,29.60214,-99.73007,436.7784,6/28/21,p,2021,04/12/2021 01:20 CDT,96398,22.31,63.03,1.935,8.785,0,101369.42
TWB14,Uvalde_2020_02,29.60214,-99.73007,436.7784,6/28/21,p,2021,04/12/2021 01:25 CDT,96389,22.12,64.1,2.05,8.785,0,101363.05
TWB14,Uvalde_2020_02,29.60214,-99.73007,436.7784,6/28/21,p,2021,04/12/2021 01:30 CDT,96382,22,64.61,2.005,8.785,0,101357.93
TWB14,Uvalde_2020_02,29.60214,-99.73007,436.7784,6/28/21,p,2021,04/12/2021 01:35 CDT,96382,21.9,65.08,1.98,8.785,0,101359.82
TWB14,Uvalde_2020_02,29.60214,-99.73007,436.7784,6/28/21,p,2021,04/12/2021 01:40 CDT,96387,21.82,65.38,2.235,8.785,0,101366.46
TWB14,Uvalde_2020_02,29.60214,-99.73007,436.7784,6/28/21,p,2021,04/12/2021 01:45 CDT,96390,21.79,65.74,2.005,8.785,0,101370.3
TWB14,Uvalde_2020_02,29.60214,-99.73007,436.7784,6/28/21,p,2021,04/12/2021 01:50 CDT,96388,21.71,66.28,2.17,8.785,0,101369.4
TWB14,Uvalde_2020_02,29.60214,-99.73007,436.7784,6/28/21,p,2021,04/12/2021 01:55 CDT,96388,21.64,66.62,2.085,8.785,0,101370.61
TWB14,Uvalde_2020_02,29.60214,-99.73007,436.7784,6/28/21,p,2021,04/12/2021 02:00 CDT,96387,21.55,67.16,1.805,8.785,0,101370.76
TWB14,Uvalde_2020_02,29.60214,-99.73007,436.7784,6/28/21,p,2021,04/12/2021 02:05 CDT,96387,21.44,67.83,1.995,8.785,0,101372.66
TWB14,Uvalde_2020_02,29.60214,-99.73007,436.7784,6/28/21,p,2021,04/12/2021 02:10 CDT,96387,21.42,67.83,2.015,8.785,0,101373.35
TWB14,Uvalde_2020_02,29.60214,-99.73007,436.7784,6/28/21,p,2021,04/12/2021 02:15 CDT,96391,21.29,67.76,1.94,8.785,0,101379.12
TWB14,Uvalde_2020_02,29.60214,-99.73007,436.7784,6/28/21,p,2021,04/12/2021 02:20 CDT,96387,21.22,67.63,2.265,8.785,0,101376.47
TWB14,Uvalde_2020_02,29.60214,-99.73007,436.7784,6/28/21,p,2021,04/12/2021 02:25 CDT,96386,21.16,67.86,2.155,8.785,0,101376.81
TWB14,Uvalde_2020_02,29.60214,-99.73007,436.7784,6/28/21,p,2021,04/12/2021 02:30 CDT,96383,21.09,67.96,1.81,8.785,0,101374.69
TWB14,Uvalde_2020_02,29.60214,-99.73007,436.7784,6/28/21,p,2021,04/12/2021 02:35 CDT,96374,21.03,68.1,2.205,8.785,0,101366.09
TWB14,Uvalde_2020_02,29.60214,-99.73007,436.7784,6/28/21,p,2021,04/12/2021 02:40 CDT,96376,20.93,68.78,1.63,8.785,0,101369.58
TWB14,Uvalde_2020_02,29.60214,-99.73007,436.7784,6/28/21,p,2021,04/12/2021 02:45 CDT,96375,20.79,69.58,1.73,8.785,0,101371.3
TWB14,Uvalde_2020_02,29.60214,-99.73007,436.7784,6/28/21,p,2021,04/12/2021 02:50 CDT,96370,20.69,70.33,1.98,8.785,0,101367.61
TWB14,Uvalde_2020_02,29.60214,-99.73007,436.7784,6/28/21,p,2021,04/12/2021 02:55 CDT,96372,20.61,70.73,1.945,8.785,0,101371.1
TWB14,Uvalde_2020_02,29.60214,-99.73007,436.7784,6/28/21,p,2021,04/12/2021 03:00 CDT,96374,20.51,71.07,1.76,8.785,0,101374.94
TWB14,Uvalde_2020_02,29.60214,-99.73007,436.7784,6/28/21,p,2021,04/12/2021 03:05 CDT,96369,20.45,71.17,1.79,8.785,0,101370.9
TWB14,Uvalde_2020_02,29.60214,-99.73007,436.7784,6/28/21,p,2021,04/12/2021 03:10 CDT,96360,20.4,71.68,1.655,8.785,0,101362.3
TWB14,Uvalde_2020_02,29.60214,-99.73007,436.7784,6/28/21,p,2021,04/12/2021 03:15 CDT,96360,20.35,71.74,1.875,8.785,0,101363.35
TWB14,Uvalde_2020_02,29.60214,-99.73007,436.7784,6/28/21,p,2021,04/12/2021 03:20 CDT,96360,20.3,71.88,1.38,8.785,0,101364.04
TWB14,Uvalde_2020_02,29.60214,-99.73007,436.7784,6/28/21,p,2021,04/12/2021 03:25 CDT,96360,20.24,72.21,1.215,8.785,0,101365.09
TWB14,Uvalde_2020_02,29.60214,-99.73007,436.7784,6/28/21,p,2021,04/12/2021 03:30 CDT,96358,20.14,72.65,0.995,8.785,0,101364.2
TWB14,Uvalde_2020_02,29.60214,-99.73007,436.7784,6/28/21,p,2021,04/12/2021 03:35 CDT,96350,20.04,73.26,1.315,8.785,0,101358.05
TWB14,Uvalde_2020_02,29.60214,-99.73007,436.7784,6/28/21,p,2021,04/12/2021 03:40 CDT,96347,19.97,73.23,1.235,8.785,0,101356.3
TWB14,Uvalde_2020_02,29.60214,-99.73007,436.7784,6/28/21,p,2021,04/12/2021 03:45 CDT,96346,19.88,73.97,1.125,8.785,0,101356.64
TWB14,Uvalde_2020_02,29.60214,-99.73007,436.7784,6/28/21,p,2021,04/12/2021 03:50 CDT,96346,19.83,73.77,1.41,8.785,0,101358.04
TWB14,Uvalde_2020_02,29.60214,-99.73007,436.7784,6/28/21,p,2021,04/12/2021 03:55 CDT,96345,19.76,74.2,0.93,8.785,0,101358.04
TWB14,Uvalde_2020_02,29.60214,-99.73007,436.7784,6/28/21,p,2021,04/12/2021 04:00 CDT,96347,19.64,74.68,1.075,8.785,0,101362.06
TWB14,Uvalde_2020_02,29.60214,-99.73007,436.7784,6/28/21,p,2021,04/12/2021 04:05 CDT,96343,19.56,75.39,1.555,8.785,0,101360.13
TWB14,Uvalde_2020_02,29.60214,-99.73007,436.7784,6/28/21,p,2021,04/12/2021 04:10 CDT,96336,19.48,75.53,1.045,8.785,0,101353.64
TWB14,Uvalde_2020_02,29.60214,-99.73007,436.7784,6/28/21,p,2021,04/12/2021 04:15 CDT,96340,19.41,76.61,1.235,8.785,0,101359.07
TWB14,Uvalde_2020_02,29.60214,-99.73007,436.7784,6/28/21,p,2021,04/12/2021 04:20 CDT,96343,19.32,77.35,1.095,8.785,0,101363.8
TWB14,Uvalde_2020_02,29.60214,-99.73007,436.7784,6/28/21,p,2021,04/12/2021 04:25 CDT,96340,19.23,77.79,1.105,8.785,0,101362.58
TWB14,Uvalde_2020_02,29.60214,-99.73007,436.7784,6/28/21,p,2021,04/12/2021 04:30 CDT,96345,19.14,78.1,0.86,8.785,0.04,101369.07
TWB14,Uvalde_2020_02,29.60214,-99.73007,436.7784,6/28/21,p,2021,04/12/2021 04:35 CDT,96348,18.93,79.04,0.57,8.785,0.35,101375.74
TWB14,Uvalde_2020_02,29.60214,-99.73007,436.7784,6/28/21,p,2021,04/12/2021 04:40 CDT,96345,18.6,79.93,0.27,8.785,0.92,101376.98
TWB14,Uvalde_2020_02,29.60214,-99.73007,436.7784,6/28/21,p,2021,04/12/2021 04:45 CDT,96344,18.34,81.3,0.24,8.785,1.35,101380.33
TWB14,Uvalde_2020_02,29.60214,-99.73007,436.7784,6/28/21,p,2021,04/12/2021 04:50 CDT,96344,18.23,82.3,0.425,8.785,0.8,101385.1
TWB14,Uvalde_2020_02,29.60214,-99.73007,436.7784,6/28/21,p,2021,04/12/2021 04:55 CDT,96342,18.01,83.6,0.175,8.785,0.4,101388.31
TWB14,Uvalde_2020_02,29.60214,-99.73007,436.7784,6/28/21,p,2021,04/12/2021 05:00 CDT,96343,17.92,83.7,0.41,8.785,0.72,101392.2
TWB14,Uvalde_2020_02,29.60214,-99.73007,436.7784,6/28/21,p,2021,04/12/2021 05:05 CDT,96339,17.77,85.4,0.255,8.785,1.09,101391.36
TWB14,Uvalde_2020_02,29.60214,-99.73007,436.7784,6/28/21,p,2021,04/12/2021 05:10 CDT,96346,17.76,86.7,0.545,8.785,0.18,101400.85
TWB14,Uvalde_2020_02,29.60214,-99.73007,436.7784,6/28/21,p,2021,04/12/2021 05:15 CDT,96357,17.68,86.7,0.645,8.785,0,101414.39
TWB14,Uvalde_2020_02,29.60214,-99.73007,436.7784,6/28/21,p,2021,04/12/2021 05:20 CDT,96353,17.45,88.4,1.13,8.785,0,101411.24
TWB14,Uvalde_2020_02,29.60214,-99.73007,436.7784,6/28/21,p,2021,04/12/2021 05:25 CDT,96348,17.64,88.1,1.355,8.785,0,101403.48
TWB14,Uvalde_2020_02,29.60214,-99.73007,436.7784,6/28/21,p,2021,04/12/2021 05:30 CDT,96354,17.81,87.8,1.09,8.785,0,101405.35
TWB14,Uvalde_2020_02,29.60214,-99.73007,436.7784,6/28/21,p,2021,04/12/2021 05:35 CDT,96362,17.97,88.2,1.465,8.785,0,101410.39
TWB14,Uvalde_2020_02,29.60214,-99.73007,436.7784,6/28/21,p,2021,04/12/2021 05:40 CDT,96372,18.11,88,1.155,8.785,0,101417.19
TWB14,Uvalde_2020_02,29.60214,-99.73007,436.7784,6/28/21,p,2021,04/12/2021 05:45 CDT,96374,18.21,87.7,1.27,8.785,0,101417
TWB14,Uvalde_2020_02,29.60214,-99.73007,436.7784,6/28/21,p,2021,04/12/2021 05:50 CDT,96366,18.32,87.4,1.505,8.785,0,101405.92
TWB14,Uvalde_2020_02,29.60214,-99.73007,436.7784,6/28/21,p,2021,04/12/2021 05:55 CDT,96375,18.43,87.7,1.94,8.785,0,101413.09
TWB14,Uvalde_2020_02,29.60214,-99.73007,436.7784,6/28/21,p,2021,04/12/2021 06:00 CDT,96375,18.48,87.7,1.785,8.785,0,101411.15
TWB14,Uvalde_2020_02,29.60214,-99.73007,436.7784,6/28/21,p,2021,04/12/2021 06:05 CDT,96374,18.5,87.5,1.545,8.785,0,101409.22
TWB14,Uvalde_2020_02,29.60214,-99.73007,436.7784,6/28/21,p,2021,04/12/2021 06:10 CDT,96375,18.51,87.3,1.095,8.785,0,101409.92
TWB14,Uvalde_2020_02,29.60214,-99.73007,436.7784,6/28/21,p,2021,04/12/2021 06:15 CDT,96377,18.51,87.6,1.43,8.785,0,101412.02
TWB14,Uvalde_2020_02,29.60214,-99.73007,436.7784,6/28/21,p,2021,04/12/2021 06:20 CDT,96379,18.51,87.5,1.19,8.785,0,101414.12
TWB14,Uvalde_2020_02,29.60214,-99.73007,436.7784,6/28/21,p,2021,04/12/2021 06:25 CDT,96383,18.51,87.6,1.56,8.785,0,101418.33
TWB14,Uvalde_2020_02,29.60214,-99.73007,436.7784,6/28/21,p,2021,04/12/2021 06:30 CDT,96395,18.51,87.5,1.26,8.785,0,101430.78
TWB14,Uvalde_2020_02,29.60214,-99.73007,436.7784,6/28/21,p,2021,04/12/2021 06:35 CDT,96408,18.51,87.6,1.23,8.785,0,101444.28
TWB14,Uvalde_2020_02,29.60214,-99.73007,436.7784,6/28/21,p,2021,04/12/2021 06:40 CDT,96424,18.52,87.6,1.15,8.785,0,101460.77
TWB14,Uvalde_2020_02,29.60214,-99.73007,436.7784,6/28/21,p,2021,04/12/2021 06:45 CDT,96425,18.52,87.8,1.51,8.785,0,101461.82
TWB14,Uvalde_2020_02,29.60214,-99.73007,436.7784,6/28/21,p,2021,04/12/2021 06:50 CDT,96427,18.5,87.7,1.515,8.785,0,101464.28
TWB14,Uvalde_2020_02,29.60214,-99.73007,436.7784,6/28/21,p,2021,04/12/2021 06:55 CDT,96435,18.51,87.7,1.275,8.785,0,101472.52
TWB14,Uvalde_2020_02,29.60214,-99.73007,436.7784,6/28/21,p,2021,04/12/2021 07:00 CDT,96444,18.5,87.7,1.31,8.785,0,101481.99
TWB14,Uvalde_2020_02,29.60214,-99.73007,436.7784,6/28/21,p,2021,04/12/2021 07:05 CDT,96453,18.51,87.8,1.58,8.785,0,101491.28
TWB14,Uvalde_2020_02,29.60214,-99.73007,436.7784,6/28/21,p,2021,04/12/2021 07:10 CDT,96460,18.47,88,1.615,8.785,0.24,101499.18
TWB14,Uvalde_2020_02,29.60214,-99.73007,436.7784,6/28/21,p,2021,04/12/2021 07:15 CDT,96478,18.46,88.2,2.025,8.785,0.68,101518.29
TWB14,Uvalde_2020_02,29.60214,-99.73007,436.7784,6/28/21,p,2021,04/12/2021 07:20 CDT,96479,18.44,88.4,1.935,8.785,1,101519.34
TWB14,Uvalde_2020_02,29.60214,-99.73007,436.7784,6/28/21,p,2021,04/12/2021 07:25 CDT,96493,18.44,88.5,1.78,8.785,1.87,101534.07
TWB14,Uvalde_2020_02,29.60214,-99.73007,436.7784,6/28/21,p,2021,04/12/2021 07:30 CDT,96497,18.45,88.6,2.25,8.785,3.7,101538.28
TWB14,Uvalde_2020_02,29.60214,-99.73007,436.7784,6/28/21,p,2021,04/12/2021 07:35 CDT,96494,18.45,88.6,2.005,8.785,6.01,101535.13
TWB14,Uvalde_2020_02,29.60214,-99.73007,436.7784,6/28/21,p,2021,04/12/2021 07:40 CDT,96499,18.44,88.7,2.345,8.785,7.6,101540.56
TWB14,Uvalde_2020_02,29.60214,-99.73007,436.7784,6/28/21,p,2021,04/12/2021 07:45 CDT,96501,18.44,88.8,2.19,8.785,6.26,101542.67
TWB14,Uvalde_2020_02,29.60214,-99.73007,436.7784,6/28/21,p,2021,04/12/2021 07:50 CDT,96502,18.46,88.9,2.185,8.785,9.73,101543.72
TWB14,Uvalde_2020_02,29.60214,-99.73007,436.7784,6/28/21,p,2021,04/12/2021 07:55 CDT,96512,18.45,88.8,2.14,8.785,9.82,101554.24
TWB14,Uvalde_2020_02,29.60214,-99.73007,436.7784,6/28/21,p,2021,04/12/2021 08:00 CDT,96522,18.44,89.1,2.285,8.785,7.88,101564.76
TWB14,Uvalde_2020_02,29.60214,-99.73007,436.7784,6/28/21,p,2021,04/12/2021 08:05 CDT,96531,18.42,89.3,2.055,8.785,6.78,101574.23
TWB14,Uvalde_2020_02,29.60214,-99.73007,436.7784,6/28/21,p,2021,04/12/2021 08:10 CDT,96538,18.4,89.5,1.88,8.785,12.65,101581.6
TWB14,Uvalde_2020_02,29.60214,-99.73007,436.7784,6/28/21,p,2021,04/12/2021 08:15 CDT,96537,18.39,89.8,2.435,8.785,18.93,101580.9
TWB14,Uvalde_2020_02,29.60214,-99.73007,436.7784,6/28/21,p,2021,04/12/2021 08:20 CDT,96534,18.38,90,2.045,8.785,19.26,101577.74
TWB14,Uvalde_2020_02,29.60214,-99.73007,436.7784,6/28/21,p,2021,04/12/2021 08:25 CDT,96539,18.35,90.4,2.685,8.785,26.51,101583.53
TWB14,Uvalde_2020_02,29.60214,-99.73007,436.7784,6/28/21,p,2021,04/12/2021 08:30 CDT,96548,18.34,90.4,2.19,8.785,27.15,101593.35
TWB14,Uvalde_2020_02,29.60214,-99.73007,436.7784,6/28/21,p,2021,04/12/2021 08:35 CDT,96554,18.36,90.7,1.955,8.785,27.47,101599.31
TWB14,Uvalde_2020_02,29.60214,-99.73007,436.7784,6/28/21,p,2021,04/12/2021 08:40 CDT,96561,18.38,90.7,2.365,8.785,26.59,101606.14
TWB14,Uvalde_2020_02,29.60214,-99.73007,436.7784,6/28/21,p,2021,04/12/2021 08:45 CDT,96558,18.38,90.7,2.575,8.785,31.32,101603.16
TWB14,Uvalde_2020_02,29.60214,-99.73007,436.7784,6/28/21,p,2021,04/12/2021 08:50 CDT,96567,18.4,90.7,2.29,8.785,28.91,101612.28
TWB14,Uvalde_2020_02,29.60214,-99.73007,436.7784,6/28/21,p,2021,04/12/2021 08:55 CDT,96581,18.42,90.7,2.075,8.785,30.31,101626.84
TWB14,Uvalde_2020_02,29.60214,-99.73007,436.7784,6/28/21,p,2021,04/12/2021 09:00 CDT,96584,18.46,90.6,2.415,8.785,36.34,101629.46
TWB14,Uvalde_2020_02,29.60214,-99.73007,436.7784,6/28/21,p,2021,04/12/2021 09:05 CDT,96581,18.54,90.4,1.88,8.785,45.19,101625.25
TWB14,Uvalde_2020_02,29.60214,-99.73007,436.7784,6/28/21,p,2021,04/12/2021 09:10 CDT,96573,18.62,90.1,2.62,8.785,55.1,101615.06
TWB14,Uvalde_2020_02,29.60214,-99.73007,436.7784,6/28/21,p,2021,04/12/2021 09:15 CDT,96575,18.71,89.4,2.535,8.785,45.96,101615.76
TWB14,Uvalde_2020_02,29.60214,-99.73007,436.7784,6/28/21,p,2021,04/12/2021 09:20 CDT,96574,18.73,89.4,2.475,8.785,39.78,101614.17
TWB14,Uvalde_2020_02,29.60214,-99.73007,436.7784,6/28/21,p,2021,04/12/2021 09:25 CDT,96570,18.84,88.7,1.86,8.785,63.41,101608.38
TWB14,Uvalde_2020_02,29.60214,-99.73007,436.7784,6/28/21,p,2021,04/12/2021 09:30 CDT,96561,19.01,87.5,2.42,8.785,83.35,101596.1
TWB14,Uvalde_2020_02,29.60214,-99.73007,436.7784,6/28/21,p,2021,04/12/2021 09:35 CDT,96556,19.11,87.4,2.35,8.785,84.51,101588.72
TWB14,Uvalde_2020_02,29.60214,-99.73007,436.7784,6/28/21,p,2021,04/12/2021 09:40 CDT,96574,19.24,86.4,1.98,8.785,92.29,101605.38
TWB14,Uvalde_2020_02,29.60214,-99.73007,436.7784,6/28/21,p,2021,04/12/2021 09:45 CDT,96576,19.35,86.3,1.84,8.785,58.07,101605.2
TWB14,Uvalde_2020_02,29.60214,-99.73007,436.7784,6/28/21,p,2021,04/12/2021 09:50 CDT,96586,19.35,86.1,2.63,8.785,45.36,101614.84
TWB14,Uvalde_2020_02,29.60214,-99.73007,436.7784,6/28/21,p,2021,04/12/2021 09:55 CDT,96590,19.42,85.8,1.575,8.785,77.19,101619.05
TWB14,Uvalde_2020_02,29.60214,-99.73007,436.7784,6/28/21,p,2021,04/12/2021 10:00 CDT,96579,19.56,85,2.64,8.785,96.75,101604.5
TWB14,Uvalde_2020_02,29.60214,-99.73007,436.7784,6/28/21,p,2021,04/12/2021 10:05 CDT,96578,19.67,84.1,1.97,8.785,100.45,101601.17
TWB14,Uvalde_2020_02,29.60214,-99.73007,436.7784,6/28/21,p,2021,04/12/2021 10:10 CDT,96586,19.84,83.2,2.215,8.785,131.86,101606.78
TWB14,Uvalde_2020_02,29.60214,-99.73007,436.7784,6/28/21,p,2021,04/12/2021 10:15 CDT,96583,20.11,82.6,1.535,8.785,132.4,101599.26
TWB14,Uvalde_2020_02,29.60214,-99.73007,436.7784,6/28/21,p,2021,04/12/2021 10:20 CDT,96581,20.24,81.4,2.61,8.785,140.88,101593.49
TWB14,Uvalde_2020_02,29.60214,-99.73007,436.7784,6/28/21,p,2021,04/12/2021 10:25 CDT,96591,20.26,81,2.16,8.785,103.42,101603.66
TWB14,Uvalde_2020_02,29.60214,-99.73007,436.7784,6/28/21,p,2021,04/12/2021 10:30 CDT,96600,20.31,81,2.41,8.785,115.13,101612.08
TWB14,Uvalde_2020_02,29.60214,-99.73007,436.7784,6/28/21,p,2021,04/12/2021 10:35 CDT,96598,20.46,79.76,2.325,8.785,154.4,101607.89
TWB14,Uvalde_2020_02,29.60214,-99.73007,436.7784,6/28/21,p,2021,04/12/2021 10:40 CDT,96609,20.65,78.74,1.985,8.785,106.65,101615.81
TWB14,Uvalde_2020_02,29.60214,-99.73007,436.7784,6/28/21,p,2021,04/12/2021 10:45 CDT,96601,20.74,78.41,2.085,8.785,125.4,101605.48
TWB14,Uvalde_2020_02,29.60214,-99.73007,436.7784,6/28/21,p,2021,04/12/2021 10:50 CDT,96601,20.98,77.32,2.205,8.785,178.1,101602.18
TWB14,Uvalde_2020_02,29.60214,-99.73007,436.7784,6/28/21,p,2021,04/12/2021 10:55 CDT,96597,21.13,76.17,2.605,8.785,226.84,101594.68
TWB14,Uvalde_2020_02,29.60214,-99.73007,436.7784,6/28/21,p,2021,04/12/2021 11:00 CDT,96593,21.29,75.83,2.38,8.785,265.67,101586.84
TWB14,Uvalde_2020_02,29.60214,-99.73007,436.7784,6/28/21,p,2021,04/12/2021 11:05 CDT,96592,21.68,74.35,2.405,8.785,254.44,101579.04
TWB14,Uvalde_2020_02,29.60214,-99.73007,436.7784,6/28/21,p,2021,04/12/2021 11:10 CDT,96591,21.55,74.92,2.725,8.785,155.87,101579.03
TWB14,Uvalde_2020_02,29.60214,-99.73007,436.7784,6/28/21,p,2021,04/12/2021 11:15 CDT,96593,21.57,73.84,1.725,8.785,266.94,101581.48
TWB14,Uvalde_2020_02,29.60214,-99.73007,436.7784,6/28/21,p,2021,04/12/2021 11:20 CDT,96597,21.87,73.07,2.695,8.785,229.82,101580.51
TWB14,Uvalde_2020_02,29.60214,-99.73007,436.7784,6/28/21,p,2021,04/12/2021 11:25 CDT,96612,22.12,72.66,1.64,8.785,248.48,101592.32
TWB14,Uvalde_2020_02,29.60214,-99.73007,436.7784,6/28/21,p,2021,04/12/2021 11:30 CDT,96618,22.22,72.09,2.435,8.785,277.37,101594.67
TWB14,Uvalde_2020_02,29.60214,-99.73007,436.7784,6/28/21,p,2021,04/12/2021 11:35 CDT,96617,22.53,70.1,1.555,8.785,345.29,101591.06
TWB14,Uvalde_2020_02,29.60214,-99.73007,436.7784,6/28/21,p,2021,04/12/2021 11:40 CDT,96606,22.8,69.62,2.225,8.785,350.06,101573.83
TWB14,Uvalde_2020_02,29.60214,-99.73007,436.7784,6/28/21,p,2021,04/12/2021 11:45 CDT,96610,23.07,68.5,1.61,8.785,351.99,101573.07
TWB14,Uvalde_2020_02,29.60214,-99.73007,436.7784,6/28/21,p,2021,04/12/2021 11:50 CDT,96607,23.21,69.14,2.155,8.785,328.16,101565.47
TWB14,Uvalde_2020_02,29.60214,-99.73007,436.7784,6/28/21,p,2021,04/12/2021 11:55 CDT,96604,23.46,67.52,2.24,8.785,519.75,101559.59
TWB14,Uvalde_2020_02,29.60214,-99.73007,436.7784,6/28/21,p,2021,04/12/2021 12:00 CDT,96603,23.79,67.31,2.965,8.785,720.01,101551.73
TWB14,Uvalde_2020_02,29.60214,-99.73007,436.7784,6/28/21,p,2021,04/12/2021 12:05 CDT,96592,24.34,64.68,2.305,8.785,647.63,101530.5
TWB14,Uvalde_2020_02,29.60214,-99.73007,436.7784,6/28/21,p,2021,04/12/2021 12:10 CDT,96578,24.63,61.71,2.3,8.785,670.95,101508.03
TWB14,Uvalde_2020_02,29.60214,-99.73007,436.7784,6/28/21,p,2021,04/12/2021 12:15 CDT,96573,24.79,62.15,2.04,8.785,654.9,101500.07
TWB14,Uvalde_2020_02,29.60214,-99.73007,436.7784,6/28/21,p,2021,04/12/2021 12:20 CDT,96572,25.08,60.83,1.6,8.785,617.19,101497.17
TWB14,Uvalde_2020_02,29.60214,-99.73007,436.7784,6/28/21,p,2021,04/12/2021 12:25 CDT,96570,25.02,61.23,1.99,8.785,466.64,101493.04
TWB14,Uvalde_2020_02,29.60214,-99.73007,436.7784,6/28/21,p,2021,04/12/2021 12:30 CDT,96562,25.44,60.39,1.94,8.785,686.28,101479.26
TWB14,Uvalde_2020_02,29.60214,-99.73007,436.7784,6/28/21,p,2021,04/12/2021 12:35 CDT,96544,25.57,59.71,2.635,8.785,672.47,101457.16
TWB14,Uvalde_2020_02,29.60214,-99.73007,436.7784,6/28/21,p,2021,04/12/2021 12:40 CDT,96541,25.65,59.61,1.605,8.785,664.42,101451.49
TWB14,Uvalde_2020_02,29.60214,-99.73007,436.7784,6/28/21,p,2021,04/12/2021 12:45 CDT,96539,26.08,59.34,2.105,8.785,671.1,101445.7
TWB14,Uvalde_2020_02,29.60214,-99.73007,436.7784,6/28/21,p,2021,04/12/2021 12:50 CDT,96528,26.02,59.7,2.025,8.785,678.52,101433.8
TWB14,Uvalde_2020_02,29.60214,-99.73007,436.7784,6/28/21,p,2021,04/12/2021 12:55 CDT,96513,26.21,55.79,2.175,8.785,681.36,101414.07
TWB14,Uvalde_2020_02,29.60214,-99.73007,436.7784,6/28/21,p,2021,04/12/2021 13:00 CDT,96504,26.28,57.41,2.085,8.785,690.31,101402.92
TWB14,Uvalde_2020_02,29.60214,-99.73007,436.7784,6/28/21,p,2021,04/12/2021 13:05 CDT,96489,26.8,55.62,2.195,8.785,687.8,101380.18
TWB14,Uvalde_2020_02,29.60214,-99.73007,436.7784,6/28/21,p,2021,04/12/2021 13:10 CDT,96477,26.7,55.04,3.215,8.785,700.39,101365.25
TWB14,Uvalde_2020_02,29.60214,-99.73007,436.7784,6/28/21,p,2021,04/12/2021 13:15 CDT,96467,26.95,52.99,2.43,8.785,697.72,101350.61
TWB14,Uvalde_2020_02,29.60214,-99.73007,436.7784,6/28/21,p,2021,04/12/2021 13:20 CDT,96454,26.99,55.62,2.015,8.785,697.48,101335.1
TWB14,Uvalde_2020_02,29.60214,-99.73007,436.7784,6/28/21,p,2021,04/12/2021 13:25 CDT,96446,27.31,54.03,2.215,8.785,699.05,101326.04
TWB14,Uvalde_2020_02,29.60214,-99.73007,436.7784,6/28/21,p,2021,04/12/2021 13:30 CDT,96446,27.75,50.56,1.94,8.785,697.62,101319.79
TWB14,Uvalde_2020_02,29.60214,-99.73007,436.7784,6/28/21,p,2021,04/12/2021 13:35 CDT,96439,27.66,52.28,2.17,8.785,704.75,101310.27
TWB14,Uvalde_2020_02,29.60214,-99.73007,436.7784,6/28/21,p,2021,04/12/2021 13:40 CDT,96420,28.18,49.68,1.305,8.785,690.27,101286.87
TWB14,Uvalde_2020_02,29.60214,-99.73007,436.7784,6/28/21,p,2021,04/12/2021 13:45 CDT,96412,28.53,48.47,2.315,8.785,702.66,101270.58
TWB14,Uvalde_2020_02,29.60214,-99.73007,436.7784,6/28/21,p,2021,04/12/2021 13:50 CDT,96406,28.75,48.3,2.34,8.785,702.15,101256.89
TWB14,Uvalde_2020_02,29.60214,-99.73007,436.7784,6/28/21,p,2021,04/12/2021 13:55 CDT,96394,28.85,46.48,2.65,8.785,708.79,101244.14
TWB14,Uvalde_2020_02,29.60214,-99.73007,436.7784,6/28/21,p,2021,04/12/2021 14:00 CDT,96390,28.86,47.59,1.99,8.785,704.16,101237.31
TWB14,Uvalde_2020_02,29.60214,-99.73007,436.7784,6/28/21,p,2021,04/12/2021 14:05 CDT,96386,29.04,45.74,2.77,8.785,707.99,101232.31
TWB14,Uvalde_2020_02,29.60214,-99.73007,436.7784,6/28/21,p,2021,04/12/2021 14:10 CDT,96384,29.06,46.51,2.445,8.785,702.82,101228.57
TWB14,Uvalde_2020_02,29.60214,-99.73007,436.7784,6/28/21,p,2021,04/12/2021 14:15 CDT,96378,29.02,46.75,2.265,8.785,701.11,101222.43
TWB14,Uvalde_2020_02,29.60214,-99.73007,436.7784,6/28/21,p,2021,04/12/2021 14:20 CDT,96368,29.13,47.62,1.835,8.785,692.35,101212.89
TWB14,Uvalde_2020_02,29.60214,-99.73007,436.7784,6/28/21,p,2021,04/12/2021 14:25 CDT,96365,29.28,44.72,2.84,8.785,693.83,101206.34
TWB14,Uvalde_2020_02,29.60214,-99.73007,436.7784,6/28/21,p,2021,04/12/2021 14:30 CDT,96357,29.75,43.92,2.5,8.785,692.32,101190.29
TWB14,Uvalde_2020_02,29.60214,-99.73007,436.7784,6/28/21,p,2021,04/12/2021 14:35 CDT,96356,30.13,41.46,2.325,8.785,679.09,101182.44
TWB14,Uvalde_2020_02,29.60214,-99.73007,436.7784,6/28/21,p,2021,04/12/2021 14:40 CDT,96354,29.96,42.7,2.3,8.785,681.64,101179.68
TWB14,Uvalde_2020_02,29.60214,-99.73007,436.7784,6/28/21,p,2021,04/12/2021 14:45 CDT,96347,30.01,42.6,2.21,8.785,680.53,101175.74
TWB14,Uvalde_2020_02,29.60214,-99.73007,436.7784,6/28/21,p,2021,04/12/2021 14:50 CDT,96340,30.56,40.82,2.73,8.785,677.37,101160.79
TWB14,Uvalde_2020_02,29.60214,-99.73007,436.7784,6/28/21,p,2021,04/12/2021 14:55 CDT,96329,30.39,41.15,2.99,8.785,674.56,101148.91
TWB14,Uvalde_2020_02,29.60214,-99.73007,436.7784,6/28/21,p,2021,04/12/2021 15:00 CDT,96323,30.63,40.24,2.95,8.785,667.48,101139.06
TWB14,Uvalde_2020_02,29.60214,-99.73007,436.7784,6/28/21,p,2021,04/12/2021 15:05 CDT,96316,30.78,39.97,2.325,8.785,658.22,101130.74
TWB14,Uvalde_2020_02,29.60214,-99.73007,436.7784,6/28/21,p,2021,04/12/2021 15:10 CDT,96313,31.04,40.17,2.91,8.785,658.82,101123.23
TWB14,Uvalde_2020_02,29.60214,-99.73007,436.7784,6/28/21,p,2021,04/12/2021 15:15 CDT,96310,30.78,40.17,3.48,8.785,657.25,101121.86
TWB14,Uvalde_2020_02,29.60214,-99.73007,436.7784,6/28/21,p,2021,04/12/2021 15:20 CDT,96303,30.76,39.63,2.625,8.785,637.01,101115.32
TWB14,Uvalde_2020_02,29.60214,-99.73007,436.7784,6/28/21,p,2021,04/12/2021 15:25 CDT,96291,30.94,37.31,2.495,8.785,629.74,101102.1
TWB14,Uvalde_2020_02,29.60214,-99.73007,436.7784,6/28/21,p,2021,04/12/2021 15:30 CDT,96289,30.93,38.42,2.65,8.785,628.08,101099.83
TWB14,Uvalde_2020_02,29.60214,-99.73007,436.7784,6/28/21,p,2021,04/12/2021 15:35 CDT,96289,31.33,38.62,3.24,8.785,621.04,101094.67
TWB14,Uvalde_2020_02,29.60214,-99.73007,436.7784,6/28/21,p,2021,04/12/2021 15:40 CDT,96288,31.14,39.9,2.855,8.785,611.99,101093.28
TWB14,Uvalde_2020_02,29.60214,-99.73007,436.7784,6/28/21,p,2021,04/12/2021 15:45 CDT,96278,31.19,38.04,2.895,8.785,602,101082.81
TWB14,Uvalde_2020_02,29.60214,-99.73007,436.7784,6/28/21,p,2021,04/12/2021 15:50 CDT,96276,31.3,37.64,3,8.785,595.07,101080.55
TWB14,Uvalde_2020_02,29.60214,-99.73007,436.7784,6/28/21,p,2021,04/12/2021 15:55 CDT,96275,31.54,38.79,3.265,8.785,585.02,101074.5
TWB14,Uvalde_2020_02,29.60214,-99.73007,436.7784,6/28/21,p,2021,04/12/2021 16:00 CDT,96267,31.27,38.48,2.715,8.785,575.56,101071.25
TWB14,Uvalde_2020_02,29.60214,-99.73007,436.7784,6/28/21,p,2021,04/12/2021 16:05 CDT,96259,31.71,37.41,2.755,8.785,564.88,101060.29
TWB14,Uvalde_2020_02,29.60214,-99.73007,436.7784,6/28/21,p,2021,04/12/2021 16:10 CDT,96252,32.14,36.26,2.955,8.785,556.87,101043.81
TWB14,Uvalde_2020_02,29.60214,-99.73007,436.7784,6/28/21,p,2021,04/12/2021 16:15 CDT,96239,31.96,36.16,1.9,8.785,539.66,101032.25
TWB14,Uvalde_2020_02,29.60214,-99.73007,436.7784,6/28/21,p,2021,04/12/2021 16:20 CDT,96233,32.24,36.8,2.555,8.785,531.67,101020.18
TWB14,Uvalde_2020_02,29.60214,-99.73007,436.7784,6/28/21,p,2021,04/12/2021 16:25 CDT,96232,31.72,37.13,3.015,8.785,528.9,101025.05
TWB14,Uvalde_2020_02,29.60214,-99.73007,436.7784,6/28/21,p,2021,04/12/2021 16:30 CDT,96225,31.74,36.8,3.04,8.785,527.48,101019.31
TWB14,Uvalde_2020_02,29.60214,-99.73007,436.7784,6/28/21,p,2021,04/12/2021 16:35 CDT,96226,31.73,37.13,2.5,8.785,512.77,101020.35
TWB14,Uvalde_2020_02,29.60214,-99.73007,436.7784,6/28/21,p,2021,04/12/2021 16:40 CDT,96224,32.14,36.29,1.805,8.785,515.83,101016.98
TWB14,Uvalde_2020_02,29.60214,-99.73007,436.7784,6/28/21,p,2021,04/12/2021 16:45 CDT,96229,32.41,35.95,2.63,8.785,377.51,101014.4
TWB14,Uvalde_2020_02,29.60214,-99.73007,436.7784,6/28/21,p,2021,04/12/2021 16:50 CDT,96229,31.72,36.69,1.725,8.53,249.12,101024.47
TWB14,Uvalde_2020_02,29.60214,-99.73007,436.7784,6/28/21,p,2021,04/12/2021 16:55 CDT,96226,31.5,37.47,2.975,8.53,211.71,101026.13
TWB14,Uvalde_2020_02,29.60214,-99.73007,436.7784,6/28/21,p,2021,04/12/2021 17:00 CDT,96220,31.16,38.21,2.53,8.53,168.62,101026.26
TWB14,Uvalde_2020_02,29.60214,-99.73007,436.7784,6/28/21,p,2021,04/12/2021 17:05 CDT,96217,31.02,38.18,2.515,8.53,158.9,101026.82
TWB14,Uvalde_2020_02,29.60214,-99.73007,436.7784,6/28/21,p,2021,04/12/2021 17:10 CDT,96220,30.88,38.34,2.165,8.53,144.43,101032.87
TWB14,Uvalde_2020_02,29.60214,-99.73007,436.7784,6/28/21,p,2021,04/12/2021 17:15 CDT,96223,30.81,38.41,3.255,8.53,127.37,101037.96
TWB14,Uvalde_2020_02,29.60214,-99.73007,436.7784,6/28/21,p,2021,04/12/2021 17:20 CDT,96235,30.67,38.79,3.09,8.53,104.7,101054.28
TWB14,Uvalde_2020_02,29.60214,-99.73007,436.7784,6/28/21,p,2021,04/12/2021 17:25 CDT,96250,30.62,38.08,2.6,8.53,84.64,101070.85
TWB14,Uvalde_2020_02,29.60214,-99.73007,436.7784,6/28/21,p,2021,04/12/2021 17:30 CDT,96257,30.6,37.75,2.57,8.53,70.98,101079.01
TWB14,Uvalde_2020_02,29.60214,-99.73007,436.7784,6/28/21,p,2021,04/12/2021 17:35 CDT,96260,30.51,38.22,2.22,8.53,60.63,101083.62
TWB14,Uvalde_2020_02,29.60214,-99.73007,436.7784,6/28/21,p,2021,04/12/2021 17:40 CDT,96271,30.42,38.26,1.985,8.53,49.67,101097.12
TWB14,Uvalde_2020_02,29.60214,-99.73007,436.7784,6/28/21,p,2021,04/12/2021 17:45 CDT,96279,30.35,38.29,2.085,8.53,42.28,101106.65
TWB14,Uvalde_2020_02,29.60214,-99.73007,436.7784,6/28/21,p,2021,04/12/2021 17:50 CDT,96277,30.29,38.43,1.74,8.53,38.77,101105.85
TWB14,Uvalde_2020_02,29.60214,-99.73007,436.7784,6/28/21,p,2021,04/12/2021 17:55 CDT,96274,30.19,38.33,1.585,8.53,37.53,101104.33
TWB14,Uvalde_2020_02,29.60214,-99.73007,436.7784,6/28/21,p,2021,04/12/2021 18:00 CDT,96274,30.1,38.5,1.625,8.53,37.52,101105.79
TWB14,Uvalde_2020_02,29.60214,-99.73007,436.7784,6/28/21,p,2021,04/12/2021 18:05 CDT,96272,30.06,38.8,1.28,8.53,38.74,101104.66
TWB14,Uvalde_2020_02,29.60214,-99.73007,436.7784,6/28/21,p,2021,04/12/2021 18:10 CDT,96271,30.02,38.9,1.11,8.53,41.04,101104.26
TWB14,Uvalde_2020_02,29.60214,-99.73007,436.7784,6/28/21,p,2021,04/12/2021 18:15 CDT,96265,30,39.24,1.23,8.53,53.04,101098.77
TWB14,Uvalde_2020_02,29.60214,-99.73007,436.7784,6/28/21,p,2021,04/12/2021 18:20 CDT,96274,29.99,39.78,1.15,8.53,65.46,101108.38
TWB14,Uvalde_2020_02,29.60214,-99.73007,436.7784,6/28/21,p,2021,04/12/2021 18:25 CDT,96257,29.98,39.65,1.565,8.53,70.99,101090.53
TWB14,Uvalde_2020_02,29.60214,-99.73007,436.7784,6/28/21,p,2021,04/12/2021 18:30 CDT,96250,30.01,40.25,1.295,8.53,68.27,101082.68
TWB14,Uvalde_2020_02,29.60214,-99.73007,436.7784,6/28/21,p,2021,04/12/2021 18:35 CDT,96239,30,40.05,1.15,8.53,60.63,101070.97
TWB14,Uvalde_2020_02,29.60214,-99.73007,436.7784,6/28/21,p,2021,04/12/2021 18:40 CDT,96233,29.97,39.71,1.415,8.53,53.64,101065.49
TWB14,Uvalde_2020_02,29.60214,-99.73007,436.7784,6/28/21,p,2021,04/12/2021 18:45 CDT,96242,29.94,40.25,1.445,8.53,47.86,101075.75
TWB14,Uvalde_2020_02,29.60214,-99.73007,436.7784,6/28/21,p,2021,04/12/2021 18:50 CDT,96252,29.91,40.05,1.415,8.53,43.9,101086.9
TWB14,Uvalde_2020_02,29.60214,-99.73007,436.7784,6/28/21,p,2021,04/12/2021 18:55 CDT,96262,29.9,39.58,1.835,8.53,39.84,101097.74
TWB14,Uvalde_2020_02,29.60214,-99.73007,436.7784,6/28/21,p,2021,04/12/2021 19:00 CDT,96269,29.88,40.12,1.135,8.53,38.61,101105.41
TWB14,Uvalde_2020_02,29.60214,-99.73007,436.7784,6/28/21,p,2021,04/12/2021 19:05 CDT,96265,29.83,39.69,1.74,8.53,39.85,101102.03
TWB14,Uvalde_2020_02,29.60214,-99.73007,436.7784,6/28/21,p,2021,04/12/2021 19:10 CDT,96262,29.84,39.48,1.76,8.53,42.1,101099.21
TWB14,Uvalde_2020_02,29.60214,-99.73007,436.7784,6/28/21,p,2021,04/12/2021 19:15 CDT,96265,29.84,39.59,1.41,8.53,42.09,101102.36
TWB14,Uvalde_2020_02,29.60214,-99.73007,436.7784,6/28/21,p,2021,04/12/2021 19:20 CDT,96259,29.82,38.78,1.555,8.53,43.67,101096.72
TWB14,Uvalde_2020_02,29.60214,-99.73007,436.7784,6/28/21,p,2021,04/12/2021 19:25 CDT,96259,29.91,38.24,2.27,8.53,46.87,101095.74
TWB14,Uvalde_2020_02,29.60214,-99.73007,436.7784,6/28/21,p,2021,04/12/2021 19:30 CDT,96274,30.04,37.83,2.735,8.53,49.01,101109.71
TWB14,Uvalde_2020_02,29.60214,-99.73007,436.7784,6/28/21,p,2021,04/12/2021 19:35 CDT,96270,30.06,37.9,2.39,8.53,44.87,101104.85
TWB14,Uvalde_2020_02,29.60214,-99.73007,436.7784,6/28/21,p,2021,04/12/2021 19:40 CDT,96278,30.01,38.24,2.125,8.53,37.91,101113.41
TWB14,Uvalde_2020_02,29.60214,-99.73007,436.7784,6/28/21,p,2021,04/12/2021 19:45 CDT,96265,29.92,38.38,1.98,8.53,32,101101.06
TWB14,Uvalde_2020_02,29.60214,-99.73007,436.7784,6/28/21,p,2021,04/12/2021 19:50 CDT,96263,29.84,38.28,2.32,8.53,26.74,101100.11
TWB14,Uvalde_2020_02,29.60214,-99.73007,436.7784,6/28/21,p,2021,04/12/2021 19:55 CDT,96278,29.73,38.71,1.14,8.53,20.12,101117.32
TWB14,Uvalde_2020_02,29.60214,-99.73007,436.7784,6/28/21,p,2021,04/12/2021 20:00 CDT,96264,29.6,38.72,1.91,8.53,16.14,101104.91
TWB14,Uvalde_2020_02,29.60214,-99.73007,436.7784,6/28/21,p,2021,04/12/2021 20:05 CDT,96263,29.55,38.58,2.11,8.53,12.96,101105.33
TWB14,Uvalde_2020_02,29.60214,-99.73007,436.7784,6/28/21,p,2021,04/12/2021 20:10 CDT,96263,29.53,38.85,2.405,8.53,8.41,101105.98
TWB14,Uvalde_2020_02,29.60214,-99.73007,436.7784,6/28/21,p,2021,04/12/2021 20:15 CDT,96273,29.4,39.19,1.67,8.53,4.06,101118.28
TWB14,Uvalde_2020_02,29.60214,-99.73007,436.7784,6/28/21,p,2021,04/12/2021 20:20 CDT,96291,29.32,39.42,2.16,8.53,0.02,101138.49
TWB14,Uvalde_2020_02,29.60214,-99.73007,436.7784,6/28/21,p,2021,04/12/2021 20:25 CDT,96292,29.24,39.39,2.465,8.53,0.02,101141.34
TWB14,Uvalde_2020_02,29.60214,-99.73007,436.7784,6/28/21,p,2021,04/12/2021 20:30 CDT,96300,29.21,39.79,2.16,8.53,0.01,101150.56
TWB14,Uvalde_2020_02,29.60214,-99.73007,436.7784,6/28/21,p,2021,04/12/2021 20:35 CDT,96306,29.15,40.13,1.905,8.53,0,101158.01
TWB14,Uvalde_2020_02,29.60214,-99.73007,436.7784,6/28/21,p,2021,04/12/2021 20:40 CDT,96311,29.09,40.47,2.275,8.53,0,101164.24
TWB14,Uvalde_2020_02,29.60214,-99.73007,436.7784,6/28/21,p,2021,04/12/2021 20:45 CDT,96321,29.05,40.84,2.29,8.53,0,101175.23
TWB14,Uvalde_2020_02,29.60214,-99.73007,436.7784,6/28/21,p,2021,04/12/2021 20:50 CDT,96324,29.06,41.86,3.445,8.53,0,101178.7
TWB14,Uvalde_2020_02,29.60214,-99.73007,436.7784,6/28/21,p,2021,04/12/2021 20:55 CDT,96328,29.06,42.7,3.24,8.53,0,101182.24
TWB14,Uvalde_2020_02,29.60214,-99.73007,436.7784,6/28/21,p,2021,04/12/2021 21:00 CDT,96349,29,42.93,3.14,8.53,0,101205.28
TWB14,Uvalde_2020_02,29.60214,-99.73007,436.7784,6/28/21,p,2021,04/12/2021 21:05 CDT,96356,28.83,43.57,2.475,8.53,0,101214.76
TWB14,Uvalde_2020_02,29.60214,-99.73007,436.7784,6/28/21,p,2021,04/12/2021 21:10 CDT,96373,28.75,43.91,2.65,8.53,0,101234.43
TWB14,Uvalde_2020_02,29.60214,-99.73007,436.7784,6/28/21,p,2021,04/12/2021 21:15 CDT,96378,28.6,45.09,2.71,8.53,0,101241.97
TWB14,Uvalde_2020_02,29.60214,-99.73007,436.7784,6/28/21,p,2021,04/12/2021 21:20 CDT,96392,28.36,47.82,4.54,9.95,0,101259.78
TWB14,Uvalde_2020_02,29.60214,-99.73007,436.7784,6/28/21,p,2021,04/12/2021 21:25 CDT,96416,28.04,49.5,3.885,8.715,0.35,101289.44
TWB14,Uvalde_2020_02,29.60214,-99.73007,436.7784,6/28/21,p,2021,04/12/2021 21:30 CDT,96409,27.76,50.38,3.505,8.715,0.29,101287.21
TWB14,Uvalde_2020_02,29.60214,-99.73007,436.7784,6/28/21,p,2021,04/12/2021 21:35 CDT,96424,27.53,51.79,3.84,8.965,0.07,101306.6
TWB14,Uvalde_2020_02,29.60214,-99.73007,436.7784,6/28/21,p,2021,04/12/2021 21:40 CDT,96464,27.32,52.5,2.985,8.965,0.17,101352.28
TWB14,Uvalde_2020_02,29.60214,-99.73007,436.7784,6/28/21,p,2021,04/12/2021 21:45 CDT,96484,27.08,53.51,3.72,8.965,0.11,101377.11
TWB14,Uvalde_2020_02,29.60214,-99.73007,436.7784,6/28/21,p,2021,04/12/2021 21:50 CDT,96493,26.86,54.42,3.44,8.965,0.01,101390.39
TWB14,Uvalde_2020_02,29.60214,-99.73007,436.7784,6/28/21,p,2021,04/12/2021 21:55 CDT,96514,26.62,56.78,4.61,9.465,0.06,101415.94
TWB14,Uvalde_2020_02,29.60214,-99.73007,436.7784,6/28/21,p,2021,04/12/2021 22:00 CDT,96536,26.38,58.06,4.14,9.3,0.16,101443.23
TWB14,Uvalde_2020_02,29.60214,-99.73007,436.7784,6/28/21,p,2021,04/12/2021 22:05 CDT,96568,26.18,59.07,3.91,9.135,0.08,101480.2
TWB14,Uvalde_2020_02,29.60214,-99.73007,436.7784,6/28/21,p,2021,04/12/2021 22:10 CDT,96608,25.95,60.76,3.745,9.135,0.29,101525.92
TWB14,Uvalde_2020_02,29.60214,-99.73007,436.7784,6/28/21,p,2021,04/12/2021 22:15 CDT,96644,25.74,61.77,3.34,9.135,0.2,101567.44
TWB14,Uvalde_2020_02,29.60214,-99.73007,436.7784,6/28/21,p,2021,04/12/2021 22:20 CDT,96676,25.58,62.48,2.72,9.135,0.08,101603.59
TWB14,Uvalde_2020_02,29.60214,-99.73007,436.7784,6/28/21,p,2021,04/12/2021 22:25 CDT,96706,25.44,62.95,2.775,9.135,0,101637.82
TWB14,Uvalde_2020_02,29.60214,-99.73007,436.7784,6/28/21,p,2021,04/12/2021 22:30 CDT,96717,25.32,63.43,3.26,9.135,0,101650.9
TWB14,Uvalde_2020_02,29.60214,-99.73007,436.7784,6/28/21,p,2021,04/12/2021 22:35 CDT,96734,25.2,63.8,2.565,9.135,0,101670.79
TWB14,Uvalde_2020_02,29.60214,-99.73007,436.7784,6/28/21,p,2021,04/12/2021 22:40 CDT,96751,25.07,64.07,3.81,9.135,0.46,101690.52
TWB14,Uvalde_2020_02,29.60214,-99.73007,436.7784,6/28/21,p,2021,04/12/2021 22:45 CDT,96761,24.86,64.41,3.355,9.135,0.88,101704.58
TWB14,Uvalde_2020_02,29.60214,-99.73007,436.7784,6/28/21,p,2021,04/12/2021 22:50 CDT,96765,24.65,64.98,3.9,9.135,1.13,101712.18
TWB14,Uvalde_2020_02,29.60214,-99.73007,436.7784,6/28/21,p,2021,04/12/2021 22:55 CDT,96772,24.45,65.35,3.66,8.885,1.17,101722.93
TWB14,Uvalde_2020_02,29.60214,-99.73007,436.7784,6/28/21,p,2021,04/12/2021 23:00 CDT,96774,24.28,65.89,4.045,8.885,1.1,101728.26
TWB14,Uvalde_2020_02,29.60214,-99.73007,436.7784,6/28/21,p,2021,04/12/2021 23:05 CDT,96764,24.19,66.02,2.53,8.885,0.5,101719.62
TWB14,Uvalde_2020_02,29.60214,-99.73007,436.7784,6/28/21,p,2021,04/12/2021 23:10 CDT,96763,24.16,66.16,2.39,8.885,0.02,101719.25
TWB14,Uvalde_2020_02,29.60214,-99.73007,436.7784,6/28/21,p,2021,04/12/2021 23:15 CDT,96766,24.07,66.43,2.225,8.885,0.02,101723.94
TWB14,Uvalde_2020_02,29.60214,-99.73007,436.7784,6/28/21,p,2021,04/12/2021 23:20 CDT,96780,23.98,66.77,2.5,8.885,0,101740.02
TWB14,Uvalde_2020_02,29.60214,-99.73007,436.7784,6/28/21,p,2021,04/12/2021 23:25 CDT,96794,23.87,67.11,2.84,8.885,0,101756.44
TWB14,Uvalde_2020_02,29.60214,-99.73007,436.7784,6/28/21,p,2021,04/12/2021 23:30 CDT,96799,23.77,67.31,2.88,8.885,0,101763.74
TWB14,Uvalde_2020_02,29.60214,-99.73007,436.7784,6/28/21,p,2021,04/12/2021 23:35 CDT,96799,23.66,67.58,3.23,8.885,0.06,101765.28
TWB14,Uvalde_2020_02,29.60214,-99.73007,436.7784,6/28/21,p,2021,04/12/2021 23:40 CDT,96806,23.56,67.78,3.34,8.885,0.16,101774.69
TWB14,Uvalde_2020_02,29.60214,-99.73007,436.7784,6/28/21,p,2021,04/12/2021 23:45 CDT,96813,23.46,68.05,2.535,8.885,0.17,101783.76
TWB14,Uvalde_2020_02,29.60214,-99.73007,436.7784,6/28/21,p,2021,04/12/2021 23:50 CDT,96820,23.4,68.05,2.55,8.885,0,101792.32
TWB14,Uvalde_2020_02,29.60214,-99.73007,436.7784,6/28/21,p,2021,04/12/2021 23:55 CDT,96820,23.33,68.59,3.475,8.885,0,101793.35
TWB14,Uvalde_2020_02,29.60214,-99.73007,436.7784,6/28/21,p,2021,04/13/2021 00:00 CDT,96820,23.26,68.73,2.135,8.485,0,101794.72
TWB14,Uvalde_2020_02,29.60214,-99.73007,436.7784,6/28/21,p,2021,04/13/2021 00:05 CDT,96818,23.2,69,2.645,8.485,0,101793.64
TWB14,Uvalde_2020_02,29.60214,-99.73007,436.7784,6/28/21,p,2021,04/13/2021 00:10 CDT,96804,23.15,69.27,2.28,8.485,0,101779.95
TWB14,Uvalde_2020_02,29.60214,-99.73007,436.7784,6/28/21,p,2021,04/13/2021 00:15 CDT,96799,23.09,69.67,2.505,8.485,0.01,101775.38
TWB14,Uvalde_2020_02,29.60214,-99.73007,436.7784,6/28/21,p,2021,04/13/2021 00:20 CDT,96797,23.03,69.94,2.82,8.485,0,101774.65
TWB14,Uvalde_2020_02,29.60214,-99.73007,436.7784,6/28/21,p,2021,04/13/2021 00:25 CDT,96798,22.96,70.15,2.845,8.485,0,101776.9
TWB14,Uvalde_2020_02,29.60214,-99.73007,436.7784,6/28/21,p,2021,04/13/2021 00:30 CDT,96795,22.91,70.29,2.7,8.485,0,101774.78
TWB14,Uvalde_2020_02,29.60214,-99.73007,436.7784,6/28/21,p,2021,04/13/2021 00:35 CDT,96798,22.89,70.42,1.905,8.485,0,101778.27
TWB14,Uvalde_2020_02,29.60214,-99.73007,436.7784,6/28/21,p,2021,04/13/2021 00:40 CDT,96783,22.89,70.56,1.87,8.485,0,101762.5
TWB14,Uvalde_2020_02,29.60214,-99.73007,436.7784,6/28/21,p,2021,04/13/2021 00:45 CDT,96776,22.89,70.63,2.135,8.485,0,101755.14
TWB14,Uvalde_2020_02,29.60214,-99.73007,436.7784,6/28/21,p,2021,04/13/2021 00:50 CDT,96773,22.88,70.9,2.22,8.485,0,101751.98
TWB14,Uvalde_2020_02,29.60214,-99.73007,436.7784,6/28/21,p,2021,04/13/2021 00:55 CDT,96772,22.85,71.24,2.965,8.485,0.01,101751.45
TWB14,Uvalde_2020_02,29.60214,-99.73007,436.7784,6/28/21,p,2021,04/13/2021 01:00 CDT,96775,22.8,71.51,1.99,8.485,0.14,101755.63
TWB14,Uvalde_2020_02,29.60214,-99.73007,436.7784,6/28/21,p,2021,04/13/2021 01:05 CDT,96777,22.69,71.92,1.61,8.485,0.2,101759.62
TWB14,Uvalde_2020_02,29.60214,-99.73007,436.7784,6/28/21,p,2021,04/13/2021 01:10 CDT,96776,22.62,72.39,2.235,8.485,0,101759.95
TWB14,Uvalde_2020_02,29.60214,-99.73007,436.7784,6/28/21,p,2021,04/13/2021 01:15 CDT,96760,22.57,73,2.215,8.485,0,101743.98
TWB14,Uvalde_2020_02,29.60214,-99.73007,436.7784,6/28/21,p,2021,04/13/2021 01:20 CDT,96752,22.51,73.94,2.265,8.485,0,101736.6
TWB14,Uvalde_2020_02,29.60214,-99.73007,436.7784,6/28/21,p,2021,04/13/2021 01:25 CDT,96754,22.48,74.35,2.755,8.485,0,101739.39
TWB14,Uvalde_2020_02,29.60214,-99.73007,436.7784,6/28/21,p,2021,04/13/2021 01:30 CDT,96754,22.43,74.72,1.565,8.485,0,101739.9
TWB14,Uvalde_2020_02,29.60214,-99.73007,436.7784,6/28/21,p,2021,04/13/2021 01:35 CDT,96761,22.38,75.02,1.81,8.485,0,101748.12
TWB14,Uvalde_2020_02,29.60214,-99.73007,436.7784,6/28/21,p,2021,04/13/2021 01:40 CDT,96764,22.29,75.52,2.22,8.485,0.04,101752.48
TWB14,Uvalde_2020_02,29.60214,-99.73007,436.7784,6/28/21,p,2021,04/13/2021 01:45 CDT,96775,22.16,76.13,2.645,8.485,0,101766.64
TWB14,Uvalde_2020_02,29.60214,-99.73007,436.7784,6/28/21,p,2021,04/13/2021 01:50 CDT,96778,22.06,76.57,2.625,8.485,0.01,101771.52
TWB14,Uvalde_2020_02,29.60214,-99.73007,436.7784,6/28/21,p,2021,04/13/2021 01:55 CDT,96779,21.95,76.98,1.655,8.485,0,101774.3
TWB14,Uvalde_2020_02,29.60214,-99.73007,436.7784,6/28/21,p,2021,04/13/2021 02:00 CDT,96779,21.87,76.84,2.235,8.485,0,101776.03
TWB14,Uvalde_2020_02,29.60214,-99.73007,436.7784,6/28/21,p,2021,04/13/2021 02:05 CDT,96779,21.79,76.84,2.005,8.485,0,101777.59
TWB14,Uvalde_2020_02,29.60214,-99.73007,436.7784,6/28/21,p,2021,04/13/2021 02:10 CDT,96779,21.7,76.84,1.785,8.485,0,101779.32
TWB14,Uvalde_2020_02,29.60214,-99.73007,436.7784,6/28/21,p,2021,04/13/2021 02:15 CDT,96779,21.61,77.28,1.15,8.485,0,101781.05
TWB14,Uvalde_2020_02,29.60214,-99.73007,436.7784,6/28/21,p,2021,04/13/2021 02:20 CDT,96782,21.53,77.45,0.865,8.485,0.02,101785.42
TWB14,Uvalde_2020_02,29.60214,-99.73007,436.7784,6/28/21,p,2021,04/13/2021 02:25 CDT,96780,21.46,77.65,1.33,8.485,0.01,101784.88
TWB14,Uvalde_2020_02,29.60214,-99.73007,436.7784,6/28/21,p,2021,04/13/2021 02:30 CDT,96779,21.39,78.06,1.195,8.485,0,101785.39
TWB14,Uvalde_2020_02,29.60214,-99.73007,436.7784,6/28/21,p,2021,04/13/2021 02:35 CDT,96779,21.31,78.53,1.215,8.485,0,101786.61
TWB14,Uvalde_2020_02,29.60214,-99.73007,436.7784,6/28/21,p,2021,04/13/2021 02:40 CDT,96775,21.25,79.01,1.01,8.485,0,101783.27
TWB14,Uvalde_2020_02,29.60214,-99.73007,436.7784,6/28/21,p,2021,04/13/2021 02:45 CDT,96771,21.23,78.94,1.43,8.485,0,101779.93
TWB14,Uvalde_2020_02,29.60214,-99.73007,436.7784,6/28/21,p,2021,04/13/2021 02:50 CDT,96769,21.32,78.54,1.435,8.485,0,101776.44
TWB14,Uvalde_2020_02,29.60214,-99.73007,436.7784,6/28/21,p,2021,04/13/2021 02:55 CDT,96769,21.35,78.4,1.115,8.485,0,101775.39
TWB14,Uvalde_2020_02,29.60214,-99.73007,436.7784,6/28/21,p,2021,04/13/2021 03:00 CDT,96766,21.31,78.61,1.125,8.485,0,101772.58
TWB14,Uvalde_2020_02,29.60214,-99.73007,436.7784,6/28/21,p,2021,04/13/2021 03:05 CDT,96761,21.26,79.08,1.195,8.485,0,101768.02
TWB14,Uvalde_2020_02,29.60214,-99.73007,436.7784,6/28/21,p,2021,04/13/2021 03:10 CDT,96765,21.28,79.01,1.285,8.485,0,101772.23
TWB14,Uvalde_2020_02,29.60214,-99.73007,436.7784,6/28/21,p,2021,04/13/2021 03:15 CDT,96761,21.32,79.15,1.015,8.485,0,101767.15
TWB14,Uvalde_2020_02,29.60214,-99.73007,436.7784,6/28/21,p,2021,04/13/2021 03:20 CDT,96763,21.35,79.21,1.3,8.485,0,101768.38
TWB14,Uvalde_2020_02,29.60214,-99.73007,436.7784,6/28/21,p,2021,04/13/2021 03:25 CDT,96773,21.39,79.08,0.91,8.485,0,101777.86
TWB14,Uvalde_2020_02,29.60214,-99.73007,436.7784,6/28/21,p,2021,04/13/2021 03:30 CDT,96774,21.41,79.11,0.605,8.485,0,101778.21
TWB14,Uvalde_2020_02,29.60214,-99.73007,436.7784,6/28/21,p,2021,04/13/2021 03:35 CDT,96777,21.41,79.42,0.775,8.485,0,101781.37
TWB14,Uvalde_2020_02,29.60214,-99.73007,436.7784,6/28/21,p,2021,04/13/2021 03:40 CDT,96784,21.42,79.55,0.825,8.485,0,101788.55
TWB14,Uvalde_2020_02,29.60214,-99.73007,436.7784,6/28/21,p,2021,04/13/2021 03:45 CDT,96784,21.43,79.55,1.275,8.485,0,101788.38
TWB14,Uvalde_2020_02,29.60214,-99.73007,436.7784,6/28/21,p,2021,04/13/2021 03:50 CDT,96785,21.45,79.62,1.25,8.485,0,101789.08
TWB14,Uvalde_2020_02,29.60214,-99.73007,436.7784,6/28/21,p,2021,04/13/2021 03:55 CDT,96786,21.46,79.42,0.535,8.485,0,101789.79
TWB14,Uvalde_2020_02,29.60214,-99.73007,436.7784,6/28/21,p,2021,04/13/2021 04:00 CDT,96785,21.45,79.69,0.56,8.485,0,101788.74
TWB14,Uvalde_2020_02,29.60214,-99.73007,436.7784,6/28/21,p,2021,04/13/2021 04:05 CDT,96786,21.44,79.82,0.74,8.485,0,101789.79
TWB14,Uvalde_2020_02,29.60214,-99.73007,436.7784,6/28/21,p,2021,04/13/2021 04:10 CDT,96785,21.42,80,0.74,8.485,0,101789.26
TWB14,Uvalde_2020_02,29.60214,-99.73007,436.7784,6/28/21,p,2021,04/13/2021 04:15 CDT,96785,21.39,80.2,1.405,8.485,0,101789.6
TWB14,Uvalde_2020_02,29.60214,-99.73007,436.7784,6/28/21,p,2021,04/13/2021 04:20 CDT,96784,21.38,80.2,1.065,8.485,0,101788.9
TWB14,Uvalde_2020_02,29.60214,-99.73007,436.7784,6/28/21,p,2021,04/13/2021 04:25 CDT,96784,21.38,80.2,1.22,8.485,0,101788.9
TWB14,Uvalde_2020_02,29.60214,-99.73007,436.7784,6/28/21,p,2021,04/13/2021 04:30 CDT,96784,21.36,80.2,1.295,8.485,0,101789.42
TWB14,Uvalde_2020_02,29.60214,-99.73007,436.7784,6/28/21,p,2021,04/13/2021 04:35 CDT,96785,21.33,80.5,1.75,8.485,0,101790.99
TWB14,Uvalde_2020_02,29.60214,-99.73007,436.7784,6/28/21,p,2021,04/13/2021 04:40 CDT,96784,21.29,80.5,1.31,8.485,0,101790.63
TWB14,Uvalde_2020_02,29.60214,-99.73007,436.7784,6/28/21,p,2021,04/13/2021 04:45 CDT,96783,21.27,80.6,1.28,8.485,0,101790.1
TWB14,Uvalde_2020_02,29.60214,-99.73007,436.7784,6/28/21,p,2021,04/13/2021 04:50 CDT,96784,21.25,80.5,1.4,8.485,0,101791.33
TWB14,Uvalde_2020_02,29.60214,-99.73007,436.7784,6/28/21,p,2021,04/13/2021 04:55 CDT,96788,21.24,80.4,0.9,8.485,0,101795.88
TWB14,Uvalde_2020_02,29.60214,-99.73007,436.7784,6/28/21,p,2021,04/13/2021 05:00 CDT,96790,21.22,80.4,1.09,8.485,0,101798.34
TWB14,Uvalde_2020_02,29.60214,-99.73007,436.7784,6/28/21,p,2021,04/13/2021 05:05 CDT,96785,21.21,80.3,1.34,8.485,0,101793.25
TWB14,Uvalde_2020_02,29.60214,-99.73007,436.7784,6/28/21,p,2021,04/13/2021 05:10 CDT,96789,21.21,80.3,1.345,8.485,0,101797.63
TWB14,Uvalde_2020_02,29.60214,-99.73007,436.7784,6/28/21,p,2021,04/13/2021 05:15 CDT,96795,21.2,80.3,0.96,8.485,0,101803.94
TWB14,Uvalde_2020_02,29.60214,-99.73007,436.7784,6/28/21,p,2021,04/13/2021 05:20 CDT,96806,21.2,80.4,0.415,8.485,0,101815.34
TWB14,Uvalde_2020_02,29.60214,-99.73007,436.7784,6/28/21,p,2021,04/13/2021 05:25 CDT,96805,21.2,80.5,1.075,8.485,0,101814.29
TWB14,Uvalde_2020_02,29.60214,-99.73007,436.7784,6/28/21,p,2021,04/13/2021 05:30 CDT,96809,21.19,81,0.82,8.485,0,101818.66
TWB14,Uvalde_2020_02,29.60214,-99.73007,436.7784,6/28/21,p,2021,04/13/2021 05:35 CDT,96809,21.18,81.2,0.82,8.485,0,101818.66
TWB14,Uvalde_2020_02,29.60214,-99.73007,436.7784,6/28/21,p,2021,04/13/2021 05:40 CDT,96812,21.17,81.2,1.05,8.485,0,101821.99
TWB14,Uvalde_2020_02,29.60214,-99.73007,436.7784,6/28/21,p,2021,04/13/2021 05:45 CDT,96818,21.14,81.5,1.2,8.485,0,101828.82
TWB14,Uvalde_2020_02,29.60214,-99.73007,436.7784,6/28/21,p,2021,04/13/2021 05:50 CDT,96823,21.13,81.5,0.44,8.485,0,101834.43
TWB14,Uvalde_2020_02,29.60214,-99.73007,436.7784,6/28/21,p,2021,04/13/2021 05:55 CDT,96825,21.13,81.7,0.395,8.485,0,101836.53
TWB14,Uvalde_2020_02,29.60214,-99.73007,436.7784,6/28/21,p,2021,04/13/2021 06:00 CDT,96834,21.13,81.7,0.615,8.485,0,101845.82
TWB14,Uvalde_2020_02,29.60214,-99.73007,436.7784,6/28/21,p,2021,04/13/2021 06:05 CDT,96837,21.11,82.2,1.12,8.485,0,101849.15
TWB14,Uvalde_2020_02,29.60214,-99.73007,436.7784,6/28/21,p,2021,04/13/2021 06:10 CDT,96837,21.05,82.2,0.425,8.485,0,101850.19
TWB14,Uvalde_2020_02,29.60214,-99.73007,436.7784,6/28/21,p,2021,04/13/2021 06:15 CDT,96841,21.02,82.3,0.845,8.485,0,101854.92
TWB14,Uvalde_2020_02,29.60214,-99.73007,436.7784,6/28/21,p,2021,04/13/2021 06:20 CDT,96842,20.99,82.4,1.005,8.485,0,101856.85
TWB14,Uvalde_2020_02,29.60214,-99.73007,436.7784,6/28/21,p,2021,04/13/2021 06:25 CDT,96857,20.99,82.2,1.025,8.485,0,101872.8
TWB14,Uvalde_2020_02,29.60214,-99.73007,436.7784,6/28/21,p,2021,04/13/2021 06:30 CDT,96865,21,82.1,0.71,8.485,0,101881.21
TWB14,Uvalde_2020_02,29.60214,-99.73007,436.7784,6/28/21,p,2021,04/13/2021 06:35 CDT,96878,21.01,81.8,0.465,8.485,0,101894.71
TWB14,Uvalde_2020_02,29.60214,-99.73007,436.7784,6/28/21,p,2021,04/13/2021 06:40 CDT,96888,21.01,81.6,0.645,8.485,0,101905.23
TWB14,Uvalde_2020_02,29.60214,-99.73007,436.7784,6/28/21,p,2021,04/13/2021 06:45 CDT,96892,21.02,81.6,1.055,8.485,0,101909.44
TWB14,Uvalde_2020_02,29.60214,-99.73007,436.7784,6/28/21,p,2021,04/13/2021 06:50 CDT,96893,21.02,81.6,0.755,8.485,0,101910.32
TWB14,Uvalde_2020_02,29.60214,-99.73007,436.7784,6/28/21,p,2021,04/13/2021 06:55 CDT,96903,21.01,81.8,1.305,8.485,0,101921.01
TWB14,Uvalde_2020_02,29.60214,-99.73007,436.7784,6/28/21,p,2021,04/13/2021 07:00 CDT,96908,20.99,82.1,1.325,8.485,0,101926.27
TWB14,Uvalde_2020_02,29.60214,-99.73007,436.7784,6/28/21,p,2021,04/13/2021 07:05 CDT,96915,20.93,82.5,1.08,8.485,0.01,101934.32
TWB14,Uvalde_2020_02,29.60214,-99.73007,436.7784,6/28/21,p,2021,04/13/2021 07:10 CDT,96920,20.89,82.9,0.38,8.485,0,101939.93
TWB14,Uvalde_2020_02,29.60214,-99.73007,436.7784,6/28/21,p,2021,04/13/2021 07:15 CDT,96928,20.86,83.8,0.315,8.485,0.44,101948.69
TWB14,Uvalde_2020_02,29.60214,-99.73007,436.7784,6/28/21,p,2021,04/13/2021 07:20 CDT,96938,20.74,84.8,1.13,8.485,0.33,101961.12
TWB14,Uvalde_2020_02,29.60214,-99.73007,436.7784,6/28/21,p,2021,04/13/2021 07:25 CDT,96946,20.62,85.4,0.745,8.485,0,101971.8
TWB14,Uvalde_2020_02,29.60214,-99.73007,436.7784,6/28/21,p,2021,04/13/2021 07:30 CDT,96951,20.59,85.9,0.83,8.485,0,101977.76
TWB14,Uvalde_2020_02,29.60214,-99.73007,436.7784,6/28/21,p,2021,04/13/2021 07:35 CDT,96967,20.56,86.3,0.535,8.485,0.01,101995.29
TWB14,Uvalde_2020_02,29.60214,-99.73007,436.7784,6/28/21,p,2021,04/13/2021 07:40 CDT,96973,20.54,86.3,0.565,8.485,0.73,102001.95
TWB14,Uvalde_2020_02,29.60214,-99.73007,436.7784,6/28/21,p,2021,04/13/2021 07:45 CDT,96974,20.52,86.4,0.585,8.485,1.29,102003.7
TWB14,Uvalde_2020_02,29.60214,-99.73007,436.7784,6/28/21,p,2021,04/13/2021 07:50 CDT,96985,20.52,87,0.575,8.485,2.04,102015.44
TWB14,Uvalde_2020_02,29.60214,-99.73007,436.7784,6/28/21,p,2021,04/13/2021 07:55 CDT,97001,19.85,84.3,2.54,8.485,12.16,102039.31
TWB14,Uvalde_2020_02,29.60214,-99.73007,436.7784,6/28/21,p,2021,04/13/2021 08:00 CDT,97011,18.32,88.2,3.085,8.485,15.49,102075.59
TWB14,Uvalde_2020_02,29.60214,-99.73007,436.7784,6/28/21,p,2021,04/13/2021 08:05 CDT,97021,17.75,90.6,2.395,8.485,11.53,102099.44
TWB14,Uvalde_2020_02,29.60214,-99.73007,436.7784,6/28/21,p,2021,04/13/2021 08:10 CDT,97031,17.45,92.5,3.105,8.485,8.46,102116.21
TWB14,Uvalde_2020_02,29.60214,-99.73007,436.7784,6/28/21,p,2021,04/13/2021 08:15 CDT,97034,17.27,93.5,3.41,8.485,12.83,102123.3
TWB14,Uvalde_2020_02,29.60214,-99.73007,436.7784,6/28/21,p,2021,04/13/2021 08:20 CDT,97023,17.11,93.6,4.015,8.485,22.37,102115.13
TWB14,Uvalde_2020_02,29.60214,-99.73007,436.7784,6/28/21,p,2021,04/13/2021 08:25 CDT,97014,16.98,93.6,3.695,8.485,33.55,102107.99
TWB14,Uvalde_2020_02,29.60214,-99.73007,436.7784,6/28/21,p,2021,04/13/2021 08:30 CDT,97023,16.85,93.7,3.525,8.485,60.34,102120.34
TWB14,Uvalde_2020_02,29.60214,-99.73007,436.7784,6/28/21,p,2021,04/13/2021 08:35 CDT,97043,16.87,92.7,2.95,8.485,62.24,102141.93
TWB14,Uvalde_2020_02,29.60214,-99.73007,436.7784,6/28/21,p,2021,04/13/2021 08:40 CDT,97061,16.88,90.8,2.71,8.485,42.54,102160.89
TWB14,Uvalde_2020_02,29.60214,-99.73007,436.7784,6/28/21,p,2021,04/13/2021 08:45 CDT,97070,16.85,89.3,2.835,8.485,42.04,102170.55
TWB14,Uvalde_2020_02,29.60214,-99.73007,436.7784,6/28/21,p,2021,04/13/2021 08:50 CDT,97082,16.84,88.7,2.545,8.485,35.82,102183.36
TWB14,Uvalde_2020_02,29.60214,-99.73007,436.7784,6/28/21,p,2021,04/13/2021 08:55 CDT,97088,16.82,86.8,2.875,8.485,29.75,102189.69
TWB14,Uvalde_2020_02,29.60214,-99.73007,436.7784,6/28/21,p,2021,04/13/2021 09:00 CDT,97097,16.76,86.2,3.255,8.485,30.49,102200.07
TWB14,Uvalde_2020_02,29.60214,-99.73007,436.7784,6/28/21,p,2021,04/13/2021 09:05 CDT,97109,16.7,86.9,2.19,8.485,23.74,102213.95
TWB14,Uvalde_2020_02,29.60214,-99.73007,436.7784,6/28/21,p,2021,04/13/2021 09:10 CDT,97117,16.63,86.2,2.69,8.485,24.38,102223.1
TWB14,Uvalde_2020_02,29.60214,-99.73007,436.7784,6/28/21,p,2021,04/13/2021 09:15 CDT,97132,16.51,85.8,2.76,8.485,19.47,102240.87
TWB14,Uvalde_2020_02,29.60214,-99.73007,436.7784,6/28/21,p,2021,04/13/2021 09:20 CDT,97144,16.46,85.5,2.71,8.485,27.29,102254.59
TWB14,Uvalde_2020_02,29.60214,-99.73007,436.7784,6/28/21,p,2021,04/13/2021 09:25 CDT,97147,16.4,85.7,3.28,8.485,47.57,102258.83
TWB14,Uvalde_2020_02,29.60214,-99.73007,436.7784,6/28/21,p,2021,04/13/2021 09:30 CDT,97153,16.44,85.4,2.955,8.485,62.61,102264.42
TWB14,Uvalde_2020_02,29.60214,-99.73007,436.7784,6/28/21,p,2021,04/13/2021 09:35 CDT,97168,16.49,84.9,2.74,8.485,57.41,102279.31
TWB14,Uvalde_2020_02,29.60214,-99.73007,436.7784,6/28/21,p,2021,04/13/2021 09:40 CDT,97177,16.48,84.6,2.41,8.485,65.1,102288.61
TWB14,Uvalde_2020_02,29.60214,-99.73007,436.7784,6/28/21,p,2021,04/13/2021 09:45 CDT,97177,16.47,83.7,2.795,8.485,78.15,102288.25
TWB14,Uvalde_2020_02,29.60214,-99.73007,436.7784,6/28/21,p,2021,04/13/2021 09:50 CDT,97187,16.27,83.5,3.205,8.485,76.11,102301.12
TWB14,Uvalde_2020_02,29.60214,-99.73007,436.7784,6/28/21,p,2021,04/13/2021 09:55 CDT,97191,16.2,83.3,2.96,8.485,84.8,102307.68
TWB14,Uvalde_2020_02,29.60214,-99.73007,436.7784,6/28/21,p,2021,04/13/2021 10:00 CDT,97188,16.24,82.8,3.075,8.485,107.74,102304.17
TWB14,Uvalde_2020_02,29.60214,-99.73007,436.7784,6/28/21,p,2021,04/13/2021 10:05 CDT,97190,16.4,81.8,2.85,8.485,122.04,102303.57
TWB14,Uvalde_2020_02,29.60214,-99.73007,436.7784,6/28/21,p,2021,04/13/2021 10:10 CDT,97189,16.56,80.9,2.74,8.485,141.83,102299.63
TWB14,Uvalde_2020_02,29.60214,-99.73007,436.7784,6/28/21,p,2021,04/13/2021 10:15 CDT,97190,16.77,79.99,2.67,8.485,153.02,102296.37
TWB14,Uvalde_2020_02,29.60214,-99.73007,436.7784,6/28/21,p,2021,04/13/2021 10:20 CDT,97190,17.14,78.84,2.93,8.485,152.07,102289.9
TWB14,Uvalde_2020_02,29.60214,-99.73007,436.7784,6/28/21,p,2021,04/13/2021 10:25 CDT,97192,17.33,76.81,2.8,8.485,155.43,102287.89
TWB14,Uvalde_2020_02,29.60214,-99.73007,436.7784,6/28/21,p,2021,04/13/2021 10:30 CDT,97191,17.49,75.67,2.685,8.485,176.52,102283.79
TWB14,Uvalde_2020_02,29.60214,-99.73007,436.7784,6/28/21,p,2021,04/13/2021 10:35 CDT,97193,17.58,75.86,3.095,8.485,196.42,102284.29
TWB14,Uvalde_2020_02,29.60214,-99.73007,436.7784,6/28/21,p,2021,04/13/2021 10:40 CDT,97194,17.82,74.17,2.98,8.485,206.11,102281.41
TWB14,Uvalde_2020_02,29.60214,-99.73007,436.7784,6/28/21,p,2021,04/13/2021 10:45 CDT,97191,18.06,73.23,3.065,8.485,201.62,102273.98
TWB14,Uvalde_2020_02,29.60214,-99.73007,436.7784,6/28/21,p,2021,04/13/2021 10:50 CDT,97189,18.22,72.96,2.625,8.485,192.66,102269.02
TWB14,Uvalde_2020_02,29.60214,-99.73007,436.7784,6/28/21,p,2021,04/13/2021 10:55 CDT,97184,18.43,72.52,2.805,8.485,213.83,102259.85
TWB14,Uvalde_2020_02,29.60214,-99.73007,436.7784,6/28/21,p,2021,04/13/2021 11:00 CDT,97187,18.65,71.4,2.68,8.485,228.85,102258.92
TWB14,Uvalde_2020_02,29.60214,-99.73007,436.7784,6/28/21,p,2021,04/13/2021 11:05 CDT,97192,18.84,70.39,2.635,8.485,229.82,102260.81
TWB14,Uvalde_2020_02,29.60214,-99.73007,436.7784,6/28/21,p,2021,04/13/2021 11:10 CDT,97192,19.15,68.3,2.225,8.485,245.25,102255.51
TWB14,Uvalde_2020_02,29.60214,-99.73007,436.7784,6/28/21,p,2021,04/13/2021 11:15 CDT,97193,19.29,68.67,3.07,8.485,240.47,102251.96
TWB14,Uvalde_2020_02,29.60214,-99.73007,436.7784,6/28/21,p,2021,04/13/2021 11:20 CDT,97190,19.49,67.35,2.575,8.485,247.82,102246.52
TWB14,Uvalde_2020_02,29.60214,-99.73007,436.7784,6/28/21,p,2021,04/13/2021 11:25 CDT,97189,19.82,65.93,1.97,8.485,248.28,102239.3
TWB14,Uvalde_2020_02,29.60214,-99.73007,436.7784,6/28/21,p,2021,04/13/2021 11:30 CDT,97188,20.01,67.35,2.28,8.485,219.02,102234.02
TWB14,Uvalde_2020_02,29.60214,-99.73007,436.7784,6/28/21,p,2021,04/13/2021 11:35 CDT,97180,20.01,66.13,2.18,8.485,210.82,102224.73
TWB14,Uvalde_2020_02,29.60214,-99.73007,436.7784,6/28/21,p,2021,04/13/2021 11:40 CDT,97176,20.12,65.22,2.07,8.485,195.76,102219.48
TWB14,Uvalde_2020_02,29.60214,-99.73007,436.7784,6/28/21,p,2021,04/13/2021 11:45 CDT,97178,20.19,65.32,2.405,8.485,196.53,102219.82
TWB14,Uvalde_2020_02,29.60214,-99.73007,436.7784,6/28/21,p,2021,04/13/2021 11:50 CDT,97176,20.26,65.31,2.4,8.485,201.14,102217.19
TWB14,Uvalde_2020_02,29.60214,-99.73007,436.7784,6/28/21,p,2021,04/13/2021 11:55 CDT,97171,20.5,65.08,2.21,8.485,205.46,102208.25
TWB14,Uvalde_2020_02,29.60214,-99.73007,436.7784,6/28/21,p,2021,04/13/2021 12:00 CDT,97160,20.71,66.02,1.87,8.485,231.67,102193.35
TWB14,Uvalde_2020_02,29.60214,-99.73007,436.7784,6/28/21,p,2021,04/13/2021 12:05 CDT,97157,21.12,64.4,1.51,8.485,247.32,102184.44
TWB14,Uvalde_2020_02,29.60214,-99.73007,436.7784,6/28/21,p,2021,04/13/2021 12:10 CDT,97157,21.35,62.78,1.96,8.485,243.37,102180.44
TWB14,Uvalde_2020_02,29.60214,-99.73007,436.7784,6/28/21,p,2021,04/13/2021 12:15 CDT,97157,21.57,62.55,1.22,8.485,245.94,102175.56
TWB14,Uvalde_2020_02,29.60214,-99.73007,436.7784,6/28/21,p,2021,04/13/2021 12:20 CDT,97156,21.97,62.28,0.81,8.485,247.5,102169.12
TWB14,Uvalde_2020_02,29.60214,-99.73007,436.7784,6/28/21,p,2021,04/13/2021 12:25 CDT,97155,22.35,61.4,0.77,8.485,256.05,102161.84
TWB14,Uvalde_2020_02,29.60214,-99.73007,436.7784,6/28/21,p,2021,04/13/2021 12:30 CDT,97150,22.63,60.89,1.355,8.485,250.36,102150.36
TWB14,Uvalde_2020_02,29.60214,-99.73007,436.7784,6/28/21,p,2021,04/13/2021 12:35 CDT,97139,22.71,60.85,1.57,8.485,239.12,102137.41
TWB14,Uvalde_2020_02,29.60214,-99.73007,436.7784,6/28/21,p,2021,04/13/2021 12:40 CDT,97129,22.85,59.94,1.325,8.485,241.24,102123.28
TWB14,Uvalde_2020_02,29.60214,-99.73007,436.7784,6/28/21,p,2021,04/13/2021 12:45 CDT,97121,23.08,60.31,1.245,8.485,253.82,102111.25
TWB14,Uvalde_2020_02,29.60214,-99.73007,436.7784,6/28/21,p,2021,04/13/2021 12:50 CDT,97119,23.5,58.52,1.375,8.485,252.16,102102.8
TWB14,Uvalde_2020_02,29.60214,-99.73007,436.7784,6/28/21,p,2021,04/13/2021 12:55 CDT,97117,23.52,58.59,1.1,8.485,263.28,102099.33
TWB14,Uvalde_2020_02,29.60214,-99.73007,436.7784,6/28/21,p,2021,04/13/2021 13:00 CDT,97109,23.86,56.73,1.05,8.485,260.92,102087.16
TWB14,Uvalde_2020_02,29.60214,-99.73007,436.7784,6/28/21,p,2021,04/13/2021 13:05 CDT,97104,23.99,56.36,2.005,8.485,286.63,102076.94
TWB14,Uvalde_2020_02,29.60214,-99.73007,436.7784,6/28/21,p,2021,04/13/2021 13:10 CDT,97102,24.05,56.66,1.795,8.485,292.33,102073.47
TWB14,Uvalde_2020_02,29.60214,-99.73007,436.7784,6/28/21,p,2021,04/13/2021 13:15 CDT,97096,24.33,54.97,1.5,8.485,,102064.45
TWB14,Uvalde_2020_02,29.60214,-99.73007,436.7784,6/28/21,p,2021,04/13/2021 13:20 CDT,97087,24.45,55.27,2.05,8.485,396.48,102051.06
TWB14,Uvalde_2020_02,29.60214,-99.73007,436.7784,6/28/21,p,2021,04/13/2021 13:25 CDT,97078,24.62,53.83,1.92,8.485,467.42,102038.38
TWB14,Uvalde_2020_02,29.60214,-99.73007,436.7784,6/28/21,p,2021,04/13/2021 13:30 CDT,97069,24.97,52.71,1.92,8.485,555.89,102021.97
TWB14,Uvalde_2020_02,29.60214,-99.73007,436.7784,6/28/21,p,2021,04/13/2021 13:35 CDT,97061,25.71,50.92,2.12,8.485,646.05,101999.54
TWB14,Uvalde_2020_02,29.60214,-99.73007,436.7784,6/28/21,p,2021,04/13/2021 13:40 CDT,97051,25.7,50.45,1.89,8.485,657.22,101989.71
TWB14,Uvalde_2020_02,29.60214,-99.73007,436.7784,6/28/21,p,2021,04/13/2021 13:45 CDT,97041,26.15,49.98,1.93,8.485,490.78,101973.64
TWB14,Uvalde_2020_02,29.60214,-99.73007,436.7784,6/28/21,p,2021,04/13/2021 13:50 CDT,97033,25.97,51.32,2.155,8.485,463.03,101965.56
TWB14,Uvalde_2020_02,29.60214,-99.73007,436.7784,6/28/21,p,2021,04/13/2021 13:55 CDT,97023,26.53,48.69,2.18,8.485,741.36,101946.68
TWB14,Uvalde_2020_02,29.60214,-99.73007,436.7784,6/28/21,p,2021,04/13/2021 14:00 CDT,97013,26.81,48.49,1.355,8.485,552.22,101929.47
TWB14,Uvalde_2020_02,29.60214,-99.73007,436.7784,6/28/21,p,2021,04/13/2021 14:05 CDT,97003,26.25,48.92,2.9,8.485,427.21,101926.16
TWB14,Uvalde_2020_02,29.60214,-99.73007,436.7784,6/28/21,p,2021,04/13/2021 14:10 CDT,96993,26.34,48.41,2.84,8.485,532.34,101919.69
TWB14,Uvalde_2020_02,29.60214,-99.73007,436.7784,6/28/21,p,2021,04/13/2021 14:15 CDT,96984,26.51,48.34,2.38,8.485,615.03,101906.87
TWB14,Uvalde_2020_02,29.60214,-99.73007,436.7784,6/28/21,p,2021,04/13/2021 14:20 CDT,96979,26.62,48.85,2.835,8.485,351.16,101899.44
TWB14,Uvalde_2020_02,29.60214,-99.73007,436.7784,6/28/21,p,2021,04/13/2021 14:25 CDT,96965,26.4,48,2.95,8.485,453.92,101888.09
TWB14,Uvalde_2020_02,29.60214,-99.73007,436.7784,6/28/21,p,2021,04/13/2021 14:30 CDT,96957,26.96,44.7,3.045,8.485,773.33,101872.68
TWB14,Uvalde_2020_02,29.60214,-99.73007,436.7784,6/28/21,p,2021,04/13/2021 14:35 CDT,96955,27.52,44.36,2.785,8.485,687.07,101858.9
TWB14,Uvalde_2020_02,29.60214,-99.73007,436.7784,6/28/21,p,2021,04/13/2021 14:40 CDT,96947,27.74,43.86,3.025,8.485,642.76,101844.02
TWB14,Uvalde_2020_02,29.60214,-99.73007,436.7784,6/28/21,p,2021,04/13/2021 14:45 CDT,96942,27.6,44.56,2.855,8.485,441.13,101838.92
TWB14,Uvalde_2020_02,29.60214,-99.73007,436.7784,6/28/21,p,2021,04/13/2021 14:50 CDT,96936,27.68,44.02,1.825,8.485,437.86,101835.28
TWB14,Uvalde_2020_02,29.60214,-99.73007,436.7784,6/28/21,p,2021,04/13/2021 14:55 CDT,96932,27.94,43.48,1.68,8.485,420.43,101828.26
TWB14,Uvalde_2020_02,29.60214,-99.73007,436.7784,6/28/21,p,2021,04/13/2021 15:00 CDT,96926,27.88,42.81,1.88,8.485,391.57,101821.8
TWB14,Uvalde_2020_02,29.60214,-99.73007,436.7784,6/28/21,p,2021,04/13/2021 15:05 CDT,96924,27.77,43.86,2.385,8.485,395.4,101819.19
TWB14,Uvalde_2020_02,29.60214,-99.73007,436.7784,6/28/21,p,2021,04/13/2021 15:10 CDT,96918,27.79,43.15,2.16,8.485,405.9,101815.05
TWB14,Uvalde_2020_02,29.60214,-99.73007,436.7784,6/28/21,p,2021,04/13/2021 15:15 CDT,96913,28,42.77,2.475,8.485,659.12,101806.65
TWB14,Uvalde_2020_02,29.60214,-99.73007,436.7784,6/28/21,p,2021,04/13/2021 15:20 CDT,96897,28.2,43.72,1.73,8.485,442.84,101786.52
TWB14,Uvalde_2020_02,29.60214,-99.73007,436.7784,6/28/21,p,2021,04/13/2021 15:25 CDT,96894,27.91,44.69,2.045,8.485,409.93,101785.51
TWB14,Uvalde_2020_02,29.60214,-99.73007,436.7784,6/28/21,p,2021,04/13/2021 15:30 CDT,96887,28.06,43.17,1.8,8.485,460.04,101778.84
TWB14,Uvalde_2020_02,29.60214,-99.73007,436.7784,6/28/21,p,2021,04/13/2021 15:35 CDT,96875,28.27,43.11,0.98,8.485,302.55,101764.08
TWB14,Uvalde_2020_02,29.60214,-99.73007,436.7784,6/28/21,p,2021,04/13/2021 15:40 CDT,96869,28.2,43.14,2.16,8.485,320.19,101757.11
TWB14,Uvalde_2020_02,29.60214,-99.73007,436.7784,6/28/21,p,2021,04/13/2021 15:45 CDT,96865,28.19,44.22,1.185,8.485,366.33,101753.23
TWB14,Uvalde_2020_02,29.60214,-99.73007,436.7784,6/28/21,p,2021,04/13/2021 15:50 CDT,96858,28.47,40.82,2.23,8.485,557.34,101741.28
TWB14,Uvalde_2020_02,29.60214,-99.73007,436.7784,6/28/21,p,2021,04/13/2021 15:55 CDT,96848,28.45,42.91,2.36,8.485,444.53,101728.77
TWB14,Uvalde_2020_02,29.60214,-99.73007,436.7784,6/28/21,p,2021,04/13/2021 16:00 CDT,96838,28.29,42.23,1.195,8.485,306.6,101723.23
TWB14,Uvalde_2020_02,29.60214,-99.73007,436.7784,6/28/21,p,2021,04/13/2021 16:05 CDT,96837,28.53,41.69,1.33,8.485,363.3,101719.54
TWB14,Uvalde_2020_02,29.60214,-99.73007,436.7784,6/28/21,p,2021,04/13/2021 16:10 CDT,96831,28.57,40.78,1.68,8.485,274.23,101712.59
TWB14,Uvalde_2020_02,29.60214,-99.73007,436.7784,6/28/21,p,2021,04/13/2021 16:15 CDT,96826,28.33,41.76,2.67,8.485,258.73,101709.48
TWB14,Uvalde_2020_02,29.60214,-99.73007,436.7784,6/28/21,p,2021,04/13/2021 16:20 CDT,96816,28.12,41.83,1.69,8.485,247.33,101702.11
TWB14,Uvalde_2020_02,29.60214,-99.73007,436.7784,6/28/21,p,2021,04/13/2021 16:25 CDT,96811,28.37,41.53,1.51,8.485,244.39,101693.72
TWB14,Uvalde_2020_02,29.60214,-99.73007,436.7784,6/28/21,p,2021,04/13/2021 16:30 CDT,96805,28.57,42.4,0.72,8.485,221.23,101686.25
TWB14,Uvalde_2020_02,29.60214,-99.73007,436.7784,6/28/21,p,2021,04/13/2021 16:35 CDT,96791,28.82,41.26,1.02,8.485,256.38,101668.09
TWB14,Uvalde_2020_02,29.60214,-99.73007,436.7784,6/28/21,p,2021,04/13/2021 16:40 CDT,96784,29.1,40.68,0.955,8.485,481.62,101657.62
TWB14,Uvalde_2020_02,29.60214,-99.73007,436.7784,6/28/21,p,2021,04/13/2021 16:45 CDT,96784,29.44,41.66,1.875,8.485,207.66,101648.89
TWB14,Uvalde_2020_02,29.60214,-99.73007,436.7784,6/28/21,p,2021,04/13/2021 16:50 CDT,96779,28.45,43.38,2.69,8.485,162,101656.79
TWB14,Uvalde_2020_02,29.60214,-99.73007,436.7784,6/28/21,p,2021,04/13/2021 16:55 CDT,96770,28.16,43.95,2.165,8.485,137.39,101652.61
TWB14,Uvalde_2020_02,29.60214,-99.73007,436.7784,6/28/21,p,2021,04/13/2021 17:00 CDT,96760,28.1,44.12,2.5,8.485,138.16,101644.26
TWB14,Uvalde_2020_02,29.60214,-99.73007,436.7784,6/28/21,p,2021,04/13/2021 17:05 CDT,96758,28.1,43.95,1.575,8.485,182.97,101644.47
TWB14,Uvalde_2020_02,29.60214,-99.73007,436.7784,6/28/21,p,2021,04/13/2021 17:10 CDT,96757,28.29,44.96,1.29,8.485,195.06,101640.93
TWB14,Uvalde_2020_02,29.60214,-99.73007,436.7784,6/28/21,p,2021,04/13/2021 17:15 CDT,96756,28.32,43.72,2.075,8.485,192.44,101638.9
TWB14,Uvalde_2020_02,29.60214,-99.73007,436.7784,6/28/21,p,2021,04/13/2021 17:20 CDT,96746,28.11,44.43,3.43,8.485,245.89,101629.71
TWB14,Uvalde_2020_02,29.60214,-99.73007,436.7784,6/28/21,p,2021,04/13/2021 17:25 CDT,96743,28.03,44.76,2.975,7.4,175.37,101628.71
TWB14,Uvalde_2020_02,29.60214,-99.73007,436.7784,6/28/21,p,2021,04/13/2021 17:30 CDT,96741,27.97,43.72,2.54,7.4,297.93,101628.27
TWB14,Uvalde_2020_02,29.60214,-99.73007,436.7784,6/28/21,p,2021,04/13/2021 17:35 CDT,96741,28.38,43.59,1.825,7.4,370.63,101622.65
TWB14,Uvalde_2020_02,29.60214,-99.73007,436.7784,6/28/21,p,2021,04/13/2021 17:40 CDT,96737,28.74,43.18,1.885,7.4,333.9,101611.68
TWB14,Uvalde_2020_02,29.60214,-99.73007,436.7784,6/28/21,p,2021,04/13/2021 17:45 CDT,96735,28.76,42.31,2.03,7.4,356.77,101607.94
TWB14,Uvalde_2020_02,29.60214,-99.73007,436.7784,6/28/21,p,2021,04/13/2021 17:50 CDT,96734,28.85,41.73,2.095,7.4,353.53,101605.42
TWB14,Uvalde_2020_02,29.60214,-99.73007,436.7784,6/28/21,p,2021,04/13/2021 17:55 CDT,96734,28.88,41.8,2.65,7.4,327.95,101604.59
TWB14,Uvalde_2020_02,29.60214,-99.73007,436.7784,6/28/21,p,2021,04/13/2021 18:00 CDT,96737,28.81,41.77,2.515,7.4,303.18,101608.73
TWB14,Uvalde_2020_02,29.60214,-99.73007,436.7784,6/28/21,p,2021,04/13/2021 18:05 CDT,96737,28.76,41.97,2.24,7.4,277.61,101609.55
TWB14,Uvalde_2020_02,29.60214,-99.73007,436.7784,6/28/21,p,2021,04/13/2021 18:10 CDT,96739,28.78,42.14,2.7,7.4,270.72,101610.66
TWB14,Uvalde_2020_02,29.60214,-99.73007,436.7784,6/28/21,p,2021,04/13/2021 18:15 CDT,96738,28.44,43.96,2.01,7.4,128.97,101615.03
TWB14,Uvalde_2020_02,29.60214,-99.73007,436.7784,6/28/21,p,2021,04/13/2021 18:20 CDT,96739,28.18,44.29,2.7,7.4,107.04,101621.2
TWB14,Uvalde_2020_02,29.60214,-99.73007,436.7784,6/28/21,p,2021,04/13/2021 18:25 CDT,96741,28.02,44.53,2.195,7.4,177.15,101628.27
TWB14,Uvalde_2020_02,29.60214,-99.73007,436.7784,6/28/21,p,2021,04/13/2021 18:30 CDT,96744,28.2,44.39,2.855,7.4,207.36,101629.1
TWB14,Uvalde_2020_02,29.60214,-99.73007,436.7784,6/28/21,p,2021,04/13/2021 18:35 CDT,96756,28.14,45.81,2.925,7.4,127.97,101642.02
TWB14,Uvalde_2020_02,29.60214,-99.73007,436.7784,6/28/21,p,2021,04/13/2021 18:40 CDT,96764,27.8,46.72,2.715,7.4,97.14,101655.72
TWB14,Uvalde_2020_02,29.60214,-99.73007,436.7784,6/28/21,p,2021,04/13/2021 18:45 CDT,96761,27.64,47.39,2.115,7.4,66.86,101656.22
TWB14,Uvalde_2020_02,29.60214,-99.73007,436.7784,6/28/21,p,2021,04/13/2021 18:50 CDT,96763,27.44,47.79,2.055,7.4,61.57,101661.98
TWB14,Uvalde_2020_02,29.60214,-99.73007,436.7784,6/28/21,p,2021,04/13/2021 18:55 CDT,96762,27.3,48.2,2.565,7.4,63.21,101663.92
TWB14,Uvalde_2020_02,29.60214,-99.73007,436.7784,6/28/21,p,2021,04/13/2021 19:00 CDT,96753,27.23,48.67,2.115,7.4,57.35,101656.29
TWB14,Uvalde_2020_02,29.60214,-99.73007,436.7784,6/28/21,p,2021,04/13/2021 19:05 CDT,96762,27.15,48.88,2.43,7.4,52.03,101667.42
TWB14,Uvalde_2020_02,29.60214,-99.73007,436.7784,6/28/21,p,2021,04/13/2021 19:10 CDT,96766,27.09,49.35,2.685,7.4,51.77,101672.95
TWB14,Uvalde_2020_02,29.60214,-99.73007,436.7784,6/28/21,p,2021,04/13/2021 19:15 CDT,96762,27,49.96,2.19,7.4,47.21,101669.91
TWB14,Uvalde_2020_02,29.60214,-99.73007,436.7784,6/28/21,p,2021,04/13/2021 19:20 CDT,96762,26.92,50.23,1.725,7.4,41.71,101671.24
TWB14,Uvalde_2020_02,29.60214,-99.73007,436.7784,6/28/21,p,2021,04/13/2021 19:25 CDT,96770,26.85,50.36,1.79,7.4,33.61,101681.15
TWB14,Uvalde_2020_02,29.60214,-99.73007,436.7784,6/28/21,p,2021,04/13/2021 19:30 CDT,96772,26.77,50.67,1.58,7.4,28.6,101684.76
TWB14,Uvalde_2020_02,29.60214,-99.73007,436.7784,6/28/21,p,2021,04/13/2021 19:35 CDT,96778,26.73,50.91,2.255,7.4,25.35,101691.9
TWB14,Uvalde_2020_02,29.60214,-99.73007,436.7784,6/28/21,p,2021,04/13/2021 19:40 CDT,96786,26.65,51.25,1.835,7.4,20.41,101701.64
TWB14,Uvalde_2020_02,29.60214,-99.73007,436.7784,6/28/21,p,2021,04/13/2021 19:45 CDT,96790,26.52,51.52,1.9,7.4,16.19,101708.19
TWB14,Uvalde_2020_02,29.60214,-99.73007,436.7784,6/28/21,p,2021,04/13/2021 19:50 CDT,96796,26.44,51.86,1.63,7.4,12.6,101715.83
TWB14,Uvalde_2020_02,29.60214,-99.73007,436.7784,6/28/21,p,2021,04/13/2021 19:55 CDT,96801,26.31,52.47,1.05,7.4,8.65,101723.43
TWB14,Uvalde_2020_02,29.60214,-99.73007,436.7784,6/28/21,p,2021,04/13/2021 20:00 CDT,96808,26.16,53.07,0.84,7.4,5.51,101733.14
TWB14,Uvalde_2020_02,29.60214,-99.73007,436.7784,6/28/21,p,2021,04/13/2021 20:05 CDT,96812,25.99,53.68,1.02,7.4,3.47,101740.53
TWB14,Uvalde_2020_02,29.60214,-99.73007,436.7784,6/28/21,p,2021,04/13/2021 20:10 CDT,96825,25.91,53.88,1.115,7.4,1.69,101755.88
TWB14,Uvalde_2020_02,29.60214,-99.73007,436.7784,6/28/21,p,2021,04/13/2021 20:15 CDT,96835,25.83,54.32,1.065,7.4,1.21,101768.07
TWB14,Uvalde_2020_02,29.60214,-99.73007,436.7784,6/28/21,p,2021,04/13/2021 20:20 CDT,96830,25.71,54.9,1.395,7.4,0.38,101765
TWB14,Uvalde_2020_02,29.60214,-99.73007,436.7784,6/28/21,p,2021,04/13/2021 20:25 CDT,96837,25.6,55.3,1.575,7.4,0,101774.55
TWB14,Uvalde_2020_02,29.60214,-99.73007,436.7784,6/28/21,p,2021,04/13/2021 20:30 CDT,96838,25.5,55.71,1.49,7.4,0,101777.12
TWB14,Uvalde_2020_02,29.60214,-99.73007,436.7784,6/28/21,p,2021,04/13/2021 20:35 CDT,96840,25.41,56.18,1.47,7.4,0,101780.91
TWB14,Uvalde_2020_02,29.60214,-99.73007,436.7784,6/28/21,p,2021,04/13/2021 20:40 CDT,96843,25.32,56.52,1.495,7.4,0,101785.92
TWB14,Uvalde_2020_02,29.60214,-99.73007,436.7784,6/28/21,p,2021,04/13/2021 20:45 CDT,96843,25.26,56.86,1.385,7.4,0,101786.94
TWB14,Uvalde_2020_02,29.60214,-99.73007,436.7784,6/28/21,p,2021,04/13/2021 20:50 CDT,96849,25.21,57.13,1.605,7.4,0,101794.26
TWB14,Uvalde_2020_02,29.60214,-99.73007,436.7784,6/28/21,p,2021,04/13/2021 20:55 CDT,96855,25.19,57.4,1.69,7.4,0,101801.24
TWB14,Uvalde_2020_02,29.60214,-99.73007,436.7784,6/28/21,p,2021,04/13/2021 21:00 CDT,96866,25.17,57.67,1.675,7.4,0,101812.8
TWB14,Uvalde_2020_02,29.60214,-99.73007,436.7784,6/28/21,p,2021,04/13/2021 21:05 CDT,96874,25.11,58.01,1.4,7.4,0,101822.05
TWB14,Uvalde_2020_02,29.60214,-99.73007,436.7784,6/28/21,p,2021,04/13/2021 21:10 CDT,96878,24.96,58.62,1.785,7.4,0,101828.63
TWB14,Uvalde_2020_02,29.60214,-99.73007,436.7784,6/28/21,p,2021,04/13/2021 21:15 CDT,96881,24.9,59.16,1.695,7.4,0,101832.63
TWB14,Uvalde_2020_02,29.60214,-99.73007,436.7784,6/28/21,p,2021,04/13/2021 21:20 CDT,96888,24.78,60.03,1.535,7.4,0,101841.85
TWB14,Uvalde_2020_02,29.60214,-99.73007,436.7784,6/28/21,p,2021,04/13/2021 21:25 CDT,96892,24.67,60.64,1.86,7.4,0,101848.43
TWB14,Uvalde_2020_02,29.60214,-99.73007,436.7784,6/28/21,p,2021,04/13/2021 21:30 CDT,96890,24.65,60.91,1.675,7.4,0,101846.66
TWB14,Uvalde_2020_02,29.60214,-99.73007,436.7784,6/28/21,p,2021,04/13/2021 21:35 CDT,96891,24.58,61.31,1.7,7.4,0,101848.73
TWB14,Uvalde_2020_02,29.60214,-99.73007,436.7784,6/28/21,p,2021,04/13/2021 21:40 CDT,96889,24.41,62.06,1.405,7.4,0,101849.18
TWB14,Uvalde_2020_02,29.60214,-99.73007,436.7784,6/28/21,p,2021,04/13/2021 21:45 CDT,96885,24.31,62.73,1.305,7.4,0,101846.68
TWB14,Uvalde_2020_02,29.60214,-99.73007,436.7784,6/28/21,p,2021,04/13/2021 21:50 CDT,96881,24.17,63.14,1.285,7.4,0,101845.2
TWB14,Uvalde_2020_02,29.60214,-99.73007,436.7784,6/28/21,p,2021,04/13/2021 21:55 CDT,96887,24.08,63.68,1.49,7.4,0,101853.21
TWB14,Uvalde_2020_02,29.60214,-99.73007,436.7784,6/28/21,p,2021,04/13/2021 22:00 CDT,96893,23.99,63.99,1.37,7.4,0,101861.39
TWB14,Uvalde_2020_02,29.60214,-99.73007,436.7784,6/28/21,p,2021,04/13/2021 22:05 CDT,96908,23.91,64.7,1.005,7.4,0.04,101878.87
TWB14,Uvalde_2020_02,29.60214,-99.73007,436.7784,6/28/21,p,2021,04/13/2021 22:10 CDT,96913,23.81,65.04,0.86,7.4,0.01,101885.84
TWB14,Uvalde_2020_02,29.60214,-99.73007,436.7784,6/28/21,p,2021,04/13/2021 22:15 CDT,96925,23.74,65.38,1.27,7.4,0.02,101900.85
TWB14,Uvalde_2020_02,29.60214,-99.73007,436.7784,6/28/21,p,2021,04/13/2021 22:20 CDT,96937,23.67,65.92,0.665,7.4,0.13,101914.15
TWB14,Uvalde_2020_02,29.60214,-99.73007,436.7784,6/28/21,p,2021,04/13/2021 22:25 CDT,96944,23.41,67.13,0.495,7.4,0.79,101925.79
TWB14,Uvalde_2020_02,29.60214,-99.73007,436.7784,6/28/21,p,2021,04/13/2021 22:30 CDT,96960,23.19,68.08,0.375,7.4,1.08,101948.11
TWB14,Uvalde_2020_02,29.60214,-99.73007,436.7784,6/28/21,p,2021,04/13/2021 22:35 CDT,96967,23,69.63,0.215,7.4,1.22,101959.94
TWB14,Uvalde_2020_02,29.60214,-99.73007,436.7784,6/28/21,p,2021,04/13/2021 22:40 CDT,96968,22.78,70.17,0.355,7.4,0.75,101964.79
TWB14,Uvalde_2020_02,29.60214,-99.73007,436.7784,6/28/21,p,2021,04/13/2021 22:45 CDT,96969,22.48,71.52,0.13,7.4,0.87,101969.46
TWB14,Uvalde_2020_02,29.60214,-99.73007,436.7784,6/28/21,p,2021,04/13/2021 22:50 CDT,96968,22.31,71.85,0.34,7.4,0.52,101972.91
TWB14,Uvalde_2020_02,29.60214,-99.73007,436.7784,6/28/21,p,2021,04/13/2021 22:55 CDT,96968,22.17,72.46,0.525,7.4,0.54,101977.6
TWB14,Uvalde_2020_02,29.60214,-99.73007,436.7784,6/28/21,p,2021,04/13/2021 23:00 CDT,96968,22.09,73.87,0.555,7.4,0.52,101981.59
TWB14,Uvalde_2020_02,29.60214,-99.73007,436.7784,6/28/21,p,2021,04/13/2021 23:05 CDT,96966,22,74.62,0.685,7.4,0.1,101982.09
TWB14,Uvalde_2020_02,29.60214,-99.73007,436.7784,6/28/21,p,2021,04/13/2021 23:10 CDT,96969,22.12,74.01,0.8,7.4,0,101983.86
TWB14,Uvalde_2020_02,29.60214,-99.73007,436.7784,6/28/21,p,2021,04/13/2021 23:15 CDT,96972,22.18,73.61,0.59,7.4,0,101985.8
TWB14,Uvalde_2020_02,29.60214,-99.73007,436.7784,6/28/21,p,2021,04/13/2021 23:20 CDT,96984,22.15,73.14,0.26,7.4,0,101997.72
TWB14,Uvalde_2020_02,29.60214,-99.73007,436.7784,6/28/21,p,2021,04/13/2021 23:25 CDT,96985,22.16,73.79,0.35,7.4,0,101998.25
TWB14,Uvalde_2020_02,29.60214,-99.73007,436.7784,6/28/21,p,2021,04/13/2021 23:30 CDT,96981,22.08,73.82,0,7.4,0,101994.56
TWB14,Uvalde_2020_02,29.60214,-99.73007,436.7784,6/28/21,p,2021,04/13/2021 23:35 CDT,96988,22.03,74.02,0.125,7.4,0,102001.23
TWB14,Uvalde_2020_02,29.60214,-99.73007,436.7784,6/28/21,p,2021,04/13/2021 23:40 CDT,96986,21.97,73.69,0.115,7.4,0,101998.6
TWB14,Uvalde_2020_02,29.60214,-99.73007,436.7784,6/28/21,p,2021,04/13/2021 23:45 CDT,96979,21.96,73.62,0.13,7.4,0,101990.2
TWB14,Uvalde_2020_02,29.60214,-99.73007,436.7784,6/28/21,p,2021,04/13/2021 23:50 CDT,96975,22.01,73.92,0.195,7.4,0,101985.12
TWB14,Uvalde_2020_02,29.60214,-99.73007,436.7784,6/28/21,p,2021,04/13/2021 23:55 CDT,96989,22.14,73.55,0.355,7.4,0,101999.15
TWB14,Uvalde_2020_02,29.60214,-99.73007,436.7784,6/28/21,p,2021,04/14/2021 00:00 CDT,97000,22.32,73.89,0.39,7.4,0,102008.98
TWB14,Uvalde_2020_02,29.60214,-99.73007,436.7784,6/28/21,p,2021,04/14/2021 00:05 CDT,97001,22.8,71.06,1.125,7.4,0,102003.29
TWB14,Uvalde_2020_02,29.60214,-99.73007,436.7784,6/28/21,p,2021,04/14/2021 00:10 CDT,97002,23.08,70.41,0.27,7.4,0,101996.74
TWB14,Uvalde_2020_02,29.60214,-99.73007,436.7784,6/28/21,p,2021,04/14/2021 00:15 CDT,97001,23.03,71.12,0.435,7.4,0,101995.51
TWB14,Uvalde_2020_02,29.60214,-99.73007,436.7784,6/28/21,p,2021,04/14/2021 00:20 CDT,97001,23.16,69.44,1.025,7.4,0,101993.45
TWB14,Uvalde_2020_02,29.60214,-99.73007,436.7784,6/28/21,p,2021,04/14/2021 00:25 CDT,96992,23.37,68.63,1.35,7.4,0,101978.31
TWB14,Uvalde_2020_02,29.60214,-99.73007,436.7784,6/28/21,p,2021,04/14/2021 00:30 CDT,96995,23.51,68.29,1.24,7.4,0,101977.34
TWB14,Uvalde_2020_02,29.60214,-99.73007,436.7784,6/28/21,p,2021,04/14/2021 00:35 CDT,96999,23.51,68.29,1.19,7.4,0,101980.69
TWB14,Uvalde_2020_02,29.60214,-99.73007,436.7784,6/28/21,p,2021,04/14/2021 00:40 CDT,97002,23.51,68.09,1.125,7.4,0,101983.33
TWB14,Uvalde_2020_02,29.60214,-99.73007,436.7784,6/28/21,p,2021,04/14/2021 00:45 CDT,97002,23.48,68.35,0.84,7.4,0,101983.32
TWB14,Uvalde_2020_02,29.60214,-99.73007,436.7784,6/28/21,p,2021,04/14/2021 00:50 CDT,97011,23.44,68.22,1.21,7.4,0,101993.82
TWB14,Uvalde_2020_02,29.60214,-99.73007,436.7784,6/28/21,p,2021,04/14/2021 00:55 CDT,97018,23.38,68.62,1.37,7.4,0,102001.86
TWB14,Uvalde_2020_02,29.60214,-99.73007,436.7784,6/28/21,p,2021,04/14/2021 01:00 CDT,97017,23.37,68.45,1.84,7.4,0,102001.5
TWB14,Uvalde_2020_02,29.60214,-99.73007,436.7784,6/28/21,p,2021,04/14/2021 01:05 CDT,97011,23.36,68.35,1.87,7.4,0,101995.02
TWB14,Uvalde_2020_02,29.60214,-99.73007,436.7784,6/28/21,p,2021,04/14/2021 01:10 CDT,96997,23.37,68.48,1.755,7.4,0,101979.78
TWB14,Uvalde_2020_02,29.60214,-99.73007,436.7784,6/28/21,p,2021,04/14/2021 01:15 CDT,96995,23.32,68.62,1.46,7.4,0,101978.37
TWB14,Uvalde_2020_02,29.60214,-99.73007,436.7784,6/28/21,p,2021,04/14/2021 01:20 CDT,96997,23.23,68.99,0.69,7.4,0.05,101981.84
TWB14,Uvalde_2020_02,29.60214,-99.73007,436.7784,6/28/21,p,2021,04/14/2021 01:25 CDT,97001,23.19,69.02,1.365,7.4,0,101986.91
TWB14,Uvalde_2020_02,29.60214,-99.73007,436.7784,6/28/21,p,2021,04/14/2021 01:30 CDT,97007,23.14,69.22,0.37,7.4,0.08,101993.73
TWB14,Uvalde_2020_02,29.60214,-99.73007,436.7784,6/28/21,p,2021,04/14/2021 01:35 CDT,97007,23.06,69.56,0.485,7.4,0.13,101994.93
TWB14,Uvalde_2020_02,29.60214,-99.73007,436.7784,6/28/21,p,2021,04/14/2021 01:40 CDT,97009,23.01,69.56,0.995,7.4,0,101998.76
TWB14,Uvalde_2020_02,29.60214,-99.73007,436.7784,6/28/21,p,2021,04/14/2021 01:45 CDT,97011,23,69.43,0.9,7.4,0,102001.38
TWB14,Uvalde_2020_02,29.60214,-99.73007,436.7784,6/28/21,p,2021,04/14/2021 01:50 CDT,97002,22.97,69.43,0.475,7.4,0.06,101991.74
TWB14,Uvalde_2020_02,29.60214,-99.73007,436.7784,6/28/21,p,2021,04/14/2021 01:55 CDT,96990,22.88,70.23,0.895,7.4,0.22,101980.33
TWB14,Uvalde_2020_02,29.60214,-99.73007,436.7784,6/28/21,p,2021,04/14/2021 02:00 CDT,96969,22.78,70.17,1.26,7.4,0,101960.32
TWB14,Uvalde_2020_02,29.60214,-99.73007,436.7784,6/28/21,p,2021,04/14/2021 02:05 CDT,96985,22.67,70.5,0.51,7.4,0.14,101978.86
TWB14,Uvalde_2020_02,29.60214,-99.73007,436.7784,6/28/21,p,2021,04/14/2021 02:10 CDT,97000,22.64,70.54,0.905,7.4,0,101995.67
TWB14,Uvalde_2020_02,29.60214,-99.73007,436.7784,6/28/21,p,2021,04/14/2021 02:15 CDT,97014,22.6,70.61,0.31,7.4,0,102010.91
TWB14,Uvalde_2020_02,29.60214,-99.73007,436.7784,6/28/21,p,2021,04/14/2021 02:20 CDT,97010,22.58,70.91,0.725,7.4,0,102007.05
TWB14,Uvalde_2020_02,29.60214,-99.73007,436.7784,6/28/21,p,2021,04/14/2021 02:25 CDT,96995,22.55,70.77,0.77,7.4,0,101992.14
TWB14,Uvalde_2020_02,29.60214,-99.73007,436.7784,6/28/21,p,2021,04/14/2021 02:30 CDT,96981,22.53,70.91,0.72,7.4,0,101977.76
TWB14,Uvalde_2020_02,29.60214,-99.73007,436.7784,6/28/21,p,2021,04/14/2021 02:35 CDT,96968,22.42,71.45,1.095,7.4,0,101965.64
TWB14,Uvalde_2020_02,29.60214,-99.73007,436.7784,6/28/21,p,2021,04/14/2021 02:40 CDT,96968,22.32,71.65,0.98,7.4,0,101967.37
TWB14,Uvalde_2020_02,29.60214,-99.73007,436.7784,6/28/21,p,2021,04/14/2021 02:45 CDT,96968,22.35,71.35,1.465,7.4,0,101967.72
TWB14,Uvalde_2020_02,29.60214,-99.73007,436.7784,6/28/21,p,2021,04/14/2021 02:50 CDT,96971,22.37,71.45,0.865,7.4,0,101970.36
TWB14,Uvalde_2020_02,29.60214,-99.73007,436.7784,6/28/21,p,2021,04/14/2021 02:55 CDT,96958,22.33,71.72,0.77,7.4,0,101957.2
TWB14,Uvalde_2020_02,29.60214,-99.73007,436.7784,6/28/21,p,2021,04/14/2021 03:00 CDT,96939,22.35,71.48,1.45,7.4,0,101937.23
TWB14,Uvalde_2020_02,29.60214,-99.73007,436.7784,6/28/21,p,2021,04/14/2021 03:05 CDT,96927,22.4,71.72,1.68,7.4,0,101923.74
TWB14,Uvalde_2020_02,29.60214,-99.73007,436.7784,6/28/21,p,2021,04/14/2021 03:10 CDT,96924,22.42,71.72,1.575,7.4,0,101919.89
TWB14,Uvalde_2020_02,29.60214,-99.73007,436.7784,6/28/21,p,2021,04/14/2021 03:15 CDT,96933,22.45,71.72,1.325,7.4,0,101929.18
TWB14,Uvalde_2020_02,29.60214,-99.73007,436.7784,6/28/21,p,2021,04/14/2021 03:20 CDT,96940,22.46,72.12,1.295,7.4,0,101935.85
TWB14,Uvalde_2020_02,29.60214,-99.73007,436.7784,6/28/21,p,2021,04/14/2021 03:25 CDT,96942,22.48,72.12,0.98,7.4,0,101937.61
TWB14,Uvalde_2020_02,29.60214,-99.73007,436.7784,6/28/21,p,2021,04/14/2021 03:30 CDT,96941,22.52,72.6,1.475,7.4,0,101935.86
TWB14,Uvalde_2020_02,29.60214,-99.73007,436.7784,6/28/21,p,2021,04/14/2021 03:35 CDT,96940,22.55,72.46,1.535,7.4,0,101934.29
TWB14,Uvalde_2020_02,29.60214,-99.73007,436.7784,6/28/21,p,2021,04/14/2021 03:40 CDT,96943,22.56,72.73,1.55,7.4,0,101937.1
TWB14,Uvalde_2020_02,29.60214,-99.73007,436.7784,6/28/21,p,2021,04/14/2021 03:45 CDT,96952,22.57,72.93,1.09,7.4,0,101945.87
TWB14,Uvalde_2020_02,29.60214,-99.73007,436.7784,6/28/21,p,2021,04/14/2021 03:50 CDT,96951,22.6,73.07,1.46,7.4,0,101944.65
TWB14,Uvalde_2020_02,29.60214,-99.73007,436.7784,6/28/21,p,2021,04/14/2021 03:55 CDT,96962,22.62,73.07,1.445,7.4,0,101956.04
TWB14,Uvalde_2020_02,29.60214,-99.73007,436.7784,6/28/21,p,2021,04/14/2021 04:00 CDT,96967,22.65,73.07,1.9,7.4,0,101960.61
TWB14,Uvalde_2020_02,29.60214,-99.73007,436.7784,6/28/21,p,2021,04/14/2021 04:05 CDT,96975,22.66,73.13,1.86,7.4,0,101968.85
TWB14,Uvalde_2020_02,29.60214,-99.73007,436.7784,6/28/21,p,2021,04/14/2021 04:10 CDT,96982,22.66,73.13,1.9,7.4,0,101976.21
TWB14,Uvalde_2020_02,29.60214,-99.73007,436.7784,6/28/21,p,2021,04/14/2021 04:15 CDT,96991,22.65,73.27,1.39,7.4,0,101985.67
TWB14,Uvalde_2020_02,29.60214,-99.73007,436.7784,6/28/21,p,2021,04/14/2021 04:20 CDT,96995,22.64,73.47,0.835,7.4,0,101989.87
TWB14,Uvalde_2020_02,29.60214,-99.73007,436.7784,6/28/21,p,2021,04/14/2021 04:25 CDT,96997,22.65,73.61,1.2,7.4,0,101991.8
TWB14,Uvalde_2020_02,29.60214,-99.73007,436.7784,6/28/21,p,2021,04/14/2021 04:30 CDT,97006,22.64,73.71,1.345,7.4,0,102001.44
TWB14,Uvalde_2020_02,29.60214,-99.73007,436.7784,6/28/21,p,2021,04/14/2021 04:35 CDT,97016,22.63,73.61,1.06,7.4,0,102011.95
TWB14,Uvalde_2020_02,29.60214,-99.73007,436.7784,6/28/21,p,2021,04/14/2021 04:40 CDT,97018,22.62,73.54,1.08,7.4,0,102014.23
TWB14,Uvalde_2020_02,29.60214,-99.73007,436.7784,6/28/21,p,2021,04/14/2021 04:45 CDT,97022,22.6,73.57,0.89,7.4,0,102018.61
TWB14,Uvalde_2020_02,29.60214,-99.73007,436.7784,6/28/21,p,2021,04/14/2021 04:50 CDT,97022,22.57,73.54,0.59,7.4,0,102019.13
TWB14,Uvalde_2020_02,29.60214,-99.73007,436.7784,6/28/21,p,2021,04/14/2021 04:55 CDT,97022,22.56,73.5,0.91,7.4,0,102019.13
TWB14,Uvalde_2020_02,29.60214,-99.73007,436.7784,6/28/21,p,2021,04/14/2021 05:00 CDT,97013,22.53,73.57,1.08,7.4,0,102010.01
TWB14,Uvalde_2020_02,29.60214,-99.73007,436.7784,6/28/21,p,2021,04/14/2021 05:05 CDT,97004,22.49,73.47,1.065,7.4,0,102001.41
TWB14,Uvalde_2020_02,29.60214,-99.73007,436.7784,6/28/21,p,2021,04/14/2021 05:10 CDT,97001,22.46,73.47,0.895,7.4,0,101998.6
TWB14,Uvalde_2020_02,29.60214,-99.73007,436.7784,6/28/21,p,2021,04/14/2021 05:15 CDT,96998,22.42,73.54,0.56,7.4,0,101996.14
TWB14,Uvalde_2020_02,29.60214,-99.73007,436.7784,6/28/21,p,2021,04/14/2021 05:20 CDT,96998,22.39,73.54,0.795,7.4,0,101996.66
TWB14,Uvalde_2020_02,29.60214,-99.73007,436.7784,6/28/21,p,2021,04/14/2021 05:25 CDT,97000,22.35,73.54,0.61,7.4,0,101999.45
TWB14,Uvalde_2020_02,29.60214,-99.73007,436.7784,6/28/21,p,2021,04/14/2021 05:30 CDT,96997,22.34,73.54,1.715,7.4,0,101996.64
TWB14,Uvalde_2020_02,29.60214,-99.73007,436.7784,6/28/21,p,2021,04/14/2021 05:35 CDT,96994,22.3,73.61,1.225,7.4,0,101994.18
TWB14,Uvalde_2020_02,29.60214,-99.73007,436.7784,6/28/21,p,2021,04/14/2021 05:40 CDT,96995,22.28,73.74,0.885,7.4,0,101995.58
TWB14,Uvalde_2020_02,29.60214,-99.73007,436.7784,6/28/21,p,2021,04/14/2021 05:45 CDT,96993,22.28,73.81,1.29,7.4,0,101993.47
TWB14,Uvalde_2020_02,29.60214,-99.73007,436.7784,6/28/21,p,2021,04/14/2021 05:50 CDT,96984,22.27,73.98,1.305,7.4,0,101984.18
TWB14,Uvalde_2020_02,29.60214,-99.73007,436.7784,6/28/21,p,2021,04/14/2021 05:55 CDT,96992,22.25,74.04,0.855,7.4,0,101992.94
TWB14,Uvalde_2020_02,29.60214,-99.73007,436.7784,6/28/21,p,2021,04/14/2021 06:00 CDT,96995,22.24,74.08,1.03,7.4,0,101996.61
TWB14,Uvalde_2020_02,29.60214,-99.73007,436.7784,6/28/21,p,2021,04/14/2021 06:05 CDT,96995,22.26,73.98,0.825,7.4,0,101996.44
TWB14,Uvalde_2020_02,29.60214,-99.73007,436.7784,6/28/21,p,2021,04/14/2021 06:10 CDT,96997,22.28,73.94,0.54,7.4,0,101997.85
TWB14,Uvalde_2020_02,29.60214,-99.73007,436.7784,6/28/21,p,2021,04/14/2021 06:15 CDT,96998,22.27,74.01,0.155,7.4,0,101998.73
TWB14,Uvalde_2020_02,29.60214,-99.73007,436.7784,6/28/21,p,2021,04/14/2021 06:20 CDT,97000,22.25,74.28,0.705,7.4,0,102001
TWB14,Uvalde_2020_02,29.60214,-99.73007,436.7784,6/28/21,p,2021,04/14/2021 06:25 CDT,97012,22.2,74.28,0.26,7.4,0,102014.49
TWB14,Uvalde_2020_02,29.60214,-99.73007,436.7784,6/28/21,p,2021,04/14/2021 06:30 CDT,97019,22.19,74.01,0.445,7.4,0,102022.2
TWB14,Uvalde_2020_02,29.60214,-99.73007,436.7784,6/28/21,p,2021,04/14/2021 06:35 CDT,97021,22.2,73.94,0.18,7.4,0,102024.13
TWB14,Uvalde_2020_02,29.60214,-99.73007,436.7784,6/28/21,p,2021,04/14/2021 06:40 CDT,97022,22.18,74.01,0.065,7.4,0,102025.35
TWB14,Uvalde_2020_02,29.60214,-99.73007,436.7784,6/28/21,p,2021,04/14/2021 06:45 CDT,97024,22.15,74.14,0.03,7.4,0,102027.97
TWB14,Uvalde_2020_02,29.60214,-99.73007,436.7784,6/28/21,p,2021,04/14/2021 06:50 CDT,97041,22.13,74.08,0.04,7.4,0,102046.2
TWB14,Uvalde_2020_02,29.60214,-99.73007,436.7784,6/28/21,p,2021,04/14/2021 06:55 CDT,97049,22.13,74.21,0.04,7.4,0,102054.78
TWB14,Uvalde_2020_02,29.60214,-99.73007,436.7784,6/28/21,p,2021,04/14/2021 07:00 CDT,97047,22.11,74.18,0.83,7.4,0,102053.37
TWB14,Uvalde_2020_02,29.60214,-99.73007,436.7784,6/28/21,p,2021,04/14/2021 07:05 CDT,97036,22.08,74.21,0.93,7.4,0,102042.33
TWB14,Uvalde_2020_02,29.60214,-99.73007,436.7784,6/28/21,p,2021,04/14/2021 07:10 CDT,97033,22.08,74.11,1.17,7.4,0.07,102039.52
TWB14,Uvalde_2020_02,29.60214,-99.73007,436.7784,6/28/21,p,2021,04/14/2021 07:15 CDT,97048,22.09,74.01,1.095,7.4,0.35,102055.12
TWB14,Uvalde_2020_02,29.60214,-99.73007,436.7784,6/28/21,p,2021,04/14/2021 07:20 CDT,97049,22.08,73.98,0.995,7.4,1.58,102056
TWB14,Uvalde_2020_02,29.60214,-99.73007,436.7784,6/28/21,p,2021,04/14/2021 07:25 CDT,97055,22.06,73.87,0.735,7.4,2.35,102062.66
TWB14,Uvalde_2020_02,29.60214,-99.73007,436.7784,6/28/21,p,2021,04/14/2021 07:30 CDT,97064,22.07,73.81,0.385,7.4,3.49,102071.95
TWB14,Uvalde_2020_02,29.60214,-99.73007,436.7784,6/28/21,p,2021,04/14/2021 07:35 CDT,97073,22.06,73.81,0.74,7.4,3.54,102081.41
TWB14,Uvalde_2020_02,29.60214,-99.73007,436.7784,6/28/21,p,2021,04/14/2021 07:40 CDT,97085,22.06,73.87,0.725,7.4,4.82,102094.03
TWB14,Uvalde_2020_02,29.60214,-99.73007,436.7784,6/28/21,p,2021,04/14/2021 07:45 CDT,97091,22.05,73.81,0.865,7.4,6.66,102100.51
TWB14,Uvalde_2020_02,29.60214,-99.73007,436.7784,6/28/21,p,2021,04/14/2021 07:50 CDT,97090,22.06,73.47,1.065,7.4,10.31,102099.29
TWB14,Uvalde_2020_02,29.60214,-99.73007,436.7784,6/28/21,p,2021,04/14/2021 07:55 CDT,97101,22.06,73.13,1.775,7.4,13.78,102111.03
TWB14,Uvalde_2020_02,29.60214,-99.73007,436.7784,6/28/21,p,2021,04/14/2021 08:00 CDT,97103,22.07,73.13,1.32,7.4,26.05,102112.96
TWB14,Uvalde_2020_02,29.60214,-99.73007,436.7784,6/28/21,p,2021,04/14/2021 08:05 CDT,97110,22.12,72.8,0.755,7.4,50.38,102119.81
TWB14,Uvalde_2020_02,29.60214,-99.73007,436.7784,6/28/21,p,2021,04/14/2021 08:10 CDT,97121,22.19,72.73,1.575,7.4,72.1,102129.81
TWB14,Uvalde_2020_02,29.60214,-99.73007,436.7784,6/28/21,p,2021,04/14/2021 08:15 CDT,97133,22.26,71.99,1.415,7.4,73.82,102141.05
TWB14,Uvalde_2020_02,29.60214,-99.73007,436.7784,6/28/21,p,2021,04/14/2021 08:20 CDT,97141,22.32,71.92,1.695,7.4,53.77,102148.25
TWB14,Uvalde_2020_02,29.60214,-99.73007,436.7784,6/28/21,p,2021,04/14/2021 08:25 CDT,97135,22.38,71.58,1.095,7.4,60.16,102141.25
TWB14,Uvalde_2020_02,29.60214,-99.73007,436.7784,6/28/21,p,2021,04/14/2021 08:30 CDT,97138,22.41,71.72,1.73,7.4,60.3,102143.19
TWB14,Uvalde_2020_02,29.60214,-99.73007,436.7784,6/28/21,p,2021,04/14/2021 08:35 CDT,97143,22.41,72.05,1.125,7.4,61.97,102148.28
TWB14,Uvalde_2020_02,29.60214,-99.73007,436.7784,6/28/21,p,2021,04/14/2021 08:40 CDT,97154,22.33,72.29,2.035,7.4,48.74,102160.88
TWB14,Uvalde_2020_02,29.60214,-99.73007,436.7784,6/28/21,p,2021,04/14/2021 08:45 CDT,97156,22.33,71.78,0.875,7.4,51.03,102163.51
TWB14,Uvalde_2020_02,29.60214,-99.73007,436.7784,6/28/21,p,2021,04/14/2021 08:50 CDT,97156,22.4,71.68,1.765,7.4,59.84,102161.77
TWB14,Uvalde_2020_02,29.60214,-99.73007,436.7784,6/28/21,p,2021,04/14/2021 08:55 CDT,97157,22.4,71.58,1.29,7.4,82.67,102163.17
TWB14,Uvalde_2020_02,29.60214,-99.73007,436.7784,6/28/21,p,2021,04/14/2021 09:00 CDT,97169,22.48,71.38,1.43,7.4,65.31,102174.23
TWB14,Uvalde_2020_02,29.60214,-99.73007,436.7784,6/28/21,p,2021,04/14/2021 09:05 CDT,97172,22.5,71.31,1.4,7.4,62.06,102177.04
TWB14,Uvalde_2020_02,29.60214,-99.73007,436.7784,6/28/21,p,2021,04/14/2021 09:10 CDT,97173,22.43,71.31,1.83,7.4,47.12,102178.61
TWB14,Uvalde_2020_02,29.60214,-99.73007,436.7784,6/28/21,p,2021,04/14/2021 09:15 CDT,97167,22.4,71.31,1.165,7.4,58.6,102173.17
TWB14,Uvalde_2020_02,29.60214,-99.73007,436.7784,6/28/21,p,2021,04/14/2021 09:20 CDT,97168,22.45,71.31,1.385,7.4,51.59,102173.36
TWB14,Uvalde_2020_02,29.60214,-99.73007,436.7784,6/28/21,p,2021,04/14/2021 09:25 CDT,97169,22.33,71.92,2.15,7.4,54.91,102176.14
TWB14,Uvalde_2020_02,29.60214,-99.73007,436.7784,6/28/21,p,2021,04/14/2021 09:30 CDT,97177,22.29,71.65,1.74,7.4,52.41,102185.94
TWB14,Uvalde_2020_02,29.60214,-99.73007,436.7784,6/28/21,p,2021,04/14/2021 09:35 CDT,97183,22.35,71.65,1.375,7.4,57.61,102191.73
TWB14,Uvalde_2020_02,29.60214,-99.73007,436.7784,6/28/21,p,2021,04/14/2021 09:40 CDT,97189,22.42,71.68,1.275,7.4,64.66,102196.3
TWB14,Uvalde_2020_02,29.60214,-99.73007,436.7784,6/28/21,p,2021,04/14/2021 09:45 CDT,97195,22.43,71.52,1.54,7.4,64.1,102202.27
TWB14,Uvalde_2020_02,29.60214,-99.73007,436.7784,6/28/21,p,2021,04/14/2021 09:50 CDT,97199,22.45,71.45,1.015,7.4,63.37,102206.13
TWB14,Uvalde_2020_02,29.60214,-99.73007,436.7784,6/28/21,p,2021,04/14/2021 09:55 CDT,97197,22.51,71.18,1.16,7.4,57.41,102202.64
TWB14,Uvalde_2020_02,29.60214,-99.73007,436.7784,6/28/21,p,2021,04/14/2021 10:00 CDT,97195,22.54,71.04,1.025,7.4,78.95,102200.36
TWB14,Uvalde_2020_02,29.60214,-99.73007,436.7784,6/28/21,p,2021,04/14/2021 10:05 CDT,97198,22.53,71.18,1.58,7.4,98.58,102203.35
TWB14,Uvalde_2020_02,29.60214,-99.73007,436.7784,6/28/21,p,2021,04/14/2021 10:10 CDT,97209,22.62,70.91,0.86,7.4,68.69,102213.7
TWB14,Uvalde_2020_02,29.60214,-99.73007,436.7784,6/28/21,p,2021,04/14/2021 10:15 CDT,97210,22.62,71.55,1.35,7.4,73.43,102214.23
TWB14,Uvalde_2020_02,29.60214,-99.73007,436.7784,6/28/21,p,2021,04/14/2021 10:20 CDT,97210,22.67,71.68,0.61,7.4,74.99,102213.88
TWB14,Uvalde_2020_02,29.60214,-99.73007,436.7784,6/28/21,p,2021,04/14/2021 10:25 CDT,97211,22.81,71.31,0.96,7.4,76.24,102212.52
TWB14,Uvalde_2020_02,29.60214,-99.73007,436.7784,6/28/21,p,2021,04/14/2021 10:30 CDT,97211,22.7,72.18,1.68,7.4,66.59,102212.68
TWB14,Uvalde_2020_02,29.60214,-99.73007,436.7784,6/28/21,p,2021,04/14/2021 10:35 CDT,97208,22.58,72.72,1.68,7.4,69.16,102212.29
TWB14,Uvalde_2020_02,29.60214,-99.73007,436.7784,6/28/21,p,2021,04/14/2021 10:40 CDT,97210,22.67,72.72,1.22,7.4,49.7,102213.7
TWB14,Uvalde_2020_02,29.60214,-99.73007,436.7784,6/28/21,p,2021,04/14/2021 10:45 CDT,97213,22.68,73.39,1.3,7.4,38.63,102216.51
TWB14,Uvalde_2020_02,29.60214,-99.73007,436.7784,6/28/21,p,2021,04/14/2021 10:50 CDT,97220,22.62,74,1.755,7.4,39.87,102224.21
TWB14,Uvalde_2020_02,29.60214,-99.73007,436.7784,6/28/21,p,2021,04/14/2021 10:55 CDT,97219,22.53,74.74,1.935,7.4,40.84,102224.88
TWB14,Uvalde_2020_02,29.60214,-99.73007,436.7784,6/28/21,p,2021,04/14/2021 11:00 CDT,97217,22.43,76.09,2.41,7.4,51.8,102224.33
TWB14,Uvalde_2020_02,29.60214,-99.73007,436.7784,6/28/21,p,2021,04/14/2021 11:05 CDT,97208,22.34,76.53,1.29,7.4,62.59,102216.94
TWB14,Uvalde_2020_02,29.60214,-99.73007,436.7784,6/28/21,p,2021,04/14/2021 11:10 CDT,97205,22.39,77.37,1.765,7.4,88.58,102212.56
TWB14,Uvalde_2020_02,29.60214,-99.73007,436.7784,6/28/21,p,2021,04/14/2021 11:15 CDT,97205,22.33,77.5,1.565,7.4,98.1,102212.56
TWB14,Uvalde_2020_02,29.60214,-99.73007,436.7784,6/28/21,p,2021,04/14/2021 11:20 CDT,97205,22.41,77.54,1.275,7.4,93.91,102212.04
TWB14,Uvalde_2020_02,29.60214,-99.73007,436.7784,6/28/21,p,2021,04/14/2021 11:25 CDT,97203,22.47,77.77,1.665,7.4,103.24,102208.73
TWB14,Uvalde_2020_02,29.60214,-99.73007,436.7784,6/28/21,p,2021,04/14/2021 11:30 CDT,97192,22.45,78.65,1.195,7.4,137.85,102197.67
TWB14,Uvalde_2020_02,29.60214,-99.73007,436.7784,6/28/21,p,2021,04/14/2021 11:35 CDT,97182,22.6,76.9,1.07,7.4,130.47,102184.58
TWB14,Uvalde_2020_02,29.60214,-99.73007,436.7784,6/28/21,p,2021,04/14/2021 11:40 CDT,97177,22.7,77.53,1.81,7.4,118.45,102176.72
TWB14,Uvalde_2020_02,29.60214,-99.73007,436.7784,6/28/21,p,2021,04/14/2021 11:45 CDT,97175,22.66,77.84,1.525,7.4,104.56,102174.79
TWB14,Uvalde_2020_02,29.60214,-99.73007,436.7784,6/28/21,p,2021,04/14/2021 11:50 CDT,97171,22.68,78.71,2.2,7.4,131.95,102170.58
TWB14,Uvalde_2020_02,29.60214,-99.73007,436.7784,6/28/21,p,2021,04/14/2021 11:55 CDT,97163,22.6,78.4,1.59,7.4,139.02,102163.9
TWB14,Uvalde_2020_02,29.60214,-99.73007,436.7784,6/28/21,p,2021,04/14/2021 12:00 CDT,97153,22.53,78.97,2.725,7.4,196.85,102154.59
TWB14,Uvalde_2020_02,29.60214,-99.73007,436.7784,6/28/21,p,2021,04/14/2021 12:05 CDT,97141,22.78,76.85,2.04,7.4,310.33,102138.7
TWB14,Uvalde_2020_02,29.60214,-99.73007,436.7784,6/28/21,p,2021,04/14/2021 12:10 CDT,97131,23.24,75.06,2.145,7.4,306.69,102119.93
TWB14,Uvalde_2020_02,29.60214,-99.73007,436.7784,6/28/21,p,2021,04/14/2021 12:15 CDT,97122,23.54,74.52,2.36,7.4,358.42,102103.77
TWB14,Uvalde_2020_02,29.60214,-99.73007,436.7784,6/28/21,p,2021,04/14/2021 12:20 CDT,97105,23.9,70.95,2.68,7.4,468.36,102078.39
TWB14,Uvalde_2020_02,29.60214,-99.73007,436.7784,6/28/21,p,2021,04/14/2021 12:25 CDT,97089,24.14,70.68,2.56,7.4,388.53,102057.3
TWB14,Uvalde_2020_02,29.60214,-99.73007,436.7784,6/28/21,p,2021,04/14/2021 12:30 CDT,97082,24.61,69.6,2.07,7.4,285.26,102042.28
TWB14,Uvalde_2020_02,29.60214,-99.73007,436.7784,6/28/21,p,2021,04/14/2021 12:35 CDT,97069,24.48,70.47,2.465,7.4,263.42,102029.63
TWB14,Uvalde_2020_02,29.60214,-99.73007,436.7784,6/28/21,p,2021,04/14/2021 12:40 CDT,97057,24.41,69.36,2.75,7.4,262,102019.24
TWB14,Uvalde_2020_02,29.60214,-99.73007,436.7784,6/28/21,p,2021,04/14/2021 12:45 CDT,97048,24.49,68.85,1.905,7.4,277.3,102007.91
TWB14,Uvalde_2020_02,29.60214,-99.73007,436.7784,6/28/21,p,2021,04/14/2021 12:50 CDT,97035,24.78,67.84,2.635,7.4,330.97,101989.83
TWB14,Uvalde_2020_02,29.60214,-99.73007,436.7784,6/28/21,p,2021,04/14/2021 12:55 CDT,97035,24.92,67.47,2.485,7.4,251.66,101987.12
TWB14,Uvalde_2020_02,29.60214,-99.73007,436.7784,6/28/21,p,2021,04/14/2021 13:00 CDT,97034,24.95,66.89,2.4,7.4,218.82,101985.91
TWB14,Uvalde_2020_02,29.60214,-99.73007,436.7784,6/28/21,p,2021,04/14/2021 13:05 CDT,97024,24.82,67.66,2.52,7.4,188.58,101976.58
TWB14,Uvalde_2020_02,29.60214,-99.73007,436.7784,6/28/21,p,2021,04/14/2021 13:10 CDT,97013,24.91,67.43,1.605,7.4,216.32,101965.53
TWB14,Uvalde_2020_02,29.60214,-99.73007,436.7784,6/28/21,p,2021,04/14/2021 13:15 CDT,97011,25.02,65.98,2.29,7.4,177.96,101960.89
TWB14,Uvalde_2020_02,29.60214,-99.73007,436.7784,6/28/21,p,2021,04/14/2021 13:20 CDT,97005,24.97,66.75,1.87,7.4,171.12,101955.77
TWB14,Uvalde_2020_02,29.60214,-99.73007,436.7784,6/28/21,p,2021,04/14/2021 13:25 CDT,96998,25.09,66.18,2.18,7.4,190.71,101945.87
TWB14,Uvalde_2020_02,29.60214,-99.73007,436.7784,6/28/21,p,2021,04/14/2021 13:30 CDT,96997,25.18,65.27,1.485,7.4,196.67,101943.81
TWB14,Uvalde_2020_02,29.60214,-99.73007,436.7784,6/28/21,p,2021,04/14/2021 13:35 CDT,96997,25.43,64.22,1.725,7.4,196.31,101940.26
TWB14,Uvalde_2020_02,29.60214,-99.73007,436.7784,6/28/21,p,2021,04/14/2021 13:40 CDT,96997,25.48,64.06,2.315,7.4,315.18,101938.58
TWB14,Uvalde_2020_02,29.60214,-99.73007,436.7784,6/28/21,p,2021,04/14/2021 13:45 CDT,96991,25.74,63.95,2.24,7.4,304.84,101929.74
TWB14,Uvalde_2020_02,29.60214,-99.73007,436.7784,6/28/21,p,2021,04/14/2021 13:50 CDT,96994,25.85,62.98,2.075,7.4,431.1,101930.03
TWB14,Uvalde_2020_02,29.60214,-99.73007,436.7784,6/28/21,p,2021,04/14/2021 13:55 CDT,96985,26.26,63.18,1.73,7.4,483.25,101915.68
TWB14,Uvalde_2020_02,29.60214,-99.73007,436.7784,6/28/21,p,2021,04/14/2021 14:00 CDT,96983,26.63,60.25,1.26,7.4,444.91,101907.89
TWB14,Uvalde_2020_02,29.60214,-99.73007,436.7784,6/28/21,p,2021,04/14/2021 14:05 CDT,96979,26.95,60.01,1.855,7.4,408.01,101896.48
TWB14,Uvalde_2020_02,29.60214,-99.73007,436.7784,6/28/21,p,2021,04/14/2021 14:10 CDT,96978,27.01,58.59,1.505,7.4,319.31,101891.26
TWB14,Uvalde_2020_02,29.60214,-99.73007,436.7784,6/28/21,p,2021,04/14/2021 14:15 CDT,96969,26.85,58.86,1.915,7.4,292.36,101882.81
TWB14,Uvalde_2020_02,29.60214,-99.73007,436.7784,6/28/21,p,2021,04/14/2021 14:20 CDT,96965,26.88,57.94,0.92,7.4,303.49,101879.12
TWB14,Uvalde_2020_02,29.60214,-99.73007,436.7784,6/28/21,p,2021,04/14/2021 14:25 CDT,96960,27.17,56.49,1.125,7.4,306.96,101871.03
TWB14,Uvalde_2020_02,29.60214,-99.73007,436.7784,6/28/21,p,2021,04/14/2021 14:30 CDT,96959,27.26,57,1.3,7.4,244.28,101867.14
TWB14,Uvalde_2020_02,29.60214,-99.73007,436.7784,6/28/21,p,2021,04/14/2021 14:35 CDT,96957,27,57.37,2.04,7.4,280.92,101867.37
TWB14,Uvalde_2020_02,29.60214,-99.73007,436.7784,6/28/21,p,2021,04/14/2021 14:40 CDT,96946,27.11,57.4,1.05,7.4,295.92,101853.98
TWB14,Uvalde_2020_02,29.60214,-99.73007,436.7784,6/28/21,p,2021,04/14/2021 14:45 CDT,96936,27.17,56.39,1.77,7.4,331.53,101844.82
TWB14,Uvalde_2020_02,29.60214,-99.73007,436.7784,6/28/21,p,2021,04/14/2021 14:50 CDT,96932,27.38,57.1,1.295,7.4,332.47,101837.94
TWB14,Uvalde_2020_02,29.60214,-99.73007,436.7784,6/28/21,p,2021,04/14/2021 14:55 CDT,96922,27.45,56.05,2.245,7.4,501.35,101824.61
TWB14,Uvalde_2020_02,29.60214,-99.73007,436.7784,6/28/21,p,2021,04/14/2021 15:00 CDT,96910,27.63,53.35,1.72,7.4,590.37,101806.38
TWB14,Uvalde_2020_02,29.60214,-99.73007,436.7784,6/28/21,p,2021,04/14/2021 15:05 CDT,96900,27.64,54.83,2.68,7.4,417.24,101793.87
TWB14,Uvalde_2020_02,29.60214,-99.73007,436.7784,6/28/21,p,2021,04/14/2021 15:10 CDT,96898,27.57,53.96,1.48,7.4,573.07,101794.76
TWB14,Uvalde_2020_02,29.60214,-99.73007,436.7784,6/28/21,p,2021,04/14/2021 15:15 CDT,96898,27.93,53.69,1.125,7.4,451.67,101791.44
TWB14,Uvalde_2020_02,29.60214,-99.73007,436.7784,6/28/21,p,2021,04/14/2021 15:20 CDT,96890,28.23,54.23,1.535,7.4,369.54,101779.39
TWB14,Uvalde_2020_02,29.60214,-99.73007,436.7784,6/28/21,p,2021,04/14/2021 15:25 CDT,96880,28.35,53.08,1.175,7.4,260.96,101766.08
TWB14,Uvalde_2020_02,29.60214,-99.73007,436.7784,6/28/21,p,2021,04/14/2021 15:30 CDT,96867,28.39,53.65,1.2,7.4,282.83,101751.76
TWB14,Uvalde_2020_02,29.60214,-99.73007,436.7784,6/28/21,p,2021,04/14/2021 15:35 CDT,96847,28.31,52.04,1.13,7.4,496.23,101730.77
TWB14,Uvalde_2020_02,29.60214,-99.73007,436.7784,6/28/21,p,2021,04/14/2021 15:40 CDT,96822,28.61,52.14,0.96,7.4,440.33,101701.86
TWB14,Uvalde_2020_02,29.60214,-99.73007,436.7784,6/28/21,p,2021,04/14/2021 15:45 CDT,96802,28.7,51.36,1.16,7.4,255.15,101678.22
TWB14,Uvalde_2020_02,29.60214,-99.73007,436.7784,6/28/21,p,2021,04/14/2021 15:50 CDT,96788,28.65,52.57,1.44,7.4,348.11,101664.16
TWB14,Uvalde_2020_02,29.60214,-99.73007,436.7784,6/28/21,p,2021,04/14/2021 15:55 CDT,96776,28.9,51.29,2.01,7.4,538.46,101647.62
TWB14,Uvalde_2020_02,29.60214,-99.73007,436.7784,6/28/21,p,2021,04/14/2021 16:00 CDT,96760,29.09,48.97,2.28,7.4,615.19,101625.25
TWB14,Uvalde_2020_02,29.60214,-99.73007,436.7784,6/28/21,p,2021,04/14/2021 16:05 CDT,96758,29,50.31,1.91,7.4,414.34,101623.79
TWB14,Uvalde_2020_02,29.60214,-99.73007,436.7784,6/28/21,p,2021,04/14/2021 16:10 CDT,96756,29.24,49.37,1.715,7.4,296.5,101618.41
TWB14,Uvalde_2020_02,29.60214,-99.73007,436.7784,6/28/21,p,2021,04/14/2021 16:15 CDT,96755,28.98,51.09,1.49,7.4,188.37,101620.14
TWB14,Uvalde_2020_02,29.60214,-99.73007,436.7784,6/28/21,p,2021,04/14/2021 16:20 CDT,96752,28.82,50.92,1.185,7.4,176.81,101621.26
TWB14,Uvalde_2020_02,29.60214,-99.73007,436.7784,6/28/21,p,2021,04/14/2021 16:25 CDT,96747,28.83,51.42,1.945,7.4,195.68,101617.81
TWB14,Uvalde_2020_02,29.60214,-99.73007,436.7784,6/28/21,p,2021,04/14/2021 16:30 CDT,96739,28.6,51.59,1.86,7.4,198.16,101613.03
TWB14,Uvalde_2020_02,29.60214,-99.73007,436.7784,6/28/21,p,2021,04/14/2021 16:35 CDT,96732,28.67,51.52,1.71,7.4,366.65,101606.34
TWB14,Uvalde_2020_02,29.60214,-99.73007,436.7784,6/28/21,p,2021,04/14/2021 16:40 CDT,96731,29.01,50.82,2.675,7.4,477.54,101599.7
TWB14,Uvalde_2020_02,29.60214,-99.73007,436.7784,6/28/21,p,2021,04/14/2021 16:45 CDT,96730,28.73,50.68,2.155,7.4,263.97,101601.78
TWB14,Uvalde_2020_02,29.60214,-99.73007,436.7784,6/28/21,p,2021,04/14/2021 16:50 CDT,96731,28.78,51.02,2.735,7.4,217.29,101602.99
TWB14,Uvalde_2020_02,29.60214,-99.73007,436.7784,6/28/21,p,2021,04/14/2021 16:55 CDT,96732,28.47,52.1,1.57,7.4,112.76,101607.32
TWB14,Uvalde_2020_02,29.60214,-99.73007,436.7784,6/28/21,p,2021,04/14/2021 17:00 CDT,96732,28.39,51.83,1.745,7.4,105.24,101610.3
TWB14,Uvalde_2020_02,29.60214,-99.73007,436.7784,6/28/21,p,2021,04/14/2021 17:05 CDT,96727,28.33,52.36,2.12,7.4,117.43,101607.69
TWB14,Uvalde_2020_02,29.60214,-99.73007,436.7784,6/28/21,p,2021,04/14/2021 17:10 CDT,96715,28.32,52.1,1.58,7.4,138.89,101596.07
TWB14,Uvalde_2020_02,29.60214,-99.73007,436.7784,6/28/21,p,2021,04/14/2021 17:15 CDT,96709,28.4,51.02,2.24,7.4,225.24,101588.29
TWB14,Uvalde_2020_02,29.60214,-99.73007,436.7784,6/28/21,p,2021,04/14/2021 17:20 CDT,96705,28.67,50.88,2.005,7.4,244.72,101580.79
TWB14,Uvalde_2020_02,29.60214,-99.73007,436.7784,6/28/21,p,2021,04/14/2021 17:25 CDT,96705,28.75,50.35,1.59,7.4,142.77,101577.66
TWB14,Uvalde_2020_02,29.60214,-99.73007,436.7784,6/28/21,p,2021,04/14/2021 17:30 CDT,96711,28.69,51.02,1.545,7.4,134.3,101584.62
TWB14,Uvalde_2020_02,29.60214,-99.73007,436.7784,6/28/21,p,2021,04/14/2021 17:35 CDT,96725,28.64,51.33,1.16,7.4,99.87,101599.98
TWB14,Uvalde_2020_02,29.60214,-99.73007,436.7784,6/28/21,p,2021,04/14/2021 17:40 CDT,96737,28.57,51.36,1.07,7.4,87.35,101614.4
TWB14,Uvalde_2020_02,29.60214,-99.73007,436.7784,6/28/21,p,2021,04/14/2021 17:45 CDT,96741,28.57,51.67,1.58,7.4,90.14,101619.09
TWB14,Uvalde_2020_02,29.60214,-99.73007,436.7784,6/28/21,p,2021,04/14/2021 17:50 CDT,96742,28.52,51.77,1.62,7.4,113.2,101620.8
TWB14,Uvalde_2020_02,29.60214,-99.73007,436.7784,6/28/21,p,2021,04/14/2021 17:55 CDT,96739,28.58,51.9,1.415,7.4,156.25,101617.49
TWB14,Uvalde_2020_02,29.60214,-99.73007,436.7784,6/28/21,p,2021,04/14/2021 18:00 CDT,96737,28.79,51.43,1.815,7.4,294.17,101612.58
TWB14,Uvalde_2020_02,29.60214,-99.73007,436.7784,6/28/21,p,2021,04/14/2021 18:05 CDT,96721,29.13,49.75,2.17,7.4,236.02,101589.37
TWB14,Uvalde_2020_02,29.60214,-99.73007,436.7784,6/28/21,p,2021,04/14/2021 18:10 CDT,96707,28.91,50.08,1.9,7.4,195.96,101576.47
TWB14,Uvalde_2020_02,29.60214,-99.73007,436.7784,6/28/21,p,2021,04/14/2021 18:15 CDT,96690,28.97,50.05,2.115,7.4,196.78,101558.78
TWB14,Uvalde_2020_02,29.60214,-99.73007,436.7784,6/28/21,p,2021,04/14/2021 18:20 CDT,96687,28.85,50.39,1.96,7.4,118.77,101556.45
TWB14,Uvalde_2020_02,29.60214,-99.73007,436.7784,6/28/21,p,2021,04/14/2021 18:25 CDT,96683,28.76,50.35,1.815,7.4,146.48,101555.05
TWB14,Uvalde_2020_02,29.60214,-99.73007,436.7784,6/28/21,p,2021,04/14/2021 18:30 CDT,96683,28.96,49.81,1.61,7.4,192.54,101553.57
TWB14,Uvalde_2020_02,29.60214,-99.73007,436.7784,6/28/21,p,2021,04/14/2021 18:35 CDT,96688,29.01,50.42,1.51,7.4,129.73,101556.51
TWB14,Uvalde_2020_02,29.60214,-99.73007,436.7784,6/28/21,p,2021,04/14/2021 18:40 CDT,96695,28.87,50.62,2.22,7.4,96.89,101566
TWB14,Uvalde_2020_02,29.60214,-99.73007,436.7784,6/28/21,p,2021,04/14/2021 18:45 CDT,96707,28.69,50.62,1.945,7.4,61.93,101581.57
TWB14,Uvalde_2020_02,29.60214,-99.73007,436.7784,6/28/21,p,2021,04/14/2021 18:50 CDT,96691,28.49,51.3,2.125,7.4,51.66,101568.56
TWB14,Uvalde_2020_02,29.60214,-99.73007,436.7784,6/28/21,p,2021,04/14/2021 18:55 CDT,96683,28.39,51.16,1.63,7.4,58.04,101562.63
TWB14,Uvalde_2020_02,29.60214,-99.73007,436.7784,6/28/21,p,2021,04/14/2021 19:00 CDT,96683,28.33,51.9,1.68,7.4,57.9,101563.95
TWB14,Uvalde_2020_02,29.60214,-99.73007,436.7784,6/28/21,p,2021,04/14/2021 19:05 CDT,96696,28.24,52.65,1.18,7.4,57.06,101579.25
TWB14,Uvalde_2020_02,29.60214,-99.73007,436.7784,6/28/21,p,2021,04/14/2021 19:10 CDT,96693,28.18,52.92,1.555,7.4,59.62,101577.59
TWB14,Uvalde_2020_02,29.60214,-99.73007,436.7784,6/28/21,p,2021,04/14/2021 19:15 CDT,96689,28.16,53.06,1.11,7.4,55.54,101573.88
TWB14,Uvalde_2020_02,29.60214,-99.73007,436.7784,6/28/21,p,2021,04/14/2021 19:20 CDT,96685,28.15,52.65,1.125,7.4,49.82,101570.02
TWB14,Uvalde_2020_02,29.60214,-99.73007,436.7784,6/28/21,p,2021,04/14/2021 19:25 CDT,96687,28.12,52.75,1.58,7.4,45.24,101572.78
TWB14,Uvalde_2020_02,29.60214,-99.73007,436.7784,6/28/21,p,2021,04/14/2021 19:30 CDT,96689,28.05,53.19,1.495,7.4,44.03,101576.04
TWB14,Uvalde_2020_02,29.60214,-99.73007,436.7784,6/28/21,p,2021,04/14/2021 19:35 CDT,96693,27.96,53.56,1.355,7.4,39.54,101581.73
TWB14,Uvalde_2020_02,29.60214,-99.73007,436.7784,6/28/21,p,2021,04/14/2021 19:40 CDT,96704,27.89,54,1.515,7.4,31.66,101594.44
TWB14,Uvalde_2020_02,29.60214,-99.73007,436.7784,6/28/21,p,2021,04/14/2021 19:45 CDT,96706,27.79,54.48,1.255,7.4,25.06,101598.37
TWB14,Uvalde_2020_02,29.60214,-99.73007,436.7784,6/28/21,p,2021,04/14/2021 19:50 CDT,96702,27.67,54.71,1.355,7.4,19.4,101596.32
TWB14,Uvalde_2020_02,29.60214,-99.73007,436.7784,6/28/21,p,2021,04/14/2021 19:55 CDT,96716,27.61,54.88,1.115,7.4,8.24,101612.19
TWB14,Uvalde_2020_02,29.60214,-99.73007,436.7784,6/28/21,p,2021,04/14/2021 20:00 CDT,96723,27.5,55.56,0.97,7.4,5,101621.37
TWB14,Uvalde_2020_02,29.60214,-99.73007,436.7784,6/28/21,p,2021,04/14/2021 20:05 CDT,96725,27.34,55.83,1.275,7.4,2.79,101626.64
TWB14,Uvalde_2020_02,29.60214,-99.73007,436.7784,6/28/21,p,2021,04/14/2021 20:10 CDT,96733,27.23,56.44,1.35,7.4,1.16,101637.37
TWB14,Uvalde_2020_02,29.60214,-99.73007,436.7784,6/28/21,p,2021,04/14/2021 20:15 CDT,96728,27.17,56.71,1.65,7.4,0.08,101633.62
TWB14,Uvalde_2020_02,29.60214,-99.73007,436.7784,6/28/21,p,2021,04/14/2021 20:20 CDT,96730,27.09,56.85,1.45,7.4,0.04,101636.72
TWB14,Uvalde_2020_02,29.60214,-99.73007,436.7784,6/28/21,p,2021,04/14/2021 20:25 CDT,96728,26.97,57.25,1.225,7.4,0.03,101636.79
TWB14,Uvalde_2020_02,29.60214,-99.73007,436.7784,6/28/21,p,2021,04/14/2021 20:30 CDT,96740,26.83,57.96,0.615,7.4,0.23,101651.57
TWB14,Uvalde_2020_02,29.60214,-99.73007,436.7784,6/28/21,p,2021,04/14/2021 20:35 CDT,96746,26.61,59,0.605,7.4,0.69,101662.05
TWB14,Uvalde_2020_02,29.60214,-99.73007,436.7784,6/28/21,p,2021,04/14/2021 20:40 CDT,96755,26.45,59.58,1.06,7.4,0.34,101676.04
TWB14,Uvalde_2020_02,29.60214,-99.73007,436.7784,6/28/21,p,2021,04/14/2021 20:45 CDT,96756,26.4,59.34,1.225,7.4,0,101679.28
TWB14,Uvalde_2020_02,29.60214,-99.73007,436.7784,6/28/21,p,2021,04/14/2021 20:50 CDT,96759,26.36,59.85,0.82,7.4,0,101682.42
TWB14,Uvalde_2020_02,29.60214,-99.73007,436.7784,6/28/21,p,2021,04/14/2021 20:55 CDT,96760,26.18,60.7,1.15,7.4,0,101686.67
TWB14,Uvalde_2020_02,29.60214,-99.73007,436.7784,6/28/21,p,2021,04/14/2021 21:00 CDT,96761,26.09,60.63,1.14,7.4,0,101689.23
TWB14,Uvalde_2020_02,29.60214,-99.73007,436.7784,6/28/21,p,2021,04/14/2021 21:05 CDT,96762,26.05,60.77,1.25,7.4,0,101690.62
TWB14,Uvalde_2020_02,29.60214,-99.73007,436.7784,6/28/21,p,2021,04/14/2021 21:10 CDT,96763,26.02,60.63,1.515,7.4,0,101691.5
TWB14,Uvalde_2020_02,29.60214,-99.73007,436.7784,6/28/21,p,2021,04/14/2021 21:15 CDT,96776,25.97,60.97,1.05,7.4,0,101705.5
TWB14,Uvalde_2020_02,29.60214,-99.73007,436.7784,6/28/21,p,2021,04/14/2021 21:20 CDT,96783,25.93,60.94,1.665,7.4,0,101714.37
TWB14,Uvalde_2020_02,29.60214,-99.73007,436.7784,6/28/21,p,2021,04/14/2021 21:25 CDT,96795,25.91,61.65,1.205,7.4,0,101726.81
TWB14,Uvalde_2020_02,29.60214,-99.73007,436.7784,6/28/21,p,2021,04/14/2021 21:30 CDT,96808,25.9,61.38,1.51,7.4,0,101741.15
TWB14,Uvalde_2020_02,29.60214,-99.73007,436.7784,6/28/21,p,2021,04/14/2021 21:35 CDT,96819,25.89,61.41,1.695,7.4,0,101752.54
TWB14,Uvalde_2020_02,29.60214,-99.73007,436.7784,6/28/21,p,2021,04/14/2021 21:40 CDT,96830,25.87,61.58,1.37,7.4,0,101764.1
TWB14,Uvalde_2020_02,29.60214,-99.73007,436.7784,6/28/21,p,2021,04/14/2021 21:45 CDT,96846,25.87,61.62,1.59,7.4,0,101780.75
TWB14,Uvalde_2020_02,29.60214,-99.73007,436.7784,6/28/21,p,2021,04/14/2021 21:50 CDT,96857,25.83,61.99,1.35,7.4,0,101792.64
TWB14,Uvalde_2020_02,29.60214,-99.73007,436.7784,6/28/21,p,2021,04/14/2021 21:55 CDT,96871,25.73,62.29,1.39,7.4,0,101808.7
TWB14,Uvalde_2020_02,29.60214,-99.73007,436.7784,6/28/21,p,2021,04/14/2021 22:00 CDT,96875,25.68,62.8,1.655,7.4,0,101813.75
TWB14,Uvalde_2020_02,29.60214,-99.73007,436.7784,6/28/21,p,2021,04/14/2021 22:05 CDT,96889,25.61,63.27,1.82,7.4,0,101829.3
TWB14,Uvalde_2020_02,29.60214,-99.73007,436.7784,6/28/21,p,2021,04/14/2021 22:10 CDT,96902,25.53,63.74,2.42,7.4,0,101843.81
TWB14,Uvalde_2020_02,29.60214,-99.73007,436.7784,6/28/21,p,2021,04/14/2021 22:15 CDT,96915,25.44,64.21,2.485,7.4,0,101858.48
TWB14,Uvalde_2020_02,29.60214,-99.73007,436.7784,6/28/21,p,2021,04/14/2021 22:20 CDT,96934,25.3,64.28,2.025,7.4,0,101880.32
TWB14,Uvalde_2020_02,29.60214,-99.73007,436.7784,6/28/21,p,2021,04/14/2021 22:25 CDT,96952,25.25,64.21,2.745,7.4,0,101900.42
TWB14,Uvalde_2020_02,29.60214,-99.73007,436.7784,6/28/21,p,2021,04/14/2021 22:30 CDT,96968,25.17,64.41,2.235,7.4,0,101918.08
TWB14,Uvalde_2020_02,29.60214,-99.73007,436.7784,6/28/21,p,2021,04/14/2021 22:35 CDT,96971,25.09,64.48,2.45,7.4,0,101922.43
TWB14,Uvalde_2020_02,29.60214,-99.73007,436.7784,6/28/21,p,2021,04/14/2021 22:40 CDT,96972,24.99,64.68,2.68,7.4,0.01,101925.17
TWB14,Uvalde_2020_02,29.60214,-99.73007,436.7784,6/28/21,p,2021,04/14/2021 22:45 CDT,96984,24.89,64.99,2.195,7.4,0.03,101939.65
TWB14,Uvalde_2020_02,29.60214,-99.73007,436.7784,6/28/21,p,2021,04/14/2021 22:50 CDT,96990,24.81,65.29,1.97,7.4,0,101947.15
TWB14,Uvalde_2020_02,29.60214,-99.73007,436.7784,6/28/21,p,2021,04/14/2021 22:55 CDT,96985,24.73,65.63,1.49,7.4,0.03,101943.25
TWB14,Uvalde_2020_02,29.60214,-99.73007,436.7784,6/28/21,p,2021,04/14/2021 23:00 CDT,96977,24.66,65.9,2.76,7.4,0,101936.37
TWB14,Uvalde_2020_02,29.60214,-99.73007,436.7784,6/28/21,p,2021,04/14/2021 23:05 CDT,96968,24.58,66.3,2.555,7.4,0,101928.27
TWB14,Uvalde_2020_02,29.60214,-99.73007,436.7784,6/28/21,p,2021,04/14/2021 23:10 CDT,96972,24.51,66.57,2.275,7.4,0,101933.32
TWB14,Uvalde_2020_02,29.60214,-99.73007,436.7784,6/28/21,p,2021,04/14/2021 23:15 CDT,96989,24.47,66.64,2.065,7.4,0,101952.39
TWB14,Uvalde_2020_02,29.60214,-99.73007,436.7784,6/28/21,p,2021,04/14/2021 23:20 CDT,96995,24.38,66.91,1.625,7.4,0.02,101960.06
TWB14,Uvalde_2020_02,29.60214,-99.73007,436.7784,6/28/21,p,2021,04/14/2021 23:25 CDT,96993,24.29,67.45,3.245,7.4,0,101959.49
TWB14,Uvalde_2020_02,29.60214,-99.73007,436.7784,6/28/21,p,2021,04/14/2021 23:30 CDT,96982,24.17,68.06,2.345,7.4,0.15,101949.8
TWB14,Uvalde_2020_02,29.60214,-99.73007,436.7784,6/28/21,p,2021,04/14/2021 23:35 CDT,96994,24.02,68.6,2.275,7.4,0.12,101965.14
TWB14,Uvalde_2020_02,29.60214,-99.73007,436.7784,6/28/21,p,2021,04/14/2021 23:40 CDT,97011,23.95,69.07,1.54,7.4,0.08,101984.38
TWB14,Uvalde_2020_02,29.60214,-99.73007,436.7784,6/28/21,p,2021,04/14/2021 23:45 CDT,97018,23.73,69.88,0.855,7.4,0.45,101994.64
TWB14,Uvalde_2020_02,29.60214,-99.73007,436.7784,6/28/21,p,2021,04/14/2021 23:50 CDT,97012,23.58,70.08,1.55,7.4,0.08,101991.42
TWB14,Uvalde_2020_02,29.60214,-99.73007,436.7784,6/28/21,p,2021,04/14/2021 23:55 CDT,97014,23.53,70.22,0.97,7.4,0,101995.07
TWB14,Uvalde_2020_02,29.60214,-99.73007,436.7784,6/28/21,p,2021,04/15/2021 00:00 CDT,97016,23.47,70.56,1.44,7.4,0,101998.37
TWB14,Uvalde_2020_02,29.60214,-99.73007,436.7784,6/28/21,p,2021,04/15/2021 00:05 CDT,97017,23.43,70.6,1.44,7.4,0,102000.28
TWB14,Uvalde_2020_02,29.60214,-99.73007,436.7784,6/28/21,p,2021,04/15/2021 00:10 CDT,97010,23.38,70.84,1.25,7.4,0,101993.61
TWB14,Uvalde_2020_02,29.60214,-99.73007,436.7784,6/28/21,p,2021,04/15/2021 00:15 CDT,97008,23.24,71.58,0.8,7.4,0,101993.56
TWB14,Uvalde_2020_02,29.60214,-99.73007,436.7784,6/28/21,p,2021,04/15/2021 00:20 CDT,97011,23.11,71.85,0.77,7.4,0.09,101998.95
TWB14,Uvalde_2020_02,29.60214,-99.73007,436.7784,6/28/21,p,2021,04/15/2021 00:25 CDT,97019,23.1,71.68,0.975,7.4,0,102008.22
TWB14,Uvalde_2020_02,29.60214,-99.73007,436.7784,6/28/21,p,2021,04/15/2021 00:30 CDT,97007,23.09,71.85,0.95,7.4,0,101995.6
TWB14,Uvalde_2020_02,29.60214,-99.73007,436.7784,6/28/21,p,2021,04/15/2021 00:35 CDT,97013,23.11,71.65,0.96,7.4,0,102001.4
TWB14,Uvalde_2020_02,29.60214,-99.73007,436.7784,6/28/21,p,2021,04/15/2021 00:40 CDT,97018,23.14,71.51,1.51,7.4,0,102005.8
TWB14,Uvalde_2020_02,29.60214,-99.73007,436.7784,6/28/21,p,2021,04/15/2021 00:45 CDT,97015,23.21,71.31,2.025,7.4,0,102001.78
TWB14,Uvalde_2020_02,29.60214,-99.73007,436.7784,6/28/21,p,2021,04/15/2021 00:50 CDT,97006,23.23,71.31,1.675,7.4,0,101991.8
TWB14,Uvalde_2020_02,29.60214,-99.73007,436.7784,6/28/21,p,2021,04/15/2021 00:55 CDT,96996,23.21,71.45,2.035,7.4,0,101981.29
TWB14,Uvalde_2020_02,29.60214,-99.73007,436.7784,6/28/21,p,2021,04/15/2021 01:00 CDT,96993,23.18,71.45,2.075,7.4,0,101978.31
TWB14,Uvalde_2020_02,29.60214,-99.73007,436.7784,6/28/21,p,2021,04/15/2021 01:05 CDT,96995,23.16,71.72,2.035,7.4,0,101980.58
TWB14,Uvalde_2020_02,29.60214,-99.73007,436.7784,6/28/21,p,2021,04/15/2021 01:10 CDT,96997,23.13,72.12,2.175,7.4,0,101983.02
TWB14,Uvalde_2020_02,29.60214,-99.73007,436.7784,6/28/21,p,2021,04/15/2021 01:15 CDT,96993,23.09,72.39,2.08,7.4,0,101979.5
TWB14,Uvalde_2020_02,29.60214,-99.73007,436.7784,6/28/21,p,2021,04/15/2021 01:20 CDT,96980,23.05,72.39,1.59,7.4,0,101966.52
TWB14,Uvalde_2020_02,29.60214,-99.73007,436.7784,6/28/21,p,2021,04/15/2021 01:25 CDT,96975,23.02,72.39,2,7.4,0,101961.78
TWB14,Uvalde_2020_02,29.60214,-99.73007,436.7784,6/28/21,p,2021,04/15/2021 01:30 CDT,96968,22.98,72.53,1.135,7.4,0,101955.11
TWB14,Uvalde_2020_02,29.60214,-99.73007,436.7784,6/28/21,p,2021,04/15/2021 01:35 CDT,96965,22.93,73,2.24,7.4,0.02,101952.81
TWB14,Uvalde_2020_02,29.60214,-99.73007,436.7784,6/28/21,p,2021,04/15/2021 01:40 CDT,96961,22.88,73.33,1.605,7.4,0,101949.47
TWB14,Uvalde_2020_02,29.60214,-99.73007,436.7784,6/28/21,p,2021,04/15/2021 01:45 CDT,96947,22.83,73.87,1.735,7.4,0,101935.26
TWB14,Uvalde_2020_02,29.60214,-99.73007,436.7784,6/28/21,p,2021,04/15/2021 01:50 CDT,96941,22.78,74.68,1.57,7.4,0,101929.81
TWB14,Uvalde_2020_02,29.60214,-99.73007,436.7784,6/28/21,p,2021,04/15/2021 01:55 CDT,96938,22.73,75.29,2.125,7.4,0,101927.85
TWB14,Uvalde_2020_02,29.60214,-99.73007,436.7784,6/28/21,p,2021,04/15/2021 02:00 CDT,96930,22.67,75.69,2.575,7.4,0,101920.65
TWB14,Uvalde_2020_02,29.60214,-99.73007,436.7784,6/28/21,p,2021,04/15/2021 02:05 CDT,96927,22.63,75.9,1.84,7.4,0,101918.35
TWB14,Uvalde_2020_02,29.60214,-99.73007,436.7784,6/28/21,p,2021,04/15/2021 02:10 CDT,96914,22.62,76.2,2.475,7.4,0,101904.68
TWB14,Uvalde_2020_02,29.60214,-99.73007,436.7784,6/28/21,p,2021,04/15/2021 02:15 CDT,96902,22.61,76.3,2.74,7.4,0,101892.41
TWB14,Uvalde_2020_02,29.60214,-99.73007,436.7784,6/28/21,p,2021,04/15/2021 02:20 CDT,96908,22.59,76.3,1.495,7.4,0,101899.06
TWB14,Uvalde_2020_02,29.60214,-99.73007,436.7784,6/28/21,p,2021,04/15/2021 02:25 CDT,96913,22.6,76.5,1.62,7.4,0,101904.15
TWB14,Uvalde_2020_02,29.60214,-99.73007,436.7784,6/28/21,p,2021,04/15/2021 02:30 CDT,96912,22.6,76.71,1.565,7.4,0,101902.92
TWB14,Uvalde_2020_02,29.60214,-99.73007,436.7784,6/28/21,p,2021,04/15/2021 02:35 CDT,96908,22.59,76.91,1.79,7.4,0,101899.06
TWB14,Uvalde_2020_02,29.60214,-99.73007,436.7784,6/28/21,p,2021,04/15/2021 02:40 CDT,96900,22.58,77.28,1.93,7.4,0,101890.64
TWB14,Uvalde_2020_02,29.60214,-99.73007,436.7784,6/28/21,p,2021,04/15/2021 02:45 CDT,96900,22.56,77.58,1.735,7.4,0,101890.81
TWB14,Uvalde_2020_02,29.60214,-99.73007,436.7784,6/28/21,p,2021,04/15/2021 02:50 CDT,96895,22.54,77.92,1.91,7.4,0,101885.9
TWB14,Uvalde_2020_02,29.60214,-99.73007,436.7784,6/28/21,p,2021,04/15/2021 02:55 CDT,96886,22.52,78.05,1.245,7.4,0,101876.61
TWB14,Uvalde_2020_02,29.60214,-99.73007,436.7784,6/28/21,p,2021,04/15/2021 03:00 CDT,96875,22.5,78.32,1.85,7.4,0,101865.56
TWB14,Uvalde_2020_02,29.60214,-99.73007,436.7784,6/28/21,p,2021,04/15/2021 03:05 CDT,96867,22.48,78.59,2.36,7.4,0,101857.49
TWB14,Uvalde_2020_02,29.60214,-99.73007,436.7784,6/28/21,p,2021,04/15/2021 03:10 CDT,96859,22.46,78.66,2.125,7.4,0,101849.42
TWB14,Uvalde_2020_02,29.60214,-99.73007,436.7784,6/28/21,p,2021,04/15/2021 03:15 CDT,96857,22.44,78.73,1.73,7.4,0,101847.83
TWB14,Uvalde_2020_02,29.60214,-99.73007,436.7784,6/28/21,p,2021,04/15/2021 03:20 CDT,96849,22.43,78.86,1.78,7.4,0,101839.59
TWB14,Uvalde_2020_02,29.60214,-99.73007,436.7784,6/28/21,p,2021,04/15/2021 03:25 CDT,96849,22.42,78.93,1.285,7.4,0,101839.77
TWB14,Uvalde_2020_02,29.60214,-99.73007,436.7784,6/28/21,p,2021,04/15/2021 03:30 CDT,96852,22.41,79.13,1.745,7.4,0,101842.92
TWB14,Uvalde_2020_02,29.60214,-99.73007,436.7784,6/28/21,p,2021,04/15/2021 03:35 CDT,96853,22.41,79.37,2.135,7.4,0,101843.97
TWB14,Uvalde_2020_02,29.60214,-99.73007,436.7784,6/28/21,p,2021,04/15/2021 03:40 CDT,96852,22.39,79.4,2.28,7.4,0,101843.43
TWB14,Uvalde_2020_02,29.60214,-99.73007,436.7784,6/28/21,p,2021,04/15/2021 03:45 CDT,96858,22.4,79.34,1.12,7.4,0,101849.57
TWB14,Uvalde_2020_02,29.60214,-99.73007,436.7784,6/28/21,p,2021,04/15/2021 03:50 CDT,96855,22.39,79.4,1.93,7.4,0,101846.59
TWB14,Uvalde_2020_02,29.60214,-99.73007,436.7784,6/28/21,p,2021,04/15/2021 03:55 CDT,96855,22.37,79.54,1.75,7.4,0,101847.11
TWB14,Uvalde_2020_02,29.60214,-99.73007,436.7784,6/28/21,p,2021,04/15/2021 04:00 CDT,96859,22.36,79.77,1.925,7.4,0,101851.48
TWB14,Uvalde_2020_02,29.60214,-99.73007,436.7784,6/28/21,p,2021,04/15/2021 04:05 CDT,96870,22.35,79.94,1.585,7.4,0,101863.05
TWB14,Uvalde_2020_02,29.60214,-99.73007,436.7784,6/28/21,p,2021,04/15/2021 04:10 CDT,96874,22.34,80.1,1.785,7.4,0,101867.25
TWB14,Uvalde_2020_02,29.60214,-99.73007,436.7784,6/28/21,p,2021,04/15/2021 04:15 CDT,96880,22.33,80.1,1.635,7.4,0,101873.74
TWB14,Uvalde_2020_02,29.60214,-99.73007,436.7784,6/28/21,p,2021,04/15/2021 04:20 CDT,96887,22.3,80.2,1.555,7.4,0,101881.27
TWB14,Uvalde_2020_02,29.60214,-99.73007,436.7784,6/28/21,p,2021,04/15/2021 04:25 CDT,96889,22.27,80.5,1.265,7.4,0.08,101883.72
TWB14,Uvalde_2020_02,29.60214,-99.73007,436.7784,6/28/21,p,2021,04/15/2021 04:30 CDT,96897,22.2,81,1.32,7.4,0.26,101893.16
TWB14,Uvalde_2020_02,29.60214,-99.73007,436.7784,6/28/21,p,2021,04/15/2021 04:35 CDT,96903,22.09,81.6,2.21,7.4,0.08,101901.2
TWB14,Uvalde_2020_02,29.60214,-99.73007,436.7784,6/28/21,p,2021,04/15/2021 04:40 CDT,96901,22.01,82,2.11,7.4,0.89,101900.82
TWB14,Uvalde_2020_02,29.60214,-99.73007,436.7784,6/28/21,p,2021,04/15/2021 04:45 CDT,96902,21.97,82,1.69,7.4,0,101902.57
TWB14,Uvalde_2020_02,29.60214,-99.73007,436.7784,6/28/21,p,2021,04/15/2021 04:50 CDT,96895,21.95,82.1,1.67,7.4,0,101895.9
TWB14,Uvalde_2020_02,29.60214,-99.73007,436.7784,6/28/21,p,2021,04/15/2021 04:55 CDT,96888,21.92,82.1,1.455,7.4,0,101888.89
TWB14,Uvalde_2020_02,29.60214,-99.73007,436.7784,6/28/21,p,2021,04/15/2021 05:00 CDT,96887,21.89,82.4,1.82,7.4,0,101888.35
TWB14,Uvalde_2020_02,29.60214,-99.73007,436.7784,6/28/21,p,2021,04/15/2021 05:05 CDT,96887,21.85,82.6,1.91,7.4,0,101889.22
TWB14,Uvalde_2020_02,29.60214,-99.73007,436.7784,6/28/21,p,2021,04/15/2021 05:10 CDT,96887,21.83,82.6,1.56,7.4,0,101889.74
TWB14,Uvalde_2020_02,29.60214,-99.73007,436.7784,6/28/21,p,2021,04/15/2021 05:15 CDT,96885,21.81,82.7,1.65,7.4,0,101887.98
TWB14,Uvalde_2020_02,29.60214,-99.73007,436.7784,6/28/21,p,2021,04/15/2021 05:20 CDT,96874,21.79,82.8,1.7,7.4,0,101876.59
TWB14,Uvalde_2020_02,29.60214,-99.73007,436.7784,6/28/21,p,2021,04/15/2021 05:25 CDT,96862,21.78,83,1.745,7.4,0,101864.14
TWB14,Uvalde_2020_02,29.60214,-99.73007,436.7784,6/28/21,p,2021,04/15/2021 05:30 CDT,96861,21.76,83,1.975,7.4,0,101863.43
TWB14,Uvalde_2020_02,29.60214,-99.73007,436.7784,6/28/21,p,2021,04/15/2021 05:35 CDT,96861,21.75,83.2,1.81,7.4,0,101863.6
TWB14,Uvalde_2020_02,29.60214,-99.73007,436.7784,6/28/21,p,2021,04/15/2021 05:40 CDT,96863,21.74,83.2,2.215,7.4,0,101866.06
TWB14,Uvalde_2020_02,29.60214,-99.73007,436.7784,6/28/21,p,2021,04/15/2021 05:45 CDT,96861,21.74,83.3,2.395,7.4,0,101863.95
TWB14,Uvalde_2020_02,29.60214,-99.73007,436.7784,6/28/21,p,2021,04/15/2021 05:50 CDT,96852,21.73,83.2,1.96,7.4,0,101854.49
TWB14,Uvalde_2020_02,29.60214,-99.73007,436.7784,6/28/21,p,2021,04/15/2021 05:55 CDT,96834,21.71,83.3,2.24,7.4,0,101835.9
TWB14,Uvalde_2020_02,29.60214,-99.73007,436.7784,6/28/21,p,2021,04/15/2021 06:00 CDT,96832,21.68,83.4,2.13,7.4,0,101834.32
TWB14,Uvalde_2020_02,29.60214,-99.73007,436.7784,6/28/21,p,2021,04/15/2021 06:05 CDT,96821,21.64,84.4,3.24,7.4,0.15,101823.44
TWB14,Uvalde_2020_02,29.60214,-99.73007,436.7784,6/28/21,p,2021,04/15/2021 06:10 CDT,96808,21.54,85.1,2.315,7.4,0.19,101811.32
TWB14,Uvalde_2020_02,29.60214,-99.73007,436.7784,6/28/21,p,2021,04/15/2021 06:15 CDT,96823,21.46,85.6,3.175,7.4,0,101828.49
TWB14,Uvalde_2020_02,29.60214,-99.73007,436.7784,6/28/21,p,2021,04/15/2021 06:20 CDT,96835,21.45,85.6,3.11,7.4,0,101841.45
TWB14,Uvalde_2020_02,29.60214,-99.73007,436.7784,6/28/21,p,2021,04/15/2021 06:25 CDT,96844,21.45,85.5,1.875,7.4,0,101851.09
TWB14,Uvalde_2020_02,29.60214,-99.73007,436.7784,6/28/21,p,2021,04/15/2021 06:30 CDT,96844,21.46,85.4,1.935,7.4,0,101850.92
TWB14,Uvalde_2020_02,29.60214,-99.73007,436.7784,6/28/21,p,2021,04/15/2021 06:35 CDT,96864,21.47,85.3,1.825,7.4,0,101871.78
TWB14,Uvalde_2020_02,29.60214,-99.73007,436.7784,6/28/21,p,2021,04/15/2021 06:40 CDT,96878,21.48,85.2,2.36,7.4,0,101886.51
TWB14,Uvalde_2020_02,29.60214,-99.73007,436.7784,6/28/21,p,2021,04/15/2021 06:45 CDT,96878,21.48,85.3,2.2,7.4,0,101886.51
TWB14,Uvalde_2020_02,29.60214,-99.73007,436.7784,6/28/21,p,2021,04/15/2021 06:50 CDT,96883,21.47,85.3,1.67,7.4,0,101891.76
TWB14,Uvalde_2020_02,29.60214,-99.73007,436.7784,6/28/21,p,2021,04/15/2021 06:55 CDT,96886,21.46,85.4,2.35,7.4,0,101894.92
TWB14,Uvalde_2020_02,29.60214,-99.73007,436.7784,6/28/21,p,2021,04/15/2021 07:00 CDT,96885,21.44,85.4,1.93,7.4,0,101894.21
TWB14,Uvalde_2020_02,29.60214,-99.73007,436.7784,6/28/21,p,2021,04/15/2021 07:05 CDT,96878,21.43,85.4,1.815,7.4,0,101887.03
TWB14,Uvalde_2020_02,29.60214,-99.73007,436.7784,6/28/21,p,2021,04/15/2021 07:10 CDT,96876,21.43,85.3,1.595,7.4,0.1,101884.92
TWB14,Uvalde_2020_02,29.60214,-99.73007,436.7784,6/28/21,p,2021,04/15/2021 07:15 CDT,96881,21.43,85.3,1.255,7.4,0.52,101890.18
TWB14,Uvalde_2020_02,29.60214,-99.73007,436.7784,6/28/21,p,2021,04/15/2021 07:20 CDT,96894,21.45,85.3,1.215,7.4,1.04,101903.51
TWB14,Uvalde_2020_02,29.60214,-99.73007,436.7784,6/28/21,p,2021,04/15/2021 07:25 CDT,96901,21.45,85.2,1.5,7.4,1.6,101910.87
TWB14,Uvalde_2020_02,29.60214,-99.73007,436.7784,6/28/21,p,2021,04/15/2021 07:30 CDT,96892,21.46,85.1,1.515,7.4,2.82,101901.4
TWB14,Uvalde_2020_02,29.60214,-99.73007,436.7784,6/28/21,p,2021,04/15/2021 07:35 CDT,96898,21.46,84.9,1.275,7.4,3.78,101907.72
TWB14,Uvalde_2020_02,29.60214,-99.73007,436.7784,6/28/21,p,2021,04/15/2021 07:40 CDT,96902,21.48,84.8,1.055,7.4,3.79,101911.75
TWB14,Uvalde_2020_02,29.60214,-99.73007,436.7784,6/28/21,p,2021,04/15/2021 07:45 CDT,96921,21.49,84.6,1.375,7.4,3.66,101931.73
TWB14,Uvalde_2020_02,29.60214,-99.73007,436.7784,6/28/21,p,2021,04/15/2021 07:50 CDT,96929,21.48,84.5,1.895,7.4,4.87,101940.15
TWB14,Uvalde_2020_02,29.60214,-99.73007,436.7784,6/28/21,p,2021,04/15/2021 07:55 CDT,96932,21.47,84.3,1.095,7.4,9.41,101943.3
TWB14,Uvalde_2020_02,29.60214,-99.73007,436.7784,6/28/21,p,2021,04/15/2021 08:00 CDT,96910,21.47,84.2,0.935,7.4,18.42,101920.17
TWB14,Uvalde_2020_02,29.60214,-99.73007,436.7784,6/28/21,p,2021,04/15/2021 08:05 CDT,96903,21.49,84,1.29,7.4,35.82,101912.29
TWB14,Uvalde_2020_02,29.60214,-99.73007,436.7784,6/28/21,p,2021,04/15/2021 08:10 CDT,96914,21.51,83.8,1.175,7.4,56.88,101923.86
TWB14,Uvalde_2020_02,29.60214,-99.73007,436.7784,6/28/21,p,2021,04/15/2021 08:15 CDT,96916,21.55,83.3,2.235,7.4,95.15,101925.09
TWB14,Uvalde_2020_02,29.60214,-99.73007,436.7784,6/28/21,p,2021,04/15/2021 08:20 CDT,96933,21.57,84,2.115,7.4,79.75,101942.1
TWB14,Uvalde_2020_02,29.60214,-99.73007,436.7784,6/28/21,p,2021,04/15/2021 08:25 CDT,96922,21.5,85.7,1.24,7.4,57.95,101931.39
TWB14,Uvalde_2020_02,29.60214,-99.73007,436.7784,6/28/21,p,2021,04/15/2021 08:30 CDT,96910,21.42,85.2,1.19,7.4,45.12,101919.64
TWB14,Uvalde_2020_02,29.60214,-99.73007,436.7784,6/28/21,p,2021,04/15/2021 08:35 CDT,96922,21.33,85.1,0.915,7.4,24.38,101933.65
TWB14,Uvalde_2020_02,29.60214,-99.73007,436.7784,6/28/21,p,2021,04/15/2021 08:40 CDT,96946,21.3,84.7,0.845,7.4,10.24,101959.42
TWB14,Uvalde_2020_02,29.60214,-99.73007,436.7784,6/28/21,p,2021,04/15/2021 08:45 CDT,96955,21.25,85,1.225,7.4,6.1,101970.27
TWB14,Uvalde_2020_02,29.60214,-99.73007,436.7784,6/28/21,p,2021,04/15/2021 08:50 CDT,96952,21.2,85.1,1.075,7.4,5.16,101968.16
TWB14,Uvalde_2020_02,29.60214,-99.73007,436.7784,6/28/21,p,2021,04/15/2021 08:55 CDT,96959,21.15,85.1,1.635,7.4,4.62,101976.57
TWB14,Uvalde_2020_02,29.60214,-99.73007,436.7784,6/28/21,p,2021,04/15/2021 09:00 CDT,96941,21.09,85.4,1.585,7.4,6.23,101958.68
TWB14,Uvalde_2020_02,29.60214,-99.73007,436.7784,6/28/21,p,2021,04/15/2021 09:05 CDT,96941,21.08,85.3,0.675,7.4,6.21,101958.86
TWB14,Uvalde_2020_02,29.60214,-99.73007,436.7784,6/28/21,p,2021,04/15/2021 09:10 CDT,96946,21.07,85.2,0.545,7.4,4.06,101964.12
TWB14,Uvalde_2020_02,29.60214,-99.73007,436.7784,6/28/21,p,2021,04/15/2021 09:15 CDT,96959,21.05,85.3,0.82,7.4,3.87,101977.97
TWB14,Uvalde_2020_02,29.60214,-99.73007,436.7784,6/28/21,p,2021,04/15/2021 09:20 CDT,96945,21,85.5,1.075,7.4,4.21,101964.29
TWB14,Uvalde_2020_02,29.60214,-99.73007,436.7784,6/28/21,p,2021,04/15/2021 09:25 CDT,96964,20.96,85.6,1.06,7.4,5.21,101985.32
TWB14,Uvalde_2020_02,29.60214,-99.73007,436.7784,6/28/21,p,2021,04/15/2021 09:30 CDT,96952,20.95,85.8,1.745,7.4,6.8,101972.87
TWB14,Uvalde_2020_02,29.60214,-99.73007,436.7784,6/28/21,p,2021,04/15/2021 09:35 CDT,96969,20.94,86,1.815,7.4,8.1,101991.27
TWB14,Uvalde_2020_02,29.60214,-99.73007,436.7784,6/28/21,p,2021,04/15/2021 09:40 CDT,96962,20.93,86,1.56,7.4,6.96,101984.26
TWB14,Uvalde_2020_02,29.60214,-99.73007,436.7784,6/28/21,p,2021,04/15/2021 09:45 CDT,96957,20.94,86.1,1.865,7.4,8.65,101978.82
TWB14,Uvalde_2020_02,29.60214,-99.73007,436.7784,6/28/21,p,2021,04/15/2021 09:50 CDT,96982,20.93,86.2,1.555,7.4,7.33,102005.29
TWB14,Uvalde_2020_02,29.60214,-99.73007,436.7784,6/28/21,p,2021,04/15/2021 09:55 CDT,96993,20.92,86.3,1.5,7.4,7.46,102016.86
TWB14,Uvalde_2020_02,29.60214,-99.73007,436.7784,6/28/21,p,2021,04/15/2021 10:00 CDT,96967,20.91,86.3,1.43,7.4,7.85,101989.52
TWB14,Uvalde_2020_02,29.60214,-99.73007,436.7784,6/28/21,p,2021,04/15/2021 10:05 CDT,96962,20.86,86.8,1.595,7.4,10.63,101984.78
TWB14,Uvalde_2020_02,29.60214,-99.73007,436.7784,6/28/21,p,2021,04/15/2021 10:10 CDT,96970,20.83,86.8,1.885,7.4,12.31,101993.89
TWB14,Uvalde_2020_02,29.60214,-99.73007,436.7784,6/28/21,p,2021,04/15/2021 10:15 CDT,96963,20.76,87.4,2.63,7.4,14.01,101987.05
TWB14,Uvalde_2020_02,29.60214,-99.73007,436.7784,6/28/21,p,2021,04/15/2021 10:20 CDT,96936,20.61,87.9,2.695,7.4,31.56,101961.44
TWB14,Uvalde_2020_02,29.60214,-99.73007,436.7784,6/28/21,p,2021,04/15/2021 10:25 CDT,96914,20.6,87.8,2.13,7.4,58.9,101938.83
TWB14,Uvalde_2020_02,29.60214,-99.73007,436.7784,6/28/21,p,2021,04/15/2021 10:30 CDT,96931,20.6,88.1,2.37,7.4,45.56,101956.71
TWB14,Uvalde_2020_02,29.60214,-99.73007,436.7784,6/28/21,p,2021,04/15/2021 10:35 CDT,96945,20.6,88.1,2.57,7.4,37.81,101971.08
TWB14,Uvalde_2020_02,29.60214,-99.73007,436.7784,6/28/21,p,2021,04/15/2021 10:40 CDT,96944,20.54,88.2,2.745,7.4,59.16,101970.91
TWB14,Uvalde_2020_02,29.60214,-99.73007,436.7784,6/28/21,p,2021,04/15/2021 10:45 CDT,96937,20.59,88.2,2.36,7.4,64.84,101963.19
TWB14,Uvalde_2020_02,29.60214,-99.73007,436.7784,6/28/21,p,2021,04/15/2021 10:50 CDT,96907,20.62,87.8,1.955,7.4,60.34,101931.29
TWB14,Uvalde_2020_02,29.60214,-99.73007,436.7784,6/28/21,p,2021,04/15/2021 10:55 CDT,96899,20.58,88,3.345,7.4,67.05,101922.7
TWB14,Uvalde_2020_02,29.60214,-99.73007,436.7784,6/28/21,p,2021,04/15/2021 11:00 CDT,96910,20.5,87.8,2.87,7.4,53.14,101935.32
TWB14,Uvalde_2020_02,29.60214,-99.73007,436.7784,6/28/21,p,2021,04/15/2021 11:05 CDT,96936,20.48,87.1,2.06,7.4,35.69,101963.37
TWB14,Uvalde_2020_02,29.60214,-99.73007,436.7784,6/28/21,p,2021,04/15/2021 11:10 CDT,96941,20.39,86.9,2.475,7.4,30.77,101969.86
TWB14,Uvalde_2020_02,29.60214,-99.73007,436.7784,6/28/21,p,2021,04/15/2021 11:15 CDT,96943,20.27,87.7,2.73,7.4,27.17,101974.06
TWB14,Uvalde_2020_02,29.60214,-99.73007,436.7784,6/28/21,p,2021,04/15/2021 11:20 CDT,96942,20.22,87.7,2.385,7.4,35.94,101974.06
TWB14,Uvalde_2020_02,29.60214,-99.73007,436.7784,6/28/21,p,2021,04/15/2021 11:25 CDT,96943,20.24,87.4,2.16,7.4,42,101974.94
TWB14,Uvalde_2020_02,29.60214,-99.73007,436.7784,6/28/21,p,2021,04/15/2021 11:30 CDT,96965,20.24,87.5,2.36,7.4,27.75,101998.08
TWB14,Uvalde_2020_02,29.60214,-99.73007,436.7784,6/28/21,p,2021,04/15/2021 11:35 CDT,96968,20.18,87.6,1.88,7.4,25.83,102001.94
TWB14,Uvalde_2020_02,29.60214,-99.73007,436.7784,6/28/21,p,2021,04/15/2021 11:40 CDT,96967,20.08,88.9,2.05,7.4,29.76,102002.63
TWB14,Uvalde_2020_02,29.60214,-99.73007,436.7784,6/28/21,p,2021,04/15/2021 11:45 CDT,96963,20,90.1,1.98,7.4,39.4,102000.17
TWB14,Uvalde_2020_02,29.60214,-99.73007,436.7784,6/28/21,p,2021,04/15/2021 11:50 CDT,96969,19.82,91.9,2.64,7.4,51.24,102009.29
TWB14,Uvalde_2020_02,29.60214,-99.73007,436.7784,6/28/21,p,2021,04/15/2021 11:55 CDT,96968,19.62,93,2.235,7.4,48.38,102011.93
TWB14,Uvalde_2020_02,29.60214,-99.73007,436.7784,6/28/21,p,2021,04/15/2021 12:00 CDT,96963,19.52,94,1.545,7.4,42.8,102008.6
TWB14,Uvalde_2020_02,29.60214,-99.73007,436.7784,6/28/21,p,2021,04/15/2021 12:05 CDT,96957,19.49,94.2,1.615,7.4,43.68,102002.81
TWB14,Uvalde_2020_02,29.60214,-99.73007,436.7784,6/28/21,p,2021,04/15/2021 12:10 CDT,96959,19.46,94.9,1.405,7.4,47.81,102005.8
TWB14,Uvalde_2020_02,29.60214,-99.73007,436.7784,6/28/21,p,2021,04/15/2021 12:15 CDT,96951,19.44,95,1.585,7.4,58.96,101997.38
TWB14,Uvalde_2020_02,29.60214,-99.73007,436.7784,6/28/21,p,2021,04/15/2021 12:20 CDT,96947,19.42,95.3,1.68,7.4,76.77,101993.52
TWB14,Uvalde_2020_02,29.60214,-99.73007,436.7784,6/28/21,p,2021,04/15/2021 12:25 CDT,96947,19.46,95.4,1.51,7.4,118.98,101993.34
TWB14,Uvalde_2020_02,29.60214,-99.73007,436.7784,6/28/21,p,2021,04/15/2021 12:30 CDT,96944,19.47,95,1.685,7.4,69.12,101989.84
TWB14,Uvalde_2020_02,29.60214,-99.73007,436.7784,6/28/21,p,2021,04/15/2021 12:35 CDT,96932,19.46,95.3,1.315,7.4,76.12,101977.39
TWB14,Uvalde_2020_02,29.60214,-99.73007,436.7784,6/28/21,p,2021,04/15/2021 12:40 CDT,96914,19.47,94.9,1.825,7.4,131.45,101958.1
TWB14,Uvalde_2020_02,29.60214,-99.73007,436.7784,6/28/21,p,2021,04/15/2021 12:45 CDT,96894,19.53,94.1,2.02,7.4,147.54,101936.71
TWB14,Uvalde_2020_02,29.60214,-99.73007,436.7784,6/28/21,p,2021,04/15/2021 12:50 CDT,96874,19.62,93.3,2.36,7.4,201.91,101914.79
TWB14,Uvalde_2020_02,29.60214,-99.73007,436.7784,6/28/21,p,2021,04/15/2021 12:55 CDT,96849,19.83,92.4,2.475,7.4,242.79,101885.33
TWB14,Uvalde_2020_02,29.60214,-99.73007,436.7784,6/28/21,p,2021,04/15/2021 13:00 CDT,96848,19.93,90.7,2.285,7.4,202.61,101881.83
TWB14,Uvalde_2020_02,29.60214,-99.73007,436.7784,6/28/21,p,2021,04/15/2021 13:05 CDT,96848,20,90.2,2.02,7.4,186.45,101880.43
TWB14,Uvalde_2020_02,29.60214,-99.73007,436.7784,6/28/21,p,2021,04/15/2021 13:10 CDT,96840,20.11,89.1,2.38,7.4,202.61,101870.26
TWB14,Uvalde_2020_02,29.60214,-99.73007,436.7784,6/28/21,p,2021,04/15/2021 13:15 CDT,96834,20.35,87.9,1.835,7.4,227.13,101859.93
TWB14,Uvalde_2020_02,29.60214,-99.73007,436.7784,6/28/21,p,2021,04/15/2021 13:20 CDT,96826,20.49,86,1.945,7.4,166.6,101847.68
TWB14,Uvalde_2020_02,29.60214,-99.73007,436.7784,6/28/21,p,2021,04/15/2021 13:25 CDT,96834,20.55,85.6,2.08,7.4,148.75,101854.87
TWB14,Uvalde_2020_02,29.60214,-99.73007,436.7784,6/28/21,p,2021,04/15/2021 13:30 CDT,96828,20.72,84.3,1.98,7.4,173.97,101845.77
TWB14,Uvalde_2020_02,29.60214,-99.73007,436.7784,6/28/21,p,2021,04/15/2021 13:35 CDT,96809,20.86,85.2,1.26,7.4,133.23,101823.69
TWB14,Uvalde_2020_02,29.60214,-99.73007,436.7784,6/28/21,p,2021,04/15/2021 13:40 CDT,96808,21.1,83.5,1.01,7.4,103.78,101818.81
TWB14,Uvalde_2020_02,29.60214,-99.73007,436.7784,6/28/21,p,2021,04/15/2021 13:45 CDT,96809,20.96,83.3,1.12,7.4,84.29,101821.09
TWB14,Uvalde_2020_02,29.60214,-99.73007,436.7784,6/28/21,p,2021,04/15/2021 13:50 CDT,96817,20.8,83.5,2.06,7.4,94.33,101831.76
TWB14,Uvalde_2020_02,29.60214,-99.73007,436.7784,6/28/21,p,2021,04/15/2021 13:55 CDT,96818,20.73,84,1.515,7.4,83.96,101834.73
TWB14,Uvalde_2020_02,29.60214,-99.73007,436.7784,6/28/21,p,2021,04/15/2021 14:00 CDT,96811,20.73,84.1,2.015,7.4,82.57,101827.19
TWB14,Uvalde_2020_02,29.60214,-99.73007,436.7784,6/28/21,p,2021,04/15/2021 14:05 CDT,96810,20.68,84,1.815,7.4,77.34,101827.36
TWB14,Uvalde_2020_02,29.60214,-99.73007,436.7784,6/28/21,p,2021,04/15/2021 14:10 CDT,96799,20.65,84.2,1.36,7.4,84,101816.32
TWB14,Uvalde_2020_02,29.60214,-99.73007,436.7784,6/28/21,p,2021,04/15/2021 14:15 CDT,96782,20.59,84,2.12,7.4,98.53,101798.96
TWB14,Uvalde_2020_02,29.60214,-99.73007,436.7784,6/28/21,p,2021,04/15/2021 14:20 CDT,96779,20.48,84.6,2.205,7.4,79.37,101797.72
TWB14,Uvalde_2020_02,29.60214,-99.73007,436.7784,6/28/21,p,2021,04/15/2021 14:25 CDT,96779,20.49,83.7,1.345,7.4,79.91,101798.43
TWB14,Uvalde_2020_02,29.60214,-99.73007,436.7784,6/28/21,p,2021,04/15/2021 14:30 CDT,96777,20.51,84.1,1.805,7.4,79.16,101795.62
TWB14,Uvalde_2020_02,29.60214,-99.73007,436.7784,6/28/21,p,2021,04/15/2021 14:35 CDT,96779,20.51,84.5,1.375,7.4,70.76,101797.72
TWB14,Uvalde_2020_02,29.60214,-99.73007,436.7784,6/28/21,p,2021,04/15/2021 14:40 CDT,96779,20.44,85.3,1.345,7.4,67.06,101798.42
TWB14,Uvalde_2020_02,29.60214,-99.73007,436.7784,6/28/21,p,2021,04/15/2021 14:45 CDT,96779,20.37,84.5,1.515,7.4,59.54,101799.47
TWB14,Uvalde_2020_02,29.60214,-99.73007,436.7784,6/28/21,p,2021,04/15/2021 14:50 CDT,96773,20.32,84.3,1.33,7.4,66.77,101793.69
TWB14,Uvalde_2020_02,29.60214,-99.73007,436.7784,6/28/21,p,2021,04/15/2021 14:55 CDT,96766,20.3,84.9,1.62,7.4,67.1,101786.84
TWB14,Uvalde_2020_02,29.60214,-99.73007,436.7784,6/28/21,p,2021,04/15/2021 15:00 CDT,96764,20.24,84.4,1.45,7.4,67.15,101785.62
TWB14,Uvalde_2020_02,29.60214,-99.73007,436.7784,6/28/21,p,2021,04/15/2021 15:05 CDT,96754,20.29,84.1,1.055,7.4,67.87,101774.75
TWB14,Uvalde_2020_02,29.60214,-99.73007,436.7784,6/28/21,p,2021,04/15/2021 15:10 CDT,96755,20.29,84.9,1.12,7.4,65.49,101775.45
TWB14,Uvalde_2020_02,29.60214,-99.73007,436.7784,6/28/21,p,2021,04/15/2021 15:15 CDT,96760,20.32,83.6,1.125,7.4,51.64,101780.72
TWB14,Uvalde_2020_02,29.60214,-99.73007,436.7784,6/28/21,p,2021,04/15/2021 15:20 CDT,96753,20.21,84.3,1.405,7.4,51.19,101774.05
TWB14,Uvalde_2020_02,29.60214,-99.73007,436.7784,6/28/21,p,2021,04/15/2021 15:25 CDT,96752,20.18,85.8,1.54,7.4,65.81,101773.86
TWB14,Uvalde_2020_02,29.60214,-99.73007,436.7784,6/28/21,p,2021,04/15/2021 15:30 CDT,96751,19.95,87.9,1.595,7.4,68.55,101776.12
TWB14,Uvalde_2020_02,29.60214,-99.73007,436.7784,6/28/21,p,2021,04/15/2021 15:35 CDT,96733,19.78,89.4,1.525,7.4,80.76,101760.68
TWB14,Uvalde_2020_02,29.60214,-99.73007,436.7784,6/28/21,p,2021,04/15/2021 15:40 CDT,96721,19.68,89.7,1.765,7.4,81.64,101749.99
TWB14,Uvalde_2020_02,29.60214,-99.73007,436.7784,6/28/21,p,2021,04/15/2021 15:45 CDT,96708,19.65,91.1,1,7.4,64.2,101737.53
TWB14,Uvalde_2020_02,29.60214,-99.73007,436.7784,6/28/21,p,2021,04/15/2021 15:50 CDT,96695,19.64,90.9,0.89,7.4,74.39,101723.68
TWB14,Uvalde_2020_02,29.60214,-99.73007,436.7784,6/28/21,p,2021,04/15/2021 15:55 CDT,96698,19.51,91.8,1.225,7.4,68.04,101729.65
TWB14,Uvalde_2020_02,29.60214,-99.73007,436.7784,6/28/21,p,2021,04/15/2021 16:00 CDT,96686,19.45,92.1,1.465,7.4,67.94,101717.72
TWB14,Uvalde_2020_02,29.60214,-99.73007,436.7784,6/28/21,p,2021,04/15/2021 16:05 CDT,96673,19.38,93,1.15,7.4,69.41,101705.27
TWB14,Uvalde_2020_02,29.60214,-99.73007,436.7784,6/28/21,p,2021,04/15/2021 16:10 CDT,96672,19.4,93.3,0.99,7.4,46.57,101704.04
TWB14,Uvalde_2020_02,29.60214,-99.73007,436.7784,6/28/21,p,2021,04/15/2021 16:15 CDT,96659,19.39,93.5,1.145,7.4,51.83,101690.36
TWB14,Uvalde_2020_02,29.60214,-99.73007,436.7784,6/28/21,p,2021,04/15/2021 16:20 CDT,96660,19.34,93.7,0.895,7.4,51.96,101692.47
TWB14,Uvalde_2020_02,29.60214,-99.73007,436.7784,6/28/21,p,2021,04/15/2021 16:25 CDT,96661,19.32,93.2,1.275,7.4,54.29,101694.23
TWB14,Uvalde_2020_02,29.60214,-99.73007,436.7784,6/28/21,p,2021,04/15/2021 16:30 CDT,96644,19.24,93.2,1.84,7.4,51.84,101677.75
TWB14,Uvalde_2020_02,29.60214,-99.73007,436.7784,6/28/21,p,2021,04/15/2021 16:35 CDT,96631,19.18,93.2,1.66,7.4,52.34,101665.48
TWB14,Uvalde_2020_02,29.60214,-99.73007,436.7784,6/28/21,p,2021,04/15/2021 16:40 CDT,96624,19.2,93.4,1.14,7.4,55.59,101658.12
TWB14,Uvalde_2020_02,29.60214,-99.73007,436.7784,6/28/21,p,2021,04/15/2021 16:45 CDT,96624,19.21,93.2,1.155,7.4,50.87,101658.12
TWB14,Uvalde_2020_02,29.60214,-99.73007,436.7784,6/28/21,p,2021,04/15/2021 16:50 CDT,96623,19.25,92.7,1.445,7.4,65.09,101656.89
TWB14,Uvalde_2020_02,29.60214,-99.73007,436.7784,6/28/21,p,2021,04/15/2021 16:55 CDT,96624,19.27,92,2.36,7.4,76.94,101658.12
TWB14,Uvalde_2020_02,29.60214,-99.73007,436.7784,6/28/21,p,2021,04/15/2021 17:00 CDT,96616,19.29,90.7,2.15,7.4,74.88,101649.36
TWB14,Uvalde_2020_02,29.60214,-99.73007,436.7784,6/28/21,p,2021,04/15/2021 17:05 CDT,96608,19.3,90.3,1.8,7.4,70.71,101640.6
TWB14,Uvalde_2020_02,29.60214,-99.73007,436.7784,6/28/21,p,2021,04/15/2021 17:10 CDT,96615,19.36,91.3,1.385,7.4,52.94,101647.08
TWB14,Uvalde_2020_02,29.60214,-99.73007,436.7784,6/28/21,p,2021,04/15/2021 17:15 CDT,96624,19.42,89.7,1.54,7.4,40.86,101654.44
TWB14,Uvalde_2020_02,29.60214,-99.73007,436.7784,6/28/21,p,2021,04/15/2021 17:20 CDT,96622,19.35,90.1,1.445,7.4,35.24,101653.39
TWB14,Uvalde_2020_02,29.60214,-99.73007,436.7784,6/28/21,p,2021,04/15/2021 17:25 CDT,96623,19.28,90.6,1.555,7.4,36.28,101655.32
TWB14,Uvalde_2020_02,29.60214,-99.73007,436.7784,6/28/21,p,2021,04/15/2021 17:30 CDT,96617,19.16,90.5,1.505,7.4,47.41,101650.77
TWB14,Uvalde_2020_02,29.60214,-99.73007,436.7784,6/28/21,p,2021,04/15/2021 17:35 CDT,96609,19.09,90.2,1.76,7.4,64.19,101643.76
TWB14,Uvalde_2020_02,29.60214,-99.73007,436.7784,6/28/21,p,2021,04/15/2021 17:40 CDT,96611,19.05,90.1,1.565,7.4,34.25,101647.1
TWB14,Uvalde_2020_02,29.60214,-99.73007,436.7784,6/28/21,p,2021,04/15/2021 17:45 CDT,96614,19.04,89.6,1.295,7.4,22.06,101650.26
TWB14,Uvalde_2020_02,29.60214,-99.73007,436.7784,6/28/21,p,2021,04/15/2021 17:50 CDT,96608,18.93,89.7,1.4,7.4,24.63,101645.71
TWB14,Uvalde_2020_02,29.60214,-99.73007,436.7784,6/28/21,p,2021,04/15/2021 17:55 CDT,96599,18.87,90.1,1.62,7.4,25.11,101637.12
TWB14,Uvalde_2020_02,29.60214,-99.73007,436.7784,6/28/21,p,2021,04/15/2021 18:00 CDT,96599,18.8,90.1,1.775,7.4,23.42,101638.71
TWB14,Uvalde_2020_02,29.60214,-99.73007,436.7784,6/28/21,p,2021,04/15/2021 18:05 CDT,96608,18.74,90.7,2.035,7.4,25.55,101649.41
TWB14,Uvalde_2020_02,29.60214,-99.73007,436.7784,6/28/21,p,2021,04/15/2021 18:10 CDT,96612,18.67,90.6,2.31,7.4,23.11,101654.68
TWB14,Uvalde_2020_02,29.60214,-99.73007,436.7784,6/28/21,p,2021,04/15/2021 18:15 CDT,96614,18.66,91,1.72,7.4,19.63,101657.14
TWB14,Uvalde_2020_02,29.60214,-99.73007,436.7784,6/28/21,p,2021,04/15/2021 18:20 CDT,96605,18.65,91,1.6,7.4,17.55,101647.67
TWB14,Uvalde_2020_02,29.60214,-99.73007,436.7784,6/28/21,p,2021,04/15/2021 18:25 CDT,96606,18.69,90.7,1.14,7.4,15.3,101648.54
TWB14,Uvalde_2020_02,29.60214,-99.73007,436.7784,6/28/21,p,2021,04/15/2021 18:30 CDT,96613,18.7,91,0.875,7.4,13.6,101655.73
TWB14,Uvalde_2020_02,29.60214,-99.73007,436.7784,6/28/21,p,2021,04/15/2021 18:35 CDT,96618,18.68,90.8,0.78,7.4,12.7,101660.99
TWB14,Uvalde_2020_02,29.60214,-99.73007,436.7784,6/28/21,p,2021,04/15/2021 18:40 CDT,96620,18.65,91,1.435,7.4,11.66,101663.27
TWB14,Uvalde_2020_02,29.60214,-99.73007,436.7784,6/28/21,p,2021,04/15/2021 18:45 CDT,96627,18.62,90.9,0.785,7.4,10.14,101670.99
TWB14,Uvalde_2020_02,29.60214,-99.73007,436.7784,6/28/21,p,2021,04/15/2021 18:50 CDT,96639,18.57,91,0.69,7.4,7.23,101684.5
TWB14,Uvalde_2020_02,29.60214,-99.73007,436.7784,6/28/21,p,2021,04/15/2021 18:55 CDT,96648,18.49,90.9,1.585,7.4,7.79,101695.03
TWB14,Uvalde_2020_02,29.60214,-99.73007,436.7784,6/28/21,p,2021,04/15/2021 19:00 CDT,96650,18.39,91,1.475,7.4,12.92,101699.26
TWB14,Uvalde_2020_02,29.60214,-99.73007,436.7784,6/28/21,p,2021,04/15/2021 19:05 CDT,96657,18.38,91,0.825,7.4,11.09,101706.98
TWB14,Uvalde_2020_02,29.60214,-99.73007,436.7784,6/28/21,p,2021,04/15/2021 19:10 CDT,96659,18.39,91.1,1.035,7.4,9.56,101709.09
TWB14,Uvalde_2020_02,29.60214,-99.73007,436.7784,6/28/21,p,2021,04/15/2021 19:15 CDT,96668,18.41,90.8,0.945,7.4,7.34,101718.56
TWB14,Uvalde_2020_02,29.60214,-99.73007,436.7784,6/28/21,p,2021,04/15/2021 19:20 CDT,96665,18.4,91,0.905,7.4,5.26,101715.4
TWB14,Uvalde_2020_02,29.60214,-99.73007,436.7784,6/28/21,p,2021,04/15/2021 19:25 CDT,96666,18.39,90.6,0.86,7.4,4.39,101716.45
TWB14,Uvalde_2020_02,29.60214,-99.73007,436.7784,6/28/21,p,2021,04/15/2021 19:30 CDT,96675,18.37,91,0.925,7.4,4.14,101726.1
TWB14,Uvalde_2020_02,29.60214,-99.73007,436.7784,6/28/21,p,2021,04/15/2021 19:35 CDT,96683,18.35,91,0.415,7.4,3.06,101734.52
TWB14,Uvalde_2020_02,29.60214,-99.73007,436.7784,6/28/21,p,2021,04/15/2021 19:40 CDT,96683,18.27,91.2,1.005,7.4,2.61,101735.93
TWB14,Uvalde_2020_02,29.60214,-99.73007,436.7784,6/28/21,p,2021,04/15/2021 19:45 CDT,96683,18.16,91.5,1.205,7.4,2.6,101737.71
TWB14,Uvalde_2020_02,29.60214,-99.73007,436.7784,6/28/21,p,2021,04/15/2021 19:50 CDT,96683,18.1,91.8,0.91,7.4,1.8,101739.12
TWB14,Uvalde_2020_02,29.60214,-99.73007,436.7784,6/28/21,p,2021,04/15/2021 19:55 CDT,96679,18.06,92.2,1.755,7.4,1.13,101735.62
TWB14,Uvalde_2020_02,29.60214,-99.73007,436.7784,6/28/21,p,2021,04/15/2021 20:00 CDT,96683,18.02,92.4,0.9,7.4,0.57,101741.07
TWB14,Uvalde_2020_02,29.60214,-99.73007,436.7784,6/28/21,p,2021,04/15/2021 20:05 CDT,96683,17.99,92.2,1.26,7.4,0.33,101741.25
TWB14,Uvalde_2020_02,29.60214,-99.73007,436.7784,6/28/21,p,2021,04/15/2021 20:10 CDT,96684,17.91,92.4,1.395,7.4,0.36,101743.73
TWB14,Uvalde_2020_02,29.60214,-99.73007,436.7784,6/28/21,p,2021,04/15/2021 20:15 CDT,96686,17.82,92.8,1.835,7.4,0.51,101747.25
TWB14,Uvalde_2020_02,29.60214,-99.73007,436.7784,6/28/21,p,2021,04/15/2021 20:20 CDT,96691,17.73,93.1,1.49,7.4,0.15,101754.65
TWB14,Uvalde_2020_02,29.60214,-99.73007,436.7784,6/28/21,p,2021,04/15/2021 20:25 CDT,96701,17.68,93.4,0.765,7.4,0,101766.24
TWB14,Uvalde_2020_02,29.60214,-99.73007,436.7784,6/28/21,p,2021,04/15/2021 20:30 CDT,96706,17.67,93.2,1.225,7.4,0,101771.5
TWB14,Uvalde_2020_02,29.60214,-99.73007,436.7784,6/28/21,p,2021,04/15/2021 20:35 CDT,96706,17.62,93.7,1.275,7.4,0,101772.57
TWB14,Uvalde_2020_02,29.60214,-99.73007,436.7784,6/28/21,p,2021,04/15/2021 20:40 CDT,96705,17.6,93.8,1.655,7.4,0,101771.87
TWB14,Uvalde_2020_02,29.60214,-99.73007,436.7784,6/28/21,p,2021,04/15/2021 20:45 CDT,96701,17.56,94.1,1.275,7.4,0,101768.55
TWB14,Uvalde_2020_02,29.60214,-99.73007,436.7784,6/28/21,p,2021,04/15/2021 20:50 CDT,96704,17.5,94.1,1.22,7.4,0,101772.6
TWB14,Uvalde_2020_02,29.60214,-99.73007,436.7784,6/28/21,p,2021,04/15/2021 20:55 CDT,96710,17.44,94.4,1.1,7.4,0.02,101779.8
TWB14,Uvalde_2020_02,29.60214,-99.73007,436.7784,6/28/21,p,2021,04/15/2021 21:00 CDT,96714,17.36,94.7,1.04,7.4,0.1,101785.44
TWB14,Uvalde_2020_02,29.60214,-99.73007,436.7784,6/28/21,p,2021,04/15/2021 21:05 CDT,96719,17.33,95,0.71,7.4,0,101791.41
TWB14,Uvalde_2020_02,29.60214,-99.73007,436.7784,6/28/21,p,2021,04/15/2021 21:10 CDT,96740,17.31,95,0.625,7.4,0,101813.51
TWB14,Uvalde_2020_02,29.60214,-99.73007,436.7784,6/28/21,p,2021,04/15/2021 21:15 CDT,96738,17.28,95.2,0.15,7.4,0,101812.12
TWB14,Uvalde_2020_02,29.60214,-99.73007,436.7784,6/28/21,p,2021,04/15/2021 21:20 CDT,96705,17.28,95.2,0.16,7.4,0,101777.04
TWB14,Uvalde_2020_02,29.60214,-99.73007,436.7784,6/28/21,p,2021,04/15/2021 21:25 CDT,96690,17.22,95.2,0.675,7.4,0.07,101762.32
TWB14,Uvalde_2020_02,29.60214,-99.73007,436.7784,6/28/21,p,2021,04/15/2021 21:30 CDT,96689,17.18,95.4,0.82,7.4,0,101762.16
TWB14,Uvalde_2020_02,29.60214,-99.73007,436.7784,6/28/21,p,2021,04/15/2021 21:35 CDT,96690,17.15,95.4,1.275,7.4,0.04,101764.11
TWB14,Uvalde_2020_02,29.60214,-99.73007,436.7784,6/28/21,p,2021,04/15/2021 21:40 CDT,96694,17.12,95.2,1.555,7.4,0.08,101769.39
TWB14,Uvalde_2020_02,29.60214,-99.73007,436.7784,6/28/21,p,2021,04/15/2021 21:45 CDT,96715,17.12,95.4,0.825,7.4,0,101791.67
TWB14,Uvalde_2020_02,29.60214,-99.73007,436.7784,6/28/21,p,2021,04/15/2021 21:50 CDT,96729,17.13,95.4,0.915,7.4,0,101806.4
TWB14,Uvalde_2020_02,29.60214,-99.73007,436.7784,6/28/21,p,2021,04/15/2021 21:55 CDT,96749,17.13,95.4,1.21,7.4,0,101827.45
TWB14,Uvalde_2020_02,29.60214,-99.73007,436.7784,6/28/21,p,2021,04/15/2021 22:00 CDT,96758,17.12,95.4,1.35,7.4,0,101836.93
TWB14,Uvalde_2020_02,29.60214,-99.73007,436.7784,6/28/21,p,2021,04/15/2021 22:05 CDT,96772,17.1,95.4,1.15,7.4,0,101852.02
TWB14,Uvalde_2020_02,29.60214,-99.73007,436.7784,6/28/21,p,2021,04/15/2021 22:10 CDT,96773,17.09,95.4,1.565,7.4,0,101853.43
TWB14,Uvalde_2020_02,29.60214,-99.73007,436.7784,6/28/21,p,2021,04/15/2021 22:15 CDT,96764,17.1,95.6,1.1,7.4,0,101843.96
TWB14,Uvalde_2020_02,29.60214,-99.73007,436.7784,6/28/21,p,2021,04/15/2021 22:20 CDT,96765,17.1,95.5,1.07,7.4,0,101844.47
TWB14,Uvalde_2020_02,29.60214,-99.73007,436.7784,6/28/21,p,2021,04/15/2021 22:25 CDT,96753,17.09,95.6,1.295,7.4,0,101832.38
TWB14,Uvalde_2020_02,29.60214,-99.73007,436.7784,6/28/21,p,2021,04/15/2021 22:30 CDT,96750,17.1,95.8,0.6,7.4,0,101829.22
TWB14,Uvalde_2020_02,29.60214,-99.73007,436.7784,6/28/21,p,2021,04/15/2021 22:35 CDT,96751,17.12,95.7,0.85,7.4,0,101829.74
TWB14,Uvalde_2020_02,29.60214,-99.73007,436.7784,6/28/21,p,2021,04/15/2021 22:40 CDT,96770,17.15,95.7,1.48,7.4,0,101849.56
TWB14,Uvalde_2020_02,29.60214,-99.73007,436.7784,6/28/21,p,2021,04/15/2021 22:45 CDT,96783,17.19,95.5,1.78,7.4,0,101863.24
TWB14,Uvalde_2020_02,29.60214,-99.73007,436.7784,6/28/21,p,2021,04/15/2021 22:50 CDT,96803,17.24,95.4,1.11,7.4,0,101883.22
TWB14,Uvalde_2020_02,29.60214,-99.73007,436.7784,6/28/21,p,2021,04/15/2021 22:55 CDT,96808,17.25,95.4,0.545,7.4,0,101888.12
TWB14,Uvalde_2020_02,29.60214,-99.73007,436.7784,6/28/21,p,2021,04/15/2021 23:00 CDT,96803,17.27,95.4,0.355,7.4,0,101882.14
TWB14,Uvalde_2020_02,29.60214,-99.73007,436.7784,6/28/21,p,2021,04/15/2021 23:05 CDT,96794,17.28,95.4,0.69,7.4,0,101872.31
TWB14,Uvalde_2020_02,29.60214,-99.73007,436.7784,6/28/21,p,2021,04/15/2021 23:10 CDT,96791,17.29,95.5,0.825,7.4,0,101869.15
TWB14,Uvalde_2020_02,29.60214,-99.73007,436.7784,6/28/21,p,2021,04/15/2021 23:15 CDT,96790,17.32,95.4,0.99,7.4,0,101867.57
TWB14,Uvalde_2020_02,29.60214,-99.73007,436.7784,6/28/21,p,2021,04/15/2021 23:20 CDT,96791,17.35,95.4,0.805,7.4,0,101868.08
TWB14,Uvalde_2020_02,29.60214,-99.73007,436.7784,6/28/21,p,2021,04/15/2021 23:25 CDT,96790,17.36,95.4,0.635,7.4,0,101866.67
TWB14,Uvalde_2020_02,29.60214,-99.73007,436.7784,6/28/21,p,2021,04/15/2021 23:30 CDT,96779,17.38,95.3,1.135,7.4,0,101854.74
TWB14,Uvalde_2020_02,29.60214,-99.73007,436.7784,6/28/21,p,2021,04/15/2021 23:35 CDT,96776,17.39,95.2,1.01,7.4,0,101851.4
TWB14,Uvalde_2020_02,29.60214,-99.73007,436.7784,6/28/21,p,2021,04/15/2021 23:40 CDT,96778,17.4,95.2,1.25,7.4,0,101853.33
TWB14,Uvalde_2020_02,29.60214,-99.73007,436.7784,6/28/21,p,2021,04/15/2021 23:45 CDT,96788,17.42,95.1,0.885,7.4,0,101863.67
TWB14,Uvalde_2020_02,29.60214,-99.73007,436.7784,6/28/21,p,2021,04/15/2021 23:50 CDT,96779,17.45,95,1.04,7.4,0,101854.02
TWB14,Uvalde_2020_02,29.60214,-99.73007,436.7784,6/28/21,p,2021,04/15/2021 23:55 CDT,96771,17.48,94.9,1.41,7.4,0,101844.89
TWB14,Uvalde_2020_02,29.60214,-99.73007,436.7784,6/28/21,p,2021,04/16/2021 00:00 CDT,96764,17.5,94.9,0.59,7.4,0,101837.17
TWB14,Uvalde_2020_02,29.60214,-99.73007,436.7784,6/28/21,p,2021,04/16/2021 00:05 CDT,96772,17.54,94.6,1.255,7.4,0,101844.7
TWB14,Uvalde_2020_02,29.60214,-99.73007,436.7784,6/28/21,p,2021,04/16/2021 00:10 CDT,96767,17.56,94.4,1.43,7.4,0,101839.26
TWB14,Uvalde_2020_02,29.60214,-99.73007,436.7784,6/28/21,p,2021,04/16/2021 00:15 CDT,96758,17.58,94.4,0.87,7.4,0,101829.43
TWB14,Uvalde_2020_02,29.60214,-99.73007,436.7784,6/28/21,p,2021,04/16/2021 00:20 CDT,96750,17.6,94.5,1.225,7.4,0,101820.47
TWB14,Uvalde_2020_02,29.60214,-99.73007,436.7784,6/28/21,p,2021,04/16/2021 00:25 CDT,96748,17.62,94.4,1.24,7.4,0,101818.01
TWB14,Uvalde_2020_02,29.60214,-99.73007,436.7784,6/28/21,p,2021,04/16/2021 00:30 CDT,96738,17.65,94.5,1.435,7.4,0,101806.95
TWB14,Uvalde_2020_02,29.60214,-99.73007,436.7784,6/28/21,p,2021,04/16/2021 00:35 CDT,96731,17.68,94.4,1.61,7.4,0,101798.87
TWB14,Uvalde_2020_02,29.60214,-99.73007,436.7784,6/28/21,p,2021,04/16/2021 00:40 CDT,96724,17.69,94.4,1.19,7.4,0,101791.51
TWB14,Uvalde_2020_02,29.60214,-99.73007,436.7784,6/28/21,p,2021,04/16/2021 00:45 CDT,96709,17.71,94.4,1.2,7.4,0,101775.54
TWB14,Uvalde_2020_02,29.60214,-99.73007,436.7784,6/28/21,p,2021,04/16/2021 00:50 CDT,96691,17.75,94.5,1.55,7.4,0,101755.71
TWB14,Uvalde_2020_02,29.60214,-99.73007,436.7784,6/28/21,p,2021,04/16/2021 00:55 CDT,96682,17.76,94.5,1.125,7.4,0,101746.06
TWB14,Uvalde_2020_02,29.60214,-99.73007,436.7784,6/28/21,p,2021,04/16/2021 01:00 CDT,96686,17.8,94.6,1.165,7.4,0,101749.55
TWB14,Uvalde_2020_02,29.60214,-99.73007,436.7784,6/28/21,p,2021,04/16/2021 01:05 CDT,96681,17.85,94.6,1.52,7.4,0,101743.58
TWB14,Uvalde_2020_02,29.60214,-99.73007,436.7784,6/28/21,p,2021,04/16/2021 01:10 CDT,96690,17.9,94.5,1.04,7.4,0,101751.98
TWB14,Uvalde_2020_02,29.60214,-99.73007,436.7784,6/28/21,p,2021,04/16/2021 01:15 CDT,96686,17.95,94.4,1.125,7.4,0,101746.71
TWB14,Uvalde_2020_02,29.60214,-99.73007,436.7784,6/28/21,p,2021,04/16/2021 01:20 CDT,96682,17.99,94.6,1.765,7.4,0,101742.32
TWB14,Uvalde_2020_02,29.60214,-99.73007,436.7784,6/28/21,p,2021,04/16/2021 01:25 CDT,96673,18.03,94.5,1.92,7.4,0,101731.96
TWB14,Uvalde_2020_02,29.60214,-99.73007,436.7784,6/28/21,p,2021,04/16/2021 01:30 CDT,96668,18.01,94.5,0.98,7.4,0,101726.52
TWB14,Uvalde_2020_02,29.60214,-99.73007,436.7784,6/28/21,p,2021,04/16/2021 01:35 CDT,96660,18.01,94.6,1.43,7.4,0,101718.1
TWB14,Uvalde_2020_02,29.60214,-99.73007,436.7784,6/28/21,p,2021,04/16/2021 01:40 CDT,96660,17.99,94.6,1.515,7.4,0,101718.28
TWB14,Uvalde_2020_02,29.60214,-99.73007,436.7784,6/28/21,p,2021,04/16/2021 01:45 CDT,96655,17.96,94.7,0.86,7.4,0,101713.55
TWB14,Uvalde_2020_02,29.60214,-99.73007,436.7784,6/28/21,p,2021,04/16/2021 01:50 CDT,96653,17.95,94.8,1.055,7.4,0,101711.45
TWB14,Uvalde_2020_02,29.60214,-99.73007,436.7784,6/28/21,p,2021,04/16/2021 01:55 CDT,96653,17.91,95,0.59,7.4,0,101711.98
TWB14,Uvalde_2020_02,29.60214,-99.73007,436.7784,6/28/21,p,2021,04/16/2021 02:00 CDT,96651,17.9,95.1,1.06,7.4,0,101709.87
TWB14,Uvalde_2020_02,29.60214,-99.73007,436.7784,6/28/21,p,2021,04/16/2021 02:05 CDT,96652,17.9,95.4,1.135,7.4,0,101710.92
TWB14,Uvalde_2020_02,29.60214,-99.73007,436.7784,6/28/21,p,2021,04/16/2021 02:10 CDT,96652,17.89,95.5,1.04,7.4,0,101710.92
TWB14,Uvalde_2020_02,29.60214,-99.73007,436.7784,6/28/21,p,2021,04/16/2021 02:15 CDT,96645,17.86,95.7,1.43,7.4,0,101704.09
TWB14,Uvalde_2020_02,29.60214,-99.73007,436.7784,6/28/21,p,2021,04/16/2021 02:20 CDT,96640,17.84,95.9,1.175,7.4,0,101699.18
TWB14,Uvalde_2020_02,29.60214,-99.73007,436.7784,6/28/21,p,2021,04/16/2021 02:25 CDT,96638,17.83,96.1,1.465,7.4,0,101697.25
TWB14,Uvalde_2020_02,29.60214,-99.73007,436.7784,6/28/21,p,2021,04/16/2021 02:30 CDT,96638,17.82,96.4,1.96,7.4,0,101697.61
TWB14,Uvalde_2020_02,29.60214,-99.73007,436.7784,6/28/21,p,2021,04/16/2021 02:35 CDT,96628,17.8,96.5,1.25,7.4,0,101687.44
TWB14,Uvalde_2020_02,29.60214,-99.73007,436.7784,6/28/21,p,2021,04/16/2021 02:40 CDT,96624,17.79,96.7,1.165,7.4,0,101683.41
TWB14,Uvalde_2020_02,29.60214,-99.73007,436.7784,6/28/21,p,2021,04/16/2021 02:45 CDT,96614,17.78,96.9,1.44,7.4,0,101673.06
TWB14,Uvalde_2020_02,29.60214,-99.73007,436.7784,6/28/21,p,2021,04/16/2021 02:50 CDT,96611,17.77,97,1.63,7.4,0,101670.26
TWB14,Uvalde_2020_02,29.60214,-99.73007,436.7784,6/28/21,p,2021,04/16/2021 02:55 CDT,96616,17.78,97.1,1.205,7.4,0,101675.34
TWB14,Uvalde_2020_02,29.60214,-99.73007,436.7784,6/28/21,p,2021,04/16/2021 03:00 CDT,96616,17.78,97.1,1.11,7.4,0,101675.16
TWB14,Uvalde_2020_02,29.60214,-99.73007,436.7784,6/28/21,p,2021,04/16/2021 03:05 CDT,96611,17.78,97.3,1.155,7.4,0,101669.72
TWB14,Uvalde_2020_02,29.60214,-99.73007,436.7784,6/28/21,p,2021,04/16/2021 03:10 CDT,96598,17.77,97.3,1.24,7.4,0,101656.4
TWB14,Uvalde_2020_02,29.60214,-99.73007,436.7784,6/28/21,p,2021,04/16/2021 03:15 CDT,96588,17.79,97.5,1.425,7.4,0,101645.69
TWB14,Uvalde_2020_02,29.60214,-99.73007,436.7784,6/28/21,p,2021,04/16/2021 03:20 CDT,96585,17.81,97.7,1.27,7.4,0,101642.36
TWB14,Uvalde_2020_02,29.60214,-99.73007,436.7784,6/28/21,p,2021,04/16/2021 03:25 CDT,96578,17.83,97.7,1.59,7.4,0,101634.46
TWB14,Uvalde_2020_02,29.60214,-99.73007,436.7784,6/28/21,p,2021,04/16/2021 03:30 CDT,96571,17.85,97.8,1.17,7.4,0,101626.91
TWB14,Uvalde_2020_02,29.60214,-99.73007,436.7784,6/28/21,p,2021,04/16/2021 03:35 CDT,96572,17.86,97.8,1.405,7.4,0,101627.61
TWB14,Uvalde_2020_02,29.60214,-99.73007,436.7784,6/28/21,p,2021,04/16/2021 03:40 CDT,96567,17.86,97.9,1.505,7.4,0,101622.35
TWB14,Uvalde_2020_02,29.60214,-99.73007,436.7784,6/28/21,p,2021,04/16/2021 03:45 CDT,96558,17.87,97.9,1.71,7.4,0,101612.88
TWB14,Uvalde_2020_02,29.60214,-99.73007,436.7784,6/28/21,p,2021,04/16/2021 03:50 CDT,96551,17.88,98,1.56,7.4,0,101605.33
TWB14,Uvalde_2020_02,29.60214,-99.73007,436.7784,6/28/21,p,2021,04/16/2021 03:55 CDT,96537,17.89,98,1.285,7.4,0,101590.07
TWB14,Uvalde_2020_02,29.60214,-99.73007,436.7784,6/28/21,p,2021,04/16/2021 04:00 CDT,96531,17.88,98,1.97,7.4,0,101584.28
TWB14,Uvalde_2020_02,29.60214,-99.73007,436.7784,6/28/21,p,2021,04/16/2021 04:05 CDT,96531,17.87,98.1,1.77,7.4,0,101584.46
TWB14,Uvalde_2020_02,29.60214,-99.73007,436.7784,6/28/21,p,2021,04/16/2021 04:10 CDT,96531,17.87,98.1,1.625,7.4,0,101584.46
TWB14,Uvalde_2020_02,29.60214,-99.73007,436.7784,6/28/21,p,2021,04/16/2021 04:15 CDT,96531,17.85,98.1,1.54,7.4,0,101584.82
TWB14,Uvalde_2020_02,29.60214,-99.73007,436.7784,6/28/21,p,2021,04/16/2021 04:20 CDT,96531,17.86,98.1,1.27,7.4,0,101584.64
TWB14,Uvalde_2020_02,29.60214,-99.73007,436.7784,6/28/21,p,2021,04/16/2021 04:25 CDT,96522,17.85,98.1,1.56,7.4,0,101575.35
TWB14,Uvalde_2020_02,29.60214,-99.73007,436.7784,6/28/21,p,2021,04/16/2021 04:30 CDT,96516,17.86,98.3,1.55,7.4,0,101569.03
TWB14,Uvalde_2020_02,29.60214,-99.73007,436.7784,6/28/21,p,2021,04/16/2021 04:35 CDT,96511,17.87,98.3,1.675,7.4,0,101563.59
TWB14,Uvalde_2020_02,29.60214,-99.73007,436.7784,6/28/21,p,2021,04/16/2021 04:40 CDT,96503,17.89,98.3,1.49,7.4,0,101554.82
TWB14,Uvalde_2020_02,29.60214,-99.73007,436.7784,6/28/21,p,2021,04/16/2021 04:45 CDT,96502,17.91,98.3,1.485,7.4,0,101553.23
TWB14,Uvalde_2020_02,29.60214,-99.73007,436.7784,6/28/21,p,2021,04/16/2021 04:50 CDT,96503,17.92,98.4,1.85,7.4,0,101554.28
TWB14,Uvalde_2020_02,29.60214,-99.73007,436.7784,6/28/21,p,2021,04/16/2021 04:55 CDT,96504,17.92,98.4,1.615,7.4,0,101555.34
TWB14,Uvalde_2020_02,29.60214,-99.73007,436.7784,6/28/21,p,2021,04/16/2021 05:00 CDT,96503,17.93,98.5,0.97,7.4,0,101554.28
TWB14,Uvalde_2020_02,29.60214,-99.73007,436.7784,6/28/21,p,2021,04/16/2021 05:05 CDT,96500,17.92,98.5,0.98,7.4,0,101551.13
TWB14,Uvalde_2020_02,29.60214,-99.73007,436.7784,6/28/21,p,2021,04/16/2021 05:10 CDT,96489,17.92,98.5,1.485,7.4,0,101539.37
TWB14,Uvalde_2020_02,29.60214,-99.73007,436.7784,6/28/21,p,2021,04/16/2021 05:15 CDT,96483,17.92,98.5,1.62,7.4,0,101533.24
TWB14,Uvalde_2020_02,29.60214,-99.73007,436.7784,6/28/21,p,2021,04/16/2021 05:20 CDT,96482,17.93,98.5,1.59,7.4,0,101532.01
TWB14,Uvalde_2020_02,29.60214,-99.73007,436.7784,6/28/21,p,2021,04/16/2021 05:25 CDT,96480,17.93,98.6,1.34,7.4,0,101529.9
TWB14,Uvalde_2020_02,29.60214,-99.73007,436.7784,6/28/21,p,2021,04/16/2021 05:30 CDT,96476,17.93,98.6,1.585,7.4,0,101525.69
TWB14,Uvalde_2020_02,29.60214,-99.73007,436.7784,6/28/21,p,2021,04/16/2021 05:35 CDT,96475,17.93,98.6,1.45,7.4,0,101524.64
TWB14,Uvalde_2020_02,29.60214,-99.73007,436.7784,6/28/21,p,2021,04/16/2021 05:40 CDT,96475,17.93,98.6,1.67,7.4,0,101524.64
TWB14,Uvalde_2020_02,29.60214,-99.73007,436.7784,6/28/21,p,2021,04/16/2021 05:45 CDT,96464,17.93,98.6,0.975,7.4,0,101513.06
TWB14,Uvalde_2020_02,29.60214,-99.73007,436.7784,6/28/21,p,2021,04/16/2021 05:50 CDT,96470,17.94,98.7,1.175,7.4,0,101519.38
TWB14,Uvalde_2020_02,29.60214,-99.73007,436.7784,6/28/21,p,2021,04/16/2021 05:55 CDT,96473,17.96,98.7,1,7.4,0,101522.18
TWB14,Uvalde_2020_02,29.60214,-99.73007,436.7784,6/28/21,p,2021,04/16/2021 06:00 CDT,96465,17.99,98.7,0.98,7.4,0,101513.23
TWB14,Uvalde_2020_02,29.60214,-99.73007,436.7784,6/28/21,p,2021,04/16/2021 06:05 CDT,96470,18.01,98.7,0.985,7.4,0,101518.14
TWB14,Uvalde_2020_02,29.60214,-99.73007,436.7784,6/28/21,p,2021,04/16/2021 06:10 CDT,96476,18.02,98.7,1.03,7.4,0,101523.92
TWB14,Uvalde_2020_02,29.60214,-99.73007,436.7784,6/28/21,p,2021,04/16/2021 06:15 CDT,96474,18.03,98.7,0.645,7.4,0,101521.64
TWB14,Uvalde_2020_02,29.60214,-99.73007,436.7784,6/28/21,p,2021,04/16/2021 06:20 CDT,96470,18.04,98.7,1.04,7.4,0,101517.07
TWB14,Uvalde_2020_02,29.60214,-99.73007,436.7784,6/28/21,p,2021,04/16/2021 06:25 CDT,96459,18.04,98.7,1.41,7.4,0,101505.5
TWB14,Uvalde_2020_02,29.60214,-99.73007,436.7784,6/28/21,p,2021,04/16/2021 06:30 CDT,96449,18.04,98.7,1.405,7.4,0,101494.97
TWB14,Uvalde_2020_02,29.60214,-99.73007,436.7784,6/28/21,p,2021,04/16/2021 06:35 CDT,96455,18.06,98.8,1.405,7.4,0,101501.29
TWB14,Uvalde_2020_02,29.60214,-99.73007,436.7784,6/28/21,p,2021,04/16/2021 06:40 CDT,96448,18.09,98.9,1.545,7.4,0,101493.56
TWB14,Uvalde_2020_02,29.60214,-99.73007,436.7784,6/28/21,p,2021,04/16/2021 06:45 CDT,96451,18.16,98.9,1.865,7.4,0,101495.66
TWB14,Uvalde_2020_02,29.60214,-99.73007,436.7784,6/28/21,p,2021,04/16/2021 06:50 CDT,96462,18.2,98.9,1.365,7.4,0,101506.35
TWB14,Uvalde_2020_02,29.60214,-99.73007,436.7784,6/28/21,p,2021,04/16/2021 06:55 CDT,96465,18.21,98.9,1.655,7.4,0,101509.5
TWB14,Uvalde_2020_02,29.60214,-99.73007,436.7784,6/28/21,p,2021,04/16/2021 07:00 CDT,96472,18.23,98.9,1.93,7.4,0,101516.52
TWB14,Uvalde_2020_02,29.60214,-99.73007,436.7784,6/28/21,p,2021,04/16/2021 07:05 CDT,96475,18.25,99,1.305,7.4,0,101519.32
TWB14,Uvalde_2020_02,29.60214,-99.73007,436.7784,6/28/21,p,2021,04/16/2021 07:10 CDT,96475,18.27,98.9,0.94,7.4,0,101518.79
TWB14,Uvalde_2020_02,29.60214,-99.73007,436.7784,6/28/21,p,2021,04/16/2021 07:15 CDT,96475,18.26,98.9,1.025,7.4,0.22,101518.79
TWB14,Uvalde_2020_02,29.60214,-99.73007,436.7784,6/28/21,p,2021,04/16/2021 07:20 CDT,96489,18.26,98.9,0.335,7.4,0.31,101533.52
TWB14,Uvalde_2020_02,29.60214,-99.73007,436.7784,6/28/21,p,2021,04/16/2021 07:25 CDT,96501,18.29,99,1.015,7.4,0.61,101545.62
TWB14,Uvalde_2020_02,29.60214,-99.73007,436.7784,6/28/21,p,2021,04/16/2021 07:30 CDT,96505,18.33,99,0.435,7.4,1.15,101549.12
TWB14,Uvalde_2020_02,29.60214,-99.73007,436.7784,6/28/21,p,2021,04/16/2021 07:35 CDT,96520,18.36,99,0.3,7.4,1.45,101564.37
TWB14,Uvalde_2020_02,29.60214,-99.73007,436.7784,6/28/21,p,2021,04/16/2021 07:40 CDT,96536,18.37,99,0.08,7.4,1.84,101580.67
TWB14,Uvalde_2020_02,29.60214,-99.73007,436.7784,6/28/21,p,2021,04/16/2021 07:45 CDT,96558,18.39,98.9,0.02,7.4,2.53,101603.47
TWB14,Uvalde_2020_02,29.60214,-99.73007,436.7784,6/28/21,p,2021,04/16/2021 07:50 CDT,96572,18.4,98.9,0.025,7.4,3.82,101618.03
TWB14,Uvalde_2020_02,29.60214,-99.73007,436.7784,6/28/21,p,2021,04/16/2021 07:55 CDT,96580,18.42,98.9,0,7.4,4.54,101625.91
TWB14,Uvalde_2020_02,29.60214,-99.73007,436.7784,6/28/21,p,2021,04/16/2021 08:00 CDT,96588,18.43,98.9,0,7.4,6.33,101634.15
TWB14,Uvalde_2020_02,29.60214,-99.73007,436.7784,6/28/21,p,2021,04/16/2021 08:05 CDT,96589,18.43,98.9,0.305,7.4,10.43,101635.21
TWB14,Uvalde_2020_02,29.60214,-99.73007,436.7784,6/28/21,p,2021,04/16/2021 08:10 CDT,96581,18.45,98.9,0.255,7.4,8.78,101626.79
TWB14,Uvalde_2020_02,29.60214,-99.73007,436.7784,6/28/21,p,2021,04/16/2021 08:15 CDT,96579,18.47,99,0.55,7.4,7.98,101624.15
TWB14,Uvalde_2020_02,29.60214,-99.73007,436.7784,6/28/21,p,2021,04/16/2021 08:20 CDT,96579,18.48,99,0.55,7.4,8.55,101623.97
TWB14,Uvalde_2020_02,29.60214,-99.73007,436.7784,6/28/21,p,2021,04/16/2021 08:25 CDT,96568,18.5,99,0.47,7.4,8.7,101612.05
TWB14,Uvalde_2020_02,29.60214,-99.73007,436.7784,6/28/21,p,2021,04/16/2021 08:30 CDT,96567,18.51,98.9,0.635,7.4,7.81,101610.99
TWB14,Uvalde_2020_02,29.60214,-99.73007,436.7784,6/28/21,p,2021,04/16/2021 08:35 CDT,96564,18.53,99,0.89,7.4,6.14,101607.31
TWB14,Uvalde_2020_02,29.60214,-99.73007,436.7784,6/28/21,p,2021,04/16/2021 08:40 CDT,96565,18.56,99.1,0.73,7.4,11.31,101607.65
TWB14,Uvalde_2020_02,29.60214,-99.73007,436.7784,6/28/21,p,2021,04/16/2021 08:45 CDT,96563,18.56,98.9,0.485,7.4,18.97,101605.55
TWB14,Uvalde_2020_02,29.60214,-99.73007,436.7784,6/28/21,p,2021,04/16/2021 08:50 CDT,96555,18.58,98.9,0.255,7.4,19.85,101596.95
TWB14,Uvalde_2020_02,29.60214,-99.73007,436.7784,6/28/21,p,2021,04/16/2021 08:55 CDT,96551,18.57,99,0.235,7.4,17.98,101592.57
TWB14,Uvalde_2020_02,29.60214,-99.73007,436.7784,6/28/21,p,2021,04/16/2021 09:00 CDT,96551,18.6,98.9,0.425,7.4,25.71,101591.86
TWB14,Uvalde_2020_02,29.60214,-99.73007,436.7784,6/28/21,p,2021,04/16/2021 09:05 CDT,96556,18.64,98.9,0.46,7.4,29.84,101596.24
TWB14,Uvalde_2020_02,29.60214,-99.73007,436.7784,6/28/21,p,2021,04/16/2021 09:10 CDT,96549,18.67,98.9,0.01,7.4,24.8,101588.52
TWB14,Uvalde_2020_02,29.60214,-99.73007,436.7784,6/28/21,p,2021,04/16/2021 09:15 CDT,96546,18.69,98.9,0.095,7.4,33.52,101585.36
TWB14,Uvalde_2020_02,29.60214,-99.73007,436.7784,6/28/21,p,2021,04/16/2021 09:20 CDT,96537,18.7,99,0.195,7.4,39.39,101575.72
TWB14,Uvalde_2020_02,29.60214,-99.73007,436.7784,6/28/21,p,2021,04/16/2021 09:25 CDT,96536,18.8,99,0.13,7.4,51.24,101572.72
TWB14,Uvalde_2020_02,29.60214,-99.73007,436.7784,6/28/21,p,2021,04/16/2021 09:30 CDT,96538,18.9,99,0.515,7.4,56.7,101573.06
TWB14,Uvalde_2020_02,29.60214,-99.73007,436.7784,6/28/21,p,2021,04/16/2021 09:35 CDT,96544,19.06,99.3,0.03,7.4,74.82,101577.26
TWB14,Uvalde_2020_02,29.60214,-99.73007,436.7784,6/28/21,p,2021,04/16/2021 09:40 CDT,96535,19.23,99.1,0.2,7.4,69.25,101564.44
TWB14,Uvalde_2020_02,29.60214,-99.73007,436.7784,6/28/21,p,2021,04/16/2021 09:45 CDT,96528,19.26,99,0.58,7.4,66.58,101555.85
TWB14,Uvalde_2020_02,29.60214,-99.73007,436.7784,6/28/21,p,2021,04/16/2021 09:50 CDT,96525,19.36,99.2,0.575,7.4,102.66,101550.93
TWB14,Uvalde_2020_02,29.60214,-99.73007,436.7784,6/28/21,p,2021,04/16/2021 09:55 CDT,96522,19.37,99,1.025,7.4,130.93,101545.85
TWB14,Uvalde_2020_02,29.60214,-99.73007,436.7784,6/28/21,p,2021,04/16/2021 10:00 CDT,96520,19.42,98.4,0.885,7.4,91.49,101543.22
TWB14,Uvalde_2020_02,29.60214,-99.73007,436.7784,6/28/21,p,2021,04/16/2021 10:05 CDT,96514,19.5,99,0.265,7.4,110.83,101536.55
TWB14,Uvalde_2020_02,29.60214,-99.73007,436.7784,6/28/21,p,2021,04/16/2021 10:10 CDT,96511,19.59,98.7,0.755,7.4,77.12,101531.29
TWB14,Uvalde_2020_02,29.60214,-99.73007,436.7784,6/28/21,p,2021,04/16/2021 10:15 CDT,96510,19.53,98.5,1.04,7.4,69.08,101531.29
TWB14,Uvalde_2020_02,29.60214,-99.73007,436.7784,6/28/21,p,2021,04/16/2021 10:20 CDT,96510,19.61,98.7,0.49,7.4,83.95,101530.77
TWB14,Uvalde_2020_02,29.60214,-99.73007,436.7784,6/28/21,p,2021,04/16/2021 10:25 CDT,96496,19.71,98.7,0.495,7.4,80.92,101513.93
TWB14,Uvalde_2020_02,29.60214,-99.73007,436.7784,6/28/21,p,2021,04/16/2021 10:30 CDT,96489,19.69,98.6,1.07,7.4,88.15,101506.92
TWB14,Uvalde_2020_02,29.60214,-99.73007,436.7784,6/28/21,p,2021,04/16/2021 10:35 CDT,96496,19.71,98,0.7,7.4,38.61,101513.94
TWB14,Uvalde_2020_02,29.60214,-99.73007,436.7784,6/28/21,p,2021,04/16/2021 10:40 CDT,96508,19.6,98,1.095,7.4,63.72,101528.14
TWB14,Uvalde_2020_02,29.60214,-99.73007,436.7784,6/28/21,p,2021,04/16/2021 10:45 CDT,96515,19.63,97.9,0.955,7.4,75.46,101536.03
TWB14,Uvalde_2020_02,29.60214,-99.73007,436.7784,6/28/21,p,2021,04/16/2021 10:50 CDT,96517,19.65,98,0.675,7.4,91.04,101537.43
TWB14,Uvalde_2020_02,29.60214,-99.73007,436.7784,6/28/21,p,2021,04/16/2021 10:55 CDT,96514,19.71,98.3,0.905,7.4,112.4,101533.22
TWB14,Uvalde_2020_02,29.60214,-99.73007,436.7784,6/28/21,p,2021,04/16/2021 11:00 CDT,96502,19.78,98.1,1.21,7.4,109.76,101519.2
TWB14,Uvalde_2020_02,29.60214,-99.73007,436.7784,6/28/21,p,2021,04/16/2021 11:05 CDT,96485,19.78,98.4,1.15,7.4,116.33,101501.84
TWB14,Uvalde_2020_02,29.60214,-99.73007,436.7784,6/28/21,p,2021,04/16/2021 11:10 CDT,96477,19.93,97.9,1.165,7.4,149.67,101490.45
TWB14,Uvalde_2020_02,29.60214,-99.73007,436.7784,6/28/21,p,2021,04/16/2021 11:15 CDT,96481,19.93,97.8,1.37,7.4,124.45,101494.13
TWB14,Uvalde_2020_02,29.60214,-99.73007,436.7784,6/28/21,p,2021,04/16/2021 11:20 CDT,96482,19.93,97.7,1.305,7.4,115.66,101495.71
TWB14,Uvalde_2020_02,29.60214,-99.73007,436.7784,6/28/21,p,2021,04/16/2021 11:25 CDT,96468,19.9,97.6,1.175,7.4,69.39,101480.98
TWB14,Uvalde_2020_02,29.60214,-99.73007,436.7784,6/28/21,p,2021,04/16/2021 11:30 CDT,96464,19.92,98.2,0.48,7.4,62.14,101476.95
TWB14,Uvalde_2020_02,29.60214,-99.73007,436.7784,6/28/21,p,2021,04/16/2021 11:35 CDT,96476,20.01,97.9,0.855,7.4,125.31,101487.65
TWB14,Uvalde_2020_02,29.60214,-99.73007,436.7784,6/28/21,p,2021,04/16/2021 11:40 CDT,96485,20.1,97.5,0.57,7.4,116.58,101495.72
TWB14,Uvalde_2020_02,29.60214,-99.73007,436.7784,6/28/21,p,2021,04/16/2021 11:45 CDT,96490,20.15,97.9,0.665,7.4,121.92,101500.28
TWB14,Uvalde_2020_02,29.60214,-99.73007,436.7784,6/28/21,p,2021,04/16/2021 11:50 CDT,96487,20.19,97.5,0.9,7.4,107.24,101495.55
TWB14,Uvalde_2020_02,29.60214,-99.73007,436.7784,6/28/21,p,2021,04/16/2021 11:55 CDT,96473,20.2,97.4,0.73,7.4,74.34,101480.65
TWB14,Uvalde_2020_02,29.60214,-99.73007,436.7784,6/28/21,p,2021,04/16/2021 12:00 CDT,96465,20.19,97.4,0.715,7.4,103.31,101472.06
TWB14,Uvalde_2020_02,29.60214,-99.73007,436.7784,6/28/21,p,2021,04/16/2021 12:05 CDT,96471,20.23,97.2,0.44,7.4,86.32,101478.37
TWB14,Uvalde_2020_02,29.60214,-99.73007,436.7784,6/28/21,p,2021,04/16/2021 12:10 CDT,96461,20.26,97.1,0.285,7.4,93.89,101467.68
TWB14,Uvalde_2020_02,29.60214,-99.73007,436.7784,6/28/21,p,2021,04/16/2021 12:15 CDT,96460,20.4,97.1,0.34,7.4,132.27,101465.23
TWB14,Uvalde_2020_02,29.60214,-99.73007,436.7784,6/28/21,p,2021,04/16/2021 12:20 CDT,96457,20.47,97.2,0.61,7.4,177.83,101459.81
TWB14,Uvalde_2020_02,29.60214,-99.73007,436.7784,6/28/21,p,2021,04/16/2021 12:25 CDT,96458,20.59,96.9,0.715,7.4,164.74,101459.65
TWB14,Uvalde_2020_02,29.60214,-99.73007,436.7784,6/28/21,p,2021,04/16/2021 12:30 CDT,96462,20.77,96.7,0.36,7.4,193.73,101461.24
TWB14,Uvalde_2020_02,29.60214,-99.73007,436.7784,6/28/21,p,2021,04/16/2021 12:35 CDT,96461,20.8,95.3,0.735,7.4,165.67,101458.29
TWB14,Uvalde_2020_02,29.60214,-99.73007,436.7784,6/28/21,p,2021,04/16/2021 12:40 CDT,96466,20.87,95.8,0.54,7.4,207.45,101463.54
TWB14,Uvalde_2020_02,29.60214,-99.73007,436.7784,6/28/21,p,2021,04/16/2021 12:45 CDT,96464,20.94,95,0.565,7.4,237.37,101460.05
TWB14,Uvalde_2020_02,29.60214,-99.73007,436.7784,6/28/21,p,2021,04/16/2021 12:50 CDT,96456,21.05,94.2,0.195,7.4,195.28,101449.73
TWB14,Uvalde_2020_02,29.60214,-99.73007,436.7784,6/28/21,p,2021,04/16/2021 12:55 CDT,96455,21.13,94.8,0.205,7.4,278.16,101448.33
TWB14,Uvalde_2020_02,29.60214,-99.73007,436.7784,6/28/21,p,2021,04/16/2021 13:00 CDT,96455,21.4,93.4,0.48,7.4,275.5,101444.35
TWB14,Uvalde_2020_02,29.60214,-99.73007,436.7784,6/28/21,p,2021,04/16/2021 13:05 CDT,96455,21.59,94,0.28,7.4,257.81,101441.92
TWB14,Uvalde_2020_02,29.60214,-99.73007,436.7784,6/28/21,p,2021,04/16/2021 13:10 CDT,96446,21.8,91.7,0.385,7.4,376.41,101427.45
TWB14,Uvalde_2020_02,29.60214,-99.73007,436.7784,6/28/21,p,2021,04/16/2021 13:15 CDT,96434,22.22,90.8,0.14,7.4,401.92,101409.49
TWB14,Uvalde_2020_02,29.60214,-99.73007,436.7784,6/28/21,p,2021,04/16/2021 13:20 CDT,96432,22.6,88.5,0.335,7.4,306.05,101400.52
TWB14,Uvalde_2020_02,29.60214,-99.73007,436.7784,6/28/21,p,2021,04/16/2021 13:25 CDT,96438,22.6,87.5,0.485,7.4,287.25,101403.91
TWB14,Uvalde_2020_02,29.60214,-99.73007,436.7784,6/28/21,p,2021,04/16/2021 13:30 CDT,96437,22.5,86.1,0.76,7.4,190.19,101401.33
TWB14,Uvalde_2020_02,29.60214,-99.73007,436.7784,6/28/21,p,2021,04/16/2021 13:35 CDT,96443,22.39,87.3,1.275,7.4,171.92,101408.48
TWB14,Uvalde_2020_02,29.60214,-99.73007,436.7784,6/28/21,p,2021,04/16/2021 13:40 CDT,96443,22.24,88.1,1.12,7.4,284.53,101410.54
TWB14,Uvalde_2020_02,29.60214,-99.73007,436.7784,6/28/21,p,2021,04/16/2021 13:45 CDT,96429,22.59,85.6,1.085,7.4,480.45,101393.09
TWB14,Uvalde_2020_02,29.60214,-99.73007,436.7784,6/28/21,p,2021,04/16/2021 13:50 CDT,96417,22.76,86,0.975,7.4,319.06,101379.61
TWB14,Uvalde_2020_02,29.60214,-99.73007,436.7784,6/28/21,p,2021,04/16/2021 13:55 CDT,96413,22.75,85.3,0.865,7.4,281.38,101373.52
TWB14,Uvalde_2020_02,29.60214,-99.73007,436.7784,6/28/21,p,2021,04/16/2021 14:00 CDT,96407,23.03,85.1,0.985,7.4,523.26,101363.79
TWB14,Uvalde_2020_02,29.60214,-99.73007,436.7784,6/28/21,p,2021,04/16/2021 14:05 CDT,96411,23.57,83.5,1.05,7.4,517.27,101358.61
TWB14,Uvalde_2020_02,29.60214,-99.73007,436.7784,6/28/21,p,2021,04/16/2021 14:10 CDT,96398,23.87,81.3,1.215,7.4,769.62,101336.96
TWB14,Uvalde_2020_02,29.60214,-99.73007,436.7784,6/28/21,p,2021,04/16/2021 14:15 CDT,96384,24.7,77.68,0.74,7.4,572.73,101311.59
TWB14,Uvalde_2020_02,29.60214,-99.73007,436.7784,6/28/21,p,2021,04/16/2021 14:20 CDT,96382,24.9,78.18,0.92,7.4,692.81,101305.43
TWB14,Uvalde_2020_02,29.60214,-99.73007,436.7784,6/28/21,p,2021,04/16/2021 14:25 CDT,96378,25.04,76.79,1.005,7.4,372.41,101294.49
TWB14,Uvalde_2020_02,29.60214,-99.73007,436.7784,6/28/21,p,2021,04/16/2021 14:30 CDT,96369,24.96,76.12,0.93,7.4,619.65,101286.38
TWB14,Uvalde_2020_02,29.60214,-99.73007,436.7784,6/28/21,p,2021,04/16/2021 14:35 CDT,96359,25.18,74.63,0.995,7.4,604.44,101274.54
TWB14,Uvalde_2020_02,29.60214,-99.73007,436.7784,6/28/21,p,2021,04/16/2021 14:40 CDT,96357,25.37,70.25,1.48,7.4,540.74,101268.1
TWB14,Uvalde_2020_02,29.60214,-99.73007,436.7784,6/28/21,p,2021,04/16/2021 14:45 CDT,96365,25.27,71.93,1.09,7.4,392.37,101275.31
TWB14,Uvalde_2020_02,29.60214,-99.73007,436.7784,6/28/21,p,2021,04/16/2021 14:50 CDT,96352,25.44,72.6,0.785,7.4,322.51,101260.3
TWB14,Uvalde_2020_02,29.60214,-99.73007,436.7784,6/28/21,p,2021,04/16/2021 14:55 CDT,96343,25.77,69.77,0.645,7.4,308.37,101246.34
TWB14,Uvalde_2020_02,29.60214,-99.73007,436.7784,6/28/21,p,2021,04/16/2021 15:00 CDT,96345,25.85,69.09,1.11,7.4,255.38,101246.1
TWB14,Uvalde_2020_02,29.60214,-99.73007,436.7784,6/28/21,p,2021,04/16/2021 15:05 CDT,96341,25.57,68.89,1.72,7.4,274.85,101245.08
TWB14,Uvalde_2020_02,29.60214,-99.73007,436.7784,6/28/21,p,2021,04/16/2021 15:10 CDT,96339,25.44,69.63,1.215,7.4,250.99,101245.49
TWB14,Uvalde_2020_02,29.60214,-99.73007,436.7784,6/28/21,p,2021,04/16/2021 15:15 CDT,96336,25.66,66.96,0.655,7.4,239.01,101242.19
TWB14,Uvalde_2020_02,29.60214,-99.73007,436.7784,6/28/21,p,2021,04/16/2021 15:20 CDT,96326,25.72,68.24,0.49,7.4,235.57,101230.67
TWB14,Uvalde_2020_02,29.60214,-99.73007,436.7784,6/28/21,p,2021,04/16/2021 15:25 CDT,96320,26.1,68.04,0.355,7.4,388.89,101220.17
TWB14,Uvalde_2020_02,29.60214,-99.73007,436.7784,6/28/21,p,2021,04/16/2021 15:30 CDT,96319,26.41,66.09,0.91,7.4,345.03,101212.95
TWB14,Uvalde_2020_02,29.60214,-99.73007,436.7784,6/28/21,p,2021,04/16/2021 15:35 CDT,96321,26.2,65.31,1.5,7.4,312.88,101214.23
TWB14,Uvalde_2020_02,29.60214,-99.73007,436.7784,6/28/21,p,2021,04/16/2021 15:40 CDT,96312,26.28,63.97,1.755,7.4,376.74,101204.62
TWB14,Uvalde_2020_02,29.60214,-99.73007,436.7784,6/28/21,p,2021,04/16/2021 15:45 CDT,96300,26.43,60.23,2.125,7.4,417.81,101188.37
TWB14,Uvalde_2020_02,29.60214,-99.73007,436.7784,6/28/21,p,2021,04/16/2021 15:50 CDT,96296,26.31,61.95,2.555,7.4,297.7,101186.15
TWB14,Uvalde_2020_02,29.60214,-99.73007,436.7784,6/28/21,p,2021,04/16/2021 15:55 CDT,96291,26.26,61.58,2.26,7.4,352.87,101182.4
TWB14,Uvalde_2020_02,29.60214,-99.73007,436.7784,6/28/21,p,2021,04/16/2021 16:00 CDT,96284,26.64,59.49,1.305,7.4,366.51,101170.4
TWB14,Uvalde_2020_02,29.60214,-99.73007,436.7784,6/28/21,p,2021,04/16/2021 16:05 CDT,96281,26.78,59.72,1.61,7.4,290.22,101162.09
TWB14,Uvalde_2020_02,29.60214,-99.73007,436.7784,6/28/21,p,2021,04/16/2021 16:10 CDT,96277,26.71,58.65,1.36,7.4,293.48,101160.56
TWB14,Uvalde_2020_02,29.60214,-99.73007,436.7784,6/28/21,p,2021,04/16/2021 16:15 CDT,96280,26.72,59.79,1.935,7.4,275.3,101163.37
TWB14,Uvalde_2020_02,29.60214,-99.73007,436.7784,6/28/21,p,2021,04/16/2021 16:20 CDT,96270,26.89,57.91,1.615,7.4,255.6,101150.88
TWB14,Uvalde_2020_02,29.60214,-99.73007,436.7784,6/28/21,p,2021,04/16/2021 16:25 CDT,96272,26.93,59.08,1.525,7.4,269.86,101152.48
TWB14,Uvalde_2020_02,29.60214,-99.73007,436.7784,6/28/21,p,2021,04/16/2021 16:30 CDT,96261,27,58.07,1.655,7.4,292.71,101140.1
TWB14,Uvalde_2020_02,29.60214,-99.73007,436.7784,6/28/21,p,2021,04/16/2021 16:35 CDT,96258,27.1,56.49,1.915,7.4,315.49,101134.64
TWB14,Uvalde_2020_02,29.60214,-99.73007,436.7784,6/28/21,p,2021,04/16/2021 16:40 CDT,96257,27.11,56.86,1.925,7.4,248.79,101133.91
TWB14,Uvalde_2020_02,29.60214,-99.73007,436.7784,6/28/21,p,2021,04/16/2021 16:45 CDT,96253,27.12,56.29,1.35,7.4,384.57,101129.72
TWB14,Uvalde_2020_02,29.60214,-99.73007,436.7784,6/28/21,p,2021,04/16/2021 16:50 CDT,96248,27.53,55.65,1.645,7.4,416.29,101118.84
TWB14,Uvalde_2020_02,29.60214,-99.73007,436.7784,6/28/21,p,2021,04/16/2021 16:55 CDT,96255,27.66,54.94,1.035,7.4,236.84,101122.89
TWB14,Uvalde_2020_02,29.60214,-99.73007,436.7784,6/28/21,p,2021,04/16/2021 17:00 CDT,96258,27.68,53.43,2.055,7.4,250.82,101124.9
TWB14,Uvalde_2020_02,29.60214,-99.73007,436.7784,6/28/21,p,2021,04/16/2021 17:05 CDT,96257,27.74,54.54,1.31,7.4,289.73,101122.35
TWB14,Uvalde_2020_02,29.60214,-99.73007,436.7784,6/28/21,p,2021,04/16/2021 17:10 CDT,96250,28.17,51.37,1.185,7.4,339.41,101109.26
TWB14,Uvalde_2020_02,29.60214,-99.73007,436.7784,6/28/21,p,2021,04/16/2021 17:15 CDT,96237,28.34,49.86,1.43,7.4,222.39,101092.98
TWB14,Uvalde_2020_02,29.60214,-99.73007,436.7784,6/28/21,p,2021,04/16/2021 17:20 CDT,96238,28.22,49.69,2.205,7.4,221.76,101095.02
TWB14,Uvalde_2020_02,29.60214,-99.73007,436.7784,6/28/21,p,2021,04/16/2021 17:25 CDT,96258,28.12,54.1,2.96,7.4,139.4,101117.8
TWB14,Uvalde_2020_02,29.60214,-99.73007,436.7784,6/28/21,p,2021,04/16/2021 17:30 CDT,96275,27.29,58.64,4.555,8.565,201.18,101147.01
TWB14,Uvalde_2020_02,29.60214,-99.73007,436.7784,6/28/21,p,2021,04/16/2021 17:35 CDT,96291,26.65,60.06,4.84,8.4,244.21,101176.42
TWB14,Uvalde_2020_02,29.60214,-99.73007,436.7784,6/28/21,p,2021,04/16/2021 17:40 CDT,96308,26.36,60.83,3.315,8.4,201.3,101200.61
TWB14,Uvalde_2020_02,29.60214,-99.73007,436.7784,6/28/21,p,2021,04/16/2021 17:45 CDT,96316,26.02,61.88,3.765,8.4,222.74,101213.18
TWB14,Uvalde_2020_02,29.60214,-99.73007,436.7784,6/28/21,p,2021,04/16/2021 17:50 CDT,96331,25.49,62.69,4.055,8.4,194.48,101237.31
TWB14,Uvalde_2020_02,29.60214,-99.73007,436.7784,6/28/21,p,2021,04/16/2021 17:55 CDT,96345,24.77,63.8,3.595,8.4,151.26,101263.96
TWB14,Uvalde_2020_02,29.60214,-99.73007,436.7784,6/28/21,p,2021,04/16/2021 18:00 CDT,96363,24.09,65.79,4.525,8.985,148.7,101295.37
TWB14,Uvalde_2020_02,29.60214,-99.73007,436.7784,6/28/21,p,2021,04/16/2021 18:05 CDT,96382,23.85,65.25,3.925,8.985,143.48,101321.46
TWB14,Uvalde_2020_02,29.60214,-99.73007,436.7784,6/28/21,p,2021,04/16/2021 18:10 CDT,96394,23.48,66.39,3.925,9.735,128.24,101340.36
TWB14,Uvalde_2020_02,29.60214,-99.73007,436.7784,6/28/21,p,2021,04/16/2021 18:15 CDT,96406,23.33,66.67,4.5,8.735,107.49,101355.7
TWB14,Uvalde_2020_02,29.60214,-99.73007,436.7784,6/28/21,p,2021,04/16/2021 18:20 CDT,96419,22.89,67.07,3.86,8.735,113,101376.37
TWB14,Uvalde_2020_02,29.60214,-99.73007,436.7784,6/28/21,p,2021,04/16/2021 18:25 CDT,96436,22.73,67.75,3.81,8.735,91.04,101397.84
TWB14,Uvalde_2020_02,29.60214,-99.73007,436.7784,6/28/21,p,2021,04/16/2021 18:30 CDT,96455,22.6,68.67,3.84,8.735,73.17,101420.38
TWB14,Uvalde_2020_02,29.60214,-99.73007,436.7784,6/28/21,p,2021,04/16/2021 18:35 CDT,96466,22.42,68.8,3.515,8.735,69.97,101434.87
TWB14,Uvalde_2020_02,29.60214,-99.73007,436.7784,6/28/21,p,2021,04/16/2021 18:40 CDT,96474,22.06,69.45,4.23,8.735,64.03,101449.12
TWB14,Uvalde_2020_02,29.60214,-99.73007,436.7784,6/28/21,p,2021,04/16/2021 18:45 CDT,96484,21.85,69.04,2.7,8.735,59.33,101464.12
TWB14,Uvalde_2020_02,29.60214,-99.73007,436.7784,6/28/21,p,2021,04/16/2021 18:50 CDT,96488,21.82,68.71,2.78,8.735,61.75,101469.02
TWB14,Uvalde_2020_02,29.60214,-99.73007,436.7784,6/28/21,p,2021,04/16/2021 18:55 CDT,96514,21.67,68.71,3.61,8.735,47.92,101498.78
TWB14,Uvalde_2020_02,29.60214,-99.73007,436.7784,6/28/21,p,2021,04/16/2021 19:00 CDT,96520,21.56,68.79,2.515,8.735,57.85,101507.34
TWB14,Uvalde_2020_02,29.60214,-99.73007,436.7784,6/28/21,p,2021,04/16/2021 19:05 CDT,96518,21.51,68.38,3.09,8.735,64.48,101506.28
TWB14,Uvalde_2020_02,29.60214,-99.73007,436.7784,6/28/21,p,2021,04/16/2021 19:10 CDT,96512,21.38,68.59,4.05,8.735,60.85,101501.7
TWB14,Uvalde_2020_02,29.60214,-99.73007,436.7784,6/28/21,p,2021,04/16/2021 19:15 CDT,96514,21.34,68.56,2.705,8.15,60.87,101505.53
TWB14,Uvalde_2020_02,29.60214,-99.73007,436.7784,6/28/21,p,2021,04/16/2021 19:20 CDT,96524,21.3,68.93,3.105,8.15,50.93,101516.57
TWB14,Uvalde_2020_02,29.60214,-99.73007,436.7784,6/28/21,p,2021,04/16/2021 19:25 CDT,96541,21.2,69.64,4.145,9.23,34.44,101535.83
TWB14,Uvalde_2020_02,29.60214,-99.73007,436.7784,6/28/21,p,2021,04/16/2021 19:30 CDT,96545,21.04,70.14,3.165,8.65,20.7,101542.64
TWB14,Uvalde_2020_02,29.60214,-99.73007,436.7784,6/28/21,p,2021,04/16/2021 19:35 CDT,96551,20.64,71.56,3.06,8.65,19.68,101554.5
TWB14,Uvalde_2020_02,29.60214,-99.73007,436.7784,6/28/21,p,2021,04/16/2021 19:40 CDT,96557,20.31,71.7,3.03,8.65,20.53,101567.09
TWB14,Uvalde_2020_02,29.60214,-99.73007,436.7784,6/28/21,p,2021,04/16/2021 19:45 CDT,96565,20.08,72.58,2.665,8.65,17.96,101580.04
TWB14,Uvalde_2020_02,29.60214,-99.73007,436.7784,6/28/21,p,2021,04/16/2021 19:50 CDT,96571,19.98,72.69,2.79,8.65,13.3,101588.45
TWB14,Uvalde_2020_02,29.60214,-99.73007,436.7784,6/28/21,p,2021,04/16/2021 19:55 CDT,96581,19.82,73,3.065,8.65,10.74,101601.94
TWB14,Uvalde_2020_02,29.60214,-99.73007,436.7784,6/28/21,p,2021,04/16/2021 20:00 CDT,96594,19.61,73.54,3.7,8.65,8.51,101618.77
TWB14,Uvalde_2020_02,29.60214,-99.73007,436.7784,6/28/21,p,2021,04/16/2021 20:05 CDT,96609,19.32,72.66,3.37,8.65,5.38,101639.82
TWB14,Uvalde_2020_02,29.60214,-99.73007,436.7784,6/28/21,p,2021,04/16/2021 20:10 CDT,96622,19.06,73.34,2.675,8.65,3.48,101658.07
TWB14,Uvalde_2020_02,29.60214,-99.73007,436.7784,6/28/21,p,2021,04/16/2021 20:15 CDT,96626,18.83,73.44,3.39,8.65,2.42,101666.33
TWB14,Uvalde_2020_02,29.60214,-99.73007,436.7784,6/28/21,p,2021,04/16/2021 20:20 CDT,96630,18.68,73.67,2.825,8.65,0.95,101673.9
TWB14,Uvalde_2020_02,29.60214,-99.73007,436.7784,6/28/21,p,2021,04/16/2021 20:25 CDT,96638,18.62,73.94,2.01,8.65,0.22,101683.55
TWB14,Uvalde_2020_02,29.60214,-99.73007,436.7784,6/28/21,p,2021,04/16/2021 20:30 CDT,96657,18.5,74.18,3.18,8.65,0.4,101705.13
TWB14,Uvalde_2020_02,29.60214,-99.73007,436.7784,6/28/21,p,2021,04/16/2021 20:35 CDT,96668,18.33,74.35,2.945,8.65,0.65,101719.89
TWB14,Uvalde_2020_02,29.60214,-99.73007,436.7784,6/28/21,p,2021,04/16/2021 20:40 CDT,96674,18.26,73.75,2.495,8.65,0.5,101728.16
TWB14,Uvalde_2020_02,29.60214,-99.73007,436.7784,6/28/21,p,2021,04/16/2021 20:45 CDT,96697,18.2,73.28,2.12,8.65,0.4,101753.61
TWB14,Uvalde_2020_02,29.60214,-99.73007,436.7784,6/28/21,p,2021,04/16/2021 20:50 CDT,96705,18.13,72.94,2.595,8.65,0.08,101763.27
TWB14,Uvalde_2020_02,29.60214,-99.73007,436.7784,6/28/21,p,2021,04/16/2021 20:55 CDT,96712,18.04,72.4,3.525,8.9,0.02,101772.59
TWB14,Uvalde_2020_02,29.60214,-99.73007,436.7784,6/28/21,p,2021,04/16/2021 21:00 CDT,96726,17.99,72.47,3.205,7.9,0,101788.39
TWB14,Uvalde_2020_02,29.60214,-99.73007,436.7784,6/28/21,p,2021,04/16/2021 21:05 CDT,96732,17.94,72.71,3.01,7.9,0,101795.59
TWB14,Uvalde_2020_02,29.60214,-99.73007,436.7784,6/28/21,p,2021,04/16/2021 21:10 CDT,96738,17.9,72.95,2.5,7.9,0,101802.26
TWB14,Uvalde_2020_02,29.60214,-99.73007,436.7784,6/28/21,p,2021,04/16/2021 21:15 CDT,96738,17.84,72.95,2.37,7.9,0,101803.33
TWB14,Uvalde_2020_02,29.60214,-99.73007,436.7784,6/28/21,p,2021,04/16/2021 21:20 CDT,96749,17.76,72.89,3.37,7.9,0,101816.33
TWB14,Uvalde_2020_02,29.60214,-99.73007,436.7784,6/28/21,p,2021,04/16/2021 21:25 CDT,96757,17.65,73.29,2.475,7.9,0.08,101826.35
TWB14,Uvalde_2020_02,29.60214,-99.73007,436.7784,6/28/21,p,2021,04/16/2021 21:30 CDT,96766,17.53,73.29,3.34,7.9,0.18,101837.96
TWB14,Uvalde_2020_02,29.60214,-99.73007,436.7784,6/28/21,p,2021,04/16/2021 21:35 CDT,96779,17.45,73.23,3.445,8.235,0,101853.61
TWB14,Uvalde_2020_02,29.60214,-99.73007,436.7784,6/28/21,p,2021,04/16/2021 21:40 CDT,96790,17.37,73.13,3.37,8.235,0,101866.44
TWB14,Uvalde_2020_02,29.60214,-99.73007,436.7784,6/28/21,p,2021,04/16/2021 21:45 CDT,96803,17.17,73.67,3.3,8.235,0.02,101883.33
TWB14,Uvalde_2020_02,29.60214,-99.73007,436.7784,6/28/21,p,2021,04/16/2021 21:50 CDT,96816,17.05,74.04,2.165,8.235,0.26,101898.8
TWB14,Uvalde_2020_02,29.60214,-99.73007,436.7784,6/28/21,p,2021,04/16/2021 21:55 CDT,96831,16.87,73.78,4.01,8.485,0.78,101917.82
TWB14,Uvalde_2020_02,29.60214,-99.73007,436.7784,6/28/21,p,2021,04/16/2021 22:00 CDT,96833,16.57,74.65,4.615,9.785,0.53,101925.48
TWB14,Uvalde_2020_02,29.60214,-99.73007,436.7784,6/28/21,p,2021,04/16/2021 22:05 CDT,96845,16.38,74.96,3.76,10.535,0.64,101941.71
TWB14,Uvalde_2020_02,29.60214,-99.73007,436.7784,6/28/21,p,2021,04/16/2021 22:10 CDT,96857,16.24,75.27,3.66,9.785,0.19,101956.86
TWB14,Uvalde_2020_02,29.60214,-99.73007,436.7784,6/28/21,p,2021,04/16/2021 22:15 CDT,96872,16.09,75.41,4.46,9.785,0,101975.35
TWB14,Uvalde_2020_02,29.60214,-99.73007,436.7784,6/28/21,p,2021,04/16/2021 22:20 CDT,96877,15.96,75.58,5.015,9.615,0.31,101982.78
TWB14,Uvalde_2020_02,29.60214,-99.73007,436.7784,6/28/21,p,2021,04/16/2021 22:25 CDT,96878,15.8,75.81,4.055,9.785,0.37,101987.09
TWB14,Uvalde_2020_02,29.60214,-99.73007,436.7784,6/28/21,p,2021,04/16/2021 22:30 CDT,96877,15.78,75.61,3.825,9.785,0,101986.58
TWB14,Uvalde_2020_02,29.60214,-99.73007,436.7784,6/28/21,p,2021,04/16/2021 22:35 CDT,96871,15.79,75.54,4.075,9.45,0,101980.26
TWB14,Uvalde_2020_02,29.60214,-99.73007,436.7784,6/28/21,p,2021,04/16/2021 22:40 CDT,96890,15.72,75.48,3.505,9.45,0.07,102000.81
TWB14,Uvalde_2020_02,29.60214,-99.73007,436.7784,6/28/21,p,2021,04/16/2021 22:45 CDT,96913,15.58,76.02,2.775,9.45,0.3,102027.55
TWB14,Uvalde_2020_02,29.60214,-99.73007,436.7784,6/28/21,p,2021,04/16/2021 22:50 CDT,96928,15.44,75.95,4.38,9.615,0.92,102045.52
TWB14,Uvalde_2020_02,29.60214,-99.73007,436.7784,6/28/21,p,2021,04/16/2021 22:55 CDT,96934,15.18,75.88,5.425,10.635,1.47,102056.37
TWB14,Uvalde_2020_02,29.60214,-99.73007,436.7784,6/28/21,p,2021,04/16/2021 23:00 CDT,96939,15.09,76.02,4.11,11.265,0.59,102064.18
TWB14,Uvalde_2020_02,29.60214,-99.73007,436.7784,6/28/21,p,2021,04/16/2021 23:05 CDT,96944,15.05,75.14,2.73,11.265,0.05,102070.36
TWB14,Uvalde_2020_02,29.60214,-99.73007,436.7784,6/28/21,p,2021,04/16/2021 23:10 CDT,96950,14.97,75.54,3.88,11.265,0.25,102077.76
TWB14,Uvalde_2020_02,29.60214,-99.73007,436.7784,6/28/21,p,2021,04/16/2021 23:15 CDT,96959,14.92,74.9,3.43,8.635,0,102088.33
TWB14,Uvalde_2020_02,29.60214,-99.73007,436.7784,6/28/21,p,2021,04/16/2021 23:20 CDT,96979,14.82,74.74,3.38,8.635,0.39,102110.85
TWB14,Uvalde_2020_02,29.60214,-99.73007,436.7784,6/28/21,p,2021,04/16/2021 23:25 CDT,96973,14.72,74.43,3.685,8.635,0.36,102106.54
TWB14,Uvalde_2020_02,29.60214,-99.73007,436.7784,6/28/21,p,2021,04/16/2021 23:30 CDT,96980,14.62,74.6,3.675,8.635,0.47,102115.37
TWB14,Uvalde_2020_02,29.60214,-99.73007,436.7784,6/28/21,p,2021,04/16/2021 23:35 CDT,97000,14.5,75.14,3.625,8.635,0.39,102138.98
TWB14,Uvalde_2020_02,29.60214,-99.73007,436.7784,6/28/21,p,2021,04/16/2021 23:40 CDT,97008,14.46,74.74,3.68,8.635,0,102148.68
TWB14,Uvalde_2020_02,29.60214,-99.73007,436.7784,6/28/21,p,2021,04/16/2021 23:45 CDT,97012,14.45,74.47,4.05,8.635,0,102153.26
TWB14,Uvalde_2020_02,29.60214,-99.73007,436.7784,6/28/21,p,2021,04/16/2021 23:50 CDT,97011,14.47,73.73,3.465,8.635,0,102152.03
TWB14,Uvalde_2020_02,29.60214,-99.73007,436.7784,6/28/21,p,2021,04/16/2021 23:55 CDT,97023,14.47,72.76,3.915,8.635,0,102164.67
TWB14,Uvalde_2020_02,29.60214,-99.73007,436.7784,6/28/21,p,2021,04/17/2021 00:00 CDT,97030,14.44,72.92,3.61,8.635,0,102172.04
TWB14,Uvalde_2020_02,29.60214,-99.73007,436.7784,6/28/21,p,2021,04/17/2021 00:05 CDT,97039,14.39,73.13,3.82,8.635,0,102182.25
TWB14,Uvalde_2020_02,29.60214,-99.73007,436.7784,6/28/21,p,2021,04/17/2021 00:10 CDT,97054,14.4,71.44,3.915,9.63,0,102198.42
TWB14,Uvalde_2020_02,29.60214,-99.73007,436.7784,6/28/21,p,2021,04/17/2021 00:15 CDT,97059,14.39,71.24,3.29,8.965,0,102203.68
TWB14,Uvalde_2020_02,29.60214,-99.73007,436.7784,6/28/21,p,2021,04/17/2021 00:20 CDT,97057,14.35,70.57,3.72,8.965,0,102202.13
TWB14,Uvalde_2020_02,29.60214,-99.73007,436.7784,6/28/21,p,2021,04/17/2021 00:25 CDT,97055,14.32,70.26,4.515,8.965,0,102200.76
TWB14,Uvalde_2020_02,29.60214,-99.73007,436.7784,6/28/21,p,2021,04/17/2021 00:30 CDT,97052,14.25,70.3,3.875,9.7,0.14,102199.06
TWB14,Uvalde_2020_02,29.60214,-99.73007,436.7784,6/28/21,p,2021,04/17/2021 00:35 CDT,97060,14.19,69.89,3.785,9.7,0.25,102208.59
TWB14,Uvalde_2020_02,29.60214,-99.73007,436.7784,6/28/21,p,2021,04/17/2021 00:40 CDT,97080,14.18,69.53,5.01,10.265,0,102230.2
TWB14,Uvalde_2020_02,29.60214,-99.73007,436.7784,6/28/21,p,2021,04/17/2021 00:45 CDT,97085,14.18,69.7,3.93,9.95,0,102235.65
TWB14,Uvalde_2020_02,29.60214,-99.73007,436.7784,6/28/21,p,2021,04/17/2021 00:50 CDT,97086,14.19,69.76,2.32,9.7,0,102236.15
TWB14,Uvalde_2020_02,29.60214,-99.73007,436.7784,6/28/21,p,2021,04/17/2021 00:55 CDT,97087,14.18,70.1,3.18,9.7,0,102237.2
TWB14,Uvalde_2020_02,29.60214,-99.73007,436.7784,6/28/21,p,2021,04/17/2021 01:00 CDT,97087,14.15,69.97,3.875,9.7,0,102237.94
TWB14,Uvalde_2020_02,29.60214,-99.73007,436.7784,6/28/21,p,2021,04/17/2021 01:05 CDT,97087,14.13,70.44,4.63,9.7,0,102238.12
TWB14,Uvalde_2020_02,29.60214,-99.73007,436.7784,6/28/21,p,2021,04/17/2021 01:10 CDT,97091,14.08,70.44,4.94,9.7,0,102243.43
TWB14,Uvalde_2020_02,29.60214,-99.73007,436.7784,6/28/21,p,2021,04/17/2021 01:15 CDT,97101,14.05,70.44,4.475,9.7,0,102254.51
TWB14,Uvalde_2020_02,29.60214,-99.73007,436.7784,6/28/21,p,2021,04/17/2021 01:20 CDT,97101,14.06,70.37,3.67,9.7,0,102254.33
TWB14,Uvalde_2020_02,29.60214,-99.73007,436.7784,6/28/21,p,2021,04/17/2021 01:25 CDT,97110,14.06,70.14,3.185,9.7,0,102263.62
TWB14,Uvalde_2020_02,29.60214,-99.73007,436.7784,6/28/21,p,2021,04/17/2021 01:30 CDT,97121,14.06,69.83,4.38,9.7,0,102275.21
TWB14,Uvalde_2020_02,29.60214,-99.73007,436.7784,6/28/21,p,2021,04/17/2021 01:35 CDT,97128,14.06,69.6,3.58,9.365,0,102282.58
TWB14,Uvalde_2020_02,29.60214,-99.73007,436.7784,6/28/21,p,2021,04/17/2021 01:40 CDT,97136,14.04,69.97,3.805,9.7,0,102291.19
TWB14,Uvalde_2020_02,29.60214,-99.73007,436.7784,6/28/21,p,2021,04/17/2021 01:45 CDT,97152,14.01,70.34,4.07,9.285,0,102308.95
TWB14,Uvalde_2020_02,29.60214,-99.73007,436.7784,6/28/21,p,2021,04/17/2021 01:50 CDT,97175,13.99,70.31,3.84,9.865,0,102333.36
TWB14,Uvalde_2020_02,29.60214,-99.73007,436.7784,6/28/21,p,2021,04/17/2021 01:55 CDT,97195,13.94,70.31,3.58,9.7,0,102355.34
TWB14,Uvalde_2020_02,29.60214,-99.73007,436.7784,6/28/21,p,2021,04/17/2021 02:00 CDT,97218,13.92,70.17,2.465,9.7,0,102379.74
TWB14,Uvalde_2020_02,29.60214,-99.73007,436.7784,6/28/21,p,2021,04/17/2021 02:05 CDT,97217,13.92,69.36,2.305,9.7,0,102378.69
TWB14,Uvalde_2020_02,29.60214,-99.73007,436.7784,6/28/21,p,2021,04/17/2021 02:10 CDT,97227,13.92,68.89,1.935,9.7,0,102389.41
TWB14,Uvalde_2020_02,29.60214,-99.73007,436.7784,6/28/21,p,2021,04/17/2021 02:15 CDT,97245,13.91,67.34,2.235,9.7,0,102408.37
TWB14,Uvalde_2020_02,29.60214,-99.73007,436.7784,6/28/21,p,2021,04/17/2021 02:20 CDT,97246,13.86,66.12,2.375,9.7,0,102410.35
TWB14,Uvalde_2020_02,29.60214,-99.73007,436.7784,6/28/21,p,2021,04/17/2021 02:25 CDT,97249,13.79,63.56,3.14,9.7,0,102414.63
TWB14,Uvalde_2020_02,29.60214,-99.73007,436.7784,6/28/21,p,2021,04/17/2021 02:30 CDT,97257,13.69,62.54,2.76,9.7,0,102425.08
TWB14,Uvalde_2020_02,29.60214,-99.73007,436.7784,6/28/21,p,2021,04/17/2021 02:35 CDT,97247,13.58,62.61,3.885,9.7,0.03,102416.21
TWB14,Uvalde_2020_02,29.60214,-99.73007,436.7784,6/28/21,p,2021,04/17/2021 02:40 CDT,97237,13.4,62.88,3.93,9.7,0.61,102408.99
TWB14,Uvalde_2020_02,29.60214,-99.73007,436.7784,6/28/21,p,2021,04/17/2021 02:45 CDT,97246,13.29,63.32,3.47,9.7,0.14,102420.87
TWB14,Uvalde_2020_02,29.60214,-99.73007,436.7784,6/28/21,p,2021,04/17/2021 02:50 CDT,97240,13.17,63.49,2.645,9.7,0.29,102416.77
TWB14,Uvalde_2020_02,29.60214,-99.73007,436.7784,6/28/21,p,2021,04/17/2021 02:55 CDT,97246,13.1,63.69,2.305,9.7,0,102424.75
TWB14,Uvalde_2020_02,29.60214,-99.73007,436.7784,6/28/21,p,2021,04/17/2021 03:00 CDT,97238,13.04,64,3.055,9.7,0,102417.43
TWB14,Uvalde_2020_02,29.60214,-99.73007,436.7784,6/28/21,p,2021,04/17/2021 03:05 CDT,97212,13.02,64,4.14,9.7,0,102390.79
TWB14,Uvalde_2020_02,29.60214,-99.73007,436.7784,6/28/21,p,2021,04/17/2021 03:10 CDT,97209,12.98,64.38,3.935,8.885,0,102388.37
TWB14,Uvalde_2020_02,29.60214,-99.73007,436.7784,6/28/21,p,2021,04/17/2021 03:15 CDT,97218,12.97,64.69,3.04,8.885,0,102398.21
TWB14,Uvalde_2020_02,29.60214,-99.73007,436.7784,6/28/21,p,2021,04/17/2021 03:20 CDT,97216,12.98,64.93,4.33,8.885,0,102395.92
TWB14,Uvalde_2020_02,29.60214,-99.73007,436.7784,6/28/21,p,2021,04/17/2021 03:25 CDT,97225,13.03,65.2,4.11,9.385,0,102404.29
TWB14,Uvalde_2020_02,29.60214,-99.73007,436.7784,6/28/21,p,2021,04/17/2021 03:30 CDT,97238,13.06,65.43,2.555,9.3,0,102417.06
TWB14,Uvalde_2020_02,29.60214,-99.73007,436.7784,6/28/21,p,2021,04/17/2021 03:35 CDT,97234,13.03,65.54,2.9,9.3,0,102413.21
TWB14,Uvalde_2020_02,29.60214,-99.73007,436.7784,6/28/21,p,2021,04/17/2021 03:40 CDT,97220,13.02,66.08,2.455,9.3,0,102398.83
TWB14,Uvalde_2020_02,29.60214,-99.73007,436.7784,6/28/21,p,2021,04/17/2021 03:45 CDT,97229,13.01,66.21,2.805,9.3,0,102408.5
TWB14,Uvalde_2020_02,29.60214,-99.73007,436.7784,6/28/21,p,2021,04/17/2021 03:50 CDT,97214,13.01,66.41,2.785,9.3,0,102392.7
TWB14,Uvalde_2020_02,29.60214,-99.73007,436.7784,6/28/21,p,2021,04/17/2021 03:55 CDT,97213,13.01,66.65,3.02,9.3,0,102391.64
TWB14,Uvalde_2020_02,29.60214,-99.73007,436.7784,6/28/21,p,2021,04/17/2021 04:00 CDT,97212,13.01,66.55,2.74,9.3,0,102390.59
TWB14,Uvalde_2020_02,29.60214,-99.73007,436.7784,6/28/21,p,2021,04/17/2021 04:05 CDT,97215,13.01,66.68,3.395,9.3,0,102393.75
TWB14,Uvalde_2020_02,29.60214,-99.73007,436.7784,6/28/21,p,2021,04/17/2021 04:10 CDT,97211,13,66.89,2.9,8.55,0,102389.54
TWB14,Uvalde_2020_02,29.60214,-99.73007,436.7784,6/28/21,p,2021,04/17/2021 04:15 CDT,97204,12.97,66.75,2.955,8.55,0,102382.53
TWB14,Uvalde_2020_02,29.60214,-99.73007,436.7784,6/28/21,p,2021,04/17/2021 04:20 CDT,97207,12.94,66.95,4.03,8.55,0,102386.62
TWB14,Uvalde_2020_02,29.60214,-99.73007,436.7784,6/28/21,p,2021,04/17/2021 04:25 CDT,97214,12.92,66.82,3.22,8.55,0,102394.36
TWB14,Uvalde_2020_02,29.60214,-99.73007,436.7784,6/28/21,p,2021,04/17/2021 04:30 CDT,97206,12.9,67.09,2.48,8.55,0,102386.49
TWB14,Uvalde_2020_02,29.60214,-99.73007,436.7784,6/28/21,p,2021,04/17/2021 04:35 CDT,97205,12.88,67.29,3.46,8.55,0,102385.62
TWB14,Uvalde_2020_02,29.60214,-99.73007,436.7784,6/28/21,p,2021,04/17/2021 04:40 CDT,97190,12.85,67.43,3.41,8.55,0,102370.01
TWB14,Uvalde_2020_02,29.60214,-99.73007,436.7784,6/28/21,p,2021,04/17/2021 04:45 CDT,97201,12.81,67.39,3.725,8.55,0,102382.52
TWB14,Uvalde_2020_02,29.60214,-99.73007,436.7784,6/28/21,p,2021,04/17/2021 04:50 CDT,97236,12.8,67.36,3.025,8.55,0,102419.57
TWB14,Uvalde_2020_02,29.60214,-99.73007,436.7784,6/28/21,p,2021,04/17/2021 04:55 CDT,97242,12.8,67.36,3.005,8.55,0,102425.89
TWB14,Uvalde_2020_02,29.60214,-99.73007,436.7784,6/28/21,p,2021,04/17/2021 05:00 CDT,97244,12.77,67.29,2.505,8.55,0,102428.18
TWB14,Uvalde_2020_02,29.60214,-99.73007,436.7784,6/28/21,p,2021,04/17/2021 05:05 CDT,97255,12.73,67.22,3.045,8.55,0,102440.7
TWB14,Uvalde_2020_02,29.60214,-99.73007,436.7784,6/28/21,p,2021,04/17/2021 05:10 CDT,97251,12.72,66.89,2.595,8.55,0,102436.67
TWB14,Uvalde_2020_02,29.60214,-99.73007,436.7784,6/28/21,p,2021,04/17/2021 05:15 CDT,97254,12.68,66.24,3.41,8.55,0,102440.76
TWB14,Uvalde_2020_02,29.60214,-99.73007,436.7784,6/28/21,p,2021,04/17/2021 05:20 CDT,97253,12.66,66.62,2.165,8.55,0,102440.26
TWB14,Uvalde_2020_02,29.60214,-99.73007,436.7784,6/28/21,p,2021,04/17/2021 05:25 CDT,97254,12.61,66.55,2.295,8.55,0,102442.24
TWB14,Uvalde_2020_02,29.60214,-99.73007,436.7784,6/28/21,p,2021,04/17/2021 05:30 CDT,97271,12.6,66.08,2.615,8.55,0,102460.15
TWB14,Uvalde_2020_02,29.60214,-99.73007,436.7784,6/28/21,p,2021,04/17/2021 05:35 CDT,97264,12.59,66.61,2.75,8.05,0,102452.96
TWB14,Uvalde_2020_02,29.60214,-99.73007,436.7784,6/28/21,p,2021,04/17/2021 05:40 CDT,97271,12.55,66.68,3.315,8.55,0,102461.08
TWB14,Uvalde_2020_02,29.60214,-99.73007,436.7784,6/28/21,p,2021,04/17/2021 05:45 CDT,97277,12.53,66.92,3.295,8.55,0,102467.77
TWB14,Uvalde_2020_02,29.60214,-99.73007,436.7784,6/28/21,p,2021,04/17/2021 05:50 CDT,97271,12.51,66.95,3.015,8.55,0,102461.82
TWB14,Uvalde_2020_02,29.60214,-99.73007,436.7784,6/28/21,p,2021,04/17/2021 05:55 CDT,97261,12.49,66.89,3,8.55,0,102452.03
TWB14,Uvalde_2020_02,29.60214,-99.73007,436.7784,6/28/21,p,2021,04/17/2021 06:00 CDT,97270,12.48,66.35,2.555,8.55,0,102461.51
TWB14,Uvalde_2020_02,29.60214,-99.73007,436.7784,6/28/21,p,2021,04/17/2021 06:05 CDT,97260,12.47,66.55,2.87,8.55,0,102451.16
TWB14,Uvalde_2020_02,29.60214,-99.73007,436.7784,6/28/21,p,2021,04/17/2021 06:10 CDT,97259,12.47,66.35,2.83,8.55,0,102450.11
TWB14,Uvalde_2020_02,29.60214,-99.73007,436.7784,6/28/21,p,2021,04/17/2021 06:15 CDT,97260,12.42,66.82,2.855,8.55,0,102451.91
TWB14,Uvalde_2020_02,29.60214,-99.73007,436.7784,6/28/21,p,2021,04/17/2021 06:20 CDT,97262,12.37,67.22,3.405,8.55,0,102455.31
TWB14,Uvalde_2020_02,29.60214,-99.73007,436.7784,6/28/21,p,2021,04/17/2021 06:25 CDT,97267,12.33,67.29,3.425,8.385,0,102460.95
TWB14,Uvalde_2020_02,29.60214,-99.73007,436.7784,6/28/21,p,2021,04/17/2021 06:30 CDT,97269,12.28,67.63,3.05,8.385,0,102463.62
TWB14,Uvalde_2020_02,29.60214,-99.73007,436.7784,6/28/21,p,2021,04/17/2021 06:35 CDT,97293,12.21,67.56,3.31,8.385,0,102490.76
TWB14,Uvalde_2020_02,29.60214,-99.73007,436.7784,6/28/21,p,2021,04/17/2021 06:40 CDT,97309,12.19,67.09,2.615,8.385,0,102507.8
TWB14,Uvalde_2020_02,29.60214,-99.73007,436.7784,6/28/21,p,2021,04/17/2021 06:45 CDT,97316,12.15,67.02,2.265,8.385,0,102516.11
TWB14,Uvalde_2020_02,29.60214,-99.73007,436.7784,6/28/21,p,2021,04/17/2021 06:50 CDT,97314,12.1,66.95,1.525,8.385,0,102514.75
TWB14,Uvalde_2020_02,29.60214,-99.73007,436.7784,6/28/21,p,2021,04/17/2021 06:55 CDT,97321,12.06,66.51,2.31,8.385,0,102522.87
TWB14,Uvalde_2020_02,29.60214,-99.73007,436.7784,6/28/21,p,2021,04/17/2021 07:00 CDT,97323,12.03,66.55,2.445,8.385,0,102525.53
TWB14,Uvalde_2020_02,29.60214,-99.73007,436.7784,6/28/21,p,2021,04/17/2021 07:05 CDT,97322,11.99,66.01,1.865,8.385,0.11,102525.04
TWB14,Uvalde_2020_02,29.60214,-99.73007,436.7784,6/28/21,p,2021,04/17/2021 07:10 CDT,97335,11.93,66.11,2.26,8.385,0.43,102539.67
TWB14,Uvalde_2020_02,29.60214,-99.73007,436.7784,6/28/21,p,2021,04/17/2021 07:15 CDT,97341,11.87,66.51,2.74,8.385,0.61,102547.3
TWB14,Uvalde_2020_02,29.60214,-99.73007,436.7784,6/28/21,p,2021,04/17/2021 07:20 CDT,97347,11.8,65.81,3.085,8.385,1.95,102555.12
TWB14,Uvalde_2020_02,29.60214,-99.73007,436.7784,6/28/21,p,2021,04/17/2021 07:25 CDT,97352,11.75,65.2,3.56,8.385,3.74,102560.95
TWB14,Uvalde_2020_02,29.60214,-99.73007,436.7784,6/28/21,p,2021,04/17/2021 07:30 CDT,97348,11.65,65.16,3.155,8.385,6.58,102558.6
TWB14,Uvalde_2020_02,29.60214,-99.73007,436.7784,6/28/21,p,2021,04/17/2021 07:35 CDT,97349,11.56,65.13,3.935,8.385,8.22,102561.9
TWB14,Uvalde_2020_02,29.60214,-99.73007,436.7784,6/28/21,p,2021,04/17/2021 07:40 CDT,97366,11.53,65.47,2.76,8.385,10.92,102580.37
TWB14,Uvalde_2020_02,29.60214,-99.73007,436.7784,6/28/21,p,2021,04/17/2021 07:45 CDT,97370,11.51,65.57,2.12,8.385,14.8,102584.59
TWB14,Uvalde_2020_02,29.60214,-99.73007,436.7784,6/28/21,p,2021,04/17/2021 07:50 CDT,97381,11.51,65.67,2.595,8.385,15.54,102596.17
TWB14,Uvalde_2020_02,29.60214,-99.73007,436.7784,6/28/21,p,2021,04/17/2021 07:55 CDT,97396,11.51,65.87,3.215,8.385,17.32,102611.98
TWB14,Uvalde_2020_02,29.60214,-99.73007,436.7784,6/28/21,p,2021,04/17/2021 08:00 CDT,97404,11.5,66.14,3.235,8.385,14.89,102620.4
TWB14,Uvalde_2020_02,29.60214,-99.73007,436.7784,6/28/21,p,2021,04/17/2021 08:05 CDT,97405,11.49,66.28,3.075,8.385,13.72,102621.64
TWB14,Uvalde_2020_02,29.60214,-99.73007,436.7784,6/28/21,p,2021,04/17/2021 08:10 CDT,97374,11.45,66.68,2.71,8.385,24.12,102589.54
TWB14,Uvalde_2020_02,29.60214,-99.73007,436.7784,6/28/21,p,2021,04/17/2021 08:15 CDT,97376,11.45,66.28,2.935,8.385,40.87,102591.84
TWB14,Uvalde_2020_02,29.60214,-99.73007,436.7784,6/28/21,p,2021,04/17/2021 08:20 CDT,97409,11.48,66.28,3.875,8.885,54.12,102626.23
TWB14,Uvalde_2020_02,29.60214,-99.73007,436.7784,6/28/21,p,2021,04/17/2021 08:25 CDT,97424,11.54,66.01,4.19,8.8,56.86,102641.1
TWB14,Uvalde_2020_02,29.60214,-99.73007,436.7784,6/28/21,p,2021,04/17/2021 08:30 CDT,97423,11.58,66.35,3.18,8.8,70.64,102639.11
TWB14,Uvalde_2020_02,29.60214,-99.73007,436.7784,6/28/21,p,2021,04/17/2021 08:35 CDT,97425,11.7,66.14,3.19,8.8,87,102638.78
TWB14,Uvalde_2020_02,29.60214,-99.73007,436.7784,6/28/21,p,2021,04/17/2021 08:40 CDT,97426,11.77,66.08,3.445,8.8,93.61,102638.53
TWB14,Uvalde_2020_02,29.60214,-99.73007,436.7784,6/28/21,p,2021,04/17/2021 08:45 CDT,97436,11.93,65.47,3.22,8.8,137.25,102646.26
TWB14,Uvalde_2020_02,29.60214,-99.73007,436.7784,6/28/21,p,2021,04/17/2021 08:50 CDT,97447,12.19,64.9,3.915,8.8,135.66,102652.44
TWB14,Uvalde_2020_02,29.60214,-99.73007,436.7784,6/28/21,p,2021,04/17/2021 08:55 CDT,97447,12.16,63.58,4.385,8.8,88.43,102651.7
TWB14,Uvalde_2020_02,29.60214,-99.73007,436.7784,6/28/21,p,2021,04/17/2021 09:00 CDT,97434,12.06,63.92,3.9,8.8,94,102640.61
TWB14,Uvalde_2020_02,29.60214,-99.73007,436.7784,6/28/21,p,2021,04/17/2021 09:05 CDT,97433,12.07,63.85,2.93,8.8,112.21,102639.93
TWB14,Uvalde_2020_02,29.60214,-99.73007,436.7784,6/28/21,p,2021,04/17/2021 09:10 CDT,97437,12.26,61.89,2.79,8.8,163.96,102640.42
TWB14,Uvalde_2020_02,29.60214,-99.73007,436.7784,6/28/21,p,2021,04/17/2021 09:15 CDT,97448,12.37,61.99,3.895,8.8,126.87,102649.03
TWB14,Uvalde_2020_02,29.60214,-99.73007,436.7784,6/28/21,p,2021,04/17/2021 09:20 CDT,97460,12.08,63.17,4.455,8.885,126.76,102665.39
TWB14,Uvalde_2020_02,29.60214,-99.73007,436.7784,6/28/21,p,2021,04/17/2021 09:25 CDT,97473,11.88,62.7,5.39,10.515,133.92,102683.38
TWB14,Uvalde_2020_02,29.60214,-99.73007,436.7784,6/28/21,p,2021,04/17/2021 09:30 CDT,97473,11.7,62.43,4.655,10.35,131.15,102687.68
TWB14,Uvalde_2020_02,29.60214,-99.73007,436.7784,6/28/21,p,2021,04/17/2021 09:35 CDT,97471,11.7,62.09,3.735,10.35,112.3,102685.95
TWB14,Uvalde_2020_02,29.60214,-99.73007,436.7784,6/28/21,p,2021,04/17/2021 09:40 CDT,97477,11.72,61.62,4.14,10.35,118.5,102692.09
TWB14,Uvalde_2020_02,29.60214,-99.73007,436.7784,6/28/21,p,2021,04/17/2021 09:45 CDT,97467,11.71,61.79,3.725,10.35,155.05,102681.74
TWB14,Uvalde_2020_02,29.60214,-99.73007,436.7784,6/28/21,p,2021,04/17/2021 09:50 CDT,97456,11.93,61.11,3.615,10.35,197.6,102666.41
TWB14,Uvalde_2020_02,29.60214,-99.73007,436.7784,6/28/21,p,2021,04/17/2021 09:55 CDT,97448,12.14,59.53,3.485,10.35,201.63,102653.7
TWB14,Uvalde_2020_02,29.60214,-99.73007,436.7784,6/28/21,p,2021,04/17/2021 10:00 CDT,97446,12.26,59.53,3.82,10.35,197.74,102648.42
TWB14,Uvalde_2020_02,29.60214,-99.73007,436.7784,6/28/21,p,2021,04/17/2021 10:05 CDT,97425,12.39,57.3,3.345,10.35,219.8,102623.71
TWB14,Uvalde_2020_02,29.60214,-99.73007,436.7784,6/28/21,p,2021,04/17/2021 10:10 CDT,97423,12.6,56.22,3.775,10.35,204.28,102618.26
TWB14,Uvalde_2020_02,29.60214,-99.73007,436.7784,6/28/21,p,2021,04/17/2021 10:15 CDT,97446,12.64,56.76,3.77,10.35,133.53,102641
TWB14,Uvalde_2020_02,29.60214,-99.73007,436.7784,6/28/21,p,2021,04/17/2021 10:20 CDT,97456,12.61,55.67,4.135,10.35,109.9,102652.65
TWB14,Uvalde_2020_02,29.60214,-99.73007,436.7784,6/28/21,p,2021,04/17/2021 10:25 CDT,97467,12.59,56.78,3.835,10.35,119.74,102664.79
TWB14,Uvalde_2020_02,29.60214,-99.73007,436.7784,6/28/21,p,2021,04/17/2021 10:30 CDT,97467,12.79,55.26,2.93,10.35,143.22,102662.19
TWB14,Uvalde_2020_02,29.60214,-99.73007,436.7784,6/28/21,p,2021,04/17/2021 10:35 CDT,97422,13.06,54.41,3.405,10.35,152.62,102609.42
TWB14,Uvalde_2020_02,29.60214,-99.73007,436.7784,6/28/21,p,2021,04/17/2021 10:40 CDT,97431,13.21,53.37,3.565,10.35,211.77,102615.57
TWB14,Uvalde_2020_02,29.60214,-99.73007,436.7784,6/28/21,p,2021,04/17/2021 10:45 CDT,97436,13.25,53.67,3.56,10.35,241.87,102619.54
TWB14,Uvalde_2020_02,29.60214,-99.73007,436.7784,6/28/21,p,2021,04/17/2021 10:50 CDT,97438,13.25,52.96,4.16,10.35,286.51,102621.1
TWB14,Uvalde_2020_02,29.60214,-99.73007,436.7784,6/28/21,p,2021,04/17/2021 10:55 CDT,97442,13.46,51.78,4.78,10.685,286.59,102620.88
TWB14,Uvalde_2020_02,29.60214,-99.73007,436.7784,6/28/21,p,2021,04/17/2021 11:00 CDT,97433,13.41,49.76,5.845,10.495,324.24,102611.41
TWB14,Uvalde_2020_02,29.60214,-99.73007,436.7784,6/28/21,p,2021,04/17/2021 11:05 CDT,97427,13.69,47.33,4.535,10.1,320.47,102601.78
TWB14,Uvalde_2020_02,29.60214,-99.73007,436.7784,6/28/21,p,2021,04/17/2021 11:10 CDT,97430,14.1,44.12,4.365,10.1,390.04,102596.68
TWB14,Uvalde_2020_02,29.60214,-99.73007,436.7784,6/28/21,p,2021,04/17/2021 11:15 CDT,97453,14.04,44.83,4.505,10.1,359.82,102620.34
TWB14,Uvalde_2020_02,29.60214,-99.73007,436.7784,6/28/21,p,2021,04/17/2021 11:20 CDT,97469,13.85,45.57,4.88,10.1,313.24,102640.68
TWB14,Uvalde_2020_02,29.60214,-99.73007,436.7784,6/28/21,p,2021,04/17/2021 11:25 CDT,97459,13.96,44.32,2.655,10.1,300.07,102629.05
TWB14,Uvalde_2020_02,29.60214,-99.73007,436.7784,6/28/21,p,2021,04/17/2021 11:30 CDT,97451,14.32,42.66,2.445,10.1,364.23,102614.76
TWB14,Uvalde_2020_02,29.60214,-99.73007,436.7784,6/28/21,p,2021,04/17/2021 11:35 CDT,97444,14.54,41.92,3.51,10.1,357.26,102600.98
TWB14,Uvalde_2020_02,29.60214,-99.73007,436.7784,6/28/21,p,2021,04/17/2021 11:40 CDT,97437,14.63,42.02,3.625,10.1,335.97,102591.23
TWB14,Uvalde_2020_02,29.60214,-99.73007,436.7784,6/28/21,p,2021,04/17/2021 11:45 CDT,97446,14.54,43.97,3.495,10.1,310.17,102603.62
TWB14,Uvalde_2020_02,29.60214,-99.73007,436.7784,6/28/21,p,2021,04/17/2021 11:50 CDT,97446,14.91,42.18,3.095,10.1,475.71,102597.42
TWB14,Uvalde_2020_02,29.60214,-99.73007,436.7784,6/28/21,p,2021,04/17/2021 11:55 CDT,97449,15.01,42.08,3.095,10.1,383.46,102597.84
TWB14,Uvalde_2020_02,29.60214,-99.73007,436.7784,6/28/21,p,2021,04/17/2021 12:00 CDT,97451,14.88,41.71,4.325,10.1,298.42,102601.95
TWB14,Uvalde_2020_02,29.60214,-99.73007,436.7784,6/28/21,p,2021,04/17/2021 12:05 CDT,97453,14.75,40.46,3.97,9.3,377.76,102607.53
TWB14,Uvalde_2020_02,29.60214,-99.73007,436.7784,6/28/21,p,2021,04/17/2021 12:10 CDT,97455,14.87,41,4.78,9.3,392.35,102605.25
TWB14,Uvalde_2020_02,29.60214,-99.73007,436.7784,6/28/21,p,2021,04/17/2021 12:15 CDT,97451,15.12,40.09,3.295,9.3,427.87,102599.77
TWB14,Uvalde_2020_02,29.60214,-99.73007,436.7784,6/28/21,p,2021,04/17/2021 12:20 CDT,97447,15.53,39.38,4.13,9.3,376.9,102586.82
TWB14,Uvalde_2020_02,29.60214,-99.73007,436.7784,6/28/21,p,2021,04/17/2021 12:25 CDT,97439,15.58,38.91,4.255,9.3,494.5,102576.77
TWB14,Uvalde_2020_02,29.60214,-99.73007,436.7784,6/28/21,p,2021,04/17/2021 12:30 CDT,97432,15.54,39,4.075,9.135,398.89,102569.22
TWB14,Uvalde_2020_02,29.60214,-99.73007,436.7784,6/28/21,p,2021,04/17/2021 12:35 CDT,97429,15.47,39.07,2.76,9.135,306.88,102567.87
TWB14,Uvalde_2020_02,29.60214,-99.73007,436.7784,6/28/21,p,2021,04/17/2021 12:40 CDT,97423,15.29,39.51,3.575,9.135,383.74,102563.55
TWB14,Uvalde_2020_02,29.60214,-99.73007,436.7784,6/28/21,p,2021,04/17/2021 12:45 CDT,97434,15.24,40.82,3.74,9.135,364.01,102576.04
TWB14,Uvalde_2020_02,29.60214,-99.73007,436.7784,6/28/21,p,2021,04/17/2021 12:50 CDT,97431,15.3,40.11,4.51,9.135,379.39,102572.52
TWB14,Uvalde_2020_02,29.60214,-99.73007,436.7784,6/28/21,p,2021,04/17/2021 12:55 CDT,97433,15.06,39.84,4.25,9.135,371.97,102579.54
TWB14,Uvalde_2020_02,29.60214,-99.73007,436.7784,6/28/21,p,2021,04/17/2021 13:00 CDT,97432,15.36,38.32,3.63,9.135,466.6,102573.76
TWB14,Uvalde_2020_02,29.60214,-99.73007,436.7784,6/28/21,p,2021,04/17/2021 13:05 CDT,97428,15.58,38.15,3.675,9.135,426,102563.92
TWB14,Uvalde_2020_02,29.60214,-99.73007,436.7784,6/28/21,p,2021,04/17/2021 13:10 CDT,97423,15.58,39.23,3.545,9.135,314,102558.47
TWB14,Uvalde_2020_02,29.60214,-99.73007,436.7784,6/28/21,p,2021,04/17/2021 13:15 CDT,97415,15.53,37.58,3.9,9.135,518.2,102552.05
TWB14,Uvalde_2020_02,29.60214,-99.73007,436.7784,6/28/21,p,2021,04/17/2021 13:20 CDT,97412,15.62,38.86,3.965,9.135,399.7,102545.8
TWB14,Uvalde_2020_02,29.60214,-99.73007,436.7784,6/28/21,p,2021,04/17/2021 13:25 CDT,97407,15.73,36.19,3.515,9.135,583.25,102540.01
TWB14,Uvalde_2020_02,29.60214,-99.73007,436.7784,6/28/21,p,2021,04/17/2021 13:30 CDT,97408,16.03,38.42,3.11,9.135,616.87,102534.71
TWB14,Uvalde_2020_02,29.60214,-99.73007,436.7784,6/28/21,p,2021,04/17/2021 13:35 CDT,97399,16.07,36.9,3.07,9.135,391,102523.98
TWB14,Uvalde_2020_02,29.60214,-99.73007,436.7784,6/28/21,p,2021,04/17/2021 13:40 CDT,97395,16.32,37.44,3.93,9.135,424.25,102515.43
TWB14,Uvalde_2020_02,29.60214,-99.73007,436.7784,6/28/21,p,2021,04/17/2021 13:45 CDT,97388,16.32,36.16,4.435,9.135,573.9,102508.43
TWB14,Uvalde_2020_02,29.60214,-99.73007,436.7784,6/28/21,p,2021,04/17/2021 13:50 CDT,97380,16.65,35.55,4.44,9.135,756.65,102494.6
TWB14,Uvalde_2020_02,29.60214,-99.73007,436.7784,6/28/21,p,2021,04/17/2021 13:55 CDT,97375,16.94,35.69,3.49,9.135,609.43,102481.43
TWB14,Uvalde_2020_02,29.60214,-99.73007,436.7784,6/28/21,p,2021,04/17/2021 14:00 CDT,97354,16.85,34.91,3.465,9.135,802.77,102460.95
TWB14,Uvalde_2020_02,29.60214,-99.73007,436.7784,6/28/21,p,2021,04/17/2021 14:05 CDT,97349,17.43,34.47,3.56,9.135,791.93,102446.9
TWB14,Uvalde_2020_02,29.60214,-99.73007,436.7784,6/28/21,p,2021,04/17/2021 14:10 CDT,97347,17.6,34.74,3.87,9.535,779.15,102438
TWB14,Uvalde_2020_02,29.60214,-99.73007,436.7784,6/28/21,p,2021,04/17/2021 14:15 CDT,97340,17.43,36.39,2.01,9.535,655.59,102436.7
TWB14,Uvalde_2020_02,29.60214,-99.73007,436.7784,6/28/21,p,2021,04/17/2021 14:20 CDT,97324,17.71,34.3,4.165,9.535,786.02,102413.98
TWB14,Uvalde_2020_02,29.60214,-99.73007,436.7784,6/28/21,p,2021,04/17/2021 14:25 CDT,97329,17.52,35.88,4.45,9.535,522.14,102421.73
TWB14,Uvalde_2020_02,29.60214,-99.73007,436.7784,6/28/21,p,2021,04/17/2021 14:30 CDT,97321,17.61,34.13,3.805,9.535,695.46,102415.29
TWB14,Uvalde_2020_02,29.60214,-99.73007,436.7784,6/28/21,p,2021,04/17/2021 14:35 CDT,97321,18.08,33.02,3.115,9.535,740.1,102405.48
TWB14,Uvalde_2020_02,29.60214,-99.73007,436.7784,6/28/21,p,2021,04/17/2021 14:40 CDT,97317,17.98,33.63,3.065,9.535,812.19,102400.91
TWB14,Uvalde_2020_02,29.60214,-99.73007,436.7784,6/28/21,p,2021,04/17/2021 14:45 CDT,97308,17.94,34.64,4.105,9.535,807.01,102390.37
TWB14,Uvalde_2020_02,29.60214,-99.73007,436.7784,6/28/21,p,2021,04/17/2021 14:50 CDT,97307,17.9,36.59,2.86,9.535,495.5,102389.48
TWB14,Uvalde_2020_02,29.60214,-99.73007,436.7784,6/28/21,p,2021,04/17/2021 14:55 CDT,97291,18.11,35.3,4.55,9.535,698.42,102371.23
TWB14,Uvalde_2020_02,29.60214,-99.73007,436.7784,6/28/21,p,2021,04/17/2021 15:00 CDT,97291,17.84,35.64,4.92,9.535,640.08,102376.03
TWB14,Uvalde_2020_02,29.60214,-99.73007,436.7784,6/28/21,p,2021,04/17/2021 15:05 CDT,97284,17.89,34.66,4.69,9.535,635.81,102368.14
TWB14,Uvalde_2020_02,29.60214,-99.73007,436.7784,6/28/21,p,2021,04/17/2021 15:10 CDT,97278,18.2,34.32,3.98,9.535,608.57,102357.38
TWB14,Uvalde_2020_02,29.60214,-99.73007,436.7784,6/28/21,p,2021,04/17/2021 15:15 CDT,97276,18.16,36.55,4.38,9.535,513.3,102354.19
TWB14,Uvalde_2020_02,29.60214,-99.73007,436.7784,6/28/21,p,2021,04/17/2021 15:20 CDT,97279,18.28,35.4,4.245,9.535,643.38,102356.47
TWB14,Uvalde_2020_02,29.60214,-99.73007,436.7784,6/28/21,p,2021,04/17/2021 15:25 CDT,97275,18.47,35.16,3.67,9.535,615.13,102349.95
TWB14,Uvalde_2020_02,29.60214,-99.73007,436.7784,6/28/21,p,2021,04/17/2021 15:30 CDT,97262,18.71,33.98,3.11,9.535,680.12,102331.49
TWB14,Uvalde_2020_02,29.60214,-99.73007,436.7784,6/28/21,p,2021,04/17/2021 15:35 CDT,97257,18.72,33.45,3.825,9.535,650.67,102321.63
TWB14,Uvalde_2020_02,29.60214,-99.73007,436.7784,6/28/21,p,2021,04/17/2021 15:40 CDT,97250,18.49,35.37,3.81,9.535,668.3,102320.63
TWB14,Uvalde_2020_02,29.60214,-99.73007,436.7784,6/28/21,p,2021,04/17/2021 15:45 CDT,97244,18.79,33.11,5.07,9.535,670.12,102310.79
TWB14,Uvalde_2020_02,29.60214,-99.73007,436.7784,6/28/21,p,2021,04/17/2021 15:50 CDT,97244,18.75,33.55,3.45,9.535,635.27,102310.26
TWB14,Uvalde_2020_02,29.60214,-99.73007,436.7784,6/28/21,p,2021,04/17/2021 15:55 CDT,97237,18.86,33.01,4.745,9.535,629.3,102300.59
TWB14,Uvalde_2020_02,29.60214,-99.73007,436.7784,6/28/21,p,2021,04/17/2021 16:00 CDT,97230,18.88,32.4,3.005,9.535,607.78,102292.7
TWB14,Uvalde_2020_02,29.60214,-99.73007,436.7784,6/28/21,p,2021,04/17/2021 16:05 CDT,97225,19.06,33.75,3.865,9.535,600.86,102284.79
TWB14,Uvalde_2020_02,29.60214,-99.73007,436.7784,6/28/21,p,2021,04/17/2021 16:10 CDT,97221,19.26,32.5,3.905,9.535,588.6,102277.94
TWB14,Uvalde_2020_02,29.60214,-99.73007,436.7784,6/28/21,p,2021,04/17/2021 16:15 CDT,97223,19.46,34.49,3.75,9.535,578.26,102276.15
TWB14,Uvalde_2020_02,29.60214,-99.73007,436.7784,6/28/21,p,2021,04/17/2021 16:20 CDT,97222,19.43,33.14,3.92,9.535,566.12,102276.52
TWB14,Uvalde_2020_02,29.60214,-99.73007,436.7784,6/28/21,p,2021,04/17/2021 16:25 CDT,97222,19.23,33.44,3.5,9.535,557.7,102278.98
TWB14,Uvalde_2020_02,29.60214,-99.73007,436.7784,6/28/21,p,2021,04/17/2021 16:30 CDT,97216,19.44,34.82,3.315,9.535,541.72,102271.96
TWB14,Uvalde_2020_02,29.60214,-99.73007,436.7784,6/28/21,p,2021,04/17/2021 16:35 CDT,97212,19.52,34.62,4.79,9.535,540.61,102263.88
TWB14,Uvalde_2020_02,29.60214,-99.73007,436.7784,6/28/21,p,2021,04/17/2021 16:40 CDT,97207,19.12,36.94,4.915,9.785,531.14,102263.01
TWB14,Uvalde_2020_02,29.60214,-99.73007,436.7784,6/28/21,p,2021,04/17/2021 16:45 CDT,97203,18.74,36.68,4.695,9.785,515.59,102267.81
TWB14,Uvalde_2020_02,29.60214,-99.73007,436.7784,6/28/21,p,2021,04/17/2021 16:50 CDT,97202,18.77,37.01,4.775,9.785,502.23,102268.7
TWB14,Uvalde_2020_02,29.60214,-99.73007,436.7784,6/28/21,p,2021,04/17/2021 16:55 CDT,97203,18.97,36.48,4.53,9.785,487.01,102266.93
TWB14,Uvalde_2020_02,29.60214,-99.73007,436.7784,6/28/21,p,2021,04/17/2021 17:00 CDT,97205,19.25,35.97,3.23,9.785,470.23,102264.61
TWB14,Uvalde_2020_02,29.60214,-99.73007,436.7784,6/28/21,p,2021,04/17/2021 17:05 CDT,97198,19.2,36.71,3.675,9.785,469.22,102256.54
TWB14,Uvalde_2020_02,29.60214,-99.73007,436.7784,6/28/21,p,2021,04/17/2021 17:10 CDT,97199,19.42,36.61,2.94,9.785,473.41,102253.36
TWB14,Uvalde_2020_02,29.60214,-99.73007,436.7784,6/28/21,p,2021,04/17/2021 17:15 CDT,97199,19.11,37.35,3.47,9.785,304.63,102257.59
TWB14,Uvalde_2020_02,29.60214,-99.73007,436.7784,6/28/21,p,2021,04/17/2021 17:20 CDT,97207,18.7,38.16,3.44,9.785,309.36,102274.66
TWB14,Uvalde_2020_02,29.60214,-99.73007,436.7784,6/28/21,p,2021,04/17/2021 17:25 CDT,97209,18.98,37.19,4,9.785,389.65,102273.59
TWB14,Uvalde_2020_02,29.60214,-99.73007,436.7784,6/28/21,p,2021,04/17/2021 17:30 CDT,97217,19.11,37.42,3.65,9.785,346.26,102278.64
TWB14,Uvalde_2020_02,29.60214,-99.73007,436.7784,6/28/21,p,2021,04/17/2021 17:35 CDT,97220,18.85,37.73,4.115,9.785,266.25,102286.22
TWB14,Uvalde_2020_02,29.60214,-99.73007,436.7784,6/28/21,p,2021,04/17/2021 17:40 CDT,97220,18.58,37.59,4.455,9.785,223.14,102292.96
TWB14,Uvalde_2020_02,29.60214,-99.73007,436.7784,6/28/21,p,2021,04/17/2021 17:45 CDT,97224,18.69,37.66,3.5,9.785,208.44,102295.92
TWB14,Uvalde_2020_02,29.60214,-99.73007,436.7784,6/28/21,p,2021,04/17/2021 17:50 CDT,97226,18.37,38.33,3.68,9.785,204.87,102302.28
TWB14,Uvalde_2020_02,29.60214,-99.73007,436.7784,6/28/21,p,2021,04/17/2021 17:55 CDT,97235,18.22,39.11,4.39,9.785,196.96,102314.24
TWB14,Uvalde_2020_02,29.60214,-99.73007,436.7784,6/28/21,p,2021,04/17/2021 18:00 CDT,97229,17.98,39.01,4.225,9.785,200.71,102313.27
TWB14,Uvalde_2020_02,29.60214,-99.73007,436.7784,6/28/21,p,2021,04/17/2021 18:05 CDT,97240,18.04,38.54,3.52,9.785,224.08,102324.67
TWB14,Uvalde_2020_02,29.60214,-99.73007,436.7784,6/28/21,p,2021,04/17/2021 18:10 CDT,97245,18.27,38.68,2.555,9.785,195.73,102326.54
TWB14,Uvalde_2020_02,29.60214,-99.73007,436.7784,6/28/21,p,2021,04/17/2021 18:15 CDT,97253,18.2,39.25,2.74,9.785,152.29,102334.6
TWB14,Uvalde_2020_02,29.60214,-99.73007,436.7784,6/28/21,p,2021,04/17/2021 18:20 CDT,97256,18.02,39.35,2.98,9.785,135.99,102340.61
TWB14,Uvalde_2020_02,29.60214,-99.73007,436.7784,6/28/21,p,2021,04/17/2021 18:25 CDT,97263,17.79,40.5,3.45,9.785,139.14,102352.79
TWB14,Uvalde_2020_02,29.60214,-99.73007,436.7784,6/28/21,p,2021,04/17/2021 18:30 CDT,97267,17.73,40.03,3.67,9.785,152.77,102358.79
TWB14,Uvalde_2020_02,29.60214,-99.73007,436.7784,6/28/21,p,2021,04/17/2021 18:35 CDT,97283,17.61,40.33,4.325,9.785,151.87,102376.69
TWB14,Uvalde_2020_02,29.60214,-99.73007,436.7784,6/28/21,p,2021,04/17/2021 18:40 CDT,97290,17.09,41.28,4.72,9.785,138.94,102393.37
TWB14,Uvalde_2020_02,29.60214,-99.73007,436.7784,6/28/21,p,2021,04/17/2021 18:45 CDT,97292,16.8,41.41,4.305,9.785,105.45,102401.59
TWB14,Uvalde_2020_02,29.60214,-99.73007,436.7784,6/28/21,p,2021,04/17/2021 18:50 CDT,97298,16.6,42.19,3.675,9.785,97.17,102412.76
TWB14,Uvalde_2020_02,29.60214,-99.73007,436.7784,6/28/21,p,2021,04/17/2021 18:55 CDT,97311,16.58,41.65,2.645,9.785,93.36,102427.53
TWB14,Uvalde_2020_02,29.60214,-99.73007,436.7784,6/28/21,p,2021,04/17/2021 19:00 CDT,97320,16.42,42.8,3.31,9.785,79.1,102438.8
TWB14,Uvalde_2020_02,29.60214,-99.73007,436.7784,6/28/21,p,2021,04/17/2021 19:05 CDT,97325,16.21,43.27,2.685,9.785,59.05,102448.04
TWB14,Uvalde_2020_02,29.60214,-99.73007,436.7784,6/28/21,p,2021,04/17/2021 19:10 CDT,97337,16.08,44.08,2.68,9.785,47.33,102463.92
TWB14,Uvalde_2020_02,29.60214,-99.73007,436.7784,6/28/21,p,2021,04/17/2021 19:15 CDT,97346,16.02,43.95,2.305,9.785,47.37,102475.03
TWB14,Uvalde_2020_02,29.60214,-99.73007,436.7784,6/28/21,p,2021,04/17/2021 19:20 CDT,97351,16.02,44.39,2.155,9.785,45.36,102480.83
TWB14,Uvalde_2020_02,29.60214,-99.73007,436.7784,6/28/21,p,2021,04/17/2021 19:25 CDT,97353,16.03,43.88,2.555,9.785,47.28,102482.58
TWB14,Uvalde_2020_02,29.60214,-99.73007,436.7784,6/28/21,p,2021,04/17/2021 19:30 CDT,97365,15.95,44.29,2.29,9.785,34.67,102496.12
TWB14,Uvalde_2020_02,29.60214,-99.73007,436.7784,6/28/21,p,2021,04/17/2021 19:35 CDT,97380,15.77,44.09,2.18,9.785,28.26,102515.17
TWB14,Uvalde_2020_02,29.60214,-99.73007,436.7784,6/28/21,p,2021,04/17/2021 19:40 CDT,97385,15.67,44.63,2.16,9.785,23.12,102522.43
TWB14,Uvalde_2020_02,29.60214,-99.73007,436.7784,6/28/21,p,2021,04/17/2021 19:45 CDT,97390,15.47,45.04,3.405,9.785,19.1,102531.15
TWB14,Uvalde_2020_02,29.60214,-99.73007,436.7784,6/28/21,p,2021,04/17/2021 19:50 CDT,97402,15.24,45.38,3.29,9.785,15.96,102548.16
TWB14,Uvalde_2020_02,29.60214,-99.73007,436.7784,6/28/21,p,2021,04/17/2021 19:55 CDT,97411,15.09,45.72,2.88,9.785,10.75,102560.37
TWB14,Uvalde_2020_02,29.60214,-99.73007,436.7784,6/28/21,p,2021,04/17/2021 20:00 CDT,97418,14.95,45.92,1.99,9.785,6.8,102570.66
TWB14,Uvalde_2020_02,29.60214,-99.73007,436.7784,6/28/21,p,2021,04/17/2021 20:05 CDT,97422,14.83,46.4,2.05,9.785,3.98,102576.69
TWB14,Uvalde_2020_02,29.60214,-99.73007,436.7784,6/28/21,p,2021,04/17/2021 20:10 CDT,97430,14.69,47.01,2.025,9.785,2.18,102587.86
TWB14,Uvalde_2020_02,29.60214,-99.73007,436.7784,6/28/21,p,2021,04/17/2021 20:15 CDT,97443,14.56,47.92,2.75,9.785,0.86,102603.93
TWB14,Uvalde_2020_02,29.60214,-99.73007,436.7784,6/28/21,p,2021,04/17/2021 20:20 CDT,97451,14.43,48.73,2.62,9.785,0.1,102615.1
TWB14,Uvalde_2020_02,29.60214,-99.73007,436.7784,6/28/21,p,2021,04/17/2021 20:25 CDT,97452,14.33,48.96,3.055,9.785,0,102617.98
TWB14,Uvalde_2020_02,29.60214,-99.73007,436.7784,6/28/21,p,2021,04/17/2021 20:30 CDT,97456,14.24,49.3,2.66,9.785,0,102624.22
TWB14,Uvalde_2020_02,29.60214,-99.73007,436.7784,6/28/21,p,2021,04/17/2021 20:35 CDT,97465,14.17,49.44,3.085,9.785,0,102635.16
TWB14,Uvalde_2020_02,29.60214,-99.73007,436.7784,6/28/21,p,2021,04/17/2021 20:40 CDT,97477,14.12,49.57,2.595,9.785,0,102648.72
TWB14,Uvalde_2020_02,29.60214,-99.73007,436.7784,6/28/21,p,2021,04/17/2021 20:45 CDT,97484,14.08,49.64,2.205,9.785,0,102656.64
TWB14,Uvalde_2020_02,29.60214,-99.73007,436.7784,6/28/21,p,2021,04/17/2021 20:50 CDT,97490,14.02,49.44,2.875,9.785,0,102664.25
TWB14,Uvalde_2020_02,29.60214,-99.73007,436.7784,6/28/21,p,2021,04/17/2021 20:55 CDT,97493,13.95,49.38,2.08,9.785,0,102669.07
TWB14,Uvalde_2020_02,29.60214,-99.73007,436.7784,6/28/21,p,2021,04/17/2021 21:00 CDT,97500,13.91,49.92,1.405,9.785,0,102676.99
TWB14,Uvalde_2020_02,29.60214,-99.73007,436.7784,6/28/21,p,2021,04/17/2021 21:05 CDT,97512,13.83,50.46,1.845,9.785,0,102690.73
TWB14,Uvalde_2020_02,29.60214,-99.73007,436.7784,6/28/21,p,2021,04/17/2021 21:10 CDT,97524,13.72,50.93,2.78,9.785,0,102705.77
TWB14,Uvalde_2020_02,29.60214,-99.73007,436.7784,6/28/21,p,2021,04/17/2021 21:15 CDT,97534,13.6,51.17,2.29,9.785,0.04,102718.33
TWB14,Uvalde_2020_02,29.60214,-99.73007,436.7784,6/28/21,p,2021,04/17/2021 21:20 CDT,97538,13.46,51.54,1.7,9.785,0.27,102725.5
TWB14,Uvalde_2020_02,29.60214,-99.73007,436.7784,6/28/21,p,2021,04/17/2021 21:25 CDT,97539,13.35,51.91,1.99,9.785,0.01,102728.77
TWB14,Uvalde_2020_02,29.60214,-99.73007,436.7784,6/28/21,p,2021,04/17/2021 21:30 CDT,97540,13.2,52.08,2.105,9.785,0,102732.97
TWB14,Uvalde_2020_02,29.60214,-99.73007,436.7784,6/28/21,p,2021,04/17/2021 21:35 CDT,97537,13.12,51.81,2.275,9.785,0,102731.3
TWB14,Uvalde_2020_02,29.60214,-99.73007,436.7784,6/28/21,p,2021,04/17/2021 21:40 CDT,97533,13.03,50.33,3.31,9.785,0,102728.95
TWB14,Uvalde_2020_02,29.60214,-99.73007,436.7784,6/28/21,p,2021,04/17/2021 21:45 CDT,97535,12.89,50.53,2.39,7.815,0,102733.28
TWB14,Uvalde_2020_02,29.60214,-99.73007,436.7784,6/28/21,p,2021,04/17/2021 21:50 CDT,97539,12.8,50.54,2.475,7.815,0,102739.35
TWB14,Uvalde_2020_02,29.60214,-99.73007,436.7784,6/28/21,p,2021,04/17/2021 21:55 CDT,97541,12.71,51.08,1.685,7.815,0,102743.13
TWB14,Uvalde_2020_02,29.60214,-99.73007,436.7784,6/28/21,p,2021,04/17/2021 22:00 CDT,97548,12.62,51.02,2.66,7.815,0.02,102752.36
TWB14,Uvalde_2020_02,29.60214,-99.73007,436.7784,6/28/21,p,2021,04/17/2021 22:05 CDT,97553,12.61,51.36,2.71,7.485,0,102758
TWB14,Uvalde_2020_02,29.60214,-99.73007,436.7784,6/28/21,p,2021,04/17/2021 22:10 CDT,97548,12.58,51.56,2.29,7.485,0,102753.29
TWB14,Uvalde_2020_02,29.60214,-99.73007,436.7784,6/28/21,p,2021,04/17/2021 22:15 CDT,97556,12.45,52.03,2.22,7.485,0,102764.14
TWB14,Uvalde_2020_02,29.60214,-99.73007,436.7784,6/28/21,p,2021,04/17/2021 22:20 CDT,97569,12.37,52.37,1.635,7.485,0.01,102779.14
TWB14,Uvalde_2020_02,29.60214,-99.73007,436.7784,6/28/21,p,2021,04/17/2021 22:25 CDT,97571,12.25,53.05,1.365,7.485,0,102783.11
TWB14,Uvalde_2020_02,29.60214,-99.73007,436.7784,6/28/21,p,2021,04/17/2021 22:30 CDT,97576,12.14,53.45,1.935,7.485,0,102791.36
TWB14,Uvalde_2020_02,29.60214,-99.73007,436.7784,6/28/21,p,2021,04/17/2021 22:35 CDT,97581,12.13,53.7,1.635,7.485,0,102797
TWB14,Uvalde_2020_02,29.60214,-99.73007,436.7784,6/28/21,p,2021,04/17/2021 22:40 CDT,97582,12.06,53.96,1.63,7.485,0,102798.99
TWB14,Uvalde_2020_02,29.60214,-99.73007,436.7784,6/28/21,p,2021,04/17/2021 22:45 CDT,97584,12.01,54.13,2.02,7.485,0,102802.22
TWB14,Uvalde_2020_02,29.60214,-99.73007,436.7784,6/28/21,p,2021,04/17/2021 22:50 CDT,97584,12,54.26,1.955,7.485,0,102802.78
TWB14,Uvalde_2020_02,29.60214,-99.73007,436.7784,6/28/21,p,2021,04/17/2021 22:55 CDT,97583,11.89,54.81,1.905,7.485,0,102803.22
TWB14,Uvalde_2020_02,29.60214,-99.73007,436.7784,6/28/21,p,2021,04/17/2021 23:00 CDT,97589,11.84,54.98,2.05,7.485,0,102811.04
TWB14,Uvalde_2020_02,29.60214,-99.73007,436.7784,6/28/21,p,2021,04/17/2021 23:05 CDT,97596,11.84,55.01,2.635,7.485,0,102818.42
TWB14,Uvalde_2020_02,29.60214,-99.73007,436.7784,6/28/21,p,2021,04/17/2021 23:10 CDT,97590,11.78,55.35,1.895,7.485,0,102812.66
TWB14,Uvalde_2020_02,29.60214,-99.73007,436.7784,6/28/21,p,2021,04/17/2021 23:15 CDT,97588,11.64,55.76,1.74,7.485,0,102813.36
TWB14,Uvalde_2020_02,29.60214,-99.73007,436.7784,6/28/21,p,2021,04/17/2021 23:20 CDT,97592,11.57,56.43,1.705,7.485,0,102818.51
TWB14,Uvalde_2020_02,29.60214,-99.73007,436.7784,6/28/21,p,2021,04/17/2021 23:25 CDT,97611,11.49,56.43,1.55,7.485,0.02,102840.59
TWB14,Uvalde_2020_02,29.60214,-99.73007,436.7784,6/28/21,p,2021,04/17/2021 23:30 CDT,97618,11.52,56.5,1.78,7.485,0,102847.4
TWB14,Uvalde_2020_02,29.60214,-99.73007,436.7784,6/28/21,p,2021,04/17/2021 23:35 CDT,97614,11.43,56.63,1.88,7.485,0,102845.26
TWB14,Uvalde_2020_02,29.60214,-99.73007,436.7784,6/28/21,p,2021,04/17/2021 23:40 CDT,97605,11.35,56.94,2.13,7.485,0,102836.9
TWB14,Uvalde_2020_02,29.60214,-99.73007,436.7784,6/28/21,p,2021,04/17/2021 23:45 CDT,97607,11.33,57.25,2.21,7.485,0,102839.38
TWB14,Uvalde_2020_02,29.60214,-99.73007,436.7784,6/28/21,p,2021,04/17/2021 23:50 CDT,97631,11.15,57.79,1.135,7.485,0.02,102867.68
TWB14,Uvalde_2020_02,29.60214,-99.73007,436.7784,6/28/21,p,2021,04/17/2021 23:55 CDT,97649,11.05,58.26,0.995,7.485,0.01,102888.9
TWB14,Uvalde_2020_02,29.60214,-99.73007,436.7784,6/28/21,p,2021,04/18/2021 00:00 CDT,97652,10.93,59.11,1.4,7.485,0.09,102895.46
TWB14,Uvalde_2020_02,29.60214,-99.73007,436.7784,6/28/21,p,2021,04/18/2021 00:05 CDT,97650,10.89,58.94,2.06,7.485,0,102894.67
TWB14,Uvalde_2020_02,29.60214,-99.73007,436.7784,6/28/21,p,2021,04/18/2021 00:10 CDT,97650,10.67,60.22,1.895,7.485,0,102897.31
TWB14,Uvalde_2020_02,29.60214,-99.73007,436.7784,6/28/21,p,2021,04/18/2021 00:15 CDT,97648,10.46,60.7,1.885,7.485,0,102899.18
TWB14,Uvalde_2020_02,29.60214,-99.73007,436.7784,6/28/21,p,2021,04/18/2021 00:20 CDT,97649,10.39,60.9,1.495,7.485,0,102902.32
TWB14,Uvalde_2020_02,29.60214,-99.73007,436.7784,6/28/21,p,2021,04/18/2021 00:25 CDT,97660,10.31,61.54,1.355,7.485,0,102915.04
TWB14,Uvalde_2020_02,29.60214,-99.73007,436.7784,6/28/21,p,2021,04/18/2021 00:30 CDT,97680,10.21,61.98,1.335,7.485,0,102938.01
TWB14,Uvalde_2020_02,29.60214,-99.73007,436.7784,6/28/21,p,2021,04/18/2021 00:35 CDT,97689,10.2,61.98,1.85,7.485,0,102948.83
TWB14,Uvalde_2020_02,29.60214,-99.73007,436.7784,6/28/21,p,2021,04/18/2021 00:40 CDT,97696,10.06,62.79,1.595,7.485,0,102958.1
TWB14,Uvalde_2020_02,29.60214,-99.73007,436.7784,6/28/21,p,2021,04/18/2021 00:45 CDT,97702,10,62.79,1.895,7.485,0,102966.52
TWB14,Uvalde_2020_02,29.60214,-99.73007,436.7784,6/28/21,p,2021,04/18/2021 00:50 CDT,97702,9.99,62.72,1.48,7.485,0,102966.71
TWB14,Uvalde_2020_02,29.60214,-99.73007,436.7784,6/28/21,p,2021,04/18/2021 00:55 CDT,97705,10.01,62.22,1.49,7.485,0,102969.68
TWB14,Uvalde_2020_02,29.60214,-99.73007,436.7784,6/28/21,p,2021,04/18/2021 01:00 CDT,97705,10.19,61.44,1.485,7.485,0,102966.83
TWB14,Uvalde_2020_02,29.60214,-99.73007,436.7784,6/28/21,p,2021,04/18/2021 01:05 CDT,97714,10.26,61.21,1.745,7.485,0,102973.47
TWB14,Uvalde_2020_02,29.60214,-99.73007,436.7784,6/28/21,p,2021,04/18/2021 01:10 CDT,97712,10.27,61.24,2.035,7.485,0,102970.79
TWB14,Uvalde_2020_02,29.60214,-99.73007,436.7784,6/28/21,p,2021,04/18/2021 01:15 CDT,97710,10.25,61.45,1.81,7.485,0,102968.49
TWB14,Uvalde_2020_02,29.60214,-99.73007,436.7784,6/28/21,p,2021,04/18/2021 01:20 CDT,97714,10.16,61.69,1.8,7.485,0,102974.04
TWB14,Uvalde_2020_02,29.60214,-99.73007,436.7784,6/28/21,p,2021,04/18/2021 01:25 CDT,97715,10.16,61.79,1.9,7.485,0,102975.66
TWB14,Uvalde_2020_02,29.60214,-99.73007,436.7784,6/28/21,p,2021,04/18/2021 01:30 CDT,97713,10.26,61.38,1.545,7.485,0,102972.41
TWB14,Uvalde_2020_02,29.60214,-99.73007,436.7784,6/28/21,p,2021,04/18/2021 01:35 CDT,97713,10.26,61.86,1.25,7.485,0,102971.27
TWB14,Uvalde_2020_02,29.60214,-99.73007,436.7784,6/28/21,p,2021,04/18/2021 01:40 CDT,97713,10.14,62.2,1.52,7.485,0,102973.17
TWB14,Uvalde_2020_02,29.60214,-99.73007,436.7784,6/28/21,p,2021,04/18/2021 01:45 CDT,97714,10.09,62.19,1.63,7.485,0,102975.55
TWB14,Uvalde_2020_02,29.60214,-99.73007,436.7784,6/28/21,p,2021,04/18/2021 01:50 CDT,97718,10.17,61.85,1.695,7.485,0,102979.2
TWB14,Uvalde_2020_02,29.60214,-99.73007,436.7784,6/28/21,p,2021,04/18/2021 01:55 CDT,97725,10.22,61.55,2.02,7.485,0,102985.06
TWB14,Uvalde_2020_02,29.60214,-99.73007,436.7784,6/28/21,p,2021,04/18/2021 02:00 CDT,97728,10.24,61.58,2.46,7.485,0,102987.46
TWB14,Uvalde_2020_02,29.60214,-99.73007,436.7784,6/28/21,p,2021,04/18/2021 02:05 CDT,97722,10.15,62.26,2.1,7.485,0,102981.9
TWB14,Uvalde_2020_02,29.60214,-99.73007,436.7784,6/28/21,p,2021,04/18/2021 02:10 CDT,97723,10.07,62.59,2.405,7.485,0,102985.04
TWB14,Uvalde_2020_02,29.60214,-99.73007,436.7784,6/28/21,p,2021,04/18/2021 02:15 CDT,97722,9.98,63.13,1.845,7.485,0,102985.5
TWB14,Uvalde_2020_02,29.60214,-99.73007,436.7784,6/28/21,p,2021,04/18/2021 02:20 CDT,97715,9.93,62.99,2.32,7.485,0,102979.27
TWB14,Uvalde_2020_02,29.60214,-99.73007,436.7784,6/28/21,p,2021,04/18/2021 02:25 CDT,97706,9.89,63.6,2.035,7.485,0,102970.35
TWB14,Uvalde_2020_02,29.60214,-99.73007,436.7784,6/28/21,p,2021,04/18/2021 02:30 CDT,97707,9.87,63.6,2.325,7.485,0,102972.35
TWB14,Uvalde_2020_02,29.60214,-99.73007,436.7784,6/28/21,p,2021,04/18/2021 02:35 CDT,97707,9.76,64.34,1.805,7.485,0,102973.68
TWB14,Uvalde_2020_02,29.60214,-99.73007,436.7784,6/28/21,p,2021,04/18/2021 02:40 CDT,97706,9.7,64.55,2.255,7.485,0,102974.15
TWB14,Uvalde_2020_02,29.60214,-99.73007,436.7784,6/28/21,p,2021,04/18/2021 02:45 CDT,97707,9.59,65.09,1.835,7.485,0,102976.92
TWB14,Uvalde_2020_02,29.60214,-99.73007,436.7784,6/28/21,p,2021,04/18/2021 02:50 CDT,97708,9.47,65.63,1.605,7.485,0,102980.26
TWB14,Uvalde_2020_02,29.60214,-99.73007,436.7784,6/28/21,p,2021,04/18/2021 02:55 CDT,97705,9.43,66,1.67,7.485,0,102978.43
TWB14,Uvalde_2020_02,29.60214,-99.73007,436.7784,6/28/21,p,2021,04/18/2021 03:00 CDT,97707,9.33,66.58,1.8,7.485,0,102982.64
TWB14,Uvalde_2020_02,29.60214,-99.73007,436.7784,6/28/21,p,2021,04/18/2021 03:05 CDT,97706,9.33,66.82,2.105,7.485,0,102982.16
TWB14,Uvalde_2020_02,29.60214,-99.73007,436.7784,6/28/21,p,2021,04/18/2021 03:10 CDT,97694,9.14,67.56,1.77,7.485,0,102972.18
TWB14,Uvalde_2020_02,29.60214,-99.73007,436.7784,6/28/21,p,2021,04/18/2021 03:15 CDT,97683,9.05,67.93,1.74,7.485,0,102962.88
TWB14,Uvalde_2020_02,29.60214,-99.73007,436.7784,6/28/21,p,2021,04/18/2021 03:20 CDT,97684,9,68.14,1.76,7.485,0,102965.08
TWB14,Uvalde_2020_02,29.60214,-99.73007,436.7784,6/28/21,p,2021,04/18/2021 03:25 CDT,97692,8.93,68.89,1.7,7.485,0,102974.66
TWB14,Uvalde_2020_02,29.60214,-99.73007,436.7784,6/28/21,p,2021,04/18/2021 03:30 CDT,97693,8.87,68.99,1.62,7.485,0,102976.87
TWB14,Uvalde_2020_02,29.60214,-99.73007,436.7784,6/28/21,p,2021,04/18/2021 03:35 CDT,97692,8.78,69.57,2.025,7.485,0,102977.54
TWB14,Uvalde_2020_02,29.60214,-99.73007,436.7784,6/28/21,p,2021,04/18/2021 03:40 CDT,97691,8.77,69.43,2.675,7.485,0,102977.44
TWB14,Uvalde_2020_02,29.60214,-99.73007,436.7784,6/28/21,p,2021,04/18/2021 03:45 CDT,97690,8.74,69.7,2.095,7.485,0,102976.19
TWB14,Uvalde_2020_02,29.60214,-99.73007,436.7784,6/28/21,p,2021,04/18/2021 03:50 CDT,97689,8.68,69.94,2.13,7.485,0,102976.1
TWB14,Uvalde_2020_02,29.60214,-99.73007,436.7784,6/28/21,p,2021,04/18/2021 03:55 CDT,97689,8.64,70.24,2.135,7.485,0,102976.48
TWB14,Uvalde_2020_02,29.60214,-99.73007,436.7784,6/28/21,p,2021,04/18/2021 04:00 CDT,97685,8.56,70.65,2.31,7.485,0,102973.8
TWB14,Uvalde_2020_02,29.60214,-99.73007,436.7784,6/28/21,p,2021,04/18/2021 04:05 CDT,97678,8.52,70.55,2.34,7.485,0,102967.57
TWB14,Uvalde_2020_02,29.60214,-99.73007,436.7784,6/28/21,p,2021,04/18/2021 04:10 CDT,97676,8.5,70.44,2.37,7.485,0,102966.23
TWB14,Uvalde_2020_02,29.60214,-99.73007,436.7784,6/28/21,p,2021,04/18/2021 04:15 CDT,97674,8.53,70.11,2.425,7.485,0,102963.74
TWB14,Uvalde_2020_02,29.60214,-99.73007,436.7784,6/28/21,p,2021,04/18/2021 04:20 CDT,97680,8.53,70.31,2.315,7.485,0,102969.68
TWB14,Uvalde_2020_02,29.60214,-99.73007,436.7784,6/28/21,p,2021,04/18/2021 04:25 CDT,97685,8.55,69.67,2.685,7.485,0,102974.76
TWB14,Uvalde_2020_02,29.60214,-99.73007,436.7784,6/28/21,p,2021,04/18/2021 04:30 CDT,97677,8.58,69.77,2.94,7.485,0,102965.56
TWB14,Uvalde_2020_02,29.60214,-99.73007,436.7784,6/28/21,p,2021,04/18/2021 04:35 CDT,97677,8.59,69.03,3,7.485,0,102965.76
TWB14,Uvalde_2020_02,29.60214,-99.73007,436.7784,6/28/21,p,2021,04/18/2021 04:40 CDT,97677,8.68,69.16,3.01,7.485,0,102963.84
TWB14,Uvalde_2020_02,29.60214,-99.73007,436.7784,6/28/21,p,2021,04/18/2021 04:45 CDT,97668,8.56,70.11,2.3,7.485,0,102955.31
TWB14,Uvalde_2020_02,29.60214,-99.73007,436.7784,6/28/21,p,2021,04/18/2021 04:50 CDT,97662,8.41,70.61,2.435,7.485,0,102952.44
TWB14,Uvalde_2020_02,29.60214,-99.73007,436.7784,6/28/21,p,2021,04/18/2021 04:55 CDT,97664,8.37,70.71,2.01,7.485,0,102955.5
TWB14,Uvalde_2020_02,29.60214,-99.73007,436.7784,6/28/21,p,2021,04/18/2021 05:00 CDT,97663,8.37,70.65,1.77,7.485,0,102954.64
TWB14,Uvalde_2020_02,29.60214,-99.73007,436.7784,6/28/21,p,2021,04/18/2021 05:05 CDT,97663,8.41,70.38,1.795,7.485,0,102954.45
TWB14,Uvalde_2020_02,29.60214,-99.73007,436.7784,6/28/21,p,2021,04/18/2021 05:10 CDT,97663,8.46,70.38,1.825,7.485,0,102953.87
TWB14,Uvalde_2020_02,29.60214,-99.73007,436.7784,6/28/21,p,2021,04/18/2021 05:15 CDT,97666,8.57,69.8,2.11,7.485,0,102955.69
TWB14,Uvalde_2020_02,29.60214,-99.73007,436.7784,6/28/21,p,2021,04/18/2021 05:20 CDT,97655,8.91,68.08,2.375,7.485,0,102938.73
TWB14,Uvalde_2020_02,29.60214,-99.73007,436.7784,6/28/21,p,2021,04/18/2021 05:25 CDT,97659,9.15,67.4,1.98,7.485,0,102937.78
TWB14,Uvalde_2020_02,29.60214,-99.73007,436.7784,6/28/21,p,2021,04/18/2021 05:30 CDT,97657,9.21,66.26,2.58,7.485,0,102933.57
TWB14,Uvalde_2020_02,29.60214,-99.73007,436.7784,6/28/21,p,2021,04/18/2021 05:35 CDT,97649,9.46,65.28,2.43,7.485,0,102920.56
TWB14,Uvalde_2020_02,29.60214,-99.73007,436.7784,6/28/21,p,2021,04/18/2021 05:40 CDT,97655,9.53,65.45,1.805,7.485,0,102924.59
TWB14,Uvalde_2020_02,29.60214,-99.73007,436.7784,6/28/21,p,2021,04/18/2021 05:45 CDT,97660,9.63,64.16,2.525,7.485,0,102928.34
TWB14,Uvalde_2020_02,29.60214,-99.73007,436.7784,6/28/21,p,2021,04/18/2021 05:50 CDT,97657,9.81,62.88,3.185,7.485,0,102921.37
TWB14,Uvalde_2020_02,29.60214,-99.73007,436.7784,6/28/21,p,2021,04/18/2021 05:55 CDT,97654,9.9,62.54,2.665,7.485,0,102915.93
TWB14,Uvalde_2020_02,29.60214,-99.73007,436.7784,6/28/21,p,2021,04/18/2021 06:00 CDT,97658,10,61.93,3.655,7.485,0,102918.44
TWB14,Uvalde_2020_02,29.60214,-99.73007,436.7784,6/28/21,p,2021,04/18/2021 06:05 CDT,97663,10.08,61.53,3.325,7.485,0,102922.19
TWB14,Uvalde_2020_02,29.60214,-99.73007,436.7784,6/28/21,p,2021,04/18/2021 06:10 CDT,97663,10.13,61.19,2.655,7.485,0,102920.67
TWB14,Uvalde_2020_02,29.60214,-99.73007,436.7784,6/28/21,p,2021,04/18/2021 06:15 CDT,97664,10.15,60.92,3.175,8.4,0,102921.54
TWB14,Uvalde_2020_02,29.60214,-99.73007,436.7784,6/28/21,p,2021,04/18/2021 06:20 CDT,97664,10.21,60.92,3.215,7.815,0,102920.02
TWB14,Uvalde_2020_02,29.60214,-99.73007,436.7784,6/28/21,p,2021,04/18/2021 06:25 CDT,97663,10.18,61.32,2.815,7.815,0,102919.15
TWB14,Uvalde_2020_02,29.60214,-99.73007,436.7784,6/28/21,p,2021,04/18/2021 06:30 CDT,97662,10.16,61.26,3.4,7.815,0,102918.48
TWB14,Uvalde_2020_02,29.60214,-99.73007,436.7784,6/28/21,p,2021,04/18/2021 06:35 CDT,97662,10.18,61.19,2.965,7.815,0,102918.48
TWB14,Uvalde_2020_02,29.60214,-99.73007,436.7784,6/28/21,p,2021,04/18/2021 06:40 CDT,97662,10.15,61.86,2.195,7.815,0,102918.29
TWB14,Uvalde_2020_02,29.60214,-99.73007,436.7784,6/28/21,p,2021,04/18/2021 06:45 CDT,97677,10.14,61.66,2.455,7.815,0,102934.66
TWB14,Uvalde_2020_02,29.60214,-99.73007,436.7784,6/28/21,p,2021,04/18/2021 06:50 CDT,97688,10.15,60.91,2.23,7.815,0,102945.88
TWB14,Uvalde_2020_02,29.60214,-99.73007,436.7784,6/28/21,p,2021,04/18/2021 06:55 CDT,97692,10.15,60.5,1.65,7.815,0,102950.29
TWB14,Uvalde_2020_02,29.60214,-99.73007,436.7784,6/28/21,p,2021,04/18/2021 07:00 CDT,97705,10.23,60.23,1.855,7.815,0,102963.04
TWB14,Uvalde_2020_02,29.60214,-99.73007,436.7784,6/28/21,p,2021,04/18/2021 07:05 CDT,97707,10.2,61.34,1.29,7.815,0.05,102964.95
TWB14,Uvalde_2020_02,29.60214,-99.73007,436.7784,6/28/21,p,2021,04/18/2021 07:10 CDT,97706,10.18,60.43,2.36,7.815,0.11,102964.47
TWB14,Uvalde_2020_02,29.60214,-99.73007,436.7784,6/28/21,p,2021,04/18/2021 07:15 CDT,97705,10.22,59.48,2.275,7.815,0.35,102963.04
TWB14,Uvalde_2020_02,29.60214,-99.73007,436.7784,6/28/21,p,2021,04/18/2021 07:20 CDT,97702,10.27,59.28,2.055,7.815,1.25,102959.31
TWB14,Uvalde_2020_02,29.60214,-99.73007,436.7784,6/28/21,p,2021,04/18/2021 07:25 CDT,97704,10.28,58.13,1.875,7.815,3.15,102960.85
TWB14,Uvalde_2020_02,29.60214,-99.73007,436.7784,6/28/21,p,2021,04/18/2021 07:30 CDT,97706,10.32,58.77,2.535,7.815,5.53,102962.01
TWB14,Uvalde_2020_02,29.60214,-99.73007,436.7784,6/28/21,p,2021,04/18/2021 07:35 CDT,97717,10.3,59.41,1.83,7.815,7.94,102973.6
TWB14,Uvalde_2020_02,29.60214,-99.73007,436.7784,6/28/21,p,2021,04/18/2021 07:40 CDT,97738,10.3,58.2,1.8,7.815,8.52,102995.92
TWB14,Uvalde_2020_02,29.60214,-99.73007,436.7784,6/28/21,p,2021,04/18/2021 07:45 CDT,97748,10.38,58.6,1.8,7.815,10.55,103004.94
TWB14,Uvalde_2020_02,29.60214,-99.73007,436.7784,6/28/21,p,2021,04/18/2021 07:50 CDT,97759,10.41,57.66,1.595,7.815,19.94,103015.78
TWB14,Uvalde_2020_02,29.60214,-99.73007,436.7784,6/28/21,p,2021,04/18/2021 07:55 CDT,97768,10.46,57.12,1.21,7.815,29.95,103024.32
TWB14,Uvalde_2020_02,29.60214,-99.73007,436.7784,6/28/21,p,2021,04/18/2021 08:00 CDT,97779,10.51,57.72,1.67,7.815,45.07,103035.34
TWB14,Uvalde_2020_02,29.60214,-99.73007,436.7784,6/28/21,p,2021,04/18/2021 08:05 CDT,97783,10.6,58.43,1.235,7.815,85.36,103038.04
TWB14,Uvalde_2020_02,29.60214,-99.73007,436.7784,6/28/21,p,2021,04/18/2021 08:10 CDT,97797,10.78,57.18,1.845,7.815,115.29,103049.2
TWB14,Uvalde_2020_02,29.60214,-99.73007,436.7784,6/28/21,p,2021,04/18/2021 08:15 CDT,97803,10.97,56.74,1.215,7.815,93.83,103051.55
TWB14,Uvalde_2020_02,29.60214,-99.73007,436.7784,6/28/21,p,2021,04/18/2021 08:20 CDT,97812,11.01,56.31,2.015,7.815,111.36,103059.34
TWB14,Uvalde_2020_02,29.60214,-99.73007,436.7784,6/28/21,p,2021,04/18/2021 08:25 CDT,97812,11.15,55.29,2.15,7.815,115.5,103056.32
TWB14,Uvalde_2020_02,29.60214,-99.73007,436.7784,6/28/21,p,2021,04/18/2021 08:30 CDT,97817,11.18,55.7,1.27,7.815,119.73,103060.27
TWB14,Uvalde_2020_02,29.60214,-99.73007,436.7784,6/28/21,p,2021,04/18/2021 08:35 CDT,97832,11.31,54.31,1.92,7.815,112.39,103074.19
TWB14,Uvalde_2020_02,29.60214,-99.73007,436.7784,6/28/21,p,2021,04/18/2021 08:40 CDT,97834,11.27,55.22,1.28,7.815,101.78,103076.11
TWB14,Uvalde_2020_02,29.60214,-99.73007,436.7784,6/28/21,p,2021,04/18/2021 08:45 CDT,97842,11.32,55.15,1.535,7.815,88.04,103083.22
TWB14,Uvalde_2020_02,29.60214,-99.73007,436.7784,6/28/21,p,2021,04/18/2021 08:50 CDT,97851,11.32,54.81,1.405,7.815,79.49,103092.52
TWB14,Uvalde_2020_02,29.60214,-99.73007,436.7784,6/28/21,p,2021,04/18/2021 08:55 CDT,97861,11.36,55.55,1.53,7.815,114.85,103102.67
TWB14,Uvalde_2020_02,29.60214,-99.73007,436.7784,6/28/21,p,2021,04/18/2021 09:00 CDT,97862,11.67,52.68,1.56,7.815,254.23,103099.03
TWB14,Uvalde_2020_02,29.60214,-99.73007,436.7784,6/28/21,p,2021,04/18/2021 09:05 CDT,97866,11.93,52.78,2.235,7.815,262.19,103096.12
TWB14,Uvalde_2020_02,29.60214,-99.73007,436.7784,6/28/21,p,2021,04/18/2021 09:10 CDT,97872,11.94,51.63,2.47,7.815,256.35,103101.13
TWB14,Uvalde_2020_02,29.60214,-99.73007,436.7784,6/28/21,p,2021,04/18/2021 09:15 CDT,97870,12.18,52.51,1.575,7.815,191.11,103095.84
TWB14,Uvalde_2020_02,29.60214,-99.73007,436.7784,6/28/21,p,2021,04/18/2021 09:20 CDT,97869,12.22,51.39,2.03,7.815,293.74,103093.48
TWB14,Uvalde_2020_02,29.60214,-99.73007,436.7784,6/28/21,p,2021,04/18/2021 09:25 CDT,97867,12.64,50.01,1.855,7.815,331.79,103084.65
TWB14,Uvalde_2020_02,29.60214,-99.73007,436.7784,6/28/21,p,2021,04/18/2021 09:30 CDT,97867,12.85,49.47,1.735,7.815,214.82,103079.63
TWB14,Uvalde_2020_02,29.60214,-99.73007,436.7784,6/28/21,p,2021,04/18/2021 09:35 CDT,97877,12.55,50.41,2.02,7.815,215.4,103093.32
TWB14,Uvalde_2020_02,29.60214,-99.73007,436.7784,6/28/21,p,2021,04/18/2021 09:40 CDT,97888,12.6,49.27,1.655,7.815,138.74,103106.22
TWB14,Uvalde_2020_02,29.60214,-99.73007,436.7784,6/28/21,p,2021,04/18/2021 09:45 CDT,97892,12.59,48.38,0.485,7.815,115.95,103110.06
TWB14,Uvalde_2020_02,29.60214,-99.73007,436.7784,6/28/21,p,2021,04/18/2021 09:50 CDT,97888,12.63,49.25,0.96,7.815,164.44,103107.34
TWB14,Uvalde_2020_02,29.60214,-99.73007,436.7784,6/28/21,p,2021,04/18/2021 09:55 CDT,97882,13.01,45.78,2.245,7.815,446.44,103094.51
TWB14,Uvalde_2020_02,29.60214,-99.73007,436.7784,6/28/21,p,2021,04/18/2021 10:00 CDT,97877,13.47,44.66,2.01,7.815,379.29,103081.07
TWB14,Uvalde_2020_02,29.60214,-99.73007,436.7784,6/28/21,p,2021,04/18/2021 10:05 CDT,97872,13.29,45.61,1.565,7.815,144.97,103075.62
TWB14,Uvalde_2020_02,29.60214,-99.73007,436.7784,6/28/21,p,2021,04/18/2021 10:10 CDT,97881,13.22,45.88,1.18,7.815,273.93,103087.32
TWB14,Uvalde_2020_02,29.60214,-99.73007,436.7784,6/28/21,p,2021,04/18/2021 10:15 CDT,97880,13.65,44.53,1.755,7.815,267.87,103078.3
TWB14,Uvalde_2020_02,29.60214,-99.73007,436.7784,6/28/21,p,2021,04/18/2021 10:20 CDT,97881,13.62,42.53,2.04,7.815,448.17,103079.18
TWB14,Uvalde_2020_02,29.60214,-99.73007,436.7784,6/28/21,p,2021,04/18/2021 10:25 CDT,97877,13.91,42.67,1.955,7.815,491.01,103070.9
TWB14,Uvalde_2020_02,29.60214,-99.73007,436.7784,6/28/21,p,2021,04/18/2021 10:30 CDT,97875,14.03,41.32,2.545,7.815,501.22,103065.47
TWB14,Uvalde_2020_02,29.60214,-99.73007,436.7784,6/28/21,p,2021,04/18/2021 10:35 CDT,97866,14.33,40.23,2.18,7.815,504.63,103050.29
TWB14,Uvalde_2020_02,29.60214,-99.73007,436.7784,6/28/21,p,2021,04/18/2021 10:40 CDT,97857,14.58,39.76,2.5,7.815,522.09,103035.29
TWB14,Uvalde_2020_02,29.60214,-99.73007,436.7784,6/28/21,p,2021,04/18/2021 10:45 CDT,97842,15.23,37.16,1.42,7.815,524.85,103010.71
TWB14,Uvalde_2020_02,29.60214,-99.73007,436.7784,6/28/21,p,2021,04/18/2021 10:50 CDT,97838,15.32,37.93,2.5,7.815,550.06,103001.56
TWB14,Uvalde_2020_02,29.60214,-99.73007,436.7784,6/28/21,p,2021,04/18/2021 10:55 CDT,97847,15.35,36.72,1.9,7.815,559.6,103008.66
TWB14,Uvalde_2020_02,29.60214,-99.73007,436.7784,6/28/21,p,2021,04/18/2021 11:00 CDT,97853,15.53,36.75,1.56,7.815,601.92,103012.06
TWB14,Uvalde_2020_02,29.60214,-99.73007,436.7784,6/28/21,p,2021,04/18/2021 11:05 CDT,97852,15.51,36.99,1.59,7.815,403.75,103011.01
TWB14,Uvalde_2020_02,29.60214,-99.73007,436.7784,6/28/21,p,2021,04/18/2021 11:10 CDT,97848,15.37,36.24,1.8,7.815,525.34,103008.08
TWB14,Uvalde_2020_02,29.60214,-99.73007,436.7784,6/28/21,p,2021,04/18/2021 11:15 CDT,97845,15.46,36.07,2.48,7.815,640.13,103004.92
TWB14,Uvalde_2020_02,29.60214,-99.73007,436.7784,6/28/21,p,2021,04/18/2021 11:20 CDT,97835,15.51,36.84,1.295,7.815,592.48,102994.75
TWB14,Uvalde_2020_02,29.60214,-99.73007,436.7784,6/28/21,p,2021,04/18/2021 11:25 CDT,97830,15.77,35.53,3.01,7.815,481.66,102983.85
TWB14,Uvalde_2020_02,29.60214,-99.73007,436.7784,6/28/21,p,2021,04/18/2021 11:30 CDT,97828,15.77,33.97,2.65,7.9,479.42,102981.57
TWB14,Uvalde_2020_02,29.60214,-99.73007,436.7784,6/28/21,p,2021,04/18/2021 11:35 CDT,97822,15.42,35.05,2.56,7.9,540.71,102978.52
TWB14,Uvalde_2020_02,29.60214,-99.73007,436.7784,6/28/21,p,2021,04/18/2021 11:40 CDT,97809,15.29,35.35,2.255,7.9,357.48,102968.3
TWB14,Uvalde_2020_02,29.60214,-99.73007,436.7784,6/28/21,p,2021,04/18/2021 11:45 CDT,97810,15.58,35.18,1.915,7.9,606.46,102966.62
TWB14,Uvalde_2020_02,29.60214,-99.73007,436.7784,6/28/21,p,2021,04/18/2021 11:50 CDT,97795,16.14,35.42,1.18,7.9,674.36,102941.55
TWB14,Uvalde_2020_02,29.60214,-99.73007,436.7784,6/28/21,p,2021,04/18/2021 11:55 CDT,97784,16.31,35.96,1.59,7.9,490.82,102926.34
TWB14,Uvalde_2020_02,29.60214,-99.73007,436.7784,6/28/21,p,2021,04/18/2021 12:00 CDT,97782,16.54,34.47,1.855,7.9,716.8,102918.63
TWB14,Uvalde_2020_02,29.60214,-99.73007,436.7784,6/28/21,p,2021,04/18/2021 12:05 CDT,97781,16.69,33.29,1.09,7.9,628.51,102914.51
TWB14,Uvalde_2020_02,29.60214,-99.73007,436.7784,6/28/21,p,2021,04/18/2021 12:10 CDT,97771,16.84,33.09,2.485,7.9,406.46,102900.19
TWB14,Uvalde_2020_02,29.60214,-99.73007,436.7784,6/28/21,p,2021,04/18/2021 12:15 CDT,97756,16.75,34.5,2.5,7.9,585.16,102888.55
TWB14,Uvalde_2020_02,29.60214,-99.73007,436.7784,6/28/21,p,2021,04/18/2021 12:20 CDT,97751,16.98,31.84,3.56,7.9,763.08,102876.26
TWB14,Uvalde_2020_02,29.60214,-99.73007,436.7784,6/28/21,p,2021,04/18/2021 12:25 CDT,97730,17.21,31.91,3.985,8.485,730.18,102850.38
TWB14,Uvalde_2020_02,29.60214,-99.73007,436.7784,6/28/21,p,2021,04/18/2021 12:30 CDT,97727,17.37,30.86,2.025,8.235,714.33,102846.87
TWB14,Uvalde_2020_02,29.60214,-99.73007,436.7784,6/28/21,p,2021,04/18/2021 12:35 CDT,97722,17.68,31.03,2.235,8.235,733.68,102834.25
TWB14,Uvalde_2020_02,29.60214,-99.73007,436.7784,6/28/21,p,2021,04/18/2021 12:40 CDT,97711,17.56,30.93,2.19,8.235,695.65,102823.21
TWB14,Uvalde_2020_02,29.60214,-99.73007,436.7784,6/28/21,p,2021,04/18/2021 12:45 CDT,97699,17.73,31.81,2.645,8.235,731.81,102807.89
TWB14,Uvalde_2020_02,29.60214,-99.73007,436.7784,6/28/21,p,2021,04/18/2021 12:50 CDT,97696,18.38,30.76,2.655,8.235,714.27,102795.08
TWB14,Uvalde_2020_02,29.60214,-99.73007,436.7784,6/28/21,p,2021,04/18/2021 12:55 CDT,97694,18.25,32.71,3.04,8.235,740.75,102792.08
TWB14,Uvalde_2020_02,29.60214,-99.73007,436.7784,6/28/21,p,2021,04/18/2021 13:00 CDT,97683,18.57,30.29,1.665,8.235,718.92,102776.06
TWB14,Uvalde_2020_02,29.60214,-99.73007,436.7784,6/28/21,p,2021,04/18/2021 13:05 CDT,97671,18.65,31.97,2.06,8.235,727.73,102760.4
TWB14,Uvalde_2020_02,29.60214,-99.73007,436.7784,6/28/21,p,2021,04/18/2021 13:10 CDT,97662,18.14,30.93,2.585,8.235,738.82,102758.77
TWB14,Uvalde_2020_02,29.60214,-99.73007,436.7784,6/28/21,p,2021,04/18/2021 13:15 CDT,97649,18.08,30.92,3.18,7.485,745.51,102747.41
TWB14,Uvalde_2020_02,29.60214,-99.73007,436.7784,6/28/21,p,2021,04/18/2021 13:20 CDT,97636,17.83,30.52,2.215,7.485,736.84,102739.45
TWB14,Uvalde_2020_02,29.60214,-99.73007,436.7784,6/28/21,p,2021,04/18/2021 13:25 CDT,97629,18.13,31.16,2.85,7.485,743.47,102726.01
TWB14,Uvalde_2020_02,29.60214,-99.73007,436.7784,6/28/21,p,2021,04/18/2021 13:30 CDT,97618,18.21,29.74,3.05,7.485,747.47,102711.59
TWB14,Uvalde_2020_02,29.60214,-99.73007,436.7784,6/28/21,p,2021,04/18/2021 13:35 CDT,97605,18.54,30.68,2.875,7.485,741.59,102694.35
TWB14,Uvalde_2020_02,29.60214,-99.73007,436.7784,6/28/21,p,2021,04/18/2021 13:40 CDT,97603,18.73,30.85,2.755,7.485,746.32,102686.02
TWB14,Uvalde_2020_02,29.60214,-99.73007,436.7784,6/28/21,p,2021,04/18/2021 13:45 CDT,97600,18.68,29.54,2.99,7.485,756.39,102683.94
TWB14,Uvalde_2020_02,29.60214,-99.73007,436.7784,6/28/21,p,2021,04/18/2021 13:50 CDT,97594,18.57,29.27,3.15,7.485,723.55,102676.56
TWB14,Uvalde_2020_02,29.60214,-99.73007,436.7784,6/28/21,p,2021,04/18/2021 13:55 CDT,97578,18.58,28.96,1.86,7.485,675.26,102664.35
TWB14,Uvalde_2020_02,29.60214,-99.73007,436.7784,6/28/21,p,2021,04/18/2021 14:00 CDT,97565,19.38,28.29,1.335,7.485,602.31,102642.69
TWB14,Uvalde_2020_02,29.60214,-99.73007,436.7784,6/28/21,p,2021,04/18/2021 14:05 CDT,97556,19.23,28.79,3.61,8.05,823.35,102630.92
TWB14,Uvalde_2020_02,29.60214,-99.73007,436.7784,6/28/21,p,2021,04/18/2021 14:10 CDT,97550,19.37,27.68,3.9,8.065,828.24,102621.25
TWB14,Uvalde_2020_02,29.60214,-99.73007,436.7784,6/28/21,p,2021,04/18/2021 14:15 CDT,97546,19.3,28.63,2.205,8.065,787.28,102616.86
TWB14,Uvalde_2020_02,29.60214,-99.73007,436.7784,6/28/21,p,2021,04/18/2021 14:20 CDT,97532,19.45,26.8,3.835,8.065,777.03,102600.91
TWB14,Uvalde_2020_02,29.60214,-99.73007,436.7784,6/28/21,p,2021,04/18/2021 14:25 CDT,97535,19.26,27.48,3.51,8.065,769.13,102604.77
TWB14,Uvalde_2020_02,29.60214,-99.73007,436.7784,6/28/21,p,2021,04/18/2021 14:30 CDT,97525,19.58,26.74,2.74,8.065,748.63,102592.84
TWB14,Uvalde_2020_02,29.60214,-99.73007,436.7784,6/28/21,p,2021,04/18/2021 14:35 CDT,97522,19.76,28.66,2.76,8.065,734.34,102587.38
TWB14,Uvalde_2020_02,29.60214,-99.73007,436.7784,6/28/21,p,2021,04/18/2021 14:40 CDT,97517,19.91,27.65,3.24,8.065,731.22,102576.31
TWB14,Uvalde_2020_02,29.60214,-99.73007,436.7784,6/28/21,p,2021,04/18/2021 14:45 CDT,97515,19.55,27.68,1.96,8.065,714.79,102581.08
TWB14,Uvalde_2020_02,29.60214,-99.73007,436.7784,6/28/21,p,2021,04/18/2021 14:50 CDT,97514,19.62,29.93,2.79,8.065,718.8,102578.25
TWB14,Uvalde_2020_02,29.60214,-99.73007,436.7784,6/28/21,p,2021,04/18/2021 14:55 CDT,97507,19.63,27.17,1.95,8.065,702.27,102571.43
TWB14,Uvalde_2020_02,29.60214,-99.73007,436.7784,6/28/21,p,2021,04/18/2021 15:00 CDT,97496,19.85,27.64,3.065,8.065,713.88,102556.33
TWB14,Uvalde_2020_02,29.60214,-99.73007,436.7784,6/28/21,p,2021,04/18/2021 15:05 CDT,97491,19.95,28.79,1.945,8.065,701.64,102547.9
TWB14,Uvalde_2020_02,29.60214,-99.73007,436.7784,6/28/21,p,2021,04/18/2021 15:10 CDT,97483,20.05,27.57,2.25,8.065,693.24,102539.31
TWB14,Uvalde_2020_02,29.60214,-99.73007,436.7784,6/28/21,p,2021,04/18/2021 15:15 CDT,97477,20.05,27.71,2.93,8.065,689.27,102530.89
TWB14,Uvalde_2020_02,29.60214,-99.73007,436.7784,6/28/21,p,2021,04/18/2021 15:20 CDT,97461,20.18,28.18,1.4,8.065,683.73,102515.99
TWB14,Uvalde_2020_02,29.60214,-99.73007,436.7784,6/28/21,p,2021,04/18/2021 15:25 CDT,97455,20.38,27.47,1.545,8.065,679.42,102506.7
TWB14,Uvalde_2020_02,29.60214,-99.73007,436.7784,6/28/21,p,2021,04/18/2021 15:30 CDT,97448,20.47,26.66,2.12,8.065,679.55,102494.08
TWB14,Uvalde_2020_02,29.60214,-99.73007,436.7784,6/28/21,p,2021,04/18/2021 15:35 CDT,97430,20.8,25.59,2.075,8.065,703.09,102471.13
TWB14,Uvalde_2020_02,29.60214,-99.73007,436.7784,6/28/21,p,2021,04/18/2021 15:40 CDT,97429,20.74,25.62,3.635,8.065,662.7,102464.31
TWB14,Uvalde_2020_02,29.60214,-99.73007,436.7784,6/28/21,p,2021,04/18/2021 15:45 CDT,97425,20.44,26.6,1.735,8.065,382.04,102467.96
TWB14,Uvalde_2020_02,29.60214,-99.73007,436.7784,6/28/21,p,2021,04/18/2021 15:50 CDT,97411,20.64,27.17,1.865,8.065,390.52,102454.46
TWB14,Uvalde_2020_02,29.60214,-99.73007,436.7784,6/28/21,p,2021,04/18/2021 15:55 CDT,97407,20.47,27.74,3.095,8.065,350.06,102451.83
TWB14,Uvalde_2020_02,29.60214,-99.73007,436.7784,6/28/21,p,2021,04/18/2021 16:00 CDT,97402,20.16,28.18,2.995,8.065,359.41,102452.18
TWB14,Uvalde_2020_02,29.60214,-99.73007,436.7784,6/28/21,p,2021,04/18/2021 16:05 CDT,97389,20.17,28.21,1.76,8.065,484.48,102439.91
TWB14,Uvalde_2020_02,29.60214,-99.73007,436.7784,6/28/21,p,2021,04/18/2021 16:10 CDT,97378,20.57,27.27,1.85,8.065,525.88,102420.8
TWB14,Uvalde_2020_02,29.60214,-99.73007,436.7784,6/28/21,p,2021,04/18/2021 16:15 CDT,97370,20.94,27.27,3.88,8.55,733.41,102406.09
TWB14,Uvalde_2020_02,29.60214,-99.73007,436.7784,6/28/21,p,2021,04/18/2021 16:20 CDT,97357,21.25,26.56,3.88,7.885,732.75,102384.06
TWB14,Uvalde_2020_02,29.60214,-99.73007,436.7784,6/28/21,p,2021,04/18/2021 16:25 CDT,97349,21.13,27.34,2.85,7.885,394.08,102377.73
TWB14,Uvalde_2020_02,29.60214,-99.73007,436.7784,6/28/21,p,2021,04/18/2021 16:30 CDT,97348,20.79,27.2,3.31,7.885,333.8,102383.48
TWB14,Uvalde_2020_02,29.60214,-99.73007,436.7784,6/28/21,p,2021,04/18/2021 16:35 CDT,97347,20.45,29.09,2.65,7.885,337.75,102390.46
TWB14,Uvalde_2020_02,29.60214,-99.73007,436.7784,6/28/21,p,2021,04/18/2021 16:40 CDT,97337,20.64,27.37,2.26,7.885,455.16,102379.6
TWB14,Uvalde_2020_02,29.60214,-99.73007,436.7784,6/28/21,p,2021,04/18/2021 16:45 CDT,97330,20.85,26.43,2.165,7.885,338.28,102365.78
TWB14,Uvalde_2020_02,29.60214,-99.73007,436.7784,6/28/21,p,2021,04/18/2021 16:50 CDT,97321,20.85,27.44,1.26,7.885,339.47,102358.05
TWB14,Uvalde_2020_02,29.60214,-99.73007,436.7784,6/28/21,p,2021,04/18/2021 16:55 CDT,97315,21.04,26.06,2.105,7.885,452.23,102348.43
TWB14,Uvalde_2020_02,29.60214,-99.73007,436.7784,6/28/21,p,2021,04/18/2021 17:00 CDT,97301,21.14,26.49,1.08,7.885,406.78,102330.91
TWB14,Uvalde_2020_02,29.60214,-99.73007,436.7784,6/28/21,p,2021,04/18/2021 17:05 CDT,97294,21.53,26.9,0.46,7.885,372.27,102321.81
TWB14,Uvalde_2020_02,29.60214,-99.73007,436.7784,6/28/21,p,2021,04/18/2021 17:10 CDT,97292,22.12,26.06,0.97,7.885,485.74,102311.71
TWB14,Uvalde_2020_02,29.60214,-99.73007,436.7784,6/28/21,p,2021,04/18/2021 17:15 CDT,97286,22.34,25.42,2.03,7.885,560.93,102294.31
TWB14,Uvalde_2020_02,29.60214,-99.73007,436.7784,6/28/21,p,2021,04/18/2021 17:20 CDT,97279,21.82,25.21,2.12,7.885,423.6,102291.63
TWB14,Uvalde_2020_02,29.60214,-99.73007,436.7784,6/28/21,p,2021,04/18/2021 17:25 CDT,97276,21.57,26.26,2.49,7.885,447.74,102292.8
TWB14,Uvalde_2020_02,29.60214,-99.73007,436.7784,6/28/21,p,2021,04/18/2021 17:30 CDT,97270,21.77,25.45,3.225,7.885,501.76,102286.49
TWB14,Uvalde_2020_02,29.60214,-99.73007,436.7784,6/28/21,p,2021,04/18/2021 17:35 CDT,97270,21.51,26.29,3.265,7.885,462.73,102287.18
TWB14,Uvalde_2020_02,29.60214,-99.73007,436.7784,6/28/21,p,2021,04/18/2021 17:40 CDT,97270,21.86,25.25,2.405,7.885,403.81,102285.11
TWB14,Uvalde_2020_02,29.60214,-99.73007,436.7784,6/28/21,p,2021,04/18/2021 17:45 CDT,97268,21.64,26.33,2.825,7.885,386.27,102284.39
TWB14,Uvalde_2020_02,29.60214,-99.73007,436.7784,6/28/21,p,2021,04/18/2021 17:50 CDT,97267,21.36,27,2.49,7.885,365.2,102289.76
TWB14,Uvalde_2020_02,29.60214,-99.73007,436.7784,6/28/21,p,2021,04/18/2021 17:55 CDT,97267,21.4,25.96,2.31,7.885,345.72,102289.94
TWB14,Uvalde_2020_02,29.60214,-99.73007,436.7784,6/28/21,p,2021,04/18/2021 18:00 CDT,97265,21.35,26.53,1.51,7.885,278.5,102290.09
TWB14,Uvalde_2020_02,29.60214,-99.73007,436.7784,6/28/21,p,2021,04/18/2021 18:05 CDT,97262,21.34,26.63,2.305,7.885,303.04,102286.76
TWB14,Uvalde_2020_02,29.60214,-99.73007,436.7784,6/28/21,p,2021,04/18/2021 18:10 CDT,97257,21.39,26.53,1.8,7.885,290.77,102279.94
TWB14,Uvalde_2020_02,29.60214,-99.73007,436.7784,6/28/21,p,2021,04/18/2021 18:15 CDT,97252,21.46,25.92,1.435,7.885,275.55,102274.86
TWB14,Uvalde_2020_02,29.60214,-99.73007,436.7784,6/28/21,p,2021,04/18/2021 18:20 CDT,97243,21.52,26.19,0.905,7.885,259.17,102265.39
TWB14,Uvalde_2020_02,29.60214,-99.73007,436.7784,6/28/21,p,2021,04/18/2021 18:25 CDT,97243,21.97,25.85,0.705,7.885,244.27,102258.79
TWB14,Uvalde_2020_02,29.60214,-99.73007,436.7784,6/28/21,p,2021,04/18/2021 18:30 CDT,97243,21.7,26.87,2.435,7.885,253.76,102260.52
TWB14,Uvalde_2020_02,29.60214,-99.73007,436.7784,6/28/21,p,2021,04/18/2021 18:35 CDT,97243,21.41,26.6,2.475,7.885,173.19,102265.74
TWB14,Uvalde_2020_02,29.60214,-99.73007,436.7784,6/28/21,p,2021,04/18/2021 18:40 CDT,97245,20.87,27.94,1.955,7.885,84.14,102276.54
TWB14,Uvalde_2020_02,29.60214,-99.73007,436.7784,6/28/21,p,2021,04/18/2021 18:45 CDT,97249,20.62,28.35,2.095,7.885,85.18,102287.04
TWB14,Uvalde_2020_02,29.60214,-99.73007,436.7784,6/28/21,p,2021,04/18/2021 18:50 CDT,97256,20.65,28.55,1.44,7.885,99.96,102296.15
TWB14,Uvalde_2020_02,29.60214,-99.73007,436.7784,6/28/21,p,2021,04/18/2021 18:55 CDT,97259,20.77,28.42,0.95,7.885,91.21,102297.73
TWB14,Uvalde_2020_02,29.60214,-99.73007,436.7784,6/28/21,p,2021,04/18/2021 19:00 CDT,97259,20.81,28.22,1.405,7.885,89.58,102296.86
TWB14,Uvalde_2020_02,29.60214,-99.73007,436.7784,6/28/21,p,2021,04/18/2021 19:05 CDT,97262,20.77,28.99,1.71,7.885,84.09,102300.36
TWB14,Uvalde_2020_02,29.60214,-99.73007,436.7784,6/28/21,p,2021,04/18/2021 19:10 CDT,97267,20.73,28.76,1.815,7.885,77.88,102306.67
TWB14,Uvalde_2020_02,29.60214,-99.73007,436.7784,6/28/21,p,2021,04/18/2021 19:15 CDT,97267,20.66,29.23,1.195,7.885,59.19,102308.42
TWB14,Uvalde_2020_02,29.60214,-99.73007,436.7784,6/28/21,p,2021,04/18/2021 19:20 CDT,97268,20.6,29.91,1.47,7.885,48.43,102310.52
TWB14,Uvalde_2020_02,29.60214,-99.73007,436.7784,6/28/21,p,2021,04/18/2021 19:25 CDT,97273,20.51,29.64,1.2,7.885,37.95,102317.36
TWB14,Uvalde_2020_02,29.60214,-99.73007,436.7784,6/28/21,p,2021,04/18/2021 19:30 CDT,97281,20.47,29.24,0.84,7.885,30.66,102327
TWB14,Uvalde_2020_02,29.60214,-99.73007,436.7784,6/28/21,p,2021,04/18/2021 19:35 CDT,97287,20.38,29.41,0.705,7.885,25.09,102334.72
TWB14,Uvalde_2020_02,29.60214,-99.73007,436.7784,6/28/21,p,2021,04/18/2021 19:40 CDT,97299,20.2,29.71,1.11,7.885,20.9,102350.68
TWB14,Uvalde_2020_02,29.60214,-99.73007,436.7784,6/28/21,p,2021,04/18/2021 19:45 CDT,97307,20.1,30.19,0.56,7.885,16.99,102361.2
TWB14,Uvalde_2020_02,29.60214,-99.73007,436.7784,6/28/21,p,2021,04/18/2021 19:50 CDT,97316,19.99,30.25,1.1,7.885,13.15,102372.78
TWB14,Uvalde_2020_02,29.60214,-99.73007,436.7784,6/28/21,p,2021,04/18/2021 19:55 CDT,97318,19.86,30.36,0.705,7.885,9.75,102377.17
TWB14,Uvalde_2020_02,29.60214,-99.73007,436.7784,6/28/21,p,2021,04/18/2021 20:00 CDT,97321,19.77,30.76,0.455,7.885,6.03,102381.91
TWB14,Uvalde_2020_02,29.60214,-99.73007,436.7784,6/28/21,p,2021,04/18/2021 20:05 CDT,97332,19.65,30.79,0.855,7.885,3.35,102396.14
TWB14,Uvalde_2020_02,29.60214,-99.73007,436.7784,6/28/21,p,2021,04/18/2021 20:10 CDT,97343,19.63,30.96,0.67,7.885,1.63,102408.77
TWB14,Uvalde_2020_02,29.60214,-99.73007,436.7784,6/28/21,p,2021,04/18/2021 20:15 CDT,97347,19.55,31.27,0.185,7.885,0.99,102414.03
TWB14,Uvalde_2020_02,29.60214,-99.73007,436.7784,6/28/21,p,2021,04/18/2021 20:20 CDT,97355,19.45,31.54,0.66,7.885,0.42,102423.86
TWB14,Uvalde_2020_02,29.60214,-99.73007,436.7784,6/28/21,p,2021,04/18/2021 20:25 CDT,97364,19.39,31.54,0.92,7.885,0,102435.63
TWB14,Uvalde_2020_02,29.60214,-99.73007,436.7784,6/28/21,p,2021,04/18/2021 20:30 CDT,97375,19.35,31.47,1.19,7.885,0,102447.92
TWB14,Uvalde_2020_02,29.60214,-99.73007,436.7784,6/28/21,p,2021,04/18/2021 20:35 CDT,97379,19.23,31.17,1.43,7.885,0,102453.37
TWB14,Uvalde_2020_02,29.60214,-99.73007,436.7784,6/28/21,p,2021,04/18/2021 20:40 CDT,97386,19.1,31.61,1.555,7.885,0,102463.04
TWB14,Uvalde_2020_02,29.60214,-99.73007,436.7784,6/28/21,p,2021,04/18/2021 20:45 CDT,97403,19,31.81,1.345,7.885,0,102482.7
TWB14,Uvalde_2020_02,29.60214,-99.73007,436.7784,6/28/21,p,2021,04/18/2021 20:50 CDT,97417,18.85,32.29,1.275,7.885,0,102500.27
TWB14,Uvalde_2020_02,29.60214,-99.73007,436.7784,6/28/21,p,2021,04/18/2021 20:55 CDT,97432,18.7,32.56,1.36,7.885,0,102518.54
TWB14,Uvalde_2020_02,29.60214,-99.73007,436.7784,6/28/21,p,2021,04/18/2021 21:00 CDT,97439,18.59,33.1,1.295,7.885,0,102528.22
TWB14,Uvalde_2020_02,29.60214,-99.73007,436.7784,6/28/21,p,2021,04/18/2021 21:05 CDT,97448,18.51,33.7,1.53,7.885,0,102539.47
TWB14,Uvalde_2020_02,29.60214,-99.73007,436.7784,6/28/21,p,2021,04/18/2021 21:10 CDT,97462,18.38,34.18,1.34,7.885,0,102555.62
TWB14,Uvalde_2020_02,29.60214,-99.73007,436.7784,6/28/21,p,2021,04/18/2021 21:15 CDT,97468,18.26,34.14,1.6,7.885,0,102564.62
TWB14,Uvalde_2020_02,29.60214,-99.73007,436.7784,6/28/21,p,2021,04/18/2021 21:20 CDT,97471,18.26,34.51,1.22,7.885,0,102568.49
TWB14,Uvalde_2020_02,29.60214,-99.73007,436.7784,6/28/21,p,2021,04/18/2021 21:25 CDT,97475,18.15,34.99,0.745,7.885,0.03,102573.94
TWB14,Uvalde_2020_02,29.60214,-99.73007,436.7784,6/28/21,p,2021,04/18/2021 21:30 CDT,97487,17.91,35.7,0.845,7.885,0.32,102590.33
TWB14,Uvalde_2020_02,29.60214,-99.73007,436.7784,6/28/21,p,2021,04/18/2021 21:35 CDT,97497,17.66,36.41,0.895,7.885,0.49,102605.51
TWB14,Uvalde_2020_02,29.60214,-99.73007,436.7784,6/28/21,p,2021,04/18/2021 21:40 CDT,97499,17.44,36.88,1.02,7.885,0.41,102612.28
TWB14,Uvalde_2020_02,29.60214,-99.73007,436.7784,6/28/21,p,2021,04/18/2021 21:45 CDT,97502,17.32,37.22,1.2,7.885,0.02,102619.04
TWB14,Uvalde_2020_02,29.60214,-99.73007,436.7784,6/28/21,p,2021,04/18/2021 21:50 CDT,97515,17.17,37.63,1.125,7.885,0,102635.78
TWB14,Uvalde_2020_02,29.60214,-99.73007,436.7784,6/28/21,p,2021,04/18/2021 21:55 CDT,97525,16.96,38.1,1,7.885,0.19,102650.27
TWB14,Uvalde_2020_02,29.60214,-99.73007,436.7784,6/28/21,p,2021,04/18/2021 22:00 CDT,97530,16.75,39.31,0.615,7.885,0.84,102660.23
TWB14,Uvalde_2020_02,29.60214,-99.73007,436.7784,6/28/21,p,2021,04/18/2021 22:05 CDT,97531,16.38,41.14,0.26,7.885,1.29,102668.52
TWB14,Uvalde_2020_02,29.60214,-99.73007,436.7784,6/28/21,p,2021,04/18/2021 22:10 CDT,97531,15.96,44.24,0.325,7.885,1.37,102676.87
TWB14,Uvalde_2020_02,29.60214,-99.73007,436.7784,6/28/21,p,2021,04/18/2021 22:15 CDT,97534,15.58,45.12,0.07,7.885,1.61,102686.77
TWB14,Uvalde_2020_02,29.60214,-99.73007,436.7784,6/28/21,p,2021,04/18/2021 22:20 CDT,97542,15.21,44.38,0.03,7.885,2.15,102701.96
TWB14,Uvalde_2020_02,29.60214,-99.73007,436.7784,6/28/21,p,2021,04/18/2021 22:25 CDT,97543,14.9,44.72,0.03,7.885,1.98,102709.42
TWB14,Uvalde_2020_02,29.60214,-99.73007,436.7784,6/28/21,p,2021,04/18/2021 22:30 CDT,97541,14.68,46.34,0.035,7.885,1.88,102713.37
TWB14,Uvalde_2020_02,29.60214,-99.73007,436.7784,6/28/21,p,2021,04/18/2021 22:35 CDT,97546,14.2,47.49,0.055,7.885,1.52,102727.47
TWB14,Uvalde_2020_02,29.60214,-99.73007,436.7784,6/28/21,p,2021,04/18/2021 22:40 CDT,97550,14.06,48.27,0.37,7.885,2.02,102738.7
TWB14,Uvalde_2020_02,29.60214,-99.73007,436.7784,6/28/21,p,2021,04/18/2021 22:45 CDT,97544,14.08,48.84,0.135,7.885,2.02,102737.57
TWB14,Uvalde_2020_02,29.60214,-99.73007,436.7784,6/28/21,p,2021,04/18/2021 22:50 CDT,97544,13.71,49.38,0,7.885,0.82,102742.95
TWB14,Uvalde_2020_02,29.60214,-99.73007,436.7784,6/28/21,p,2021,04/18/2021 22:55 CDT,97545,13.33,50.27,0,7.885,1.34,102748.83
TWB14,Uvalde_2020_02,29.60214,-99.73007,436.7784,6/28/21,p,2021,04/18/2021 23:00 CDT,97544,13.11,51.22,0.03,7.885,0.61,102752.62
TWB14,Uvalde_2020_02,29.60214,-99.73007,436.7784,6/28/21,p,2021,04/18/2021 23:05 CDT,97542,12.82,51.83,0.065,7.885,0,102755.74
TWB14,Uvalde_2020_02,29.60214,-99.73007,436.7784,6/28/21,p,2021,04/18/2021 23:10 CDT,97544,12.42,52.78,0.015,7.885,0.6,102762.89
TWB14,Uvalde_2020_02,29.60214,-99.73007,436.7784,6/28/21,p,2021,04/18/2021 23:15 CDT,97544,12.13,52.84,0,7.885,0.38,102767.39
TWB14,Uvalde_2020_02,29.60214,-99.73007,436.7784,6/28/21,p,2021,04/18/2021 23:20 CDT,97548,11.79,53.52,0,7.885,0.57,102776.86
TWB14,Uvalde_2020_02,29.60214,-99.73007,436.7784,6/28/21,p,2021,04/18/2021 23:25 CDT,97547,11.5,55,0,7.885,0.1,102780.5
TWB14,Uvalde_2020_02,29.60214,-99.73007,436.7784,6/28/21,p,2021,04/18/2021 23:30 CDT,97544,11.22,55.61,0.025,7.885,0,102782.62
TWB14,Uvalde_2020_02,29.60214,-99.73007,436.7784,6/28/21,p,2021,04/18/2021 23:35 CDT,97545,10.83,57.1,0.83,7.885,0,102789.52
TWB14,Uvalde_2020_02,29.60214,-99.73007,436.7784,6/28/21,p,2021,04/18/2021 23:40 CDT,97539,10.58,56.77,0.57,7.885,0,102789.25
TWB14,Uvalde_2020_02,29.60214,-99.73007,436.7784,6/28/21,p,2021,04/18/2021 23:45 CDT,97537,10.64,58.56,0.27,7.885,0,102790.36
TWB14,Uvalde_2020_02,29.60214,-99.73007,436.7784,6/28/21,p,2021,04/18/2021 23:50 CDT,97536,10.58,59.27,0.035,7.885,0.38,102791.2
TWB14,Uvalde_2020_02,29.60214,-99.73007,436.7784,6/28/21,p,2021,04/18/2021 23:55 CDT,97537,10.52,60.62,0.205,7.885,0.27,102794.53
TWB14,Uvalde_2020_02,29.60214,-99.73007,436.7784,6/28/21,p,2021,04/19/2021 00:00 CDT,97540,10.53,60.96,0.175,7.885,0.14,102797.88
TWB14,Uvalde_2020_02,29.60214,-99.73007,436.7784,6/28/21,p,2021,04/19/2021 00:05 CDT,97531,10.55,60.93,0.12,7.885,0.45,102785.93
TWB14,Uvalde_2020_02,29.60214,-99.73007,436.7784,6/28/21,p,2021,04/19/2021 00:10 CDT,97530,10.48,61.34,0,7.885,1.1,102785.44
TWB14,Uvalde_2020_02,29.60214,-99.73007,436.7784,6/28/21,p,2021,04/19/2021 00:15 CDT,97529,10.33,61.61,0,7.885,0.13,102787.24
TWB14,Uvalde_2020_02,29.60214,-99.73007,436.7784,6/28/21,p,2021,04/19/2021 00:20 CDT,97526,10.18,62.25,0.025,7.885,0.19,102787.12
TWB14,Uvalde_2020_02,29.60214,-99.73007,436.7784,6/28/21,p,2021,04/19/2021 00:25 CDT,97528,10.02,62.89,0,7.885,0.89,102792.08
TWB14,Uvalde_2020_02,29.60214,-99.73007,436.7784,6/28/21,p,2021,04/19/2021 00:30 CDT,97524,9.88,63.74,0.005,7.885,0.81,102791.29
TWB14,Uvalde_2020_02,29.60214,-99.73007,436.7784,6/28/21,p,2021,04/19/2021 00:35 CDT,97533,9.79,63.27,0.235,7.885,0,102802.31
TWB14,Uvalde_2020_02,29.60214,-99.73007,436.7784,6/28/21,p,2021,04/19/2021 00:40 CDT,97534,9.78,63.58,0.68,7.885,0,102805.65
TWB14,Uvalde_2020_02,29.60214,-99.73007,436.7784,6/28/21,p,2021,04/19/2021 00:45 CDT,97537,9.67,63.08,0.56,7.885,0,102810.34
TWB14,Uvalde_2020_02,29.60214,-99.73007,436.7784,6/28/21,p,2021,04/19/2021 00:50 CDT,97549,9.62,62.67,0.505,7.885,0,102822.8
TWB14,Uvalde_2020_02,29.60214,-99.73007,436.7784,6/28/21,p,2021,04/19/2021 00:55 CDT,97554,9.48,62.74,0.51,7.885,0,102830.37
TWB14,Uvalde_2020_02,29.60214,-99.73007,436.7784,6/28/21,p,2021,04/19/2021 01:00 CDT,97555,9.27,64.43,0.565,7.885,0,102835.82
TWB14,Uvalde_2020_02,29.60214,-99.73007,436.7784,6/28/21,p,2021,04/19/2021 01:05 CDT,97552,9.33,63.01,0.535,7.885,0.1,102831.71
TWB14,Uvalde_2020_02,29.60214,-99.73007,436.7784,6/28/21,p,2021,04/19/2021 01:10 CDT,97555,9.41,64.26,0.69,7.885,0,102835.06
TWB14,Uvalde_2020_02,29.60214,-99.73007,436.7784,6/28/21,p,2021,04/19/2021 01:15 CDT,97555,9.34,65.17,0.855,7.885,0,102839.46
TWB14,Uvalde_2020_02,29.60214,-99.73007,436.7784,6/28/21,p,2021,04/19/2021 01:20 CDT,97560,9.23,65.31,0.35,7.885,0,102845.5
TWB14,Uvalde_2020_02,29.60214,-99.73007,436.7784,6/28/21,p,2021,04/19/2021 01:25 CDT,97571,9.07,65.99,0.085,7.885,0.13,102857.1
TWB14,Uvalde_2020_02,29.60214,-99.73007,436.7784,6/28/21,p,2021,04/19/2021 01:30 CDT,97579,9.06,66.76,0.1,7.885,0.54,102865.72
TWB14,Uvalde_2020_02,29.60214,-99.73007,436.7784,6/28/21,p,2021,04/19/2021 01:35 CDT,97581,9.01,66.59,0.03,7.885,0.1,102867.64
TWB14,Uvalde_2020_02,29.60214,-99.73007,436.7784,6/28/21,p,2021,04/19/2021 01:40 CDT,97587,8.97,66.26,0,7.885,0,102872.81
TWB14,Uvalde_2020_02,29.60214,-99.73007,436.7784,6/28/21,p,2021,04/19/2021 01:45 CDT,97593,9.04,65.48,0.015,7.885,0,102875.3
TWB14,Uvalde_2020_02,29.60214,-99.73007,436.7784,6/28/21,p,2021,04/19/2021 01:50 CDT,97586,9.12,65.24,0.255,7.885,0,102865.24
TWB14,Uvalde_2020_02,29.60214,-99.73007,436.7784,6/28/21,p,2021,04/19/2021 01:55 CDT,97582,9.19,65.11,0.65,7.885,0,102858.92
TWB14,Uvalde_2020_02,29.60214,-99.73007,436.7784,6/28/21,p,2021,04/19/2021 02:00 CDT,97586,9.17,65.24,0.655,7.885,0,102865.43
TWB14,Uvalde_2020_02,29.60214,-99.73007,436.7784,6/28/21,p,2021,04/19/2021 02:05 CDT,97606,9.06,65.38,0.165,7.885,0,102888.05
TWB14,Uvalde_2020_02,29.60214,-99.73007,436.7784,6/28/21,p,2021,04/19/2021 02:10 CDT,97604,8.91,65.85,0.02,7.885,0,102886.7
TWB14,Uvalde_2020_02,29.60214,-99.73007,436.7784,6/28/21,p,2021,04/19/2021 02:15 CDT,97606,8.83,66.19,0.205,7.885,0,102889
TWB14,Uvalde_2020_02,29.60214,-99.73007,436.7784,6/28/21,p,2021,04/19/2021 02:20 CDT,97615,8.81,66.32,0.465,7.885,0,102898.49
TWB14,Uvalde_2020_02,29.60214,-99.73007,436.7784,6/28/21,p,2021,04/19/2021 02:25 CDT,97615,8.81,67.03,0.085,7.885,0,102898.1
TWB14,Uvalde_2020_02,29.60214,-99.73007,436.7784,6/28/21,p,2021,04/19/2021 02:30 CDT,97612,8.87,67.03,0,7.885,0,102894.37
TWB14,Uvalde_2020_02,29.60214,-99.73007,436.7784,6/28/21,p,2021,04/19/2021 02:35 CDT,97613,8.84,67.1,0.055,7.885,0,102895.8
TWB14,Uvalde_2020_02,29.60214,-99.73007,436.7784,6/28/21,p,2021,04/19/2021 02:40 CDT,97615,8.83,65.72,0.045,7.885,0,102899.07
TWB14,Uvalde_2020_02,29.60214,-99.73007,436.7784,6/28/21,p,2021,04/19/2021 02:45 CDT,97621,8.84,66.05,0.03,7.885,0,102906.54
TWB14,Uvalde_2020_02,29.60214,-99.73007,436.7784,6/28/21,p,2021,04/19/2021 02:50 CDT,97622,8.8,66.46,0,7.885,0,102907.79
TWB14,Uvalde_2020_02,29.60214,-99.73007,436.7784,6/28/21,p,2021,04/19/2021 02:55 CDT,97616,8.85,66.53,0.04,7.885,0,102900.12
TWB14,Uvalde_2020_02,29.60214,-99.73007,436.7784,6/28/21,p,2021,04/19/2021 03:00 CDT,97609,8.91,65.01,0.335,7.885,0,102890.25
TWB14,Uvalde_2020_02,29.60214,-99.73007,436.7784,6/28/21,p,2021,04/19/2021 03:05 CDT,97612,9.03,64.23,0.355,7.885,0,102890.16
TWB14,Uvalde_2020_02,29.60214,-99.73007,436.7784,6/28/21,p,2021,04/19/2021 03:10 CDT,97610,9.13,64.5,0.045,7.885,0,102885.18
TWB14,Uvalde_2020_02,29.60214,-99.73007,436.7784,6/28/21,p,2021,04/19/2021 03:15 CDT,97606,9.25,64.67,0,7.885,0,102878.67
TWB14,Uvalde_2020_02,29.60214,-99.73007,436.7784,6/28/21,p,2021,04/19/2021 03:20 CDT,97609,9.4,64.53,0.07,7.885,0,102878.78
TWB14,Uvalde_2020_02,29.60214,-99.73007,436.7784,6/28/21,p,2021,04/19/2021 03:25 CDT,97616,9.52,65.11,0.025,7.885,0,102883.49
TWB14,Uvalde_2020_02,29.60214,-99.73007,436.7784,6/28/21,p,2021,04/19/2021 03:30 CDT,97609,9.61,65.31,0.065,7.885,0,102873.82
TWB14,Uvalde_2020_02,29.60214,-99.73007,436.7784,6/28/21,p,2021,04/19/2021 03:35 CDT,97608,9.7,63.76,0.225,7.885,0,102870.87
TWB14,Uvalde_2020_02,29.60214,-99.73007,436.7784,6/28/21,p,2021,04/19/2021 03:40 CDT,97609,9.77,63.62,0.015,7.885,0,102870.97
TWB14,Uvalde_2020_02,29.60214,-99.73007,436.7784,6/28/21,p,2021,04/19/2021 03:45 CDT,97611,9.84,63.62,0.055,7.885,0,102871.18
TWB14,Uvalde_2020_02,29.60214,-99.73007,436.7784,6/28/21,p,2021,04/19/2021 03:50 CDT,97618,9.91,64.03,0.01,7.885,0,102877.04
TWB14,Uvalde_2020_02,29.60214,-99.73007,436.7784,6/28/21,p,2021,04/19/2021 03:55 CDT,97625,9.92,64.06,0.395,7.885,0,102883.46
TWB14,Uvalde_2020_02,29.60214,-99.73007,436.7784,6/28/21,p,2021,04/19/2021 04:00 CDT,97632,9.92,63.45,0.33,7.885,0,102890.65
TWB14,Uvalde_2020_02,29.60214,-99.73007,436.7784,6/28/21,p,2021,04/19/2021 04:05 CDT,97634,9.93,63.65,0.195,7.885,0,102892.76
TWB14,Uvalde_2020_02,29.60214,-99.73007,436.7784,6/28/21,p,2021,04/19/2021 04:10 CDT,97630,9.97,63.2,0.385,7.885,0,102887.98
TWB14,Uvalde_2020_02,29.60214,-99.73007,436.7784,6/28/21,p,2021,04/19/2021 04:15 CDT,97627,10.03,62.89,0.185,7.885,0,102883.68
TWB14,Uvalde_2020_02,29.60214,-99.73007,436.7784,6/28/21,p,2021,04/19/2021 04:20 CDT,97625,10.08,63.06,0.11,7.885,0,102880.43
TWB14,Uvalde_2020_02,29.60214,-99.73007,436.7784,6/28/21,p,2021,04/19/2021 04:25 CDT,97621,10.1,63.63,0.22,7.885,0,102875.45
TWB14,Uvalde_2020_02,29.60214,-99.73007,436.7784,6/28/21,p,2021,04/19/2021 04:30 CDT,97622,10.13,62.92,0.32,7.885,0,102876.32
TWB14,Uvalde_2020_02,29.60214,-99.73007,436.7784,6/28/21,p,2021,04/19/2021 04:35 CDT,97608,10.18,63.73,0.055,7.885,0,102860.62
TWB14,Uvalde_2020_02,29.60214,-99.73007,436.7784,6/28/21,p,2021,04/19/2021 04:40 CDT,97598,10.18,63.4,0,7.885,0,102849.89
TWB14,Uvalde_2020_02,29.60214,-99.73007,436.7784,6/28/21,p,2021,04/19/2021 04:45 CDT,97596,10.19,63.67,0,7.885,0,102847.78
TWB14,Uvalde_2020_02,29.60214,-99.73007,436.7784,6/28/21,p,2021,04/19/2021 04:50 CDT,97594,10.22,63.8,0,7.885,0,102845.29
TWB14,Uvalde_2020_02,29.60214,-99.73007,436.7784,6/28/21,p,2021,04/19/2021 04:55 CDT,97596,10.3,64.07,0.5,7.885,0,102846.45
TWB14,Uvalde_2020_02,29.60214,-99.73007,436.7784,6/28/21,p,2021,04/19/2021 05:00 CDT,97596,10.33,64.21,0.315,7.885,0,102845.51
TWB14,Uvalde_2020_02,29.60214,-99.73007,436.7784,6/28/21,p,2021,04/19/2021 05:05 CDT,97593,10.33,63.6,0.035,7.885,0,102841.78
TWB14,Uvalde_2020_02,29.60214,-99.73007,436.7784,6/28/21,p,2021,04/19/2021 05:10 CDT,97595,10.35,64.65,0.58,7.885,0,102843.31
TWB14,Uvalde_2020_02,29.60214,-99.73007,436.7784,6/28/21,p,2021,04/19/2021 05:15 CDT,97596,10.31,63.97,0.475,7.885,0,102845.51
TWB14,Uvalde_2020_02,29.60214,-99.73007,436.7784,6/28/21,p,2021,04/19/2021 05:20 CDT,97591,10.32,64.07,0.05,7.885,0,102840.05
TWB14,Uvalde_2020_02,29.60214,-99.73007,436.7784,6/28/21,p,2021,04/19/2021 05:25 CDT,97590,10.34,63.97,0.01,7.885,0,102838.43
TWB14,Uvalde_2020_02,29.60214,-99.73007,436.7784,6/28/21,p,2021,04/19/2021 05:30 CDT,97590,10.38,64.21,0,7.885,0,102837.67
TWB14,Uvalde_2020_02,29.60214,-99.73007,436.7784,6/28/21,p,2021,04/19/2021 05:35 CDT,97596,10.38,64,0,7.885,0,102843.99
TWB14,Uvalde_2020_02,29.60214,-99.73007,436.7784,6/28/21,p,2021,04/19/2021 05:40 CDT,97596,10.39,64.48,0.01,7.885,0,102843.99
TWB14,Uvalde_2020_02,29.60214,-99.73007,436.7784,6/28/21,p,2021,04/19/2021 05:45 CDT,97597,10.35,64.55,0,7.885,0,102845.99
TWB14,Uvalde_2020_02,29.60214,-99.73007,436.7784,6/28/21,p,2021,04/19/2021 05:50 CDT,97601,10.31,65.36,0.23,7.885,0,102850.96
TWB14,Uvalde_2020_02,29.60214,-99.73007,436.7784,6/28/21,p,2021,04/19/2021 05:55 CDT,97597,10.25,65.76,0.465,7.885,0,102848.64
TWB14,Uvalde_2020_02,29.60214,-99.73007,436.7784,6/28/21,p,2021,04/19/2021 06:00 CDT,97610,10.16,66.98,0.605,7.885,0,102864.42
TWB14,Uvalde_2020_02,29.60214,-99.73007,436.7784,6/28/21,p,2021,04/19/2021 06:05 CDT,97602,10.01,67.48,0.335,7.885,0,102858.83
TWB14,Uvalde_2020_02,29.60214,-99.73007,436.7784,6/28/21,p,2021,04/19/2021 06:10 CDT,97611,10,67.52,0.64,7.885,0,102868.7
TWB14,Uvalde_2020_02,29.60214,-99.73007,436.7784,6/28/21,p,2021,04/19/2021 06:15 CDT,97613,10,66.91,0.175,7.885,0,102870.62
TWB14,Uvalde_2020_02,29.60214,-99.73007,436.7784,6/28/21,p,2021,04/19/2021 06:20 CDT,97615,10.04,66.71,0.115,7.885,0,102871.97
TWB14,Uvalde_2020_02,29.60214,-99.73007,436.7784,6/28/21,p,2021,04/19/2021 06:25 CDT,97616,10.07,67.31,0.05,7.885,0,102872.26
TWB14,Uvalde_2020_02,29.60214,-99.73007,436.7784,6/28/21,p,2021,04/19/2021 06:30 CDT,97613,10.09,67.15,0,7.885,0,102868.34
TWB14,Uvalde_2020_02,29.60214,-99.73007,436.7784,6/28/21,p,2021,04/19/2021 06:35 CDT,97608,10.1,67.11,0.065,7.885,0,102863.07
TWB14,Uvalde_2020_02,29.60214,-99.73007,436.7784,6/28/21,p,2021,04/19/2021 06:40 CDT,97607,10.2,66.91,0.01,7.885,0,102861.07
TWB14,Uvalde_2020_02,29.60214,-99.73007,436.7784,6/28/21,p,2021,04/19/2021 06:45 CDT,97610,10.25,68.26,0.46,7.885,0,102863.09
TWB14,Uvalde_2020_02,29.60214,-99.73007,436.7784,6/28/21,p,2021,04/19/2021 06:50 CDT,97621,10.24,67.62,0.845,7.885,0,102874.49
TWB14,Uvalde_2020_02,29.60214,-99.73007,436.7784,6/28/21,p,2021,04/19/2021 06:55 CDT,97625,10.22,67.65,1.03,7.885,0,102878.9
TWB14,Uvalde_2020_02,29.60214,-99.73007,436.7784,6/28/21,p,2021,04/19/2021 07:00 CDT,97637,10.22,67.58,0.425,7.885,0,102891.16
TWB14,Uvalde_2020_02,29.60214,-99.73007,436.7784,6/28/21,p,2021,04/19/2021 07:05 CDT,97642,10.24,67.25,0.06,7.885,0.22,102896.24
TWB14,Uvalde_2020_02,29.60214,-99.73007,436.7784,6/28/21,p,2021,04/19/2021 07:10 CDT,97633,10.27,67.18,0.01,7.885,1.05,102885.81
TWB14,Uvalde_2020_02,29.60214,-99.73007,436.7784,6/28/21,p,2021,04/19/2021 07:15 CDT,97639,10.28,67.58,0.01,7.885,1.74,102891.75
TWB14,Uvalde_2020_02,29.60214,-99.73007,436.7784,6/28/21,p,2021,04/19/2021 07:20 CDT,97640,10.34,67.45,0,7.885,3.18,102891.86
TWB14,Uvalde_2020_02,29.60214,-99.73007,436.7784,6/28/21,p,2021,04/19/2021 07:25 CDT,97632,10.38,67.92,0.385,7.885,4.48,102882.86
TWB14,Uvalde_2020_02,29.60214,-99.73007,436.7784,6/28/21,p,2021,04/19/2021 07:30 CDT,97628,10.39,67.79,0.55,7.885,7.6,102877.89
TWB14,Uvalde_2020_02,29.60214,-99.73007,436.7784,6/28/21,p,2021,04/19/2021 07:35 CDT,97629,10.4,67.58,0.985,7.885,11.61,102878.75
TWB14,Uvalde_2020_02,29.60214,-99.73007,436.7784,6/28/21,p,2021,04/19/2021 07:40 CDT,97637,10.47,67.72,1.02,7.885,14.61,102886.24
TWB14,Uvalde_2020_02,29.60214,-99.73007,436.7784,6/28/21,p,2021,04/19/2021 07:45 CDT,97639,10.55,67.58,0.635,7.885,21.15,102886.83
TWB14,Uvalde_2020_02,29.60214,-99.73007,436.7784,6/28/21,p,2021,04/19/2021 07:50 CDT,97640,10.66,67.52,0.12,7.885,28.09,102885.81
TWB14,Uvalde_2020_02,29.60214,-99.73007,436.7784,6/28/21,p,2021,04/19/2021 07:55 CDT,97649,10.75,66.98,0.25,7.885,32.65,102893.59
TWB14,Uvalde_2020_02,29.60214,-99.73007,436.7784,6/28/21,p,2021,04/19/2021 08:00 CDT,97650,10.86,65.76,0.015,7.885,38.86,102892.57
TWB14,Uvalde_2020_02,29.60214,-99.73007,436.7784,6/28/21,p,2021,04/19/2021 08:05 CDT,97649,10.99,65.62,0,7.885,55.95,102889.25
TWB14,Uvalde_2020_02,29.60214,-99.73007,436.7784,6/28/21,p,2021,04/19/2021 08:10 CDT,97643,11.12,64.95,0.785,7.885,73.77,102880.3
TWB14,Uvalde_2020_02,29.60214,-99.73007,436.7784,6/28/21,p,2021,04/19/2021 08:15 CDT,97638,11.23,64.47,0.685,7.885,81.11,102872.21
TWB14,Uvalde_2020_02,29.60214,-99.73007,436.7784,6/28/21,p,2021,04/19/2021 08:20 CDT,97627,11.56,62.38,0.925,7.885,120.74,102855.36
TWB14,Uvalde_2020_02,29.60214,-99.73007,436.7784,6/28/21,p,2021,04/19/2021 08:25 CDT,97618,11.82,63.15,0.965,7.885,80.58,102840.44
TWB14,Uvalde_2020_02,29.60214,-99.73007,436.7784,6/28/21,p,2021,04/19/2021 08:30 CDT,97618,12.02,62.31,0.45,7.885,84.13,102835.76
TWB14,Uvalde_2020_02,29.60214,-99.73007,436.7784,6/28/21,p,2021,04/19/2021 08:35 CDT,97627,12.22,62.44,0.575,7.885,94.56,102842.25
TWB14,Uvalde_2020_02,29.60214,-99.73007,436.7784,6/28/21,p,2021,04/19/2021 08:40 CDT,97620,12.46,60.42,0.455,7.885,114.29,102831.15
TWB14,Uvalde_2020_02,29.60214,-99.73007,436.7784,6/28/21,p,2021,04/19/2021 08:45 CDT,97624,12.84,58.73,0.25,7.885,132.46,102829.04
TWB14,Uvalde_2020_02,29.60214,-99.73007,436.7784,6/28/21,p,2021,04/19/2021 08:50 CDT,97630,13.15,56.83,0.275,7.885,115.75,102829.6
TWB14,Uvalde_2020_02,29.60214,-99.73007,436.7784,6/28/21,p,2021,04/19/2021 08:55 CDT,97630,13.32,57.1,0.3,7.885,146.27,102826.07
TWB14,Uvalde_2020_02,29.60214,-99.73007,436.7784,6/28/21,p,2021,04/19/2021 09:00 CDT,97626,13.47,55.24,1.12,7.885,175.4,102816.13
TWB14,Uvalde_2020_02,29.60214,-99.73007,436.7784,6/28/21,p,2021,04/19/2021 09:05 CDT,97626,13.57,54.5,1.33,7.885,171.42,102812.98
TWB14,Uvalde_2020_02,29.60214,-99.73007,436.7784,6/28/21,p,2021,04/19/2021 09:10 CDT,97631,13.72,52.64,1.515,7.885,200.11,102815.3
TWB14,Uvalde_2020_02,29.60214,-99.73007,436.7784,6/28/21,p,2021,04/19/2021 09:15 CDT,97637,13.9,53.42,1.525,7.885,178.45,102818.11
TWB14,Uvalde_2020_02,29.60214,-99.73007,436.7784,6/28/21,p,2021,04/19/2021 09:20 CDT,97638,14.05,52.27,1.72,7.885,311.35,102816.41
TWB14,Uvalde_2020_02,29.60214,-99.73007,436.7784,6/28/21,p,2021,04/19/2021 09:25 CDT,97637,14.46,50.01,2,7.885,395.92,102807.64
TWB14,Uvalde_2020_02,29.60214,-99.73007,436.7784,6/28/21,p,2021,04/19/2021 09:30 CDT,97630,15.09,48.18,0.955,7.885,341.69,102790.93
TWB14,Uvalde_2020_02,29.60214,-99.73007,436.7784,6/28/21,p,2021,04/19/2021 09:35 CDT,97617,15.79,45.07,0.865,7.885,269.58,102765.4
TWB14,Uvalde_2020_02,29.60214,-99.73007,436.7784,6/28/21,p,2021,04/19/2021 09:40 CDT,97601,15.67,46.18,0.665,7.885,206.34,102748
TWB14,Uvalde_2020_02,29.60214,-99.73007,436.7784,6/28/21,p,2021,04/19/2021 09:45 CDT,97590,15.82,45.03,0.665,7.885,247.09,102734.79
TWB14,Uvalde_2020_02,29.60214,-99.73007,436.7784,6/28/21,p,2021,04/19/2021 09:50 CDT,97578,15.92,44.99,0.65,7.885,225.8,102720.52
TWB14,Uvalde_2020_02,29.60214,-99.73007,436.7784,6/28/21,p,2021,04/19/2021 09:55 CDT,97568,16.22,42.7,0.56,7.885,235.77,102704.92
TWB14,Uvalde_2020_02,29.60214,-99.73007,436.7784,6/28/21,p,2021,04/19/2021 10:00 CDT,97569,16.36,43.37,0.665,7.885,268.92,102704.16
TWB14,Uvalde_2020_02,29.60214,-99.73007,436.7784,6/28/21,p,2021,04/19/2021 10:05 CDT,97576,16.52,41.88,0.695,7.885,236.24,102708.09
TWB14,Uvalde_2020_02,29.60214,-99.73007,436.7784,6/28/21,p,2021,04/19/2021 10:10 CDT,97585,16.77,41.27,0.62,7.885,340.55,102712.33
TWB14,Uvalde_2020_02,29.60214,-99.73007,436.7784,6/28/21,p,2021,04/19/2021 10:15 CDT,97582,17.04,41.51,0.98,7.885,290.29,102703.93
TWB14,Uvalde_2020_02,29.60214,-99.73007,436.7784,6/28/21,p,2021,04/19/2021 10:20 CDT,97585,17.16,40.06,0.535,7.885,290.91,102704.76
TWB14,Uvalde_2020_02,29.60214,-99.73007,436.7784,6/28/21,p,2021,04/19/2021 10:25 CDT,97583,17.26,40.06,0.95,7.885,335.42,102700.67
TWB14,Uvalde_2020_02,29.60214,-99.73007,436.7784,6/28/21,p,2021,04/19/2021 10:30 CDT,97578,17.21,39.62,1.055,7.885,383.59,102695.23
TWB14,Uvalde_2020_02,29.60214,-99.73007,436.7784,6/28/21,p,2021,04/19/2021 10:35 CDT,97569,17.47,38.5,0.995,7.885,457.11,102681.63
TWB14,Uvalde_2020_02,29.60214,-99.73007,436.7784,6/28/21,p,2021,04/19/2021 10:40 CDT,97559,17.75,36.91,0.695,7.885,332.12,102665.73
TWB14,Uvalde_2020_02,29.60214,-99.73007,436.7784,6/28/21,p,2021,04/19/2021 10:45 CDT,97550,18.09,36.71,0.375,7.885,282.88,102651.43
TWB14,Uvalde_2020_02,29.60214,-99.73007,436.7784,6/28/21,p,2021,04/19/2021 10:50 CDT,97548,18.1,37.08,0.865,7.885,283.8,102649.14
TWB14,Uvalde_2020_02,29.60214,-99.73007,436.7784,6/28/21,p,2021,04/19/2021 10:55 CDT,97547,17.89,38.29,1.345,7.885,299.09,102647.55
TWB14,Uvalde_2020_02,29.60214,-99.73007,436.7784,6/28/21,p,2021,04/19/2021 11:00 CDT,97545,17.87,37.68,1.38,7.885,332.77,102645.27
TWB14,Uvalde_2020_02,29.60214,-99.73007,436.7784,6/28/21,p,2021,04/19/2021 11:05 CDT,97542,17.93,38.52,1.4,7.885,364.91,102640.85
TWB14,Uvalde_2020_02,29.60214,-99.73007,436.7784,6/28/21,p,2021,04/19/2021 11:10 CDT,97541,18.24,37.21,1.3,7.885,420.57,102637.13
TWB14,Uvalde_2020_02,29.60214,-99.73007,436.7784,6/28/21,p,2021,04/19/2021 11:15 CDT,97536,18.16,37.51,1.65,7.885,458.69,102630.62
TWB14,Uvalde_2020_02,29.60214,-99.73007,436.7784,6/28/21,p,2021,04/19/2021 11:20 CDT,97517,18.38,36.13,1.67,7.885,568.76,102606.89
TWB14,Uvalde_2020_02,29.60214,-99.73007,436.7784,6/28/21,p,2021,04/19/2021 11:25 CDT,97520,18.67,37.34,1.455,7.885,299.4,102607.19
TWB14,Uvalde_2020_02,29.60214,-99.73007,436.7784,6/28/21,p,2021,04/19/2021 11:30 CDT,97519,18.87,36.56,1.425,7.885,263.79,102602.41
TWB14,Uvalde_2020_02,29.60214,-99.73007,436.7784,6/28/21,p,2021,04/19/2021 11:35 CDT,97510,18.72,36.36,0.905,7.885,244.18,102595.43
TWB14,Uvalde_2020_02,29.60214,-99.73007,436.7784,6/28/21,p,2021,04/19/2021 11:40 CDT,97508,18.7,35.82,1.2,7.885,233.14,102593.5
TWB14,Uvalde_2020_02,29.60214,-99.73007,436.7784,6/28/21,p,2021,04/19/2021 11:45 CDT,97508,18.79,35.92,1.095,7.885,238.64,102592.97
TWB14,Uvalde_2020_02,29.60214,-99.73007,436.7784,6/28/21,p,2021,04/19/2021 11:50 CDT,97500,18.92,34.77,1.33,7.885,280.98,102581.72
TWB14,Uvalde_2020_02,29.60214,-99.73007,436.7784,6/28/21,p,2021,04/19/2021 11:55 CDT,97486,18.85,34.87,1.075,7.885,316.18,102567.34
TWB14,Uvalde_2020_02,29.60214,-99.73007,436.7784,6/28/21,p,2021,04/19/2021 12:00 CDT,97481,19.08,36.52,0.865,7.885,355.81,102562.6
TWB14,Uvalde_2020_02,29.60214,-99.73007,436.7784,6/28/21,p,2021,04/19/2021 12:05 CDT,97480,19.21,35.41,1.31,7.885,374.5,102556.23
TWB14,Uvalde_2020_02,29.60214,-99.73007,436.7784,6/28/21,p,2021,04/19/2021 12:10 CDT,97480,19.39,34.5,1.63,7.885,402.97,102549.87
TWB14,Uvalde_2020_02,29.60214,-99.73007,436.7784,6/28/21,p,2021,04/19/2021 12:15 CDT,97471,19.23,34.97,1.895,7.885,373.09,102542.87
TWB14,Uvalde_2020_02,29.60214,-99.73007,436.7784,6/28/21,p,2021,04/19/2021 12:20 CDT,97460,19.21,36.15,1.395,7.885,294.94,102533.06
TWB14,Uvalde_2020_02,29.60214,-99.73007,436.7784,6/28/21,p,2021,04/19/2021 12:25 CDT,97453,19.27,34.5,1.615,7.885,307.85,102524.82
TWB14,Uvalde_2020_02,29.60214,-99.73007,436.7784,6/28/21,p,2021,04/19/2021 12:30 CDT,97447,19.14,35.21,1.63,7.885,368.85,102519.04
TWB14,Uvalde_2020_02,29.60214,-99.73007,436.7784,6/28/21,p,2021,04/19/2021 12:35 CDT,97433,19.31,34.2,0.535,7.885,341.34,102505.02
TWB14,Uvalde_2020_02,29.60214,-99.73007,436.7784,6/28/21,p,2021,04/19/2021 12:40 CDT,97426,19.36,35.34,1.475,7.885,253.46,102494.64
TWB14,Uvalde_2020_02,29.60214,-99.73007,436.7784,6/28/21,p,2021,04/19/2021 12:45 CDT,97423,19.07,34.77,1.695,7.885,236.65,102494.5
TWB14,Uvalde_2020_02,29.60214,-99.73007,436.7784,6/28/21,p,2021,04/19/2021 12:50 CDT,97415,18.87,37.1,2.01,7.885,229.87,102489.79
TWB14,Uvalde_2020_02,29.60214,-99.73007,436.7784,6/28/21,p,2021,04/19/2021 12:55 CDT,97413,18.71,36.63,1.93,7.885,216.47,102491.24
TWB14,Uvalde_2020_02,29.60214,-99.73007,436.7784,6/28/21,p,2021,04/19/2021 13:00 CDT,97402,18.51,36.79,2.445,7.885,207.12,102482.86
TWB14,Uvalde_2020_02,29.60214,-99.73007,436.7784,6/28/21,p,2021,04/19/2021 13:05 CDT,97399,18.42,36.52,2.15,7.885,203.91,102482.37
TWB14,Uvalde_2020_02,29.60214,-99.73007,436.7784,6/28/21,p,2021,04/19/2021 13:10 CDT,97395,18.34,37.27,2.18,7.885,198.87,102479.94
TWB14,Uvalde_2020_02,29.60214,-99.73007,436.7784,6/28/21,p,2021,04/19/2021 13:15 CDT,97390,18.47,36.93,1.67,7.885,174.03,102474.14
TWB14,Uvalde_2020_02,29.60214,-99.73007,436.7784,6/28/21,p,2021,04/19/2021 13:20 CDT,97378,18.37,37.33,1.8,7.885,164.01,102462.23
TWB14,Uvalde_2020_02,29.60214,-99.73007,436.7784,6/28/21,p,2021,04/19/2021 13:25 CDT,97373,18.3,37.81,2.095,7.885,163.56,102457.67
TWB14,Uvalde_2020_02,29.60214,-99.73007,436.7784,6/28/21,p,2021,04/19/2021 13:30 CDT,97372,18.16,37.47,1.995,7.885,172.7,102459.12
TWB14,Uvalde_2020_02,29.60214,-99.73007,436.7784,6/28/21,p,2021,04/19/2021 13:35 CDT,97369,18.17,37.47,2.205,7.885,185.74,102456.32
TWB14,Uvalde_2020_02,29.60214,-99.73007,436.7784,6/28/21,p,2021,04/19/2021 13:40 CDT,97358,18.1,37.57,2.05,7.885,198.3,102446.17
TWB14,Uvalde_2020_02,29.60214,-99.73007,436.7784,6/28/21,p,2021,04/19/2021 13:45 CDT,97346,18.23,39.39,1.3,7.885,200.34,102433.71
TWB14,Uvalde_2020_02,29.60214,-99.73007,436.7784,6/28/21,p,2021,04/19/2021 13:50 CDT,97346,18.38,37.13,2.115,7.885,211.88,102429.27
TWB14,Uvalde_2020_02,29.60214,-99.73007,436.7784,6/28/21,p,2021,04/19/2021 13:55 CDT,97339,18.29,37.3,1.72,7.885,221.97,102424.04
TWB14,Uvalde_2020_02,29.60214,-99.73007,436.7784,6/28/21,p,2021,04/19/2021 14:00 CDT,97331,18.48,36.96,1.68,7.885,225.15,102414.55
TWB14,Uvalde_2020_02,29.60214,-99.73007,436.7784,6/28/21,p,2021,04/19/2021 14:05 CDT,97330,18.45,37.1,1.83,7.885,222.16,102412.26
TWB14,Uvalde_2020_02,29.60214,-99.73007,436.7784,6/28/21,p,2021,04/19/2021 14:10 CDT,97321,18.51,37.47,1.6,7.885,248.89,102400.29
TWB14,Uvalde_2020_02,29.60214,-99.73007,436.7784,6/28/21,p,2021,04/19/2021 14:15 CDT,97319,18.78,36.22,1.11,7.885,251.56,102393.93
TWB14,Uvalde_2020_02,29.60214,-99.73007,436.7784,6/28/21,p,2021,04/19/2021 14:20 CDT,97313,19.03,36.52,1.055,7.885,260.13,102384.25
TWB14,Uvalde_2020_02,29.60214,-99.73007,436.7784,6/28/21,p,2021,04/19/2021 14:25 CDT,97305,18.97,36.63,1.56,7.885,246.03,102377.07
TWB14,Uvalde_2020_02,29.60214,-99.73007,436.7784,6/28/21,p,2021,04/19/2021 14:30 CDT,97297,19.07,35.72,1.15,7.885,215.34,102366.54
TWB14,Uvalde_2020_02,29.60214,-99.73007,436.7784,6/28/21,p,2021,04/19/2021 14:35 CDT,97291,19.03,35.14,1.28,7.885,202.91,102359.87
TWB14,Uvalde_2020_02,29.60214,-99.73007,436.7784,6/28/21,p,2021,04/19/2021 14:40 CDT,97285,19.02,36.12,1.13,7.885,194.37,102353.02
TWB14,Uvalde_2020_02,29.60214,-99.73007,436.7784,6/28/21,p,2021,04/19/2021 14:45 CDT,97275,18.86,35.78,1.9,7.885,203.7,102345.16
TWB14,Uvalde_2020_02,29.60214,-99.73007,436.7784,6/28/21,p,2021,04/19/2021 14:50 CDT,97265,18.73,36.22,1.485,7.885,239.84,102338
TWB14,Uvalde_2020_02,29.60214,-99.73007,436.7784,6/28/21,p,2021,04/19/2021 14:55 CDT,97263,19.12,36.09,1.085,7.885,383.93,102331.29
TWB14,Uvalde_2020_02,29.60214,-99.73007,436.7784,6/28/21,p,2021,04/19/2021 15:00 CDT,97256,19.77,33.63,0.945,7.885,430.61,102313.69
TWB14,Uvalde_2020_02,29.60214,-99.73007,436.7784,6/28/21,p,2021,04/19/2021 15:05 CDT,97246,19.85,34.47,1.55,7.885,398.96,102297.35
TWB14,Uvalde_2020_02,29.60214,-99.73007,436.7784,6/28/21,p,2021,04/19/2021 15:10 CDT,97236,19.78,32.88,1.765,7.885,420.29,102286.49
TWB14,Uvalde_2020_02,29.60214,-99.73007,436.7784,6/28/21,p,2021,04/19/2021 15:15 CDT,97231,20.02,32.65,1.995,7.885,526.17,102279.3
TWB14,Uvalde_2020_02,29.60214,-99.73007,436.7784,6/28/21,p,2021,04/19/2021 15:20 CDT,97216,20.26,32.65,1.09,7.885,701.91,102258.61
TWB14,Uvalde_2020_02,29.60214,-99.73007,436.7784,6/28/21,p,2021,04/19/2021 15:25 CDT,97206,20.45,32.72,1.175,7.885,412.56,102246.16
TWB14,Uvalde_2020_02,29.60214,-99.73007,436.7784,6/28/21,p,2021,04/19/2021 15:30 CDT,97201,20.49,33.96,1.13,7.885,392.19,102238.44
TWB14,Uvalde_2020_02,29.60214,-99.73007,436.7784,6/28/21,p,2021,04/19/2021 15:35 CDT,97188,20.61,32.31,0.515,7.885,433.68,102223.2
TWB14,Uvalde_2020_02,29.60214,-99.73007,436.7784,6/28/21,p,2021,04/19/2021 15:40 CDT,97177,21.06,32.1,2.475,7.885,496.35,102203.6
TWB14,Uvalde_2020_02,29.60214,-99.73007,436.7784,6/28/21,p,2021,04/19/2021 15:45 CDT,97171,20.6,32.34,2.725,7.885,510.63,102200.78
TWB14,Uvalde_2020_02,29.60214,-99.73007,436.7784,6/28/21,p,2021,04/19/2021 15:50 CDT,97154,20.55,31.63,1.835,7.885,534.45,102187.27
TWB14,Uvalde_2020_02,29.60214,-99.73007,436.7784,6/28/21,p,2021,04/19/2021 15:55 CDT,97153,20.5,31.93,2.12,7.885,487.52,102184.82
TWB14,Uvalde_2020_02,29.60214,-99.73007,436.7784,6/28/21,p,2021,04/19/2021 16:00 CDT,97145,21.08,31.29,1.53,7.885,366.26,102168.38
TWB14,Uvalde_2020_02,29.60214,-99.73007,436.7784,6/28/21,p,2021,04/19/2021 16:05 CDT,97142,20.5,31.93,3.25,7.885,317.59,102170.63
TWB14,Uvalde_2020_02,29.60214,-99.73007,436.7784,6/28/21,p,2021,04/19/2021 16:10 CDT,97133,20.45,31.49,2,7.885,326.72,102165.01
TWB14,Uvalde_2020_02,29.60214,-99.73007,436.7784,6/28/21,p,2021,04/19/2021 16:15 CDT,97127,20.67,31.15,2.62,7.885,369.78,102155.38
TWB14,Uvalde_2020_02,29.60214,-99.73007,436.7784,6/28/21,p,2021,04/19/2021 16:20 CDT,97125,20.67,32.6,2.485,7.885,455.75,102153.97
TWB14,Uvalde_2020_02,29.60214,-99.73007,436.7784,6/28/21,p,2021,04/19/2021 16:25 CDT,97117,21.09,31.45,2.06,7.885,465.02,102140.15
TWB14,Uvalde_2020_02,29.60214,-99.73007,436.7784,6/28/21,p,2021,04/19/2021 16:30 CDT,97113,20.96,31.12,3.235,7.885,467.19,102134.03
TWB14,Uvalde_2020_02,29.60214,-99.73007,436.7784,6/28/21,p,2021,04/19/2021 16:35 CDT,97106,20.84,31.12,2.86,7.885,376.21,102129.63
TWB14,Uvalde_2020_02,29.60214,-99.73007,436.7784,6/28/21,p,2021,04/19/2021 16:40 CDT,97099,20.9,30.88,2.41,7.885,371.57,102121.4
TWB14,Uvalde_2020_02,29.60214,-99.73007,436.7784,6/28/21,p,2021,04/19/2021 16:45 CDT,97098,20.91,32.36,2.855,7.885,419.79,102121.38
TWB14,Uvalde_2020_02,29.60214,-99.73007,436.7784,6/28/21,p,2021,04/19/2021 16:50 CDT,97100,21.13,31.15,2.365,7.885,285.78,102120.71
TWB14,Uvalde_2020_02,29.60214,-99.73007,436.7784,6/28/21,p,2021,04/19/2021 16:55 CDT,97100,20.96,31.25,1.955,7.885,333.62,102122.45
TWB14,Uvalde_2020_02,29.60214,-99.73007,436.7784,6/28/21,p,2021,04/19/2021 17:00 CDT,97097,20.79,31.45,2.03,7.885,299.22,102122.6
TWB14,Uvalde_2020_02,29.60214,-99.73007,436.7784,6/28/21,p,2021,04/19/2021 17:05 CDT,97095,20.76,32.23,2.32,7.885,377.43,102122.41
TWB14,Uvalde_2020_02,29.60214,-99.73007,436.7784,6/28/21,p,2021,04/19/2021 17:10 CDT,97089,20.85,32.5,2.43,7.885,301.92,102113.14
TWB14,Uvalde_2020_02,29.60214,-99.73007,436.7784,6/28/21,p,2021,04/19/2021 17:15 CDT,97086,20.93,31.59,2.92,7.885,279.98,102109.64
TWB14,Uvalde_2020_02,29.60214,-99.73007,436.7784,6/28/21,p,2021,04/19/2021 17:20 CDT,97085,20.96,31.25,3.195,7.885,273.53,102107.54
TWB14,Uvalde_2020_02,29.60214,-99.73007,436.7784,6/28/21,p,2021,04/19/2021 17:25 CDT,97084,20.92,31.42,2.615,7.885,312.28,102107.19
TWB14,Uvalde_2020_02,29.60214,-99.73007,436.7784,6/28/21,p,2021,04/19/2021 17:30 CDT,97084,20.96,31.59,3.535,7.885,218.16,102106.84
TWB14,Uvalde_2020_02,29.60214,-99.73007,436.7784,6/28/21,p,2021,04/19/2021 17:35 CDT,97084,20.68,31.86,2.975,7.885,201.09,102111.37
TWB14,Uvalde_2020_02,29.60214,-99.73007,436.7784,6/28/21,p,2021,04/19/2021 17:40 CDT,97077,20.53,32.73,2.525,7.885,191.05,102107.32
TWB14,Uvalde_2020_02,29.60214,-99.73007,436.7784,6/28/21,p,2021,04/19/2021 17:45 CDT,97076,20.63,32.43,2.88,7.885,188.98,102105.05
TWB14,Uvalde_2020_02,29.60214,-99.73007,436.7784,6/28/21,p,2021,04/19/2021 17:50 CDT,97079,20.41,32.43,3.015,7.885,175.46,102111.35
TWB14,Uvalde_2020_02,29.60214,-99.73007,436.7784,6/28/21,p,2021,04/19/2021 17:55 CDT,97081,20.2,32.43,3.21,7.885,140.03,102118.18
TWB14,Uvalde_2020_02,29.60214,-99.73007,436.7784,6/28/21,p,2021,04/19/2021 18:00 CDT,97079,20.14,33.81,2,7.885,129.86,102118.17
TWB14,Uvalde_2020_02,29.60214,-99.73007,436.7784,6/28/21,p,2021,04/19/2021 18:05 CDT,97085,20.28,33.55,2.385,7.885,130.51,102122.56
TWB14,Uvalde_2020_02,29.60214,-99.73007,436.7784,6/28/21,p,2021,04/19/2021 18:10 CDT,97088,20.26,33.48,2.865,7.885,129.27,102125.71
TWB14,Uvalde_2020_02,29.60214,-99.73007,436.7784,6/28/21,p,2021,04/19/2021 18:15 CDT,97091,20.12,33.11,2.52,7.885,119.18,102130.98
TWB14,Uvalde_2020_02,29.60214,-99.73007,436.7784,6/28/21,p,2021,04/19/2021 18:20 CDT,97091,20.01,34.05,2.29,7.885,121.47,102134.13
TWB14,Uvalde_2020_02,29.60214,-99.73007,436.7784,6/28/21,p,2021,04/19/2021 18:25 CDT,97093,20.08,33.75,2.095,7.885,105.42,102135.71
TWB14,Uvalde_2020_02,29.60214,-99.73007,436.7784,6/28/21,p,2021,04/19/2021 18:30 CDT,97098,20.08,33.28,2.425,7.885,107.23,102140.27
TWB14,Uvalde_2020_02,29.60214,-99.73007,436.7784,6/28/21,p,2021,04/19/2021 18:35 CDT,97100,19.9,33.55,2.585,7.885,121.99,102145.18
TWB14,Uvalde_2020_02,29.60214,-99.73007,436.7784,6/28/21,p,2021,04/19/2021 18:40 CDT,97108,19.92,33.55,2.34,7.885,112.43,102154.13
TWB14,Uvalde_2020_02,29.60214,-99.73007,436.7784,6/28/21,p,2021,04/19/2021 18:45 CDT,97111,19.97,33.86,2.26,7.885,118.92,102156.22
TWB14,Uvalde_2020_02,29.60214,-99.73007,436.7784,6/28/21,p,2021,04/19/2021 18:50 CDT,97122,20.12,33.62,1.025,7.885,130.41,102166.39
TWB14,Uvalde_2020_02,29.60214,-99.73007,436.7784,6/28/21,p,2021,04/19/2021 18:55 CDT,97128,20.16,33.66,1.24,7.885,100.44,102170.42
TWB14,Uvalde_2020_02,29.60214,-99.73007,436.7784,6/28/21,p,2021,04/19/2021 19:00 CDT,97127,20.21,33.15,1.12,7.885,124.63,102169.02
TWB14,Uvalde_2020_02,29.60214,-99.73007,436.7784,6/28/21,p,2021,04/19/2021 19:05 CDT,97128,20.27,32.82,1.36,7.885,132.09,102169.2
TWB14,Uvalde_2020_02,29.60214,-99.73007,436.7784,6/28/21,p,2021,04/19/2021 19:10 CDT,97133,20.32,33.42,0.815,7.885,81.23,102173.58
TWB14,Uvalde_2020_02,29.60214,-99.73007,436.7784,6/28/21,p,2021,04/19/2021 19:15 CDT,97141,20.06,33.59,0.595,7.885,63.47,102183.57
TWB14,Uvalde_2020_02,29.60214,-99.73007,436.7784,6/28/21,p,2021,04/19/2021 19:20 CDT,97144,19.92,34.06,0.64,7.885,44.43,102189.36
TWB14,Uvalde_2020_02,29.60214,-99.73007,436.7784,6/28/21,p,2021,04/19/2021 19:25 CDT,97148,19.74,34.37,0.815,7.885,29.21,102197.43
TWB14,Uvalde_2020_02,29.60214,-99.73007,436.7784,6/28/21,p,2021,04/19/2021 19:30 CDT,97151,19.61,34.23,0.715,7.885,20.49,102203.23
TWB14,Uvalde_2020_02,29.60214,-99.73007,436.7784,6/28/21,p,2021,04/19/2021 19:35 CDT,97155,19.5,34.23,0.815,7.885,15.11,102210.26
TWB14,Uvalde_2020_02,29.60214,-99.73007,436.7784,6/28/21,p,2021,04/19/2021 19:40 CDT,97154,19.42,35.01,0.58,7.885,10.85,102211.14
TWB14,Uvalde_2020_02,29.60214,-99.73007,436.7784,6/28/21,p,2021,04/19/2021 19:45 CDT,97154,19.37,34.91,0.13,7.885,8.99,102212.55
TWB14,Uvalde_2020_02,29.60214,-99.73007,436.7784,6/28/21,p,2021,04/19/2021 19:50 CDT,97158,19.33,34.84,0.25,7.885,7.46,102217.82
TWB14,Uvalde_2020_02,29.60214,-99.73007,436.7784,6/28/21,p,2021,04/19/2021 19:55 CDT,97160,19.25,35.32,0.98,7.885,4.53,102221.87
TWB14,Uvalde_2020_02,29.60214,-99.73007,436.7784,6/28/21,p,2021,04/19/2021 20:00 CDT,97162,19.23,35.48,0.52,7.885,3.15,102224.86
TWB14,Uvalde_2020_02,29.60214,-99.73007,436.7784,6/28/21,p,2021,04/19/2021 20:05 CDT,97162,19.11,35.99,0.245,7.885,2.71,102226.98
TWB14,Uvalde_2020_02,29.60214,-99.73007,436.7784,6/28/21,p,2021,04/19/2021 20:10 CDT,97162,18.95,36.77,0.325,7.885,2.25,102229.27
TWB14,Uvalde_2020_02,29.60214,-99.73007,436.7784,6/28/21,p,2021,04/19/2021 20:15 CDT,97164,18.71,37.51,0.365,7.885,1.65,102235.63
TWB14,Uvalde_2020_02,29.60214,-99.73007,436.7784,6/28/21,p,2021,04/19/2021 20:20 CDT,97163,18.52,37.68,0.36,7.885,1.12,102239.02
TWB14,Uvalde_2020_02,29.60214,-99.73007,436.7784,6/28/21,p,2021,04/19/2021 20:25 CDT,97169,18.36,39.6,0.205,7.885,0.84,102248.88
TWB14,Uvalde_2020_02,29.60214,-99.73007,436.7784,6/28/21,p,2021,04/19/2021 20:30 CDT,97186,18.11,38.96,0.93,7.885,0.11,102272.12
TWB14,Uvalde_2020_02,29.60214,-99.73007,436.7784,6/28/21,p,2021,04/19/2021 20:35 CDT,97201,17.99,39.84,0.305,7.885,0,102289.51
TWB14,Uvalde_2020_02,29.60214,-99.73007,436.7784,6/28/21,p,2021,04/19/2021 20:40 CDT,97216,17.84,40.08,0.06,7.885,0.15,102309.05
TWB14,Uvalde_2020_02,29.60214,-99.73007,436.7784,6/28/21,p,2021,04/19/2021 20:45 CDT,97222,17.78,41.22,0.075,7.885,0,102317.33
TWB14,Uvalde_2020_02,29.60214,-99.73007,436.7784,6/28/21,p,2021,04/19/2021 20:50 CDT,97224,17.68,41.39,0.1,7.885,0.08,102321.4
TWB14,Uvalde_2020_02,29.60214,-99.73007,436.7784,6/28/21,p,2021,04/19/2021 20:55 CDT,97224,17.58,41.9,0.255,7.885,0,102322.83
TWB14,Uvalde_2020_02,29.60214,-99.73007,436.7784,6/28/21,p,2021,04/19/2021 21:00 CDT,97234,17.53,43.69,0.425,7.885,0,102334.42
TWB14,Uvalde_2020_02,29.60214,-99.73007,436.7784,6/28/21,p,2021,04/19/2021 21:05 CDT,97248,17.39,44.91,0.695,7.885,0.02,102352.2
TWB14,Uvalde_2020_02,29.60214,-99.73007,436.7784,6/28/21,p,2021,04/19/2021 21:10 CDT,97251,17.17,44.57,0.635,7.885,0.02,102359.5
TWB14,Uvalde_2020_02,29.60214,-99.73007,436.7784,6/28/21,p,2021,04/19/2021 21:15 CDT,97258,17.13,44.78,0.72,7.885,0.06,102369.03
TWB14,Uvalde_2020_02,29.60214,-99.73007,436.7784,6/28/21,p,2021,04/19/2021 21:20 CDT,97261,17,44.51,0.115,7.885,0.33,102375.43
TWB14,Uvalde_2020_02,29.60214,-99.73007,436.7784,6/28/21,p,2021,04/19/2021 21:25 CDT,97264,16.93,45.15,0.02,7.885,0.2,102379.85
TWB14,Uvalde_2020_02,29.60214,-99.73007,436.7784,6/28/21,p,2021,04/19/2021 21:30 CDT,97273,16.88,44.98,0.01,7.885,0.39,102391.13
TWB14,Uvalde_2020_02,29.60214,-99.73007,436.7784,6/28/21,p,2021,04/19/2021 21:35 CDT,97278,16.82,46.53,0.075,7.885,0.13,102398.55
TWB14,Uvalde_2020_02,29.60214,-99.73007,436.7784,6/28/21,p,2021,04/19/2021 21:40 CDT,97280,16.74,46.03,0,7.885,0.18,102401.74
TWB14,Uvalde_2020_02,29.60214,-99.73007,436.7784,6/28/21,p,2021,04/19/2021 21:45 CDT,97280,16.6,45.93,0,7.885,0.02,102403.37
TWB14,Uvalde_2020_02,29.60214,-99.73007,436.7784,6/28/21,p,2021,04/19/2021 21:50 CDT,97282,16.48,46.03,0.07,7.885,0,102406.56
TWB14,Uvalde_2020_02,29.60214,-99.73007,436.7784,6/28/21,p,2021,04/19/2021 21:55 CDT,97284,16.35,46.4,0.155,7.885,0.04,102410.47
TWB14,Uvalde_2020_02,29.60214,-99.73007,436.7784,6/28/21,p,2021,04/19/2021 22:00 CDT,97286,16.08,47.07,0.155,7.885,0.63,102416.2
TWB14,Uvalde_2020_02,29.60214,-99.73007,436.7784,6/28/21,p,2021,04/19/2021 22:05 CDT,97289,15.75,47.51,0.09,7.885,1.04,102425.17
TWB14,Uvalde_2020_02,29.60214,-99.73007,436.7784,6/28/21,p,2021,04/19/2021 22:10 CDT,97294,15.33,50.11,0.135,7.885,1.31,102436.61
TWB14,Uvalde_2020_02,29.60214,-99.73007,436.7784,6/28/21,p,2021,04/19/2021 22:15 CDT,97300,14.7,51.53,0.265,7.885,1.46,102453.88
TWB14,Uvalde_2020_02,29.60214,-99.73007,436.7784,6/28/21,p,2021,04/19/2021 22:20 CDT,97295,14.5,52.61,0.01,7.885,1.85,102455.03
TWB14,Uvalde_2020_02,29.60214,-99.73007,436.7784,6/28/21,p,2021,04/19/2021 22:25 CDT,97301,14.04,54.04,0.32,7.885,0.88,102470.35
TWB14,Uvalde_2020_02,29.60214,-99.73007,436.7784,6/28/21,p,2021,04/19/2021 22:30 CDT,97317,13.5,56.03,0.645,7.885,0.5,102498.82
TWB14,Uvalde_2020_02,29.60214,-99.73007,436.7784,6/28/21,p,2021,04/19/2021 22:35 CDT,97319,13.25,55.25,0.155,7.885,0.92,102507.79
TWB14,Uvalde_2020_02,29.60214,-99.73007,436.7784,6/28/21,p,2021,04/19/2021 22:40 CDT,97315,13.26,55.59,0.06,7.885,0.47,102503.76
TWB14,Uvalde_2020_02,29.60214,-99.73007,436.7784,6/28/21,p,2021,04/19/2021 22:45 CDT,97309,12.97,57.21,0.225,7.885,0,102502.26
TWB14,Uvalde_2020_02,29.60214,-99.73007,436.7784,6/28/21,p,2021,04/19/2021 22:50 CDT,97309,12.62,58.03,0.12,7.885,0.3,102507.47
TWB14,Uvalde_2020_02,29.60214,-99.73007,436.7784,6/28/21,p,2021,04/19/2021 22:55 CDT,97317,12.29,58.85,0,7.885,0.61,102520.74
TWB14,Uvalde_2020_02,29.60214,-99.73007,436.7784,6/28/21,p,2021,04/19/2021 23:00 CDT,97315,12.25,59.19,0.365,7.885,0.98,102524.05
TWB14,Uvalde_2020_02,29.60214,-99.73007,436.7784,6/28/21,p,2021,04/19/2021 23:05 CDT,97314,12.27,60.34,0.285,7.885,0.6,102527.67
TWB14,Uvalde_2020_02,29.60214,-99.73007,436.7784,6/28/21,p,2021,04/19/2021 23:10 CDT,97313,12.14,61.65,0.075,7.885,0.05,102529.61
TWB14,Uvalde_2020_02,29.60214,-99.73007,436.7784,6/28/21,p,2021,04/19/2021 23:15 CDT,97310,12.13,61.49,0.02,7.885,0.3,102526.63
TWB14,Uvalde_2020_02,29.60214,-99.73007,436.7784,6/28/21,p,2021,04/19/2021 23:20 CDT,97312,11.66,61.96,0.22,7.885,0,102532.49
TWB14,Uvalde_2020_02,29.60214,-99.73007,436.7784,6/28/21,p,2021,04/19/2021 23:25 CDT,97313,11.3,62.43,0.08,7.885,0.05,102538.43
TWB14,Uvalde_2020_02,29.60214,-99.73007,436.7784,6/28/21,p,2021,04/19/2021 23:30 CDT,97315,11.09,62.16,0.12,7.885,0.11,102545.06
TWB14,Uvalde_2020_02,29.60214,-99.73007,436.7784,6/28/21,p,2021,04/19/2021 23:35 CDT,97316,10.98,63.45,0.4,7.885,0.13,102550.83
TWB14,Uvalde_2020_02,29.60214,-99.73007,436.7784,6/28/21,p,2021,04/19/2021 23:40 CDT,97315,10.85,63.86,0.46,7.885,0.01,102555.25
TWB14,Uvalde_2020_02,29.60214,-99.73007,436.7784,6/28/21,p,2021,04/19/2021 23:45 CDT,97308,10.84,64.33,0.595,7.885,0.12,102549.96
TWB14,Uvalde_2020_02,29.60214,-99.73007,436.7784,6/28/21,p,2021,04/19/2021 23:50 CDT,97305,10.77,65.21,0.435,7.885,0.06,102549.06
TWB14,Uvalde_2020_02,29.60214,-99.73007,436.7784,6/28/21,p,2021,04/19/2021 23:55 CDT,97297,10.64,67.45,0.045,7.885,0.01,102541.95
TWB14,Uvalde_2020_02,29.60214,-99.73007,436.7784,6/28/21,p,2021,04/20/2021 00:00 CDT,97301,10.48,67.28,0.145,7.885,0.03,102544.84
TWB14,Uvalde_2020_02,29.60214,-99.73007,436.7784,6/28/21,p,2021,04/20/2021 00:05 CDT,97299,10.29,66.77,0.01,7.885,0.47,102544.06
TWB14,Uvalde_2020_02,29.60214,-99.73007,436.7784,6/28/21,p,2021,04/20/2021 00:10 CDT,97298,10.11,68.07,0,7.885,0.02,102546.42
TWB14,Uvalde_2020_02,29.60214,-99.73007,436.7784,6/28/21,p,2021,04/20/2021 00:15 CDT,97299,10.04,68.53,0,7.885,0,102550.13
TWB14,Uvalde_2020_02,29.60214,-99.73007,436.7784,6/28/21,p,2021,04/20/2021 00:20 CDT,97299,9.8,69,0,7.885,0.22,102553.55
TWB14,Uvalde_2020_02,29.60214,-99.73007,436.7784,6/28/21,p,2021,04/20/2021 00:25 CDT,97290,9.52,69.89,0,7.885,1.08,102547.87
TWB14,Uvalde_2020_02,29.60214,-99.73007,436.7784,6/28/21,p,2021,04/20/2021 00:30 CDT,97292,9.33,70.91,0,7.885,0.62,102553.41
TWB14,Uvalde_2020_02,29.60214,-99.73007,436.7784,6/28/21,p,2021,04/20/2021 00:35 CDT,97306,9.16,70.78,0,7.885,0,102571.98
TWB14,Uvalde_2020_02,29.60214,-99.73007,436.7784,6/28/21,p,2021,04/20/2021 00:40 CDT,97310,8.93,71.46,0.03,7.885,0,102580.02
TWB14,Uvalde_2020_02,29.60214,-99.73007,436.7784,6/28/21,p,2021,04/20/2021 00:45 CDT,97308,8.84,71.19,0.16,7.885,0.62,102581.17
TWB14,Uvalde_2020_02,29.60214,-99.73007,436.7784,6/28/21,p,2021,04/20/2021 00:50 CDT,97300,8.78,72,0.035,7.885,0.57,102576.19
TWB14,Uvalde_2020_02,29.60214,-99.73007,436.7784,6/28/21,p,2021,04/20/2021 00:55 CDT,97302,8.68,72.74,0.015,7.885,1.05,102581.56
TWB14,Uvalde_2020_02,29.60214,-99.73007,436.7784,6/28/21,p,2021,04/20/2021 01:00 CDT,97304,8.56,74.43,0,7.885,0.36,102585.58
TWB14,Uvalde_2020_02,29.60214,-99.73007,436.7784,6/28/21,p,2021,04/20/2021 01:05 CDT,97303,8.39,74.09,0,7.885,0,102585.49
TWB14,Uvalde_2020_02,29.60214,-99.73007,436.7784,6/28/21,p,2021,04/20/2021 01:10 CDT,97298,8.15,74.63,0,7.885,0,102582.91
TWB14,Uvalde_2020_02,29.60214,-99.73007,436.7784,6/28/21,p,2021,04/20/2021 01:15 CDT,97304,8.04,75.71,0,7.885,0.01,102591.35
TWB14,Uvalde_2020_02,29.60214,-99.73007,436.7784,6/28/21,p,2021,04/20/2021 01:20 CDT,97303,7.96,76.73,0,7.885,0.32,102592.61
TWB14,Uvalde_2020_02,29.60214,-99.73007,436.7784,6/28/21,p,2021,04/20/2021 01:25 CDT,97303,7.79,75.79,0,7.885,0.06,102594.54
TWB14,Uvalde_2020_02,29.60214,-99.73007,436.7784,6/28/21,p,2021,04/20/2021 01:30 CDT,97316,7.62,74.92,0,7.885,0,102611.34
TWB14,Uvalde_2020_02,29.60214,-99.73007,436.7784,6/28/21,p,2021,04/20/2021 01:35 CDT,97313,7.41,74.72,0,7.885,0.08,102611.46
TWB14,Uvalde_2020_02,29.60214,-99.73007,436.7784,6/28/21,p,2021,04/20/2021 01:40 CDT,97312,7.28,76.68,0,7.885,0.07,102613.69
TWB14,Uvalde_2020_02,29.60214,-99.73007,436.7784,6/28/21,p,2021,04/20/2021 01:45 CDT,97319,7.24,77.69,0.29,7.885,0,102622.23
TWB14,Uvalde_2020_02,29.60214,-99.73007,436.7784,6/28/21,p,2021,04/20/2021 01:50 CDT,97320,7.28,77.22,0.015,7.885,0.03,102622.51
TWB14,Uvalde_2020_02,29.60214,-99.73007,436.7784,6/28/21,p,2021,04/20/2021 01:55 CDT,97323,7.13,76.82,0.035,7.885,0,102627.81
TWB14,Uvalde_2020_02,29.60214,-99.73007,436.7784,6/28/21,p,2021,04/20/2021 02:00 CDT,97325,7.02,76.89,0.155,7.885,0,102632.25
TWB14,Uvalde_2020_02,29.60214,-99.73007,436.7784,6/28/21,p,2021,04/20/2021 02:05 CDT,97323,7.05,77.16,0.045,7.885,0.14,102631.3
TWB14,Uvalde_2020_02,29.60214,-99.73007,436.7784,6/28/21,p,2021,04/20/2021 02:10 CDT,97323,6.9,77.9,0,7.885,0.45,102633.63
TWB14,Uvalde_2020_02,29.60214,-99.73007,436.7784,6/28/21,p,2021,04/20/2021 02:15 CDT,97323,6.77,77.77,0,7.885,0.49,102635.77
TWB14,Uvalde_2020_02,29.60214,-99.73007,436.7784,6/28/21,p,2021,04/20/2021 02:20 CDT,97318,6.59,79.73,0,7.885,0.36,102633.8
TWB14,Uvalde_2020_02,29.60214,-99.73007,436.7784,6/28/21,p,2021,04/20/2021 02:25 CDT,97319,6.55,80.6,0.035,7.885,0,102636.21
TWB14,Uvalde_2020_02,29.60214,-99.73007,436.7784,6/28/21,p,2021,04/20/2021 02:30 CDT,97320,6.51,80.3,0.145,7.885,0.23,102637.85
TWB14,Uvalde_2020_02,29.60214,-99.73007,436.7784,6/28/21,p,2021,04/20/2021 02:35 CDT,97320,6.26,80.5,0.37,7.885,0,102641.56
TWB14,Uvalde_2020_02,29.60214,-99.73007,436.7784,6/28/21,p,2021,04/20/2021 02:40 CDT,97318,6.24,80.5,0.31,7.885,0,102641.21
TWB14,Uvalde_2020_02,29.60214,-99.73007,436.7784,6/28/21,p,2021,04/20/2021 02:45 CDT,97324,6.08,80.3,0.98,7.885,0,102648.9
TWB14,Uvalde_2020_02,29.60214,-99.73007,436.7784,6/28/21,p,2021,04/20/2021 02:50 CDT,97325,6,79.9,0.57,7.885,0.01,102652.3
TWB14,Uvalde_2020_02,29.60214,-99.73007,436.7784,6/28/21,p,2021,04/20/2021 02:55 CDT,97334,6.04,79.93,0.505,7.885,0,102661.8
TWB14,Uvalde_2020_02,29.60214,-99.73007,436.7784,6/28/21,p,2021,04/20/2021 03:00 CDT,97339,5.92,80.2,0.09,7.885,0,102668.83
TWB14,Uvalde_2020_02,29.60214,-99.73007,436.7784,6/28/21,p,2021,04/20/2021 03:05 CDT,97339,5.74,80.8,0.185,7.885,0,102671.37
TWB14,Uvalde_2020_02,29.60214,-99.73007,436.7784,6/28/21,p,2021,04/20/2021 03:10 CDT,97352,5.71,81.2,0.705,7.885,0,102686.46
TWB14,Uvalde_2020_02,29.60214,-99.73007,436.7784,6/28/21,p,2021,04/20/2021 03:15 CDT,97355,5.67,82.4,0.365,7.885,0,102691.19
TWB14,Uvalde_2020_02,29.60214,-99.73007,436.7784,6/28/21,p,2021,04/20/2021 03:20 CDT,97346,5.73,82.2,0.255,7.885,0,102681.1
TWB14,Uvalde_2020_02,29.60214,-99.73007,436.7784,6/28/21,p,2021,04/20/2021 03:25 CDT,97341,5.78,81.7,0.195,7.885,0,102675.83
TWB14,Uvalde_2020_02,29.60214,-99.73007,436.7784,6/28/21,p,2021,04/20/2021 03:30 CDT,97339,5.74,82.9,0.235,7.885,0,102674.7
TWB14,Uvalde_2020_02,29.60214,-99.73007,436.7784,6/28/21,p,2021,04/20/2021 03:35 CDT,97343,5.62,82.7,0.225,7.885,0.07,102680.1
TWB14,Uvalde_2020_02,29.60214,-99.73007,436.7784,6/28/21,p,2021,04/20/2021 03:40 CDT,97357,5.43,83.1,0.025,7.885,0,102696.63
TWB14,Uvalde_2020_02,29.60214,-99.73007,436.7784,6/28/21,p,2021,04/20/2021 03:45 CDT,97362,5.35,83.1,0,7.885,0.2,102702.89
TWB14,Uvalde_2020_02,29.60214,-99.73007,436.7784,6/28/21,p,2021,04/20/2021 03:50 CDT,97361,5.35,84.4,0.405,7.885,0.01,102703.4
TWB14,Uvalde_2020_02,29.60214,-99.73007,436.7784,6/28/21,p,2021,04/20/2021 03:55 CDT,97363,5.41,84.9,0.385,7.885,0,102703.54
TWB14,Uvalde_2020_02,29.60214,-99.73007,436.7784,6/28/21,p,2021,04/20/2021 04:00 CDT,97363,5.47,84.1,0.36,7.885,0,102700.8
TWB14,Uvalde_2020_02,29.60214,-99.73007,436.7784,6/28/21,p,2021,04/20/2021 04:05 CDT,97363,5.43,83.6,0.28,7.885,0,102700.8
TWB14,Uvalde_2020_02,29.60214,-99.73007,436.7784,6/28/21,p,2021,04/20/2021 04:10 CDT,97363,5.27,83.9,0.375,7.885,0,102702.76
TWB14,Uvalde_2020_02,29.60214,-99.73007,436.7784,6/28/21,p,2021,04/20/2021 04:15 CDT,97364,5.12,84,0.005,7.885,0,102706.57
TWB14,Uvalde_2020_02,29.60214,-99.73007,436.7784,6/28/21,p,2021,04/20/2021 04:20 CDT,97363,5.02,84.9,0.075,7.885,0.27,102708.26
TWB14,Uvalde_2020_02,29.60214,-99.73007,436.7784,6/28/21,p,2021,04/20/2021 04:25 CDT,97363,5,84.9,0.185,7.885,0.01,102709.64
TWB14,Uvalde_2020_02,29.60214,-99.73007,436.7784,6/28/21,p,2021,04/20/2021 04:30 CDT,97362,4.91,85.2,0,7.885,0.53,102710.75
TWB14,Uvalde_2020_02,29.60214,-99.73007,436.7784,6/28/21,p,2021,04/20/2021 04:35 CDT,97362,4.81,85.6,0,7.885,0.5,102712.52
TWB14,Uvalde_2020_02,29.60214,-99.73007,436.7784,6/28/21,p,2021,04/20/2021 04:40 CDT,97362,4.77,86,0.04,7.885,0,102714.89
TWB14,Uvalde_2020_02,29.60214,-99.73007,436.7784,6/28/21,p,2021,04/20/2021 04:45 CDT,97352,4.73,85.7,0.01,7.885,0.19,102705.92
TWB14,Uvalde_2020_02,29.60214,-99.73007,436.7784,6/28/21,p,2021,04/20/2021 04:50 CDT,97352,4.58,85.2,0,7.885,0,102707.89
TWB14,Uvalde_2020_02,29.60214,-99.73007,436.7784,6/28/21,p,2021,04/20/2021 04:55 CDT,97351,4.36,85.6,0,7.885,0.19,102710.4
TWB14,Uvalde_2020_02,29.60214,-99.73007,436.7784,6/28/21,p,2021,04/20/2021 05:00 CDT,97355,4.29,85.9,0,7.885,0.26,102716.6
TWB14,Uvalde_2020_02,29.60214,-99.73007,436.7784,6/28/21,p,2021,04/20/2021 05:05 CDT,97352,4.35,85.8,0.035,7.885,0,102715.21
TWB14,Uvalde_2020_02,29.60214,-99.73007,436.7784,6/28/21,p,2021,04/20/2021 05:10 CDT,97348,4.36,85.8,0.04,7.885,0,102712.58
TWB14,Uvalde_2020_02,29.60214,-99.73007,436.7784,6/28/21,p,2021,04/20/2021 05:15 CDT,97344,4.31,85.9,0,7.885,0,102709.55
TWB14,Uvalde_2020_02,29.60214,-99.73007,436.7784,6/28/21,p,2021,04/20/2021 05:20 CDT,97341,4.26,86.1,0.03,7.885,0,102707.97
TWB14,Uvalde_2020_02,29.60214,-99.73007,436.7784,6/28/21,p,2021,04/20/2021 05:25 CDT,97337,4.29,86.4,0.185,7.885,0,102704.74
TWB14,Uvalde_2020_02,29.60214,-99.73007,436.7784,6/28/21,p,2021,04/20/2021 05:30 CDT,97335,4.23,86,0.115,7.885,0,102703.82
TWB14,Uvalde_2020_02,29.60214,-99.73007,436.7784,6/28/21,p,2021,04/20/2021 05:35 CDT,97336,4.01,86.7,0.02,7.885,0,102706.46
TWB14,Uvalde_2020_02,29.60214,-99.73007,436.7784,6/28/21,p,2021,04/20/2021 05:40 CDT,97339,3.93,87.3,0,7.885,0.12,102710.22
TWB14,Uvalde_2020_02,29.60214,-99.73007,436.7784,6/28/21,p,2021,04/20/2021 05:45 CDT,97346,3.84,86.9,0.065,7.885,0,102718.21
TWB14,Uvalde_2020_02,29.60214,-99.73007,436.7784,6/28/21,p,2021,04/20/2021 05:50 CDT,97342,3.79,87.2,0.285,7.885,0,102715.38
TWB14,Uvalde_2020_02,29.60214,-99.73007,436.7784,6/28/21,p,2021,04/20/2021 05:55 CDT,97339,3.87,88.2,0.06,7.885,0.02,102712.21
TWB14,Uvalde_2020_02,29.60214,-99.73007,436.7784,6/28/21,p,2021,04/20/2021 06:00 CDT,97336,3.93,87.7,0.105,7.885,0.06,102708.05
TWB14,Uvalde_2020_02,29.60214,-99.73007,436.7784,6/28/21,p,2021,04/20/2021 06:05 CDT,97335,3.85,87.3,0.445,7.885,0,102708.99
TWB14,Uvalde_2020_02,29.60214,-99.73007,436.7784,6/28/21,p,2021,04/20/2021 06:10 CDT,97336,3.71,87.7,0.26,7.885,0.17,102712.23
TWB14,Uvalde_2020_02,29.60214,-99.73007,436.7784,6/28/21,p,2021,04/20/2021 06:15 CDT,97341,3.58,88.4,0.055,7.885,0.23,102718.5
TWB14,Uvalde_2020_02,29.60214,-99.73007,436.7784,6/28/21,p,2021,04/20/2021 06:20 CDT,97341,3.5,88.6,0.025,7.885,0,102718.3
TWB14,Uvalde_2020_02,29.60214,-99.73007,436.7784,6/28/21,p,2021,04/20/2021 06:25 CDT,97342,3.53,89.4,0.115,7.885,0.02,102718.96
TWB14,Uvalde_2020_02,29.60214,-99.73007,436.7784,6/28/21,p,2021,04/20/2021 06:30 CDT,97344,3.66,90,0.215,7.885,0.27,102720.07
TWB14,Uvalde_2020_02,29.60214,-99.73007,436.7784,6/28/21,p,2021,04/20/2021 06:35 CDT,97346,3.71,88.9,0.07,7.885,0,102721.39
TWB14,Uvalde_2020_02,29.60214,-99.73007,436.7784,6/28/21,p,2021,04/20/2021 06:40 CDT,97343,3.59,88.7,0,7.885,0,102721.21
TWB14,Uvalde_2020_02,29.60214,-99.73007,436.7784,6/28/21,p,2021,04/20/2021 06:45 CDT,97349,3.49,89.4,0.275,7.885,0,102729.73
TWB14,Uvalde_2020_02,29.60214,-99.73007,436.7784,6/28/21,p,2021,04/20/2021 06:50 CDT,97356,3.41,89.3,0.385,7.885,0,102738.71
TWB14,Uvalde_2020_02,29.60214,-99.73007,436.7784,6/28/21,p,2021,04/20/2021 06:55 CDT,97364,3.38,89.3,0.32,7.885,0,102747.55
TWB14,Uvalde_2020_02,29.60214,-99.73007,436.7784,6/28/21,p,2021,04/20/2021 07:00 CDT,97370,3.3,90.8,0,7.885,0.39,102754.88
TWB14,Uvalde_2020_02,29.60214,-99.73007,436.7784,6/28/21,p,2021,04/20/2021 07:05 CDT,97364,3.35,91.7,0.12,7.885,0.92,102745.75
TWB14,Uvalde_2020_02,29.60214,-99.73007,436.7784,6/28/21,p,2021,04/20/2021 07:10 CDT,97355,3.43,91.6,0.025,7.885,2.56,102732.67
TWB14,Uvalde_2020_02,29.60214,-99.73007,436.7784,6/28/21,p,2021,04/20/2021 07:15 CDT,97358,3.45,91.5,0,7.885,4.43,102734.84
TWB14,Uvalde_2020_02,29.60214,-99.73007,436.7784,6/28/21,p,2021,04/20/2021 07:20 CDT,97363,3.49,91.2,0,7.885,6.28,102739.52
TWB14,Uvalde_2020_02,29.60214,-99.73007,436.7784,6/28/21,p,2021,04/20/2021 07:25 CDT,97372,3.44,90,0.195,7.885,8.84,102751.41
TWB14,Uvalde_2020_02,29.60214,-99.73007,436.7784,6/28/21,p,2021,04/20/2021 07:30 CDT,97377,3.37,90.7,0.125,7.885,12.02,102759.47
TWB14,Uvalde_2020_02,29.60214,-99.73007,436.7784,6/28/21,p,2021,04/20/2021 07:35 CDT,97389,3.44,91.4,0.355,7.885,13.54,102770.74
TWB14,Uvalde_2020_02,29.60214,-99.73007,436.7784,6/28/21,p,2021,04/20/2021 07:40 CDT,97397,3.57,90.6,0.395,7.885,15.75,102775.6
TWB14,Uvalde_2020_02,29.60214,-99.73007,436.7784,6/28/21,p,2021,04/20/2021 07:45 CDT,97403,3.64,90.9,0.05,7.885,18.56,102780.53
TWB14,Uvalde_2020_02,29.60214,-99.73007,436.7784,6/28/21,p,2021,04/20/2021 07:50 CDT,97415,3.97,91.3,0,7.885,39.62,102790.01
TWB14,Uvalde_2020_02,29.60214,-99.73007,436.7784,6/28/21,p,2021,04/20/2021 07:55 CDT,97428,4.27,91.3,0.395,7.885,74.91,102797.37
TWB14,Uvalde_2020_02,29.60214,-99.73007,436.7784,6/28/21,p,2021,04/20/2021 08:00 CDT,97428,4.64,89.7,0.22,7.885,85.31,102787.47
TWB14,Uvalde_2020_02,29.60214,-99.73007,436.7784,6/28/21,p,2021,04/20/2021 08:05 CDT,97427,5.22,87.6,0.01,7.885,98.5,102776.16
TWB14,Uvalde_2020_02,29.60214,-99.73007,436.7784,6/28/21,p,2021,04/20/2021 08:10 CDT,97425,5.9,84.7,0,7.885,110.17,102762.66
TWB14,Uvalde_2020_02,29.60214,-99.73007,436.7784,6/28/21,p,2021,04/20/2021 08:15 CDT,97424,6.54,81.5,0.14,7.885,118.28,102748.51
TWB14,Uvalde_2020_02,29.60214,-99.73007,436.7784,6/28/21,p,2021,04/20/2021 08:20 CDT,97423,7.02,80.2,0.165,7.885,131.87,102735.19
TWB14,Uvalde_2020_02,29.60214,-99.73007,436.7784,6/28/21,p,2021,04/20/2021 08:25 CDT,97421,7.67,76.99,0.135,7.885,145.39,102719.34
TWB14,Uvalde_2020_02,29.60214,-99.73007,436.7784,6/28/21,p,2021,04/20/2021 08:30 CDT,97425,8.49,73.67,0.09,7.885,158.91,102708.73
TWB14,Uvalde_2020_02,29.60214,-99.73007,436.7784,6/28/21,p,2021,04/20/2021 08:35 CDT,97432,8.89,73.64,0.42,7.885,176.48,102705.37
TWB14,Uvalde_2020_02,29.60214,-99.73007,436.7784,6/28/21,p,2021,04/20/2021 08:40 CDT,97433,9.2,71.51,0.36,7.885,190.62,102696.69
TWB14,Uvalde_2020_02,29.60214,-99.73007,436.7784,6/28/21,p,2021,04/20/2021 08:45 CDT,97442,9.81,69.61,0.245,7.885,202.11,102695.71
TWB14,Uvalde_2020_02,29.60214,-99.73007,436.7784,6/28/21,p,2021,04/20/2021 08:50 CDT,97440,10.63,67.84,0.435,7.885,217.8,102679.97
TWB14,Uvalde_2020_02,29.60214,-99.73007,436.7784,6/28/21,p,2021,04/20/2021 08:55 CDT,97436,11.25,65.74,0.26,7.885,230.43,102664.64
TWB14,Uvalde_2020_02,29.60214,-99.73007,436.7784,6/28/21,p,2021,04/20/2021 09:00 CDT,97434,11.88,63.37,0.28,7.885,244.44,102651.83
TWB14,Uvalde_2020_02,29.60214,-99.73007,436.7784,6/28/21,p,2021,04/20/2021 09:05 CDT,97431,12.41,61.68,0.37,7.885,258.24,102637.46
TWB14,Uvalde_2020_02,29.60214,-99.73007,436.7784,6/28/21,p,2021,04/20/2021 09:10 CDT,97427,13.14,59.71,0.245,7.885,268.45,102621.71
TWB14,Uvalde_2020_02,29.60214,-99.73007,436.7784,6/28/21,p,2021,04/20/2021 09:15 CDT,97426,14.08,60.11,0.205,7.885,281.61,102606.39
TWB14,Uvalde_2020_02,29.60214,-99.73007,436.7784,6/28/21,p,2021,04/20/2021 09:20 CDT,97422,14.72,61.32,0.43,7.885,296.19,102588.54
TWB14,Uvalde_2020_02,29.60214,-99.73007,436.7784,6/28/21,p,2021,04/20/2021 09:25 CDT,97417,15.16,62.93,1.045,7.885,314.93,102570.25
TWB14,Uvalde_2020_02,29.60214,-99.73007,436.7784,6/28/21,p,2021,04/20/2021 09:30 CDT,97412,15.48,61.71,0.75,7.885,327.17,102554.78
TWB14,Uvalde_2020_02,29.60214,-99.73007,436.7784,6/28/21,p,2021,04/20/2021 09:35 CDT,97415,16.06,61.5,1.11,7.885,342.82,102545.58
TWB14,Uvalde_2020_02,29.60214,-99.73007,436.7784,6/28/21,p,2021,04/20/2021 09:40 CDT,97406,16.44,61.23,1.33,7.885,358.35,102528.33
TWB14,Uvalde_2020_02,29.60214,-99.73007,436.7784,6/28/21,p,2021,04/20/2021 09:45 CDT,97399,16.44,60.54,1.555,7.885,375.77,102518.62
TWB14,Uvalde_2020_02,29.60214,-99.73007,436.7784,6/28/21,p,2021,04/20/2021 09:50 CDT,97397,16.72,60.51,1.565,7.885,388.28,102512.36
TWB14,Uvalde_2020_02,29.60214,-99.73007,436.7784,6/28/21,p,2021,04/20/2021 09:55 CDT,97396,16.97,60.74,1.655,7.885,403.34,102506.27
TWB14,Uvalde_2020_02,29.60214,-99.73007,436.7784,6/28/21,p,2021,04/20/2021 10:00 CDT,97391,17.36,58.67,1.73,7.885,413.81,102494.55
TWB14,Uvalde_2020_02,29.60214,-99.73007,436.7784,6/28/21,p,2021,04/20/2021 10:05 CDT,97385,17.9,58.06,1.08,7.885,423.5,102480.36
TWB14,Uvalde_2020_02,29.60214,-99.73007,436.7784,6/28/21,p,2021,04/20/2021 10:10 CDT,97381,18.34,57.24,1.24,7.885,437.58,102465.98
TWB14,Uvalde_2020_02,29.60214,-99.73007,436.7784,6/28/21,p,2021,04/20/2021 10:15 CDT,97375,18.42,57.64,2.145,7.885,455.39,102456.99
TWB14,Uvalde_2020_02,29.60214,-99.73007,436.7784,6/28/21,p,2021,04/20/2021 10:20 CDT,97370,18.69,57.67,1.92,7.885,465.18,102447.29
TWB14,Uvalde_2020_02,29.60214,-99.73007,436.7784,6/28/21,p,2021,04/20/2021 10:25 CDT,97371,18.98,57.23,1.62,7.885,476.13,102443.02
TWB14,Uvalde_2020_02,29.60214,-99.73007,436.7784,6/28/21,p,2021,04/20/2021 10:30 CDT,97369,19.31,56.55,2.385,7.885,492.73,102434.72
TWB14,Uvalde_2020_02,29.60214,-99.73007,436.7784,6/28/21,p,2021,04/20/2021 10:35 CDT,97366,19.46,55.29,2.525,7.885,505.53,102429.1
TWB14,Uvalde_2020_02,29.60214,-99.73007,436.7784,6/28/21,p,2021,04/20/2021 10:40 CDT,97361,19.85,52.05,1.435,7.885,506.71,102419.1
TWB14,Uvalde_2020_02,29.60214,-99.73007,436.7784,6/28/21,p,2021,04/20/2021 10:45 CDT,97359,20.28,53.4,1.68,7.885,521.81,102408.71
TWB14,Uvalde_2020_02,29.60214,-99.73007,436.7784,6/28/21,p,2021,04/20/2021 10:50 CDT,97356,20.28,51.61,2.055,7.885,541.11,102403.99
TWB14,Uvalde_2020_02,29.60214,-99.73007,436.7784,6/28/21,p,2021,04/20/2021 10:55 CDT,97353,20.38,51.84,2.355,7.885,553.13,102398.02
TWB14,Uvalde_2020_02,29.60214,-99.73007,436.7784,6/28/21,p,2021,04/20/2021 11:00 CDT,97351,20.42,52.44,2.395,7.885,562.27,102393.11
TWB14,Uvalde_2020_02,29.60214,-99.73007,436.7784,6/28/21,p,2021,04/20/2021 11:05 CDT,97346,20.4,50.25,2.13,7.885,572.54,102389.44
TWB14,Uvalde_2020_02,29.60214,-99.73007,436.7784,6/28/21,p,2021,04/20/2021 11:10 CDT,97338,20.87,47.99,2.33,7.885,579.72,102373.87
TWB14,Uvalde_2020_02,29.60214,-99.73007,436.7784,6/28/21,p,2021,04/20/2021 11:15 CDT,97345,21.18,48.19,2.54,7.885,592.34,102373.9
TWB14,Uvalde_2020_02,29.60214,-99.73007,436.7784,6/28/21,p,2021,04/20/2021 11:20 CDT,97345,20.96,48.36,2.69,7.885,606.55,102376.86
TWB14,Uvalde_2020_02,29.60214,-99.73007,436.7784,6/28/21,p,2021,04/20/2021 11:25 CDT,97340,21.44,46.5,1.725,7.885,604.85,102367.08
TWB14,Uvalde_2020_02,29.60214,-99.73007,436.7784,6/28/21,p,2021,04/20/2021 11:30 CDT,97332,21.74,46.29,2.765,7.885,622.01,102351.19
TWB14,Uvalde_2020_02,29.60214,-99.73007,436.7784,6/28/21,p,2021,04/20/2021 11:35 CDT,97325,21.56,45.34,2,7.885,627.92,102346.45
TWB14,Uvalde_2020_02,29.60214,-99.73007,436.7784,6/28/21,p,2021,04/20/2021 11:40 CDT,97315,21.79,44.26,2.435,7.885,637.23,102332.29
TWB14,Uvalde_2020_02,29.60214,-99.73007,436.7784,6/28/21,p,2021,04/20/2021 11:45 CDT,97306,22.03,43.05,2.155,7.885,645.41,102318.5
TWB14,Uvalde_2020_02,29.60214,-99.73007,436.7784,6/28/21,p,2021,04/20/2021 11:50 CDT,97305,22.37,41.43,2.315,7.885,656.2,102311.23
TWB14,Uvalde_2020_02,29.60214,-99.73007,436.7784,6/28/21,p,2021,04/20/2021 11:55 CDT,97293,22.59,43.42,2.115,7.885,640.49,102297.39
TWB14,Uvalde_2020_02,29.60214,-99.73007,436.7784,6/28/21,p,2021,04/20/2021 12:00 CDT,97295,22.65,41.19,1.9,7.885,655.86,102296.75
TWB14,Uvalde_2020_02,29.60214,-99.73007,436.7784,6/28/21,p,2021,04/20/2021 12:05 CDT,97292,23.26,39.88,2.02,7.885,669.58,102285.86
TWB14,Uvalde_2020_02,29.60214,-99.73007,436.7784,6/28/21,p,2021,04/20/2021 12:10 CDT,97292,23.52,40.25,1.75,7.885,676.93,102280.36
TWB14,Uvalde_2020_02,29.60214,-99.73007,436.7784,6/28/21,p,2021,04/20/2021 12:15 CDT,97291,23.41,39.54,1.95,7.885,684.53,102280.17
TWB14,Uvalde_2020_02,29.60214,-99.73007,436.7784,6/28/21,p,2021,04/20/2021 12:20 CDT,97295,23.34,39.33,1.975,7.885,693.49,102283.69
TWB14,Uvalde_2020_02,29.60214,-99.73007,436.7784,6/28/21,p,2021,04/20/2021 12:25 CDT,97295,23.36,39.5,2.55,7.885,704.06,102284.89
TWB14,Uvalde_2020_02,29.60214,-99.73007,436.7784,6/28/21,p,2021,04/20/2021 12:30 CDT,97295,23.95,38.18,1.605,7.885,698.88,102277.02
TWB14,Uvalde_2020_02,29.60214,-99.73007,436.7784,6/28/21,p,2021,04/20/2021 12:35 CDT,97294,24.17,35.56,1.63,7.885,703.38,102268.3
TWB14,Uvalde_2020_02,29.60214,-99.73007,436.7784,6/28/21,p,2021,04/20/2021 12:40 CDT,97294,23.93,36.8,1.665,7.885,708.19,102273.93
TWB14,Uvalde_2020_02,29.60214,-99.73007,436.7784,6/28/21,p,2021,04/20/2021 12:45 CDT,97294,23.99,37.21,1.865,7.885,715.5,102271.87
TWB14,Uvalde_2020_02,29.60214,-99.73007,436.7784,6/28/21,p,2021,04/20/2021 12:50 CDT,97289,23.6,39.7,2.215,7.885,726.25,102272.41
TWB14,Uvalde_2020_02,29.60214,-99.73007,436.7784,6/28/21,p,2021,04/20/2021 12:55 CDT,97280,23.67,36.6,1.33,7.885,717.19,102264.69
TWB14,Uvalde_2020_02,29.60214,-99.73007,436.7784,6/28/21,p,2021,04/20/2021 13:00 CDT,97272,24.04,35.82,2.24,7.885,726.26,102249.1
TWB14,Uvalde_2020_02,29.60214,-99.73007,436.7784,6/28/21,p,2021,04/20/2021 13:05 CDT,97265,24.56,34.31,1.76,7.885,727.27,102233.91
TWB14,Uvalde_2020_02,29.60214,-99.73007,436.7784,6/28/21,p,2021,04/20/2021 13:10 CDT,97259,24.54,34.31,1.73,7.885,728.64,102226.24
TWB14,Uvalde_2020_02,29.60214,-99.73007,436.7784,6/28/21,p,2021,04/20/2021 13:15 CDT,97246,24.66,32.86,1.11,7.885,717.9,102212.76
TWB14,Uvalde_2020_02,29.60214,-99.73007,436.7784,6/28/21,p,2021,04/20/2021 13:20 CDT,97245,25.27,30.53,1.845,7.885,732.85,102200.19
TWB14,Uvalde_2020_02,29.60214,-99.73007,436.7784,6/28/21,p,2021,04/20/2021 13:25 CDT,97236,25.09,31.88,1.445,7.885,737.22,102191.9
TWB14,Uvalde_2020_02,29.60214,-99.73007,436.7784,6/28/21,p,2021,04/20/2021 13:30 CDT,97234,24.98,32.42,0.985,7.885,728.01,102192
TWB14,Uvalde_2020_02,29.60214,-99.73007,436.7784,6/28/21,p,2021,04/20/2021 13:35 CDT,97229,25.48,31.81,1.215,7.885,723.72,102181.84
TWB14,Uvalde_2020_02,29.60214,-99.73007,436.7784,6/28/21,p,2021,04/20/2021 13:40 CDT,97226,25.55,32.45,1.675,7.885,732.3,102173.61
TWB14,Uvalde_2020_02,29.60214,-99.73007,436.7784,6/28/21,p,2021,04/20/2021 13:45 CDT,97224,25.38,32.58,0.92,7.885,722.61,102174.04
TWB14,Uvalde_2020_02,29.60214,-99.73007,436.7784,6/28/21,p,2021,04/20/2021 13:50 CDT,97212,25.44,32.04,1.81,7.885,737.51,102160.92
TWB14,Uvalde_2020_02,29.60214,-99.73007,436.7784,6/28/21,p,2021,04/20/2021 13:55 CDT,97202,25.57,32.04,1.885,7.885,740.01,102150.58
TWB14,Uvalde_2020_02,29.60214,-99.73007,436.7784,6/28/21,p,2021,04/20/2021 14:00 CDT,97199,25.77,32.14,2.205,7.885,740.83,102142.7
TWB14,Uvalde_2020_02,29.60214,-99.73007,436.7784,6/28/21,p,2021,04/20/2021 14:05 CDT,97192,26.31,31.07,1.025,7.885,742.48,102127.95
TWB14,Uvalde_2020_02,29.60214,-99.73007,436.7784,6/28/21,p,2021,04/20/2021 14:10 CDT,97193,26.2,30.83,2.545,7.885,755.7,102125.47
TWB14,Uvalde_2020_02,29.60214,-99.73007,436.7784,6/28/21,p,2021,04/20/2021 14:15 CDT,97193,26.39,29.04,1.35,7.885,728.27,102122.13
TWB14,Uvalde_2020_02,29.60214,-99.73007,436.7784,6/28/21,p,2021,04/20/2021 14:20 CDT,97178,26.6,28.74,1.16,7.885,728.54,102103.19
TWB14,Uvalde_2020_02,29.60214,-99.73007,436.7784,6/28/21,p,2021,04/20/2021 14:25 CDT,97170,27.25,27.73,1.685,7.885,726.96,102086.11
TWB14,Uvalde_2020_02,29.60214,-99.73007,436.7784,6/28/21,p,2021,04/20/2021 14:30 CDT,97168,27.2,27.42,1.36,7.885,730.28,102082.01
TWB14,Uvalde_2020_02,29.60214,-99.73007,436.7784,6/28/21,p,2021,04/20/2021 14:35 CDT,97159,27.15,27.96,1.83,7.885,743.2,102073.05
TWB14,Uvalde_2020_02,29.60214,-99.73007,436.7784,6/28/21,p,2021,04/20/2021 14:40 CDT,97154,27.16,28.13,2.575,7.885,767.94,102065.79
TWB14,Uvalde_2020_02,29.60214,-99.73007,436.7784,6/28/21,p,2021,04/20/2021 14:45 CDT,97154,26.92,27.19,2.02,7.885,761.79,102070.97
TWB14,Uvalde_2020_02,29.60214,-99.73007,436.7784,6/28/21,p,2021,04/20/2021 14:50 CDT,97143,27.34,27.9,1.175,7.885,742.76,102055.91
TWB14,Uvalde_2020_02,29.60214,-99.73007,436.7784,6/28/21,p,2021,04/20/2021 14:55 CDT,97133,27.93,26.35,1.4,7.885,735.5,102038.26
TWB14,Uvalde_2020_02,29.60214,-99.73007,436.7784,6/28/21,p,2021,04/20/2021 15:00 CDT,97126,27.72,25.81,1.765,7.885,746.55,102028.42
TWB14,Uvalde_2020_02,29.60214,-99.73007,436.7784,6/28/21,p,2021,04/20/2021 15:05 CDT,97115,27.66,25.8,1.54,7.885,732.94,102020.52
TWB14,Uvalde_2020_02,29.60214,-99.73007,436.7784,6/28/21,p,2021,04/20/2021 15:10 CDT,97109,27.92,24.79,1.46,7.885,478.72,102012.07
TWB14,Uvalde_2020_02,29.60214,-99.73007,436.7784,6/28/21,p,2021,04/20/2021 15:15 CDT,97103,27.44,25.53,1.92,7.885,279.7,102009.41
TWB14,Uvalde_2020_02,29.60214,-99.73007,436.7784,6/28/21,p,2021,04/20/2021 15:20 CDT,97090,27.18,25.64,1.87,7.885,275.04,102001.91
TWB14,Uvalde_2020_02,29.60214,-99.73007,436.7784,6/28/21,p,2021,04/20/2021 15:25 CDT,97081,27.47,24.96,1.365,7.885,611.06,101992.96
TWB14,Uvalde_2020_02,29.60214,-99.73007,436.7784,6/28/21,p,2021,04/20/2021 15:30 CDT,97078,28.04,23.38,2.16,7.885,735.45,101979.68
TWB14,Uvalde_2020_02,29.60214,-99.73007,436.7784,6/28/21,p,2021,04/20/2021 15:35 CDT,97061,27.49,23.31,1.49,7.885,748.32,101967.81
TWB14,Uvalde_2020_02,29.60214,-99.73007,436.7784,6/28/21,p,2021,04/20/2021 15:40 CDT,97054,27.87,21.23,2.395,7.885,426.91,101958.98
TWB14,Uvalde_2020_02,29.60214,-99.73007,436.7784,6/28/21,p,2021,04/20/2021 15:45 CDT,97054,27.38,21.7,2.465,7.885,655.82,101962.8
TWB14,Uvalde_2020_02,29.60214,-99.73007,436.7784,6/28/21,p,2021,04/20/2021 15:50 CDT,97046,27.52,21.83,0.875,7.885,656.14,101956.06
TWB14,Uvalde_2020_02,29.60214,-99.73007,436.7784,6/28/21,p,2021,04/20/2021 15:55 CDT,97035,28.12,21.02,0.76,7.885,676.12,101936.2
TWB14,Uvalde_2020_02,29.60214,-99.73007,436.7784,6/28/21,p,2021,04/20/2021 16:00 CDT,97026,28.45,20.65,1.41,7.885,678.82,101917.8
TWB14,Uvalde_2020_02,29.60214,-99.73007,436.7784,6/28/21,p,2021,04/20/2021 16:05 CDT,97020,28.15,21.73,1.06,7.885,454.75,101911.81
TWB14,Uvalde_2020_02,29.60214,-99.73007,436.7784,6/28/21,p,2021,04/20/2021 16:10 CDT,97007,27.79,21.8,0.665,7.885,349.81,101906.11
TWB14,Uvalde_2020_02,29.60214,-99.73007,436.7784,6/28/21,p,2021,04/20/2021 16:15 CDT,97001,28.08,21.16,1.64,7.885,306.86,101897.66
TWB14,Uvalde_2020_02,29.60214,-99.73007,436.7784,6/28/21,p,2021,04/20/2021 16:20 CDT,97000,27.73,21.36,0.45,7.885,249.41,101901.08
TWB14,Uvalde_2020_02,29.60214,-99.73007,436.7784,6/28/21,p,2021,04/20/2021 16:25 CDT,97000,28.1,20.45,0.925,7.885,548.81,101898.6
TWB14,Uvalde_2020_02,29.60214,-99.73007,436.7784,6/28/21,p,2021,04/20/2021 16:30 CDT,96996,28.27,20.15,0.815,7.885,262.53,101889.43
TWB14,Uvalde_2020_02,29.60214,-99.73007,436.7784,6/28/21,p,2021,04/20/2021 16:35 CDT,96989,28.43,19.74,0.905,7.885,484.77,101879.93
TWB14,Uvalde_2020_02,29.60214,-99.73007,436.7784,6/28/21,p,2021,04/20/2021 16:40 CDT,96987,28.65,19.98,1.02,7.885,264.07,101872.54
TWB14,Uvalde_2020_02,29.60214,-99.73007,436.7784,6/28/21,p,2021,04/20/2021 16:45 CDT,96988,28.42,20.92,2.56,7.885,406.1,101876.72
TWB14,Uvalde_2020_02,29.60214,-99.73007,436.7784,6/28/21,p,2021,04/20/2021 16:50 CDT,96987,28.55,21.22,2.205,7.885,217.27,101874.02
TWB14,Uvalde_2020_02,29.60214,-99.73007,436.7784,6/28/21,p,2021,04/20/2021 16:55 CDT,96991,27.94,21.33,2.505,7.885,416.06,101887.81
TWB14,Uvalde_2020_02,29.60214,-99.73007,436.7784,6/28/21,p,2021,04/20/2021 17:00 CDT,96986,27.88,22.1,1.995,7.885,198.96,101883.55
TWB14,Uvalde_2020_02,29.60214,-99.73007,436.7784,6/28/21,p,2021,04/20/2021 17:05 CDT,96982,27.89,21.73,1.54,7.885,387.15,101881.67
TWB14,Uvalde_2020_02,29.60214,-99.73007,436.7784,6/28/21,p,2021,04/20/2021 17:10 CDT,96980,28.04,22.2,2.175,7.885,181.75,101877.74
TWB14,Uvalde_2020_02,29.60214,-99.73007,436.7784,6/28/21,p,2021,04/20/2021 17:15 CDT,96979,27.73,22.2,2.06,7.885,262.41,101881.01
TWB14,Uvalde_2020_02,29.60214,-99.73007,436.7784,6/28/21,p,2021,04/20/2021 17:20 CDT,96974,27.59,21.83,2.2,7.885,246.59,101877.42
TWB14,Uvalde_2020_02,29.60214,-99.73007,436.7784,6/28/21,p,2021,04/20/2021 17:25 CDT,96973,27.58,22.34,2.405,7.885,172.69,101877.03
TWB14,Uvalde_2020_02,29.60214,-99.73007,436.7784,6/28/21,p,2021,04/20/2021 17:30 CDT,96974,27.43,22.27,1.58,7.885,232.05,101881.58
TWB14,Uvalde_2020_02,29.60214,-99.73007,436.7784,6/28/21,p,2021,04/20/2021 17:35 CDT,96970,27.63,21.26,1.14,7.885,109.59,101874.55
TWB14,Uvalde_2020_02,29.60214,-99.73007,436.7784,6/28/21,p,2021,04/20/2021 17:40 CDT,96970,27.36,21.46,0.77,7.885,98.78,101878.71
TWB14,Uvalde_2020_02,29.60214,-99.73007,436.7784,6/28/21,p,2021,04/20/2021 17:45 CDT,96972,27.3,21.7,0.785,7.885,97.76,101883.15
TWB14,Uvalde_2020_02,29.60214,-99.73007,436.7784,6/28/21,p,2021,04/20/2021 17:50 CDT,96977,27.24,25.3,2.305,7.885,116.27,101889.7
TWB14,Uvalde_2020_02,29.60214,-99.73007,436.7784,6/28/21,p,2021,04/20/2021 17:55 CDT,96987,26.6,27.76,3.865,8.215,130.86,101908.54
TWB14,Uvalde_2020_02,29.60214,-99.73007,436.7784,6/28/21,p,2021,04/20/2021 18:00 CDT,97004,26.16,29.34,4.225,7.965,138.59,101935.12
TWB14,Uvalde_2020_02,29.60214,-99.73007,436.7784,6/28/21,p,2021,04/20/2021 18:05 CDT,97013,25.82,29.72,3.23,7.965,155.31,101951.48
TWB14,Uvalde_2020_02,29.60214,-99.73007,436.7784,6/28/21,p,2021,04/20/2021 18:10 CDT,97037,25.89,29.01,3.755,10.015,324.69,101975.36
TWB14,Uvalde_2020_02,29.60214,-99.73007,436.7784,6/28/21,p,2021,04/20/2021 18:15 CDT,97061,25.41,29.48,5.54,12.36,252.87,102006.14
TWB14,Uvalde_2020_02,29.60214,-99.73007,436.7784,6/28/21,p,2021,04/20/2021 18:20 CDT,97080,24.72,29.85,5.1,11.23,273.68,102039.49
TWB14,Uvalde_2020_02,29.60214,-99.73007,436.7784,6/28/21,p,2021,04/20/2021 18:25 CDT,97096,24.62,29.82,4.49,10.43,255.02,102058.86
TWB14,Uvalde_2020_02,29.60214,-99.73007,436.7784,6/28/21,p,2021,04/20/2021 18:30 CDT,97112,24.42,30.26,4.99,10.43,239.57,102077.72
TWB14,Uvalde_2020_02,29.60214,-99.73007,436.7784,6/28/21,p,2021,04/20/2021 18:35 CDT,97121,24.09,30.73,4.18,10.515,224.48,102093.83
TWB14,Uvalde_2020_02,29.60214,-99.73007,436.7784,6/28/21,p,2021,04/20/2021 18:40 CDT,97133,24.04,30.5,3.48,10.515,204.49,102107.81
TWB14,Uvalde_2020_02,29.60214,-99.73007,436.7784,6/28/21,p,2021,04/20/2021 18:45 CDT,97147,23.55,31.24,5.3,10.515,200.43,102129.54
TWB14,Uvalde_2020_02,29.60214,-99.73007,436.7784,6/28/21,p,2021,04/20/2021 18:50 CDT,97151,23.37,30.63,2.95,9.535,174.26,102139.41
TWB14,Uvalde_2020_02,29.60214,-99.73007,436.7784,6/28/21,p,2021,04/20/2021 18:55 CDT,97165,23.22,31.38,3.925,9.535,159.29,102154.64
TWB14,Uvalde_2020_02,29.60214,-99.73007,436.7784,6/28/21,p,2021,04/20/2021 19:00 CDT,97186,22.91,31.51,3.67,9.535,144.37,102183.6
TWB14,Uvalde_2020_02,29.60214,-99.73007,436.7784,6/28/21,p,2021,04/20/2021 19:05 CDT,97203,22.73,31.72,3.27,9.535,134.56,102204.4
TWB14,Uvalde_2020_02,29.60214,-99.73007,436.7784,6/28/21,p,2021,04/20/2021 19:10 CDT,97209,22.28,32.39,3.915,9.365,124.64,102217.79
TWB14,Uvalde_2020_02,29.60214,-99.73007,436.7784,6/28/21,p,2021,04/20/2021 19:15 CDT,97213,22.13,32.73,4.06,9.365,111.99,102225.64
TWB14,Uvalde_2020_02,29.60214,-99.73007,436.7784,6/28/21,p,2021,04/20/2021 19:20 CDT,97218,21.75,33.06,4.81,9.365,100.7,102237.31
TWB14,Uvalde_2020_02,29.60214,-99.73007,436.7784,6/28/21,p,2021,04/20/2021 19:25 CDT,97231,21.53,33.34,4.4,9.365,67.46,102256.03
TWB14,Uvalde_2020_02,29.60214,-99.73007,436.7784,6/28/21,p,2021,04/20/2021 19:30 CDT,97245,21.31,33.81,4.415,9.365,37.24,102274.58
TWB14,Uvalde_2020_02,29.60214,-99.73007,436.7784,6/28/21,p,2021,04/20/2021 19:35 CDT,97256,21.11,34.08,4.095,9.365,25.98,102290.69
TWB14,Uvalde_2020_02,29.60214,-99.73007,436.7784,6/28/21,p,2021,04/20/2021 19:40 CDT,97271,20.97,34.42,2.96,9.365,21.84,102309.44
TWB14,Uvalde_2020_02,29.60214,-99.73007,436.7784,6/28/21,p,2021,04/20/2021 19:45 CDT,97281,20.81,34.49,2.895,9.365,18.35,102322.93
TWB14,Uvalde_2020_02,29.60214,-99.73007,436.7784,6/28/21,p,2021,04/20/2021 19:50 CDT,97294,20.55,34.89,3.01,9.365,15.24,102340.64
TWB14,Uvalde_2020_02,29.60214,-99.73007,436.7784,6/28/21,p,2021,04/20/2021 19:55 CDT,97307,20.17,35.17,3.935,9.365,12.24,102360.46
TWB14,Uvalde_2020_02,29.60214,-99.73007,436.7784,6/28/21,p,2021,04/20/2021 20:00 CDT,97318,19.89,35.51,3.64,9.365,9.32,102377.32
TWB14,Uvalde_2020_02,29.60214,-99.73007,436.7784,6/28/21,p,2021,04/20/2021 20:05 CDT,97324,19.64,35.75,4.085,9.365,6.25,102388.04
TWB14,Uvalde_2020_02,29.60214,-99.73007,436.7784,6/28/21,p,2021,04/20/2021 20:10 CDT,97340,19.41,36.15,3.34,9.365,4.01,102409.12
TWB14,Uvalde_2020_02,29.60214,-99.73007,436.7784,6/28/21,p,2021,04/20/2021 20:15 CDT,97351,19.21,36.46,3.935,9.365,1.71,102424.41
TWB14,Uvalde_2020_02,29.60214,-99.73007,436.7784,6/28/21,p,2021,04/20/2021 20:20 CDT,97362,19.02,36.79,3.3,9.365,0.5,102439.53
TWB14,Uvalde_2020_02,29.60214,-99.73007,436.7784,6/28/21,p,2021,04/20/2021 20:25 CDT,97376,18.81,37,3.535,9.365,0.16,102458.17
TWB14,Uvalde_2020_02,29.60214,-99.73007,436.7784,6/28/21,p,2021,04/20/2021 20:30 CDT,97393,18.62,37.14,3.5,9.365,0.05,102479.26
TWB14,Uvalde_2020_02,29.60214,-99.73007,436.7784,6/28/21,p,2021,04/20/2021 20:35 CDT,97406,18.48,37.34,3.21,9.365,0.02,102495.79
TWB14,Uvalde_2020_02,29.60214,-99.73007,436.7784,6/28/21,p,2021,04/20/2021 20:40 CDT,97416,18.35,37.68,3.445,9.365,0,102508.81
TWB14,Uvalde_2020_02,29.60214,-99.73007,436.7784,6/28/21,p,2021,04/20/2021 20:45 CDT,97423,18.17,37.88,3.385,9.865,0.03,102519.03
TWB14,Uvalde_2020_02,29.60214,-99.73007,436.7784,6/28/21,p,2021,04/20/2021 20:50 CDT,97431,18,38.09,3.135,9.865,0,102530.85
TWB14,Uvalde_2020_02,29.60214,-99.73007,436.7784,6/28/21,p,2021,04/20/2021 20:55 CDT,97438,17.87,38.19,3.565,9.865,0,102540
TWB14,Uvalde_2020_02,29.60214,-99.73007,436.7784,6/28/21,p,2021,04/20/2021 21:00 CDT,97456,17.69,38.22,3.6,9.865,0,102562.35
TWB14,Uvalde_2020_02,29.60214,-99.73007,436.7784,6/28/21,p,2021,04/20/2021 21:05 CDT,97464,17.55,38.63,3.3,9.285,0,102573.1
TWB14,Uvalde_2020_02,29.60214,-99.73007,436.7784,6/28/21,p,2021,04/20/2021 21:10 CDT,97485,17.36,38.8,3.275,9.285,0.03,102598.62
TWB14,Uvalde_2020_02,29.60214,-99.73007,436.7784,6/28/21,p,2021,04/20/2021 21:15 CDT,97497,17.25,38.97,3.47,9.365,0,102613.76
TWB14,Uvalde_2020_02,29.60214,-99.73007,436.7784,6/28/21,p,2021,04/20/2021 21:20 CDT,97508,17.08,39.24,2.975,9.365,0.14,102627.86
TWB14,Uvalde_2020_02,29.60214,-99.73007,436.7784,6/28/21,p,2021,04/20/2021 21:25 CDT,97526,16.94,39.51,3.3,9.365,0,102649.87
TWB14,Uvalde_2020_02,29.60214,-99.73007,436.7784,6/28/21,p,2021,04/20/2021 21:30 CDT,97539,16.8,39.62,3.12,9.365,0,102665.9
TWB14,Uvalde_2020_02,29.60214,-99.73007,436.7784,6/28/21,p,2021,04/20/2021 21:35 CDT,97553,16.65,39.52,4.125,9.615,0,102683.35
TWB14,Uvalde_2020_02,29.60214,-99.73007,436.7784,6/28/21,p,2021,04/20/2021 21:40 CDT,97558,16.47,40.06,2.92,9.2,0,102691.69
TWB14,Uvalde_2020_02,29.60214,-99.73007,436.7784,6/28/21,p,2021,04/20/2021 21:45 CDT,97561,16.29,40.5,3.14,9.2,0,102698.29
TWB14,Uvalde_2020_02,29.60214,-99.73007,436.7784,6/28/21,p,2021,04/20/2021 21:50 CDT,97579,16.11,40.39,3.3,9.45,0.08,102720.69
TWB14,Uvalde_2020_02,29.60214,-99.73007,436.7784,6/28/21,p,2021,04/20/2021 21:55 CDT,97588,16.01,40.6,3.515,9.2,0,102731.8
TWB14,Uvalde_2020_02,29.60214,-99.73007,436.7784,6/28/21,p,2021,04/20/2021 22:00 CDT,97609,15.82,41.07,2.8,9.2,0,102757.18
TWB14,Uvalde_2020_02,29.60214,-99.73007,436.7784,6/28/21,p,2021,04/20/2021 22:05 CDT,97620,15.69,41.27,3.225,9.2,0,102771.49
TWB14,Uvalde_2020_02,29.60214,-99.73007,436.7784,6/28/21,p,2021,04/20/2021 22:10 CDT,97635,15.58,41.34,3.185,9.785,0,102789.29
TWB14,Uvalde_2020_02,29.60214,-99.73007,436.7784,6/28/21,p,2021,04/20/2021 22:15 CDT,97644,15.41,41.75,3.055,9.285,0.05,102801.5
TWB14,Uvalde_2020_02,29.60214,-99.73007,436.7784,6/28/21,p,2021,04/20/2021 22:20 CDT,97660,15.26,42.02,3.3,9.285,0,102821.27
TWB14,Uvalde_2020_02,29.60214,-99.73007,436.7784,6/28/21,p,2021,04/20/2021 22:25 CDT,97670,15.18,42.05,3.44,9.285,0,102833.62
TWB14,Uvalde_2020_02,29.60214,-99.73007,436.7784,6/28/21,p,2021,04/20/2021 22:30 CDT,97675,15.08,42.29,3.245,9.285,0,102840.9
TWB14,Uvalde_2020_02,29.60214,-99.73007,436.7784,6/28/21,p,2021,04/20/2021 22:35 CDT,97681,14.99,42.56,3.15,9.285,0,102848.5
TWB14,Uvalde_2020_02,29.60214,-99.73007,436.7784,6/28/21,p,2021,04/20/2021 22:40 CDT,97689,14.87,42.77,3.17,9.285,0,102859.12
TWB14,Uvalde_2020_02,29.60214,-99.73007,436.7784,6/28/21,p,2021,04/20/2021 22:45 CDT,97687,14.74,43.17,3.08,9.285,0,102859.22
TWB14,Uvalde_2020_02,29.60214,-99.73007,436.7784,6/28/21,p,2021,04/20/2021 22:50 CDT,97684,14.58,43.44,2.88,9.285,0.03,102859.18
TWB14,Uvalde_2020_02,29.60214,-99.73007,436.7784,6/28/21,p,2021,04/20/2021 22:55 CDT,97685,14.48,43.78,2.705,9.285,0,102862.07
TWB14,Uvalde_2020_02,29.60214,-99.73007,436.7784,6/28/21,p,2021,04/20/2021 23:00 CDT,97685,14.37,43.85,3.035,9.285,0,102864.1
TWB14,Uvalde_2020_02,29.60214,-99.73007,436.7784,6/28/21,p,2021,04/20/2021 23:05 CDT,97691,14.25,44.05,2.675,8.865,0,102872.81
TWB14,Uvalde_2020_02,29.60214,-99.73007,436.7784,6/28/21,p,2021,04/20/2021 23:10 CDT,97693,14.19,44.19,3.53,8.865,0,102876.02
TWB14,Uvalde_2020_02,29.60214,-99.73007,436.7784,6/28/21,p,2021,04/20/2021 23:15 CDT,97704,14,44.53,2.78,8.865,0,102890.92
TWB14,Uvalde_2020_02,29.60214,-99.73007,436.7784,6/28/21,p,2021,04/20/2021 23:20 CDT,97706,13.92,44.66,3.09,8.865,0,102894.88
TWB14,Uvalde_2020_02,29.60214,-99.73007,436.7784,6/28/21,p,2021,04/20/2021 23:25 CDT,97706,13.78,44.9,2.715,8.865,0,102897.09
TWB14,Uvalde_2020_02,29.60214,-99.73007,436.7784,6/28/21,p,2021,04/20/2021 23:30 CDT,97705,13.67,45.2,2.695,9.115,0,102898.07
TWB14,Uvalde_2020_02,29.60214,-99.73007,436.7784,6/28/21,p,2021,04/20/2021 23:35 CDT,97708,13.55,45.41,2.41,9.365,0,102903.64
TWB14,Uvalde_2020_02,29.60214,-99.73007,436.7784,6/28/21,p,2021,04/20/2021 23:40 CDT,97721,13.47,45.35,3.24,8.95,0,102919.37
TWB14,Uvalde_2020_02,29.60214,-99.73007,436.7784,6/28/21,p,2021,04/20/2021 23:45 CDT,97725,13.41,45.69,3.29,8.95,0,102924.14
TWB14,Uvalde_2020_02,29.60214,-99.73007,436.7784,6/28/21,p,2021,04/20/2021 23:50 CDT,97732,13.32,45.72,3.145,8.95,0,102933.36
TWB14,Uvalde_2020_02,29.60214,-99.73007,436.7784,6/28/21,p,2021,04/20/2021 23:55 CDT,97741,13.22,46.3,2.275,8.95,0,102944.51
TWB14,Uvalde_2020_02,29.60214,-99.73007,436.7784,6/28/21,p,2021,04/21/2021 00:00 CDT,97740,13.1,46.56,2.735,8.95,0,102945.69
TWB14,Uvalde_2020_02,29.60214,-99.73007,436.7784,6/28/21,p,2021,04/21/2021 00:05 CDT,97737,13.02,46.57,3.405,9.2,0,102944.76
TWB14,Uvalde_2020_02,29.60214,-99.73007,436.7784,6/28/21,p,2021,04/21/2021 00:10 CDT,97733,12.9,47.11,2.535,8.95,0,102942.22
TWB14,Uvalde_2020_02,29.60214,-99.73007,436.7784,6/28/21,p,2021,04/21/2021 00:15 CDT,97725,12.8,47.41,3.01,8.95,0,102935.84
TWB14,Uvalde_2020_02,29.60214,-99.73007,436.7784,6/28/21,p,2021,04/21/2021 00:20 CDT,97721,12.67,47.85,2.25,8.95,0,102933.67
TWB14,Uvalde_2020_02,29.60214,-99.73007,436.7784,6/28/21,p,2021,04/21/2021 00:25 CDT,97724,12.55,47.92,2.8,8.95,0,102939.45
TWB14,Uvalde_2020_02,29.60214,-99.73007,436.7784,6/28/21,p,2021,04/21/2021 00:30 CDT,97720,12.49,48.12,2.745,8.95,0,102936.54
TWB14,Uvalde_2020_02,29.60214,-99.73007,436.7784,6/28/21,p,2021,04/21/2021 00:35 CDT,97719,12.4,48.42,2.43,8.95,0,102936.79
TWB14,Uvalde_2020_02,29.60214,-99.73007,436.7784,6/28/21,p,2021,04/21/2021 00:40 CDT,97730,12.35,48.62,2.595,8.95,0,102949.31
TWB14,Uvalde_2020_02,29.60214,-99.73007,436.7784,6/28/21,p,2021,04/21/2021 00:45 CDT,97744,12.27,48.73,2.01,8.95,0,102965.93
TWB14,Uvalde_2020_02,29.60214,-99.73007,436.7784,6/28/21,p,2021,04/21/2021 00:50 CDT,97752,12.24,48.73,1.88,8.95,0.06,102974.54
TWB14,Uvalde_2020_02,29.60214,-99.73007,436.7784,6/28/21,p,2021,04/21/2021 00:55 CDT,97753,12.17,48.69,2.43,8.95,0,102977.09
TWB14,Uvalde_2020_02,29.60214,-99.73007,436.7784,6/28/21,p,2021,04/21/2021 01:00 CDT,97749,12.07,49.13,1.18,8.95,0,102974.19
TWB14,Uvalde_2020_02,29.60214,-99.73007,436.7784,6/28/21,p,2021,04/21/2021 01:05 CDT,97753,11.94,49.2,1.86,8.95,0,102981.4
TWB14,Uvalde_2020_02,29.60214,-99.73007,436.7784,6/28/21,p,2021,04/21/2021 01:10 CDT,97765,11.89,49.2,2.155,8.95,0,102995.54
TWB14,Uvalde_2020_02,29.60214,-99.73007,436.7784,6/28/21,p,2021,04/21/2021 01:15 CDT,97790,11.87,49.2,1.715,8.95,0,103022.07
TWB14,Uvalde_2020_02,29.60214,-99.73007,436.7784,6/28/21,p,2021,04/21/2021 01:20 CDT,97812,11.74,49.47,1.38,8.95,0,103046.75
TWB14,Uvalde_2020_02,29.60214,-99.73007,436.7784,6/28/21,p,2021,04/21/2021 01:25 CDT,97800,11.62,49.71,1.93,8.95,0,103036.55
TWB14,Uvalde_2020_02,29.60214,-99.73007,436.7784,6/28/21,p,2021,04/21/2021 01:30 CDT,97804,11.54,50.22,1.94,8.95,0,103042.45
TWB14,Uvalde_2020_02,29.60214,-99.73007,436.7784,6/28/21,p,2021,04/21/2021 01:35 CDT,97808,11.41,50.09,1.975,8.95,0,103049.68
TWB14,Uvalde_2020_02,29.60214,-99.73007,436.7784,6/28/21,p,2021,04/21/2021 01:40 CDT,97832,11.41,50.09,1.955,8.95,0,103074.96
TWB14,Uvalde_2020_02,29.60214,-99.73007,436.7784,6/28/21,p,2021,04/21/2021 01:45 CDT,97831,11.32,50.56,1.66,8.95,0,103075.61
TWB14,Uvalde_2020_02,29.60214,-99.73007,436.7784,6/28/21,p,2021,04/21/2021 01:50 CDT,97834,11.19,50.79,1.215,8.95,0.01,103081.22
TWB14,Uvalde_2020_02,29.60214,-99.73007,436.7784,6/28/21,p,2021,04/21/2021 01:55 CDT,97839,11.08,51.16,1.795,8.95,0.05,103088.37
TWB14,Uvalde_2020_02,29.60214,-99.73007,436.7784,6/28/21,p,2021,04/21/2021 02:00 CDT,97834,10.95,51.64,1.57,8.95,0,103085.18
TWB14,Uvalde_2020_02,29.60214,-99.73007,436.7784,6/28/21,p,2021,04/21/2021 02:05 CDT,97839,10.85,51.84,1.905,8.95,0,103092.9
TWB14,Uvalde_2020_02,29.60214,-99.73007,436.7784,6/28/21,p,2021,04/21/2021 02:10 CDT,97840,10.76,52.56,1.665,8.95,0,103095.28
TWB14,Uvalde_2020_02,29.60214,-99.73007,436.7784,6/28/21,p,2021,04/21/2021 02:15 CDT,97843,10.59,52.79,2.395,8.95,0,103102.23
TWB14,Uvalde_2020_02,29.60214,-99.73007,436.7784,6/28/21,p,2021,04/21/2021 02:20 CDT,97851,10.51,53.13,2.415,8.95,0,103111.61
TWB14,Uvalde_2020_02,29.60214,-99.73007,436.7784,6/28/21,p,2021,04/21/2021 02:25 CDT,97857,10.42,53.4,2.32,8.95,0,103119.63
TWB14,Uvalde_2020_02,29.60214,-99.73007,436.7784,6/28/21,p,2021,04/21/2021 02:30 CDT,97857,10.3,53.77,1.875,8.95,0,103122.1
TWB14,Uvalde_2020_02,29.60214,-99.73007,436.7784,6/28/21,p,2021,04/21/2021 02:35 CDT,97864,10.18,53.94,2.44,8.95,0,103131.76
TWB14,Uvalde_2020_02,29.60214,-99.73007,436.7784,6/28/21,p,2021,04/21/2021 02:40 CDT,97865,10.08,54.21,2.905,8.95,0,103134.33
TWB14,Uvalde_2020_02,29.60214,-99.73007,436.7784,6/28/21,p,2021,04/21/2021 02:45 CDT,97867,9.95,54.48,1.82,8.95,0,103138.53
TWB14,Uvalde_2020_02,29.60214,-99.73007,436.7784,6/28/21,p,2021,04/21/2021 02:50 CDT,97884,9.86,54.62,2.14,8.95,0,103158.54
TWB14,Uvalde_2020_02,29.60214,-99.73007,436.7784,6/28/21,p,2021,04/21/2021 02:55 CDT,97886,9.77,54.96,1.74,8.95,0,103162.56
TWB14,Uvalde_2020_02,29.60214,-99.73007,436.7784,6/28/21,p,2021,04/21/2021 03:00 CDT,97886,9.68,54.82,2.165,8.95,0,103164.27
TWB14,Uvalde_2020_02,29.60214,-99.73007,436.7784,6/28/21,p,2021,04/21/2021 03:05 CDT,97881,9.58,54.75,2.625,8.95,0,103160.72
TWB14,Uvalde_2020_02,29.60214,-99.73007,436.7784,6/28/21,p,2021,04/21/2021 03:10 CDT,97890,9.48,54.31,2.78,8.95,0,103172.69
TWB14,Uvalde_2020_02,29.60214,-99.73007,436.7784,6/28/21,p,2021,04/21/2021 03:15 CDT,97884,9.45,54.42,2.585,8.95,0,103166.75
TWB14,Uvalde_2020_02,29.60214,-99.73007,436.7784,6/28/21,p,2021,04/21/2021 03:20 CDT,97893,9.38,54.39,2.45,8.95,0,103177.19
TWB14,Uvalde_2020_02,29.60214,-99.73007,436.7784,6/28/21,p,2021,04/21/2021 03:25 CDT,97894,9.25,54.29,2.565,8.95,0,103180.54
TWB14,Uvalde_2020_02,29.60214,-99.73007,436.7784,6/28/21,p,2021,04/21/2021 03:30 CDT,97892,9.19,54.36,2.32,8.95,0,103179.97
TWB14,Uvalde_2020_02,29.60214,-99.73007,436.7784,6/28/21,p,2021,04/21/2021 03:35 CDT,97895,9.11,54.06,3.01,8.95,0,103184.47
TWB14,Uvalde_2020_02,29.60214,-99.73007,436.7784,6/28/21,p,2021,04/21/2021 03:40 CDT,97895,9.06,53.89,3.1,8.95,0,103185.62
TWB14,Uvalde_2020_02,29.60214,-99.73007,436.7784,6/28/21,p,2021,04/21/2021 03:45 CDT,97901,8.99,54.23,2.595,8.95,0,103192.71
TWB14,Uvalde_2020_02,29.60214,-99.73007,436.7784,6/28/21,p,2021,04/21/2021 03:50 CDT,97902,8.88,54.23,1.965,8.95,0,103196.07
TWB14,Uvalde_2020_02,29.60214,-99.73007,436.7784,6/28/21,p,2021,04/21/2021 03:55 CDT,97912,8.8,54.3,2.345,8.95,0,103208.14
TWB14,Uvalde_2020_02,29.60214,-99.73007,436.7784,6/28/21,p,2021,04/21/2021 04:00 CDT,97919,8.7,54.23,2.955,8.95,0,103217.64
TWB14,Uvalde_2020_02,29.60214,-99.73007,436.7784,6/28/21,p,2021,04/21/2021 04:05 CDT,97924,8.6,54.1,2.855,8.95,0,103224.64
TWB14,Uvalde_2020_02,29.60214,-99.73007,436.7784,6/28/21,p,2021,04/21/2021 04:10 CDT,97928,8.55,53.89,3.31,8.95,0,103230.01
TWB14,Uvalde_2020_02,29.60214,-99.73007,436.7784,6/28/21,p,2021,04/21/2021 04:15 CDT,97931,8.51,53.86,3.005,8.95,0,103233.94
TWB14,Uvalde_2020_02,29.60214,-99.73007,436.7784,6/28/21,p,2021,04/21/2021 04:20 CDT,97934,8.43,53.96,3.015,8.95,0,103238.64
TWB14,Uvalde_2020_02,29.60214,-99.73007,436.7784,6/28/21,p,2021,04/21/2021 04:25 CDT,97940,8.37,54.03,3.02,8.95,0,103246.13
TWB14,Uvalde_2020_02,29.60214,-99.73007,436.7784,6/28/21,p,2021,04/21/2021 04:30 CDT,97950,8.33,53.89,2.695,8.95,0,103257.44
TWB14,Uvalde_2020_02,29.60214,-99.73007,436.7784,6/28/21,p,2021,04/21/2021 04:35 CDT,97959,8.29,53.62,3.265,8.95,0,103267.7
TWB14,Uvalde_2020_02,29.60214,-99.73007,436.7784,6/28/21,p,2021,04/21/2021 04:40 CDT,97965,8.24,53.42,2.57,8.95,0,103274.6
TWB14,Uvalde_2020_02,29.60214,-99.73007,436.7784,6/28/21,p,2021,04/21/2021 04:45 CDT,97974,8.25,52.95,3.365,8.95,0,103283.9
TWB14,Uvalde_2020_02,29.60214,-99.73007,436.7784,6/28/21,p,2021,04/21/2021 04:50 CDT,97986,8.26,52.78,3.425,8.95,0,103295.97
TWB14,Uvalde_2020_02,29.60214,-99.73007,436.7784,6/28/21,p,2021,04/21/2021 04:55 CDT,97985,8.29,52.61,2.125,8.95,0,103294.15
TWB14,Uvalde_2020_02,29.60214,-99.73007,436.7784,6/28/21,p,2021,04/21/2021 05:00 CDT,97987,8.29,52.54,2.445,8.95,0,103295.87
TWB14,Uvalde_2020_02,29.60214,-99.73007,436.7784,6/28/21,p,2021,04/21/2021 05:05 CDT,97993,8.25,52.68,3.195,8.95,0,103302.58
TWB14,Uvalde_2020_02,29.60214,-99.73007,436.7784,6/28/21,p,2021,04/21/2021 05:10 CDT,97995,8.22,52.74,2.62,8.45,0,103305.65
TWB14,Uvalde_2020_02,29.60214,-99.73007,436.7784,6/28/21,p,2021,04/21/2021 05:15 CDT,98006,8.22,52.78,2.295,8.45,0,103317.25
TWB14,Uvalde_2020_02,29.60214,-99.73007,436.7784,6/28/21,p,2021,04/21/2021 05:20 CDT,98016,8.21,52.68,2.225,8.45,0,103327.79
TWB14,Uvalde_2020_02,29.60214,-99.73007,436.7784,6/28/21,p,2021,04/21/2021 05:25 CDT,98020,8.19,52.88,2.22,8.45,0,103332.39
TWB14,Uvalde_2020_02,29.60214,-99.73007,436.7784,6/28/21,p,2021,04/21/2021 05:30 CDT,98019,8.18,52.64,1.66,8.45,0,103331.92
TWB14,Uvalde_2020_02,29.60214,-99.73007,436.7784,6/28/21,p,2021,04/21/2021 05:35 CDT,98027,8.19,52.61,2.2,8.45,0,103339.58
TWB14,Uvalde_2020_02,29.60214,-99.73007,436.7784,6/28/21,p,2021,04/21/2021 05:40 CDT,98022,8.11,52.71,2.735,8.45,0.01,103336.05
TWB14,Uvalde_2020_02,29.60214,-99.73007,436.7784,6/28/21,p,2021,04/21/2021 05:45 CDT,98025,8.08,52.74,2.95,8.45,0,103339.98
TWB14,Uvalde_2020_02,29.60214,-99.73007,436.7784,6/28/21,p,2021,04/21/2021 05:50 CDT,98027,8.07,53.25,2.42,8.45,0,103342.28
TWB14,Uvalde_2020_02,29.60214,-99.73007,436.7784,6/28/21,p,2021,04/21/2021 05:55 CDT,98026,8.04,52.81,2.845,8.45,0.01,103341.62
TWB14,Uvalde_2020_02,29.60214,-99.73007,436.7784,6/28/21,p,2021,04/21/2021 06:00 CDT,98034,7.98,53.15,3.01,8.45,0.1,103351.01
TWB14,Uvalde_2020_02,29.60214,-99.73007,436.7784,6/28/21,p,2021,04/21/2021 06:05 CDT,98039,7.93,53.01,3.245,8.45,0,103357.45
TWB14,Uvalde_2020_02,29.60214,-99.73007,436.7784,6/28/21,p,2021,04/21/2021 06:10 CDT,98036,7.83,52.74,3.25,8.45,0.17,103356.22
TWB14,Uvalde_2020_02,29.60214,-99.73007,436.7784,6/28/21,p,2021,04/21/2021 06:15 CDT,98035,7.82,52.61,2.56,8.45,0,103355.75
TWB14,Uvalde_2020_02,29.60214,-99.73007,436.7784,6/28/21,p,2021,04/21/2021 06:20 CDT,98037,7.81,52,2.96,8.45,0,103357.86
TWB14,Uvalde_2020_02,29.60214,-99.73007,436.7784,6/28/21,p,2021,04/21/2021 06:25 CDT,98038,7.78,52.1,3.115,8.45,0,103359.49
TWB14,Uvalde_2020_02,29.60214,-99.73007,436.7784,6/28/21,p,2021,04/21/2021 06:30 CDT,98040,7.75,51.63,3.5,8.45,0,103362.18
TWB14,Uvalde_2020_02,29.60214,-99.73007,436.7784,6/28/21,p,2021,04/21/2021 06:35 CDT,98043,7.73,51.7,2.86,8.45,0.01,103365.54
TWB14,Uvalde_2020_02,29.60214,-99.73007,436.7784,6/28/21,p,2021,04/21/2021 06:40 CDT,98047,7.68,51.59,3.335,8.45,0,103371.31
TWB14,Uvalde_2020_02,29.60214,-99.73007,436.7784,6/28/21,p,2021,04/21/2021 06:45 CDT,98053,7.63,51.8,2.7,8.45,0,103378.6
TWB14,Uvalde_2020_02,29.60214,-99.73007,436.7784,6/28/21,p,2021,04/21/2021 06:50 CDT,98054,7.64,51.6,1.97,8.45,0,103379.66
TWB14,Uvalde_2020_02,29.60214,-99.73007,436.7784,6/28/21,p,2021,04/21/2021 06:55 CDT,98067,7.65,51.26,2.09,8.45,0,103392.98
TWB14,Uvalde_2020_02,29.60214,-99.73007,436.7784,6/28/21,p,2021,04/21/2021 07:00 CDT,98074,7.69,50.72,1.63,8.45,0,103399.39
TWB14,Uvalde_2020_02,29.60214,-99.73007,436.7784,6/28/21,p,2021,04/21/2021 07:05 CDT,98079,7.71,50.18,1.97,8.45,0.47,103404.27
TWB14,Uvalde_2020_02,29.60214,-99.73007,436.7784,6/28/21,p,2021,04/21/2021 07:10 CDT,98083,7.72,50.18,1.91,8.45,0.98,103407.72
TWB14,Uvalde_2020_02,29.60214,-99.73007,436.7784,6/28/21,p,2021,04/21/2021 07:15 CDT,98093,7.72,49.57,2.53,8.45,1.65,103418.26
TWB14,Uvalde_2020_02,29.60214,-99.73007,436.7784,6/28/21,p,2021,04/21/2021 07:20 CDT,98099,7.73,48.96,1.71,8.45,3.75,103424.78
TWB14,Uvalde_2020_02,29.60214,-99.73007,436.7784,6/28/21,p,2021,04/21/2021 07:25 CDT,98104,7.73,49.16,1.935,8.45,6.25,103429.66
TWB14,Uvalde_2020_02,29.60214,-99.73007,436.7784,6/28/21,p,2021,04/21/2021 07:30 CDT,98102,7.73,48.69,1.665,8.45,5.69,103427.56
TWB14,Uvalde_2020_02,29.60214,-99.73007,436.7784,6/28/21,p,2021,04/21/2021 07:35 CDT,98120,7.77,48.22,0.98,8.45,6.83,103445.95
TWB14,Uvalde_2020_02,29.60214,-99.73007,436.7784,6/28/21,p,2021,04/21/2021 07:40 CDT,98126,7.77,47.14,2.165,8.45,10.02,103451.9
TWB14,Uvalde_2020_02,29.60214,-99.73007,436.7784,6/28/21,p,2021,04/21/2021 07:45 CDT,98139,7.73,46.87,1.855,8.45,13.05,103466.57
TWB14,Uvalde_2020_02,29.60214,-99.73007,436.7784,6/28/21,p,2021,04/21/2021 07:50 CDT,98151,7.74,46.6,2.25,8.45,15.99,103478.84
TWB14,Uvalde_2020_02,29.60214,-99.73007,436.7784,6/28/21,p,2021,04/21/2021 07:55 CDT,98168,7.76,45.92,1.895,8.45,16.41,103496.95
TWB14,Uvalde_2020_02,29.60214,-99.73007,436.7784,6/28/21,p,2021,04/21/2021 08:00 CDT,98175,7.74,45.85,1.915,8.45,18.05,103504.33
TWB14,Uvalde_2020_02,29.60214,-99.73007,436.7784,6/28/21,p,2021,04/21/2021 08:05 CDT,98180,7.78,45.48,1.865,8.45,21.28,103508.83
TWB14,Uvalde_2020_02,29.60214,-99.73007,436.7784,6/28/21,p,2021,04/21/2021 08:10 CDT,98193,7.78,44.84,2.135,8.45,23.66,103522.54
TWB14,Uvalde_2020_02,29.60214,-99.73007,436.7784,6/28/21,p,2021,04/21/2021 08:15 CDT,98181,7.78,44.84,2.26,8.45,31.14,103509.89
TWB14,Uvalde_2020_02,29.60214,-99.73007,436.7784,6/28/21,p,2021,04/21/2021 08:20 CDT,98180,7.83,44.06,1.92,8.45,39.09,103508.25
TWB14,Uvalde_2020_02,29.60214,-99.73007,436.7784,6/28/21,p,2021,04/21/2021 08:25 CDT,98192,7.87,43.42,2.175,8.45,41.2,103519.74
TWB14,Uvalde_2020_02,29.60214,-99.73007,436.7784,6/28/21,p,2021,04/21/2021 08:30 CDT,98198,7.96,42.94,1.665,8.45,37.66,103524.33
TWB14,Uvalde_2020_02,29.60214,-99.73007,436.7784,6/28/21,p,2021,04/21/2021 08:35 CDT,98199,8.01,42.74,1.62,8.45,41.31,103524.61
TWB14,Uvalde_2020_02,29.60214,-99.73007,436.7784,6/28/21,p,2021,04/21/2021 08:40 CDT,98208,8.04,42.54,2.83,8.45,60.89,103533.13
TWB14,Uvalde_2020_02,29.60214,-99.73007,436.7784,6/28/21,p,2021,04/21/2021 08:45 CDT,98209,8.08,42.53,2.37,8.45,81.51,103533.6
TWB14,Uvalde_2020_02,29.60214,-99.73007,436.7784,6/28/21,p,2021,04/21/2021 08:50 CDT,98210,8.17,43.07,2.565,8.45,99.76,103532.14
TWB14,Uvalde_2020_02,29.60214,-99.73007,436.7784,6/28/21,p,2021,04/21/2021 08:55 CDT,98207,8.33,42.46,2.36,8.45,124.73,103526.66
TWB14,Uvalde_2020_02,29.60214,-99.73007,436.7784,6/28/21,p,2021,04/21/2021 09:00 CDT,98210,8.53,39.86,1.855,8.45,125.51,103525.39
TWB14,Uvalde_2020_02,29.60214,-99.73007,436.7784,6/28/21,p,2021,04/21/2021 09:05 CDT,98217,8.74,40.5,1.84,8.45,151.35,103528.53
TWB14,Uvalde_2020_02,29.60214,-99.73007,436.7784,6/28/21,p,2021,04/21/2021 09:10 CDT,98216,8.75,39.66,2.305,8.45,164.58,103526.52
TWB14,Uvalde_2020_02,29.60214,-99.73007,436.7784,6/28/21,p,2021,04/21/2021 09:15 CDT,98212,8.85,39.63,2.255,8.45,213.88,103520.38
TWB14,Uvalde_2020_02,29.60214,-99.73007,436.7784,6/28/21,p,2021,04/21/2021 09:20 CDT,98205,9.14,37.8,2.31,8.45,277.06,103507.62
TWB14,Uvalde_2020_02,29.60214,-99.73007,436.7784,6/28/21,p,2021,04/21/2021 09:25 CDT,98194,9.4,37.13,2.585,8.45,306.9,103490.09
TWB14,Uvalde_2020_02,29.60214,-99.73007,436.7784,6/28/21,p,2021,04/21/2021 09:30 CDT,98194,9.38,37.13,2.99,8.45,410.67,103489.9
TWB14,Uvalde_2020_02,29.60214,-99.73007,436.7784,6/28/21,p,2021,04/21/2021 09:35 CDT,98191,9.76,36.04,2.25,8.45,235.65,103480.43
TWB14,Uvalde_2020_02,29.60214,-99.73007,436.7784,6/28/21,p,2021,04/21/2021 09:40 CDT,98194,9.55,36.78,2.09,8.45,186.2,103484.54
TWB14,Uvalde_2020_02,29.60214,-99.73007,436.7784,6/28/21,p,2021,04/21/2021 09:45 CDT,98205,9.93,36.58,1.455,8.45,281.31,103493.46
TWB14,Uvalde_2020_02,29.60214,-99.73007,436.7784,6/28/21,p,2021,04/21/2021 09:50 CDT,98201,10.37,35.16,1.78,8.45,247.11,103479.92
TWB14,Uvalde_2020_02,29.60214,-99.73007,436.7784,6/28/21,p,2021,04/21/2021 09:55 CDT,98201,10.06,36.64,2.36,8.45,180.62,103482.77
TWB14,Uvalde_2020_02,29.60214,-99.73007,436.7784,6/28/21,p,2021,04/21/2021 10:00 CDT,98206,9.95,36.24,2.59,8.45,176.54,103490.51
TWB14,Uvalde_2020_02,29.60214,-99.73007,436.7784,6/28/21,p,2021,04/21/2021 10:05 CDT,98196,9.96,37.32,2.1,8.45,207.63,103481.11
TWB14,Uvalde_2020_02,29.60214,-99.73007,436.7784,6/28/21,p,2021,04/21/2021 10:10 CDT,98204,10.07,36.34,2.085,8.45,217.98,103488.02
TWB14,Uvalde_2020_02,29.60214,-99.73007,436.7784,6/28/21,p,2021,04/21/2021 10:15 CDT,98205,10.17,36.07,2.45,8.45,209.18,103487.55
TWB14,Uvalde_2020_02,29.60214,-99.73007,436.7784,6/28/21,p,2021,04/21/2021 10:20 CDT,98203,10.2,35.9,2.025,8.45,259.25,103484.5
TWB14,Uvalde_2020_02,29.60214,-99.73007,436.7784,6/28/21,p,2021,04/21/2021 10:25 CDT,98201,10.55,35.22,2.59,8.45,338.14,103475.73
TWB14,Uvalde_2020_02,29.60214,-99.73007,436.7784,6/28/21,p,2021,04/21/2021 10:30 CDT,98201,10.63,35.09,2.16,8.45,394.18,103472.7
TWB14,Uvalde_2020_02,29.60214,-99.73007,436.7784,6/28/21,p,2021,04/21/2021 10:35 CDT,98204,10.88,34.58,2.655,8.45,355.25,103471.31
TWB14,Uvalde_2020_02,29.60214,-99.73007,436.7784,6/28/21,p,2021,04/21/2021 10:40 CDT,98203,10.9,34.48,2.635,8.45,402.9,103468.74
TWB14,Uvalde_2020_02,29.60214,-99.73007,436.7784,6/28/21,p,2021,04/21/2021 10:45 CDT,98200,11.2,33.7,2.45,8.45,407.51,103459.91
TWB14,Uvalde_2020_02,29.60214,-99.73007,436.7784,6/28/21,p,2021,04/21/2021 10:50 CDT,98193,11.26,33.33,2.62,8.45,425.36,103450.84
TWB14,Uvalde_2020_02,29.60214,-99.73007,436.7784,6/28/21,p,2021,04/21/2021 10:55 CDT,98197,11.64,32.89,2.15,8.45,398.48,103449.59
TWB14,Uvalde_2020_02,29.60214,-99.73007,436.7784,6/28/21,p,2021,04/21/2021 11:00 CDT,98194,11.66,33.36,1.805,8.45,382.6,103444.73
TWB14,Uvalde_2020_02,29.60214,-99.73007,436.7784,6/28/21,p,2021,04/21/2021 11:05 CDT,98189,12.1,33.63,1.475,8.45,379.99,103431.57
TWB14,Uvalde_2020_02,29.60214,-99.73007,436.7784,6/28/21,p,2021,04/21/2021 11:10 CDT,98178,12.24,32.58,2.17,8.45,430.75,103416.61
TWB14,Uvalde_2020_02,29.60214,-99.73007,436.7784,6/28/21,p,2021,04/21/2021 11:15 CDT,98169,12.38,32.11,1.475,8.45,424.97,103403.39
TWB14,Uvalde_2020_02,29.60214,-99.73007,436.7784,6/28/21,p,2021,04/21/2021 11:20 CDT,98162,12.62,32.41,1.885,8.45,455.6,103391.34
TWB14,Uvalde_2020_02,29.60214,-99.73007,436.7784,6/28/21,p,2021,04/21/2021 11:25 CDT,98151,13.03,32.17,1.915,8.45,517.34,103373.23
TWB14,Uvalde_2020_02,29.60214,-99.73007,436.7784,6/28/21,p,2021,04/21/2021 11:30 CDT,98142,13.21,30.92,1.845,8.45,493.44,103359.11
TWB14,Uvalde_2020_02,29.60214,-99.73007,436.7784,6/28/21,p,2021,04/21/2021 11:35 CDT,98130,13.23,31.22,1.11,8.45,411.19,103345.17
TWB14,Uvalde_2020_02,29.60214,-99.73007,436.7784,6/28/21,p,2021,04/21/2021 11:40 CDT,98130,13.19,31.56,2.31,8.45,399.85,103343.68
TWB14,Uvalde_2020_02,29.60214,-99.73007,436.7784,6/28/21,p,2021,04/21/2021 11:45 CDT,98125,12.98,31.42,2.315,8.45,418.24,103343.99
TWB14,Uvalde_2020_02,29.60214,-99.73007,436.7784,6/28/21,p,2021,04/21/2021 11:50 CDT,98117,13.2,31.29,1.74,8.45,382.96,103333.71
TWB14,Uvalde_2020_02,29.60214,-99.73007,436.7784,6/28/21,p,2021,04/21/2021 11:55 CDT,98116,12.83,31.83,2.895,8.45,395.23,103338.79
TWB14,Uvalde_2020_02,29.60214,-99.73007,436.7784,6/28/21,p,2021,04/21/2021 12:00 CDT,98111,12.74,32.03,1.695,8.45,370.12,103335.95
TWB14,Uvalde_2020_02,29.60214,-99.73007,436.7784,6/28/21,p,2021,04/21/2021 12:05 CDT,98106,13.02,31.52,2.24,8.45,370.18,103327.33
TWB14,Uvalde_2020_02,29.60214,-99.73007,436.7784,6/28/21,p,2021,04/21/2021 12:10 CDT,98099,13.17,32.26,2.04,8.45,433.19,103316.42
TWB14,Uvalde_2020_02,29.60214,-99.73007,436.7784,6/28/21,p,2021,04/21/2021 12:15 CDT,98091,13.68,29.63,1.46,8.45,483.52,103297.24
TWB14,Uvalde_2020_02,29.60214,-99.73007,436.7784,6/28/21,p,2021,04/21/2021 12:20 CDT,98088,13.74,29.93,2.165,8.45,486.06,103287.97
TWB14,Uvalde_2020_02,29.60214,-99.73007,436.7784,6/28/21,p,2021,04/21/2021 12:25 CDT,98082,13.83,30.13,2.1,8.45,585.73,103284.24
TWB14,Uvalde_2020_02,29.60214,-99.73007,436.7784,6/28/21,p,2021,04/21/2021 12:30 CDT,98067,13.95,29.52,2.455,8.45,595.96,103264.2
TWB14,Uvalde_2020_02,29.60214,-99.73007,436.7784,6/28/21,p,2021,04/21/2021 12:35 CDT,98059,14.09,29.32,2.17,8.45,608.43,103253.56
TWB14,Uvalde_2020_02,29.60214,-99.73007,436.7784,6/28/21,p,2021,04/21/2021 12:40 CDT,98041,14.21,28.58,1.31,8.45,536.89,103233.5
TWB14,Uvalde_2020_02,29.60214,-99.73007,436.7784,6/28/21,p,2021,04/21/2021 12:45 CDT,98031,14.25,29.96,1.855,8.45,479.67,103223.71
TWB14,Uvalde_2020_02,29.60214,-99.73007,436.7784,6/28/21,p,2021,04/21/2021 12:50 CDT,98019,14.86,27.26,1.455,8.45,428.25,103200.6
TWB14,Uvalde_2020_02,29.60214,-99.73007,436.7784,6/28/21,p,2021,04/21/2021 12:55 CDT,98012,15.04,26.65,1.745,8.45,410.02,103185.89
TWB14,Uvalde_2020_02,29.60214,-99.73007,436.7784,6/28/21,p,2021,04/21/2021 13:00 CDT,98008,14.86,27.83,1.25,8.45,396.13,103183.69
TWB14,Uvalde_2020_02,29.60214,-99.73007,436.7784,6/28/21,p,2021,04/21/2021 13:05 CDT,97998,14.93,28.27,1.215,8.45,407.95,103174.63
TWB14,Uvalde_2020_02,29.60214,-99.73007,436.7784,6/28/21,p,2021,04/21/2021 13:10 CDT,97987,14.94,27.7,1.395,8.45,418.32,103165.8
TWB14,Uvalde_2020_02,29.60214,-99.73007,436.7784,6/28/21,p,2021,04/21/2021 13:15 CDT,97976,14.82,28.81,1.505,8.45,428.85,103153.48
TWB14,Uvalde_2020_02,29.60214,-99.73007,436.7784,6/28/21,p,2021,04/21/2021 13:20 CDT,97971,14.85,27.06,1.945,8.45,385.21,103148.77
TWB14,Uvalde_2020_02,29.60214,-99.73007,436.7784,6/28/21,p,2021,04/21/2021 13:25 CDT,97961,15,27.26,1.22,8.45,377.81,103136.23
TWB14,Uvalde_2020_02,29.60214,-99.73007,436.7784,6/28/21,p,2021,04/21/2021 13:30 CDT,97947,15.41,28.64,0.985,8.45,388.53,103118
TWB14,Uvalde_2020_02,29.60214,-99.73007,436.7784,6/28/21,p,2021,04/21/2021 13:35 CDT,97939,15.65,26.78,1.47,8.45,392.64,103101.37
TWB14,Uvalde_2020_02,29.60214,-99.73007,436.7784,6/28/21,p,2021,04/21/2021 13:40 CDT,97925,15.43,27.49,1.765,8.45,380.05,103088.63
TWB14,Uvalde_2020_02,29.60214,-99.73007,436.7784,6/28/21,p,2021,04/21/2021 13:45 CDT,97913,15.72,28.43,1.225,8.45,364.48,103074.72
TWB14,Uvalde_2020_02,29.60214,-99.73007,436.7784,6/28/21,p,2021,04/21/2021 13:50 CDT,97901,15.93,27.02,1.725,8.45,396.87,103053.72
TWB14,Uvalde_2020_02,29.60214,-99.73007,436.7784,6/28/21,p,2021,04/21/2021 13:55 CDT,97894,15.84,27.89,2.21,8.45,414.5,103047.07
TWB14,Uvalde_2020_02,29.60214,-99.73007,436.7784,6/28/21,p,2021,04/21/2021 14:00 CDT,97868,15.97,28.81,1.85,8.45,457.26,103019.15
TWB14,Uvalde_2020_02,29.60214,-99.73007,436.7784,6/28/21,p,2021,04/21/2021 14:05 CDT,97849,16.08,28.23,2.24,8.45,419.27,102998.06
TWB14,Uvalde_2020_02,29.60214,-99.73007,436.7784,6/28/21,p,2021,04/21/2021 14:10 CDT,97847,15.93,28.6,2.4,8.45,317.69,102997.96
TWB14,Uvalde_2020_02,29.60214,-99.73007,436.7784,6/28/21,p,2021,04/21/2021 14:15 CDT,97843,16.1,29.61,1.64,8.45,302.57,102992.47
TWB14,Uvalde_2020_02,29.60214,-99.73007,436.7784,6/28/21,p,2021,04/21/2021 14:20 CDT,97832,16.21,28.6,1.72,8.45,326.14,102977.45
TWB14,Uvalde_2020_02,29.60214,-99.73007,436.7784,6/28/21,p,2021,04/21/2021 14:25 CDT,97832,16.34,30.25,1.765,8.45,300.31,102975.62
TWB14,Uvalde_2020_02,29.60214,-99.73007,436.7784,6/28/21,p,2021,04/21/2021 14:30 CDT,97830,16.44,28.7,1.045,8.45,273.51,102974.07
TWB14,Uvalde_2020_02,29.60214,-99.73007,436.7784,6/28/21,p,2021,04/21/2021 14:35 CDT,97827,16.66,29.58,1.345,8.45,261.44,102967.65
TWB14,Uvalde_2020_02,29.60214,-99.73007,436.7784,6/28/21,p,2021,04/21/2021 14:40 CDT,97814,16.49,29.72,1.27,8.45,260.77,102955.23
TWB14,Uvalde_2020_02,29.60214,-99.73007,436.7784,6/28/21,p,2021,04/21/2021 14:45 CDT,97804,16.55,30.12,1.675,8.45,248.18,102944.34
TWB14,Uvalde_2020_02,29.60214,-99.73007,436.7784,6/28/21,p,2021,04/21/2021 14:50 CDT,97800,16.75,30.29,1.48,8.45,236.31,102936.69
TWB14,Uvalde_2020_02,29.60214,-99.73007,436.7784,6/28/21,p,2021,04/21/2021 14:55 CDT,97790,16.75,31.06,2.165,8.45,218.56,102923.63
TWB14,Uvalde_2020_02,29.60214,-99.73007,436.7784,6/28/21,p,2021,04/21/2021 15:00 CDT,97777,16.79,30.15,1.69,8.45,201.43,102908.87
TWB14,Uvalde_2020_02,29.60214,-99.73007,436.7784,6/28/21,p,2021,04/21/2021 15:05 CDT,97769,16.77,29.85,1.355,8.45,190.11,102901.17
TWB14,Uvalde_2020_02,29.60214,-99.73007,436.7784,6/28/21,p,2021,04/21/2021 15:10 CDT,97763,16.8,28.64,1.71,8.45,182.25,102895.59
TWB14,Uvalde_2020_02,29.60214,-99.73007,436.7784,6/28/21,p,2021,04/21/2021 15:15 CDT,97759,16.68,30.59,1.79,8.45,187.95,102893.17
TWB14,Uvalde_2020_02,29.60214,-99.73007,436.7784,6/28/21,p,2021,04/21/2021 15:20 CDT,97752,16.78,30.15,1.09,8.45,194.93,102886.71
TWB14,Uvalde_2020_02,29.60214,-99.73007,436.7784,6/28/21,p,2021,04/21/2021 15:25 CDT,97748,16.94,28.87,0.84,8.45,207.36,102879.08
TWB14,Uvalde_2020_02,29.60214,-99.73007,436.7784,6/28/21,p,2021,04/21/2021 15:30 CDT,97730,17.16,29.24,0.93,8.45,248.77,102856.34
TWB14,Uvalde_2020_02,29.60214,-99.73007,436.7784,6/28/21,p,2021,04/21/2021 15:35 CDT,97719,17.16,30.39,1.74,8.45,277.12,102844.04
TWB14,Uvalde_2020_02,29.60214,-99.73007,436.7784,6/28/21,p,2021,04/21/2021 15:40 CDT,97700,17.27,31.3,1.125,8.45,284.95,102821.33
TWB14,Uvalde_2020_02,29.60214,-99.73007,436.7784,6/28/21,p,2021,04/21/2021 15:45 CDT,97690,17.65,29.01,1.155,8.45,372.44,102805.79
TWB14,Uvalde_2020_02,29.60214,-99.73007,436.7784,6/28/21,p,2021,04/21/2021 15:50 CDT,97676,17.77,31.17,2.08,8.45,582.72,102787.81
TWB14,Uvalde_2020_02,29.60214,-99.73007,436.7784,6/28/21,p,2021,04/21/2021 15:55 CDT,97657,18.39,28.64,1.82,8.45,725.49,102755.31
TWB14,Uvalde_2020_02,29.60214,-99.73007,436.7784,6/28/21,p,2021,04/21/2021 16:00 CDT,97642,19,26.58,1.9,8.45,756.4,102727.97
TWB14,Uvalde_2020_02,29.60214,-99.73007,436.7784,6/28/21,p,2021,04/21/2021 16:05 CDT,97628,19.23,27.29,2.26,8.45,694.21,102703.84
TWB14,Uvalde_2020_02,29.60214,-99.73007,436.7784,6/28/21,p,2021,04/21/2021 16:10 CDT,97614,18.56,28.4,2.47,8.45,372.14,102698.68
TWB14,Uvalde_2020_02,29.60214,-99.73007,436.7784,6/28/21,p,2021,04/21/2021 16:15 CDT,97600,18.09,28.91,1.875,8.45,268.51,102696.4
TWB14,Uvalde_2020_02,29.60214,-99.73007,436.7784,6/28/21,p,2021,04/21/2021 16:20 CDT,97588,17.98,29.24,1.89,8.45,177.25,102687.17
TWB14,Uvalde_2020_02,29.60214,-99.73007,436.7784,6/28/21,p,2021,04/21/2021 16:25 CDT,97577,17.86,29.51,1.72,8.45,478.15,102679.16
TWB14,Uvalde_2020_02,29.60214,-99.73007,436.7784,6/28/21,p,2021,04/21/2021 16:30 CDT,97561,18.48,28.8,1.485,8.45,549.28,102655.9
TWB14,Uvalde_2020_02,29.60214,-99.73007,436.7784,6/28/21,p,2021,04/21/2021 16:35 CDT,97541,18.96,29.04,1.305,8.45,522.25,102624.71
TWB14,Uvalde_2020_02,29.60214,-99.73007,436.7784,6/28/21,p,2021,04/21/2021 16:40 CDT,97533,19.47,28.91,1.855,8.45,520.42,102606.9
TWB14,Uvalde_2020_02,29.60214,-99.73007,436.7784,6/28/21,p,2021,04/21/2021 16:45 CDT,97518,19.71,27.62,1.425,8.45,505.38,102586.71
TWB14,Uvalde_2020_02,29.60214,-99.73007,436.7784,6/28/21,p,2021,04/21/2021 16:50 CDT,97505,19.81,27.69,2.185,8.45,501.91,102568.97
TWB14,Uvalde_2020_02,29.60214,-99.73007,436.7784,6/28/21,p,2021,04/21/2021 16:55 CDT,97500,19.94,27.08,2.29,8.45,487.88,102562.66
TWB14,Uvalde_2020_02,29.60214,-99.73007,436.7784,6/28/21,p,2021,04/21/2021 17:00 CDT,97497,19.8,27.59,2.475,8.45,476.24,102560.2
TWB14,Uvalde_2020_02,29.60214,-99.73007,436.7784,6/28/21,p,2021,04/21/2021 17:05 CDT,97482,20.22,27.04,2.12,8.45,462.08,102539.85
TWB14,Uvalde_2020_02,29.60214,-99.73007,436.7784,6/28/21,p,2021,04/21/2021 17:10 CDT,97464,20.23,28.16,2.07,8.45,448.42,102518.8
TWB14,Uvalde_2020_02,29.60214,-99.73007,436.7784,6/28/21,p,2021,04/21/2021 17:15 CDT,97460,20.63,28.19,1.45,8.45,427.99,102510.55
TWB14,Uvalde_2020_02,29.60214,-99.73007,436.7784,6/28/21,p,2021,04/21/2021 17:20 CDT,97448,21.11,30.31,2.105,8.45,421.76,102488.81
TWB14,Uvalde_2020_02,29.60214,-99.73007,436.7784,6/28/21,p,2021,04/21/2021 17:25 CDT,97439,21.09,30.14,1.665,8.45,406.72,102476.2
TWB14,Uvalde_2020_02,29.60214,-99.73007,436.7784,6/28/21,p,2021,04/21/2021 17:30 CDT,97416,21.09,29.23,1.63,8.45,388.07,102453.76
TWB14,Uvalde_2020_02,29.60214,-99.73007,436.7784,6/28/21,p,2021,04/21/2021 17:35 CDT,97409,20.75,29.87,2.485,8.45,388.24,102449.36
TWB14,Uvalde_2020_02,29.60214,-99.73007,436.7784,6/28/21,p,2021,04/21/2021 17:40 CDT,97394,20.87,30.48,1.68,8.45,364.22,102434.81
TWB14,Uvalde_2020_02,29.60214,-99.73007,436.7784,6/28/21,p,2021,04/21/2021 17:45 CDT,97388,21.22,30.31,2.69,8.53,360.2,102421.69
TWB14,Uvalde_2020_02,29.60214,-99.73007,436.7784,6/28/21,p,2021,04/21/2021 17:50 CDT,97386,21.13,29.5,2.31,8.53,343.93,102420.64
TWB14,Uvalde_2020_02,29.60214,-99.73007,436.7784,6/28/21,p,2021,04/21/2021 17:55 CDT,97385,21.12,29.97,2.355,8.53,329.73,102420.8
TWB14,Uvalde_2020_02,29.60214,-99.73007,436.7784,6/28/21,p,2021,04/21/2021 18:00 CDT,97385,21.05,30.31,2.475,8.53,292.72,102421.15
TWB14,Uvalde_2020_02,29.60214,-99.73007,436.7784,6/28/21,p,2021,04/21/2021 18:05 CDT,97385,20.9,30.14,2.315,8.53,276.71,102423.25
TWB14,Uvalde_2020_02,29.60214,-99.73007,436.7784,6/28/21,p,2021,04/21/2021 18:10 CDT,97384,20.9,29.74,2.29,8.53,286.84,102422.37
TWB14,Uvalde_2020_02,29.60214,-99.73007,436.7784,6/28/21,p,2021,04/21/2021 18:15 CDT,97385,20.85,29.8,2.515,8.53,281.02,102424.82
TWB14,Uvalde_2020_02,29.60214,-99.73007,436.7784,6/28/21,p,2021,04/21/2021 18:20 CDT,97385,20.74,32.43,2.205,8.53,177.55,102427.6
TWB14,Uvalde_2020_02,29.60214,-99.73007,436.7784,6/28/21,p,2021,04/21/2021 18:25 CDT,97376,20.81,32.23,1.97,8.53,233.45,102417.79
TWB14,Uvalde_2020_02,29.60214,-99.73007,436.7784,6/28/21,p,2021,04/21/2021 18:30 CDT,97360,20.8,33.18,2.335,8.53,235.22,102400.78
TWB14,Uvalde_2020_02,29.60214,-99.73007,436.7784,6/28/21,p,2021,04/21/2021 18:35 CDT,97360,20.76,33.55,2.63,8.53,219.02,102400.78
TWB14,Uvalde_2020_02,29.60214,-99.73007,436.7784,6/28/21,p,2021,04/21/2021 18:40 CDT,97359,20.55,33.55,2.075,8.53,149.44,102402.53
TWB14,Uvalde_2020_02,29.60214,-99.73007,436.7784,6/28/21,p,2021,04/21/2021 18:45 CDT,97360,20.38,33.31,2.49,8.53,178.15,102407.79
TWB14,Uvalde_2020_02,29.60214,-99.73007,436.7784,6/28/21,p,2021,04/21/2021 18:50 CDT,97360,20.6,33.24,2.6,8.53,186.86,102406.21
TWB14,Uvalde_2020_02,29.60214,-99.73007,436.7784,6/28/21,p,2021,04/21/2021 18:55 CDT,97359,20.29,32.84,3.355,8.53,93.59,102408.32
TWB14,Uvalde_2020_02,29.60214,-99.73007,436.7784,6/28/21,p,2021,04/21/2021 19:00 CDT,97360,19.88,32.67,3.05,8.53,129.03,102417.99
TWB14,Uvalde_2020_02,29.60214,-99.73007,436.7784,6/28/21,p,2021,04/21/2021 19:05 CDT,97360,19.91,32.54,3.45,8.53,133.11,102419.23
TWB14,Uvalde_2020_02,29.60214,-99.73007,436.7784,6/28/21,p,2021,04/21/2021 19:10 CDT,97361,19.79,33.08,3.335,8.53,113.89,102422.57
TWB14,Uvalde_2020_02,29.60214,-99.73007,436.7784,6/28/21,p,2021,04/21/2021 19:15 CDT,97363,19.74,33.01,2.91,8.53,98.27,102426.08
TWB14,Uvalde_2020_02,29.60214,-99.73007,436.7784,6/28/21,p,2021,04/21/2021 19:20 CDT,97367,19.64,33.35,2.44,8.53,55.68,102432.06
TWB14,Uvalde_2020_02,29.60214,-99.73007,436.7784,6/28/21,p,2021,04/21/2021 19:25 CDT,97371,19.41,33.46,3.035,8.53,44.29,102439.98
TWB14,Uvalde_2020_02,29.60214,-99.73007,436.7784,6/28/21,p,2021,04/21/2021 19:30 CDT,97376,19.29,33.02,2.195,8.53,43.39,102448.25
TWB14,Uvalde_2020_02,29.60214,-99.73007,436.7784,6/28/21,p,2021,04/21/2021 19:35 CDT,97379,19.24,32.82,2.485,8.53,37.59,102452.65
TWB14,Uvalde_2020_02,29.60214,-99.73007,436.7784,6/28/21,p,2021,04/21/2021 19:40 CDT,97380,19.15,32.88,2.72,8.53,31.39,102455.47
TWB14,Uvalde_2020_02,29.60214,-99.73007,436.7784,6/28/21,p,2021,04/21/2021 19:45 CDT,97385,19.01,32.75,2.925,8.53,26.99,102463.22
TWB14,Uvalde_2020_02,29.60214,-99.73007,436.7784,6/28/21,p,2021,04/21/2021 19:50 CDT,97390,18.8,32.95,2.84,8.53,21.85,102472.03
TWB14,Uvalde_2020_02,29.60214,-99.73007,436.7784,6/28/21,p,2021,04/21/2021 19:55 CDT,97394,18.62,33.29,3.375,8.53,17.35,102479.44
TWB14,Uvalde_2020_02,29.60214,-99.73007,436.7784,6/28/21,p,2021,04/21/2021 20:00 CDT,97380,18.44,33.77,2.645,8.53,11.03,102467.91
TWB14,Uvalde_2020_02,29.60214,-99.73007,436.7784,6/28/21,p,2021,04/21/2021 20:05 CDT,97384,18.25,33.9,3.065,8.53,6.68,102475.87
TWB14,Uvalde_2020_02,29.60214,-99.73007,436.7784,6/28/21,p,2021,04/21/2021 20:10 CDT,97393,18.1,34.2,2.695,8.53,3.61,102488.2
TWB14,Uvalde_2020_02,29.60214,-99.73007,436.7784,6/28/21,p,2021,04/21/2021 20:15 CDT,97396,17.91,34.61,2.385,8.53,2.07,102494.93
TWB14,Uvalde_2020_02,29.60214,-99.73007,436.7784,6/28/21,p,2021,04/21/2021 20:20 CDT,97407,17.73,34.51,2.46,8.53,0.49,102510.27
TWB14,Uvalde_2020_02,29.60214,-99.73007,436.7784,6/28/21,p,2021,04/21/2021 20:25 CDT,97417,17.63,33.97,2.725,8.53,0.01,102523.12
TWB14,Uvalde_2020_02,29.60214,-99.73007,436.7784,6/28/21,p,2021,04/21/2021 20:30 CDT,97426,17.57,33.84,2.81,8.53,0,102534.03
TWB14,Uvalde_2020_02,29.60214,-99.73007,436.7784,6/28/21,p,2021,04/21/2021 20:35 CDT,97428,17.49,34.21,2.845,8.53,0,102537.39
TWB14,Uvalde_2020_02,29.60214,-99.73007,436.7784,6/28/21,p,2021,04/21/2021 20:40 CDT,97433,17.34,34.72,1.995,8.53,0.01,102544.99
TWB14,Uvalde_2020_02,29.60214,-99.73007,436.7784,6/28/21,p,2021,04/21/2021 20:45 CDT,97439,17.18,35.19,2.035,8.53,0.02,102554.54
TWB14,Uvalde_2020_02,29.60214,-99.73007,436.7784,6/28/21,p,2021,04/21/2021 20:50 CDT,97447,17.16,35.46,1.935,8.53,0,102563.68
TWB14,Uvalde_2020_02,29.60214,-99.73007,436.7784,6/28/21,p,2021,04/21/2021 20:55 CDT,97448,17.18,35.7,2.305,8.53,0,102564.19
TWB14,Uvalde_2020_02,29.60214,-99.73007,436.7784,6/28/21,p,2021,04/21/2021 21:00 CDT,97451,17.22,36.01,2.46,8.53,0,102566.63
TWB14,Uvalde_2020_02,29.60214,-99.73007,436.7784,6/28/21,p,2021,04/21/2021 21:05 CDT,97459,17.26,36.08,2.245,8.53,0,102574.15
TWB14,Uvalde_2020_02,29.60214,-99.73007,436.7784,6/28/21,p,2021,04/21/2021 21:10 CDT,97464,17.25,36.21,1.73,8.53,0,102579.05
TWB14,Uvalde_2020_02,29.60214,-99.73007,436.7784,6/28/21,p,2021,04/21/2021 21:15 CDT,97468,17.21,36.35,2.445,8.53,0,102583.62
TWB14,Uvalde_2020_02,29.60214,-99.73007,436.7784,6/28/21,p,2021,04/21/2021 21:20 CDT,97475,17.18,36.48,1.875,8.53,0,102591.7
TWB14,Uvalde_2020_02,29.60214,-99.73007,436.7784,6/28/21,p,2021,04/21/2021 21:25 CDT,97474,17.17,36.41,2.305,8.53,0,102590.83
TWB14,Uvalde_2020_02,29.60214,-99.73007,436.7784,6/28/21,p,2021,04/21/2021 21:30 CDT,97465,17.14,36.35,2.435,8.53,0,102581.36
TWB14,Uvalde_2020_02,29.60214,-99.73007,436.7784,6/28/21,p,2021,04/21/2021 21:35 CDT,97462,17.08,36.68,2.155,8.53,0,102579.46
TWB14,Uvalde_2020_02,29.60214,-99.73007,436.7784,6/28/21,p,2021,04/21/2021 21:40 CDT,97470,17,36.82,1.995,8.53,0.01,102589.5
TWB14,Uvalde_2020_02,29.60214,-99.73007,436.7784,6/28/21,p,2021,04/21/2021 21:45 CDT,97469,16.9,36.99,2.13,8.53,0,102590.25
TWB14,Uvalde_2020_02,29.60214,-99.73007,436.7784,6/28/21,p,2021,04/21/2021 21:50 CDT,97467,16.82,37.09,2.175,8.53,0,102589.41
TWB14,Uvalde_2020_02,29.60214,-99.73007,436.7784,6/28/21,p,2021,04/21/2021 21:55 CDT,97463,16.72,37.36,2.12,8.53,0,102587.37
TWB14,Uvalde_2020_02,29.60214,-99.73007,436.7784,6/28/21,p,2021,04/21/2021 22:00 CDT,97466,16.63,37.63,2.15,8.53,0,102592.33
TWB14,Uvalde_2020_02,29.60214,-99.73007,436.7784,6/28/21,p,2021,04/21/2021 22:05 CDT,97467,16.54,37.83,2.18,8.53,0,102595.19
TWB14,Uvalde_2020_02,29.60214,-99.73007,436.7784,6/28/21,p,2021,04/21/2021 22:10 CDT,97464,16.41,37.97,1.925,8.53,0,102594.38
TWB14,Uvalde_2020_02,29.60214,-99.73007,436.7784,6/28/21,p,2021,04/21/2021 22:15 CDT,97465,16.32,38.17,2.015,8.53,0,102597.07
TWB14,Uvalde_2020_02,29.60214,-99.73007,436.7784,6/28/21,p,2021,04/21/2021 22:20 CDT,97458,16.2,38.37,1.975,8.53,0,102592.05
TWB14,Uvalde_2020_02,29.60214,-99.73007,436.7784,6/28/21,p,2021,04/21/2021 22:25 CDT,97468,16.12,38.07,2.355,8.53,0,102604.39
TWB14,Uvalde_2020_02,29.60214,-99.73007,436.7784,6/28/21,p,2021,04/21/2021 22:30 CDT,97473,16.09,37.97,2.23,8.53,0,102610.38
TWB14,Uvalde_2020_02,29.60214,-99.73007,436.7784,6/28/21,p,2021,04/21/2021 22:35 CDT,97481,15.97,38.31,1.61,8.53,0,102620.44
TWB14,Uvalde_2020_02,29.60214,-99.73007,436.7784,6/28/21,p,2021,04/21/2021 22:40 CDT,97483,15.88,38.31,1.94,8.53,0,102624.73
TWB14,Uvalde_2020_02,29.60214,-99.73007,436.7784,6/28/21,p,2021,04/21/2021 22:45 CDT,97475,15.78,37.91,2.15,8.53,0,102618.12
TWB14,Uvalde_2020_02,29.60214,-99.73007,436.7784,6/28/21,p,2021,04/21/2021 22:50 CDT,97473,15.74,37.84,2.06,8.53,0,102616.57
TWB14,Uvalde_2020_02,29.60214,-99.73007,436.7784,6/28/21,p,2021,04/21/2021 22:55 CDT,97464,15.59,37.91,1.985,8.53,0,102609.46
TWB14,Uvalde_2020_02,29.60214,-99.73007,436.7784,6/28/21,p,2021,04/21/2021 23:00 CDT,97474,15.54,37.84,2.39,8.53,0,102621.26
TWB14,Uvalde_2020_02,29.60214,-99.73007,436.7784,6/28/21,p,2021,04/21/2021 23:05 CDT,97478,15.4,38.08,1.615,8.53,0,102627.66
TWB14,Uvalde_2020_02,29.60214,-99.73007,436.7784,6/28/21,p,2021,04/21/2021 23:10 CDT,97477,15.3,37.37,2.03,8.53,0,102628.98
TWB14,Uvalde_2020_02,29.60214,-99.73007,436.7784,6/28/21,p,2021,04/21/2021 23:15 CDT,97485,15.3,37.03,2.385,8.53,0,102637.59
TWB14,Uvalde_2020_02,29.60214,-99.73007,436.7784,6/28/21,p,2021,04/21/2021 23:20 CDT,97487,15.26,36.56,2.56,8.53,0,102640.06
TWB14,Uvalde_2020_02,29.60214,-99.73007,436.7784,6/28/21,p,2021,04/21/2021 23:25 CDT,97489,15.19,36.49,2.31,8.53,0,102643.26
TWB14,Uvalde_2020_02,29.60214,-99.73007,436.7784,6/28/21,p,2021,04/21/2021 23:30 CDT,97486,15.1,36.63,2.63,8.53,0,102641.93
TWB14,Uvalde_2020_02,29.60214,-99.73007,436.7784,6/28/21,p,2021,04/21/2021 23:35 CDT,97480,14.99,36.93,1.92,8.53,0,102636.89
TWB14,Uvalde_2020_02,29.60214,-99.73007,436.7784,6/28/21,p,2021,04/21/2021 23:40 CDT,97479,14.84,36.7,1.8,8.53,0,102638.59
TWB14,Uvalde_2020_02,29.60214,-99.73007,436.7784,6/28/21,p,2021,04/21/2021 23:45 CDT,97479,14.79,36.77,2.095,8.53,0,102640.42
TWB14,Uvalde_2020_02,29.60214,-99.73007,436.7784,6/28/21,p,2021,04/21/2021 23:50 CDT,97480,14.74,36.63,2.11,8.53,0,102642.57
TWB14,Uvalde_2020_02,29.60214,-99.73007,436.7784,6/28/21,p,2021,04/21/2021 23:55 CDT,97476,14.75,36.23,2.77,8.53,0,102637.99
TWB14,Uvalde_2020_02,29.60214,-99.73007,436.7784,6/28/21,p,2021,04/22/2021 00:00 CDT,97483,14.78,36.03,3.06,8.53,0,102645
TWB14,Uvalde_2020_02,29.60214,-99.73007,436.7784,6/28/21,p,2021,04/22/2021 00:05 CDT,97483,14.74,36.03,2.35,8.53,0,102645
TWB14,Uvalde_2020_02,29.60214,-99.73007,436.7784,6/28/21,p,2021,04/22/2021 00:10 CDT,97485,14.69,35.42,2.755,8.53,0,102648.21
TWB14,Uvalde_2020_02,29.60214,-99.73007,436.7784,6/28/21,p,2021,04/22/2021 00:15 CDT,97481,14.76,34.85,2.85,8.53,0,102642.9
TWB14,Uvalde_2020_02,29.60214,-99.73007,436.7784,6/28/21,p,2021,04/22/2021 00:20 CDT,97497,14.81,34.55,2.915,8.53,0,102658.65
TWB14,Uvalde_2020_02,29.60214,-99.73007,436.7784,6/28/21,p,2021,04/22/2021 00:25 CDT,97495,14.8,34.58,1.67,8.53,0,102656.36
TWB14,Uvalde_2020_02,29.60214,-99.73007,436.7784,6/28/21,p,2021,04/22/2021 00:30 CDT,97485,14.79,34.21,1.71,8.53,0,102645.83
TWB14,Uvalde_2020_02,29.60214,-99.73007,436.7784,6/28/21,p,2021,04/22/2021 00:35 CDT,97471,14.78,34.08,1.9,8.53,0,102631.09
TWB14,Uvalde_2020_02,29.60214,-99.73007,436.7784,6/28/21,p,2021,04/22/2021 00:40 CDT,97470,14.79,34.21,1.94,8.53,0,102630.22
TWB14,Uvalde_2020_02,29.60214,-99.73007,436.7784,6/28/21,p,2021,04/22/2021 00:45 CDT,97471,14.78,33.84,2.215,8.53,0,102631.28
TWB14,Uvalde_2020_02,29.60214,-99.73007,436.7784,6/28/21,p,2021,04/22/2021 00:50 CDT,97473,14.79,33.6,2.215,8.53,0,102633.38
TWB14,Uvalde_2020_02,29.60214,-99.73007,436.7784,6/28/21,p,2021,04/22/2021 00:55 CDT,97456,14.78,33.67,2.085,8.53,0,102615.48
TWB14,Uvalde_2020_02,29.60214,-99.73007,436.7784,6/28/21,p,2021,04/22/2021 01:00 CDT,97453,14.79,33.53,3,8.615,0,102612.32
TWB14,Uvalde_2020_02,29.60214,-99.73007,436.7784,6/28/21,p,2021,04/22/2021 01:05 CDT,97450,14.8,33.66,2.45,8.615,0,102608.8
TWB14,Uvalde_2020_02,29.60214,-99.73007,436.7784,6/28/21,p,2021,04/22/2021 01:10 CDT,97440,14.83,33.69,2.795,8.615,0,102598.09
TWB14,Uvalde_2020_02,29.60214,-99.73007,436.7784,6/28/21,p,2021,04/22/2021 01:15 CDT,97453,14.91,33.53,3.195,8.615,0,102610.13
TWB14,Uvalde_2020_02,29.60214,-99.73007,436.7784,6/28/21,p,2021,04/22/2021 01:20 CDT,97462,14.96,33.53,3.2,8.615,0,102618.69
TWB14,Uvalde_2020_02,29.60214,-99.73007,436.7784,6/28/21,p,2021,04/22/2021 01:25 CDT,97457,14.95,33.86,4,9.865,0,102613.06
TWB14,Uvalde_2020_02,29.60214,-99.73007,436.7784,6/28/21,p,2021,04/22/2021 01:30 CDT,97438,14.88,34.27,2.445,9.535,0,102593.96
TWB14,Uvalde_2020_02,29.60214,-99.73007,436.7784,6/28/21,p,2021,04/22/2021 01:35 CDT,97434,14.82,35.14,3.745,9.535,0,102590.85
TWB14,Uvalde_2020_02,29.60214,-99.73007,436.7784,6/28/21,p,2021,04/22/2021 01:40 CDT,97422,14.75,35.35,3.72,9.535,0,102579.67
TWB14,Uvalde_2020_02,29.60214,-99.73007,436.7784,6/28/21,p,2021,04/22/2021 01:45 CDT,97408,14.7,35.95,3.365,9.535,0,102565.66
TWB14,Uvalde_2020_02,29.60214,-99.73007,436.7784,6/28/21,p,2021,04/22/2021 01:50 CDT,97409,14.64,36.43,3.175,9.535,0,102567.63
TWB14,Uvalde_2020_02,29.60214,-99.73007,436.7784,6/28/21,p,2021,04/22/2021 01:55 CDT,97413,14.6,36.9,3.005,9.535,0,102572.75
TWB14,Uvalde_2020_02,29.60214,-99.73007,436.7784,6/28/21,p,2021,04/22/2021 02:00 CDT,97410,14.53,37.37,3.93,9.535,0,102570.88
TWB14,Uvalde_2020_02,29.60214,-99.73007,436.7784,6/28/21,p,2021,04/22/2021 02:05 CDT,97410,14.45,38.35,3.82,9.115,0,102572.34
TWB14,Uvalde_2020_02,29.60214,-99.73007,436.7784,6/28/21,p,2021,04/22/2021 02:10 CDT,97411,14.4,39.4,4.235,9.95,0,102574.12
TWB14,Uvalde_2020_02,29.60214,-99.73007,436.7784,6/28/21,p,2021,04/22/2021 02:15 CDT,97413,14.33,41.25,4.605,9.785,0,102577.5
TWB14,Uvalde_2020_02,29.60214,-99.73007,436.7784,6/28/21,p,2021,04/22/2021 02:20 CDT,97418,14.25,42.37,3.735,9.785,0,102584.23
TWB14,Uvalde_2020_02,29.60214,-99.73007,436.7784,6/28/21,p,2021,04/22/2021 02:25 CDT,97419,14.18,43.31,3.275,9.785,0,102586.57
TWB14,Uvalde_2020_02,29.60214,-99.73007,436.7784,6/28/21,p,2021,04/22/2021 02:30 CDT,97424,14.12,44.93,3.01,9.785,0,102592.74
TWB14,Uvalde_2020_02,29.60214,-99.73007,436.7784,6/28/21,p,2021,04/22/2021 02:35 CDT,97425,14.05,45.3,3.51,9.785,0,102594.9
TWB14,Uvalde_2020_02,29.60214,-99.73007,436.7784,6/28/21,p,2021,04/22/2021 02:40 CDT,97424,13.98,46.11,2.87,9.785,0,102595.31
TWB14,Uvalde_2020_02,29.60214,-99.73007,436.7784,6/28/21,p,2021,04/22/2021 02:45 CDT,97420,13.92,47.76,3.615,9.785,0,102592.38
TWB14,Uvalde_2020_02,29.60214,-99.73007,436.7784,6/28/21,p,2021,04/22/2021 02:50 CDT,97417,13.86,48.64,3.35,9.785,0,102590.14
TWB14,Uvalde_2020_02,29.60214,-99.73007,436.7784,6/28/21,p,2021,04/22/2021 02:55 CDT,97420,13.83,48.84,3.15,9.785,0,102593.85
TWB14,Uvalde_2020_02,29.60214,-99.73007,436.7784,6/28/21,p,2021,04/22/2021 03:00 CDT,97411,13.78,49.38,2.915,9.785,0,102585.48
TWB14,Uvalde_2020_02,29.60214,-99.73007,436.7784,6/28/21,p,2021,04/22/2021 03:05 CDT,97411,13.74,50.36,3.3,9.785,0,102586.21
TWB14,Uvalde_2020_02,29.60214,-99.73007,436.7784,6/28/21,p,2021,04/22/2021 03:10 CDT,97407,13.7,51.61,3.245,9.785,0,102582.73
TWB14,Uvalde_2020_02,29.60214,-99.73007,436.7784,6/28/21,p,2021,04/22/2021 03:15 CDT,97394,13.65,52.22,2.725,9.785,0,102570.14
TWB14,Uvalde_2020_02,29.60214,-99.73007,436.7784,6/28/21,p,2021,04/22/2021 03:20 CDT,97389,13.62,53.3,3.22,9.785,0,102565.24
TWB14,Uvalde_2020_02,29.60214,-99.73007,436.7784,6/28/21,p,2021,04/22/2021 03:25 CDT,97383,13.58,53.53,3.01,9.785,0,102559.66
TWB14,Uvalde_2020_02,29.60214,-99.73007,436.7784,6/28/21,p,2021,04/22/2021 03:30 CDT,97368,13.53,54.34,3.615,9.785,0,102544.78
TWB14,Uvalde_2020_02,29.60214,-99.73007,436.7784,6/28/21,p,2021,04/22/2021 03:35 CDT,97361,13.48,54.55,3.445,9.2,0,102538.52
TWB14,Uvalde_2020_02,29.60214,-99.73007,436.7784,6/28/21,p,2021,04/22/2021 03:40 CDT,97359,13.42,56.13,3.69,9.2,0,102537.51
TWB14,Uvalde_2020_02,29.60214,-99.73007,436.7784,6/28/21,p,2021,04/22/2021 03:45 CDT,97357,13.38,56.61,3.135,9.2,0,102536.14
TWB14,Uvalde_2020_02,29.60214,-99.73007,436.7784,6/28/21,p,2021,04/22/2021 03:50 CDT,97356,13.35,57.48,3.3,9.2,0,102535.64
TWB14,Uvalde_2020_02,29.60214,-99.73007,436.7784,6/28/21,p,2021,04/22/2021 03:55 CDT,97355,13.34,58.29,3.175,9.2,0,102534.95
TWB14,Uvalde_2020_02,29.60214,-99.73007,436.7784,6/28/21,p,2021,04/22/2021 04:00 CDT,97352,13.33,60.12,3.5,9.2,0,102531.97
TWB14,Uvalde_2020_02,29.60214,-99.73007,436.7784,6/28/21,p,2021,04/22/2021 04:05 CDT,97345,13.33,60.52,3.35,9.2,0,102524.6
TWB14,Uvalde_2020_02,29.60214,-99.73007,436.7784,6/28/21,p,2021,04/22/2021 04:10 CDT,97344,13.34,61.91,2.905,9.365,0,102523.35
TWB14,Uvalde_2020_02,29.60214,-99.73007,436.7784,6/28/21,p,2021,04/22/2021 04:15 CDT,97353,13.35,62.14,3.615,9.285,0,102532.64
TWB14,Uvalde_2020_02,29.60214,-99.73007,436.7784,6/28/21,p,2021,04/22/2021 04:20 CDT,97355,13.36,63.36,3.29,9.285,0,102534.38
TWB14,Uvalde_2020_02,29.60214,-99.73007,436.7784,6/28/21,p,2021,04/22/2021 04:25 CDT,97350,13.35,64.14,3.535,9.285,0,102529.48
TWB14,Uvalde_2020_02,29.60214,-99.73007,436.7784,6/28/21,p,2021,04/22/2021 04:30 CDT,97348,13.34,64.58,3.265,9.285,0,102527.55
TWB14,Uvalde_2020_02,29.60214,-99.73007,436.7784,6/28/21,p,2021,04/22/2021 04:35 CDT,97344,13.34,65.32,3.215,9.285,0,102523.34
TWB14,Uvalde_2020_02,29.60214,-99.73007,436.7784,6/28/21,p,2021,04/22/2021 04:40 CDT,97348,13.37,66.45,3.27,9.285,0,102526.99
TWB14,Uvalde_2020_02,29.60214,-99.73007,436.7784,6/28/21,p,2021,04/22/2021 04:45 CDT,97346,13.39,67.08,2.705,9.285,0,102524.51
TWB14,Uvalde_2020_02,29.60214,-99.73007,436.7784,6/28/21,p,2021,04/22/2021 04:50 CDT,97339,13.4,67.69,2.6,9.285,0,102516.95
TWB14,Uvalde_2020_02,29.60214,-99.73007,436.7784,6/28/21,p,2021,04/22/2021 04:55 CDT,97343,13.42,68.63,2.48,9.285,0,102520.98
TWB14,Uvalde_2020_02,29.60214,-99.73007,436.7784,6/28/21,p,2021,04/22/2021 05:00 CDT,97343,13.44,69.51,2.965,9.285,0,102520.42
TWB14,Uvalde_2020_02,29.60214,-99.73007,436.7784,6/28/21,p,2021,04/22/2021 05:05 CDT,97343,13.44,70.66,3.295,9.285,0,102520.04
TWB14,Uvalde_2020_02,29.60214,-99.73007,436.7784,6/28/21,p,2021,04/22/2021 05:10 CDT,97336,13.42,72.14,2.875,9.285,0,102513.22
TWB14,Uvalde_2020_02,29.60214,-99.73007,436.7784,6/28/21,p,2021,04/22/2021 05:15 CDT,97332,13.4,72.58,2.94,9.285,0,102509.37
TWB14,Uvalde_2020_02,29.60214,-99.73007,436.7784,6/28/21,p,2021,04/22/2021 05:20 CDT,97326,13.42,73.36,2.735,9.285,0,102502.87
TWB14,Uvalde_2020_02,29.60214,-99.73007,436.7784,6/28/21,p,2021,04/22/2021 05:25 CDT,97323,13.44,74.17,3.22,9.285,0,102499.33
TWB14,Uvalde_2020_02,29.60214,-99.73007,436.7784,6/28/21,p,2021,04/22/2021 05:30 CDT,97313,13.48,74.61,2.9,9.285,0,102488.06
TWB14,Uvalde_2020_02,29.60214,-99.73007,436.7784,6/28/21,p,2021,04/22/2021 05:35 CDT,97311,13.5,75.12,2.84,9.285,0,102485.4
TWB14,Uvalde_2020_02,29.60214,-99.73007,436.7784,6/28/21,p,2021,04/22/2021 05:40 CDT,97309,13.53,75.18,2.245,9.285,0,102482.74
TWB14,Uvalde_2020_02,29.60214,-99.73007,436.7784,6/28/21,p,2021,04/22/2021 05:45 CDT,97303,13.59,74.91,2.075,9.285,0,102475.5
TWB14,Uvalde_2020_02,29.60214,-99.73007,436.7784,6/28/21,p,2021,04/22/2021 05:50 CDT,97299,13.66,75.18,3.225,9.285,0,102469.99
TWB14,Uvalde_2020_02,29.60214,-99.73007,436.7784,6/28/21,p,2021,04/22/2021 05:55 CDT,97296,13.68,75.25,2.86,9.285,0,102466.65
TWB14,Uvalde_2020_02,29.60214,-99.73007,436.7784,6/28/21,p,2021,04/22/2021 06:00 CDT,97289,13.72,75.25,2.39,9.285,0,102458.54
TWB14,Uvalde_2020_02,29.60214,-99.73007,436.7784,6/28/21,p,2021,04/22/2021 06:05 CDT,97286,13.76,75.11,2.785,9.285,0,102454.46
TWB14,Uvalde_2020_02,29.60214,-99.73007,436.7784,6/28/21,p,2021,04/22/2021 06:10 CDT,97282,13.79,74.91,2.37,9.285,0,102449.51
TWB14,Uvalde_2020_02,29.60214,-99.73007,436.7784,6/28/21,p,2021,04/22/2021 06:15 CDT,97293,13.82,74.97,2.875,9.285,0,102460.73
TWB14,Uvalde_2020_02,29.60214,-99.73007,436.7784,6/28/21,p,2021,04/22/2021 06:20 CDT,97298,13.85,75.17,2.575,9.285,0,102465.26
TWB14,Uvalde_2020_02,29.60214,-99.73007,436.7784,6/28/21,p,2021,04/22/2021 06:25 CDT,97303,13.85,75.78,2.085,9.285,0,102470.34
TWB14,Uvalde_2020_02,29.60214,-99.73007,436.7784,6/28/21,p,2021,04/22/2021 06:30 CDT,97298,13.86,75.98,1.705,9.285,0,102464.88
TWB14,Uvalde_2020_02,29.60214,-99.73007,436.7784,6/28/21,p,2021,04/22/2021 06:35 CDT,97296,13.85,76.32,2.105,9.285,0,102462.96
TWB14,Uvalde_2020_02,29.60214,-99.73007,436.7784,6/28/21,p,2021,04/22/2021 06:40 CDT,97298,13.85,76.79,2.385,9.285,0,102465.07
TWB14,Uvalde_2020_02,29.60214,-99.73007,436.7784,6/28/21,p,2021,04/22/2021 06:45 CDT,97304,13.84,77.19,2.57,9.285,0,102471.38
TWB14,Uvalde_2020_02,29.60214,-99.73007,436.7784,6/28/21,p,2021,04/22/2021 06:50 CDT,97304,13.86,77.09,2.155,9.285,0,102471.38
TWB14,Uvalde_2020_02,29.60214,-99.73007,436.7784,6/28/21,p,2021,04/22/2021 06:55 CDT,97309,13.86,77.26,1.97,9.285,0,102476.28
TWB14,Uvalde_2020_02,29.60214,-99.73007,436.7784,6/28/21,p,2021,04/22/2021 07:00 CDT,97314,13.85,77.73,2.69,9.285,0,102481.91
TWB14,Uvalde_2020_02,29.60214,-99.73007,436.7784,6/28/21,p,2021,04/22/2021 07:05 CDT,97314,13.83,78.14,2.34,9.285,0,102482.09
TWB14,Uvalde_2020_02,29.60214,-99.73007,436.7784,6/28/21,p,2021,04/22/2021 07:10 CDT,97318,13.82,78.34,2.39,9.285,0.09,102486.3
TWB14,Uvalde_2020_02,29.60214,-99.73007,436.7784,6/28/21,p,2021,04/22/2021 07:15 CDT,97324,13.78,79.22,2.52,9.285,1.04,102493.36
TWB14,Uvalde_2020_02,29.60214,-99.73007,436.7784,6/28/21,p,2021,04/22/2021 07:20 CDT,97330,13.7,80.6,2.355,9.285,1.69,102501.14
TWB14,Uvalde_2020_02,29.60214,-99.73007,436.7784,6/28/21,p,2021,04/22/2021 07:25 CDT,97332,13.59,81.9,2.55,9.285,2.33,102505.09
TWB14,Uvalde_2020_02,29.60214,-99.73007,436.7784,6/28/21,p,2021,04/22/2021 07:30 CDT,97330,13.47,83.3,2.39,9.285,1.79,102505.19
TWB14,Uvalde_2020_02,29.60214,-99.73007,436.7784,6/28/21,p,2021,04/22/2021 07:35 CDT,97335,13.37,84,2.485,9.285,1.83,102512.67
TWB14,Uvalde_2020_02,29.60214,-99.73007,436.7784,6/28/21,p,2021,04/22/2021 07:40 CDT,97341,13.28,85.3,2.38,9.285,2.31,102520.46
TWB14,Uvalde_2020_02,29.60214,-99.73007,436.7784,6/28/21,p,2021,04/22/2021 07:45 CDT,97348,13.17,86.8,2.39,9.285,3.27,102529.86
TWB14,Uvalde_2020_02,29.60214,-99.73007,436.7784,6/28/21,p,2021,04/22/2021 07:50 CDT,97355,13.05,88.4,1.895,9.285,3.58,102539.26
TWB14,Uvalde_2020_02,29.60214,-99.73007,436.7784,6/28/21,p,2021,04/22/2021 07:55 CDT,97362,12.98,89.6,2.34,9.285,3.87,102547.93
TWB14,Uvalde_2020_02,29.60214,-99.73007,436.7784,6/28/21,p,2021,04/22/2021 08:00 CDT,97374,12.91,90.6,2.13,9.285,3.99,102562.23
TWB14,Uvalde_2020_02,29.60214,-99.73007,436.7784,6/28/21,p,2021,04/22/2021 08:05 CDT,97381,12.84,91.4,2.015,9.285,5.25,102570.9
TWB14,Uvalde_2020_02,29.60214,-99.73007,436.7784,6/28/21,p,2021,04/22/2021 08:10 CDT,97393,12.81,92.3,1.815,9.285,5.42,102583.91
TWB14,Uvalde_2020_02,29.60214,-99.73007,436.7784,6/28/21,p,2021,04/22/2021 08:15 CDT,97407,12.76,92.7,1.665,9.285,6.65,102599.4
TWB14,Uvalde_2020_02,29.60214,-99.73007,436.7784,6/28/21,p,2021,04/22/2021 08:20 CDT,97418,12.71,93.3,2.08,9.285,7.57,102611.91
TWB14,Uvalde_2020_02,29.60214,-99.73007,436.7784,6/28/21,p,2021,04/22/2021 08:25 CDT,97420,12.64,93.7,2.38,9.285,8.95,102615.87
TWB14,Uvalde_2020_02,29.60214,-99.73007,436.7784,6/28/21,p,2021,04/22/2021 08:30 CDT,97418,12.61,94.1,1.6,9.285,11.64,102614.32
TWB14,Uvalde_2020_02,29.60214,-99.73007,436.7784,6/28/21,p,2021,04/22/2021 08:35 CDT,97421,12.6,94.2,2.305,9.285,10.76,102617.85
TWB14,Uvalde_2020_02,29.60214,-99.73007,436.7784,6/28/21,p,2021,04/22/2021 08:40 CDT,97422,12.6,94.3,1.565,9.285,11.32,102619.09
TWB14,Uvalde_2020_02,29.60214,-99.73007,436.7784,6/28/21,p,2021,04/22/2021 08:45 CDT,97421,12.6,94.2,2.47,9.285,14.25,102618.04
TWB14,Uvalde_2020_02,29.60214,-99.73007,436.7784,6/28/21,p,2021,04/22/2021 08:50 CDT,97414,12.6,94.2,2.005,9.285,15.58,102610.85
TWB14,Uvalde_2020_02,29.60214,-99.73007,436.7784,6/28/21,p,2021,04/22/2021 08:55 CDT,97409,12.59,94.4,1.59,9.285,18.22,102605.58
TWB14,Uvalde_2020_02,29.60214,-99.73007,436.7784,6/28/21,p,2021,04/22/2021 09:00 CDT,97406,12.58,94.4,1.945,9.285,19.97,102602.61
TWB14,Uvalde_2020_02,29.60214,-99.73007,436.7784,6/28/21,p,2021,04/22/2021 09:05 CDT,97402,12.59,94.5,1.765,9.285,22.04,102598.21
TWB14,Uvalde_2020_02,29.60214,-99.73007,436.7784,6/28/21,p,2021,04/22/2021 09:10 CDT,97399,12.6,94.5,2.525,9.285,23.87,102595.05
TWB14,Uvalde_2020_02,29.60214,-99.73007,436.7784,6/28/21,p,2021,04/22/2021 09:15 CDT,97389,12.59,94.5,2.87,9.285,26.09,102584.7
TWB14,Uvalde_2020_02,29.60214,-99.73007,436.7784,6/28/21,p,2021,04/22/2021 09:20 CDT,97378,12.6,94.6,2.085,9.285,23.55,102572.93
TWB14,Uvalde_2020_02,29.60214,-99.73007,436.7784,6/28/21,p,2021,04/22/2021 09:25 CDT,97389,12.64,94.8,2.135,9.285,24.99,102584.33
TWB14,Uvalde_2020_02,29.60214,-99.73007,436.7784,6/28/21,p,2021,04/22/2021 09:30 CDT,97396,12.68,95,1.57,9.285,22.09,102590.77
TWB14,Uvalde_2020_02,29.60214,-99.73007,436.7784,6/28/21,p,2021,04/22/2021 09:35 CDT,97399,12.7,95,1.59,9.285,21.32,102592.82
TWB14,Uvalde_2020_02,29.60214,-99.73007,436.7784,6/28/21,p,2021,04/22/2021 09:40 CDT,97407,12.7,95.1,2.355,9.285,23.15,102601.62
TWB14,Uvalde_2020_02,29.60214,-99.73007,436.7784,6/28/21,p,2021,04/22/2021 09:45 CDT,97410,12.74,95.4,2.195,9.285,27.43,102604.22
TWB14,Uvalde_2020_02,29.60214,-99.73007,436.7784,6/28/21,p,2021,04/22/2021 09:50 CDT,97405,12.75,95.2,2.005,9.285,27.94,102598.58
TWB14,Uvalde_2020_02,29.60214,-99.73007,436.7784,6/28/21,p,2021,04/22/2021 09:55 CDT,97410,12.77,95,2.84,9.285,27.3,102603.85
TWB14,Uvalde_2020_02,29.60214,-99.73007,436.7784,6/28/21,p,2021,04/22/2021 10:00 CDT,97412,12.81,94.7,3.105,9.285,30.59,102605.58
TWB14,Uvalde_2020_02,29.60214,-99.73007,436.7784,6/28/21,p,2021,04/22/2021 10:05 CDT,97409,12.8,94.8,2.785,9.285,31.36,102602.24
TWB14,Uvalde_2020_02,29.60214,-99.73007,436.7784,6/28/21,p,2021,04/22/2021 10:10 CDT,97416,12.79,95,2.085,9.285,31.06,102609.42
TWB14,Uvalde_2020_02,29.60214,-99.73007,436.7784,6/28/21,p,2021,04/22/2021 10:15 CDT,97429,12.77,94.9,2.6,9.285,29.15,102623.3
TWB14,Uvalde_2020_02,29.60214,-99.73007,436.7784,6/28/21,p,2021,04/22/2021 10:20 CDT,97439,12.71,95,2.5,9.285,29.23,102634.77
TWB14,Uvalde_2020_02,29.60214,-99.73007,436.7784,6/28/21,p,2021,04/22/2021 10:25 CDT,97441,12.7,95,2.31,9.285,35.56,102637.43
TWB14,Uvalde_2020_02,29.60214,-99.73007,436.7784,6/28/21,p,2021,04/22/2021 10:30 CDT,97440,12.72,95.4,1.485,9.285,40.45,102635.82
TWB14,Uvalde_2020_02,29.60214,-99.73007,436.7784,6/28/21,p,2021,04/22/2021 10:35 CDT,97432,12.72,95.5,1.71,9.285,41.47,102626.83
TWB14,Uvalde_2020_02,29.60214,-99.73007,436.7784,6/28/21,p,2021,04/22/2021 10:40 CDT,97423,12.74,95.6,1.825,9.285,48.64,102617.35
TWB14,Uvalde_2020_02,29.60214,-99.73007,436.7784,6/28/21,p,2021,04/22/2021 10:45 CDT,97422,12.76,95.8,1.405,9.285,44.21,102615.55
TWB14,Uvalde_2020_02,29.60214,-99.73007,436.7784,6/28/21,p,2021,04/22/2021 10:50 CDT,97422,12.77,95.9,1.44,9.285,48.67,102615.18
TWB14,Uvalde_2020_02,29.60214,-99.73007,436.7784,6/28/21,p,2021,04/22/2021 10:55 CDT,97421,12.74,95.6,2.46,9.285,52.66,102614.69
TWB14,Uvalde_2020_02,29.60214,-99.73007,436.7784,6/28/21,p,2021,04/22/2021 11:00 CDT,97413,12.73,95.4,2.425,9.285,59.89,102606.82
TWB14,Uvalde_2020_02,29.60214,-99.73007,436.7784,6/28/21,p,2021,04/22/2021 11:05 CDT,97409,12.74,95.7,1.345,9.285,56.33,102602.79
TWB14,Uvalde_2020_02,29.60214,-99.73007,436.7784,6/28/21,p,2021,04/22/2021 11:10 CDT,97405,12.79,96.1,1.685,9.285,52.09,102597.28
TWB14,Uvalde_2020_02,29.60214,-99.73007,436.7784,6/28/21,p,2021,04/22/2021 11:15 CDT,97407,12.82,95.7,1.98,9.285,55.54,102598.46
TWB14,Uvalde_2020_02,29.60214,-99.73007,436.7784,6/28/21,p,2021,04/22/2021 11:20 CDT,97414,12.86,95.7,2.03,9.285,46.15,102606.01
TWB14,Uvalde_2020_02,29.60214,-99.73007,436.7784,6/28/21,p,2021,04/22/2021 11:25 CDT,97425,12.92,95.9,2.01,9.285,46.46,102616.67
TWB14,Uvalde_2020_02,29.60214,-99.73007,436.7784,6/28/21,p,2021,04/22/2021 11:30 CDT,97422,12.99,95.5,2.08,9.285,51.64,102612.03
TWB14,Uvalde_2020_02,29.60214,-99.73007,436.7784,6/28/21,p,2021,04/22/2021 11:35 CDT,97420,13.04,95.6,2.16,9.285,50.24,102609.18
TWB14,Uvalde_2020_02,29.60214,-99.73007,436.7784,6/28/21,p,2021,04/22/2021 11:40 CDT,97422,13.07,95.4,2.23,9.285,48.59,102610.54
TWB14,Uvalde_2020_02,29.60214,-99.73007,436.7784,6/28/21,p,2021,04/22/2021 11:45 CDT,97418,13.11,95.6,1.625,9.285,59.4,102605.96
TWB14,Uvalde_2020_02,29.60214,-99.73007,436.7784,6/28/21,p,2021,04/22/2021 11:50 CDT,97422,13.16,95.2,2.13,9.285,52.37,102609.06
TWB14,Uvalde_2020_02,29.60214,-99.73007,436.7784,6/28/21,p,2021,04/22/2021 11:55 CDT,97414,13.2,95.5,1.975,9.285,53.32,102599.89
TWB14,Uvalde_2020_02,29.60214,-99.73007,436.7784,6/28/21,p,2021,04/22/2021 12:00 CDT,97398,13.26,95.3,2.655,9.285,62.97,102581.56
TWB14,Uvalde_2020_02,29.60214,-99.73007,436.7784,6/28/21,p,2021,04/22/2021 12:05 CDT,97393,13.23,95.4,1.96,9.285,54.84,102576.3
TWB14,Uvalde_2020_02,29.60214,-99.73007,436.7784,6/28/21,p,2021,04/22/2021 12:10 CDT,97384,13.23,95.6,2.145,9.285,59.83,102566.63
TWB14,Uvalde_2020_02,29.60214,-99.73007,436.7784,6/28/21,p,2021,04/22/2021 12:15 CDT,97378,13.23,95.7,1.705,9.285,50.6,102560.31
TWB14,Uvalde_2020_02,29.60214,-99.73007,436.7784,6/28/21,p,2021,04/22/2021 12:20 CDT,97379,13.24,95.6,1.585,9.285,46.83,102560.81
TWB14,Uvalde_2020_02,29.60214,-99.73007,436.7784,6/28/21,p,2021,04/22/2021 12:25 CDT,97373,13.25,95.7,1.905,9.285,53.83,102554.67
TWB14,Uvalde_2020_02,29.60214,-99.73007,436.7784,6/28/21,p,2021,04/22/2021 12:30 CDT,97372,13.27,95.8,1.555,9.285,50.29,102553.07
TWB14,Uvalde_2020_02,29.60214,-99.73007,436.7784,6/28/21,p,2021,04/22/2021 12:35 CDT,97367,13.32,95.6,2.38,9.285,57.87,102547.25
TWB14,Uvalde_2020_02,29.60214,-99.73007,436.7784,6/28/21,p,2021,04/22/2021 12:40 CDT,97366,13.37,95.7,1.57,9.285,48.92,102545.64
TWB14,Uvalde_2020_02,29.60214,-99.73007,436.7784,6/28/21,p,2021,04/22/2021 12:45 CDT,97363,13.36,95.8,1.795,9.285,56.94,102542.11
TWB14,Uvalde_2020_02,29.60214,-99.73007,436.7784,6/28/21,p,2021,04/22/2021 12:50 CDT,97353,13.44,96,1.91,9.285,48.54,102530.47
TWB14,Uvalde_2020_02,29.60214,-99.73007,436.7784,6/28/21,p,2021,04/22/2021 12:55 CDT,97338,13.52,95.7,1.63,9.285,52.55,102513.01
TWB14,Uvalde_2020_02,29.60214,-99.73007,436.7784,6/28/21,p,2021,04/22/2021 13:00 CDT,97323,13.55,95.8,1.8,9.285,61.25,102496.47
TWB14,Uvalde_2020_02,29.60214,-99.73007,436.7784,6/28/21,p,2021,04/22/2021 13:05 CDT,97307,13.56,96.2,1.48,9.285,62.18,102479.25
TWB14,Uvalde_2020_02,29.60214,-99.73007,436.7784,6/28/21,p,2021,04/22/2021 13:10 CDT,97297,13.58,96,1.66,9.285,63.35,102467.98
TWB14,Uvalde_2020_02,29.60214,-99.73007,436.7784,6/28/21,p,2021,04/22/2021 13:15 CDT,97292,13.6,96.1,1.965,9.285,54.18,102462.53
TWB14,Uvalde_2020_02,29.60214,-99.73007,436.7784,6/28/21,p,2021,04/22/2021 13:20 CDT,97281,13.62,96.4,1.03,9.285,51.39,102450.94
TWB14,Uvalde_2020_02,29.60214,-99.73007,436.7784,6/28/21,p,2021,04/22/2021 13:25 CDT,97284,13.66,96,1.3,9.285,43.49,102453.18
TWB14,Uvalde_2020_02,29.60214,-99.73007,436.7784,6/28/21,p,2021,04/22/2021 13:30 CDT,97276,13.65,95.8,1.86,9.285,59.71,102444.58
TWB14,Uvalde_2020_02,29.60214,-99.73007,436.7784,6/28/21,p,2021,04/22/2021 13:35 CDT,97261,13.65,95.9,1.75,9.285,60.06,102428.96
TWB14,Uvalde_2020_02,29.60214,-99.73007,436.7784,6/28/21,p,2021,04/22/2021 13:40 CDT,97251,13.64,95.6,2.31,9.285,52.06,102418.8
TWB14,Uvalde_2020_02,29.60214,-99.73007,436.7784,6/28/21,p,2021,04/22/2021 13:45 CDT,97248,13.69,96,1.2,9.285,53.79,102414.9
TWB14,Uvalde_2020_02,29.60214,-99.73007,436.7784,6/28/21,p,2021,04/22/2021 13:50 CDT,97240,13.74,95.7,1.92,9.285,65,102405.37
TWB14,Uvalde_2020_02,29.60214,-99.73007,436.7784,6/28/21,p,2021,04/22/2021 13:55 CDT,97230,13.78,95.7,2.08,9.285,67.55,102394.29
TWB14,Uvalde_2020_02,29.60214,-99.73007,436.7784,6/28/21,p,2021,04/22/2021 14:00 CDT,97222,13.79,95.7,1.745,9.285,58.16,102385.68
TWB14,Uvalde_2020_02,29.60214,-99.73007,436.7784,6/28/21,p,2021,04/22/2021 14:05 CDT,97214,13.77,95.5,2,9.285,53.16,102377.26
TWB14,Uvalde_2020_02,29.60214,-99.73007,436.7784,6/28/21,p,2021,04/22/2021 14:10 CDT,97213,13.77,95.7,1.515,9.285,54,102376.76
TWB14,Uvalde_2020_02,29.60214,-99.73007,436.7784,6/28/21,p,2021,04/22/2021 14:15 CDT,97214,13.83,96,1.33,9.285,56.36,102376.52
TWB14,Uvalde_2020_02,29.60214,-99.73007,436.7784,6/28/21,p,2021,04/22/2021 14:20 CDT,97196,13.86,95.9,1.815,9.285,68.3,102356.64
TWB14,Uvalde_2020_02,29.60214,-99.73007,436.7784,6/28/21,p,2021,04/22/2021 14:25 CDT,97188,13.86,95.4,1.985,9.285,68.16,102348.04
TWB14,Uvalde_2020_02,29.60214,-99.73007,436.7784,6/28/21,p,2021,04/22/2021 14:30 CDT,97182,13.88,96,1.705,9.285,51.36,102342.08
TWB14,Uvalde_2020_02,29.60214,-99.73007,436.7784,6/28/21,p,2021,04/22/2021 14:35 CDT,97181,13.88,95.8,1.93,9.285,47.33,102340.66
TWB14,Uvalde_2020_02,29.60214,-99.73007,436.7784,6/28/21,p,2021,04/22/2021 14:40 CDT,97184,13.88,95.8,1.84,9.285,59.27,102343.64
TWB14,Uvalde_2020_02,29.60214,-99.73007,436.7784,6/28/21,p,2021,04/22/2021 14:45 CDT,97183,13.88,95.7,1.96,9.285,56.1,102342.77
TWB14,Uvalde_2020_02,29.60214,-99.73007,436.7784,6/28/21,p,2021,04/22/2021 14:50 CDT,97181,13.95,95.5,0.96,9.285,56.75,102339.93
TWB14,Uvalde_2020_02,29.60214,-99.73007,436.7784,6/28/21,p,2021,04/22/2021 14:55 CDT,97177,13.98,95.5,2.015,9.285,65.07,102334.62
TWB14,Uvalde_2020_02,29.60214,-99.73007,436.7784,6/28/21,p,2021,04/22/2021 15:00 CDT,97166,14.04,95.1,1.915,9.285,43.84,102322.3
TWB14,Uvalde_2020_02,29.60214,-99.73007,436.7784,6/28/21,p,2021,04/22/2021 15:05 CDT,97154,14.05,95.1,1.825,9.285,46.64,102308.74
TWB14,Uvalde_2020_02,29.60214,-99.73007,436.7784,6/28/21,p,2021,04/22/2021 15:10 CDT,97141,14.03,94.6,2.57,9.285,54.42,102295.97
TWB14,Uvalde_2020_02,29.60214,-99.73007,436.7784,6/28/21,p,2021,04/22/2021 15:15 CDT,97115,14.07,95.1,1.89,9.285,60.34,102268.23
TWB14,Uvalde_2020_02,29.60214,-99.73007,436.7784,6/28/21,p,2021,04/22/2021 15:20 CDT,97105,14.1,94.5,2.36,9.285,56.84,102256.96
TWB14,Uvalde_2020_02,29.60214,-99.73007,436.7784,6/28/21,p,2021,04/22/2021 15:25 CDT,97099,14.15,94.4,1.595,9.285,53.47,102250.28
TWB14,Uvalde_2020_02,29.60214,-99.73007,436.7784,6/28/21,p,2021,04/22/2021 15:30 CDT,97093,14.18,94.3,1.785,9.285,46.43,102243.04
TWB14,Uvalde_2020_02,29.60214,-99.73007,436.7784,6/28/21,p,2021,04/22/2021 15:35 CDT,97087,14.17,94.1,1.835,9.285,48.44,102236.91
TWB14,Uvalde_2020_02,29.60214,-99.73007,436.7784,6/28/21,p,2021,04/22/2021 15:40 CDT,97085,14.17,93.9,1.81,9.285,56.48,102234.8
TWB14,Uvalde_2020_02,29.60214,-99.73007,436.7784,6/28/21,p,2021,04/22/2021 15:45 CDT,97092,14.21,93.9,1.63,9.285,60.07,102241.99
TWB14,Uvalde_2020_02,29.60214,-99.73007,436.7784,6/28/21,p,2021,04/22/2021 15:50 CDT,97087,14.26,93.5,1.705,9.285,59,102235.63
TWB14,Uvalde_2020_02,29.60214,-99.73007,436.7784,6/28/21,p,2021,04/22/2021 15:55 CDT,97084,14.35,93.1,0.85,9.285,50.65,102230.82
TWB14,Uvalde_2020_02,29.60214,-99.73007,436.7784,6/28/21,p,2021,04/22/2021 16:00 CDT,97073,14.45,93.1,0.7,9.285,50.13,102217.59
TWB14,Uvalde_2020_02,29.60214,-99.73007,436.7784,6/28/21,p,2021,04/22/2021 16:05 CDT,97066,14.5,92.2,1.285,9.285,55.85,102208.76
TWB14,Uvalde_2020_02,29.60214,-99.73007,436.7784,6/28/21,p,2021,04/22/2021 16:10 CDT,97059,14.52,92,2.12,9.285,53.59,102201.21
TWB14,Uvalde_2020_02,29.60214,-99.73007,436.7784,6/28/21,p,2021,04/22/2021 16:15 CDT,97050,14.55,91.2,1.71,9.285,48.79,102190.64
TWB14,Uvalde_2020_02,29.60214,-99.73007,436.7784,6/28/21,p,2021,04/22/2021 16:20 CDT,97043,14.56,91.6,1.16,9.285,42.85,102183.09
TWB14,Uvalde_2020_02,29.60214,-99.73007,436.7784,6/28/21,p,2021,04/22/2021 16:25 CDT,97034,14.62,91,1.47,9.285,50.62,102172.33
TWB14,Uvalde_2020_02,29.60214,-99.73007,436.7784,6/28/21,p,2021,04/22/2021 16:30 CDT,97024,14.64,91.2,1.62,9.285,52.4,102161.62
TWB14,Uvalde_2020_02,29.60214,-99.73007,436.7784,6/28/21,p,2021,04/22/2021 16:35 CDT,97012,14.7,90.4,1.575,9.285,65.03,102148.26
TWB14,Uvalde_2020_02,29.60214,-99.73007,436.7784,6/28/21,p,2021,04/22/2021 16:40 CDT,97011,14.72,90.8,1.675,9.285,59.28,102146.84
TWB14,Uvalde_2020_02,29.60214,-99.73007,436.7784,6/28/21,p,2021,04/22/2021 16:45 CDT,97023,14.79,89.9,1.795,9.285,55.32,102158.2
TWB14,Uvalde_2020_02,29.60214,-99.73007,436.7784,6/28/21,p,2021,04/22/2021 16:50 CDT,97024,14.85,90.4,1.41,9.285,47.49,102157.98
TWB14,Uvalde_2020_02,29.60214,-99.73007,436.7784,6/28/21,p,2021,04/22/2021 16:55 CDT,97010,14.9,90.3,1.19,9.285,42.68,102141.96
TWB14,Uvalde_2020_02,29.60214,-99.73007,436.7784,6/28/21,p,2021,04/22/2021 17:00 CDT,97003,14.96,89.4,1.345,9.285,47.81,102133.68
TWB14,Uvalde_2020_02,29.60214,-99.73007,436.7784,6/28/21,p,2021,04/22/2021 17:05 CDT,96996,14.97,89.3,1.905,9.285,64.96,102126.31
TWB14,Uvalde_2020_02,29.60214,-99.73007,436.7784,6/28/21,p,2021,04/22/2021 17:10 CDT,96986,15.06,89.3,1.28,9.285,58.77,102114.51
TWB14,Uvalde_2020_02,29.60214,-99.73007,436.7784,6/28/21,p,2021,04/22/2021 17:15 CDT,96980,15.15,88.2,1.69,9.285,67.81,102106.38
TWB14,Uvalde_2020_02,29.60214,-99.73007,436.7784,6/28/21,p,2021,04/22/2021 17:20 CDT,96982,15.23,88,1.33,9.285,50.32,102106.85
TWB14,Uvalde_2020_02,29.60214,-99.73007,436.7784,6/28/21,p,2021,04/22/2021 17:25 CDT,96977,15.3,88.1,0.855,9.285,50.94,102100.49
TWB14,Uvalde_2020_02,29.60214,-99.73007,436.7784,6/28/21,p,2021,04/22/2021 17:30 CDT,96961,15.38,87.9,1.455,9.285,60.63,102082.02
TWB14,Uvalde_2020_02,29.60214,-99.73007,436.7784,6/28/21,p,2021,04/22/2021 17:35 CDT,96967,15.47,87.2,1.825,9.285,67.42,102086.88
TWB14,Uvalde_2020_02,29.60214,-99.73007,436.7784,6/28/21,p,2021,04/22/2021 17:40 CDT,96969,15.56,86.4,1.68,9.285,65.39,102087.72
TWB14,Uvalde_2020_02,29.60214,-99.73007,436.7784,6/28/21,p,2021,04/22/2021 17:45 CDT,96959,15.65,86.1,1.825,9.285,69.62,102075.02
TWB14,Uvalde_2020_02,29.60214,-99.73007,436.7784,6/28/21,p,2021,04/22/2021 17:50 CDT,96958,15.72,85.3,1.94,9.285,59.58,102072.71
TWB14,Uvalde_2020_02,29.60214,-99.73007,436.7784,6/28/21,p,2021,04/22/2021 17:55 CDT,96954,15.77,85.1,1.47,9.285,40.77,102067.41
TWB14,Uvalde_2020_02,29.60214,-99.73007,436.7784,6/28/21,p,2021,04/22/2021 18:00 CDT,96949,15.78,85,1.835,9.285,40.64,102062.15
TWB14,Uvalde_2020_02,29.60214,-99.73007,436.7784,6/28/21,p,2021,04/22/2021 18:05 CDT,96945,15.8,85.1,1.555,9.285,38.41,102057.75
TWB14,Uvalde_2020_02,29.60214,-99.73007,436.7784,6/28/21,p,2021,04/22/2021 18:10 CDT,96943,15.81,84.5,1.97,9.285,29.43,102055.47
TWB14,Uvalde_2020_02,29.60214,-99.73007,436.7784,6/28/21,p,2021,04/22/2021 18:15 CDT,96942,15.79,84.7,1.92,9.285,29.94,102054.78
TWB14,Uvalde_2020_02,29.60214,-99.73007,436.7784,6/28/21,p,2021,04/22/2021 18:20 CDT,96938,15.81,84.4,1.585,9.285,25.93,102050.39
TWB14,Uvalde_2020_02,29.60214,-99.73007,436.7784,6/28/21,p,2021,04/22/2021 18:25 CDT,96935,15.82,84,2.06,9.285,27.51,102047.05
TWB14,Uvalde_2020_02,29.60214,-99.73007,436.7784,6/28/21,p,2021,04/22/2021 18:30 CDT,96934,15.83,84.6,0.84,9.285,27.83,102045.81
TWB14,Uvalde_2020_02,29.60214,-99.73007,436.7784,6/28/21,p,2021,04/22/2021 18:35 CDT,96940,15.86,83.6,1.195,9.285,22.23,102051.41
TWB14,Uvalde_2020_02,29.60214,-99.73007,436.7784,6/28/21,p,2021,04/22/2021 18:40 CDT,96938,15.88,83.9,0.535,9.285,25.83,102048.76
TWB14,Uvalde_2020_02,29.60214,-99.73007,436.7784,6/28/21,p,2021,04/22/2021 18:45 CDT,96922,15.89,84.1,1.31,9.285,27.71,102031.38
TWB14,Uvalde_2020_02,29.60214,-99.73007,436.7784,6/28/21,p,2021,04/22/2021 18:50 CDT,96933,15.89,83.9,0.92,9.285,28.39,102043.14
TWB14,Uvalde_2020_02,29.60214,-99.73007,436.7784,6/28/21,p,2021,04/22/2021 18:55 CDT,96959,15.91,83.3,1.32,9.285,23.17,102070.33
TWB14,Uvalde_2020_02,29.60214,-99.73007,436.7784,6/28/21,p,2021,04/22/2021 19:00 CDT,96966,15.92,83.5,1.51,9.285,18.79,102077.7
TWB14,Uvalde_2020_02,29.60214,-99.73007,436.7784,6/28/21,p,2021,04/22/2021 19:05 CDT,96964,15.93,83.6,1.31,9.285,17.59,102075.41
TWB14,Uvalde_2020_02,29.60214,-99.73007,436.7784,6/28/21,p,2021,04/22/2021 19:10 CDT,96952,15.91,83.4,1.185,9.285,13.09,102062.78
TWB14,Uvalde_2020_02,29.60214,-99.73007,436.7784,6/28/21,p,2021,04/22/2021 19:15 CDT,96950,15.91,83.8,1.14,9.285,10.75,102060.85
TWB14,Uvalde_2020_02,29.60214,-99.73007,436.7784,6/28/21,p,2021,04/22/2021 19:20 CDT,96955,15.93,82.6,1.785,9.285,9.65,102066.12
TWB14,Uvalde_2020_02,29.60214,-99.73007,436.7784,6/28/21,p,2021,04/22/2021 19:25 CDT,96954,15.94,83.3,1.18,9.285,7.79,102065.07
TWB14,Uvalde_2020_02,29.60214,-99.73007,436.7784,6/28/21,p,2021,04/22/2021 19:30 CDT,96951,15.95,83.4,0.7,9.285,7.44,102061.37
TWB14,Uvalde_2020_02,29.60214,-99.73007,436.7784,6/28/21,p,2021,04/22/2021 19:35 CDT,96945,15.95,83.2,1.71,9.285,5.71,102055.05
TWB14,Uvalde_2020_02,29.60214,-99.73007,436.7784,6/28/21,p,2021,04/22/2021 19:40 CDT,96947,15.96,83.2,1.41,9.285,4.04,102057.52
TWB14,Uvalde_2020_02,29.60214,-99.73007,436.7784,6/28/21,p,2021,04/22/2021 19:45 CDT,96939,15.97,83.2,1.415,9.285,3.03,102048.55
TWB14,Uvalde_2020_02,29.60214,-99.73007,436.7784,6/28/21,p,2021,04/22/2021 19:50 CDT,96944,15.98,83.5,1.495,9.285,2.32,102053.82
TWB14,Uvalde_2020_02,29.60214,-99.73007,436.7784,6/28/21,p,2021,04/22/2021 19:55 CDT,96943,15.99,83.2,1.625,9.285,1.7,102052.58
TWB14,Uvalde_2020_02,29.60214,-99.73007,436.7784,6/28/21,p,2021,04/22/2021 20:00 CDT,96953,16.03,83.2,1.545,9.285,1.33,102062.75
TWB14,Uvalde_2020_02,29.60214,-99.73007,436.7784,6/28/21,p,2021,04/22/2021 20:05 CDT,96955,16.05,83.5,1.25,9.285,0.59,102064.31
TWB14,Uvalde_2020_02,29.60214,-99.73007,436.7784,6/28/21,p,2021,04/22/2021 20:10 CDT,96963,16.06,83.4,1.185,9.285,0.29,102072.55
TWB14,Uvalde_2020_02,29.60214,-99.73007,436.7784,6/28/21,p,2021,04/22/2021 20:15 CDT,96967,16.06,83.6,1.135,9.285,0.17,102076.58
TWB14,Uvalde_2020_02,29.60214,-99.73007,436.7784,6/28/21,p,2021,04/22/2021 20:20 CDT,96967,16.08,83.8,1.41,9.285,0.04,102076.4
TWB14,Uvalde_2020_02,29.60214,-99.73007,436.7784,6/28/21,p,2021,04/22/2021 20:25 CDT,96969,16.12,84.5,1.41,9.285,0,102078.14
TWB14,Uvalde_2020_02,29.60214,-99.73007,436.7784,6/28/21,p,2021,04/22/2021 20:30 CDT,96973,16.19,85,1.275,9.285,0,102081.08
TWB14,Uvalde_2020_02,29.60214,-99.73007,436.7784,6/28/21,p,2021,04/22/2021 20:35 CDT,96969,16.22,85.2,1.795,9.285,0,102076.15
TWB14,Uvalde_2020_02,29.60214,-99.73007,436.7784,6/28/21,p,2021,04/22/2021 20:40 CDT,96985,16.21,85.3,1.68,9.285,0,102092.81
TWB14,Uvalde_2020_02,29.60214,-99.73007,436.7784,6/28/21,p,2021,04/22/2021 20:45 CDT,96990,16.2,85.6,1.53,9.285,0.01,102098.07
TWB14,Uvalde_2020_02,29.60214,-99.73007,436.7784,6/28/21,p,2021,04/22/2021 20:50 CDT,96985,16.16,85.5,1.85,9.285,0.04,102093.35
TWB14,Uvalde_2020_02,29.60214,-99.73007,436.7784,6/28/21,p,2021,04/22/2021 20:55 CDT,96975,16.11,85.8,1.815,9.285,0.09,102083.73
TWB14,Uvalde_2020_02,29.60214,-99.73007,436.7784,6/28/21,p,2021,04/22/2021 21:00 CDT,96976,16.06,85.8,0.85,9.285,0.26,102085.68
TWB14,Uvalde_2020_02,29.60214,-99.73007,436.7784,6/28/21,p,2021,04/22/2021 21:05 CDT,96984,16.03,86.1,1.345,9.285,0.16,102094.28
TWB14,Uvalde_2020_02,29.60214,-99.73007,436.7784,6/28/21,p,2021,04/22/2021 21:10 CDT,96982,15.97,86.4,1.13,9.285,0.13,102093.08
TWB14,Uvalde_2020_02,29.60214,-99.73007,436.7784,6/28/21,p,2021,04/22/2021 21:15 CDT,96996,15.96,86.9,1.415,9.285,0.02,102108
TWB14,Uvalde_2020_02,29.60214,-99.73007,436.7784,6/28/21,p,2021,04/22/2021 21:20 CDT,96999,15.94,87.3,0.9,9.285,0,102111.33
TWB14,Uvalde_2020_02,29.60214,-99.73007,436.7784,6/28/21,p,2021,04/22/2021 21:25 CDT,96998,15.93,88.2,0.845,9.285,0,102110.46
TWB14,Uvalde_2020_02,29.60214,-99.73007,436.7784,6/28/21,p,2021,04/22/2021 21:30 CDT,96999,15.93,89.5,1.285,9.285,0,102111.5
TWB14,Uvalde_2020_02,29.60214,-99.73007,436.7784,6/28/21,p,2021,04/22/2021 21:35 CDT,96998,15.88,89.8,0.585,9.285,0,102111.17
TWB14,Uvalde_2020_02,29.60214,-99.73007,436.7784,6/28/21,p,2021,04/22/2021 21:40 CDT,96997,15.87,90.4,0.925,9.285,0,102110.3
TWB14,Uvalde_2020_02,29.60214,-99.73007,436.7784,6/28/21,p,2021,04/22/2021 21:45 CDT,96998,15.88,91.1,1.225,9.285,0,102111.53
TWB14,Uvalde_2020_02,29.60214,-99.73007,436.7784,6/28/21,p,2021,04/22/2021 21:50 CDT,96997,15.91,91.9,1.94,9.285,0,102110.29
TWB14,Uvalde_2020_02,29.60214,-99.73007,436.7784,6/28/21,p,2021,04/22/2021 21:55 CDT,97016,15.91,92,1.07,9.285,0,102129.93
TWB14,Uvalde_2020_02,29.60214,-99.73007,436.7784,6/28/21,p,2021,04/22/2021 22:00 CDT,97020,15.95,92.7,1.705,9.285,0,102133.6
TWB14,Uvalde_2020_02,29.60214,-99.73007,436.7784,6/28/21,p,2021,04/22/2021 22:05 CDT,97019,15.98,92.9,1.62,9.285,0,102132.18
TWB14,Uvalde_2020_02,29.60214,-99.73007,436.7784,6/28/21,p,2021,04/22/2021 22:10 CDT,97024,15.98,93.3,1.6,9.285,0,102137.44
TWB14,Uvalde_2020_02,29.60214,-99.73007,436.7784,6/28/21,p,2021,04/22/2021 22:15 CDT,97022,16,93.6,1.46,9.285,0,102134.61
TWB14,Uvalde_2020_02,29.60214,-99.73007,436.7784,6/28/21,p,2021,04/22/2021 22:20 CDT,97011,16.03,94.2,1.76,9.285,0,102123.03
TWB14,Uvalde_2020_02,29.60214,-99.73007,436.7784,6/28/21,p,2021,04/22/2021 22:25 CDT,96988,16.11,94.9,2.485,9.285,0,102097.91
TWB14,Uvalde_2020_02,29.60214,-99.73007,436.7784,6/28/21,p,2021,04/22/2021 22:30 CDT,96998,16.21,94.8,2.08,9.285,0,102106.63
TWB14,Uvalde_2020_02,29.60214,-99.73007,436.7784,6/28/21,p,2021,04/22/2021 22:35 CDT,96998,16.28,95.3,1.955,9.285,0,102105.36
TWB14,Uvalde_2020_02,29.60214,-99.73007,436.7784,6/28/21,p,2021,04/22/2021 22:40 CDT,96980,16.47,95.3,3.135,9.285,0,102083.89
TWB14,Uvalde_2020_02,29.60214,-99.73007,436.7784,6/28/21,p,2021,04/22/2021 22:45 CDT,96973,16.65,95.2,2.845,8.45,0,102073.28
TWB14,Uvalde_2020_02,29.60214,-99.73007,436.7784,6/28/21,p,2021,04/22/2021 22:50 CDT,96987,16.77,95.4,3.09,8.45,0,102085.67
TWB14,Uvalde_2020_02,29.60214,-99.73007,436.7784,6/28/21,p,2021,04/22/2021 22:55 CDT,96983,16.85,95.4,2.76,8.45,0,102079.31
TWB14,Uvalde_2020_02,29.60214,-99.73007,436.7784,6/28/21,p,2021,04/22/2021 23:00 CDT,96982,16.86,95.6,2.56,8.45,0,102077.89
TWB14,Uvalde_2020_02,29.60214,-99.73007,436.7784,6/28/21,p,2021,04/22/2021 23:05 CDT,96986,16.87,95.9,2.535,8.45,0,102081.74
TWB14,Uvalde_2020_02,29.60214,-99.73007,436.7784,6/28/21,p,2021,04/22/2021 23:10 CDT,96992,16.91,95.8,2.555,8.45,0,102087.88
TWB14,Uvalde_2020_02,29.60214,-99.73007,436.7784,6/28/21,p,2021,04/22/2021 23:15 CDT,96986,16.94,95.7,2.44,8.45,0,102080.84
TWB14,Uvalde_2020_02,29.60214,-99.73007,436.7784,6/28/21,p,2021,04/22/2021 23:20 CDT,,16.98,95.7,3.095,8.45,0,
TWB14,Uvalde_2020_02,29.60214,-99.73007,436.7784,6/28/21,p,2021,04/22/2021 23:25 CDT,96976,17.02,95.6,2.685,8.45,0,102068.7
TWB14,Uvalde_2020_02,29.60214,-99.73007,436.7784,6/28/21,p,2021,04/22/2021 23:30 CDT,96970,17.07,95.3,2.725,8.45,0,102061.67
TWB14,Uvalde_2020_02,29.60214,-99.73007,436.7784,6/28/21,p,2021,04/22/2021 23:35 CDT,96976,17.14,95.1,2.48,8.45,0,102066.73
TWB14,Uvalde_2020_02,29.60214,-99.73007,436.7784,6/28/21,p,2021,04/22/2021 23:40 CDT,96971,17.17,95.1,2.36,8.45,0,102061.11
TWB14,Uvalde_2020_02,29.60214,-99.73007,436.7784,6/28/21,p,2021,04/22/2021 23:45 CDT,96965,17.2,94.9,2.51,8.45,0,102054.44
TWB14,Uvalde_2020_02,29.60214,-99.73007,436.7784,6/28/21,p,2021,04/22/2021 23:50 CDT,96951,17.22,95,2.215,8.45,0,102038.99
TWB14,Uvalde_2020_02,29.60214,-99.73007,436.7784,6/28/21,p,2021,04/22/2021 23:55 CDT,96948,17.23,95,2.405,8.45,0,102035.65
TWB14,Uvalde_2020_02,29.60214,-99.73007,436.7784,6/28/21,p,2021,04/23/2021 00:00 CDT,96945,17.23,95.2,2.455,8.45,0.01,102032.31
TWB14,Uvalde_2020_02,29.60214,-99.73007,436.7784,6/28/21,p,2021,04/23/2021 00:05 CDT,96947,17.22,95.5,2.665,8.45,0.04,102034.59
TWB14,Uvalde_2020_02,29.60214,-99.73007,436.7784,6/28/21,p,2021,04/23/2021 00:10 CDT,96938,17.22,95.9,2.485,8.45,0,102025.12
TWB14,Uvalde_2020_02,29.60214,-99.73007,436.7784,6/28/21,p,2021,04/23/2021 00:15 CDT,96956,17.21,95.9,1.785,8.45,0,102044.06
TWB14,Uvalde_2020_02,29.60214,-99.73007,436.7784,6/28/21,p,2021,04/23/2021 00:20 CDT,96976,17.24,95.9,2.36,8.45,0,102064.93
TWB14,Uvalde_2020_02,29.60214,-99.73007,436.7784,6/28/21,p,2021,04/23/2021 00:25 CDT,96959,17.28,96,2.16,8.45,0,102046.32
TWB14,Uvalde_2020_02,29.60214,-99.73007,436.7784,6/28/21,p,2021,04/23/2021 00:30 CDT,96963,17.33,96,2.235,8.45,0,102049.82
TWB14,Uvalde_2020_02,29.60214,-99.73007,436.7784,6/28/21,p,2021,04/23/2021 00:35 CDT,96958,17.38,95.9,3.005,8.45,0,102043.66
TWB14,Uvalde_2020_02,29.60214,-99.73007,436.7784,6/28/21,p,2021,04/23/2021 00:40 CDT,96951,17.42,95.8,2.215,8.45,0,102035.4
TWB14,Uvalde_2020_02,29.60214,-99.73007,436.7784,6/28/21,p,2021,04/23/2021 00:45 CDT,96957,17.43,95.9,3,8.95,0,102041.53
TWB14,Uvalde_2020_02,29.60214,-99.73007,436.7784,6/28/21,p,2021,04/23/2021 00:50 CDT,96954,17.43,96.1,3.295,8.95,0,102038.37
TWB14,Uvalde_2020_02,29.60214,-99.73007,436.7784,6/28/21,p,2021,04/23/2021 00:55 CDT,96962,17.43,96.3,2.735,8.95,0,102046.79
TWB14,Uvalde_2020_02,29.60214,-99.73007,436.7784,6/28/21,p,2021,04/23/2021 01:00 CDT,96965,17.43,96.5,2.94,8.95,0,102049.95
TWB14,Uvalde_2020_02,29.60214,-99.73007,436.7784,6/28/21,p,2021,04/23/2021 01:05 CDT,96960,17.44,96.6,2.495,8.95,0,102044.51
TWB14,Uvalde_2020_02,29.60214,-99.73007,436.7784,6/28/21,p,2021,04/23/2021 01:10 CDT,96952,17.49,96.7,2.765,8.95,0,102035.37
TWB14,Uvalde_2020_02,29.60214,-99.73007,436.7784,6/28/21,p,2021,04/23/2021 01:15 CDT,96946,17.5,96.8,2.355,8.95,0,102028.7
TWB14,Uvalde_2020_02,29.60214,-99.73007,436.7784,6/28/21,p,2021,04/23/2021 01:20 CDT,96940,17.51,96.9,2.815,8.95,0,102022.03
TWB14,Uvalde_2020_02,29.60214,-99.73007,436.7784,6/28/21,p,2021,04/23/2021 01:25 CDT,96936,17.49,97.1,2.845,8.95,0,102017.99
TWB14,Uvalde_2020_02,29.60214,-99.73007,436.7784,6/28/21,p,2021,04/23/2021 01:30 CDT,96922,17.47,97.2,2.26,8.95,0,102003.62
TWB14,Uvalde_2020_02,29.60214,-99.73007,436.7784,6/28/21,p,2021,04/23/2021 01:35 CDT,96928,17.46,97.4,2.715,8.95,0,102010.29
TWB14,Uvalde_2020_02,29.60214,-99.73007,436.7784,6/28/21,p,2021,04/23/2021 01:40 CDT,96916,17.46,97.5,2.195,8.95,0,101997.48
TWB14,Uvalde_2020_02,29.60214,-99.73007,436.7784,6/28/21,p,2021,04/23/2021 01:45 CDT,96904,17.49,97.6,2.705,8.95,0,101984.49
TWB14,Uvalde_2020_02,29.60214,-99.73007,436.7784,6/28/21,p,2021,04/23/2021 01:50 CDT,96892,17.53,97.8,2.84,9.035,0,101971.33
TWB14,Uvalde_2020_02,29.60214,-99.73007,436.7784,6/28/21,p,2021,04/23/2021 01:55 CDT,96875,17.57,97.7,2.615,9.035,0,101952.72
TWB14,Uvalde_2020_02,29.60214,-99.73007,436.7784,6/28/21,p,2021,04/23/2021 02:00 CDT,96859,17.56,97.9,2.315,9.035,0,101935.88
TWB14,Uvalde_2020_02,29.60214,-99.73007,436.7784,6/28/21,p,2021,04/23/2021 02:05 CDT,96863,17.59,97.9,2.735,9.035,0,101939.55
TWB14,Uvalde_2020_02,29.60214,-99.73007,436.7784,6/28/21,p,2021,04/23/2021 02:10 CDT,96878,17.62,98,2.73,9.035,0,101954.8
TWB14,Uvalde_2020_02,29.60214,-99.73007,436.7784,6/28/21,p,2021,04/23/2021 02:15 CDT,96871,17.62,98,2.345,9.035,0,101947.26
TWB14,Uvalde_2020_02,29.60214,-99.73007,436.7784,6/28/21,p,2021,04/23/2021 02:20 CDT,96859,17.62,98.1,1.93,9.035,0,101934.63
TWB14,Uvalde_2020_02,29.60214,-99.73007,436.7784,6/28/21,p,2021,04/23/2021 02:25 CDT,96854,17.66,98.1,2.93,9.035,0,101928.65
TWB14,Uvalde_2020_02,29.60214,-99.73007,436.7784,6/28/21,p,2021,04/23/2021 02:30 CDT,96837,17.68,98.2,1.95,8.615,0,101910.4
TWB14,Uvalde_2020_02,29.60214,-99.73007,436.7784,6/28/21,p,2021,04/23/2021 02:35 CDT,96838,17.69,98.2,2.95,8.615,0,101911.46
TWB14,Uvalde_2020_02,29.60214,-99.73007,436.7784,6/28/21,p,2021,04/23/2021 02:40 CDT,96840,17.72,98.2,2.81,8.615,0,101913.38
TWB14,Uvalde_2020_02,29.60214,-99.73007,436.7784,6/28/21,p,2021,04/23/2021 02:45 CDT,96834,17.74,98.1,2.715,8.615,0,101906.36
TWB14,Uvalde_2020_02,29.60214,-99.73007,436.7784,6/28/21,p,2021,04/23/2021 02:50 CDT,96810,17.74,98.3,3.155,9.035,0,101881.1
TWB14,Uvalde_2020_02,29.60214,-99.73007,436.7784,6/28/21,p,2021,04/23/2021 02:55 CDT,96803,17.73,98.2,2.945,9.035,0,101873.91
TWB14,Uvalde_2020_02,29.60214,-99.73007,436.7784,6/28/21,p,2021,04/23/2021 03:00 CDT,96792,17.7,98.3,2.395,9.035,0,101862.87
TWB14,Uvalde_2020_02,29.60214,-99.73007,436.7784,6/28/21,p,2021,04/23/2021 03:05 CDT,96785,17.74,98.3,2.415,9.035,0,101854.97
TWB14,Uvalde_2020_02,29.60214,-99.73007,436.7784,6/28/21,p,2021,04/23/2021 03:10 CDT,96792,17.77,98.5,3.12,9.035,0,101861.8
TWB14,Uvalde_2020_02,29.60214,-99.73007,436.7784,6/28/21,p,2021,04/23/2021 03:15 CDT,96784,17.82,98.5,3.055,9.035,0,101852.49
TWB14,Uvalde_2020_02,29.60214,-99.73007,436.7784,6/28/21,p,2021,04/23/2021 03:20 CDT,96776,17.89,98.4,3.33,9.035,0,101843
TWB14,Uvalde_2020_02,29.60214,-99.73007,436.7784,6/28/21,p,2021,04/23/2021 03:25 CDT,96770,17.95,98.3,3.19,9.035,0,101835.44
TWB14,Uvalde_2020_02,29.60214,-99.73007,436.7784,6/28/21,p,2021,04/23/2021 03:30 CDT,96751,17.97,98.3,2.855,9.035,0,101815.09
TWB14,Uvalde_2020_02,29.60214,-99.73007,436.7784,6/28/21,p,2021,04/23/2021 03:35 CDT,96745,17.99,98.3,3.195,9.035,0,101808.77
TWB14,Uvalde_2020_02,29.60214,-99.73007,436.7784,6/28/21,p,2021,04/23/2021 03:40 CDT,96738,18.02,98.2,2.925,9.035,0,101800.87
TWB14,Uvalde_2020_02,29.60214,-99.73007,436.7784,6/28/21,p,2021,04/23/2021 03:45 CDT,96724,18.03,98.3,3.135,9.035,0,101785.79
TWB14,Uvalde_2020_02,29.60214,-99.73007,436.7784,6/28/21,p,2021,04/23/2021 03:50 CDT,96707,18.09,98.3,3.255,9.035,0,101767.01
TWB14,Uvalde_2020_02,29.60214,-99.73007,436.7784,6/28/21,p,2021,04/23/2021 03:55 CDT,96692,18.1,98.1,3.59,9.035,0,101750.69
TWB14,Uvalde_2020_02,29.60214,-99.73007,436.7784,6/28/21,p,2021,04/23/2021 04:00 CDT,96676,18.09,98.1,3.585,9.035,0,101734.03
TWB14,Uvalde_2020_02,29.60214,-99.73007,436.7784,6/28/21,p,2021,04/23/2021 04:05 CDT,96673,18.11,98,3.39,9.035,0,101730.7
TWB14,Uvalde_2020_02,29.60214,-99.73007,436.7784,6/28/21,p,2021,04/23/2021 04:10 CDT,96671,18.14,97.9,3.42,9.035,0,101728.24
TWB14,Uvalde_2020_02,29.60214,-99.73007,436.7784,6/28/21,p,2021,04/23/2021 04:15 CDT,96662,18.18,97.9,3.02,9.035,0,101717.88
TWB14,Uvalde_2020_02,29.60214,-99.73007,436.7784,6/28/21,p,2021,04/23/2021 04:20 CDT,96665,18.21,97.7,2.555,9.035,0,101720.68
TWB14,Uvalde_2020_02,29.60214,-99.73007,436.7784,6/28/21,p,2021,04/23/2021 04:25 CDT,96650,18.23,97.7,3.245,9.035,0,101704.36
TWB14,Uvalde_2020_02,29.60214,-99.73007,436.7784,6/28/21,p,2021,04/23/2021 04:30 CDT,96641,18.27,97.5,2.955,9.035,0,101694.54
TWB14,Uvalde_2020_02,29.60214,-99.73007,436.7784,6/28/21,p,2021,04/23/2021 04:35 CDT,96653,18.27,97.5,2.685,9.035,0,101707.17
TWB14,Uvalde_2020_02,29.60214,-99.73007,436.7784,6/28/21,p,2021,04/23/2021 04:40 CDT,96655,18.29,97.5,3.025,9.035,0,101708.92
TWB14,Uvalde_2020_02,29.60214,-99.73007,436.7784,6/28/21,p,2021,04/23/2021 04:45 CDT,96666,18.31,97.4,2.34,9.035,0,101720.14
TWB14,Uvalde_2020_02,29.60214,-99.73007,436.7784,6/28/21,p,2021,04/23/2021 04:50 CDT,96662,18.34,97.4,2.67,9.035,0,101715.4
TWB14,Uvalde_2020_02,29.60214,-99.73007,436.7784,6/28/21,p,2021,04/23/2021 04:55 CDT,96638,18.36,97.3,2.45,9.035,0,101689.61
TWB14,Uvalde_2020_02,29.60214,-99.73007,436.7784,6/28/21,p,2021,04/23/2021 05:00 CDT,96628,18.39,97.3,2.535,9.035,0,101678.56
TWB14,Uvalde_2020_02,29.60214,-99.73007,436.7784,6/28/21,p,2021,04/23/2021 05:05 CDT,96628,18.44,97.1,2.74,9.035,0,101677.67
TWB14,Uvalde_2020_02,29.60214,-99.73007,436.7784,6/28/21,p,2021,04/23/2021 05:10 CDT,96638,18.48,96.9,2.71,9.035,0,101687.49
TWB14,Uvalde_2020_02,29.60214,-99.73007,436.7784,6/28/21,p,2021,04/23/2021 05:15 CDT,96626,18.49,96.8,2.105,9.035,0,101674.33
TWB14,Uvalde_2020_02,29.60214,-99.73007,436.7784,6/28/21,p,2021,04/23/2021 05:20 CDT,96623,18.5,96.7,2.63,9.035,0,101671
TWB14,Uvalde_2020_02,29.60214,-99.73007,436.7784,6/28/21,p,2021,04/23/2021 05:25 CDT,96620,18.54,96.5,3.085,9.035,0,101667.84
TWB14,Uvalde_2020_02,29.60214,-99.73007,436.7784,6/28/21,p,2021,04/23/2021 05:30 CDT,96603,18.55,96.4,2.605,9.035,0,101649.77
TWB14,Uvalde_2020_02,29.60214,-99.73007,436.7784,6/28/21,p,2021,04/23/2021 05:35 CDT,96582,18.57,96.4,2.59,9.035,0,101627.15
TWB14,Uvalde_2020_02,29.60214,-99.73007,436.7784,6/28/21,p,2021,04/23/2021 05:40 CDT,96580,18.61,96.3,2.585,9.035,0,101624.34
TWB14,Uvalde_2020_02,29.60214,-99.73007,436.7784,6/28/21,p,2021,04/23/2021 05:45 CDT,96578,18.64,96.2,2.455,9.035,0,101621.35
TWB14,Uvalde_2020_02,29.60214,-99.73007,436.7784,6/28/21,p,2021,04/23/2021 05:50 CDT,96604,18.67,96.2,2.45,9.035,0,101648.35
TWB14,Uvalde_2020_02,29.60214,-99.73007,436.7784,6/28/21,p,2021,04/23/2021 05:55 CDT,96620,18.7,96.3,2.405,9.035,0,101664.3
TWB14,Uvalde_2020_02,29.60214,-99.73007,436.7784,6/28/21,p,2021,04/23/2021 06:00 CDT,96617,18.71,96.4,2.355,9.035,0,101660.79
TWB14,Uvalde_2020_02,29.60214,-99.73007,436.7784,6/28/21,p,2021,04/23/2021 06:05 CDT,96606,18.75,96.4,2.38,9.035,0,101648.51
TWB14,Uvalde_2020_02,29.60214,-99.73007,436.7784,6/28/21,p,2021,04/23/2021 06:10 CDT,96589,18.76,96.6,2.295,9.035,0,101630.44
TWB14,Uvalde_2020_02,29.60214,-99.73007,436.7784,6/28/21,p,2021,04/23/2021 06:15 CDT,96583,18.78,96.6,2.38,9.035,0,101624.13
TWB14,Uvalde_2020_02,29.60214,-99.73007,436.7784,6/28/21,p,2021,04/23/2021 06:20 CDT,96579,18.8,96.6,2.63,9.035,0,101619.57
TWB14,Uvalde_2020_02,29.60214,-99.73007,436.7784,6/28/21,p,2021,04/23/2021 06:25 CDT,96574,18.86,96.6,3.51,9.035,0,101613.43
TWB14,Uvalde_2020_02,29.60214,-99.73007,436.7784,6/28/21,p,2021,04/23/2021 06:30 CDT,96568,18.92,96.4,2.62,9.035,0,101606.05
TWB14,Uvalde_2020_02,29.60214,-99.73007,436.7784,6/28/21,p,2021,04/23/2021 06:35 CDT,96563,18.96,96.4,2.39,9.035,0,101599.73
TWB14,Uvalde_2020_02,29.60214,-99.73007,436.7784,6/28/21,p,2021,04/23/2021 06:40 CDT,96559,18.97,96.4,2.32,9.035,0,101595.17
TWB14,Uvalde_2020_02,29.60214,-99.73007,436.7784,6/28/21,p,2021,04/23/2021 06:45 CDT,96563,19.02,96.4,2.975,9.035,0,101598.5
TWB14,Uvalde_2020_02,29.60214,-99.73007,436.7784,6/28/21,p,2021,04/23/2021 06:50 CDT,96562,19,96.6,2.34,9.035,0,101597.45
TWB14,Uvalde_2020_02,29.60214,-99.73007,436.7784,6/28/21,p,2021,04/23/2021 06:55 CDT,96561,18.99,96.8,2.625,9.035,0,101596.39
TWB14,Uvalde_2020_02,29.60214,-99.73007,436.7784,6/28/21,p,2021,04/23/2021 07:00 CDT,96563,18.99,97,2.565,9.035,0,101598.5
TWB14,Uvalde_2020_02,29.60214,-99.73007,436.7784,6/28/21,p,2021,04/23/2021 07:05 CDT,96562,18.97,97.1,2.125,9.035,0,101597.62
TWB14,Uvalde_2020_02,29.60214,-99.73007,436.7784,6/28/21,p,2021,04/23/2021 07:10 CDT,96566,18.94,97.3,2.545,9.035,0.05,101602.53
TWB14,Uvalde_2020_02,29.60214,-99.73007,436.7784,6/28/21,p,2021,04/23/2021 07:15 CDT,96572,18.97,97.5,2.12,9.035,0,101608.49
TWB14,Uvalde_2020_02,29.60214,-99.73007,436.7784,6/28/21,p,2021,04/23/2021 07:20 CDT,96574,18.99,97.6,2.4,9.035,0.39,101610.07
TWB14,Uvalde_2020_02,29.60214,-99.73007,436.7784,6/28/21,p,2021,04/23/2021 07:25 CDT,96571,18.98,97.6,2.93,9.035,0.92,101607.09
TWB14,Uvalde_2020_02,29.60214,-99.73007,436.7784,6/28/21,p,2021,04/23/2021 07:30 CDT,96572,18.98,97.8,2.66,9.035,1.85,101608.14
TWB14,Uvalde_2020_02,29.60214,-99.73007,436.7784,6/28/21,p,2021,04/23/2021 07:35 CDT,96572,18.97,97.8,2.395,9.035,3.9,101608.31
TWB14,Uvalde_2020_02,29.60214,-99.73007,436.7784,6/28/21,p,2021,04/23/2021 07:40 CDT,96565,18.98,98,2.49,9.035,5.2,101600.77
TWB14,Uvalde_2020_02,29.60214,-99.73007,436.7784,6/28/21,p,2021,04/23/2021 07:45 CDT,96564,19.01,98,2.56,9.035,4.94,101599.54
TWB14,Uvalde_2020_02,29.60214,-99.73007,436.7784,6/28/21,p,2021,04/23/2021 07:50 CDT,96575,19.01,98,2.49,9.035,4.71,101611.29
TWB14,Uvalde_2020_02,29.60214,-99.73007,436.7784,6/28/21,p,2021,04/23/2021 07:55 CDT,96576,19,98,2.14,9.035,4.28,101612.17
TWB14,Uvalde_2020_02,29.60214,-99.73007,436.7784,6/28/21,p,2021,04/23/2021 08:00 CDT,96571,19,98.1,2.53,9.035,4.1,101606.91
TWB14,Uvalde_2020_02,29.60214,-99.73007,436.7784,6/28/21,p,2021,04/23/2021 08:05 CDT,96575,19.01,98.1,1.865,9.035,5.43,101611.12
TWB14,Uvalde_2020_02,29.60214,-99.73007,436.7784,6/28/21,p,2021,04/23/2021 08:10 CDT,96598,19.03,98.2,2.445,9.035,6.98,101635.31
TWB14,Uvalde_2020_02,29.60214,-99.73007,436.7784,6/28/21,p,2021,04/23/2021 08:15 CDT,96615,19.05,98.3,3.1,9.035,7.63,101653.02
TWB14,Uvalde_2020_02,29.60214,-99.73007,436.7784,6/28/21,p,2021,04/23/2021 08:20 CDT,96618,19.06,98.3,1.48,9.035,10.48,101655.65
TWB14,Uvalde_2020_02,29.60214,-99.73007,436.7784,6/28/21,p,2021,04/23/2021 08:25 CDT,96626,19.05,98.3,1.92,9.035,9.35,101664.24
TWB14,Uvalde_2020_02,29.60214,-99.73007,436.7784,6/28/21,p,2021,04/23/2021 08:30 CDT,96629,19.04,98.4,2.125,9.035,9.37,101667.4
TWB14,Uvalde_2020_02,29.60214,-99.73007,436.7784,6/28/21,p,2021,04/23/2021 08:35 CDT,96629,19.04,98.5,2.19,9.035,9.39,101667.4
TWB14,Uvalde_2020_02,29.60214,-99.73007,436.7784,6/28/21,p,2021,04/23/2021 08:40 CDT,96630,19.05,98.6,2.135,9.035,12.89,101668.28
TWB14,Uvalde_2020_02,29.60214,-99.73007,436.7784,6/28/21,p,2021,04/23/2021 08:45 CDT,96625,19.09,98.7,2.305,9.035,17.05,101662.48
TWB14,Uvalde_2020_02,29.60214,-99.73007,436.7784,6/28/21,p,2021,04/23/2021 08:50 CDT,96610,19.13,98.7,1.995,9.035,17.04,101645.64
TWB14,Uvalde_2020_02,29.60214,-99.73007,436.7784,6/28/21,p,2021,04/23/2021 08:55 CDT,96603,19.15,98.8,2.705,9.035,19.6,101638.1
TWB14,Uvalde_2020_02,29.60214,-99.73007,436.7784,6/28/21,p,2021,04/23/2021 09:00 CDT,96604,19.21,98.8,2.415,9.035,19.48,101638.1
TWB14,Uvalde_2020_02,29.60214,-99.73007,436.7784,6/28/21,p,2021,04/23/2021 09:05 CDT,96608,19.26,98.9,2.445,9.035,20.85,101641.25
TWB14,Uvalde_2020_02,29.60214,-99.73007,436.7784,6/28/21,p,2021,04/23/2021 09:10 CDT,96606,19.3,98.8,3.225,9.035,21.09,101638.97
TWB14,Uvalde_2020_02,29.60214,-99.73007,436.7784,6/28/21,p,2021,04/23/2021 09:15 CDT,96611,19.31,98.9,2.73,9.035,23.36,101644.05
TWB14,Uvalde_2020_02,29.60214,-99.73007,436.7784,6/28/21,p,2021,04/23/2021 09:20 CDT,96611,19.37,98.9,2.815,9.035,22.29,101643.17
TWB14,Uvalde_2020_02,29.60214,-99.73007,436.7784,6/28/21,p,2021,04/23/2021 09:25 CDT,96613,19.4,98.9,3.055,9.035,30.84,101644.57
TWB14,Uvalde_2020_02,29.60214,-99.73007,436.7784,6/28/21,p,2021,04/23/2021 09:30 CDT,96605,19.42,99,2.53,9.035,28.33,101635.63
TWB14,Uvalde_2020_02,29.60214,-99.73007,436.7784,6/28/21,p,2021,04/23/2021 09:35 CDT,96605,19.46,99,2.44,9.035,28.48,101634.92
TWB14,Uvalde_2020_02,29.60214,-99.73007,436.7784,6/28/21,p,2021,04/23/2021 09:40 CDT,96605,19.52,98.9,2.465,9.035,28.19,101633.52
TWB14,Uvalde_2020_02,29.60214,-99.73007,436.7784,6/28/21,p,2021,04/23/2021 09:45 CDT,96601,19.54,99,2.03,9.035,27.18,101628.96
TWB14,Uvalde_2020_02,29.60214,-99.73007,436.7784,6/28/21,p,2021,04/23/2021 09:50 CDT,96600,19.56,99,2.16,9.035,24.33,101627.73
TWB14,Uvalde_2020_02,29.60214,-99.73007,436.7784,6/28/21,p,2021,04/23/2021 09:55 CDT,96602,19.59,99.1,2.73,9.035,31.63,101629.48
TWB14,Uvalde_2020_02,29.60214,-99.73007,436.7784,6/28/21,p,2021,04/23/2021 10:00 CDT,96601,19.65,99.1,2.31,9.035,27.49,101627.38
TWB14,Uvalde_2020_02,29.60214,-99.73007,436.7784,6/28/21,p,2021,04/23/2021 10:05 CDT,96595,19.68,99.1,2.285,9.035,24.58,101620.36
TWB14,Uvalde_2020_02,29.60214,-99.73007,436.7784,6/28/21,p,2021,04/23/2021 10:10 CDT,96599,19.72,99.1,2.205,9.035,26.02,101623.87
TWB14,Uvalde_2020_02,29.60214,-99.73007,436.7784,6/28/21,p,2021,04/23/2021 10:15 CDT,96602,19.76,99.1,2.51,9.035,27.79,101626.32
TWB14,Uvalde_2020_02,29.60214,-99.73007,436.7784,6/28/21,p,2021,04/23/2021 10:20 CDT,96602,19.8,99.1,1.885,9.035,31.87,101625.44
TWB14,Uvalde_2020_02,29.60214,-99.73007,436.7784,6/28/21,p,2021,04/23/2021 10:25 CDT,96601,19.82,99.1,1.895,9.035,40.6,101624.04
TWB14,Uvalde_2020_02,29.60214,-99.73007,436.7784,6/28/21,p,2021,04/23/2021 10:30 CDT,96593,19.84,99.1,2.405,9.035,23.17,101615.1
TWB14,Uvalde_2020_02,29.60214,-99.73007,436.7784,6/28/21,p,2021,04/23/2021 10:35 CDT,96592,19.85,99.1,2.585,9.035,34.3,101614.05
TWB14,Uvalde_2020_02,29.60214,-99.73007,436.7784,6/28/21,p,2021,04/23/2021 10:40 CDT,96579,19.88,99.1,2.61,9.035,50.13,101600.02
TWB14,Uvalde_2020_02,29.60214,-99.73007,436.7784,6/28/21,p,2021,04/23/2021 10:45 CDT,96574,19.9,99.2,2.84,9.035,40.3,101594.41
TWB14,Uvalde_2020_02,29.60214,-99.73007,436.7784,6/28/21,p,2021,04/23/2021 10:50 CDT,96573,19.96,99.1,2.68,9.035,50.3,101592.13
TWB14,Uvalde_2020_02,29.60214,-99.73007,436.7784,6/28/21,p,2021,04/23/2021 10:55 CDT,96573,20,99.2,2.09,9.035,58.1,101591.25
TWB14,Uvalde_2020_02,29.60214,-99.73007,436.7784,6/28/21,p,2021,04/23/2021 11:00 CDT,96572,20.05,99.1,2.695,9.035,54.38,101589.15
TWB14,Uvalde_2020_02,29.60214,-99.73007,436.7784,6/28/21,p,2021,04/23/2021 11:05 CDT,96576,20.08,99.1,2.49,9.035,41.53,101593.19
TWB14,Uvalde_2020_02,29.60214,-99.73007,436.7784,6/28/21,p,2021,04/23/2021 11:10 CDT,96583,20.12,99.1,2.225,9.035,38.44,101599.85
TWB14,Uvalde_2020_02,29.60214,-99.73007,436.7784,6/28/21,p,2021,04/23/2021 11:15 CDT,96582,20.16,99.1,2.315,9.035,45.47,101598.45
TWB14,Uvalde_2020_02,29.60214,-99.73007,436.7784,6/28/21,p,2021,04/23/2021 11:20 CDT,96579,20.21,99.1,1.68,9.035,51.25,101594.24
TWB14,Uvalde_2020_02,29.60214,-99.73007,436.7784,6/28/21,p,2021,04/23/2021 11:25 CDT,96564,20.25,99,2.545,9.035,76.21,101577.41
TWB14,Uvalde_2020_02,29.60214,-99.73007,436.7784,6/28/21,p,2021,04/23/2021 11:30 CDT,96543,20.33,99,2.615,9.035,85.25,101554.1
TWB14,Uvalde_2020_02,29.60214,-99.73007,436.7784,6/28/21,p,2021,04/23/2021 11:35 CDT,96535,20.39,98.9,2.775,9.035,70.05,101544.64
TWB14,Uvalde_2020_02,29.60214,-99.73007,436.7784,6/28/21,p,2021,04/23/2021 11:40 CDT,96535,20.43,98.9,2.48,9.035,77.21,101544.29
TWB14,Uvalde_2020_02,29.60214,-99.73007,436.7784,6/28/21,p,2021,04/23/2021 11:45 CDT,96540,20.5,98.8,1.75,9.035,72.57,101548.33
TWB14,Uvalde_2020_02,29.60214,-99.73007,436.7784,6/28/21,p,2021,04/23/2021 11:50 CDT,96537,20.54,98.9,2.4,9.035,114.65,101543.78
TWB14,Uvalde_2020_02,29.60214,-99.73007,436.7784,6/28/21,p,2021,04/23/2021 11:55 CDT,96524,20.64,98.6,2.19,9.035,124.07,101528.71
TWB14,Uvalde_2020_02,29.60214,-99.73007,436.7784,6/28/21,p,2021,04/23/2021 12:00 CDT,96516,20.69,98.8,2.96,9.035,131.69,101519.6
TWB14,Uvalde_2020_02,29.60214,-99.73007,436.7784,6/28/21,p,2021,04/23/2021 12:05 CDT,96506,20.76,98.4,2.62,9.035,121.26,101507.86
TWB14,Uvalde_2020_02,29.60214,-99.73007,436.7784,6/28/21,p,2021,04/23/2021 12:10 CDT,96505,20.82,98.2,2.38,9.035,111.18,101505.59
TWB14,Uvalde_2020_02,29.60214,-99.73007,436.7784,6/28/21,p,2021,04/23/2021 12:15 CDT,96501,20.87,98.5,1.92,9.035,146.29,101500.86
TWB14,Uvalde_2020_02,29.60214,-99.73007,436.7784,6/28/21,p,2021,04/23/2021 12:20 CDT,96495,20.97,98.2,1.92,9.035,160.77,101492.99
TWB14,Uvalde_2020_02,29.60214,-99.73007,436.7784,6/28/21,p,2021,04/23/2021 12:25 CDT,96500,21.03,97.7,2.3,9.035,123.95,101497.38
TWB14,Uvalde_2020_02,29.60214,-99.73007,436.7784,6/28/21,p,2021,04/23/2021 12:30 CDT,96489,21.11,97.6,1.525,9.035,153.71,101484.94
TWB14,Uvalde_2020_02,29.60214,-99.73007,436.7784,6/28/21,p,2021,04/23/2021 12:35 CDT,96478,21.27,98,1.07,9.035,175.32,101470.24
TWB14,Uvalde_2020_02,29.60214,-99.73007,436.7784,6/28/21,p,2021,04/23/2021 12:40 CDT,96465,21.45,96.7,1.885,9.035,215.69,101453.11
TWB14,Uvalde_2020_02,29.60214,-99.73007,436.7784,6/28/21,p,2021,04/23/2021 12:45 CDT,96458,21.56,96,1.33,9.035,212.14,101445.06
TWB14,Uvalde_2020_02,29.60214,-99.73007,436.7784,6/28/21,p,2021,04/23/2021 12:50 CDT,96457,21.81,95.7,1.03,9.035,230.87,101440.21
TWB14,Uvalde_2020_02,29.60214,-99.73007,436.7784,6/28/21,p,2021,04/23/2021 12:55 CDT,96457,21.99,94.3,1.635,9.035,394.31,101436.93
TWB14,Uvalde_2020_02,29.60214,-99.73007,436.7784,6/28/21,p,2021,04/23/2021 13:00 CDT,96451,22.35,92.2,1.695,9.035,401.9,101424.43
TWB14,Uvalde_2020_02,29.60214,-99.73007,436.7784,6/28/21,p,2021,04/23/2021 13:05 CDT,96451,22.48,90.8,1.445,9.035,339.61,101421.17
TWB14,Uvalde_2020_02,29.60214,-99.73007,436.7784,6/28/21,p,2021,04/23/2021 13:10 CDT,96447,22.75,89.2,1.075,9.035,357.06,101412.85
TWB14,Uvalde_2020_02,29.60214,-99.73007,436.7784,6/28/21,p,2021,04/23/2021 13:15 CDT,96433,23.04,86.3,1.795,9.035,354.53,101391.63
TWB14,Uvalde_2020_02,29.60214,-99.73007,436.7784,6/28/21,p,2021,04/23/2021 13:20 CDT,96414,23.19,86.3,1.8,9.035,358.97,101367.72
TWB14,Uvalde_2020_02,29.60214,-99.73007,436.7784,6/28/21,p,2021,04/23/2021 13:25 CDT,96405,23.43,84.4,1.115,9.035,470.22,101354.34
TWB14,Uvalde_2020_02,29.60214,-99.73007,436.7784,6/28/21,p,2021,04/23/2021 13:30 CDT,96389,23.61,83.8,1.69,9.035,347.84,101332.92
TWB14,Uvalde_2020_02,29.60214,-99.73007,436.7784,6/28/21,p,2021,04/23/2021 13:35 CDT,96367,23.79,80.5,2.25,9.035,520.02,101305.74
TWB14,Uvalde_2020_02,29.60214,-99.73007,436.7784,6/28/21,p,2021,04/23/2021 13:40 CDT,96350,23.92,83.5,2.075,9.035,432.25,101284.11
TWB14,Uvalde_2020_02,29.60214,-99.73007,436.7784,6/28/21,p,2021,04/23/2021 13:45 CDT,96337,24.07,77.49,2.71,9.035,466.61,101267.95
TWB14,Uvalde_2020_02,29.60214,-99.73007,436.7784,6/28/21,p,2021,04/23/2021 13:50 CDT,96328,24.26,78.16,2.24,9.035,320.28,101256.28
TWB14,Uvalde_2020_02,29.60214,-99.73007,436.7784,6/28/21,p,2021,04/23/2021 13:55 CDT,96318,24.39,75.56,2.45,9.035,529.52,101244.6
TWB14,Uvalde_2020_02,29.60214,-99.73007,436.7784,6/28/21,p,2021,04/23/2021 14:00 CDT,96309,24.79,77.01,2.595,9.035,767.53,101227.53
TWB14,Uvalde_2020_02,29.60214,-99.73007,436.7784,6/28/21,p,2021,04/23/2021 14:05 CDT,96303,25.04,75.25,2.665,9.035,397.27,101214.83
TWB14,Uvalde_2020_02,29.60214,-99.73007,436.7784,6/28/21,p,2021,04/23/2021 14:10 CDT,96283,25.05,74.71,2.65,9.035,464.56,101194.66
TWB14,Uvalde_2020_02,29.60214,-99.73007,436.7784,6/28/21,p,2021,04/23/2021 14:15 CDT,96278,25.69,68.4,2.255,9.035,620.43,101179.72
TWB14,Uvalde_2020_02,29.60214,-99.73007,436.7784,6/28/21,p,2021,04/23/2021 14:20 CDT,96283,25.91,69.45,2.01,9.035,572.64,101179.27
TWB14,Uvalde_2020_02,29.60214,-99.73007,436.7784,6/28/21,p,2021,04/23/2021 14:25 CDT,96271,26.15,68.87,1.665,9.035,528.66,101162.66
TWB14,Uvalde_2020_02,29.60214,-99.73007,436.7784,6/28/21,p,2021,04/23/2021 14:30 CDT,96268,26.44,66.41,1.345,9.035,331.96,101155.02
TWB14,Uvalde_2020_02,29.60214,-99.73007,436.7784,6/28/21,p,2021,04/23/2021 14:35 CDT,96247,26.38,65.4,1.68,9.035,722.69,101133.3
TWB14,Uvalde_2020_02,29.60214,-99.73007,436.7784,6/28/21,p,2021,04/23/2021 14:40 CDT,96226,27.06,62.13,1.88,9.035,765.14,101102.29
TWB14,Uvalde_2020_02,29.60214,-99.73007,436.7784,6/28/21,p,2021,04/23/2021 14:45 CDT,96211,27.16,61.55,2.35,9.035,351.1,101080.9
TWB14,Uvalde_2020_02,29.60214,-99.73007,436.7784,6/28/21,p,2021,04/23/2021 14:50 CDT,96209,27.02,58.55,2.12,9.035,744.63,101081.81
TWB14,Uvalde_2020_02,29.60214,-99.73007,436.7784,6/28/21,p,2021,04/23/2021 14:55 CDT,96196,27.33,59.05,1.82,9.035,479.15,101063.18
TWB14,Uvalde_2020_02,29.60214,-99.73007,436.7784,6/28/21,p,2021,04/23/2021 15:00 CDT,96197,27.48,56.46,2.165,9.035,711.38,101061.61
TWB14,Uvalde_2020_02,29.60214,-99.73007,436.7784,6/28/21,p,2021,04/23/2021 15:05 CDT,96198,27.68,56.19,1.935,9.035,616.16,101059.36
TWB14,Uvalde_2020_02,29.60214,-99.73007,436.7784,6/28/21,p,2021,04/23/2021 15:10 CDT,96191,27.48,55.38,1.535,9.035,344.75,101055.65
TWB14,Uvalde_2020_02,29.60214,-99.73007,436.7784,6/28/21,p,2021,04/23/2021 15:15 CDT,96177,27.81,50.9,2.085,9.035,752.77,101038.18
TWB14,Uvalde_2020_02,29.60214,-99.73007,436.7784,6/28/21,p,2021,04/23/2021 15:20 CDT,96155,28.38,54.13,1.93,9.035,536.53,101003.85
TWB14,Uvalde_2020_02,29.60214,-99.73007,436.7784,6/28/21,p,2021,04/23/2021 15:25 CDT,96145,28.53,48.7,2.34,9.035,702.85,100990.94
TWB14,Uvalde_2020_02,29.60214,-99.73007,436.7784,6/28/21,p,2021,04/23/2021 15:30 CDT,96142,28.81,49.07,2.08,9.035,656.55,100983.2
TWB14,Uvalde_2020_02,29.60214,-99.73007,436.7784,6/28/21,p,2021,04/23/2021 15:35 CDT,96134,28.43,49.95,1.91,9.035,528.12,100978.06
TWB14,Uvalde_2020_02,29.60214,-99.73007,436.7784,6/28/21,p,2021,04/23/2021 15:40 CDT,96122,28.36,51.36,1.795,9.035,522.7,100967.24
TWB14,Uvalde_2020_02,29.60214,-99.73007,436.7784,6/28/21,p,2021,04/23/2021 15:45 CDT,96100,28.41,49.61,1.615,9.035,657.77,100945.3
TWB14,Uvalde_2020_02,29.60214,-99.73007,436.7784,6/28/21,p,2021,04/23/2021 15:50 CDT,96095,28.8,46.78,2.15,9.035,657.83,100932.71
TWB14,Uvalde_2020_02,29.60214,-99.73007,436.7784,6/28/21,p,2021,04/23/2021 15:55 CDT,96087,28.71,46.68,1.385,9.035,486.88,100923.49
TWB14,Uvalde_2020_02,29.60214,-99.73007,436.7784,6/28/21,p,2021,04/23/2021 16:00 CDT,96075,29.17,42.81,1.78,9.035,606.11,100907.66
TWB14,Uvalde_2020_02,29.60214,-99.73007,436.7784,6/28/21,p,2021,04/23/2021 16:05 CDT,96067,29.34,41.96,1.815,9.035,591.39,100894.54
TWB14,Uvalde_2020_02,29.60214,-99.73007,436.7784,6/28/21,p,2021,04/23/2021 16:10 CDT,96063,29.22,41.02,1.835,9.035,589.65,100892.14
TWB14,Uvalde_2020_02,29.60214,-99.73007,436.7784,6/28/21,p,2021,04/23/2021 16:15 CDT,96050,29.29,39.1,1.465,9.035,580.01,100879.49
TWB14,Uvalde_2020_02,29.60214,-99.73007,436.7784,6/28/21,p,2021,04/23/2021 16:20 CDT,96049,29.62,35.3,1.665,9.035,570.43,100874.57
TWB14,Uvalde_2020_02,29.60214,-99.73007,436.7784,6/28/21,p,2021,04/23/2021 16:25 CDT,96044,29.79,35.9,2.71,9.035,585.76,100862.17
TWB14,Uvalde_2020_02,29.60214,-99.73007,436.7784,6/28/21,p,2021,04/23/2021 16:30 CDT,96054,29.3,37.75,1.96,9.035,335.46,100879.47
TWB14,Uvalde_2020_02,29.60214,-99.73007,436.7784,6/28/21,p,2021,04/23/2021 16:35 CDT,96058,29.08,38.5,2.94,9.035,238.1,100890.02
TWB14,Uvalde_2020_02,29.60214,-99.73007,436.7784,6/28/21,p,2021,04/23/2021 16:40 CDT,96058,29.05,39.37,1.375,9.035,212.89,100892.62
TWB14,Uvalde_2020_02,29.60214,-99.73007,436.7784,6/28/21,p,2021,04/23/2021 16:45 CDT,96050,29.11,38.12,1.605,9.035,191.01,100884.07
TWB14,Uvalde_2020_02,29.60214,-99.73007,436.7784,6/28/21,p,2021,04/23/2021 16:50 CDT,96052,29.05,37.59,2.09,9.035,312.33,100886.82
TWB14,Uvalde_2020_02,29.60214,-99.73007,436.7784,6/28/21,p,2021,04/23/2021 16:55 CDT,96058,29.26,35.77,2.275,9.035,528.57,100891.19
TWB14,Uvalde_2020_02,29.60214,-99.73007,436.7784,6/28/21,p,2021,04/23/2021 17:00 CDT,96050,29.72,35.33,1.35,9.035,477.89,100875.62
TWB14,Uvalde_2020_02,29.60214,-99.73007,436.7784,6/28/21,p,2021,04/23/2021 17:05 CDT,96042,29.95,33.75,1.95,9.035,464.47,100862.04
TWB14,Uvalde_2020_02,29.60214,-99.73007,436.7784,6/28/21,p,2021,04/23/2021 17:10 CDT,96034,29.93,34.19,1.535,9.035,443.04,100852.01
TWB14,Uvalde_2020_02,29.60214,-99.73007,436.7784,6/28/21,p,2021,04/23/2021 17:15 CDT,96032,30.36,34.96,1.495,9.035,408.42,100844.39
TWB14,Uvalde_2020_02,29.60214,-99.73007,436.7784,6/28/21,p,2021,04/23/2021 17:20 CDT,96033,30.61,34.56,1.04,9.035,433.22,100842.05
TWB14,Uvalde_2020_02,29.60214,-99.73007,436.7784,6/28/21,p,2021,04/23/2021 17:25 CDT,96031,30.75,33.14,1.805,9.035,427.47,100835.61
TWB14,Uvalde_2020_02,29.60214,-99.73007,436.7784,6/28/21,p,2021,04/23/2021 17:30 CDT,96029,30.81,33.04,1.465,9.035,429.97,100832.22
TWB14,Uvalde_2020_02,29.60214,-99.73007,436.7784,6/28/21,p,2021,04/23/2021 17:35 CDT,96024,30.8,31.36,1.89,9.035,442.41,100827.79
TWB14,Uvalde_2020_02,29.60214,-99.73007,436.7784,6/28/21,p,2021,04/23/2021 17:40 CDT,96018,30.96,31.56,2.1,9.035,430.4,100818.59
TWB14,Uvalde_2020_02,29.60214,-99.73007,436.7784,6/28/21,p,2021,04/23/2021 17:45 CDT,96018,30.51,30.62,2.14,9.035,255.46,100821.66
TWB14,Uvalde_2020_02,29.60214,-99.73007,436.7784,6/28/21,p,2021,04/23/2021 17:50 CDT,96022,30.5,28.7,2.05,9.035,394.29,100830.24
TWB14,Uvalde_2020_02,29.60214,-99.73007,436.7784,6/28/21,p,2021,04/23/2021 17:55 CDT,96028,30.81,28.23,2.325,9.035,304.59,100832.84
TWB14,Uvalde_2020_02,29.60214,-99.73007,436.7784,6/28/21,p,2021,04/23/2021 18:00 CDT,96041,30.58,30.58,2.535,9.035,265.47,100848.07
TWB14,Uvalde_2020_02,29.60214,-99.73007,436.7784,6/28/21,p,2021,04/23/2021 18:05 CDT,96043,30.89,28.73,1.325,9.035,380.51,100848.9
TWB14,Uvalde_2020_02,29.60214,-99.73007,436.7784,6/28/21,p,2021,04/23/2021 18:10 CDT,96044,31.09,25.5,2.815,9.035,356.04,100844.35
TWB14,Uvalde_2020_02,29.60214,-99.73007,436.7784,6/28/21,p,2021,04/23/2021 18:15 CDT,96050,31,23.11,2.11,9.035,307.55,100851.49
TWB14,Uvalde_2020_02,29.60214,-99.73007,436.7784,6/28/21,p,2021,04/23/2021 18:20 CDT,96062,30.93,24.19,3.285,9.035,278.16,100865.85
TWB14,Uvalde_2020_02,29.60214,-99.73007,436.7784,6/28/21,p,2021,04/23/2021 18:25 CDT,96081,30.68,24.42,3.015,9.035,183.97,100890.15
TWB14,Uvalde_2020_02,29.60214,-99.73007,436.7784,6/28/21,p,2021,04/23/2021 18:30 CDT,96083,30.44,25.03,1.54,9.035,212.08,100897.09
TWB14,Uvalde_2020_02,29.60214,-99.73007,436.7784,6/28/21,p,2021,04/23/2021 18:35 CDT,96083,30.64,25.47,2.48,9.035,234.14,100895.79
TWB14,Uvalde_2020_02,29.60214,-99.73007,436.7784,6/28/21,p,2021,04/23/2021 18:40 CDT,96084,30.64,24.93,2.955,9.035,225.77,100896.52
TWB14,Uvalde_2020_02,29.60214,-99.73007,436.7784,6/28/21,p,2021,04/23/2021 18:45 CDT,96084,30.77,25.13,1.55,9.035,202.87,100895.07
TWB14,Uvalde_2020_02,29.60214,-99.73007,436.7784,6/28/21,p,2021,04/23/2021 18:50 CDT,96084,30.8,24.09,1.405,9.035,169.5,100893.14
TWB14,Uvalde_2020_02,29.60214,-99.73007,436.7784,6/28/21,p,2021,04/23/2021 18:55 CDT,96084,30.79,24.09,1.6,9.035,161.85,100892.98
TWB14,Uvalde_2020_02,29.60214,-99.73007,436.7784,6/28/21,p,2021,04/23/2021 19:00 CDT,96084,30.61,22.2,2.145,9.035,152.33,100896.07
TWB14,Uvalde_2020_02,29.60214,-99.73007,436.7784,6/28/21,p,2021,04/23/2021 19:05 CDT,96085,30.46,21.76,1.785,9.035,136.59,100900.2
TWB14,Uvalde_2020_02,29.60214,-99.73007,436.7784,6/28/21,p,2021,04/23/2021 19:10 CDT,96076,30.45,22.2,1.36,9.035,118.4,100891.23
TWB14,Uvalde_2020_02,29.60214,-99.73007,436.7784,6/28/21,p,2021,04/23/2021 19:15 CDT,96061,30.31,23.21,1.34,9.035,104.84,100877.73
TWB14,Uvalde_2020_02,29.60214,-99.73007,436.7784,6/28/21,p,2021,04/23/2021 19:20 CDT,96058,30.24,22.34,0.515,9.035,86.98,100876.7
TWB14,Uvalde_2020_02,29.60214,-99.73007,436.7784,6/28/21,p,2021,04/23/2021 19:25 CDT,96060,30.22,22.91,0.575,9.035,76.04,100878.95
TWB14,Uvalde_2020_02,29.60214,-99.73007,436.7784,6/28/21,p,2021,04/23/2021 19:30 CDT,96062,30.15,23.38,0.44,9.035,52.61,100881.86
TWB14,Uvalde_2020_02,29.60214,-99.73007,436.7784,6/28/21,p,2021,04/23/2021 19:35 CDT,96063,29.84,24.97,1.06,9.035,29.32,100887.76
TWB14,Uvalde_2020_02,29.60214,-99.73007,436.7784,6/28/21,p,2021,04/23/2021 19:40 CDT,96064,29.4,24.76,0.75,9.035,26.96,100898.42
TWB14,Uvalde_2020_02,29.60214,-99.73007,436.7784,6/28/21,p,2021,04/23/2021 19:45 CDT,96063,29.17,27.06,0.355,9.035,22.8,100903.39
TWB14,Uvalde_2020_02,29.60214,-99.73007,436.7784,6/28/21,p,2021,04/23/2021 19:50 CDT,96064,28.79,29.18,0.105,9.035,19.52,100913.93
TWB14,Uvalde_2020_02,29.60214,-99.73007,436.7784,6/28/21,p,2021,04/23/2021 19:55 CDT,96061,28.21,32.18,0.04,9.035,16.69,100923.26
TWB14,Uvalde_2020_02,29.60214,-99.73007,436.7784,6/28/21,p,2021,04/23/2021 20:00 CDT,96052,27.39,33.46,0.02,9.035,13.66,100926.71
TWB14,Uvalde_2020_02,29.60214,-99.73007,436.7784,6/28/21,p,2021,04/23/2021 20:05 CDT,96048,26.63,32.58,0,9.035,10.19,100934.49
TWB14,Uvalde_2020_02,29.60214,-99.73007,436.7784,6/28/21,p,2021,04/23/2021 20:10 CDT,96052,25.93,34.47,0,9.035,7.43,100948.03
TWB14,Uvalde_2020_02,29.60214,-99.73007,436.7784,6/28/21,p,2021,04/23/2021 20:15 CDT,96063,25.15,39.6,0.145,9.035,5.37,100971.63
TWB14,Uvalde_2020_02,29.60214,-99.73007,436.7784,6/28/21,p,2021,04/23/2021 20:20 CDT,96069,24.32,41.96,0.075,9.035,3.84,100994.81
TWB14,Uvalde_2020_02,29.60214,-99.73007,436.7784,6/28/21,p,2021,04/23/2021 20:25 CDT,96074,23.58,42.8,0,9.035,3.25,101011.6
TWB14,Uvalde_2020_02,29.60214,-99.73007,436.7784,6/28/21,p,2021,04/23/2021 20:30 CDT,96082,23.2,42.97,0,9.035,2.73,101029.74
TWB14,Uvalde_2020_02,29.60214,-99.73007,436.7784,6/28/21,p,2021,04/23/2021 20:35 CDT,96090,22.59,47.69,0.03,9.035,2.23,101047.36
TWB14,Uvalde_2020_02,29.60214,-99.73007,436.7784,6/28/21,p,2021,04/23/2021 20:40 CDT,96099,21.87,48.51,0.11,9.035,1.9,101069.21
TWB14,Uvalde_2020_02,29.60214,-99.73007,436.7784,6/28/21,p,2021,04/23/2021 20:45 CDT,96110,21.33,49.92,0.03,9.035,1.95,101089.92
TWB14,Uvalde_2020_02,29.60214,-99.73007,436.7784,6/28/21,p,2021,04/23/2021 20:50 CDT,96123,20.7,52.36,0.055,9.035,1.49,101112.95
TWB14,Uvalde_2020_02,29.60214,-99.73007,436.7784,6/28/21,p,2021,04/23/2021 20:55 CDT,96145,20.16,53.51,0,9.035,1.61,101143.57
TWB14,Uvalde_2020_02,29.60214,-99.73007,436.7784,6/28/21,p,2021,04/23/2021 21:00 CDT,96157,19.69,55.06,0.085,9.035,1.51,101165.27
TWB14,Uvalde_2020_02,29.60214,-99.73007,436.7784,6/28/21,p,2021,04/23/2021 21:05 CDT,96167,19.41,54.96,0,9.035,1.82,101183.15
TWB14,Uvalde_2020_02,29.60214,-99.73007,436.7784,6/28/21,p,2021,04/23/2021 21:10 CDT,96176,18.95,56.75,0.155,9.035,0.95,101200.17
TWB14,Uvalde_2020_02,29.60214,-99.73007,436.7784,6/28/21,p,2021,04/23/2021 21:15 CDT,96189,18.43,58.44,0.275,9.035,1.06,101221.24
TWB14,Uvalde_2020_02,29.60214,-99.73007,436.7784,6/28/21,p,2021,04/23/2021 21:20 CDT,96191,18.23,58.85,0.015,9.035,1.52,101229.54
TWB14,Uvalde_2020_02,29.60214,-99.73007,436.7784,6/28/21,p,2021,04/23/2021 21:25 CDT,96192,18.23,59.83,0.2,9.035,1.23,101235.55
TWB14,Uvalde_2020_02,29.60214,-99.73007,436.7784,6/28/21,p,2021,04/23/2021 21:30 CDT,96199,17.87,63.11,0.81,9.035,0.03,101249.82
TWB14,Uvalde_2020_02,29.60214,-99.73007,436.7784,6/28/21,p,2021,04/23/2021 21:35 CDT,96216,17.74,63.44,0.715,9.035,0.4,101275.91
TWB14,Uvalde_2020_02,29.60214,-99.73007,436.7784,6/28/21,p,2021,04/23/2021 21:40 CDT,96232,17.72,63.65,0.94,9.035,0.02,101296.51
TWB14,Uvalde_2020_02,29.60214,-99.73007,436.7784,6/28/21,p,2021,04/23/2021 21:45 CDT,96244,17.74,62.51,0.41,9.035,0.57,101303.61
TWB14,Uvalde_2020_02,29.60214,-99.73007,436.7784,6/28/21,p,2021,04/23/2021 21:50 CDT,96261,17.57,62.58,0.705,9.035,0,101321.14
TWB14,Uvalde_2020_02,29.60214,-99.73007,436.7784,6/28/21,p,2021,04/23/2021 21:55 CDT,96285,17.37,64.21,0.19,9.035,0.11,101346.75
TWB14,Uvalde_2020_02,29.60214,-99.73007,436.7784,6/28/21,p,2021,04/23/2021 22:00 CDT,96301,17.12,64.95,0.14,9.035,0,101365.55
TWB14,Uvalde_2020_02,29.60214,-99.73007,436.7784,6/28/21,p,2021,04/23/2021 22:05 CDT,96318,17.03,65.69,0.195,9.035,0,101385.41
TWB14,Uvalde_2020_02,29.60214,-99.73007,436.7784,6/28/21,p,2021,04/23/2021 22:10 CDT,96329,16.84,65.56,0,9.035,0.65,101400.03
TWB14,Uvalde_2020_02,29.60214,-99.73007,436.7784,6/28/21,p,2021,04/23/2021 22:15 CDT,96341,16.65,67.55,0.015,9.035,1.46,101417.14
TWB14,Uvalde_2020_02,29.60214,-99.73007,436.7784,6/28/21,p,2021,04/23/2021 22:20 CDT,96361,16.34,68.37,0.13,9.035,0.49,101443.94
TWB14,Uvalde_2020_02,29.60214,-99.73007,436.7784,6/28/21,p,2021,04/23/2021 22:25 CDT,96377,15.92,69.48,0.01,9.035,0.91,101467.08
TWB14,Uvalde_2020_02,29.60214,-99.73007,436.7784,6/28/21,p,2021,04/23/2021 22:30 CDT,96389,15.63,70.7,0.04,9.035,0.56,101485.67
TWB14,Uvalde_2020_02,29.60214,-99.73007,436.7784,6/28/21,p,2021,04/23/2021 22:35 CDT,96403,15.58,70.91,0.44,9.035,0.18,101506.74
TWB14,Uvalde_2020_02,29.60214,-99.73007,436.7784,6/28/21,p,2021,04/23/2021 22:40 CDT,96410,15.68,70.71,0.185,9.035,0.38,101517.74
TWB14,Uvalde_2020_02,29.60214,-99.73007,436.7784,6/28/21,p,2021,04/23/2021 22:45 CDT,96412,15.25,72.73,0.32,9.035,0.33,101525.11
TWB14,Uvalde_2020_02,29.60214,-99.73007,436.7784,6/28/21,p,2021,04/23/2021 22:50 CDT,96425,15.05,71.42,0.375,9.035,0.24,101542.26
TWB14,Uvalde_2020_02,29.60214,-99.73007,436.7784,6/28/21,p,2021,04/23/2021 22:55 CDT,96427,15.06,73.65,0.31,9.035,0.45,101548.19
TWB14,Uvalde_2020_02,29.60214,-99.73007,436.7784,6/28/21,p,2021,04/23/2021 23:00 CDT,96439,14.95,74.77,0.46,9.035,0.4,101561.91
TWB14,Uvalde_2020_02,29.60214,-99.73007,436.7784,6/28/21,p,2021,04/23/2021 23:05 CDT,96451,14.92,72.92,0.44,9.035,0,101575.29
TWB14,Uvalde_2020_02,29.60214,-99.73007,436.7784,6/28/21,p,2021,04/23/2021 23:10 CDT,96465,14.36,74.51,0.175,9.035,0.06,101594.41
TWB14,Uvalde_2020_02,29.60214,-99.73007,436.7784,6/28/21,p,2021,04/23/2021 23:15 CDT,96486,13.77,75.19,0.965,9.035,0.28,101623.13
TWB14,Uvalde_2020_02,29.60214,-99.73007,436.7784,6/28/21,p,2021,04/23/2021 23:20 CDT,96499,13.43,76.57,0.54,9.035,0.48,101645.27
TWB14,Uvalde_2020_02,29.60214,-99.73007,436.7784,6/28/21,p,2021,04/23/2021 23:25 CDT,96503,13.46,79.78,1.1,9.035,0.17,101651.12
TWB14,Uvalde_2020_02,29.60214,-99.73007,436.7784,6/28/21,p,2021,04/23/2021 23:30 CDT,96504,13.56,80.3,1.025,9.035,0,101648.31
TWB14,Uvalde_2020_02,29.60214,-99.73007,436.7784,6/28/21,p,2021,04/23/2021 23:35 CDT,96515,13.7,78.3,0.745,9.035,0,101654.94
TWB14,Uvalde_2020_02,29.60214,-99.73007,436.7784,6/28/21,p,2021,04/23/2021 23:40 CDT,96529,13.89,77.49,0.645,9.035,0.02,101666.2
TWB14,Uvalde_2020_02,29.60214,-99.73007,436.7784,6/28/21,p,2021,04/23/2021 23:45 CDT,96545,14.07,76.61,0.905,9.035,0,101681.96
TWB14,Uvalde_2020_02,29.60214,-99.73007,436.7784,6/28/21,p,2021,04/23/2021 23:50 CDT,96558,14.05,77.05,0.935,9.035,0,101692.9
TWB14,Uvalde_2020_02,29.60214,-99.73007,436.7784,6/28/21,p,2021,04/23/2021 23:55 CDT,96575,13.96,77.28,1.17,9.035,0,101709.89
TWB14,Uvalde_2020_02,29.60214,-99.73007,436.7784,6/28/21,p,2021,04/24/2021 00:00 CDT,96587,13.96,76.68,0.675,9.035,0,101722.34
TWB14,Uvalde_2020_02,29.60214,-99.73007,436.7784,6/28/21,p,2021,04/24/2021 00:05 CDT,96601,13.74,77.63,0.04,9.035,0.36,101739.28
TWB14,Uvalde_2020_02,29.60214,-99.73007,436.7784,6/28/21,p,2021,04/24/2021 00:10 CDT,96606,13.59,78.14,0.1,9.035,0.42,101748.4
TWB14,Uvalde_2020_02,29.60214,-99.73007,436.7784,6/28/21,p,2021,04/24/2021 00:15 CDT,96616,13.41,79.62,0.05,9.035,0.38,101762.79
TWB14,Uvalde_2020_02,29.60214,-99.73007,436.7784,6/28/21,p,2021,04/24/2021 00:20 CDT,96626,13.44,79.25,0.315,9.035,0,101776.26
TWB14,Uvalde_2020_02,29.60214,-99.73007,436.7784,6/28/21,p,2021,04/24/2021 00:25 CDT,96641,13.42,79.79,0.05,9.035,0.29,101794.83
TWB14,Uvalde_2020_02,29.60214,-99.73007,436.7784,6/28/21,p,2021,04/24/2021 00:30 CDT,96645,13.25,80.9,0.04,9.035,0.61,101802.91
TWB14,Uvalde_2020_02,29.60214,-99.73007,436.7784,6/28/21,p,2021,04/24/2021 00:35 CDT,96646,13.03,81.4,0.075,9.035,0.47,101807.1
TWB14,Uvalde_2020_02,29.60214,-99.73007,436.7784,6/28/21,p,2021,04/24/2021 00:40 CDT,96647,12.88,81.5,0.085,9.035,0.65,101813.15
TWB14,Uvalde_2020_02,29.60214,-99.73007,436.7784,6/28/21,p,2021,04/24/2021 00:45 CDT,96645,12.77,83,0.27,9.035,0.27,101816.42
TWB14,Uvalde_2020_02,29.60214,-99.73007,436.7784,6/28/21,p,2021,04/24/2021 00:50 CDT,96646,12.53,84.9,0.09,9.035,0.48,101820.81
TWB14,Uvalde_2020_02,29.60214,-99.73007,436.7784,6/28/21,p,2021,04/24/2021 00:55 CDT,96648,12.53,84.1,0.44,9.035,0.27,101821.62
TWB14,Uvalde_2020_02,29.60214,-99.73007,436.7784,6/28/21,p,2021,04/24/2021 01:00 CDT,96650,12.46,85.1,0.56,9.035,0,101825.21
TWB14,Uvalde_2020_02,29.60214,-99.73007,436.7784,6/28/21,p,2021,04/24/2021 01:05 CDT,96651,12.39,84.9,0.18,9.035,0.13,101826.08
TWB14,Uvalde_2020_02,29.60214,-99.73007,436.7784,6/28/21,p,2021,04/24/2021 01:10 CDT,96660,12.34,84.8,0.41,9.035,0,101834.44
TWB14,Uvalde_2020_02,29.60214,-99.73007,436.7784,6/28/21,p,2021,04/24/2021 01:15 CDT,96652,12.3,83.4,0.82,9.035,0,101825.09
TWB14,Uvalde_2020_02,29.60214,-99.73007,436.7784,6/28/21,p,2021,04/24/2021 01:20 CDT,96651,12.27,81.7,0.86,9.035,0,101822
TWB14,Uvalde_2020_02,29.60214,-99.73007,436.7784,6/28/21,p,2021,04/24/2021 01:25 CDT,96650,12.15,81.6,0.62,9.035,0,101821.13
TWB14,Uvalde_2020_02,29.60214,-99.73007,436.7784,6/28/21,p,2021,04/24/2021 01:30 CDT,96648,12.1,80.9,0.9,9.035,0,101819.4
TWB14,Uvalde_2020_02,29.60214,-99.73007,436.7784,6/28/21,p,2021,04/24/2021 01:35 CDT,96651,12.03,80.7,0.78,9.035,0,101823.49
TWB14,Uvalde_2020_02,29.60214,-99.73007,436.7784,6/28/21,p,2021,04/24/2021 01:40 CDT,96654,11.8,81.5,0.1,9.035,0,101830.18
TWB14,Uvalde_2020_02,29.60214,-99.73007,436.7784,6/28/21,p,2021,04/24/2021 01:45 CDT,96661,11.6,82.6,0,9.035,0.69,101842.57
TWB14,Uvalde_2020_02,29.60214,-99.73007,436.7784,6/28/21,p,2021,04/24/2021 01:50 CDT,96670,11.29,83.6,0,9.035,0.79,101857.28
TWB14,Uvalde_2020_02,29.60214,-99.73007,436.7784,6/28/21,p,2021,04/24/2021 01:55 CDT,96677,10.96,84.9,0.195,9.035,0.33,101870.07
TWB14,Uvalde_2020_02,29.60214,-99.73007,436.7784,6/28/21,p,2021,04/24/2021 02:00 CDT,96678,10.63,86.1,0.295,9.035,0.15,101876.55
TWB14,Uvalde_2020_02,29.60214,-99.73007,436.7784,6/28/21,p,2021,04/24/2021 02:05 CDT,96681,10.48,86,0.1,9.035,0.57,101884.22
TWB14,Uvalde_2020_02,29.60214,-99.73007,436.7784,6/28/21,p,2021,04/24/2021 02:10 CDT,96685,10.08,87.3,0.3,9.035,0.33,101896.14
TWB14,Uvalde_2020_02,29.60214,-99.73007,436.7784,6/28/21,p,2021,04/24/2021 02:15 CDT,96691,9.83,87.1,0.67,9.035,0.68,101910.58
TWB14,Uvalde_2020_02,29.60214,-99.73007,436.7784,6/28/21,p,2021,04/24/2021 02:20 CDT,96690,9.48,87.7,0.41,9.035,0.4,101918.23
TWB14,Uvalde_2020_02,29.60214,-99.73007,436.7784,6/28/21,p,2021,04/24/2021 02:25 CDT,96689,9.28,87.6,0.31,9.035,0.38,101922.49
TWB14,Uvalde_2020_02,29.60214,-99.73007,436.7784,6/28/21,p,2021,04/24/2021 02:30 CDT,96690,9.25,88.3,0.485,9.035,0,101927.34
TWB14,Uvalde_2020_02,29.60214,-99.73007,436.7784,6/28/21,p,2021,04/24/2021 02:35 CDT,96689,9.09,88.9,0.71,9.035,0.12,101931.43
TWB14,Uvalde_2020_02,29.60214,-99.73007,436.7784,6/28/21,p,2021,04/24/2021 02:40 CDT,96680,9.08,90.6,1.14,9.035,0,101926.33
TWB14,Uvalde_2020_02,29.60214,-99.73007,436.7784,6/28/21,p,2021,04/24/2021 02:45 CDT,96678,9.02,89.7,0.69,9.035,0,101921.74
TWB14,Uvalde_2020_02,29.60214,-99.73007,436.7784,6/28/21,p,2021,04/24/2021 02:50 CDT,96676,8.89,91,0.095,9.035,0.3,101921.15
TWB14,Uvalde_2020_02,29.60214,-99.73007,436.7784,6/28/21,p,2021,04/24/2021 02:55 CDT,96674,8.84,91.6,0.195,9.035,0.29,101917.9
TWB14,Uvalde_2020_02,29.60214,-99.73007,436.7784,6/28/21,p,2021,04/24/2021 03:00 CDT,96674,8.62,91.2,0.275,9.035,0,101919.23
TWB14,Uvalde_2020_02,29.60214,-99.73007,436.7784,6/28/21,p,2021,04/24/2021 03:05 CDT,96677,8.51,91.5,0.125,9.035,0,101925.26
TWB14,Uvalde_2020_02,29.60214,-99.73007,436.7784,6/28/21,p,2021,04/24/2021 03:10 CDT,96675,8.36,92.4,0.28,9.035,0,101926.02
TWB14,Uvalde_2020_02,29.60214,-99.73007,436.7784,6/28/21,p,2021,04/24/2021 03:15 CDT,96676,8.3,93.6,0.39,9.035,0,101926.69
TWB14,Uvalde_2020_02,29.60214,-99.73007,436.7784,6/28/21,p,2021,04/24/2021 03:20 CDT,96683,8.28,93.8,0.865,9.035,0,101931.58
TWB14,Uvalde_2020_02,29.60214,-99.73007,436.7784,6/28/21,p,2021,04/24/2021 03:25 CDT,96692,8.3,92.8,1.03,9.035,0,101939.73
TWB14,Uvalde_2020_02,29.60214,-99.73007,436.7784,6/28/21,p,2021,04/24/2021 03:30 CDT,96692,8.25,92.4,1.145,9.035,0,101941.26
TWB14,Uvalde_2020_02,29.60214,-99.73007,436.7784,6/28/21,p,2021,04/24/2021 03:35 CDT,96690,8.23,92.9,1.15,9.035,0,101938.77
TWB14,Uvalde_2020_02,29.60214,-99.73007,436.7784,6/28/21,p,2021,04/24/2021 03:40 CDT,96690,8.21,92.8,1.08,9.035,0,101938.01
TWB14,Uvalde_2020_02,29.60214,-99.73007,436.7784,6/28/21,p,2021,04/24/2021 03:45 CDT,96687,8.21,92.5,0.965,9.035,0,101934.65
TWB14,Uvalde_2020_02,29.60214,-99.73007,436.7784,6/28/21,p,2021,04/24/2021 03:50 CDT,96684,8.15,92.1,1.035,9.035,0,101931.49
TWB14,Uvalde_2020_02,29.60214,-99.73007,436.7784,6/28/21,p,2021,04/24/2021 03:55 CDT,96683,8.18,91.8,0.755,9.035,0,101930.63
TWB14,Uvalde_2020_02,29.60214,-99.73007,436.7784,6/28/21,p,2021,04/24/2021 04:00 CDT,96694,8.16,92,0.135,9.035,0,101942.8
TWB14,Uvalde_2020_02,29.60214,-99.73007,436.7784,6/28/21,p,2021,04/24/2021 04:05 CDT,96702,8.13,92,0.06,9.035,0,101952.57
TWB14,Uvalde_2020_02,29.60214,-99.73007,436.7784,6/28/21,p,2021,04/24/2021 04:10 CDT,96702,8.14,92.6,0.105,9.035,0,101954.87
TWB14,Uvalde_2020_02,29.60214,-99.73007,436.7784,6/28/21,p,2021,04/24/2021 04:15 CDT,96706,8.09,92.7,0.25,9.035,0,101960.61
TWB14,Uvalde_2020_02,29.60214,-99.73007,436.7784,6/28/21,p,2021,04/24/2021 04:20 CDT,96715,7.77,92.5,0.29,9.035,0,101972.21
TWB14,Uvalde_2020_02,29.60214,-99.73007,436.7784,6/28/21,p,2021,04/24/2021 04:25 CDT,96720,7.47,92.3,0.305,9.035,0.27,101982.09
TWB14,Uvalde_2020_02,29.60214,-99.73007,436.7784,6/28/21,p,2021,04/24/2021 04:30 CDT,96723,7.15,90.6,0.205,9.035,0.93,101991.99
TWB14,Uvalde_2020_02,29.60214,-99.73007,436.7784,6/28/21,p,2021,04/24/2021 04:35 CDT,96727,6.79,91.7,0.495,9.035,0.76,102005.07
TWB14,Uvalde_2020_02,29.60214,-99.73007,436.7784,6/28/21,p,2021,04/24/2021 04:40 CDT,96732,6.7,92.2,0.415,9.035,0.22,102015.17
TWB14,Uvalde_2020_02,29.60214,-99.73007,436.7784,6/28/21,p,2021,04/24/2021 04:45 CDT,96742,6.58,91.9,0.04,9.035,0.66,102028.82
TWB14,Uvalde_2020_02,29.60214,-99.73007,436.7784,6/28/21,p,2021,04/24/2021 04:50 CDT,96743,6.54,93.5,0.255,9.035,0.18,102032.78
TWB14,Uvalde_2020_02,29.60214,-99.73007,436.7784,6/28/21,p,2021,04/24/2021 04:55 CDT,96745,6.69,93.1,0.44,9.035,0,102033.53
TWB14,Uvalde_2020_02,29.60214,-99.73007,436.7784,6/28/21,p,2021,04/24/2021 05:00 CDT,96755,6.58,93.6,0.37,9.035,0,102046.21
TWB14,Uvalde_2020_02,29.60214,-99.73007,436.7784,6/28/21,p,2021,04/24/2021 05:05 CDT,96756,6.65,94.9,0.985,9.035,0,102044.35
TWB14,Uvalde_2020_02,29.60214,-99.73007,436.7784,6/28/21,p,2021,04/24/2021 05:10 CDT,96757,6.82,92.6,1.04,9.035,0,102038.06
TWB14,Uvalde_2020_02,29.60214,-99.73007,436.7784,6/28/21,p,2021,04/24/2021 05:15 CDT,96759,6.63,92.4,0.88,9.035,0,102040.75
TWB14,Uvalde_2020_02,29.60214,-99.73007,436.7784,6/28/21,p,2021,04/24/2021 05:20 CDT,96771,6.55,92,0.545,9.035,0,102054.18
TWB14,Uvalde_2020_02,29.60214,-99.73007,436.7784,6/28/21,p,2021,04/24/2021 05:25 CDT,96778,6.53,91.8,0.335,9.035,0.03,102062.33
TWB14,Uvalde_2020_02,29.60214,-99.73007,436.7784,6/28/21,p,2021,04/24/2021 05:30 CDT,96781,6.51,91.8,0.455,9.035,0,102066.85
TWB14,Uvalde_2020_02,29.60214,-99.73007,436.7784,6/28/21,p,2021,04/24/2021 05:35 CDT,96793,6.45,92.2,0.1,9.035,0,102081.06
TWB14,Uvalde_2020_02,29.60214,-99.73007,436.7784,6/28/21,p,2021,04/24/2021 05:40 CDT,96798,6.43,92.1,0.345,9.035,0,102087.49
TWB14,Uvalde_2020_02,29.60214,-99.73007,436.7784,6/28/21,p,2021,04/24/2021 05:45 CDT,96811,6.39,91,0.75,9.035,0.02,102104.89
TWB14,Uvalde_2020_02,29.60214,-99.73007,436.7784,6/28/21,p,2021,04/24/2021 05:50 CDT,96818,6.22,92.3,0.81,9.035,0.03,102117.52
TWB14,Uvalde_2020_02,29.60214,-99.73007,436.7784,6/28/21,p,2021,04/24/2021 05:55 CDT,96819,6.13,91.2,0.305,9.035,0.1,102120.33
TWB14,Uvalde_2020_02,29.60214,-99.73007,436.7784,6/28/21,p,2021,04/24/2021 06:00 CDT,96817,5.9,92.6,0.035,9.035,0.38,102122.69
TWB14,Uvalde_2020_02,29.60214,-99.73007,436.7784,6/28/21,p,2021,04/24/2021 06:05 CDT,96822,5.82,92.2,0.375,9.035,0.04,102128.36
TWB14,Uvalde_2020_02,29.60214,-99.73007,436.7784,6/28/21,p,2021,04/24/2021 06:10 CDT,96826,5.71,92.3,0.685,9.035,0,102136.48
TWB14,Uvalde_2020_02,29.60214,-99.73007,436.7784,6/28/21,p,2021,04/24/2021 06:15 CDT,96835,5.64,93.7,0.445,9.035,0,102147.54
TWB14,Uvalde_2020_02,29.60214,-99.73007,436.7784,6/28/21,p,2021,04/24/2021 06:20 CDT,96851,5.69,93,0.815,9.035,0,102162.07
TWB14,Uvalde_2020_02,29.60214,-99.73007,436.7784,6/28/21,p,2021,04/24/2021 06:25 CDT,96864,5.61,93.8,0.79,9.035,0,102178.13
TWB14,Uvalde_2020_02,29.60214,-99.73007,436.7784,6/28/21,p,2021,04/24/2021 06:30 CDT,96876,5.5,92.7,0.555,9.035,0.02,102190.98
TWB14,Uvalde_2020_02,29.60214,-99.73007,436.7784,6/28/21,p,2021,04/24/2021 06:35 CDT,96877,5.38,93.9,0.3,9.035,0,102193.99
TWB14,Uvalde_2020_02,29.60214,-99.73007,436.7784,6/28/21,p,2021,04/24/2021 06:40 CDT,96887,5.44,94.2,0.59,9.035,0,102201.61
TWB14,Uvalde_2020_02,29.60214,-99.73007,436.7784,6/28/21,p,2021,04/24/2021 06:45 CDT,96888,5.45,93.8,0.815,9.035,0,102201.49
TWB14,Uvalde_2020_02,29.60214,-99.73007,436.7784,6/28/21,p,2021,04/24/2021 06:50 CDT,96887,5.43,93.1,0.53,9.035,0,102199.46
TWB14,Uvalde_2020_02,29.60214,-99.73007,436.7784,6/28/21,p,2021,04/24/2021 06:55 CDT,96890,5.38,93.2,0.77,9.035,0.03,102203.79
TWB14,Uvalde_2020_02,29.60214,-99.73007,436.7784,6/28/21,p,2021,04/24/2021 07:00 CDT,96898,5.34,93,0.44,9.035,0.32,102211.65
TWB14,Uvalde_2020_02,29.60214,-99.73007,436.7784,6/28/21,p,2021,04/24/2021 07:05 CDT,96904,5.27,92.6,0.23,9.035,2.41,102218.76
TWB14,Uvalde_2020_02,29.60214,-99.73007,436.7784,6/28/21,p,2021,04/24/2021 07:10 CDT,96911,5.24,93.1,0.25,9.035,4.4,102227.32
TWB14,Uvalde_2020_02,29.60214,-99.73007,436.7784,6/28/21,p,2021,04/24/2021 07:15 CDT,96920,5.25,93.2,0.375,9.035,6.89,102236.61
TWB14,Uvalde_2020_02,29.60214,-99.73007,436.7784,6/28/21,p,2021,04/24/2021 07:20 CDT,96931,5.26,92.6,0.215,9.035,9.8,102248.02
TWB14,Uvalde_2020_02,29.60214,-99.73007,436.7784,6/28/21,p,2021,04/24/2021 07:25 CDT,96931,5.25,93.5,0.715,9.035,11.82,102248.8
TWB14,Uvalde_2020_02,29.60214,-99.73007,436.7784,6/28/21,p,2021,04/24/2021 07:30 CDT,96935,5.31,92.7,0.785,9.035,14.45,102251.46
TWB14,Uvalde_2020_02,29.60214,-99.73007,436.7784,6/28/21,p,2021,04/24/2021 07:35 CDT,96943,5.31,93.1,0.465,9.035,18.26,102259.9
TWB14,Uvalde_2020_02,29.60214,-99.73007,436.7784,6/28/21,p,2021,04/24/2021 07:40 CDT,96949,5.42,92.9,0.63,9.035,20.88,102264.47
TWB14,Uvalde_2020_02,29.60214,-99.73007,436.7784,6/28/21,p,2021,04/24/2021 07:45 CDT,96955,5.66,92.4,0.74,9.035,32.46,102267.48
TWB14,Uvalde_2020_02,29.60214,-99.73007,436.7784,6/28/21,p,2021,04/24/2021 07:50 CDT,96959,5.92,91.9,0.77,9.035,76.56,102267.99
TWB14,Uvalde_2020_02,29.60214,-99.73007,436.7784,6/28/21,p,2021,04/24/2021 07:55 CDT,96970,6.29,90.5,0.51,9.035,92.87,102272.59
TWB14,Uvalde_2020_02,29.60214,-99.73007,436.7784,6/28/21,p,2021,04/24/2021 08:00 CDT,96976,6.77,89.4,0.255,9.035,108.15,102270.38
TWB14,Uvalde_2020_02,29.60214,-99.73007,436.7784,6/28/21,p,2021,04/24/2021 08:05 CDT,96985,7.27,87.4,0.12,9.035,122.97,102269.23
TWB14,Uvalde_2020_02,29.60214,-99.73007,436.7784,6/28/21,p,2021,04/24/2021 08:10 CDT,96991,7.86,85.3,0.09,9.035,138.36,102264.58
TWB14,Uvalde_2020_02,29.60214,-99.73007,436.7784,6/28/21,p,2021,04/24/2021 08:15 CDT,97004,8.45,81,0.245,9.035,154.81,102266.79
TWB14,Uvalde_2020_02,29.60214,-99.73007,436.7784,6/28/21,p,2021,04/24/2021 08:20 CDT,97034,8.77,80.6,1.21,9.035,174.01,102289.24
TWB14,Uvalde_2020_02,29.60214,-99.73007,436.7784,6/28/21,p,2021,04/24/2021 08:25 CDT,97048,9.11,75.97,1.695,9.035,180.78,102295.24
TWB14,Uvalde_2020_02,29.60214,-99.73007,436.7784,6/28/21,p,2021,04/24/2021 08:30 CDT,97053,9.66,73.33,1.745,9.035,182.16,102289.13
TWB14,Uvalde_2020_02,29.60214,-99.73007,436.7784,6/28/21,p,2021,04/24/2021 08:35 CDT,97060,10.26,74.19,1.88,9.035,192.13,102284.6
TWB14,Uvalde_2020_02,29.60214,-99.73007,436.7784,6/28/21,p,2021,04/24/2021 08:40 CDT,97059,10.9,70.37,1.69,9.035,204.08,102272.08
TWB14,Uvalde_2020_02,29.60214,-99.73007,436.7784,6/28/21,p,2021,04/24/2021 08:45 CDT,97071,11.84,67.97,1.065,9.035,214.05,102268.63
TWB14,Uvalde_2020_02,29.60214,-99.73007,436.7784,6/28/21,p,2021,04/24/2021 08:50 CDT,97077,12.96,57.49,0.975,9.035,224.2,102258.43
TWB14,Uvalde_2020_02,29.60214,-99.73007,436.7784,6/28/21,p,2021,04/24/2021 08:55 CDT,97077,14.12,50.76,1.655,9.035,241.2,102235.75
TWB14,Uvalde_2020_02,29.60214,-99.73007,436.7784,6/28/21,p,2021,04/24/2021 09:00 CDT,97072,15.23,49.67,1.67,9.035,255.93,102209.07
TWB14,Uvalde_2020_02,29.60214,-99.73007,436.7784,6/28/21,p,2021,04/24/2021 09:05 CDT,97066,16.23,43.39,1.435,9.035,272.6,102184.08
TWB14,Uvalde_2020_02,29.60214,-99.73007,436.7784,6/28/21,p,2021,04/24/2021 09:10 CDT,97069,17.21,39.5,1.725,9.035,290.47,102169.58
TWB14,Uvalde_2020_02,29.60214,-99.73007,436.7784,6/28/21,p,2021,04/24/2021 09:15 CDT,97066,18.63,31.19,2.78,9.035,310.68,102141.61
TWB14,Uvalde_2020_02,29.60214,-99.73007,436.7784,6/28/21,p,2021,04/24/2021 09:20 CDT,97060,19.43,31.25,2.945,9.035,327.98,102117.21
TWB14,Uvalde_2020_02,29.60214,-99.73007,436.7784,6/28/21,p,2021,04/24/2021 09:25 CDT,97056,19.81,29.49,3.58,9.035,345.9,102103.32
TWB14,Uvalde_2020_02,29.60214,-99.73007,436.7784,6/28/21,p,2021,04/24/2021 09:30 CDT,97053,20,31.92,3.61,9.035,361.63,102095.4
TWB14,Uvalde_2020_02,29.60214,-99.73007,436.7784,6/28/21,p,2021,04/24/2021 09:35 CDT,97058,20.33,32.49,3.52,9.035,375.15,102094.86
TWB14,Uvalde_2020_02,29.60214,-99.73007,436.7784,6/28/21,p,2021,04/24/2021 09:40 CDT,97069,20.59,31.34,3.755,9.035,387.65,102101.89
TWB14,Uvalde_2020_02,29.60214,-99.73007,436.7784,6/28/21,p,2021,04/24/2021 09:45 CDT,97068,20.99,29.18,2.97,9.035,398.23,102093.86
TWB14,Uvalde_2020_02,29.60214,-99.73007,436.7784,6/28/21,p,2021,04/24/2021 09:50 CDT,97064,21.07,32.68,3.81,9.035,419.98,102085.27
TWB14,Uvalde_2020_02,29.60214,-99.73007,436.7784,6/28/21,p,2021,04/24/2021 09:55 CDT,97063,21.1,31.84,4.025,9.035,433.9,102084.05
TWB14,Uvalde_2020_02,29.60214,-99.73007,436.7784,6/28/21,p,2021,04/24/2021 10:00 CDT,97064,21.3,33.72,3.82,9.035,443.09,102082.13
TWB14,Uvalde_2020_02,29.60214,-99.73007,436.7784,6/28/21,p,2021,04/24/2021 10:05 CDT,97062,21.61,33.01,3.41,9.035,454.59,102075.52
TWB14,Uvalde_2020_02,29.60214,-99.73007,436.7784,6/28/21,p,2021,04/24/2021 10:10 CDT,97062,21.89,32.47,3.775,9.035,469.15,102069.1
TWB14,Uvalde_2020_02,29.60214,-99.73007,436.7784,6/28/21,p,2021,04/24/2021 10:15 CDT,97065,22.14,34.05,3.09,9.035,478.36,102068.44
TWB14,Uvalde_2020_02,29.60214,-99.73007,436.7784,6/28/21,p,2021,04/24/2021 10:20 CDT,97064,22.73,32.36,2.645,9.035,482.83,102058.42
TWB14,Uvalde_2020_02,29.60214,-99.73007,436.7784,6/28/21,p,2021,04/24/2021 10:25 CDT,97066,22.95,33.8,2.91,9.035,502.55,102054.49
TWB14,Uvalde_2020_02,29.60214,-99.73007,436.7784,6/28/21,p,2021,04/24/2021 10:30 CDT,97069,23.24,33.7,2.905,9.035,514.26,102051.8
TWB14,Uvalde_2020_02,29.60214,-99.73007,436.7784,6/28/21,p,2021,04/24/2021 10:35 CDT,97073,23.42,33.09,3.705,9.035,529.01,102053.61
TWB14,Uvalde_2020_02,29.60214,-99.73007,436.7784,6/28/21,p,2021,04/24/2021 10:40 CDT,97074,23.6,32.28,3.235,9.035,534.81,102051.59
TWB14,Uvalde_2020_02,29.60214,-99.73007,436.7784,6/28/21,p,2021,04/24/2021 10:45 CDT,97081,23.67,31.6,3.36,9.035,550.36,102057.75
TWB14,Uvalde_2020_02,29.60214,-99.73007,436.7784,6/28/21,p,2021,04/24/2021 10:50 CDT,97085,23.95,30.83,3.34,9.035,562.34,102057.69
TWB14,Uvalde_2020_02,29.60214,-99.73007,436.7784,6/28/21,p,2021,04/24/2021 10:55 CDT,97088,23.97,30.22,3.97,9.035,578.46,102058.8
TWB14,Uvalde_2020_02,29.60214,-99.73007,436.7784,6/28/21,p,2021,04/24/2021 11:00 CDT,97085,24.07,30.25,3.785,9.035,590.1,102054.62
TWB14,Uvalde_2020_02,29.60214,-99.73007,436.7784,6/28/21,p,2021,04/24/2021 11:05 CDT,97090,24.31,30.28,3.91,9.035,601.82,102055.79
TWB14,Uvalde_2020_02,29.60214,-99.73007,436.7784,6/28/21,p,2021,04/24/2021 11:10 CDT,97096,24.56,29.06,3.175,9.035,603.84,102057.85
TWB14,Uvalde_2020_02,29.60214,-99.73007,436.7784,6/28/21,p,2021,04/24/2021 11:15 CDT,97104,24.52,29.8,3.045,9.035,614.72,102065.74
TWB14,Uvalde_2020_02,29.60214,-99.73007,436.7784,6/28/21,p,2021,04/24/2021 11:20 CDT,97108,24.55,30.61,2.705,9.035,617.41,102069.26
TWB14,Uvalde_2020_02,29.60214,-99.73007,436.7784,6/28/21,p,2021,04/24/2021 11:25 CDT,97101,24.79,29.94,2.6,9.035,629.34,102060.04
TWB14,Uvalde_2020_02,29.60214,-99.73007,436.7784,6/28/21,p,2021,04/24/2021 11:30 CDT,97103,25.05,29.26,4.02,9.035,650.2,102056.72
TWB14,Uvalde_2020_02,29.60214,-99.73007,436.7784,6/28/21,p,2021,04/24/2021 11:35 CDT,97096,25.13,29.56,3.505,9.035,652.93,102045.12
TWB14,Uvalde_2020_02,29.60214,-99.73007,436.7784,6/28/21,p,2021,04/24/2021 11:40 CDT,97098,25.28,28.55,3.38,9.035,660.5,102046.39
TWB14,Uvalde_2020_02,29.60214,-99.73007,436.7784,6/28/21,p,2021,04/24/2021 11:45 CDT,97106,25.66,27.24,3.69,9.035,668.31,102047.55
TWB14,Uvalde_2020_02,29.60214,-99.73007,436.7784,6/28/21,p,2021,04/24/2021 11:50 CDT,97107,25.76,26.83,3.675,9.035,677.58,102046.91
TWB14,Uvalde_2020_02,29.60214,-99.73007,436.7784,6/28/21,p,2021,04/24/2021 11:55 CDT,97107,25.77,25.25,5.07,9.035,694.93,102045.92
TWB14,Uvalde_2020_02,29.60214,-99.73007,436.7784,6/28/21,p,2021,04/24/2021 12:00 CDT,97103,26.31,25.01,3.305,9.035,658.01,102034.15
TWB14,Uvalde_2020_02,29.60214,-99.73007,436.7784,6/28/21,p,2021,04/24/2021 12:05 CDT,97106,26.1,26.12,4.915,9.035,709.97,102037.29
TWB14,Uvalde_2020_02,29.60214,-99.73007,436.7784,6/28/21,p,2021,04/24/2021 12:10 CDT,97101,26.21,24.94,4.345,9.035,709.72,102033.05
TWB14,Uvalde_2020_02,29.60214,-99.73007,436.7784,6/28/21,p,2021,04/24/2021 12:15 CDT,97098,26.45,25.04,4.415,9.035,717.05,102026.04
TWB14,Uvalde_2020_02,29.60214,-99.73007,436.7784,6/28/21,p,2021,04/24/2021 12:20 CDT,97084,26.47,23.39,4.715,9.035,723.44,102010.17
TWB14,Uvalde_2020_02,29.60214,-99.73007,436.7784,6/28/21,p,2021,04/24/2021 12:25 CDT,97082,26.66,23.46,4.985,9.035,734.26,102005.39
TWB14,Uvalde_2020_02,29.60214,-99.73007,436.7784,6/28/21,p,2021,04/24/2021 12:30 CDT,97082,26.76,21.91,4.17,9.035,731.14,102002.89
TWB14,Uvalde_2020_02,29.60214,-99.73007,436.7784,6/28/21,p,2021,04/24/2021 12:35 CDT,97078,26.7,22.21,5.125,10.45,747.45,101999.02
TWB14,Uvalde_2020_02,29.60214,-99.73007,436.7784,6/28/21,p,2021,04/24/2021 12:40 CDT,97089,26.89,21.87,5.585,9.7,748.11,102009.75
TWB14,Uvalde_2020_02,29.60214,-99.73007,436.7784,6/28/21,p,2021,04/24/2021 12:45 CDT,97072,27.28,20.36,4.17,9.7,742.81,101985.72
TWB14,Uvalde_2020_02,29.60214,-99.73007,436.7784,6/28/21,p,2021,04/24/2021 12:50 CDT,97067,27.64,19.65,4.39,9.7,749.78,101973.32
TWB14,Uvalde_2020_02,29.60214,-99.73007,436.7784,6/28/21,p,2021,04/24/2021 12:55 CDT,97062,27.75,18.64,4.125,9.7,753.37,101966.41
TWB14,Uvalde_2020_02,29.60214,-99.73007,436.7784,6/28/21,p,2021,04/24/2021 13:00 CDT,97043,27.71,19.34,5.38,9.7,767.32,101944.78
TWB14,Uvalde_2020_02,29.60214,-99.73007,436.7784,6/28/21,p,2021,04/24/2021 13:05 CDT,97036,28.29,19.11,3.595,9.7,753.77,101929.48
TWB14,Uvalde_2020_02,29.60214,-99.73007,436.7784,6/28/21,p,2021,04/24/2021 13:10 CDT,97030,28.01,18.64,4.5,9.7,764.57,101925.33
TWB14,Uvalde_2020_02,29.60214,-99.73007,436.7784,6/28/21,p,2021,04/24/2021 13:15 CDT,97024,28.09,17.42,3.835,9.7,759.32,101919.87
TWB14,Uvalde_2020_02,29.60214,-99.73007,436.7784,6/28/21,p,2021,04/24/2021 13:20 CDT,97027,28.09,18.43,4.13,9.7,769.55,101922.35
TWB14,Uvalde_2020_02,29.60214,-99.73007,436.7784,6/28/21,p,2021,04/24/2021 13:25 CDT,97020,28.54,17.19,3.32,9.7,764.66,101909.88
TWB14,Uvalde_2020_02,29.60214,-99.73007,436.7784,6/28/21,p,2021,04/24/2021 13:30 CDT,97009,28.68,16.78,3.905,9.7,765,101894.37
TWB14,Uvalde_2020_02,29.60214,-99.73007,436.7784,6/28/21,p,2021,04/24/2021 13:35 CDT,97007,29.06,17.63,3.2,9.7,765.23,101883.2
TWB14,Uvalde_2020_02,29.60214,-99.73007,436.7784,6/28/21,p,2021,04/24/2021 13:40 CDT,97007,29.01,16.78,3.525,9.7,771.9,101885.68
TWB14,Uvalde_2020_02,29.60214,-99.73007,436.7784,6/28/21,p,2021,04/24/2021 13:45 CDT,97006,29.21,15.81,2.885,9.7,765.12,101882.01
TWB14,Uvalde_2020_02,29.60214,-99.73007,436.7784,6/28/21,p,2021,04/24/2021 13:50 CDT,96995,29.11,15.94,3.3,9.7,769.57,101872.1
TWB14,Uvalde_2020_02,29.60214,-99.73007,436.7784,6/28/21,p,2021,04/24/2021 13:55 CDT,96996,29.45,14.19,4.115,9.7,773.42,101867.25
TWB14,Uvalde_2020_02,29.60214,-99.73007,436.7784,6/28/21,p,2021,04/24/2021 14:00 CDT,96991,29.37,15.07,3.79,9.7,766.39,101863.96
TWB14,Uvalde_2020_02,29.60214,-99.73007,436.7784,6/28/21,p,2021,04/24/2021 14:05 CDT,96985,29.42,14.29,3.605,9.7,762.4,101855.7
TWB14,Uvalde_2020_02,29.60214,-99.73007,436.7784,6/28/21,p,2021,04/24/2021 14:10 CDT,96984,29.36,14.32,3.355,9.7,765.49,101854.16
TWB14,Uvalde_2020_02,29.60214,-99.73007,436.7784,6/28/21,p,2021,04/24/2021 14:15 CDT,96964,29.65,15.1,2.36,9.7,747.36,101831.34
TWB14,Uvalde_2020_02,29.60214,-99.73007,436.7784,6/28/21,p,2021,04/24/2021 14:20 CDT,96962,30.19,14.93,4.155,9.7,764.09,101817.31
TWB14,Uvalde_2020_02,29.60214,-99.73007,436.7784,6/28/21,p,2021,04/24/2021 14:25 CDT,96962,29.79,13.85,4.3,8.615,762.94,101825.65
TWB14,Uvalde_2020_02,29.60214,-99.73007,436.7784,6/28/21,p,2021,04/24/2021 14:30 CDT,96957,29.53,15.77,2.96,8.615,750.15,101824.64
TWB14,Uvalde_2020_02,29.60214,-99.73007,436.7784,6/28/21,p,2021,04/24/2021 14:35 CDT,96945,29.57,14.53,2.52,8.615,734.34,101814.18
TWB14,Uvalde_2020_02,29.60214,-99.73007,436.7784,6/28/21,p,2021,04/24/2021 14:40 CDT,96947,29.79,15.03,4.785,8.615,752.78,101810.87
TWB14,Uvalde_2020_02,29.60214,-99.73007,436.7784,6/28/21,p,2021,04/24/2021 14:45 CDT,96943,29.58,14.36,4.66,8.615,746.56,101808.64
TWB14,Uvalde_2020_02,29.60214,-99.73007,436.7784,6/28/21,p,2021,04/24/2021 14:50 CDT,96936,29.73,13.52,4.785,8.615,737.73,101799.99
TWB14,Uvalde_2020_02,29.60214,-99.73007,436.7784,6/28/21,p,2021,04/24/2021 14:55 CDT,96917,29.87,13.42,4.17,10.265,725.09,101778.4
TWB14,Uvalde_2020_02,29.60214,-99.73007,436.7784,6/28/21,p,2021,04/24/2021 15:00 CDT,96923,30.18,13.08,4.585,10.015,725.5,101779.48
TWB14,Uvalde_2020_02,29.60214,-99.73007,436.7784,6/28/21,p,2021,04/24/2021 15:05 CDT,96918,29.74,13.65,3.805,10.015,721.77,101779.12
TWB14,Uvalde_2020_02,29.60214,-99.73007,436.7784,6/28/21,p,2021,04/24/2021 15:10 CDT,96909,30.24,12.17,4.185,10.015,709.78,101766.91
TWB14,Uvalde_2020_02,29.60214,-99.73007,436.7784,6/28/21,p,2021,04/24/2021 15:15 CDT,96907,30.07,13.45,3.9,10.015,711.54,101760.56
TWB14,Uvalde_2020_02,29.60214,-99.73007,436.7784,6/28/21,p,2021,04/24/2021 15:20 CDT,96891,30.15,13.08,3.645,10.015,693.25,101746.37
TWB14,Uvalde_2020_02,29.60214,-99.73007,436.7784,6/28/21,p,2021,04/24/2021 15:25 CDT,96896,30.27,12.5,5.525,10.1,703.86,101749.02
TWB14,Uvalde_2020_02,29.60214,-99.73007,436.7784,6/28/21,p,2021,04/24/2021 15:30 CDT,96892,30.33,12.87,3.19,10.1,681.36,101745.14
TWB14,Uvalde_2020_02,29.60214,-99.73007,436.7784,6/28/21,p,2021,04/24/2021 15:35 CDT,96888,30.43,13.18,3.205,10.1,668.57,101739.63
TWB14,Uvalde_2020_02,29.60214,-99.73007,436.7784,6/28/21,p,2021,04/24/2021 15:40 CDT,96881,30.59,12.3,3.075,10.1,663.87,101727.25
TWB14,Uvalde_2020_02,29.60214,-99.73007,436.7784,6/28/21,p,2021,04/24/2021 15:45 CDT,96878,31.05,11.19,5.05,10.1,670.61,101717.94
TWB14,Uvalde_2020_02,29.60214,-99.73007,436.7784,6/28/21,p,2021,04/24/2021 15:50 CDT,96875,30.77,10.59,3.72,9.2,652.9,101719.99
TWB14,Uvalde_2020_02,29.60214,-99.73007,436.7784,6/28/21,p,2021,04/24/2021 15:55 CDT,96865,30.99,10.62,2.89,9.2,637.11,101705.76
TWB14,Uvalde_2020_02,29.60214,-99.73007,436.7784,6/28/21,p,2021,04/24/2021 16:00 CDT,96862,31,10.89,5.12,9.785,644.33,101701.79
TWB14,Uvalde_2020_02,29.60214,-99.73007,436.7784,6/28/21,p,2021,04/24/2021 16:05 CDT,96855,30.63,11.29,4.235,9.785,629.46,101700.93
TWB14,Uvalde_2020_02,29.60214,-99.73007,436.7784,6/28/21,p,2021,04/24/2021 16:10 CDT,96839,30.79,10.82,4.74,9.785,619.76,101682.84
TWB14,Uvalde_2020_02,29.60214,-99.73007,436.7784,6/28/21,p,2021,04/24/2021 16:15 CDT,96841,30.98,10.25,5.11,10.91,613.77,101680.89
TWB14,Uvalde_2020_02,29.60214,-99.73007,436.7784,6/28/21,p,2021,04/24/2021 16:20 CDT,96835,30.64,11.56,3.795,10.91,596.44,101678.79
TWB14,Uvalde_2020_02,29.60214,-99.73007,436.7784,6/28/21,p,2021,04/24/2021 16:25 CDT,96833,30.9,10.89,4.32,10.91,582.71,101675.56
TWB14,Uvalde_2020_02,29.60214,-99.73007,436.7784,6/28/21,p,2021,04/24/2021 16:30 CDT,96830,30.67,10.99,3.085,10.91,568.79,101674.68
TWB14,Uvalde_2020_02,29.60214,-99.73007,436.7784,6/28/21,p,2021,04/24/2021 16:35 CDT,96822,30.91,10.25,3.24,10.91,554.42,101663.69
TWB14,Uvalde_2020_02,29.60214,-99.73007,436.7784,6/28/21,p,2021,04/24/2021 16:40 CDT,96808,30.75,11.09,3.57,10.91,548.66,101649.96
TWB14,Uvalde_2020_02,29.60214,-99.73007,436.7784,6/28/21,p,2021,04/24/2021 16:45 CDT,96808,30.97,10.85,3.62,9.745,538.32,101648.99
TWB14,Uvalde_2020_02,29.60214,-99.73007,436.7784,6/28/21,p,2021,04/24/2021 16:50 CDT,96808,30.98,10.92,3.395,9.745,525.02,101646.07
TWB14,Uvalde_2020_02,29.60214,-99.73007,436.7784,6/28/21,p,2021,04/24/2021 16:55 CDT,96809,31.09,10.75,4.255,9.745,515.25,101645.66
TWB14,Uvalde_2020_02,29.60214,-99.73007,436.7784,6/28/21,p,2021,04/24/2021 17:00 CDT,96806,30.92,10.15,3.61,9.745,498.84,101644.95
TWB14,Uvalde_2020_02,29.60214,-99.73007,436.7784,6/28/21,p,2021,04/24/2021 17:05 CDT,96804,30.89,10.22,4.36,9.745,490.86,101644.31
TWB14,Uvalde_2020_02,29.60214,-99.73007,436.7784,6/28/21,p,2021,04/24/2021 17:10 CDT,96796,30.95,10.48,4.445,9.745,476.89,101636.23
TWB14,Uvalde_2020_02,29.60214,-99.73007,436.7784,6/28/21,p,2021,04/24/2021 17:15 CDT,96804,30.72,10.72,4.68,9.745,468.91,101646.74
TWB14,Uvalde_2020_02,29.60214,-99.73007,436.7784,6/28/21,p,2021,04/24/2021 17:20 CDT,96797,30.59,10.96,2.66,9.745,441.79,101641.5
TWB14,Uvalde_2020_02,29.60214,-99.73007,436.7784,6/28/21,p,2021,04/24/2021 17:25 CDT,96786,30.81,10.82,2.68,9.745,428.89,101628
TWB14,Uvalde_2020_02,29.60214,-99.73007,436.7784,6/28/21,p,2021,04/24/2021 17:30 CDT,96784,30.93,11.66,3.965,9.745,422.81,101623.62
TWB14,Uvalde_2020_02,29.60214,-99.73007,436.7784,6/28/21,p,2021,04/24/2021 17:35 CDT,96786,30.76,10.65,4.97,9.995,414.7,101627.51
TWB14,Uvalde_2020_02,29.60214,-99.73007,436.7784,6/28/21,p,2021,04/24/2021 17:40 CDT,96784,30.55,10.96,3.725,9.995,394.71,101630.61
TWB14,Uvalde_2020_02,29.60214,-99.73007,436.7784,6/28/21,p,2021,04/24/2021 17:45 CDT,96782,30.68,11.5,2.685,9.995,375.05,101627.04
TWB14,Uvalde_2020_02,29.60214,-99.73007,436.7784,6/28/21,p,2021,04/24/2021 17:50 CDT,96784,30.59,11.02,2.77,9.995,364.3,101630.12
TWB14,Uvalde_2020_02,29.60214,-99.73007,436.7784,6/28/21,p,2021,04/24/2021 17:55 CDT,96785,30.84,10.96,2.355,9.995,345.32,101627.11
TWB14,Uvalde_2020_02,29.60214,-99.73007,436.7784,6/28/21,p,2021,04/24/2021 18:00 CDT,96787,30.77,11.53,3.66,9.995,339.08,101630.18
TWB14,Uvalde_2020_02,29.60214,-99.73007,436.7784,6/28/21,p,2021,04/24/2021 18:05 CDT,96786,30.91,11.56,2.815,9.41,319.69,101627.34
TWB14,Uvalde_2020_02,29.60214,-99.73007,436.7784,6/28/21,p,2021,04/24/2021 18:10 CDT,96785,30.57,11.5,2.82,9.41,309.61,101630.84
TWB14,Uvalde_2020_02,29.60214,-99.73007,436.7784,6/28/21,p,2021,04/24/2021 18:15 CDT,96784,30.56,10.89,2.365,9.41,289.43,101631.26
TWB14,Uvalde_2020_02,29.60214,-99.73007,436.7784,6/28/21,p,2021,04/24/2021 18:20 CDT,96784,30.67,11.36,2.965,9.41,277.3,101629.3
TWB14,Uvalde_2020_02,29.60214,-99.73007,436.7784,6/28/21,p,2021,04/24/2021 18:25 CDT,96783,30.5,11.5,3.935,9.41,267.43,101631.18
TWB14,Uvalde_2020_02,29.60214,-99.73007,436.7784,6/28/21,p,2021,04/24/2021 18:30 CDT,96782,30.42,12.2,3.155,9.41,248.8,101632.4
TWB14,Uvalde_2020_02,29.60214,-99.73007,436.7784,6/28/21,p,2021,04/24/2021 18:35 CDT,96780,30.57,11.77,2.165,9.41,228.54,101628.19
TWB14,Uvalde_2020_02,29.60214,-99.73007,436.7784,6/28/21,p,2021,04/24/2021 18:40 CDT,96783,30.66,11.56,2.025,9.41,216.47,101629.23
TWB14,Uvalde_2020_02,29.60214,-99.73007,436.7784,6/28/21,p,2021,04/24/2021 18:45 CDT,96784,30.41,11.97,2.9,9.41,204.18,101633.2
TWB14,Uvalde_2020_02,29.60214,-99.73007,436.7784,6/28/21,p,2021,04/24/2021 18:50 CDT,96784,30.22,12.34,3.91,8.995,182.03,101637.27
TWB14,Uvalde_2020_02,29.60214,-99.73007,436.7784,6/28/21,p,2021,04/24/2021 18:55 CDT,96785,30.06,12.03,2.72,8.995,176.69,101641.43
TWB14,Uvalde_2020_02,29.60214,-99.73007,436.7784,6/28/21,p,2021,04/24/2021 19:00 CDT,96784,30.1,11.97,1.73,8.995,157.14,101641.2
TWB14,Uvalde_2020_02,29.60214,-99.73007,436.7784,6/28/21,p,2021,04/24/2021 19:05 CDT,96782,30.17,12.14,1.955,8.995,143.8,101638.77
TWB14,Uvalde_2020_02,29.60214,-99.73007,436.7784,6/28/21,p,2021,04/24/2021 19:10 CDT,96774,30,12.44,2.6,8.995,134.87,101632.32
TWB14,Uvalde_2020_02,29.60214,-99.73007,436.7784,6/28/21,p,2021,04/24/2021 19:15 CDT,96776,29.89,12.24,3.11,8.995,122.12,101636.88
TWB14,Uvalde_2020_02,29.60214,-99.73007,436.7784,6/28/21,p,2021,04/24/2021 19:20 CDT,96779,29.66,12.44,2.785,8.995,109.94,101643.47
TWB14,Uvalde_2020_02,29.60214,-99.73007,436.7784,6/28/21,p,2021,04/24/2021 19:25 CDT,96780,29.63,12.84,1.815,8.995,91.1,101646.48
TWB14,Uvalde_2020_02,29.60214,-99.73007,436.7784,6/28/21,p,2021,04/24/2021 19:30 CDT,96782,29.57,12.91,2.22,8.995,51.99,101649.73
TWB14,Uvalde_2020_02,29.60214,-99.73007,436.7784,6/28/21,p,2021,04/24/2021 19:35 CDT,96784,29.35,12.51,1.965,8.995,26.99,101655.94
TWB14,Uvalde_2020_02,29.60214,-99.73007,436.7784,6/28/21,p,2021,04/24/2021 19:40 CDT,96786,29.22,13.15,1.83,8.995,22.24,101661.33
TWB14,Uvalde_2020_02,29.60214,-99.73007,436.7784,6/28/21,p,2021,04/24/2021 19:45 CDT,96790,29.01,13.32,1.865,8.995,18.55,101669.65
TWB14,Uvalde_2020_02,29.60214,-99.73007,436.7784,6/28/21,p,2021,04/24/2021 19:50 CDT,96795,28.84,13.45,1.035,8.995,16.03,101678.36
TWB14,Uvalde_2020_02,29.60214,-99.73007,436.7784,6/28/21,p,2021,04/24/2021 19:55 CDT,96797,28.51,13.59,1.37,8.995,13.02,101686.41
TWB14,Uvalde_2020_02,29.60214,-99.73007,436.7784,6/28/21,p,2021,04/24/2021 20:00 CDT,96802,28.23,14.13,1.21,8.995,10.27,101695.8
TWB14,Uvalde_2020_02,29.60214,-99.73007,436.7784,6/28/21,p,2021,04/24/2021 20:05 CDT,96813,27.96,14.3,1.055,8.995,7.81,101712.34
TWB14,Uvalde_2020_02,29.60214,-99.73007,436.7784,6/28/21,p,2021,04/24/2021 20:10 CDT,96816,27.65,15.31,1.095,8.995,5.18,101720.97
TWB14,Uvalde_2020_02,29.60214,-99.73007,436.7784,6/28/21,p,2021,04/24/2021 20:15 CDT,96819,27.2,15.68,0.575,8.995,4.53,101733.8
TWB14,Uvalde_2020_02,29.60214,-99.73007,436.7784,6/28/21,p,2021,04/24/2021 20:20 CDT,96827,26.6,18.91,0.09,8.995,4.22,101753.08
TWB14,Uvalde_2020_02,29.60214,-99.73007,436.7784,6/28/21,p,2021,04/24/2021 20:25 CDT,96834,25.72,19.99,0.185,8.995,3.91,101777.62
TWB14,Uvalde_2020_02,29.60214,-99.73007,436.7784,6/28/21,p,2021,04/24/2021 20:30 CDT,96840,24.68,21.95,0.05,8.995,3.86,101798.34
TWB14,Uvalde_2020_02,29.60214,-99.73007,436.7784,6/28/21,p,2021,04/24/2021 20:35 CDT,96851,23.78,23.63,0,8.995,3.58,101823.2
TWB14,Uvalde_2020_02,29.60214,-99.73007,436.7784,6/28/21,p,2021,04/24/2021 20:40 CDT,96861,23.08,24.85,0,8.995,2.97,101846.92
TWB14,Uvalde_2020_02,29.60214,-99.73007,436.7784,6/28/21,p,2021,04/24/2021 20:45 CDT,96869,22.42,26.13,0,8.995,2.64,101867.06
TWB14,Uvalde_2020_02,29.60214,-99.73007,436.7784,6/28/21,p,2021,04/24/2021 20:50 CDT,96875,21.85,26.57,0,8.995,2.13,101885.15
TWB14,Uvalde_2020_02,29.60214,-99.73007,436.7784,6/28/21,p,2021,04/24/2021 20:55 CDT,96886,21.24,27.92,0.145,8.995,1.49,101907.85
TWB14,Uvalde_2020_02,29.60214,-99.73007,436.7784,6/28/21,p,2021,04/24/2021 21:00 CDT,96898,20.75,28.87,0.075,8.995,1.14,101929.39
TWB14,Uvalde_2020_02,29.60214,-99.73007,436.7784,6/28/21,p,2021,04/24/2021 21:05 CDT,96909,20.66,29.38,0.2,8.995,0.87,101948.15
TWB14,Uvalde_2020_02,29.60214,-99.73007,436.7784,6/28/21,p,2021,04/24/2021 21:10 CDT,96915,20.35,31.27,0.285,8.995,0.88,101962.37
TWB14,Uvalde_2020_02,29.60214,-99.73007,436.7784,6/28/21,p,2021,04/24/2021 21:15 CDT,96928,19.6,31.23,0.53,8.995,0.48,101987.53
TWB14,Uvalde_2020_02,29.60214,-99.73007,436.7784,6/28/21,p,2021,04/24/2021 21:20 CDT,96942,19.47,31.14,0.695,8.995,0.38,102007.75
TWB14,Uvalde_2020_02,29.60214,-99.73007,436.7784,6/28/21,p,2021,04/24/2021 21:25 CDT,96948,19.42,32.01,0.475,8.995,0.15,102021.35
TWB14,Uvalde_2020_02,29.60214,-99.73007,436.7784,6/28/21,p,2021,04/24/2021 21:30 CDT,96960,18.96,32.96,0.635,8.995,0.18,102038.61
TWB14,Uvalde_2020_02,29.60214,-99.73007,436.7784,6/28/21,p,2021,04/24/2021 21:35 CDT,96970,18.54,32.83,0.755,8.995,0,102053.06
TWB14,Uvalde_2020_02,29.60214,-99.73007,436.7784,6/28/21,p,2021,04/24/2021 21:40 CDT,96979,18.51,33.6,0.92,8.995,0,102067.71
TWB14,Uvalde_2020_02,29.60214,-99.73007,436.7784,6/28/21,p,2021,04/24/2021 21:45 CDT,96988,18.46,33.57,0.815,8.995,0.21,102080.77
TWB14,Uvalde_2020_02,29.60214,-99.73007,436.7784,6/28/21,p,2021,04/24/2021 21:50 CDT,97001,18.3,34.86,0.67,8.995,0.2,102094.8
TWB14,Uvalde_2020_02,29.60214,-99.73007,436.7784,6/28/21,p,2021,04/24/2021 21:55 CDT,97015,17.94,36.72,0.72,8.995,0.28,102113.12
TWB14,Uvalde_2020_02,29.60214,-99.73007,436.7784,6/28/21,p,2021,04/24/2021 22:00 CDT,97022,17.75,37.22,0.23,8.995,0.8,102122.46
TWB14,Uvalde_2020_02,29.60214,-99.73007,436.7784,6/28/21,p,2021,04/24/2021 22:05 CDT,97038,17.53,37.56,0,8.995,0.71,102141.64
TWB14,Uvalde_2020_02,29.60214,-99.73007,436.7784,6/28/21,p,2021,04/24/2021 22:10 CDT,97046,17.19,38.88,0.1,8.995,0.39,102153.65
TWB14,Uvalde_2020_02,29.60214,-99.73007,436.7784,6/28/21,p,2021,04/24/2021 22:15 CDT,97049,16.99,39.32,0.75,8.995,0.09,102161.5
TWB14,Uvalde_2020_02,29.60214,-99.73007,436.7784,6/28/21,p,2021,04/24/2021 22:20 CDT,97058,16.93,40.13,0.64,8.995,0.15,102177.66
TWB14,Uvalde_2020_02,29.60214,-99.73007,436.7784,6/28/21,p,2021,04/24/2021 22:25 CDT,97072,16.65,39.76,0.18,8.995,0.96,102196.57
TWB14,Uvalde_2020_02,29.60214,-99.73007,436.7784,6/28/21,p,2021,04/24/2021 22:30 CDT,97079,16.68,40.74,0.59,8.995,0.67,102204.66
TWB14,Uvalde_2020_02,29.60214,-99.73007,436.7784,6/28/21,p,2021,04/24/2021 22:35 CDT,97081,16.58,40.68,0.82,8.995,0.02,102209.67
TWB14,Uvalde_2020_02,29.60214,-99.73007,436.7784,6/28/21,p,2021,04/24/2021 22:40 CDT,97084,16.37,41.08,0.41,8.995,0.16,102215.56
TWB14,Uvalde_2020_02,29.60214,-99.73007,436.7784,6/28/21,p,2021,04/24/2021 22:45 CDT,97085,16.27,40.48,0.25,8.995,0,102216.43
TWB14,Uvalde_2020_02,29.60214,-99.73007,436.7784,6/28/21,p,2021,04/24/2021 22:50 CDT,97087,16.19,41.49,0.195,8.995,0.17,102217.44
TWB14,Uvalde_2020_02,29.60214,-99.73007,436.7784,6/28/21,p,2021,04/24/2021 22:55 CDT,97096,15.94,42.23,0.1,8.995,0.43,102230.37
TWB14,Uvalde_2020_02,29.60214,-99.73007,436.7784,6/28/21,p,2021,04/24/2021 23:00 CDT,97100,15.88,42.77,0.155,8.995,0.48,102237.31
TWB14,Uvalde_2020_02,29.60214,-99.73007,436.7784,6/28/21,p,2021,04/24/2021 23:05 CDT,97101,15.67,43.45,0.395,8.995,0.2,102242.19
TWB14,Uvalde_2020_02,29.60214,-99.73007,436.7784,6/28/21,p,2021,04/24/2021 23:10 CDT,97111,15.78,44.26,0.755,8.995,0.16,102256.19
TWB14,Uvalde_2020_02,29.60214,-99.73007,436.7784,6/28/21,p,2021,04/24/2021 23:15 CDT,97119,15.64,43.05,0.4,8.995,0.07,102266.44
TWB14,Uvalde_2020_02,29.60214,-99.73007,436.7784,6/28/21,p,2021,04/24/2021 23:20 CDT,97132,15.83,43.53,0.22,8.995,0,102276.47
TWB14,Uvalde_2020_02,29.60214,-99.73007,436.7784,6/28/21,p,2021,04/24/2021 23:25 CDT,97141,15.47,47.75,0.01,8.995,0.28,102288.67
TWB14,Uvalde_2020_02,29.60214,-99.73007,436.7784,6/28/21,p,2021,04/24/2021 23:30 CDT,97151,15.18,48.93,0.115,8.995,0.25,102303.41
TWB14,Uvalde_2020_02,29.60214,-99.73007,436.7784,6/28/21,p,2021,04/24/2021 23:35 CDT,97155,14.91,51.8,0.305,8.995,0.34,102312.93
TWB14,Uvalde_2020_02,29.60214,-99.73007,436.7784,6/28/21,p,2021,04/24/2021 23:40 CDT,97160,14.52,51.97,0.31,8.995,0.22,102323.89
TWB14,Uvalde_2020_02,29.60214,-99.73007,436.7784,6/28/21,p,2021,04/24/2021 23:45 CDT,97166,14.46,51.83,0.455,8.995,0,102330.03
TWB14,Uvalde_2020_02,29.60214,-99.73007,436.7784,6/28/21,p,2021,04/24/2021 23:50 CDT,97179,14.25,52.84,0.06,8.995,0.42,102344.08
TWB14,Uvalde_2020_02,29.60214,-99.73007,436.7784,6/28/21,p,2021,04/24/2021 23:55 CDT,97173,14.03,53.22,0.81,8.995,0.09,102341.26
TWB14,Uvalde_2020_02,29.60214,-99.73007,436.7784,6/28/21,p,2021,04/25/2021 00:00 CDT,97180,14.01,52.78,0.17,8.995,0.03,102350.29
TWB14,Uvalde_2020_02,29.60214,-99.73007,436.7784,6/28/21,p,2021,04/25/2021 00:05 CDT,97183,14,53.32,0.095,8.995,0.23,102354.56
TWB14,Uvalde_2020_02,29.60214,-99.73007,436.7784,6/28/21,p,2021,04/25/2021 00:10 CDT,97190,13.81,56.69,0.1,8.995,0.09,102364.87
TWB14,Uvalde_2020_02,29.60214,-99.73007,436.7784,6/28/21,p,2021,04/25/2021 00:15 CDT,97198,13.63,55.71,0.2,8.995,0.4,102374.6
TWB14,Uvalde_2020_02,29.60214,-99.73007,436.7784,6/28/21,p,2021,04/25/2021 00:20 CDT,97204,13.75,55,0.08,8.995,0.86,102383.69
TWB14,Uvalde_2020_02,29.60214,-99.73007,436.7784,6/28/21,p,2021,04/25/2021 00:25 CDT,97206,13.54,55.75,0.035,8.995,0.68,102389.32
TWB14,Uvalde_2020_02,29.60214,-99.73007,436.7784,6/28/21,p,2021,04/25/2021 00:30 CDT,97207,13.56,56.19,0.175,8.995,0.48,102392.96
TWB14,Uvalde_2020_02,29.60214,-99.73007,436.7784,6/28/21,p,2021,04/25/2021 00:35 CDT,97209,13.26,56.7,0.115,8.995,0,102398.22
TWB14,Uvalde_2020_02,29.60214,-99.73007,436.7784,6/28/21,p,2021,04/25/2021 00:40 CDT,97212,13.1,55.96,0.555,8.995,0,102405.11
TWB14,Uvalde_2020_02,29.60214,-99.73007,436.7784,6/28/21,p,2021,04/25/2021 00:45 CDT,97219,13.07,56.57,0.345,8.995,0,102414.52
TWB14,Uvalde_2020_02,29.60214,-99.73007,436.7784,6/28/21,p,2021,04/25/2021 00:50 CDT,97224,12.88,56.7,0.205,8.995,0,102421.84
TWB14,Uvalde_2020_02,29.60214,-99.73007,436.7784,6/28/21,p,2021,04/25/2021 00:55 CDT,97228,12.84,56.36,0.42,8.995,0.04,102427.73
TWB14,Uvalde_2020_02,29.60214,-99.73007,436.7784,6/28/21,p,2021,04/25/2021 01:00 CDT,97237,12.88,56.9,0,8.995,0.15,102438.14
TWB14,Uvalde_2020_02,29.60214,-99.73007,436.7784,6/28/21,p,2021,04/25/2021 01:05 CDT,97237,12.84,57.31,0.36,8.995,0.16,102439.45
TWB14,Uvalde_2020_02,29.60214,-99.73007,436.7784,6/28/21,p,2021,04/25/2021 01:10 CDT,97237,12.92,58.46,0.555,8.995,0,102440.38
TWB14,Uvalde_2020_02,29.60214,-99.73007,436.7784,6/28/21,p,2021,04/25/2021 01:15 CDT,97240,12.78,58.39,0.545,8.995,0,102444.1
TWB14,Uvalde_2020_02,29.60214,-99.73007,436.7784,6/28/21,p,2021,04/25/2021 01:20 CDT,97241,12.88,59.14,0.515,8.995,0,102447.21
TWB14,Uvalde_2020_02,29.60214,-99.73007,436.7784,6/28/21,p,2021,04/25/2021 01:25 CDT,97239,13.25,60.56,0.355,8.995,0,102446.4
TWB14,Uvalde_2020_02,29.60214,-99.73007,436.7784,6/28/21,p,2021,04/25/2021 01:30 CDT,97243,13.4,61.03,0.245,8.995,0.01,102448.74
TWB14,Uvalde_2020_02,29.60214,-99.73007,436.7784,6/28/21,p,2021,04/25/2021 01:35 CDT,97244,13.37,62.21,0.285,8.995,0.04,102450.17
TWB14,Uvalde_2020_02,29.60214,-99.73007,436.7784,6/28/21,p,2021,04/25/2021 01:40 CDT,97244,14.29,61.23,0.65,8.995,0,102448.49
TWB14,Uvalde_2020_02,29.60214,-99.73007,436.7784,6/28/21,p,2021,04/25/2021 01:45 CDT,97244,14.41,62.69,0.525,8.995,0,102447.18
TWB14,Uvalde_2020_02,29.60214,-99.73007,436.7784,6/28/21,p,2021,04/25/2021 01:50 CDT,97241,14.57,67.79,0.745,8.995,0,102441.94
TWB14,Uvalde_2020_02,29.60214,-99.73007,436.7784,6/28/21,p,2021,04/25/2021 01:55 CDT,97241,15.01,62.65,0.47,8.995,0,102435.81
TWB14,Uvalde_2020_02,29.60214,-99.73007,436.7784,6/28/21,p,2021,04/25/2021 02:00 CDT,97234,15.13,64.75,0.74,8.995,0,102426.76
TWB14,Uvalde_2020_02,29.60214,-99.73007,436.7784,6/28/21,p,2021,04/25/2021 02:05 CDT,97227,15.24,63.4,0.635,8.995,0,102415.49
TWB14,Uvalde_2020_02,29.60214,-99.73007,436.7784,6/28/21,p,2021,04/25/2021 02:10 CDT,97218,14.83,62.42,0.455,8.995,0.02,102408.61
TWB14,Uvalde_2020_02,29.60214,-99.73007,436.7784,6/28/21,p,2021,04/25/2021 02:15 CDT,97217,14.69,68.77,0.63,8.995,0.03,102406.42
TWB14,Uvalde_2020_02,29.60214,-99.73007,436.7784,6/28/21,p,2021,04/25/2021 02:20 CDT,97217,15.26,72.07,0.645,8.995,0,102396.57
TWB14,Uvalde_2020_02,29.60214,-99.73007,436.7784,6/28/21,p,2021,04/25/2021 02:25 CDT,97213,15.74,65.76,0.73,8.995,0,102382.78
TWB14,Uvalde_2020_02,29.60214,-99.73007,436.7784,6/28/21,p,2021,04/25/2021 02:30 CDT,97217,15.89,65.73,1.16,8.995,0,102381.1
TWB14,Uvalde_2020_02,29.60214,-99.73007,436.7784,6/28/21,p,2021,04/25/2021 02:35 CDT,97216,16.34,62.92,1.07,8.995,0,102367.03
TWB14,Uvalde_2020_02,29.60214,-99.73007,436.7784,6/28/21,p,2021,04/25/2021 02:40 CDT,97217,16.62,68.39,0.95,8.995,0,102358.19
TWB14,Uvalde_2020_02,29.60214,-99.73007,436.7784,6/28/21,p,2021,04/25/2021 02:45 CDT,97212,16.87,69.81,0.835,8.995,0,102344.91
TWB14,Uvalde_2020_02,29.60214,-99.73007,436.7784,6/28/21,p,2021,04/25/2021 02:50 CDT,97214,16.77,68.87,0.53,8.995,0,102345.02
TWB14,Uvalde_2020_02,29.60214,-99.73007,436.7784,6/28/21,p,2021,04/25/2021 02:55 CDT,97213,16.7,70.35,0.625,8.995,0.01,102344.5
TWB14,Uvalde_2020_02,29.60214,-99.73007,436.7784,6/28/21,p,2021,04/25/2021 03:00 CDT,97218,16.84,68.8,0.795,8.995,0,102345.05
TWB14,Uvalde_2020_02,29.60214,-99.73007,436.7784,6/28/21,p,2021,04/25/2021 03:05 CDT,97216,16.68,70.82,0.63,8.995,0,102342.94
TWB14,Uvalde_2020_02,29.60214,-99.73007,436.7784,6/28/21,p,2021,04/25/2021 03:10 CDT,97216,17.12,67.71,1.105,8.995,0,102334.8
TWB14,Uvalde_2020_02,29.60214,-99.73007,436.7784,6/28/21,p,2021,04/25/2021 03:15 CDT,97212,17.24,68.59,0.765,8.995,0,102325.71
TWB14,Uvalde_2020_02,29.60214,-99.73007,436.7784,6/28/21,p,2021,04/25/2021 03:20 CDT,97211,17.24,67.78,0.61,8.995,0,102323.94
TWB14,Uvalde_2020_02,29.60214,-99.73007,436.7784,6/28/21,p,2021,04/25/2021 03:25 CDT,97212,17.13,67.91,0.97,8.995,0,102325.35
TWB14,Uvalde_2020_02,29.60214,-99.73007,436.7784,6/28/21,p,2021,04/25/2021 03:30 CDT,97213,16.93,67.37,0.575,8.995,0.36,102329.12
TWB14,Uvalde_2020_02,29.60214,-99.73007,436.7784,6/28/21,p,2021,04/25/2021 03:35 CDT,97220,16.42,71.76,0.715,8.995,0.89,102345.15
TWB14,Uvalde_2020_02,29.60214,-99.73007,436.7784,6/28/21,p,2021,04/25/2021 03:40 CDT,97217,16.31,71.42,0.99,8.995,0.2,102347.25
TWB14,Uvalde_2020_02,29.60214,-99.73007,436.7784,6/28/21,p,2021,04/25/2021 03:45 CDT,97222,16.06,70.51,0.495,8.995,0.47,102355.61
TWB14,Uvalde_2020_02,29.60214,-99.73007,436.7784,6/28/21,p,2021,04/25/2021 03:50 CDT,97221,15.69,72.16,0.18,8.995,1.07,102361.11
TWB14,Uvalde_2020_02,29.60214,-99.73007,436.7784,6/28/21,p,2021,04/25/2021 03:55 CDT,97213,15.55,73.44,0.125,8.995,1.46,102359.25
TWB14,Uvalde_2020_02,29.60214,-99.73007,436.7784,6/28/21,p,2021,04/25/2021 04:00 CDT,97212,15.15,74.05,0.135,8.995,1.7,102367.9
TWB14,Uvalde_2020_02,29.60214,-99.73007,436.7784,6/28/21,p,2021,04/25/2021 04:05 CDT,97222,14.7,74.19,0.04,8.995,1.95,102387.8
TWB14,Uvalde_2020_02,29.60214,-99.73007,436.7784,6/28/21,p,2021,04/25/2021 04:10 CDT,97223,14.03,77.6,0.01,8.995,1.97,102396.77
TWB14,Uvalde_2020_02,29.60214,-99.73007,436.7784,6/28/21,p,2021,04/25/2021 04:15 CDT,97221,13.8,79.45,0.08,8.995,1.1,102400.02
TWB14,Uvalde_2020_02,29.60214,-99.73007,436.7784,6/28/21,p,2021,04/25/2021 04:20 CDT,97220,13.59,80,0.06,8.995,1.08,102402.67
TWB14,Uvalde_2020_02,29.60214,-99.73007,436.7784,6/28/21,p,2021,04/25/2021 04:25 CDT,97217,13.28,80.6,0.145,8.995,0.72,102403.77
TWB14,Uvalde_2020_02,29.60214,-99.73007,436.7784,6/28/21,p,2021,04/25/2021 04:30 CDT,97220,13.23,81.8,0.09,8.995,0.35,102411.76
TWB14,Uvalde_2020_02,29.60214,-99.73007,436.7784,6/28/21,p,2021,04/25/2021 04:35 CDT,97215,13.32,81.1,0.17,8.995,0.44,102409.65
TWB14,Uvalde_2020_02,29.60214,-99.73007,436.7784,6/28/21,p,2021,04/25/2021 04:40 CDT,97222,13.14,80.6,0.405,8.995,0.57,102421.13
TWB14,Uvalde_2020_02,29.60214,-99.73007,436.7784,6/28/21,p,2021,04/25/2021 04:45 CDT,97226,12.79,84.2,0.335,8.995,0.34,102429.81
TWB14,Uvalde_2020_02,29.60214,-99.73007,436.7784,6/28/21,p,2021,04/25/2021 04:50 CDT,97232,12.77,85,0.24,8.995,0.12,102436.32
TWB14,Uvalde_2020_02,29.60214,-99.73007,436.7784,6/28/21,p,2021,04/25/2021 04:55 CDT,97239,12.76,85.2,0.34,8.995,0.01,102445.19
TWB14,Uvalde_2020_02,29.60214,-99.73007,436.7784,6/28/21,p,2021,04/25/2021 05:00 CDT,97246,12.66,84.5,0.1,8.995,0.34,102454.62
TWB14,Uvalde_2020_02,29.60214,-99.73007,436.7784,6/28/21,p,2021,04/25/2021 05:05 CDT,97249,12.39,85,0.06,8.995,0.3,102461.9
TWB14,Uvalde_2020_02,29.60214,-99.73007,436.7784,6/28/21,p,2021,04/25/2021 05:10 CDT,97257,12.26,83.4,0.01,8.995,0.36,102473.34
TWB14,Uvalde_2020_02,29.60214,-99.73007,436.7784,6/28/21,p,2021,04/25/2021 05:15 CDT,97261,12.17,84.2,0.16,8.995,0.47,102480.55
TWB14,Uvalde_2020_02,29.60214,-99.73007,436.7784,6/28/21,p,2021,04/25/2021 05:20 CDT,97268,12.02,85.3,0.21,8.995,0.69,102490.37
TWB14,Uvalde_2020_02,29.60214,-99.73007,436.7784,6/28/21,p,2021,04/25/2021 05:25 CDT,97273,12.09,86.6,0.28,8.995,0.19,102496.2
TWB14,Uvalde_2020_02,29.60214,-99.73007,436.7784,6/28/21,p,2021,04/25/2021 05:30 CDT,97273,12.33,88.9,0.3,8.995,0.24,102495.43
TWB14,Uvalde_2020_02,29.60214,-99.73007,436.7784,6/28/21,p,2021,04/25/2021 05:35 CDT,97273,12.74,88.4,0.595,8.995,0,102492.43
TWB14,Uvalde_2020_02,29.60214,-99.73007,436.7784,6/28/21,p,2021,04/25/2021 05:40 CDT,97272,13.2,89.2,0.655,8.995,0,102488.74
TWB14,Uvalde_2020_02,29.60214,-99.73007,436.7784,6/28/21,p,2021,04/25/2021 05:45 CDT,97272,13.51,90.1,0.6,8.995,0,102484.8
TWB14,Uvalde_2020_02,29.60214,-99.73007,436.7784,6/28/21,p,2021,04/25/2021 05:50 CDT,97273,13.75,89.2,0.865,8.995,0,102481.55
TWB14,Uvalde_2020_02,29.60214,-99.73007,436.7784,6/28/21,p,2021,04/25/2021 05:55 CDT,97273,13.86,88.2,0.92,8.995,0,102475.2
TWB14,Uvalde_2020_02,29.60214,-99.73007,436.7784,6/28/21,p,2021,04/25/2021 06:00 CDT,97274,14.06,86.3,0.605,8.995,0,102468.81
TWB14,Uvalde_2020_02,29.60214,-99.73007,436.7784,6/28/21,p,2021,04/25/2021 06:05 CDT,97275,14,86.9,0.605,8.995,0,102467.63
TWB14,Uvalde_2020_02,29.60214,-99.73007,436.7784,6/28/21,p,2021,04/25/2021 06:10 CDT,97278,14.25,85.6,0.425,8.995,0,102465.22
TWB14,Uvalde_2020_02,29.60214,-99.73007,436.7784,6/28/21,p,2021,04/25/2021 06:15 CDT,97287,14.31,83.5,0.68,8.995,0,102469.15
TWB14,Uvalde_2020_02,29.60214,-99.73007,436.7784,6/28/21,p,2021,04/25/2021 06:20 CDT,97296,14.38,85,0.685,8.995,0.01,102477.51
TWB14,Uvalde_2020_02,29.60214,-99.73007,436.7784,6/28/21,p,2021,04/25/2021 06:25 CDT,97301,14.33,83.5,0.505,8.995,0.09,102482.41
TWB14,Uvalde_2020_02,29.60214,-99.73007,436.7784,6/28/21,p,2021,04/25/2021 06:30 CDT,97293,14.45,82.8,1.085,8.995,0,102473.25
TWB14,Uvalde_2020_02,29.60214,-99.73007,436.7784,6/28/21,p,2021,04/25/2021 06:35 CDT,97298,14.77,82,0.37,8.995,0,102471.31
TWB14,Uvalde_2020_02,29.60214,-99.73007,436.7784,6/28/21,p,2021,04/25/2021 06:40 CDT,97305,14.77,81.1,0.285,8.995,0,102477.21
TWB14,Uvalde_2020_02,29.60214,-99.73007,436.7784,6/28/21,p,2021,04/25/2021 06:45 CDT,97313,14.47,82.1,0.215,8.995,0.24,102491.17
TWB14,Uvalde_2020_02,29.60214,-99.73007,436.7784,6/28/21,p,2021,04/25/2021 06:50 CDT,97320,14.07,85.3,0.175,8.995,0.76,102507.6
TWB14,Uvalde_2020_02,29.60214,-99.73007,436.7784,6/28/21,p,2021,04/25/2021 06:55 CDT,97321,13.99,84.5,0.135,8.995,1.95,102511.26
TWB14,Uvalde_2020_02,29.60214,-99.73007,436.7784,6/28/21,p,2021,04/25/2021 07:00 CDT,97326,13.65,85.3,0.245,8.995,2.02,102521.35
TWB14,Uvalde_2020_02,29.60214,-99.73007,436.7784,6/28/21,p,2021,04/25/2021 07:05 CDT,97326,13.25,87.8,0.23,8.995,3.28,102527.87
TWB14,Uvalde_2020_02,29.60214,-99.73007,436.7784,6/28/21,p,2021,04/25/2021 07:10 CDT,97330,13.36,85.6,0.305,8.995,5.3,102535.45
TWB14,Uvalde_2020_02,29.60214,-99.73007,436.7784,6/28/21,p,2021,04/25/2021 07:15 CDT,97341,13.12,86.4,0.18,8.995,8.18,102552.27
TWB14,Uvalde_2020_02,29.60214,-99.73007,436.7784,6/28/21,p,2021,04/25/2021 07:20 CDT,97344,12.8,87.9,0.065,8.995,11.3,102560.29
TWB14,Uvalde_2020_02,29.60214,-99.73007,436.7784,6/28/21,p,2021,04/25/2021 07:25 CDT,97351,12.67,90.1,0.085,8.995,13.42,102569.16
TWB14,Uvalde_2020_02,29.60214,-99.73007,436.7784,6/28/21,p,2021,04/25/2021 07:30 CDT,97363,12.44,90.6,0.175,8.995,15.11,102580.49
TWB14,Uvalde_2020_02,29.60214,-99.73007,436.7784,6/28/21,p,2021,04/25/2021 07:35 CDT,97367,12.39,90.7,0.255,8.995,16.23,102582.64
TWB14,Uvalde_2020_02,29.60214,-99.73007,436.7784,6/28/21,p,2021,04/25/2021 07:40 CDT,97366,12.65,89.8,0.09,8.995,20.21,102579.9
TWB14,Uvalde_2020_02,29.60214,-99.73007,436.7784,6/28/21,p,2021,04/25/2021 07:45 CDT,97370,13.03,90.3,0,8.995,45.36,102583.18
TWB14,Uvalde_2020_02,29.60214,-99.73007,436.7784,6/28/21,p,2021,04/25/2021 07:50 CDT,97380,13.33,90.4,0.195,8.995,77.01,102590.53
TWB14,Uvalde_2020_02,29.60214,-99.73007,436.7784,6/28/21,p,2021,04/25/2021 07:55 CDT,97381,13.75,88.2,0.14,8.995,81.45,102583.56
TWB14,Uvalde_2020_02,29.60214,-99.73007,436.7784,6/28/21,p,2021,04/25/2021 08:00 CDT,97381,14.27,85.9,0.345,8.995,91.15,102573.15
TWB14,Uvalde_2020_02,29.60214,-99.73007,436.7784,6/28/21,p,2021,04/25/2021 08:05 CDT,97391,14.97,83.4,0.51,8.995,102.72,102570.73
TWB14,Uvalde_2020_02,29.60214,-99.73007,436.7784,6/28/21,p,2021,04/25/2021 08:10 CDT,97404,15.57,79.67,0.56,8.995,117.27,102569.87
TWB14,Uvalde_2020_02,29.60214,-99.73007,436.7784,6/28/21,p,2021,04/25/2021 08:15 CDT,97407,16.1,76.97,0.585,8.995,129.7,102559.66
TWB14,Uvalde_2020_02,29.60214,-99.73007,436.7784,6/28/21,p,2021,04/25/2021 08:20 CDT,97411,16.82,73.12,1.07,8.995,145.41,102547.85
TWB14,Uvalde_2020_02,29.60214,-99.73007,436.7784,6/28/21,p,2021,04/25/2021 08:25 CDT,97421,17.67,68.26,1.425,8.995,160.24,102536.86
TWB14,Uvalde_2020_02,29.60214,-99.73007,436.7784,6/28/21,p,2021,04/25/2021 08:30 CDT,97431,18.35,65.92,0.985,8.995,173.3,102531.05
TWB14,Uvalde_2020_02,29.60214,-99.73007,436.7784,6/28/21,p,2021,04/25/2021 08:35 CDT,97431,18.8,64.27,1.34,8.995,189.93,102520.15
TWB14,Uvalde_2020_02,29.60214,-99.73007,436.7784,6/28/21,p,2021,04/25/2021 08:40 CDT,97428,19.08,60.89,2.24,8.995,209.09,102508.65
TWB14,Uvalde_2020_02,29.60214,-99.73007,436.7784,6/28/21,p,2021,04/25/2021 08:45 CDT,97425,19.39,60.21,2.175,8.995,223.35,102499.1
TWB14,Uvalde_2020_02,29.60214,-99.73007,436.7784,6/28/21,p,2021,04/25/2021 08:50 CDT,97425,19.79,58.04,1.89,8.995,235.11,102492.21
TWB14,Uvalde_2020_02,29.60214,-99.73007,436.7784,6/28/21,p,2021,04/25/2021 08:55 CDT,97425,19.94,57.37,2.52,8.995,252.11,102487.45
TWB14,Uvalde_2020_02,29.60214,-99.73007,436.7784,6/28/21,p,2021,04/25/2021 09:00 CDT,97422,20.07,55.81,2.58,8.995,266.18,102480.95
TWB14,Uvalde_2020_02,29.60214,-99.73007,436.7784,6/28/21,p,2021,04/25/2021 09:05 CDT,97415,20.16,56.31,2.855,8.995,281.52,102471.64
TWB14,Uvalde_2020_02,29.60214,-99.73007,436.7784,6/28/21,p,2021,04/25/2021 09:10 CDT,97414,20.39,54.78,2.355,8.995,293.16,102466.56
TWB14,Uvalde_2020_02,29.60214,-99.73007,436.7784,6/28/21,p,2021,04/25/2021 09:15 CDT,97412,20.59,54.85,2.595,8.995,308.08,102460.06
TWB14,Uvalde_2020_02,29.60214,-99.73007,436.7784,6/28/21,p,2021,04/25/2021 09:20 CDT,97411,20.78,53.83,2.705,8.995,322.41,102456.38
TWB14,Uvalde_2020_02,29.60214,-99.73007,436.7784,6/28/21,p,2021,04/25/2021 09:25 CDT,97411,21.22,51.93,2.3,8.995,334.14,102449.04
TWB14,Uvalde_2020_02,29.60214,-99.73007,436.7784,6/28/21,p,2021,04/25/2021 09:30 CDT,97417,21.07,51.8,3.65,8.995,355.39,102454.13
TWB14,Uvalde_2020_02,29.60214,-99.73007,436.7784,6/28/21,p,2021,04/25/2021 09:35 CDT,97414,21.1,51.05,2.94,8.995,367.17,102452.55
TWB14,Uvalde_2020_02,29.60214,-99.73007,436.7784,6/28/21,p,2021,04/25/2021 09:40 CDT,97411,21.42,51.11,2.555,8.995,385.45,102443.98
TWB14,Uvalde_2020_02,29.60214,-99.73007,436.7784,6/28/21,p,2021,04/25/2021 09:45 CDT,97415,21.54,50.16,3.08,8.995,370.17,102445.06
TWB14,Uvalde_2020_02,29.60214,-99.73007,436.7784,6/28/21,p,2021,04/25/2021 09:50 CDT,97412,21.61,50.19,2.3,8.995,357.48,102439.99
TWB14,Uvalde_2020_02,29.60214,-99.73007,436.7784,6/28/21,p,2021,04/25/2021 09:55 CDT,97409,21.63,50.22,2.825,8.995,408.65,102435.79
TWB14,Uvalde_2020_02,29.60214,-99.73007,436.7784,6/28/21,p,2021,04/25/2021 10:00 CDT,97410,21.47,51.03,3.855,10.41,437.8,102438.75
TWB14,Uvalde_2020_02,29.60214,-99.73007,436.7784,6/28/21,p,2021,04/25/2021 10:05 CDT,97406,21.62,50.35,3.675,9.745,451.38,102433.16
TWB14,Uvalde_2020_02,29.60214,-99.73007,436.7784,6/28/21,p,2021,04/25/2021 10:10 CDT,97409,21.66,49.81,3.755,9.745,470.63,102435.27
TWB14,Uvalde_2020_02,29.60214,-99.73007,436.7784,6/28/21,p,2021,04/25/2021 10:15 CDT,97405,21.97,49.54,2.975,9.745,442.81,102427.24
TWB14,Uvalde_2020_02,29.60214,-99.73007,436.7784,6/28/21,p,2021,04/25/2021 10:20 CDT,97406,22.13,50.28,2.66,9.745,453.69,102424.99
TWB14,Uvalde_2020_02,29.60214,-99.73007,436.7784,6/28/21,p,2021,04/25/2021 10:25 CDT,97410,22.36,48.66,2.87,9.745,471.26,102425.56
TWB14,Uvalde_2020_02,29.60214,-99.73007,436.7784,6/28/21,p,2021,04/25/2021 10:30 CDT,97416,22.1,50.11,3.8,10.33,491.54,102432.56
TWB14,Uvalde_2020_02,29.60214,-99.73007,436.7784,6/28/21,p,2021,04/25/2021 10:35 CDT,97413,22.38,48.42,2.97,10.16,491.47,102427.85
TWB14,Uvalde_2020_02,29.60214,-99.73007,436.7784,6/28/21,p,2021,04/25/2021 10:40 CDT,97409,22.69,45.92,2.935,10.16,533.9,102418.82
TWB14,Uvalde_2020_02,29.60214,-99.73007,436.7784,6/28/21,p,2021,04/25/2021 10:45 CDT,97406,22.96,45.55,2.76,10.16,540.99,102409.46
TWB14,Uvalde_2020_02,29.60214,-99.73007,436.7784,6/28/21,p,2021,04/25/2021 10:50 CDT,97403,22.96,44.67,3.13,10.16,561.99,102404.93
TWB14,Uvalde_2020_02,29.60214,-99.73007,436.7784,6/28/21,p,2021,04/25/2021 10:55 CDT,97397,23.24,46.29,2.46,10.16,526.74,102394.82
TWB14,Uvalde_2020_02,29.60214,-99.73007,436.7784,6/28/21,p,2021,04/25/2021 11:00 CDT,97401,23.13,43.96,2.745,10.16,540.77,102401.8
TWB14,Uvalde_2020_02,29.60214,-99.73007,436.7784,6/28/21,p,2021,04/25/2021 11:05 CDT,97399,23.66,43.11,2.735,10.16,570.66,102389.39
TWB14,Uvalde_2020_02,29.60214,-99.73007,436.7784,6/28/21,p,2021,04/25/2021 11:10 CDT,97395,23.6,43.99,3.05,10.16,581.29,102384.49
TWB14,Uvalde_2020_02,29.60214,-99.73007,436.7784,6/28/21,p,2021,04/25/2021 11:15 CDT,97394,23.71,43.11,2.615,10.16,559.1,102381.22
TWB14,Uvalde_2020_02,29.60214,-99.73007,436.7784,6/28/21,p,2021,04/25/2021 11:20 CDT,97389,23.78,43.58,2.63,10.16,597.04,102374.93
TWB14,Uvalde_2020_02,29.60214,-99.73007,436.7784,6/28/21,p,2021,04/25/2021 11:25 CDT,97384,24.22,40.61,2.795,10.16,619.22,102363.37
TWB14,Uvalde_2020_02,29.60214,-99.73007,436.7784,6/28/21,p,2021,04/25/2021 11:30 CDT,97380,24.21,41.79,3.205,10.16,608.44,102357.96
TWB14,Uvalde_2020_02,29.60214,-99.73007,436.7784,6/28/21,p,2021,04/25/2021 11:35 CDT,97375,24.43,41.25,2.675,10.16,634.84,102351.86
TWB14,Uvalde_2020_02,29.60214,-99.73007,436.7784,6/28/21,p,2021,04/25/2021 11:40 CDT,97372,24.74,39.4,2.8,10.16,645.15,102342.24
TWB14,Uvalde_2020_02,29.60214,-99.73007,436.7784,6/28/21,p,2021,04/25/2021 11:45 CDT,97369,24.72,39.19,3.085,9.995,656.08,102336.54
TWB14,Uvalde_2020_02,29.60214,-99.73007,436.7784,6/28/21,p,2021,04/25/2021 11:50 CDT,97364,24.88,39.73,2.73,9.995,658.73,102329.92
TWB14,Uvalde_2020_02,29.60214,-99.73007,436.7784,6/28/21,p,2021,04/25/2021 11:55 CDT,97372,25.08,38.59,3.04,9.995,669.67,102335.28
TWB14,Uvalde_2020_02,29.60214,-99.73007,436.7784,6/28/21,p,2021,04/25/2021 12:00 CDT,97370,24.99,39.16,2.925,9.995,653.26,102334.87
TWB14,Uvalde_2020_02,29.60214,-99.73007,436.7784,6/28/21,p,2021,04/25/2021 12:05 CDT,97357,25.25,36.7,3.22,9.995,686.98,102317.5
TWB14,Uvalde_2020_02,29.60214,-99.73007,436.7784,6/28/21,p,2021,04/25/2021 12:10 CDT,97348,25.26,36.23,2.995,9.995,693.06,102305.84
TWB14,Uvalde_2020_02,29.60214,-99.73007,436.7784,6/28/21,p,2021,04/25/2021 12:15 CDT,97340,25.46,36.22,3.35,9.995,706.57,102294.9
TWB14,Uvalde_2020_02,29.60214,-99.73007,436.7784,6/28/21,p,2021,04/25/2021 12:20 CDT,97341,25.62,33.43,3.28,9.995,707.14,102292.25
TWB14,Uvalde_2020_02,29.60214,-99.73007,436.7784,6/28/21,p,2021,04/25/2021 12:25 CDT,97328,26.18,31.98,2.63,9.995,678.31,102272.03
TWB14,Uvalde_2020_02,29.60214,-99.73007,436.7784,6/28/21,p,2021,04/25/2021 12:30 CDT,97308,26.67,34.13,2.2,9.995,715.68,102240.9
TWB14,Uvalde_2020_02,29.60214,-99.73007,436.7784,6/28/21,p,2021,04/25/2021 12:35 CDT,97285,26.24,33.96,3.275,10.16,650.24,102221.44
TWB14,Uvalde_2020_02,29.60214,-99.73007,436.7784,6/28/21,p,2021,04/25/2021 12:40 CDT,97280,26,33.93,4.045,9.495,753.63,102221.74
TWB14,Uvalde_2020_02,29.60214,-99.73007,436.7784,6/28/21,p,2021,04/25/2021 12:45 CDT,97273,26.49,32.35,2.345,9.495,644.2,102209.18
TWB14,Uvalde_2020_02,29.60214,-99.73007,436.7784,6/28/21,p,2021,04/25/2021 12:50 CDT,97259,26.95,31.23,2.86,9.495,715.92,102185.93
TWB14,Uvalde_2020_02,29.60214,-99.73007,436.7784,6/28/21,p,2021,04/25/2021 12:55 CDT,97256,27.24,30.9,2.935,9.495,654.19,102176.59
TWB14,Uvalde_2020_02,29.60214,-99.73007,436.7784,6/28/21,p,2021,04/25/2021 13:00 CDT,97253,27.38,29.85,2.85,9.495,735.01,102171.28
TWB14,Uvalde_2020_02,29.60214,-99.73007,436.7784,6/28/21,p,2021,04/25/2021 13:05 CDT,97250,27.28,30.02,3.33,9.495,770.49,102166.79
TWB14,Uvalde_2020_02,29.60214,-99.73007,436.7784,6/28/21,p,2021,04/25/2021 13:10 CDT,97243,27.31,30.53,3.685,9.495,757.64,102160.27
TWB14,Uvalde_2020_02,29.60214,-99.73007,436.7784,6/28/21,p,2021,04/25/2021 13:15 CDT,97232,27.44,29.82,2.935,9.495,754.16,102147.72
TWB14,Uvalde_2020_02,29.60214,-99.73007,436.7784,6/28/21,p,2021,04/25/2021 13:20 CDT,97224,27.36,29.55,3.92,9.995,752.41,102138.98
TWB14,Uvalde_2020_02,29.60214,-99.73007,436.7784,6/28/21,p,2021,04/25/2021 13:25 CDT,97222,27.46,28.81,3.655,10.08,742.76,102137.22
TWB14,Uvalde_2020_02,29.60214,-99.73007,436.7784,6/28/21,p,2021,04/25/2021 13:30 CDT,97209,27.93,28.6,4.21,10.495,756.57,102114.92
TWB14,Uvalde_2020_02,29.60214,-99.73007,436.7784,6/28/21,p,2021,04/25/2021 13:35 CDT,97196,27.6,29.04,3.635,10.495,756.75,102104.91
TWB14,Uvalde_2020_02,29.60214,-99.73007,436.7784,6/28/21,p,2021,04/25/2021 13:40 CDT,97174,28.02,29.07,2.825,10.495,749.12,102077.15
TWB14,Uvalde_2020_02,29.60214,-99.73007,436.7784,6/28/21,p,2021,04/25/2021 13:45 CDT,97162,28.15,27.86,3.555,10.495,744.07,102062.4
TWB14,Uvalde_2020_02,29.60214,-99.73007,436.7784,6/28/21,p,2021,04/25/2021 13:50 CDT,97150,28.28,29.11,3.17,9.745,755.32,102048.46
TWB14,Uvalde_2020_02,29.60214,-99.73007,436.7784,6/28/21,p,2021,04/25/2021 13:55 CDT,97137,28.55,27.69,2.855,9.745,750.94,102030.68
TWB14,Uvalde_2020_02,29.60214,-99.73007,436.7784,6/28/21,p,2021,04/25/2021 14:00 CDT,97133,28.56,27.63,3.645,9.91,753.71,102023.5
TWB14,Uvalde_2020_02,29.60214,-99.73007,436.7784,6/28/21,p,2021,04/25/2021 14:05 CDT,97120,28.4,28.43,3.19,9.745,747.83,102012.65
TWB14,Uvalde_2020_02,29.60214,-99.73007,436.7784,6/28/21,p,2021,04/25/2021 14:10 CDT,97112,28.73,26.89,3.705,9.91,754.69,101999.8
TWB14,Uvalde_2020_02,29.60214,-99.73007,436.7784,6/28/21,p,2021,04/25/2021 14:15 CDT,97098,28.77,26.58,3.465,9.91,749.34,101984.28
TWB14,Uvalde_2020_02,29.60214,-99.73007,436.7784,6/28/21,p,2021,04/25/2021 14:20 CDT,97087,28.83,27.69,3.795,9.91,753.62,101972.38
TWB14,Uvalde_2020_02,29.60214,-99.73007,436.7784,6/28/21,p,2021,04/25/2021 14:25 CDT,97069,29.07,26.44,2.935,9.91,751.8,101949.7
TWB14,Uvalde_2020_02,29.60214,-99.73007,436.7784,6/28/21,p,2021,04/25/2021 14:30 CDT,97059,29.19,26.58,2.875,9.91,755.21,101935.25
TWB14,Uvalde_2020_02,29.60214,-99.73007,436.7784,6/28/21,p,2021,04/25/2021 14:35 CDT,97049,29.72,26.04,2.655,9.91,745.91,101918.68
TWB14,Uvalde_2020_02,29.60214,-99.73007,436.7784,6/28/21,p,2021,04/25/2021 14:40 CDT,97036,29.66,26.34,3.47,9.91,754.53,101903.06
TWB14,Uvalde_2020_02,29.60214,-99.73007,436.7784,6/28/21,p,2021,04/25/2021 14:45 CDT,97019,29.45,26.11,3.225,10.58,745.59,101886.19
TWB14,Uvalde_2020_02,29.60214,-99.73007,436.7784,6/28/21,p,2021,04/25/2021 14:50 CDT,97003,29.39,25.7,4.16,10.58,756.97,101872.51
TWB14,Uvalde_2020_02,29.60214,-99.73007,436.7784,6/28/21,p,2021,04/25/2021 14:55 CDT,96999,29.51,26.27,3.58,10.08,756.49,101866.66
TWB14,Uvalde_2020_02,29.60214,-99.73007,436.7784,6/28/21,p,2021,04/25/2021 15:00 CDT,96985,29.49,26.01,3.5,10.08,744.97,101852.78
TWB14,Uvalde_2020_02,29.60214,-99.73007,436.7784,6/28/21,p,2021,04/25/2021 15:05 CDT,96973,29.73,26.98,3.715,10.08,644.93,101836.4
TWB14,Uvalde_2020_02,29.60214,-99.73007,436.7784,6/28/21,p,2021,04/25/2021 15:10 CDT,96973,29.74,25.4,3.53,10.08,719.38,101836.75
TWB14,Uvalde_2020_02,29.60214,-99.73007,436.7784,6/28/21,p,2021,04/25/2021 15:15 CDT,96960,29.83,25.37,3.03,10.08,648.94,101821.95
TWB14,Uvalde_2020_02,29.60214,-99.73007,436.7784,6/28/21,p,2021,04/25/2021 15:20 CDT,96946,30.16,25.23,3.77,10.245,652.65,101802.84
TWB14,Uvalde_2020_02,29.60214,-99.73007,436.7784,6/28/21,p,2021,04/25/2021 15:25 CDT,96954,29.98,24.59,4.195,10.495,670.49,101811.74
TWB14,Uvalde_2020_02,29.60214,-99.73007,436.7784,6/28/21,p,2021,04/25/2021 15:30 CDT,96943,29.92,24.96,4.09,10.16,587.58,101802.47
TWB14,Uvalde_2020_02,29.60214,-99.73007,436.7784,6/28/21,p,2021,04/25/2021 15:35 CDT,96922,30.16,24.02,2.69,10.16,455.56,101780.26
TWB14,Uvalde_2020_02,29.60214,-99.73007,436.7784,6/28/21,p,2021,04/25/2021 15:40 CDT,96914,30.17,23.88,3.09,10.16,602.78,101770.23
TWB14,Uvalde_2020_02,29.60214,-99.73007,436.7784,6/28/21,p,2021,04/25/2021 15:45 CDT,96914,30.53,22.3,3.575,10.16,674.24,101763.89
TWB14,Uvalde_2020_02,29.60214,-99.73007,436.7784,6/28/21,p,2021,04/25/2021 15:50 CDT,96895,30.6,23.04,2.775,9.91,660.44,101741.98
TWB14,Uvalde_2020_02,29.60214,-99.73007,436.7784,6/28/21,p,2021,04/25/2021 15:55 CDT,96884,30.52,23.44,3.56,9.91,547.25,101730.91
TWB14,Uvalde_2020_02,29.60214,-99.73007,436.7784,6/28/21,p,2021,04/25/2021 16:00 CDT,96877,30.16,23.68,4.045,10.495,401.39,101730.4
TWB14,Uvalde_2020_02,29.60214,-99.73007,436.7784,6/28/21,p,2021,04/25/2021 16:05 CDT,96877,30.22,23.01,3.395,10.16,662.97,101732.04
TWB14,Uvalde_2020_02,29.60214,-99.73007,436.7784,6/28/21,p,2021,04/25/2021 16:10 CDT,96864,30.43,23.75,3.02,10.16,642.97,101714.14
TWB14,Uvalde_2020_02,29.60214,-99.73007,436.7784,6/28/21,p,2021,04/25/2021 16:15 CDT,96853,30.79,22.87,2.95,10.16,588.99,101695.28
TWB14,Uvalde_2020_02,29.60214,-99.73007,436.7784,6/28/21,p,2021,04/25/2021 16:20 CDT,96846,30.44,23.98,3.675,10.16,429.54,101691.98
TWB14,Uvalde_2020_02,29.60214,-99.73007,436.7784,6/28/21,p,2021,04/25/2021 16:25 CDT,96831,30.07,24.22,2.89,10.16,410.53,101684.54
TWB14,Uvalde_2020_02,29.60214,-99.73007,436.7784,6/28/21,p,2021,04/25/2021 16:30 CDT,96817,30.29,23.21,2.83,10.16,511.25,101666.75
TWB14,Uvalde_2020_02,29.60214,-99.73007,436.7784,6/28/21,p,2021,04/25/2021 16:35 CDT,96816,30.48,24.12,3.625,10.16,529.5,101662.59
TWB14,Uvalde_2020_02,29.60214,-99.73007,436.7784,6/28/21,p,2021,04/25/2021 16:40 CDT,96808,30.43,23.58,3.24,10.16,535.75,101655.18
TWB14,Uvalde_2020_02,29.60214,-99.73007,436.7784,6/28/21,p,2021,04/25/2021 16:45 CDT,96795,30.78,24.05,3.425,10.245,442.88,101635.99
TWB14,Uvalde_2020_02,29.60214,-99.73007,436.7784,6/28/21,p,2021,04/25/2021 16:50 CDT,96782,30.45,24.35,3.13,10.245,437.91,101627.21
TWB14,Uvalde_2020_02,29.60214,-99.73007,436.7784,6/28/21,p,2021,04/25/2021 16:55 CDT,96780,30.56,23.68,3.885,10.245,506.25,101625.12
TWB14,Uvalde_2020_02,29.60214,-99.73007,436.7784,6/28/21,p,2021,04/25/2021 17:00 CDT,96779,30.63,23.11,3.405,10.245,421.44,101622.29
TWB14,Uvalde_2020_02,29.60214,-99.73007,436.7784,6/28/21,p,2021,04/25/2021 17:05 CDT,96778,30.85,23.38,3.4,10.245,463.96,101617.99
TWB14,Uvalde_2020_02,29.60214,-99.73007,436.7784,6/28/21,p,2021,04/25/2021 17:10 CDT,96765,31.08,22.84,2.735,10.245,498.19,101600.77
TWB14,Uvalde_2020_02,29.60214,-99.73007,436.7784,6/28/21,p,2021,04/25/2021 17:15 CDT,96757,31.32,22.87,3.525,10.245,442.45,101588.33
TWB14,Uvalde_2020_02,29.60214,-99.73007,436.7784,6/28/21,p,2021,04/25/2021 17:20 CDT,96763,31.05,23.21,3.42,9.745,369.98,101596.4
TWB14,Uvalde_2020_02,29.60214,-99.73007,436.7784,6/28/21,p,2021,04/25/2021 17:25 CDT,96743,30.9,22.74,3.215,9.745,326.48,101580.43
TWB14,Uvalde_2020_02,29.60214,-99.73007,436.7784,6/28/21,p,2021,04/25/2021 17:30 CDT,96741,30.9,23.24,3.085,9.745,389.28,101578.81
TWB14,Uvalde_2020_02,29.60214,-99.73007,436.7784,6/28/21,p,2021,04/25/2021 17:35 CDT,96753,31.03,22.57,3.75,9.745,412.55,101589.64
TWB14,Uvalde_2020_02,29.60214,-99.73007,436.7784,6/28/21,p,2021,04/25/2021 17:40 CDT,96753,30.97,23.38,3.22,9.745,382.1,101590.28
TWB14,Uvalde_2020_02,29.60214,-99.73007,436.7784,6/28/21,p,2021,04/25/2021 17:45 CDT,96741,31.2,22.91,2.76,9.745,359.61,101575.09
TWB14,Uvalde_2020_02,29.60214,-99.73007,436.7784,6/28/21,p,2021,04/25/2021 17:50 CDT,96731,31.19,22.84,3.11,9.745,324.12,101563.62
TWB14,Uvalde_2020_02,29.60214,-99.73007,436.7784,6/28/21,p,2021,04/25/2021 17:55 CDT,96730,30.94,22.94,3.68,9.745,301.94,101565.81
TWB14,Uvalde_2020_02,29.60214,-99.73007,436.7784,6/28/21,p,2021,04/25/2021 18:00 CDT,96723,31.06,22.57,3.195,9.745,318.27,101558.62
TWB14,Uvalde_2020_02,29.60214,-99.73007,436.7784,6/28/21,p,2021,04/25/2021 18:05 CDT,96719,31.07,22.4,2.59,9.745,261.41,101554.91
TWB14,Uvalde_2020_02,29.60214,-99.73007,436.7784,6/28/21,p,2021,04/25/2021 18:10 CDT,96715,31.18,22.34,3.62,9.745,295.21,101549.09
TWB14,Uvalde_2020_02,29.60214,-99.73007,436.7784,6/28/21,p,2021,04/25/2021 18:15 CDT,96715,31.28,22.5,3.215,9.745,273.32,101547.15
TWB14,Uvalde_2020_02,29.60214,-99.73007,436.7784,6/28/21,p,2021,04/25/2021 18:20 CDT,96717,31.1,23.04,3.58,9.745,232.89,101550.7
TWB14,Uvalde_2020_02,29.60214,-99.73007,436.7784,6/28/21,p,2021,04/25/2021 18:25 CDT,96720,30.94,23.14,3.82,9.745,195.43,101557.25
TWB14,Uvalde_2020_02,29.60214,-99.73007,436.7784,6/28/21,p,2021,04/25/2021 18:30 CDT,96716,30.86,23.35,2.43,9.745,189.38,101555.81
TWB14,Uvalde_2020_02,29.60214,-99.73007,436.7784,6/28/21,p,2021,04/25/2021 18:35 CDT,96707,30.96,23.28,2.14,9.745,173.01,101544.74
TWB14,Uvalde_2020_02,29.60214,-99.73007,436.7784,6/28/21,p,2021,04/25/2021 18:40 CDT,96703,30.88,23.82,2.205,9.745,183.25,101541.99
TWB14,Uvalde_2020_02,29.60214,-99.73007,436.7784,6/28/21,p,2021,04/25/2021 18:45 CDT,96703,31.07,23.28,2.645,9.745,204.14,101539.72
TWB14,Uvalde_2020_02,29.60214,-99.73007,436.7784,6/28/21,p,2021,04/25/2021 18:50 CDT,96704,31.14,23.18,3.32,9.745,201.75,101539.15
TWB14,Uvalde_2020_02,29.60214,-99.73007,436.7784,6/28/21,p,2021,04/25/2021 18:55 CDT,96710,31.03,23.14,3.225,9.745,180.09,101547.08
TWB14,Uvalde_2020_02,29.60214,-99.73007,436.7784,6/28/21,p,2021,04/25/2021 19:00 CDT,96716,30.95,22.67,3.215,9.745,156.95,101555.33
TWB14,Uvalde_2020_02,29.60214,-99.73007,436.7784,6/28/21,p,2021,04/25/2021 19:05 CDT,96714,30.92,23.04,2.895,9.745,129.34,101553.87
TWB14,Uvalde_2020_02,29.60214,-99.73007,436.7784,6/28/21,p,2021,04/25/2021 19:10 CDT,96718,30.83,23.28,3.39,9.745,123.68,101559.7
TWB14,Uvalde_2020_02,29.60214,-99.73007,436.7784,6/28/21,p,2021,04/25/2021 19:15 CDT,96717,30.68,23.14,3.355,9.745,110.75,101561.58
TWB14,Uvalde_2020_02,29.60214,-99.73007,436.7784,6/28/21,p,2021,04/25/2021 19:20 CDT,96716,30.6,23.25,2.87,9.745,94.12,101562.48
TWB14,Uvalde_2020_02,29.60214,-99.73007,436.7784,6/28/21,p,2021,04/25/2021 19:25 CDT,96706,30.51,23.04,2.9,9.745,52.63,101553.77
TWB14,Uvalde_2020_02,29.60214,-99.73007,436.7784,6/28/21,p,2021,04/25/2021 19:30 CDT,96706,30.29,22.94,3.055,9.745,32.57,101557.04
TWB14,Uvalde_2020_02,29.60214,-99.73007,436.7784,6/28/21,p,2021,04/25/2021 19:35 CDT,96706,30.11,22.95,2.905,9.745,27.08,101560.47
TWB14,Uvalde_2020_02,29.60214,-99.73007,436.7784,6/28/21,p,2021,04/25/2021 19:40 CDT,96705,29.94,23.35,2.915,9.745,22.63,101562.52
TWB14,Uvalde_2020_02,29.60214,-99.73007,436.7784,6/28/21,p,2021,04/25/2021 19:45 CDT,96703,29.79,23.62,3.04,9.745,17.7,101563.36
TWB14,Uvalde_2020_02,29.60214,-99.73007,436.7784,6/28/21,p,2021,04/25/2021 19:50 CDT,96702,29.57,24.36,1.95,9.745,14.55,101565.75
TWB14,Uvalde_2020_02,29.60214,-99.73007,436.7784,6/28/21,p,2021,04/25/2021 19:55 CDT,96700,29.44,24.5,2.55,9.745,10.16,101567.09
TWB14,Uvalde_2020_02,29.60214,-99.73007,436.7784,6/28/21,p,2021,04/25/2021 20:00 CDT,96700,29.39,24.67,2.745,9.745,6.21,101568.08
TWB14,Uvalde_2020_02,29.60214,-99.73007,436.7784,6/28/21,p,2021,04/25/2021 20:05 CDT,96697,29.27,25.04,2.14,9.745,4.02,101566.57
TWB14,Uvalde_2020_02,29.60214,-99.73007,436.7784,6/28/21,p,2021,04/25/2021 20:10 CDT,96703,29.18,25,2.765,9.745,1.25,101575.34
TWB14,Uvalde_2020_02,29.60214,-99.73007,436.7784,6/28/21,p,2021,04/25/2021 20:15 CDT,96702,29.15,25,2.37,9.745,0.22,101574.62
TWB14,Uvalde_2020_02,29.60214,-99.73007,436.7784,6/28/21,p,2021,04/25/2021 20:20 CDT,96700,29.05,25.24,2.35,9.745,0.06,101573.83
TWB14,Uvalde_2020_02,29.60214,-99.73007,436.7784,6/28/21,p,2021,04/25/2021 20:25 CDT,96703,28.94,25.38,2.32,9.745,0,101578.96
TWB14,Uvalde_2020_02,29.60214,-99.73007,436.7784,6/28/21,p,2021,04/25/2021 20:30 CDT,96711,28.85,25.31,2.69,9.745,0,101589.18
TWB14,Uvalde_2020_02,29.60214,-99.73007,436.7784,6/28/21,p,2021,04/25/2021 20:35 CDT,96718,28.79,25.45,2.585,9.745,0,101597.85
TWB14,Uvalde_2020_02,29.60214,-99.73007,436.7784,6/28/21,p,2021,04/25/2021 20:40 CDT,96720,28.68,25.85,2.615,9.745,0,101601.1
TWB14,Uvalde_2020_02,29.60214,-99.73007,436.7784,6/28/21,p,2021,04/25/2021 20:45 CDT,96726,28.54,26.43,2.3,9.745,0,101609.55
TWB14,Uvalde_2020_02,29.60214,-99.73007,436.7784,6/28/21,p,2021,04/25/2021 20:50 CDT,96729,28.44,27,2.765,9.745,0,101614.51
TWB14,Uvalde_2020_02,29.60214,-99.73007,436.7784,6/28/21,p,2021,04/25/2021 20:55 CDT,96735,28.35,28.08,2.835,9.745,0,101622.13
TWB14,Uvalde_2020_02,29.60214,-99.73007,436.7784,6/28/21,p,2021,04/25/2021 21:00 CDT,96740,28.27,29.56,3.55,9.745,0,101628.03
TWB14,Uvalde_2020_02,29.60214,-99.73007,436.7784,6/28/21,p,2021,04/25/2021 21:05 CDT,96738,28.13,30.57,3.63,9.745,0,101627.91
TWB14,Uvalde_2020_02,29.60214,-99.73007,436.7784,6/28/21,p,2021,04/25/2021 21:10 CDT,96742,27.96,31.35,2.9,9.745,0,101634.76
TWB14,Uvalde_2020_02,29.60214,-99.73007,436.7784,6/28/21,p,2021,04/25/2021 21:15 CDT,96752,27.83,31.88,3.235,10.16,0.02,101647.75
TWB14,Uvalde_2020_02,29.60214,-99.73007,436.7784,6/28/21,p,2021,04/25/2021 21:20 CDT,96754,27.74,32.52,3.37,10.16,0,101651.34
TWB14,Uvalde_2020_02,29.60214,-99.73007,436.7784,6/28/21,p,2021,04/25/2021 21:25 CDT,96765,27.61,33.37,3.405,10.16,0,101664.72
TWB14,Uvalde_2020_02,29.60214,-99.73007,436.7784,6/28/21,p,2021,04/25/2021 21:30 CDT,96782,27.5,34.01,3.49,10.495,0,101684.74
TWB14,Uvalde_2020_02,29.60214,-99.73007,436.7784,6/28/21,p,2021,04/25/2021 21:35 CDT,96787,27.4,34.35,3.41,10.495,0,101691.65
TWB14,Uvalde_2020_02,29.60214,-99.73007,436.7784,6/28/21,p,2021,04/25/2021 21:40 CDT,96796,27.26,34.75,3.825,10.495,0,101703.27
TWB14,Uvalde_2020_02,29.60214,-99.73007,436.7784,6/28/21,p,2021,04/25/2021 21:45 CDT,96808,27.07,35.93,3.19,9.385,0,101718.71
TWB14,Uvalde_2020_02,29.60214,-99.73007,436.7784,6/28/21,p,2021,04/25/2021 21:50 CDT,96811,26.97,36.98,4.265,9.715,0,101723.86
TWB14,Uvalde_2020_02,29.60214,-99.73007,436.7784,6/28/21,p,2021,04/25/2021 21:55 CDT,96815,26.81,37.85,3.675,9.715,0,101730.4
TWB14,Uvalde_2020_02,29.60214,-99.73007,436.7784,6/28/21,p,2021,04/25/2021 22:00 CDT,96827,26.6,39.07,3.155,9.715,0.08,101746.35
TWB14,Uvalde_2020_02,29.60214,-99.73007,436.7784,6/28/21,p,2021,04/25/2021 22:05 CDT,96830,26.46,39.88,3.695,9.715,0,101752.18
TWB14,Uvalde_2020_02,29.60214,-99.73007,436.7784,6/28/21,p,2021,04/25/2021 22:10 CDT,96847,26.35,40.42,4.04,8.885,0,101772.05
TWB14,Uvalde_2020_02,29.60214,-99.73007,436.7784,6/28/21,p,2021,04/25/2021 22:15 CDT,96855,26.23,41.36,4.3,9.715,0,101781.96
TWB14,Uvalde_2020_02,29.60214,-99.73007,436.7784,6/28/21,p,2021,04/25/2021 22:20 CDT,96861,26.09,41.9,4.31,10.515,0,101790.79
TWB14,Uvalde_2020_02,29.60214,-99.73007,436.7784,6/28/21,p,2021,04/25/2021 22:25 CDT,96866,25.94,42.64,4.23,10.515,0,101798.22
TWB14,Uvalde_2020_02,29.60214,-99.73007,436.7784,6/28/21,p,2021,04/25/2021 22:30 CDT,96867,25.77,43.25,4.195,10.515,0,101802.3
TWB14,Uvalde_2020_02,29.60214,-99.73007,436.7784,6/28/21,p,2021,04/25/2021 22:35 CDT,96869,25.6,43.89,3.15,10.515,0.19,101806.93
TWB14,Uvalde_2020_02,29.60214,-99.73007,436.7784,6/28/21,p,2021,04/25/2021 22:40 CDT,96877,25.43,44.59,3.415,10.515,0.01,101818.55
TWB14,Uvalde_2020_02,29.60214,-99.73007,436.7784,6/28/21,p,2021,04/25/2021 22:45 CDT,96882,25.28,45.27,3.705,10.515,0.02,101826.16
TWB14,Uvalde_2020_02,29.60214,-99.73007,436.7784,6/28/21,p,2021,04/25/2021 22:50 CDT,96893,25.1,46.79,3.5,10.515,0.03,101840.42
TWB14,Uvalde_2020_02,29.60214,-99.73007,436.7784,6/28/21,p,2021,04/25/2021 22:55 CDT,96899,24.94,47.56,3.635,10.515,0,101849.78
TWB14,Uvalde_2020_02,29.60214,-99.73007,436.7784,6/28/21,p,2021,04/25/2021 23:00 CDT,96903,24.76,48.07,2.86,10.515,0.16,101856.86
TWB14,Uvalde_2020_02,29.60214,-99.73007,436.7784,6/28/21,p,2021,04/25/2021 23:05 CDT,96914,24.62,48.1,3.01,10.515,0,101871.15
TWB14,Uvalde_2020_02,29.60214,-99.73007,436.7784,6/28/21,p,2021,04/25/2021 23:10 CDT,96917,24.51,48.51,3.325,10.515,0,101876.34
TWB14,Uvalde_2020_02,29.60214,-99.73007,436.7784,6/28/21,p,2021,04/25/2021 23:15 CDT,96925,24.35,49.15,3.865,10.515,0,101887.3
TWB14,Uvalde_2020_02,29.60214,-99.73007,436.7784,6/28/21,p,2021,04/25/2021 23:20 CDT,96931,24.18,50.16,3.795,10.515,0,101896.16
TWB14,Uvalde_2020_02,29.60214,-99.73007,436.7784,6/28/21,p,2021,04/25/2021 23:25 CDT,96936,23.97,51.41,3.17,10.015,0.08,101904.82
TWB14,Uvalde_2020_02,29.60214,-99.73007,436.7784,6/28/21,p,2021,04/25/2021 23:30 CDT,96936,23.8,52.22,4.325,11.1,0,101908.06
TWB14,Uvalde_2020_02,29.60214,-99.73007,436.7784,6/28/21,p,2021,04/25/2021 23:35 CDT,96932,23.64,52.69,3.395,9.935,0,101906.42
TWB14,Uvalde_2020_02,29.60214,-99.73007,436.7784,6/28/21,p,2021,04/25/2021 23:40 CDT,96938,23.5,52.99,3.105,9.935,0,101915.3
TWB14,Uvalde_2020_02,29.60214,-99.73007,436.7784,6/28/21,p,2021,04/25/2021 23:45 CDT,96945,23.41,52.96,2.88,9.935,0,101924.2
TWB14,Uvalde_2020_02,29.60214,-99.73007,436.7784,6/28/21,p,2021,04/25/2021 23:50 CDT,96944,23.3,52.63,2.965,9.935,0,101925.39
TWB14,Uvalde_2020_02,29.60214,-99.73007,436.7784,6/28/21,p,2021,04/25/2021 23:55 CDT,96955,23.21,52.16,3.11,9.935,0,101938.84
TWB14,Uvalde_2020_02,29.60214,-99.73007,436.7784,6/28/21,p,2021,04/26/2021 00:00 CDT,96960,23.15,52.16,2.575,9.935,0,101945.13
TWB14,Uvalde_2020_02,29.60214,-99.73007,436.7784,6/28/21,p,2021,04/26/2021 00:05 CDT,96961,23.02,52.03,2.355,9.935,0,101948.59
TWB14,Uvalde_2020_02,29.60214,-99.73007,436.7784,6/28/21,p,2021,04/26/2021 00:10 CDT,96960,22.89,52.3,2.7,9.935,0,101949.44
TWB14,Uvalde_2020_02,29.60214,-99.73007,436.7784,6/28/21,p,2021,04/26/2021 00:15 CDT,96949,22.77,52.43,2.54,9.935,0,101940.11
TWB14,Uvalde_2020_02,29.60214,-99.73007,436.7784,6/28/21,p,2021,04/26/2021 00:20 CDT,96950,22.65,52.77,3.195,9.935,0,101943.4
TWB14,Uvalde_2020_02,29.60214,-99.73007,436.7784,6/28/21,p,2021,04/26/2021 00:25 CDT,96958,22.51,53.38,2.545,9.935,0,101953.71
TWB14,Uvalde_2020_02,29.60214,-99.73007,436.7784,6/28/21,p,2021,04/26/2021 00:30 CDT,96958,22.38,53.88,2.535,9.935,0,101956.12
TWB14,Uvalde_2020_02,29.60214,-99.73007,436.7784,6/28/21,p,2021,04/26/2021 00:35 CDT,96948,22.22,54.59,2.76,9.935,0.01,101948.72
TWB14,Uvalde_2020_02,29.60214,-99.73007,436.7784,6/28/21,p,2021,04/26/2021 00:40 CDT,96941,22.12,55.81,2.72,9.935,0,101942.9
TWB14,Uvalde_2020_02,29.60214,-99.73007,436.7784,6/28/21,p,2021,04/26/2021 00:45 CDT,96938,21.93,56.95,2.375,9.935,0.02,101942.69
TWB14,Uvalde_2020_02,29.60214,-99.73007,436.7784,6/28/21,p,2021,04/26/2021 00:50 CDT,96930,21.82,57.83,2.365,9.935,0,101936.52
TWB14,Uvalde_2020_02,29.60214,-99.73007,436.7784,6/28/21,p,2021,04/26/2021 00:55 CDT,96928,21.72,58.4,3.04,9.935,0,101936.5
TWB14,Uvalde_2020_02,29.60214,-99.73007,436.7784,6/28/21,p,2021,04/26/2021 01:00 CDT,96929,21.67,58.1,3.075,9.935,0,101938.59
TWB14,Uvalde_2020_02,29.60214,-99.73007,436.7784,6/28/21,p,2021,04/26/2021 01:05 CDT,96929,21.59,58.5,2.76,9.935,0,101939.81
TWB14,Uvalde_2020_02,29.60214,-99.73007,436.7784,6/28/21,p,2021,04/26/2021 01:10 CDT,96936,21.47,59.41,2.435,9.935,0,101948.9
TWB14,Uvalde_2020_02,29.60214,-99.73007,436.7784,6/28/21,p,2021,04/26/2021 01:15 CDT,96939,21.33,60.33,2.52,9.935,0,101954.49
TWB14,Uvalde_2020_02,29.60214,-99.73007,436.7784,6/28/21,p,2021,04/26/2021 01:20 CDT,96934,21.2,61.48,2.59,9.935,0,101951.31
TWB14,Uvalde_2020_02,29.60214,-99.73007,436.7784,6/28/21,p,2021,04/26/2021 01:25 CDT,96928,21.05,62.86,2.125,9.935,0,101947.43
TWB14,Uvalde_2020_02,29.60214,-99.73007,436.7784,6/28/21,p,2021,04/26/2021 01:30 CDT,96925,20.91,63.97,2.485,9.935,0,101946.89
TWB14,Uvalde_2020_02,29.60214,-99.73007,436.7784,6/28/21,p,2021,04/26/2021 01:35 CDT,96923,20.81,64.45,2.485,9.935,0,101947.05
TWB14,Uvalde_2020_02,29.60214,-99.73007,436.7784,6/28/21,p,2021,04/26/2021 01:40 CDT,96922,20.7,66.61,2.525,9.935,0,101947.56
TWB14,Uvalde_2020_02,29.60214,-99.73007,436.7784,6/28/21,p,2021,04/26/2021 01:45 CDT,96920,20.6,67.35,2.36,9.935,0,101947.37
TWB14,Uvalde_2020_02,29.60214,-99.73007,436.7784,6/28/21,p,2021,04/26/2021 01:50 CDT,96920,20.41,69.17,1.95,9.935,0,101949.99
TWB14,Uvalde_2020_02,29.60214,-99.73007,436.7784,6/28/21,p,2021,04/26/2021 01:55 CDT,96921,20.29,70.38,2.215,9.935,0,101953.84
TWB14,Uvalde_2020_02,29.60214,-99.73007,436.7784,6/28/21,p,2021,04/26/2021 02:00 CDT,96924,20.21,70.82,1.82,9.935,0,101958.22
TWB14,Uvalde_2020_02,29.60214,-99.73007,436.7784,6/28/21,p,2021,04/26/2021 02:05 CDT,96922,20.1,71.66,1.755,9.935,0,101957.87
TWB14,Uvalde_2020_02,29.60214,-99.73007,436.7784,6/28/21,p,2021,04/26/2021 02:10 CDT,96922,20.01,73.42,2.415,9.935,0,101960.14
TWB14,Uvalde_2020_02,29.60214,-99.73007,436.7784,6/28/21,p,2021,04/26/2021 02:15 CDT,96923,19.93,74.5,2.145,9.935,0,101962.41
TWB14,Uvalde_2020_02,29.60214,-99.73007,436.7784,6/28/21,p,2021,04/26/2021 02:20 CDT,96914,19.84,75.45,2.2,9.935,0,101954
TWB14,Uvalde_2020_02,29.60214,-99.73007,436.7784,6/28/21,p,2021,04/26/2021 02:25 CDT,96900,19.69,77,1.765,9.935,0,101941.55
TWB14,Uvalde_2020_02,29.60214,-99.73007,436.7784,6/28/21,p,2021,04/26/2021 02:30 CDT,96900,19.61,78.82,2.57,9.935,0,101943.47
TWB14,Uvalde_2020_02,29.60214,-99.73007,436.7784,6/28/21,p,2021,04/26/2021 02:35 CDT,96901,19.58,79.67,3.01,9.935,0,101944.87
TWB14,Uvalde_2020_02,29.60214,-99.73007,436.7784,6/28/21,p,2021,04/26/2021 02:40 CDT,96901,19.49,79.9,2.875,9.935,0,101946.46
TWB14,Uvalde_2020_02,29.60214,-99.73007,436.7784,6/28/21,p,2021,04/26/2021 02:45 CDT,96902,19.44,79.97,2.48,9.935,0,101948.57
TWB14,Uvalde_2020_02,29.60214,-99.73007,436.7784,6/28/21,p,2021,04/26/2021 02:50 CDT,96900,19.33,80.9,3.055,9.935,0,101948.22
TWB14,Uvalde_2020_02,29.60214,-99.73007,436.7784,6/28/21,p,2021,04/26/2021 02:55 CDT,96900,19.26,81.7,2.61,9.935,0,101949.1
TWB14,Uvalde_2020_02,29.60214,-99.73007,436.7784,6/28/21,p,2021,04/26/2021 03:00 CDT,96894,19.15,82.2,2.62,9.935,0,101944.9
TWB14,Uvalde_2020_02,29.60214,-99.73007,436.7784,6/28/21,p,2021,04/26/2021 03:05 CDT,96884,19.09,82.7,3.03,9.935,0,101935.62
TWB14,Uvalde_2020_02,29.60214,-99.73007,436.7784,6/28/21,p,2021,04/26/2021 03:10 CDT,96873,19.05,82.8,3.275,9.935,0,101924.75
TWB14,Uvalde_2020_02,29.60214,-99.73007,436.7784,6/28/21,p,2021,04/26/2021 03:15 CDT,96874,18.99,83.4,2.47,9.935,0,101926.33
TWB14,Uvalde_2020_02,29.60214,-99.73007,436.7784,6/28/21,p,2021,04/26/2021 03:20 CDT,96876,18.91,83.4,2.58,9.935,0,101930.2
TWB14,Uvalde_2020_02,29.60214,-99.73007,436.7784,6/28/21,p,2021,04/26/2021 03:25 CDT,96879,18.83,84.2,2.24,9.935,0,101935.12
TWB14,Uvalde_2020_02,29.60214,-99.73007,436.7784,6/28/21,p,2021,04/26/2021 03:30 CDT,96885,18.76,84.6,2.465,9.935,0,101942.5
TWB14,Uvalde_2020_02,29.60214,-99.73007,436.7784,6/28/21,p,2021,04/26/2021 03:35 CDT,96882,18.74,84.4,3.38,9.935,0,101940.05
TWB14,Uvalde_2020_02,29.60214,-99.73007,436.7784,6/28/21,p,2021,04/26/2021 03:40 CDT,96878,18.69,84.6,3.03,9.935,0,101936.55
TWB14,Uvalde_2020_02,29.60214,-99.73007,436.7784,6/28/21,p,2021,04/26/2021 03:45 CDT,96865,18.63,84.6,3.035,9.935,0,101923.94
TWB14,Uvalde_2020_02,29.60214,-99.73007,436.7784,6/28/21,p,2021,04/26/2021 03:50 CDT,96855,18.59,84.8,2.62,9.935,0,101914.48
TWB14,Uvalde_2020_02,29.60214,-99.73007,436.7784,6/28/21,p,2021,04/26/2021 03:55 CDT,96860,18.5,85,2.16,9.935,0,101920.8
TWB14,Uvalde_2020_02,29.60214,-99.73007,436.7784,6/28/21,p,2021,04/26/2021 04:00 CDT,96856,18.43,85.2,2.34,9.935,0,101918.37
TWB14,Uvalde_2020_02,29.60214,-99.73007,436.7784,6/28/21,p,2021,04/26/2021 04:05 CDT,96858,18.43,84.1,2.965,9.935,0,101921.19
TWB14,Uvalde_2020_02,29.60214,-99.73007,436.7784,6/28/21,p,2021,04/26/2021 04:10 CDT,96864,18.38,84.1,2.245,9.935,0,101928.03
TWB14,Uvalde_2020_02,29.60214,-99.73007,436.7784,6/28/21,p,2021,04/26/2021 04:15 CDT,96875,18.32,83.9,1.99,9.935,0,101940.86
TWB14,Uvalde_2020_02,29.60214,-99.73007,436.7784,6/28/21,p,2021,04/26/2021 04:20 CDT,96873,18.27,83.8,2.34,9.935,0,101939.46
TWB14,Uvalde_2020_02,29.60214,-99.73007,436.7784,6/28/21,p,2021,04/26/2021 04:25 CDT,96873,18.21,83.7,1.58,9.935,0,101940.71
TWB14,Uvalde_2020_02,29.60214,-99.73007,436.7784,6/28/21,p,2021,04/26/2021 04:30 CDT,96869,18.1,84.6,1.865,9.935,0,101938.27
TWB14,Uvalde_2020_02,29.60214,-99.73007,436.7784,6/28/21,p,2021,04/26/2021 04:35 CDT,96870,18.02,84.6,1.77,9.935,0,101940.57
TWB14,Uvalde_2020_02,29.60214,-99.73007,436.7784,6/28/21,p,2021,04/26/2021 04:40 CDT,96870,17.97,84.8,1.625,9.935,0,101942
TWB14,Uvalde_2020_02,29.60214,-99.73007,436.7784,6/28/21,p,2021,04/26/2021 04:45 CDT,96868,17.88,85.2,1.395,9.935,0,101941.32
TWB14,Uvalde_2020_02,29.60214,-99.73007,436.7784,6/28/21,p,2021,04/26/2021 04:50 CDT,96870,17.8,84.9,1.78,9.935,0,101945.03
TWB14,Uvalde_2020_02,29.60214,-99.73007,436.7784,6/28/21,p,2021,04/26/2021 04:55 CDT,96874,17.78,85.7,1.735,9.935,0,101949.77
TWB14,Uvalde_2020_02,29.60214,-99.73007,436.7784,6/28/21,p,2021,04/26/2021 05:00 CDT,96871,17.73,86.3,1.84,9.935,0,101947.32
TWB14,Uvalde_2020_02,29.60214,-99.73007,436.7784,6/28/21,p,2021,04/26/2021 05:05 CDT,96877,17.67,87.1,1.64,9.935,0,101954.17
TWB14,Uvalde_2020_02,29.60214,-99.73007,436.7784,6/28/21,p,2021,04/26/2021 05:10 CDT,96873,17.57,87.8,1.64,9.935,0,101951.74
TWB14,Uvalde_2020_02,29.60214,-99.73007,436.7784,6/28/21,p,2021,04/26/2021 05:15 CDT,96874,17.54,87.6,1.625,9.935,0,101953.87
TWB14,Uvalde_2020_02,29.60214,-99.73007,436.7784,6/28/21,p,2021,04/26/2021 05:20 CDT,96866,17.51,87.9,1.405,9.935,0,101945.98
TWB14,Uvalde_2020_02,29.60214,-99.73007,436.7784,6/28/21,p,2021,04/26/2021 05:25 CDT,96858,17.46,87.8,1.455,9.935,0,101938.82
TWB14,Uvalde_2020_02,29.60214,-99.73007,436.7784,6/28/21,p,2021,04/26/2021 05:30 CDT,96858,17.45,87.7,1.54,9.935,0,101939.53
TWB14,Uvalde_2020_02,29.60214,-99.73007,436.7784,6/28/21,p,2021,04/26/2021 05:35 CDT,96859,17.45,87.6,1.71,9.935,0,101940.59
TWB14,Uvalde_2020_02,29.60214,-99.73007,436.7784,6/28/21,p,2021,04/26/2021 05:40 CDT,96857,17.49,87.6,1.92,9.935,0,101937.77
TWB14,Uvalde_2020_02,29.60214,-99.73007,436.7784,6/28/21,p,2021,04/26/2021 05:45 CDT,96854,17.48,88.1,1.905,9.935,0,101934.07
TWB14,Uvalde_2020_02,29.60214,-99.73007,436.7784,6/28/21,p,2021,04/26/2021 05:50 CDT,96849,17.44,88.7,1.735,9.935,0,101929.16
TWB14,Uvalde_2020_02,29.60214,-99.73007,436.7784,6/28/21,p,2021,04/26/2021 05:55 CDT,96842,17.46,88.8,1.665,9.935,0,101921.79
TWB14,Uvalde_2020_02,29.60214,-99.73007,436.7784,6/28/21,p,2021,04/26/2021 06:00 CDT,96838,17.46,88.8,1.925,9.935,0,101917.4
TWB14,Uvalde_2020_02,29.60214,-99.73007,436.7784,6/28/21,p,2021,04/26/2021 06:05 CDT,96837,17.43,89.3,1.685,9.935,0,101916.89
TWB14,Uvalde_2020_02,29.60214,-99.73007,436.7784,6/28/21,p,2021,04/26/2021 06:10 CDT,96838,17.38,89.3,1.505,9.935,0,101918.65
TWB14,Uvalde_2020_02,29.60214,-99.73007,436.7784,6/28/21,p,2021,04/26/2021 06:15 CDT,96839,17.35,89.8,1.56,9.935,0,101920.78
TWB14,Uvalde_2020_02,29.60214,-99.73007,436.7784,6/28/21,p,2021,04/26/2021 06:20 CDT,96838,17.39,89.9,1.815,9.935,0,101919.55
TWB14,Uvalde_2020_02,29.60214,-99.73007,436.7784,6/28/21,p,2021,04/26/2021 06:25 CDT,96842,17.45,89.9,1.895,9.935,0,101922.32
TWB14,Uvalde_2020_02,29.60214,-99.73007,436.7784,6/28/21,p,2021,04/26/2021 06:30 CDT,96844,17.46,89.7,1.815,9.935,0,101923.71
TWB14,Uvalde_2020_02,29.60214,-99.73007,436.7784,6/28/21,p,2021,04/26/2021 06:35 CDT,96844,17.43,89.8,1.705,9.935,0,101924.25
TWB14,Uvalde_2020_02,29.60214,-99.73007,436.7784,6/28/21,p,2021,04/26/2021 06:40 CDT,96836,17.46,89.9,2.24,9.935,0,101915.65
TWB14,Uvalde_2020_02,29.60214,-99.73007,436.7784,6/28/21,p,2021,04/26/2021 06:45 CDT,96847,17.56,89.1,2.295,9.935,0,101925.8
TWB14,Uvalde_2020_02,29.60214,-99.73007,436.7784,6/28/21,p,2021,04/26/2021 06:50 CDT,96838,17.64,88.6,2.675,9.935,0,101914.55
TWB14,Uvalde_2020_02,29.60214,-99.73007,436.7784,6/28/21,p,2021,04/26/2021 06:55 CDT,96836,17.65,88.7,2.215,9.935,0,101911.55
TWB14,Uvalde_2020_02,29.60214,-99.73007,436.7784,6/28/21,p,2021,04/26/2021 07:00 CDT,96837,17.72,87.9,2.685,9.935,0,101911.71
TWB14,Uvalde_2020_02,29.60214,-99.73007,436.7784,6/28/21,p,2021,04/26/2021 07:05 CDT,96838,17.84,87.8,2.845,9.935,0,101910.8
TWB14,Uvalde_2020_02,29.60214,-99.73007,436.7784,6/28/21,p,2021,04/26/2021 07:10 CDT,96845,17.91,87.8,2.88,9.935,1.37,101916.38
TWB14,Uvalde_2020_02,29.60214,-99.73007,436.7784,6/28/21,p,2021,04/26/2021 07:15 CDT,96845,17.95,87.4,3.315,9.35,4.03,101915.5
TWB14,Uvalde_2020_02,29.60214,-99.73007,436.7784,6/28/21,p,2021,04/26/2021 07:20 CDT,96856,17.97,87.3,2.905,9.35,7.32,101926.18
TWB14,Uvalde_2020_02,29.60214,-99.73007,436.7784,6/28/21,p,2021,04/26/2021 07:25 CDT,96852,17.95,87.5,2.515,9.35,12.74,101921.97
TWB14,Uvalde_2020_02,29.60214,-99.73007,436.7784,6/28/21,p,2021,04/26/2021 07:30 CDT,96860,17.93,87.7,2.64,9.35,19.09,101930.74
TWB14,Uvalde_2020_02,29.60214,-99.73007,436.7784,6/28/21,p,2021,04/26/2021 07:35 CDT,96861,17.92,87.8,2.87,9.35,24.51,101931.97
TWB14,Uvalde_2020_02,29.60214,-99.73007,436.7784,6/28/21,p,2021,04/26/2021 07:40 CDT,96871,17.93,87.7,2.45,9.35,29.02,101942.5
TWB14,Uvalde_2020_02,29.60214,-99.73007,436.7784,6/28/21,p,2021,04/26/2021 07:45 CDT,96865,17.95,87.1,2.55,9.35,38.13,101935.83
TWB14,Uvalde_2020_02,29.60214,-99.73007,436.7784,6/28/21,p,2021,04/26/2021 07:50 CDT,96872,17.99,86.4,3.305,9.35,44.88,101942.67
TWB14,Uvalde_2020_02,29.60214,-99.73007,436.7784,6/28/21,p,2021,04/26/2021 07:55 CDT,96873,18.01,86.1,3.015,9.35,47.27,101943.37
TWB14,Uvalde_2020_02,29.60214,-99.73007,436.7784,6/28/21,p,2021,04/26/2021 08:00 CDT,96874,18.06,85.8,2.99,9.35,61.86,101943.17
TWB14,Uvalde_2020_02,29.60214,-99.73007,436.7784,6/28/21,p,2021,04/26/2021 08:05 CDT,96879,18.13,85.6,2.535,9.35,63.64,101947.01
TWB14,Uvalde_2020_02,29.60214,-99.73007,436.7784,6/28/21,p,2021,04/26/2021 08:10 CDT,96880,18.17,85.3,3.035,9.35,74.43,101947
TWB14,Uvalde_2020_02,29.60214,-99.73007,436.7784,6/28/21,p,2021,04/26/2021 08:15 CDT,96885,18.23,84.9,3.05,9.35,84.54,101951.19
TWB14,Uvalde_2020_02,29.60214,-99.73007,436.7784,6/28/21,p,2021,04/26/2021 08:20 CDT,96891,18.35,84,2.78,9.35,96.9,101955.38
TWB14,Uvalde_2020_02,29.60214,-99.73007,436.7784,6/28/21,p,2021,04/26/2021 08:25 CDT,96894,18.43,83.6,3.535,9.35,125.33,101956.23
TWB14,Uvalde_2020_02,29.60214,-99.73007,436.7784,6/28/21,p,2021,04/26/2021 08:30 CDT,96890,18.57,82.7,2.7,9.35,131.02,101950.25
TWB14,Uvalde_2020_02,29.60214,-99.73007,436.7784,6/28/21,p,2021,04/26/2021 08:35 CDT,96893,18.7,82.2,2.855,9.35,140.78,101950.22
TWB14,Uvalde_2020_02,29.60214,-99.73007,436.7784,6/28/21,p,2021,04/26/2021 08:40 CDT,96904,18.77,81.5,3.375,9.35,146.86,101960.56
TWB14,Uvalde_2020_02,29.60214,-99.73007,436.7784,6/28/21,p,2021,04/26/2021 08:45 CDT,96908,18.94,81.5,2.88,9.35,158.47,101961.76
TWB14,Uvalde_2020_02,29.60214,-99.73007,436.7784,6/28/21,p,2021,04/26/2021 08:50 CDT,96910,19.05,79.99,2.885,9.35,138.25,101961.93
TWB14,Uvalde_2020_02,29.60214,-99.73007,436.7784,6/28/21,p,2021,04/26/2021 08:55 CDT,96904,19.04,80.4,3.45,9.35,164.12,101954.73
TWB14,Uvalde_2020_02,29.60214,-99.73007,436.7784,6/28/21,p,2021,04/26/2021 09:00 CDT,96892,19.22,79.71,2.995,9.35,169.82,101939.81
TWB14,Uvalde_2020_02,29.60214,-99.73007,436.7784,6/28/21,p,2021,04/26/2021 09:05 CDT,96889,19.41,78.46,2.605,9.35,171.77,101933.13
TWB14,Uvalde_2020_02,29.60214,-99.73007,436.7784,6/28/21,p,2021,04/26/2021 09:10 CDT,96885,19.36,78.89,3.195,9.35,140.29,101927.69
TWB14,Uvalde_2020_02,29.60214,-99.73007,436.7784,6/28/21,p,2021,04/26/2021 09:15 CDT,96897,19.4,78.22,2.88,9.35,126.21,101940.5
TWB14,Uvalde_2020_02,29.60214,-99.73007,436.7784,6/28/21,p,2021,04/26/2021 09:20 CDT,96884,19.47,78.35,2.59,9.35,133.67,101926.29
TWB14,Uvalde_2020_02,29.60214,-99.73007,436.7784,6/28/21,p,2021,04/26/2021 09:25 CDT,96881,19.59,78.35,3.04,9.35,121.36,101920.49
TWB14,Uvalde_2020_02,29.60214,-99.73007,436.7784,6/28/21,p,2021,04/26/2021 09:30 CDT,96875,19.52,78.82,3.28,9.35,110,101915.06
TWB14,Uvalde_2020_02,29.60214,-99.73007,436.7784,6/28/21,p,2021,04/26/2021 09:35 CDT,96872,19.54,78.89,3.375,9.35,111.55,101912.43
TWB14,Uvalde_2020_02,29.60214,-99.73007,436.7784,6/28/21,p,2021,04/26/2021 09:40 CDT,96870,19.63,78.75,3.75,9.35,165.25,101908.92
TWB14,Uvalde_2020_02,29.60214,-99.73007,436.7784,6/28/21,p,2021,04/26/2021 09:45 CDT,96869,19.82,77.8,4.08,9.35,150.88,101904.53
TWB14,Uvalde_2020_02,29.60214,-99.73007,436.7784,6/28/21,p,2021,04/26/2021 09:50 CDT,96872,19.9,77.87,3.315,9.35,113.79,101905.93
TWB14,Uvalde_2020_02,29.60214,-99.73007,436.7784,6/28/21,p,2021,04/26/2021 09:55 CDT,96884,19.92,78.34,2.91,9.35,121.18,101917.85
TWB14,Uvalde_2020_02,29.60214,-99.73007,436.7784,6/28/21,p,2021,04/26/2021 10:00 CDT,96893,19.95,78.68,3.445,9.35,116.8,101926.79
TWB14,Uvalde_2020_02,29.60214,-99.73007,436.7784,6/28/21,p,2021,04/26/2021 10:05 CDT,96892,19.97,78.2,3.335,9.35,132.29,101925.56
TWB14,Uvalde_2020_02,29.60214,-99.73007,436.7784,6/28/21,p,2021,04/26/2021 10:10 CDT,96893,20.05,78.14,3.33,9.35,99.09,101925.04
TWB14,Uvalde_2020_02,29.60214,-99.73007,436.7784,6/28/21,p,2021,04/26/2021 10:15 CDT,96892,20.1,77.8,2.89,9.35,159.65,101923.63
TWB14,Uvalde_2020_02,29.60214,-99.73007,436.7784,6/28/21,p,2021,04/26/2021 10:20 CDT,96890,20.33,76.85,2.81,9.35,119.71,101917.86
TWB14,Uvalde_2020_02,29.60214,-99.73007,436.7784,6/28/21,p,2021,04/26/2021 10:25 CDT,96893,20.33,77.33,2.695,9.35,111.42,101920.13
TWB14,Uvalde_2020_02,29.60214,-99.73007,436.7784,6/28/21,p,2021,04/26/2021 10:30 CDT,96908,20.33,77.93,3.045,9.35,95.93,101935.03
TWB14,Uvalde_2020_02,29.60214,-99.73007,436.7784,6/28/21,p,2021,04/26/2021 10:35 CDT,96895,20.22,78.33,3.26,9.35,82.11,101923.63
TWB14,Uvalde_2020_02,29.60214,-99.73007,436.7784,6/28/21,p,2021,04/26/2021 10:40 CDT,96890,20.33,77.93,2.245,9.35,116.27,101917.85
TWB14,Uvalde_2020_02,29.60214,-99.73007,436.7784,6/28/21,p,2021,04/26/2021 10:45 CDT,96889,20.47,77.86,2.895,9.35,98.65,101913.47
TWB14,Uvalde_2020_02,29.60214,-99.73007,436.7784,6/28/21,p,2021,04/26/2021 10:50 CDT,96891,20.38,77.96,3.575,9.35,80,101916.63
TWB14,Uvalde_2020_02,29.60214,-99.73007,436.7784,6/28/21,p,2021,04/26/2021 10:55 CDT,96898,20.32,78.53,3.06,9.35,83.59,101925.56
TWB14,Uvalde_2020_02,29.60214,-99.73007,436.7784,6/28/21,p,2021,04/26/2021 11:00 CDT,96901,20.46,77.79,2.77,9.35,84.82,101927.32
TWB14,Uvalde_2020_02,29.60214,-99.73007,436.7784,6/28/21,p,2021,04/26/2021 11:05 CDT,96911,20.53,78.06,2.915,9.35,84.74,101935.91
TWB14,Uvalde_2020_02,29.60214,-99.73007,436.7784,6/28/21,p,2021,04/26/2021 11:10 CDT,96921,20.6,77.72,2.215,9.35,92.09,101945.73
TWB14,Uvalde_2020_02,29.60214,-99.73007,436.7784,6/28/21,p,2021,04/26/2021 11:15 CDT,96921,20.76,77.11,1.955,9.35,93.73,101942.94
TWB14,Uvalde_2020_02,29.60214,-99.73007,436.7784,6/28/21,p,2021,04/26/2021 11:20 CDT,96920,20.81,77.38,2.975,9.35,130.32,101940.14
TWB14,Uvalde_2020_02,29.60214,-99.73007,436.7784,6/28/21,p,2021,04/26/2021 11:25 CDT,96927,20.79,77.92,2.98,9.35,104.29,101947.67
TWB14,Uvalde_2020_02,29.60214,-99.73007,436.7784,6/28/21,p,2021,04/26/2021 11:30 CDT,96927,20.95,77.11,2.315,9.35,123.88,101945.41
TWB14,Uvalde_2020_02,29.60214,-99.73007,436.7784,6/28/21,p,2021,04/26/2021 11:35 CDT,96918,21.01,77.52,2.495,9.35,79.35,101934.55
TWB14,Uvalde_2020_02,29.60214,-99.73007,436.7784,6/28/21,p,2021,04/26/2021 11:40 CDT,96914,21,77.52,2.685,9.35,88.81,101930.17
TWB14,Uvalde_2020_02,29.60214,-99.73007,436.7784,6/28/21,p,2021,04/26/2021 11:45 CDT,96913,20.96,77.92,2.74,9.35,74.76,101929.63
TWB14,Uvalde_2020_02,29.60214,-99.73007,436.7784,6/28/21,p,2021,04/26/2021 11:50 CDT,96914,20.92,78.05,2.725,9.35,89.93,101931.73
TWB14,Uvalde_2020_02,29.60214,-99.73007,436.7784,6/28/21,p,2021,04/26/2021 11:55 CDT,96915,20.99,77.52,2.095,9.35,67.91,101932.26
TWB14,Uvalde_2020_02,29.60214,-99.73007,436.7784,6/28/21,p,2021,04/26/2021 12:00 CDT,96922,21.13,77.11,1.99,9.35,77.11,101937.54
TWB14,Uvalde_2020_02,29.60214,-99.73007,436.7784,6/28/21,p,2021,04/26/2021 12:05 CDT,96912,21.14,76.81,2.22,9.35,101.25,101926.5
TWB14,Uvalde_2020_02,29.60214,-99.73007,436.7784,6/28/21,p,2021,04/26/2021 12:10 CDT,96896,21.3,76.17,1.985,9.35,108.57,101906.72
TWB14,Uvalde_2020_02,29.60214,-99.73007,436.7784,6/28/21,p,2021,04/26/2021 12:15 CDT,96889,21.43,75.36,2.21,9.35,135.95,101896.75
TWB14,Uvalde_2020_02,29.60214,-99.73007,436.7784,6/28/21,p,2021,04/26/2021 12:20 CDT,96887,21.49,76.1,3.08,9.35,142.09,101892.21
TWB14,Uvalde_2020_02,29.60214,-99.73007,436.7784,6/28/21,p,2021,04/26/2021 12:25 CDT,96886,21.47,76.03,2.705,9.35,137.13,101891.86
TWB14,Uvalde_2020_02,29.60214,-99.73007,436.7784,6/28/21,p,2021,04/26/2021 12:30 CDT,96887,21.56,76.03,2.765,9.35,125.88,101891.35
TWB14,Uvalde_2020_02,29.60214,-99.73007,436.7784,6/28/21,p,2021,04/26/2021 12:35 CDT,96887,21.56,76.13,3,9.35,109.67,101891.52
TWB14,Uvalde_2020_02,29.60214,-99.73007,436.7784,6/28/21,p,2021,04/26/2021 12:40 CDT,96887,21.56,76.03,2.705,9.35,99.21,101891.87
TWB14,Uvalde_2020_02,29.60214,-99.73007,436.7784,6/28/21,p,2021,04/26/2021 12:45 CDT,96887,21.58,75.96,2.335,9.35,102.79,101891.69
TWB14,Uvalde_2020_02,29.60214,-99.73007,436.7784,6/28/21,p,2021,04/26/2021 12:50 CDT,96885,21.67,75.29,2.295,9.35,114.27,101888.21
TWB14,Uvalde_2020_02,29.60214,-99.73007,436.7784,6/28/21,p,2021,04/26/2021 12:55 CDT,96886,21.85,75.16,2.29,9.35,107.28,101886.49
TWB14,Uvalde_2020_02,29.60214,-99.73007,436.7784,6/28/21,p,2021,04/26/2021 13:00 CDT,96881,21.88,74.41,2.805,9.35,121.91,101880.02
TWB14,Uvalde_2020_02,29.60214,-99.73007,436.7784,6/28/21,p,2021,04/26/2021 13:05 CDT,96866,21.87,74.55,3.07,9.35,124.55,101864.24
TWB14,Uvalde_2020_02,29.60214,-99.73007,436.7784,6/28/21,p,2021,04/26/2021 13:10 CDT,96853,21.94,73.6,2.95,9.35,161.21,101850.06
TWB14,Uvalde_2020_02,29.60214,-99.73007,436.7784,6/28/21,p,2021,04/26/2021 13:15 CDT,96837,22.21,73.67,2.645,9.35,167.55,101829.09
TWB14,Uvalde_2020_02,29.60214,-99.73007,436.7784,6/28/21,p,2021,04/26/2021 13:20 CDT,96830,22.21,73.61,2.745,9.35,139.3,101820.52
TWB14,Uvalde_2020_02,29.60214,-99.73007,436.7784,6/28/21,p,2021,04/26/2021 13:25 CDT,96833,22.3,73.81,2.62,9.35,123.17,101822.12
TWB14,Uvalde_2020_02,29.60214,-99.73007,436.7784,6/28/21,p,2021,04/26/2021 13:30 CDT,96834,22.35,73.07,2.85,9.35,110.78,101823
TWB14,Uvalde_2020_02,29.60214,-99.73007,436.7784,6/28/21,p,2021,04/26/2021 13:35 CDT,96831,22.38,72.66,3.22,9.35,117.21,101818.81
TWB14,Uvalde_2020_02,29.60214,-99.73007,436.7784,6/28/21,p,2021,04/26/2021 13:40 CDT,96826,22.42,72.52,2.99,9.35,112.57,101813.38
TWB14,Uvalde_2020_02,29.60214,-99.73007,436.7784,6/28/21,p,2021,04/26/2021 13:45 CDT,96815,22.47,73.06,3.71,9.35,107.68,101800.78
TWB14,Uvalde_2020_02,29.60214,-99.73007,436.7784,6/28/21,p,2021,04/26/2021 13:50 CDT,96804,22.59,72.04,2.02,9.35,116.47,101788.36
TWB14,Uvalde_2020_02,29.60214,-99.73007,436.7784,6/28/21,p,2021,04/26/2021 13:55 CDT,96789,22.79,71.77,1.825,9.35,135.86,101768.8
TWB14,Uvalde_2020_02,29.60214,-99.73007,436.7784,6/28/21,p,2021,04/26/2021 14:00 CDT,96785,23.01,71.03,1.87,9.35,136.4,101760.48
TWB14,Uvalde_2020_02,29.60214,-99.73007,436.7784,6/28/21,p,2021,04/26/2021 14:05 CDT,96774,23.09,70.48,2.54,9.35,148.18,101746.86
TWB14,Uvalde_2020_02,29.60214,-99.73007,436.7784,6/28/21,p,2021,04/26/2021 14:10 CDT,96767,23.21,69,2.165,9.35,186.28,101737.79
TWB14,Uvalde_2020_02,29.60214,-99.73007,436.7784,6/28/21,p,2021,04/26/2021 14:15 CDT,96756,23.34,68.59,3.225,9.35,237.68,101723.15
TWB14,Uvalde_2020_02,29.60214,-99.73007,436.7784,6/28/21,p,2021,04/26/2021 14:20 CDT,96752,23.69,66.57,2.095,9.35,266.5,101714.51
TWB14,Uvalde_2020_02,29.60214,-99.73007,436.7784,6/28/21,p,2021,04/26/2021 14:25 CDT,96754,24.11,66.57,2.165,9.35,270.1,101708.25
TWB14,Uvalde_2020_02,29.60214,-99.73007,436.7784,6/28/21,p,2021,04/26/2021 14:30 CDT,96750,24.29,64.82,2,9.35,334.61,101700.49
TWB14,Uvalde_2020_02,29.60214,-99.73007,436.7784,6/28/21,p,2021,04/26/2021 14:35 CDT,96746,24.49,64.72,1.955,9.35,327.24,101691.53
TWB14,Uvalde_2020_02,29.60214,-99.73007,436.7784,6/28/21,p,2021,04/26/2021 14:40 CDT,96737,25,62.02,2.355,9.35,321.01,101674.13
TWB14,Uvalde_2020_02,29.60214,-99.73007,436.7784,6/28/21,p,2021,04/26/2021 14:45 CDT,96729,24.93,62.22,2.055,9.35,260.35,101665.38
TWB14,Uvalde_2020_02,29.60214,-99.73007,436.7784,6/28/21,p,2021,04/26/2021 14:50 CDT,96727,25,62.02,2.965,9.35,244.15,101662.77
TWB14,Uvalde_2020_02,29.60214,-99.73007,436.7784,6/28/21,p,2021,04/26/2021 14:55 CDT,96717,25.11,60.8,3.16,9.6,249.54,101651.43
TWB14,Uvalde_2020_02,29.60214,-99.73007,436.7784,6/28/21,p,2021,04/26/2021 15:00 CDT,96711,25.08,61.71,3.21,9.35,242.19,101644.1
TWB14,Uvalde_2020_02,29.60214,-99.73007,436.7784,6/28/21,p,2021,04/26/2021 15:05 CDT,96704,25.26,61.3,2.09,9.35,285.91,101634.38
TWB14,Uvalde_2020_02,29.60214,-99.73007,436.7784,6/28/21,p,2021,04/26/2021 15:10 CDT,96704,25.75,57.76,2.65,9.35,519.5,101627.34
TWB14,Uvalde_2020_02,29.60214,-99.73007,436.7784,6/28/21,p,2021,04/26/2021 15:15 CDT,96687,26.31,55.97,2.965,9.35,615.47,101597.9
TWB14,Uvalde_2020_02,29.60214,-99.73007,436.7784,6/28/21,p,2021,04/26/2021 15:20 CDT,96676,26.55,56.04,3.355,9.265,522.73,101580.16
TWB14,Uvalde_2020_02,29.60214,-99.73007,436.7784,6/28/21,p,2021,04/26/2021 15:25 CDT,96671,26.71,54.66,3.295,9.265,607.21,101574.08
TWB14,Uvalde_2020_02,29.60214,-99.73007,436.7784,6/28/21,p,2021,04/26/2021 15:30 CDT,96661,27.11,54.02,2.745,9.265,653.55,101556.58
TWB14,Uvalde_2020_02,29.60214,-99.73007,436.7784,6/28/21,p,2021,04/26/2021 15:35 CDT,96651,27.58,52.87,3.26,9.435,544.35,101535.79
TWB14,Uvalde_2020_02,29.60214,-99.73007,436.7784,6/28/21,p,2021,04/26/2021 15:40 CDT,96643,27.28,54.01,3.59,9.435,406.8,101530.52
TWB14,Uvalde_2020_02,29.60214,-99.73007,436.7784,6/28/21,p,2021,04/26/2021 15:45 CDT,96606,27.01,53.67,4.305,10.1,466.88,101498.63
TWB14,Uvalde_2020_02,29.60214,-99.73007,436.7784,6/28/21,p,2021,04/26/2021 15:50 CDT,96592,27.13,53.53,3.59,10.1,509.23,101484.09
TWB14,Uvalde_2020_02,29.60214,-99.73007,436.7784,6/28/21,p,2021,04/26/2021 15:55 CDT,96603,27.35,52.22,3.445,10.1,370.36,101492.83
TWB14,Uvalde_2020_02,29.60214,-99.73007,436.7784,6/28/21,p,2021,04/26/2021 16:00 CDT,96591,27.61,51.14,2.715,10.1,453.86,101475.59
TWB14,Uvalde_2020_02,29.60214,-99.73007,436.7784,6/28/21,p,2021,04/26/2021 16:05 CDT,96579,27.84,52.11,3.285,10.1,345.78,101457.67
TWB14,Uvalde_2020_02,29.60214,-99.73007,436.7784,6/28/21,p,2021,04/26/2021 16:10 CDT,96579,27.74,52.01,2.96,10.1,368.69,101459.33
TWB14,Uvalde_2020_02,29.60214,-99.73007,436.7784,6/28/21,p,2021,04/26/2021 16:15 CDT,96573,27.59,51.84,3.37,10.1,456.16,101456.51
TWB14,Uvalde_2020_02,29.60214,-99.73007,436.7784,6/28/21,p,2021,04/26/2021 16:20 CDT,96564,28.13,49.45,3.06,10.1,596.42,101438.64
TWB14,Uvalde_2020_02,29.60214,-99.73007,436.7784,6/28/21,p,2021,04/26/2021 16:25 CDT,96553,28.55,48.07,2.975,10.1,473.33,101417.86
TWB14,Uvalde_2020_02,29.60214,-99.73007,436.7784,6/28/21,p,2021,04/26/2021 16:30 CDT,96548,28.7,48.6,3.77,10.185,470.12,101410.8
TWB14,Uvalde_2020_02,29.60214,-99.73007,436.7784,6/28/21,p,2021,04/26/2021 16:35 CDT,96559,28.5,48.1,3.985,9.385,335.62,101423.67
TWB14,Uvalde_2020_02,29.60214,-99.73007,436.7784,6/28/21,p,2021,04/26/2021 16:40 CDT,96549,28.13,48.6,3.62,9.385,194.32,101421.24
TWB14,Uvalde_2020_02,29.60214,-99.73007,436.7784,6/28/21,p,2021,04/26/2021 16:45 CDT,96548,27.77,49.88,3.855,9.385,173.38,101426.95
TWB14,Uvalde_2020_02,29.60214,-99.73007,436.7784,6/28/21,p,2021,04/26/2021 16:50 CDT,96547,27.72,50.12,2.57,9.385,161.13,101428.88
TWB14,Uvalde_2020_02,29.60214,-99.73007,436.7784,6/28/21,p,2021,04/26/2021 16:55 CDT,96536,27.67,50.22,2.97,9.385,169.58,101418.31
TWB14,Uvalde_2020_02,29.60214,-99.73007,436.7784,6/28/21,p,2021,04/26/2021 17:00 CDT,96524,27.75,50.39,2.375,9.385,161.27,101405.04
TWB14,Uvalde_2020_02,29.60214,-99.73007,436.7784,6/28/21,p,2021,04/26/2021 17:05 CDT,96517,27.82,50.02,3.07,9.385,146.11,101396.2
TWB14,Uvalde_2020_02,29.60214,-99.73007,436.7784,6/28/21,p,2021,04/26/2021 17:10 CDT,96509,27.82,50.29,3.12,9.385,162.91,101388.46
TWB14,Uvalde_2020_02,29.60214,-99.73007,436.7784,6/28/21,p,2021,04/26/2021 17:15 CDT,96509,27.78,49.95,3.72,9.385,149.98,101389.12
TWB14,Uvalde_2020_02,29.60214,-99.73007,436.7784,6/28/21,p,2021,04/26/2021 17:20 CDT,96513,27.83,49.88,3.255,9.385,142.17,101393.33
TWB14,Uvalde_2020_02,29.60214,-99.73007,436.7784,6/28/21,p,2021,04/26/2021 17:25 CDT,96518,27.83,49.92,3.145,9.385,146.38,101398.74
TWB14,Uvalde_2020_02,29.60214,-99.73007,436.7784,6/28/21,p,2021,04/26/2021 17:30 CDT,96511,27.99,49.18,2.18,9.385,150.81,101389.25
TWB14,Uvalde_2020_02,29.60214,-99.73007,436.7784,6/28/21,p,2021,04/26/2021 17:35 CDT,96513,28.15,48.37,2.595,9.385,155.36,101388.05
TWB14,Uvalde_2020_02,29.60214,-99.73007,436.7784,6/28/21,p,2021,04/26/2021 17:40 CDT,96514,28.07,48.95,3.16,9.385,138.23,101389.75
TWB14,Uvalde_2020_02,29.60214,-99.73007,436.7784,6/28/21,p,2021,04/26/2021 17:45 CDT,96523,28.02,49.25,2.575,9.385,125.49,101399.87
TWB14,Uvalde_2020_02,29.60214,-99.73007,436.7784,6/28/21,p,2021,04/26/2021 17:50 CDT,96520,28.1,48.54,1.825,9.385,130.54,101396.22
TWB14,Uvalde_2020_02,29.60214,-99.73007,436.7784,6/28/21,p,2021,04/26/2021 17:55 CDT,96510,28.1,48.54,2.58,9.385,137.06,101385.55
TWB14,Uvalde_2020_02,29.60214,-99.73007,436.7784,6/28/21,p,2021,04/26/2021 18:00 CDT,96529,28.14,48.71,2.32,9.385,126.05,101405.18
TWB14,Uvalde_2020_02,29.60214,-99.73007,436.7784,6/28/21,p,2021,04/26/2021 18:05 CDT,96515,28.14,48.34,3.12,9.385,108.93,101389.82
TWB14,Uvalde_2020_02,29.60214,-99.73007,436.7784,6/28/21,p,2021,04/26/2021 18:10 CDT,96492,28.08,48.61,2.515,9.385,100.36,101366.97
TWB14,Uvalde_2020_02,29.60214,-99.73007,436.7784,6/28/21,p,2021,04/26/2021 18:15 CDT,96494,28.1,48.54,3.305,9.385,97.26,101369.24
TWB14,Uvalde_2020_02,29.60214,-99.73007,436.7784,6/28/21,p,2021,04/26/2021 18:20 CDT,96500,28.14,48.34,3.25,9.385,85.12,101375.55
TWB14,Uvalde_2020_02,29.60214,-99.73007,436.7784,6/28/21,p,2021,04/26/2021 18:25 CDT,96494,28.18,48.38,3.095,9.385,86.38,101368.91
TWB14,Uvalde_2020_02,29.60214,-99.73007,436.7784,6/28/21,p,2021,04/26/2021 18:30 CDT,96483,28.2,48.34,3,9.385,76.66,101357.03
TWB14,Uvalde_2020_02,29.60214,-99.73007,436.7784,6/28/21,p,2021,04/26/2021 18:35 CDT,96476,28.22,48.61,2.155,9.385,72.57,101349.67
TWB14,Uvalde_2020_02,29.60214,-99.73007,436.7784,6/28/21,p,2021,04/26/2021 18:40 CDT,96477,28.29,48.35,2.27,9.385,85.9,101349.4
TWB14,Uvalde_2020_02,29.60214,-99.73007,436.7784,6/28/21,p,2021,04/26/2021 18:45 CDT,96468,28.39,47.91,2.6,9.385,96.74,101338.47
TWB14,Uvalde_2020_02,29.60214,-99.73007,436.7784,6/28/21,p,2021,04/26/2021 18:50 CDT,96462,28.46,47.81,3.45,9.385,102.04,101330.84
TWB14,Uvalde_2020_02,29.60214,-99.73007,436.7784,6/28/21,p,2021,04/26/2021 18:55 CDT,96463,28.47,48.05,2.9,8.465,71.45,101331.73
TWB14,Uvalde_2020_02,29.60214,-99.73007,436.7784,6/28/21,p,2021,04/26/2021 19:00 CDT,96474,28.42,48.52,2.72,8.465,49.8,101343.61
TWB14,Uvalde_2020_02,29.60214,-99.73007,436.7784,6/28/21,p,2021,04/26/2021 19:05 CDT,96484,28.33,48.52,2.515,8.465,49.82,101355.6
TWB14,Uvalde_2020_02,29.60214,-99.73007,436.7784,6/28/21,p,2021,04/26/2021 19:10 CDT,96508,28.27,48.75,2.195,8.465,45.89,101382.29
TWB14,Uvalde_2020_02,29.60214,-99.73007,436.7784,6/28/21,p,2021,04/26/2021 19:15 CDT,96510,28.25,48.48,3.015,8.465,42.67,101385.39
TWB14,Uvalde_2020_02,29.60214,-99.73007,436.7784,6/28/21,p,2021,04/26/2021 19:20 CDT,96502,28.22,48.82,2.19,8.465,50.52,101377.15
TWB14,Uvalde_2020_02,29.60214,-99.73007,436.7784,6/28/21,p,2021,04/26/2021 19:25 CDT,96481,28.2,49.16,2.245,8.465,52.35,101355.58
TWB14,Uvalde_2020_02,29.60214,-99.73007,436.7784,6/28/21,p,2021,04/26/2021 19:30 CDT,96479,28.17,49.56,2.945,8.465,36.21,101353.97
TWB14,Uvalde_2020_02,29.60214,-99.73007,436.7784,6/28/21,p,2021,04/26/2021 19:35 CDT,96471,28.09,50.1,2.9,8.465,22.13,101347.05
TWB14,Uvalde_2020_02,29.60214,-99.73007,436.7784,6/28/21,p,2021,04/26/2021 19:40 CDT,96479,27.98,50.54,3.175,8.465,14.82,101357.6
TWB14,Uvalde_2020_02,29.60214,-99.73007,436.7784,6/28/21,p,2021,04/26/2021 19:45 CDT,96499,27.87,51.25,3.02,8.465,10.48,101380.43
TWB14,Uvalde_2020_02,29.60214,-99.73007,436.7784,6/28/21,p,2021,04/26/2021 19:50 CDT,96508,27.77,52.16,3.415,8.465,8.52,101391.86
TWB14,Uvalde_2020_02,29.60214,-99.73007,436.7784,6/28/21,p,2021,04/26/2021 19:55 CDT,96522,27.61,53.34,2.91,8.465,8.55,101408.39
TWB14,Uvalde_2020_02,29.60214,-99.73007,436.7784,6/28/21,p,2021,04/26/2021 20:00 CDT,96537,27.42,54.42,2.725,8.465,9.89,101427.29
TWB14,Uvalde_2020_02,29.60214,-99.73007,436.7784,6/28/21,p,2021,04/26/2021 20:05 CDT,96525,27.29,55.1,3.785,8.465,5.85,101416.68
TWB14,Uvalde_2020_02,29.60214,-99.73007,436.7784,6/28/21,p,2021,04/26/2021 20:10 CDT,96520,27.12,55.77,3.355,8.465,2.8,101414.41
TWB14,Uvalde_2020_02,29.60214,-99.73007,436.7784,6/28/21,p,2021,04/26/2021 20:15 CDT,96514,26.94,56.31,4.11,8.465,1.51,101410.94
TWB14,Uvalde_2020_02,29.60214,-99.73007,436.7784,6/28/21,p,2021,04/26/2021 20:20 CDT,96503,26.79,56.85,3.635,8.465,0.99,101402.04
TWB14,Uvalde_2020_02,29.60214,-99.73007,436.7784,6/28/21,p,2021,04/26/2021 20:25 CDT,96498,26.6,57.45,3.39,8.465,0.55,101399.96
TWB14,Uvalde_2020_02,29.60214,-99.73007,436.7784,6/28/21,p,2021,04/26/2021 20:30 CDT,96519,26.45,58.06,2.7,8.465,0.36,101424.53
TWB14,Uvalde_2020_02,29.60214,-99.73007,436.7784,6/28/21,p,2021,04/26/2021 20:35 CDT,96579,26.28,58.63,1.95,8.465,0.36,101490.26
TWB14,Uvalde_2020_02,29.60214,-99.73007,436.7784,6/28/21,p,2021,04/26/2021 20:40 CDT,96580,26.05,59.54,3.89,8.635,0.2,101495.16
TWB14,Uvalde_2020_02,29.60214,-99.73007,436.7784,6/28/21,p,2021,04/26/2021 20:45 CDT,96593,25.89,60.22,2.735,8.635,0.09,101511.67
TWB14,Uvalde_2020_02,29.60214,-99.73007,436.7784,6/28/21,p,2021,04/26/2021 20:50 CDT,96585,25.73,60.8,3.355,8.635,0.04,101506.12
TWB14,Uvalde_2020_02,29.60214,-99.73007,436.7784,6/28/21,p,2021,04/26/2021 20:55 CDT,96582,25.59,61.44,2.425,8.635,0.11,101505.49
TWB14,Uvalde_2020_02,29.60214,-99.73007,436.7784,6/28/21,p,2021,04/26/2021 21:00 CDT,96619,25.45,61.74,2.68,8.635,0,101547.07
TWB14,Uvalde_2020_02,29.60214,-99.73007,436.7784,6/28/21,p,2021,04/26/2021 21:05 CDT,96614,25.33,62.45,3.09,8.635,0,101543.49
TWB14,Uvalde_2020_02,29.60214,-99.73007,436.7784,6/28/21,p,2021,04/26/2021 21:10 CDT,96600,25.22,62.86,3.495,8.635,0,101530.8
TWB14,Uvalde_2020_02,29.60214,-99.73007,436.7784,6/28/21,p,2021,04/26/2021 21:15 CDT,96604,25.14,63.19,3.2,8.635,0,101536.19
TWB14,Uvalde_2020_02,29.60214,-99.73007,436.7784,6/28/21,p,2021,04/26/2021 21:20 CDT,96614,25.04,63.66,3.785,8.635,0,101548.22
TWB14,Uvalde_2020_02,29.60214,-99.73007,436.7784,6/28/21,p,2021,04/26/2021 21:25 CDT,96601,24.87,64.54,3.815,9.215,0.06,101537.25
TWB14,Uvalde_2020_02,29.60214,-99.73007,436.7784,6/28/21,p,2021,04/26/2021 21:30 CDT,96624,24.73,65.15,3.365,9.05,0.07,101563.63
TWB14,Uvalde_2020_02,29.60214,-99.73007,436.7784,6/28/21,p,2021,04/26/2021 21:35 CDT,96654,24.61,65.56,2.88,9.05,0.01,101597.53
TWB14,Uvalde_2020_02,29.60214,-99.73007,436.7784,6/28/21,p,2021,04/26/2021 21:40 CDT,96661,24.55,65.96,3.405,9.05,0,101605.91
TWB14,Uvalde_2020_02,29.60214,-99.73007,436.7784,6/28/21,p,2021,04/26/2021 21:45 CDT,96659,24.46,66.5,2.635,9.05,0,101605.33
TWB14,Uvalde_2020_02,29.60214,-99.73007,436.7784,6/28/21,p,2021,04/26/2021 21:50 CDT,96676,24.38,66.91,3.325,9.05,0,101624.9
TWB14,Uvalde_2020_02,29.60214,-99.73007,436.7784,6/28/21,p,2021,04/26/2021 21:55 CDT,96697,24.3,67.24,2.71,8.965,0,101648.16
TWB14,Uvalde_2020_02,29.60214,-99.73007,436.7784,6/28/21,p,2021,04/26/2021 22:00 CDT,96713,24.24,67.51,2.57,8.965,0,101665.83
TWB14,Uvalde_2020_02,29.60214,-99.73007,436.7784,6/28/21,p,2021,04/26/2021 22:05 CDT,96709,24.15,68.19,3.29,8.965,0,101663.15
TWB14,Uvalde_2020_02,29.60214,-99.73007,436.7784,6/28/21,p,2021,04/26/2021 22:10 CDT,96694,24.05,68.59,3.265,8.965,0,101649.08
TWB14,Uvalde_2020_02,29.60214,-99.73007,436.7784,6/28/21,p,2021,04/26/2021 22:15 CDT,96689,23.95,69.34,3.305,8.965,0,101645.36
TWB14,Uvalde_2020_02,29.60214,-99.73007,436.7784,6/28/21,p,2021,04/26/2021 22:20 CDT,96690,23.88,69.71,3.435,8.965,0,101647.77
TWB14,Uvalde_2020_02,29.60214,-99.73007,436.7784,6/28/21,p,2021,04/26/2021 22:25 CDT,96686,23.81,70.08,3.535,8.965,0,101645.1
TWB14,Uvalde_2020_02,29.60214,-99.73007,436.7784,6/28/21,p,2021,04/26/2021 22:30 CDT,96668,23.75,70.35,3.79,8.965,0,101627.03
TWB14,Uvalde_2020_02,29.60214,-99.73007,436.7784,6/28/21,p,2021,04/26/2021 22:35 CDT,96665,23.69,70.62,3.32,8.965,0,101624.72
TWB14,Uvalde_2020_02,29.60214,-99.73007,436.7784,6/28/21,p,2021,04/26/2021 22:40 CDT,96679,23.65,70.79,3.2,8.965,0,101640.12
TWB14,Uvalde_2020_02,29.60214,-99.73007,436.7784,6/28/21,p,2021,04/26/2021 22:45 CDT,96706,23.61,71.09,2.745,8.965,0,101669.36
TWB14,Uvalde_2020_02,29.60214,-99.73007,436.7784,6/28/21,p,2021,04/26/2021 22:50 CDT,96727,23.54,71.29,2.9,8.965,0,101692.64
TWB14,Uvalde_2020_02,29.60214,-99.73007,436.7784,6/28/21,p,2021,04/26/2021 22:55 CDT,96725,23.47,71.6,3.035,8.965,0,101691.73
TWB14,Uvalde_2020_02,29.60214,-99.73007,436.7784,6/28/21,p,2021,04/26/2021 23:00 CDT,96727,23.4,71.97,2.185,8.965,0.03,101694.69
TWB14,Uvalde_2020_02,29.60214,-99.73007,436.7784,6/28/21,p,2021,04/26/2021 23:05 CDT,96720,23.28,72.72,2.705,8.965,0,101689.21
TWB14,Uvalde_2020_02,29.60214,-99.73007,436.7784,6/28/21,p,2021,04/26/2021 23:10 CDT,96719,23.12,73.73,2.77,8.965,0.09,101690.72
TWB14,Uvalde_2020_02,29.60214,-99.73007,436.7784,6/28/21,p,2021,04/26/2021 23:15 CDT,96716,22.97,74.74,3.41,8.965,0.02,101690.3
TWB14,Uvalde_2020_02,29.60214,-99.73007,436.7784,6/28/21,p,2021,04/26/2021 23:20 CDT,96703,22.85,75.56,3.44,8.965,0.02,101678.69
TWB14,Uvalde_2020_02,29.60214,-99.73007,436.7784,6/28/21,p,2021,04/26/2021 23:25 CDT,96683,22.72,75.9,2.695,8.965,0.07,101660.07
TWB14,Uvalde_2020_02,29.60214,-99.73007,436.7784,6/28/21,p,2021,04/26/2021 23:30 CDT,96697,22.63,76.37,2.62,8.965,0,101676.51
TWB14,Uvalde_2020_02,29.60214,-99.73007,436.7784,6/28/21,p,2021,04/26/2021 23:35 CDT,96721,22.6,76.5,3.53,8.965,0,101702.26
TWB14,Uvalde_2020_02,29.60214,-99.73007,436.7784,6/28/21,p,2021,04/26/2021 23:40 CDT,96726,22.61,76.61,3.6,8.965,0,101707.51
TWB14,Uvalde_2020_02,29.60214,-99.73007,436.7784,6/28/21,p,2021,04/26/2021 23:45 CDT,96724,22.57,77.11,4.095,8.965,0,101705.58
TWB14,Uvalde_2020_02,29.60214,-99.73007,436.7784,6/28/21,p,2021,04/26/2021 23:50 CDT,96725,22.5,77.62,3.76,8.965,0,101707.83
TWB14,Uvalde_2020_02,29.60214,-99.73007,436.7784,6/28/21,p,2021,04/26/2021 23:55 CDT,96727,22.46,77.62,3.28,8.965,0,101710.63
TWB14,Uvalde_2020_02,29.60214,-99.73007,436.7784,6/28/21,p,2021,04/27/2021 00:00 CDT,96736,22.42,77.78,3.19,8.965,0,101720.78
TWB14,Uvalde_2020_02,29.60214,-99.73007,436.7784,6/28/21,p,2021,04/27/2021 00:05 CDT,96740,22.39,77.82,2.705,8.965,0,101725.67
TWB14,Uvalde_2020_02,29.60214,-99.73007,436.7784,6/28/21,p,2021,04/27/2021 00:10 CDT,96738,22.35,78.12,3.165,8.965,0,101724.09
TWB14,Uvalde_2020_02,29.60214,-99.73007,436.7784,6/28/21,p,2021,04/27/2021 00:15 CDT,96740,22.29,78.99,3.615,9.215,0.17,101726.7
TWB14,Uvalde_2020_02,29.60214,-99.73007,436.7784,6/28/21,p,2021,04/27/2021 00:20 CDT,96747,22.2,79.2,3.365,8.965,0.2,101735.61
TWB14,Uvalde_2020_02,29.60214,-99.73007,436.7784,6/28/21,p,2021,04/27/2021 00:25 CDT,96746,22.16,79.4,3.025,8.965,0.05,101735.42
TWB14,Uvalde_2020_02,29.60214,-99.73007,436.7784,6/28/21,p,2021,04/27/2021 00:30 CDT,96727,22.1,79.77,2.815,8.965,0.62,101716.82
TWB14,Uvalde_2020_02,29.60214,-99.73007,436.7784,6/28/21,p,2021,04/27/2021 00:35 CDT,96728,22.02,80.5,3.635,8.965,0.17,101718.91
TWB14,Uvalde_2020_02,29.60214,-99.73007,436.7784,6/28/21,p,2021,04/27/2021 00:40 CDT,96733,21.93,81.1,3.61,8.55,0.37,101725.37
TWB14,Uvalde_2020_02,29.60214,-99.73007,436.7784,6/28/21,p,2021,04/27/2021 00:45 CDT,96729,21.83,81.6,4.24,8.55,0.29,101723.24
TWB14,Uvalde_2020_02,29.60214,-99.73007,436.7784,6/28/21,p,2021,04/27/2021 00:50 CDT,96747,21.8,81.7,3.285,8.55,0.02,101743.03
TWB14,Uvalde_2020_02,29.60214,-99.73007,436.7784,6/28/21,p,2021,04/27/2021 00:55 CDT,96750,21.77,81.8,2.7,8.55,0,101746.36
TWB14,Uvalde_2020_02,29.60214,-99.73007,436.7784,6/28/21,p,2021,04/27/2021 01:00 CDT,96749,21.74,82,2.695,8.55,0,101745.83
TWB14,Uvalde_2020_02,29.60214,-99.73007,436.7784,6/28/21,p,2021,04/27/2021 01:05 CDT,96760,21.72,82.2,3.17,8.55,0,101757.74
TWB14,Uvalde_2020_02,29.60214,-99.73007,436.7784,6/28/21,p,2021,04/27/2021 01:10 CDT,96763,21.7,82.3,2.225,8.55,0,101761.07
TWB14,Uvalde_2020_02,29.60214,-99.73007,436.7784,6/28/21,p,2021,04/27/2021 01:15 CDT,96751,21.67,82.6,2.56,8.55,0,101749.14
TWB14,Uvalde_2020_02,29.60214,-99.73007,436.7784,6/28/21,p,2021,04/27/2021 01:20 CDT,96749,21.66,82.7,2.39,8.55,0,101747.38
TWB14,Uvalde_2020_02,29.60214,-99.73007,436.7784,6/28/21,p,2021,04/27/2021 01:25 CDT,96745,21.65,82.9,2.59,8.55,0,101743.18
TWB14,Uvalde_2020_02,29.60214,-99.73007,436.7784,6/28/21,p,2021,04/27/2021 01:30 CDT,96727,21.63,83.1,3.085,8.55,0,101724.59
TWB14,Uvalde_2020_02,29.60214,-99.73007,436.7784,6/28/21,p,2021,04/27/2021 01:35 CDT,96710,21.6,83.2,3.125,8.55,0,101707.58
TWB14,Uvalde_2020_02,29.60214,-99.73007,436.7784,6/28/21,p,2021,04/27/2021 01:40 CDT,96700,21.56,83.5,3.405,8.55,0,101697.75
TWB14,Uvalde_2020_02,29.60214,-99.73007,436.7784,6/28/21,p,2021,04/27/2021 01:45 CDT,96698,21.55,83.4,2.93,8.55,0,101696
TWB14,Uvalde_2020_02,29.60214,-99.73007,436.7784,6/28/21,p,2021,04/27/2021 01:50 CDT,96699,21.55,83.5,2.685,8.55,0,101697.22
TWB14,Uvalde_2020_02,29.60214,-99.73007,436.7784,6/28/21,p,2021,04/27/2021 01:55 CDT,96709,21.56,83.5,2.505,8.55,0,101707.39
TWB14,Uvalde_2020_02,29.60214,-99.73007,436.7784,6/28/21,p,2021,04/27/2021 02:00 CDT,96718,21.55,83.6,3.09,8.55,0,101717.03
TWB14,Uvalde_2020_02,29.60214,-99.73007,436.7784,6/28/21,p,2021,04/27/2021 02:05 CDT,96710,21.51,83.9,3.39,8.55,0,101708.96
TWB14,Uvalde_2020_02,29.60214,-99.73007,436.7784,6/28/21,p,2021,04/27/2021 02:10 CDT,96689,21.47,84.1,2.945,8.55,0,101687.57
TWB14,Uvalde_2020_02,29.60214,-99.73007,436.7784,6/28/21,p,2021,04/27/2021 02:15 CDT,96672,21.43,84.3,2.75,8.55,0,101670.03
TWB14,Uvalde_2020_02,29.60214,-99.73007,436.7784,6/28/21,p,2021,04/27/2021 02:20 CDT,96675,21.42,84.7,2.995,8.55,0,101673.53
TWB14,Uvalde_2020_02,29.60214,-99.73007,436.7784,6/28/21,p,2021,04/27/2021 02:25 CDT,96680,21.35,85.1,3.555,8.55,0.05,101679.83
TWB14,Uvalde_2020_02,29.60214,-99.73007,436.7784,6/28/21,p,2021,04/27/2021 02:30 CDT,96682,21.29,85.7,3.63,8.55,0.09,101683.15
TWB14,Uvalde_2020_02,29.60214,-99.73007,436.7784,6/28/21,p,2021,04/27/2021 02:35 CDT,96685,21.23,86,2.905,8.55,0.36,101687.17
TWB14,Uvalde_2020_02,29.60214,-99.73007,436.7784,6/28/21,p,2021,04/27/2021 02:40 CDT,96689,21.2,86.3,2.89,8.55,0.03,101691.89
TWB14,Uvalde_2020_02,29.60214,-99.73007,436.7784,6/28/21,p,2021,04/27/2021 02:45 CDT,96691,21.18,86.4,3.105,8.55,0,101694.52
TWB14,Uvalde_2020_02,29.60214,-99.73007,436.7784,6/28/21,p,2021,04/27/2021 02:50 CDT,96681,21.17,86.7,2.89,8.55,0,101684.17
TWB14,Uvalde_2020_02,29.60214,-99.73007,436.7784,6/28/21,p,2021,04/27/2021 02:55 CDT,96675,21.14,86.8,2.75,8.55,0,101678.38
TWB14,Uvalde_2020_02,29.60214,-99.73007,436.7784,6/28/21,p,2021,04/27/2021 03:00 CDT,96671,21.11,87,2.18,8.55,0,101674.7
TWB14,Uvalde_2020_02,29.60214,-99.73007,436.7784,6/28/21,p,2021,04/27/2021 03:05 CDT,96671,21.1,87.3,2.73,8.55,0,101674.7
TWB14,Uvalde_2020_02,29.60214,-99.73007,436.7784,6/28/21,p,2021,04/27/2021 03:10 CDT,96667,21.05,87.5,2.295,8.55,0,101671.36
TWB14,Uvalde_2020_02,29.60214,-99.73007,436.7784,6/28/21,p,2021,04/27/2021 03:15 CDT,96649,21.01,88.1,3.305,8.55,0,101653.12
TWB14,Uvalde_2020_02,29.60214,-99.73007,436.7784,6/28/21,p,2021,04/27/2021 03:20 CDT,96644,20.97,88.2,3.015,8.55,0,101648.73
TWB14,Uvalde_2020_02,29.60214,-99.73007,436.7784,6/28/21,p,2021,04/27/2021 03:25 CDT,96642,20.98,88.2,2.16,8.55,0,101646.62
TWB14,Uvalde_2020_02,29.60214,-99.73007,436.7784,6/28/21,p,2021,04/27/2021 03:30 CDT,96650,20.98,88.2,2.09,8.55,0,101655.04
TWB14,Uvalde_2020_02,29.60214,-99.73007,436.7784,6/28/21,p,2021,04/27/2021 03:35 CDT,96648,20.96,88.3,2.22,8.55,0,101652.93
TWB14,Uvalde_2020_02,29.60214,-99.73007,436.7784,6/28/21,p,2021,04/27/2021 03:40 CDT,96648,20.95,88.5,2.385,8.55,0,101653.28
TWB14,Uvalde_2020_02,29.60214,-99.73007,436.7784,6/28/21,p,2021,04/27/2021 03:45 CDT,96650,20.94,88.6,2.36,8.55,0,101655.73
TWB14,Uvalde_2020_02,29.60214,-99.73007,436.7784,6/28/21,p,2021,04/27/2021 03:50 CDT,96648,20.93,88.8,2.25,8.55,0,101653.8
TWB14,Uvalde_2020_02,29.60214,-99.73007,436.7784,6/28/21,p,2021,04/27/2021 03:55 CDT,96652,20.91,89,2.33,8.55,0,101658.18
TWB14,Uvalde_2020_02,29.60214,-99.73007,436.7784,6/28/21,p,2021,04/27/2021 04:00 CDT,96658,20.88,89.5,2.575,8.55,0.01,101664.66
TWB14,Uvalde_2020_02,29.60214,-99.73007,436.7784,6/28/21,p,2021,04/27/2021 04:05 CDT,96648,20.85,89.8,2.445,8.55,0,101654.66
TWB14,Uvalde_2020_02,29.60214,-99.73007,436.7784,6/28/21,p,2021,04/27/2021 04:10 CDT,96645,20.82,90.1,2.255,8.55,0,101652.03
TWB14,Uvalde_2020_02,29.60214,-99.73007,436.7784,6/28/21,p,2021,04/27/2021 04:15 CDT,96652,20.8,90.5,2.305,8.55,0,101659.39
TWB14,Uvalde_2020_02,29.60214,-99.73007,436.7784,6/28/21,p,2021,04/27/2021 04:20 CDT,96652,20.78,90.5,1.795,8.55,0,101660.09
TWB14,Uvalde_2020_02,29.60214,-99.73007,436.7784,6/28/21,p,2021,04/27/2021 04:25 CDT,96645,20.76,90.6,1.735,8.55,0,101653.07
TWB14,Uvalde_2020_02,29.60214,-99.73007,436.7784,6/28/21,p,2021,04/27/2021 04:30 CDT,96630,20.74,90.8,1.945,8.55,0,101637.64
TWB14,Uvalde_2020_02,29.60214,-99.73007,436.7784,6/28/21,p,2021,04/27/2021 04:35 CDT,96643,20.71,91,2.045,8.55,0,101652.19
TWB14,Uvalde_2020_02,29.60214,-99.73007,436.7784,6/28/21,p,2021,04/27/2021 04:40 CDT,96629,20.71,91.1,2.115,8.55,0,101637.46
TWB14,Uvalde_2020_02,29.60214,-99.73007,436.7784,6/28/21,p,2021,04/27/2021 04:45 CDT,96617,20.69,91.4,2.15,8.55,0,101624.83
TWB14,Uvalde_2020_02,29.60214,-99.73007,436.7784,6/28/21,p,2021,04/27/2021 04:50 CDT,96589,20.66,91.5,2.5,8.55,0,101596.08
TWB14,Uvalde_2020_02,29.60214,-99.73007,436.7784,6/28/21,p,2021,04/27/2021 04:55 CDT,96590,20.7,91.8,2.18,8.55,0,101596.96
TWB14,Uvalde_2020_02,29.60214,-99.73007,436.7784,6/28/21,p,2021,04/27/2021 05:00 CDT,96580,20.7,92,2.585,8.55,0,101585.91
TWB14,Uvalde_2020_02,29.60214,-99.73007,436.7784,6/28/21,p,2021,04/27/2021 05:05 CDT,96568,20.63,92.2,2.475,8.55,0,101574.34
TWB14,Uvalde_2020_02,29.60214,-99.73007,436.7784,6/28/21,p,2021,04/27/2021 05:10 CDT,96583,20.61,92.4,2.065,8.55,0,101590.63
TWB14,Uvalde_2020_02,29.60214,-99.73007,436.7784,6/28/21,p,2021,04/27/2021 05:15 CDT,96589,20.62,92.4,2.345,8.55,0,101596.77
TWB14,Uvalde_2020_02,29.60214,-99.73007,436.7784,6/28/21,p,2021,04/27/2021 05:20 CDT,96596,20.6,92.5,2.39,8.55,0,101604.48
TWB14,Uvalde_2020_02,29.60214,-99.73007,436.7784,6/28/21,p,2021,04/27/2021 05:25 CDT,96596,20.61,92.5,2.04,8.55,0,101604.48
TWB14,Uvalde_2020_02,29.60214,-99.73007,436.7784,6/28/21,p,2021,04/27/2021 05:30 CDT,96595,20.61,92.5,1.865,8.55,0,101603.43
TWB14,Uvalde_2020_02,29.60214,-99.73007,436.7784,6/28/21,p,2021,04/27/2021 05:35 CDT,96590,20.59,92.7,2.805,8.55,0,101598.34
TWB14,Uvalde_2020_02,29.60214,-99.73007,436.7784,6/28/21,p,2021,04/27/2021 05:40 CDT,96582,20.57,92.9,2.39,8.55,0,101590.28
TWB14,Uvalde_2020_02,29.60214,-99.73007,436.7784,6/28/21,p,2021,04/27/2021 05:45 CDT,96574,20.57,92.9,1.96,8.55,0,101581.86
TWB14,Uvalde_2020_02,29.60214,-99.73007,436.7784,6/28/21,p,2021,04/27/2021 05:50 CDT,96573,20.56,93.2,2.395,8.55,0,101580.81
TWB14,Uvalde_2020_02,29.60214,-99.73007,436.7784,6/28/21,p,2021,04/27/2021 05:55 CDT,96571,20.54,93.4,2.79,8.55,0,101579.05
TWB14,Uvalde_2020_02,29.60214,-99.73007,436.7784,6/28/21,p,2021,04/27/2021 06:00 CDT,96569,20.52,93.7,2.7,8.55,0,101577.64
TWB14,Uvalde_2020_02,29.60214,-99.73007,436.7784,6/28/21,p,2021,04/27/2021 06:05 CDT,96568,20.49,93.8,2.565,8.55,0,101576.94
TWB14,Uvalde_2020_02,29.60214,-99.73007,436.7784,6/28/21,p,2021,04/27/2021 06:10 CDT,96569,20.46,94,2.015,8.55,0,101578.69
TWB14,Uvalde_2020_02,29.60214,-99.73007,436.7784,6/28/21,p,2021,04/27/2021 06:15 CDT,96571,20.46,94.1,2.27,8.55,0,101580.97
TWB14,Uvalde_2020_02,29.60214,-99.73007,436.7784,6/28/21,p,2021,04/27/2021 06:20 CDT,96578,20.47,94.1,1.675,8.55,0,101587.98
TWB14,Uvalde_2020_02,29.60214,-99.73007,436.7784,6/28/21,p,2021,04/27/2021 06:25 CDT,96590,20.5,94.1,1.855,8.55,0,101600.08
TWB14,Uvalde_2020_02,29.60214,-99.73007,436.7784,6/28/21,p,2021,04/27/2021 06:30 CDT,96592,20.53,94.1,1.695,8.55,0,101601.83
TWB14,Uvalde_2020_02,29.60214,-99.73007,436.7784,6/28/21,p,2021,04/27/2021 06:35 CDT,96597,20.59,94.1,2.63,8.55,0,101606.22
TWB14,Uvalde_2020_02,29.60214,-99.73007,436.7784,6/28/21,p,2021,04/27/2021 06:40 CDT,96597,20.6,93.9,1.51,8.55,0,101605.87
TWB14,Uvalde_2020_02,29.60214,-99.73007,436.7784,6/28/21,p,2021,04/27/2021 06:45 CDT,96612,20.62,94,1.78,8.55,0,101621.13
TWB14,Uvalde_2020_02,29.60214,-99.73007,436.7784,6/28/21,p,2021,04/27/2021 06:50 CDT,96621,20.62,94.3,2.4,8.55,0,101630.59
TWB14,Uvalde_2020_02,29.60214,-99.73007,436.7784,6/28/21,p,2021,04/27/2021 06:55 CDT,96623,20.6,94.4,2.48,8.55,0,101632.87
TWB14,Uvalde_2020_02,29.60214,-99.73007,436.7784,6/28/21,p,2021,04/27/2021 07:00 CDT,96632,20.61,94.5,2.195,8.55,0,101642.16
TWB14,Uvalde_2020_02,29.60214,-99.73007,436.7784,6/28/21,p,2021,04/27/2021 07:05 CDT,96640,20.61,94.6,1.92,8.55,0,101650.58
TWB14,Uvalde_2020_02,29.60214,-99.73007,436.7784,6/28/21,p,2021,04/27/2021 07:10 CDT,96630,20.6,94.9,2.59,8.55,0.32,101640.23
TWB14,Uvalde_2020_02,29.60214,-99.73007,436.7784,6/28/21,p,2021,04/27/2021 07:15 CDT,96610,20.57,95.1,2.735,8.55,1.04,101619.71
TWB14,Uvalde_2020_02,29.60214,-99.73007,436.7784,6/28/21,p,2021,04/27/2021 07:20 CDT,96622,20.55,95.3,1.505,8.55,0.85,101632.51
TWB14,Uvalde_2020_02,29.60214,-99.73007,436.7784,6/28/21,p,2021,04/27/2021 07:25 CDT,96628,20.55,95.4,1.74,8.55,0.76,101638.82
TWB14,Uvalde_2020_02,29.60214,-99.73007,436.7784,6/28/21,p,2021,04/27/2021 07:30 CDT,96624,20.55,95.6,1.675,8.55,0.77,101634.61
TWB14,Uvalde_2020_02,29.60214,-99.73007,436.7784,6/28/21,p,2021,04/27/2021 07:35 CDT,96625,20.53,95.7,2.005,8.55,1.04,101636.19
TWB14,Uvalde_2020_02,29.60214,-99.73007,436.7784,6/28/21,p,2021,04/27/2021 07:40 CDT,96634,20.53,95.8,1.62,8.55,1.28,101645.65
TWB14,Uvalde_2020_02,29.60214,-99.73007,436.7784,6/28/21,p,2021,04/27/2021 07:45 CDT,96632,20.55,95.8,2.02,8.55,1.55,101643.03
TWB14,Uvalde_2020_02,29.60214,-99.73007,436.7784,6/28/21,p,2021,04/27/2021 07:50 CDT,96649,20.57,95.8,2.05,8.55,1.52,101660.73
TWB14,Uvalde_2020_02,29.60214,-99.73007,436.7784,6/28/21,p,2021,04/27/2021 07:55 CDT,96666,20.58,95.9,1.445,8.55,1.88,101678.61
TWB14,Uvalde_2020_02,29.60214,-99.73007,436.7784,6/28/21,p,2021,04/27/2021 08:00 CDT,96676,20.58,95.9,1.45,8.55,3.75,101688.96
TWB14,Uvalde_2020_02,29.60214,-99.73007,436.7784,6/28/21,p,2021,04/27/2021 08:05 CDT,96677,20.6,95.9,1.47,8.55,4.46,101689.66
TWB14,Uvalde_2020_02,29.60214,-99.73007,436.7784,6/28/21,p,2021,04/27/2021 08:10 CDT,96696,20.62,95.9,1.145,8.55,4.72,101709.3
TWB14,Uvalde_2020_02,29.60214,-99.73007,436.7784,6/28/21,p,2021,04/27/2021 08:15 CDT,96717,20.65,95.9,0.83,8.55,5.26,101731.04
TWB14,Uvalde_2020_02,29.60214,-99.73007,436.7784,6/28/21,p,2021,04/27/2021 08:20 CDT,96717,20.67,95.9,0.82,8.55,8.4,101730.69
TWB14,Uvalde_2020_02,29.60214,-99.73007,436.7784,6/28/21,p,2021,04/27/2021 08:25 CDT,96705,20.7,95.9,0.35,8.55,10.71,101717.54
TWB14,Uvalde_2020_02,29.60214,-99.73007,436.7784,6/28/21,p,2021,04/27/2021 08:30 CDT,96706,20.71,95.9,0.23,8.55,10.78,101718.24
TWB14,Uvalde_2020_02,29.60214,-99.73007,436.7784,6/28/21,p,2021,04/27/2021 08:35 CDT,96719,20.72,95.9,0.085,8.55,10.83,101731.57
TWB14,Uvalde_2020_02,29.60214,-99.73007,436.7784,6/28/21,p,2021,04/27/2021 08:40 CDT,96718,20.77,95.9,0.36,8.55,13.92,101729.3
TWB14,Uvalde_2020_02,29.60214,-99.73007,436.7784,6/28/21,p,2021,04/27/2021 08:45 CDT,96724,20.81,95.9,0.395,8.55,17.87,101734.91
TWB14,Uvalde_2020_02,29.60214,-99.73007,436.7784,6/28/21,p,2021,04/27/2021 08:50 CDT,96734,20.8,96,0.385,8.55,17.08,101745.43
TWB14,Uvalde_2020_02,29.60214,-99.73007,436.7784,6/28/21,p,2021,04/27/2021 08:55 CDT,96748,20.83,95.9,0.13,8.55,17.99,101759.8
TWB14,Uvalde_2020_02,29.60214,-99.73007,436.7784,6/28/21,p,2021,04/27/2021 09:00 CDT,96748,20.86,95.9,0.22,8.55,21.56,101759.11
TWB14,Uvalde_2020_02,29.60214,-99.73007,436.7784,6/28/21,p,2021,04/27/2021 09:05 CDT,96751,20.9,95.9,0.45,8.55,27.37,101761.91
TWB14,Uvalde_2020_02,29.60214,-99.73007,436.7784,6/28/21,p,2021,04/27/2021 09:10 CDT,96746,20.92,96,0.385,8.55,26.13,101755.96
TWB14,Uvalde_2020_02,29.60214,-99.73007,436.7784,6/28/21,p,2021,04/27/2021 09:15 CDT,96735,20.95,95.7,0.165,8.55,22.54,101743.69
TWB14,Uvalde_2020_02,29.60214,-99.73007,436.7784,6/28/21,p,2021,04/27/2021 09:20 CDT,96731,20.94,95.9,0.24,8.55,31.86,101739.66
TWB14,Uvalde_2020_02,29.60214,-99.73007,436.7784,6/28/21,p,2021,04/27/2021 09:25 CDT,96730,20.99,96.1,0.535,8.55,41.62,101737.56
TWB14,Uvalde_2020_02,29.60214,-99.73007,436.7784,6/28/21,p,2021,04/27/2021 09:30 CDT,96727,21.03,96.4,0.645,8.55,34.61,101733.53
TWB14,Uvalde_2020_02,29.60214,-99.73007,436.7784,6/28/21,p,2021,04/27/2021 09:35 CDT,96719,21.03,96.2,0.92,8.55,28.13,101724.95
TWB14,Uvalde_2020_02,29.60214,-99.73007,436.7784,6/28/21,p,2021,04/27/2021 09:40 CDT,96725,21.03,96.4,0.7,8.55,31.15,101731.43
TWB14,Uvalde_2020_02,29.60214,-99.73007,436.7784,6/28/21,p,2021,04/27/2021 09:45 CDT,96717,21.04,96.1,0.82,8.55,40.55,101722.84
TWB14,Uvalde_2020_02,29.60214,-99.73007,436.7784,6/28/21,p,2021,04/27/2021 09:50 CDT,96714,21.05,96.5,1.24,8.55,50.48,101719.68
TWB14,Uvalde_2020_02,29.60214,-99.73007,436.7784,6/28/21,p,2021,04/27/2021 09:55 CDT,96727,21.1,96.4,0.76,8.55,54.64,101732.66
TWB14,Uvalde_2020_02,29.60214,-99.73007,436.7784,6/28/21,p,2021,04/27/2021 10:00 CDT,96727,21.13,96.5,1.075,8.55,61.96,101732.14
TWB14,Uvalde_2020_02,29.60214,-99.73007,436.7784,6/28/21,p,2021,04/27/2021 10:05 CDT,96731,21.2,96.7,0.945,8.55,73.77,101735.65
TWB14,Uvalde_2020_02,29.60214,-99.73007,436.7784,6/28/21,p,2021,04/27/2021 10:10 CDT,96746,21.28,96.3,1.035,8.55,61.39,101749.52
TWB14,Uvalde_2020_02,29.60214,-99.73007,436.7784,6/28/21,p,2021,04/27/2021 10:15 CDT,96758,21.35,95.7,1.085,8.55,63.16,101761.1
TWB14,Uvalde_2020_02,29.60214,-99.73007,436.7784,6/28/21,p,2021,04/27/2021 10:20 CDT,96761,21.38,95.6,1.35,8.55,58.59,101763.38
TWB14,Uvalde_2020_02,29.60214,-99.73007,436.7784,6/28/21,p,2021,04/27/2021 10:25 CDT,96741,21.4,95.3,1.44,8.55,96.66,101741.83
TWB14,Uvalde_2020_02,29.60214,-99.73007,436.7784,6/28/21,p,2021,04/27/2021 10:30 CDT,96729,21.47,95.2,1.475,8.55,101.01,101728.34
TWB14,Uvalde_2020_02,29.60214,-99.73007,436.7784,6/28/21,p,2021,04/27/2021 10:35 CDT,96729,21.5,95.2,1.86,8.55,79.73,101727.82
TWB14,Uvalde_2020_02,29.60214,-99.73007,436.7784,6/28/21,p,2021,04/27/2021 10:40 CDT,96746,21.58,94.7,2.01,8.55,47.18,101744.32
TWB14,Uvalde_2020_02,29.60214,-99.73007,436.7784,6/28/21,p,2021,04/27/2021 10:45 CDT,96728,21.6,94.5,2.345,8.55,86.16,101725.04
TWB14,Uvalde_2020_02,29.60214,-99.73007,436.7784,6/28/21,p,2021,04/27/2021 10:50 CDT,96737,21.64,93.9,2.55,8.55,68.3,101733.64
TWB14,Uvalde_2020_02,29.60214,-99.73007,436.7784,6/28/21,p,2021,04/27/2021 10:55 CDT,96744,21.67,93.7,2.765,8.55,71.97,101740.66
TWB14,Uvalde_2020_02,29.60214,-99.73007,436.7784,6/28/21,p,2021,04/27/2021 11:00 CDT,96759,21.67,94,2.325,8.55,65.63,101756.61
TWB14,Uvalde_2020_02,29.60214,-99.73007,436.7784,6/28/21,p,2021,04/27/2021 11:05 CDT,96765,21.67,93.8,2.51,8.55,70.67,101762.4
TWB14,Uvalde_2020_02,29.60214,-99.73007,436.7784,6/28/21,p,2021,04/27/2021 11:10 CDT,96767,21.64,94.4,2.395,8.55,73.89,101765.02
TWB14,Uvalde_2020_02,29.60214,-99.73007,436.7784,6/28/21,p,2021,04/27/2021 11:15 CDT,96775,21.64,93.8,2.51,8.55,67.84,101773.61
TWB14,Uvalde_2020_02,29.60214,-99.73007,436.7784,6/28/21,p,2021,04/27/2021 11:20 CDT,96787,21.66,93.6,2.32,8.55,42.94,101786.23
TWB14,Uvalde_2020_02,29.60214,-99.73007,436.7784,6/28/21,p,2021,04/27/2021 11:25 CDT,96781,21.69,93.1,1.815,8.55,50.51,101779.58
TWB14,Uvalde_2020_02,29.60214,-99.73007,436.7784,6/28/21,p,2021,04/27/2021 11:30 CDT,96780,21.72,92.8,2.065,8.55,51.16,101777.83
TWB14,Uvalde_2020_02,29.60214,-99.73007,436.7784,6/28/21,p,2021,04/27/2021 11:35 CDT,96794,21.77,92.5,1.865,8.55,44.77,101791.86
TWB14,Uvalde_2020_02,29.60214,-99.73007,436.7784,6/28/21,p,2021,04/27/2021 11:40 CDT,96829,21.85,92.2,1.525,8.55,32.97,101827.63
TWB14,Uvalde_2020_02,29.60214,-99.73007,436.7784,6/28/21,p,2021,04/27/2021 11:45 CDT,96789,21.87,92.3,1.005,8.55,48.52,101784.88
TWB14,Uvalde_2020_02,29.60214,-99.73007,436.7784,6/28/21,p,2021,04/27/2021 11:50 CDT,96782,21.91,91.7,1.195,8.55,40.12,101776.48
TWB14,Uvalde_2020_02,29.60214,-99.73007,436.7784,6/28/21,p,2021,04/27/2021 11:55 CDT,96775,21.92,91.6,0.435,8.55,41.41,101768.95
TWB14,Uvalde_2020_02,29.60214,-99.73007,436.7784,6/28/21,p,2021,04/27/2021 12:00 CDT,96771,21.96,91.5,0.895,8.55,39.63,101764.05
TWB14,Uvalde_2020_02,29.60214,-99.73007,436.7784,6/28/21,p,2021,04/27/2021 12:05 CDT,96785,21.99,91.5,0.765,8.55,24.12,101778.25
TWB14,Uvalde_2020_02,29.60214,-99.73007,436.7784,6/28/21,p,2021,04/27/2021 12:10 CDT,96782,22.03,91.4,0.78,8.55,29.61,101774.06
TWB14,Uvalde_2020_02,29.60214,-99.73007,436.7784,6/28/21,p,2021,04/27/2021 12:15 CDT,96780,22.05,91.5,1.26,8.55,39.45,101771.78
TWB14,Uvalde_2020_02,29.60214,-99.73007,436.7784,6/28/21,p,2021,04/27/2021 12:20 CDT,96773,22.01,91.8,1.615,8.55,41.64,101764.94
TWB14,Uvalde_2020_02,29.60214,-99.73007,436.7784,6/28/21,p,2021,04/27/2021 12:25 CDT,96735,21.93,92.5,1.62,8.55,47.8,101726.18
TWB14,Uvalde_2020_02,29.60214,-99.73007,436.7784,6/28/21,p,2021,04/27/2021 12:30 CDT,96677,21.87,92.9,1.685,8.55,54.35,101666.4
TWB14,Uvalde_2020_02,29.60214,-99.73007,436.7784,6/28/21,p,2021,04/27/2021 12:35 CDT,96622,21.81,93.2,2.085,8.55,72.13,101610.11
TWB14,Uvalde_2020_02,29.60214,-99.73007,436.7784,6/28/21,p,2021,04/27/2021 12:40 CDT,96661,21.92,92.7,1.425,8.55,67.24,101649.92
TWB14,Uvalde_2020_02,29.60214,-99.73007,436.7784,6/28/21,p,2021,04/27/2021 12:45 CDT,96654,22.06,91.3,2.135,8.55,99.9,101640.32
TWB14,Uvalde_2020_02,29.60214,-99.73007,436.7784,6/28/21,p,2021,04/27/2021 12:50 CDT,96657,22.22,90.1,2.485,8.55,93.02,101640.72
TWB14,Uvalde_2020_02,29.60214,-99.73007,436.7784,6/28/21,p,2021,04/27/2021 12:55 CDT,96658,22.29,90.2,1.985,8.55,97.32,101640.05
TWB14,Uvalde_2020_02,29.60214,-99.73007,436.7784,6/28/21,p,2021,04/27/2021 13:00 CDT,96666,22.33,89.5,2.095,8.55,101.1,101646.91
TWB14,Uvalde_2020_02,29.60214,-99.73007,436.7784,6/28/21,p,2021,04/27/2021 13:05 CDT,96673,22.38,89.5,2.14,8.55,101.35,101653.41
TWB14,Uvalde_2020_02,29.60214,-99.73007,436.7784,6/28/21,p,2021,04/27/2021 13:10 CDT,96678,22.51,88.3,1.865,8.55,112.48,101656.61
TWB14,Uvalde_2020_02,29.60214,-99.73007,436.7784,6/28/21,p,2021,04/27/2021 13:15 CDT,96665,22.48,88.9,2.835,8.55,129.69,101642.59
TWB14,Uvalde_2020_02,29.60214,-99.73007,436.7784,6/28/21,p,2021,04/27/2021 13:20 CDT,96636,22.53,88.6,2.005,8.55,110.02,101612.44
TWB14,Uvalde_2020_02,29.60214,-99.73007,436.7784,6/28/21,p,2021,04/27/2021 13:25 CDT,96617,22.5,89.2,2.915,8.55,137.64,101591.77
TWB14,Uvalde_2020_02,29.60214,-99.73007,436.7784,6/28/21,p,2021,04/27/2021 13:30 CDT,96619,22.55,88,2.965,8.55,133.4,101594.06
TWB14,Uvalde_2020_02,29.60214,-99.73007,436.7784,6/28/21,p,2021,04/27/2021 13:35 CDT,96613,22.58,87.8,3.29,8.55,96.72,101586.89
TWB14,Uvalde_2020_02,29.60214,-99.73007,436.7784,6/28/21,p,2021,04/27/2021 13:40 CDT,96609,22.63,88,2.435,8.55,111.62,101581.65
TWB14,Uvalde_2020_02,29.60214,-99.73007,436.7784,6/28/21,p,2021,04/27/2021 13:45 CDT,96590,22.7,87.7,2.19,8.55,112.07,101560.64
TWB14,Uvalde_2020_02,29.60214,-99.73007,436.7784,6/28/21,p,2021,04/27/2021 13:50 CDT,96575,22.78,86.9,1.915,8.55,131.57,101543.5
TWB14,Uvalde_2020_02,29.60214,-99.73007,436.7784,6/28/21,p,2021,04/27/2021 13:55 CDT,96553,22.95,85.9,1.97,8.55,147.78,101517.12
TWB14,Uvalde_2020_02,29.60214,-99.73007,436.7784,6/28/21,p,2021,04/27/2021 14:00 CDT,96547,23.04,85.9,2.35,8.55,171.47,101509.44
TWB14,Uvalde_2020_02,29.60214,-99.73007,436.7784,6/28/21,p,2021,04/27/2021 14:05 CDT,96553,23.06,85.4,2.395,8.55,120.72,101514.55
TWB14,Uvalde_2020_02,29.60214,-99.73007,436.7784,6/28/21,p,2021,04/27/2021 14:10 CDT,96548,23.1,85.4,2.505,8.55,170.51,101509.3
TWB14,Uvalde_2020_02,29.60214,-99.73007,436.7784,6/28/21,p,2021,04/27/2021 14:15 CDT,96550,23.28,84.3,2.25,8.55,128.17,101509.01
TWB14,Uvalde_2020_02,29.60214,-99.73007,436.7784,6/28/21,p,2021,04/27/2021 14:20 CDT,96552,23.41,84,2.135,8.55,99.58,101508.38
TWB14,Uvalde_2020_02,29.60214,-99.73007,436.7784,6/28/21,p,2021,04/27/2021 14:25 CDT,96551,23.5,83.6,2.355,8.55,77.93,101505.11
TWB14,Uvalde_2020_02,29.60214,-99.73007,436.7784,6/28/21,p,2021,04/27/2021 14:30 CDT,96552,23.41,84.1,2.92,8.55,80.35,101507.36
TWB14,Uvalde_2020_02,29.60214,-99.73007,436.7784,6/28/21,p,2021,04/27/2021 14:35 CDT,96552,23.3,84.6,2.975,8.55,85.43,101509.57
TWB14,Uvalde_2020_02,29.60214,-99.73007,436.7784,6/28/21,p,2021,04/27/2021 14:40 CDT,96570,23.29,84.6,2.15,8.55,64.43,101529.35
TWB14,Uvalde_2020_02,29.60214,-99.73007,436.7784,6/28/21,p,2021,04/27/2021 14:45 CDT,96592,23.29,84.3,2.09,8.55,51.1,101552.31
TWB14,Uvalde_2020_02,29.60214,-99.73007,436.7784,6/28/21,p,2021,04/27/2021 14:50 CDT,96582,23.23,84.8,1.975,8.55,57.44,101542.14
TWB14,Uvalde_2020_02,29.60214,-99.73007,436.7784,6/28/21,p,2021,04/27/2021 14:55 CDT,96559,23.29,84.4,1.64,8.55,63.09,101517.96
TWB14,Uvalde_2020_02,29.60214,-99.73007,436.7784,6/28/21,p,2021,04/27/2021 15:00 CDT,96532,23.36,83.8,1.785,8.55,62.05,101488.55
TWB14,Uvalde_2020_02,29.60214,-99.73007,436.7784,6/28/21,p,2021,04/27/2021 15:05 CDT,96500,23.33,84,1.815,8.55,77.97,101455.08
TWB14,Uvalde_2020_02,29.60214,-99.73007,436.7784,6/28/21,p,2021,04/27/2021 15:10 CDT,96461,23.38,84.2,2.195,8.55,106.84,101413.56
TWB14,Uvalde_2020_02,29.60214,-99.73007,436.7784,6/28/21,p,2021,04/27/2021 15:15 CDT,96445,23.36,84,2.685,8.55,103.37,101396.74
TWB14,Uvalde_2020_02,29.60214,-99.73007,436.7784,6/28/21,p,2021,04/27/2021 15:20 CDT,96449,23.38,83.6,3.13,8.55,96.53,101400.95
TWB14,Uvalde_2020_02,29.60214,-99.73007,436.7784,6/28/21,p,2021,04/27/2021 15:25 CDT,96441,23.33,84.4,2.915,8.55,102.8,101392.7
TWB14,Uvalde_2020_02,29.60214,-99.73007,436.7784,6/28/21,p,2021,04/27/2021 15:30 CDT,96442,23.35,84.1,2.285,8.55,68.4,101393.76
TWB14,Uvalde_2020_02,29.60214,-99.73007,436.7784,6/28/21,p,2021,04/27/2021 15:35 CDT,96444,23.29,84.6,3.075,8.55,77.32,101396.37
TWB14,Uvalde_2020_02,29.60214,-99.73007,436.7784,6/28/21,p,2021,04/27/2021 15:40 CDT,96450,23.23,84.6,3.325,8.55,64.64,101403.87
TWB14,Uvalde_2020_02,29.60214,-99.73007,436.7784,6/28/21,p,2021,04/27/2021 15:45 CDT,96444,23.25,84.7,2.65,8.55,69.85,101398.08
TWB14,Uvalde_2020_02,29.60214,-99.73007,436.7784,6/28/21,p,2021,04/27/2021 15:50 CDT,96440,23.33,84.1,2.495,8.55,80.96,101393.02
TWB14,Uvalde_2020_02,29.60214,-99.73007,436.7784,6/28/21,p,2021,04/27/2021 15:55 CDT,96402,23.44,83.1,3.045,8.55,183.35,101351.37
TWB14,Uvalde_2020_02,29.60214,-99.73007,436.7784,6/28/21,p,2021,04/27/2021 16:00 CDT,96365,23.83,81.4,3.175,8.55,256.06,101305.67
TWB14,Uvalde_2020_02,29.60214,-99.73007,436.7784,6/28/21,p,2021,04/27/2021 16:05 CDT,96386,23.99,81,3.035,8.55,126.39,101324.52
TWB14,Uvalde_2020_02,29.60214,-99.73007,436.7784,6/28/21,p,2021,04/27/2021 16:10 CDT,96360,24.07,80.9,2.81,8.55,184.33,101295.32
TWB14,Uvalde_2020_02,29.60214,-99.73007,436.7784,6/28/21,p,2021,04/27/2021 16:15 CDT,96348,24.25,78.64,2.83,8.55,184.09,101280.18
TWB14,Uvalde_2020_02,29.60214,-99.73007,436.7784,6/28/21,p,2021,04/27/2021 16:20 CDT,96352,24.43,78.84,2.52,8.55,120.45,101280.65
TWB14,Uvalde_2020_02,29.60214,-99.73007,436.7784,6/28/21,p,2021,04/27/2021 16:25 CDT,96362,24.52,78.26,2.79,8.55,209.84,101289.81
TWB14,Uvalde_2020_02,29.60214,-99.73007,436.7784,6/28/21,p,2021,04/27/2021 16:30 CDT,96350,24.7,77.55,3.085,8.55,168.11,101273.65
TWB14,Uvalde_2020_02,29.60214,-99.73007,436.7784,6/28/21,p,2021,04/27/2021 16:35 CDT,96357,24.83,77.01,2.6,8.55,95.19,101279.67
TWB14,Uvalde_2020_02,29.60214,-99.73007,436.7784,6/28/21,p,2021,04/27/2021 16:40 CDT,96353,24.85,76.67,2.835,8.55,93.92,101274.79
TWB14,Uvalde_2020_02,29.60214,-99.73007,436.7784,6/28/21,p,2021,04/27/2021 16:45 CDT,96359,24.88,76.97,2.28,8.55,54.45,101280.75
TWB14,Uvalde_2020_02,29.60214,-99.73007,436.7784,6/28/21,p,2021,04/27/2021 16:50 CDT,96336,24.91,76.6,2.86,8.55,56.56,101256.25
TWB14,Uvalde_2020_02,29.60214,-99.73007,436.7784,6/28/21,p,2021,04/27/2021 16:55 CDT,96326,24.87,76.6,3.3,8.55,53.67,101246.58
TWB14,Uvalde_2020_02,29.60214,-99.73007,436.7784,6/28/21,p,2021,04/27/2021 17:00 CDT,96300,24.81,76.6,3.13,8.55,77.44,101220.6
TWB14,Uvalde_2020_02,29.60214,-99.73007,436.7784,6/28/21,p,2021,04/27/2021 17:05 CDT,96304,24.82,76.47,2.91,8.55,70.23,101224.81
TWB14,Uvalde_2020_02,29.60214,-99.73007,436.7784,6/28/21,p,2021,04/27/2021 17:10 CDT,96271,24.88,75.9,2.515,8.55,139.73,101189.45
TWB14,Uvalde_2020_02,29.60214,-99.73007,436.7784,6/28/21,p,2021,04/27/2021 17:15 CDT,96278,25.05,75.22,3.2,8.55,126.1,101193.44
TWB14,Uvalde_2020_02,29.60214,-99.73007,436.7784,6/28/21,p,2021,04/27/2021 17:20 CDT,96282,25.07,74.92,3.83,8.55,97.81,101197.14
TWB14,Uvalde_2020_02,29.60214,-99.73007,436.7784,6/28/21,p,2021,04/27/2021 17:25 CDT,96296,25.09,75.05,2.995,8.55,69.93,101211.69
TWB14,Uvalde_2020_02,29.60214,-99.73007,436.7784,6/28/21,p,2021,04/27/2021 17:30 CDT,96294,25.13,75.19,2.74,8.55,93.08,101209.25
TWB14,Uvalde_2020_02,29.60214,-99.73007,436.7784,6/28/21,p,2021,04/27/2021 17:35 CDT,96303,25.21,74.45,3.18,8.55,68.63,101217.2
TWB14,Uvalde_2020_02,29.60214,-99.73007,436.7784,6/28/21,p,2021,04/27/2021 17:40 CDT,96309,25.2,74.85,2.91,8.55,58.31,101223.33
TWB14,Uvalde_2020_02,29.60214,-99.73007,436.7784,6/28/21,p,2021,04/27/2021 17:45 CDT,96307,25.18,74.95,3.2,8.55,131.55,101221.73
TWB14,Uvalde_2020_02,29.60214,-99.73007,436.7784,6/28/21,p,2021,04/27/2021 17:50 CDT,96312,25.29,74.58,3.485,8.55,112.99,101225.14
TWB14,Uvalde_2020_02,29.60214,-99.73007,436.7784,6/28/21,p,2021,04/27/2021 17:55 CDT,96309,25.36,74.11,2.925,8.55,96.18,101220.98
TWB14,Uvalde_2020_02,29.60214,-99.73007,436.7784,6/28/21,p,2021,04/27/2021 18:00 CDT,96299,25.34,73.57,3.54,8.55,135.28,101210.47
TWB14,Uvalde_2020_02,29.60214,-99.73007,436.7784,6/28/21,p,2021,04/27/2021 18:05 CDT,96278,25.42,73.3,2.495,8.55,179.31,101187.4
TWB14,Uvalde_2020_02,29.60214,-99.73007,436.7784,6/28/21,p,2021,04/27/2021 18:10 CDT,96286,25.76,71.55,2.925,8.55,195.96,101190.11
TWB14,Uvalde_2020_02,29.60214,-99.73007,436.7784,6/28/21,p,2021,04/27/2021 18:15 CDT,96293,25.92,70.97,3.355,8.55,185.71,101194.12
TWB14,Uvalde_2020_02,29.60214,-99.73007,436.7784,6/28/21,p,2021,04/27/2021 18:20 CDT,96281,25.8,72.35,4.365,9.965,125.45,101182.16
TWB14,Uvalde_2020_02,29.60214,-99.73007,436.7784,6/28/21,p,2021,04/27/2021 18:25 CDT,96273,25.6,72.82,3.56,8.885,122.57,101178.28
TWB14,Uvalde_2020_02,29.60214,-99.73007,436.7784,6/28/21,p,2021,04/27/2021 18:30 CDT,96251,25.58,72.72,3.505,8.885,116.19,101155.66
TWB14,Uvalde_2020_02,29.60214,-99.73007,436.7784,6/28/21,p,2021,04/27/2021 18:35 CDT,96277,25.61,72.42,2.395,8.885,83.85,101182.99
TWB14,Uvalde_2020_02,29.60214,-99.73007,436.7784,6/28/21,p,2021,04/27/2021 18:40 CDT,96294,25.55,72.96,3.27,8.885,99.27,101201.36
TWB14,Uvalde_2020_02,29.60214,-99.73007,436.7784,6/28/21,p,2021,04/27/2021 18:45 CDT,96301,25.53,72.82,3.515,9.63,61.67,101209.05
TWB14,Uvalde_2020_02,29.60214,-99.73007,436.7784,6/28/21,p,2021,04/27/2021 18:50 CDT,96307,25.44,73.26,3.26,9.05,27.36,101217.2
TWB14,Uvalde_2020_02,29.60214,-99.73007,436.7784,6/28/21,p,2021,04/27/2021 18:55 CDT,96306,25.36,73.49,3.58,9.05,25.72,101217.83
TWB14,Uvalde_2020_02,29.60214,-99.73007,436.7784,6/28/21,p,2021,04/27/2021 19:00 CDT,96314,25.31,73.83,3.325,9.05,51.54,101226.91
TWB14,Uvalde_2020_02,29.60214,-99.73007,436.7784,6/28/21,p,2021,04/27/2021 19:05 CDT,96316,25.33,73.33,3.67,9.05,59.08,101229.18
TWB14,Uvalde_2020_02,29.60214,-99.73007,436.7784,6/28/21,p,2021,04/27/2021 19:10 CDT,96317,25.33,73.53,3.58,9.05,35.45,101230.07
TWB14,Uvalde_2020_02,29.60214,-99.73007,436.7784,6/28/21,p,2021,04/27/2021 19:15 CDT,96315,25.28,73.9,2.965,9.05,24.8,101228.63
TWB14,Uvalde_2020_02,29.60214,-99.73007,436.7784,6/28/21,p,2021,04/27/2021 19:20 CDT,96317,25.22,74.51,2.83,9.05,18.57,101231.74
TWB14,Uvalde_2020_02,29.60214,-99.73007,436.7784,6/28/21,p,2021,04/27/2021 19:25 CDT,96316,25.08,75.02,3.36,9.05,14.16,101232.88
TWB14,Uvalde_2020_02,29.60214,-99.73007,436.7784,6/28/21,p,2021,04/27/2021 19:30 CDT,96323,24.89,75.59,3.575,8.635,9.83,101243.1
TWB14,Uvalde_2020_02,29.60214,-99.73007,436.7784,6/28/21,p,2021,04/27/2021 19:35 CDT,96341,24.8,75.86,2.92,8.635,7.27,101264.38
TWB14,Uvalde_2020_02,29.60214,-99.73007,436.7784,6/28/21,p,2021,04/27/2021 19:40 CDT,96362,24.76,76.13,3.21,8.635,5.38,101286.96
TWB14,Uvalde_2020_02,29.60214,-99.73007,436.7784,6/28/21,p,2021,04/27/2021 19:45 CDT,96367,24.71,76.4,2.33,8.635,3.79,101293.22
TWB14,Uvalde_2020_02,29.60214,-99.73007,436.7784,6/28/21,p,2021,04/27/2021 19:50 CDT,96358,24.64,76.84,2.86,8.635,3.67,101284.94
TWB14,Uvalde_2020_02,29.60214,-99.73007,436.7784,6/28/21,p,2021,04/27/2021 19:55 CDT,96353,24.58,77.17,2.94,8.635,3.32,101280.87
TWB14,Uvalde_2020_02,29.60214,-99.73007,436.7784,6/28/21,p,2021,04/27/2021 20:00 CDT,96345,24.52,77.48,2.96,8.635,2.82,101273.47
TWB14,Uvalde_2020_02,29.60214,-99.73007,436.7784,6/28/21,p,2021,04/27/2021 20:05 CDT,96325,24.47,77.95,3.27,8.635,3.69,101253.12
TWB14,Uvalde_2020_02,29.60214,-99.73007,436.7784,6/28/21,p,2021,04/27/2021 20:10 CDT,96310,24.37,78.49,2.765,8.635,2.47,101239.05
TWB14,Uvalde_2020_02,29.60214,-99.73007,436.7784,6/28/21,p,2021,04/27/2021 20:15 CDT,96288,24.26,79.16,3.315,8.635,1.76,101217.78
TWB14,Uvalde_2020_02,29.60214,-99.73007,436.7784,6/28/21,p,2021,04/27/2021 20:20 CDT,96283,24.15,80,4.375,10.05,1.3,101214.21
TWB14,Uvalde_2020_02,29.60214,-99.73007,436.7784,6/28/21,p,2021,04/27/2021 20:25 CDT,96306,24.05,80.8,4.125,9.3,0.75,101240.42
TWB14,Uvalde_2020_02,29.60214,-99.73007,436.7784,6/28/21,p,2021,04/27/2021 20:30 CDT,96327,23.97,81.1,3.8,9.3,0.34,101263.85
TWB14,Uvalde_2020_02,29.60214,-99.73007,436.7784,6/28/21,p,2021,04/27/2021 20:35 CDT,96340,23.94,81.5,4.035,9.3,0.05,101278.03
TWB14,Uvalde_2020_02,29.60214,-99.73007,436.7784,6/28/21,p,2021,04/27/2021 20:40 CDT,96337,23.89,81.9,3.905,9.3,0.06,101275.55
TWB14,Uvalde_2020_02,29.60214,-99.73007,436.7784,6/28/21,p,2021,04/27/2021 20:45 CDT,96338,23.84,82.2,3.16,9.3,0.01,101277.79
TWB14,Uvalde_2020_02,29.60214,-99.73007,436.7784,6/28/21,p,2021,04/27/2021 20:50 CDT,96341,23.8,82.4,4.285,9.3,0,101281.79
TWB14,Uvalde_2020_02,29.60214,-99.73007,436.7784,6/28/21,p,2021,04/27/2021 20:55 CDT,96343,23.77,82.8,3.785,9.63,0,101284.4
TWB14,Uvalde_2020_02,29.60214,-99.73007,436.7784,6/28/21,p,2021,04/27/2021 21:00 CDT,96352,23.74,83.1,3.535,9.215,0,101294.37
TWB14,Uvalde_2020_02,29.60214,-99.73007,436.7784,6/28/21,p,2021,04/27/2021 21:05 CDT,96349,23.72,83.3,3.19,9.215,0,101291.56
TWB14,Uvalde_2020_02,29.60214,-99.73007,436.7784,6/28/21,p,2021,04/27/2021 21:10 CDT,96343,23.72,83.4,4.695,10.05,0,101285.59
TWB14,Uvalde_2020_02,29.60214,-99.73007,436.7784,6/28/21,p,2021,04/27/2021 21:15 CDT,96345,23.71,83.6,4.1,9.715,0,101288.03
TWB14,Uvalde_2020_02,29.60214,-99.73007,436.7784,6/28/21,p,2021,04/27/2021 21:20 CDT,96342,23.69,83.7,3.995,9.715,0,101284.88
TWB14,Uvalde_2020_02,29.60214,-99.73007,436.7784,6/28/21,p,2021,04/27/2021 21:25 CDT,96348,23.68,84.1,3.97,9.715,0,101291.18
TWB14,Uvalde_2020_02,29.60214,-99.73007,436.7784,6/28/21,p,2021,04/27/2021 21:30 CDT,96354,23.65,84.6,4.215,9.715,0,101297.83
TWB14,Uvalde_2020_02,29.60214,-99.73007,436.7784,6/28/21,p,2021,04/27/2021 21:35 CDT,96356,23.59,85,4.245,9.715,0.01,101300.95
TWB14,Uvalde_2020_02,29.60214,-99.73007,436.7784,6/28/21,p,2021,04/27/2021 21:40 CDT,96363,23.55,85.3,4.145,9.215,0,101309.33
TWB14,Uvalde_2020_02,29.60214,-99.73007,436.7784,6/28/21,p,2021,04/27/2021 21:45 CDT,96364,23.54,85.4,3.53,10.615,0,101310.55
TWB14,Uvalde_2020_02,29.60214,-99.73007,436.7784,6/28/21,p,2021,04/27/2021 21:50 CDT,96362,23.54,85.7,4.145,9.615,0,101308.44
TWB14,Uvalde_2020_02,29.60214,-99.73007,436.7784,6/28/21,p,2021,04/27/2021 21:55 CDT,96353,23.51,86,3.3,9.615,0,101299.32
TWB14,Uvalde_2020_02,29.60214,-99.73007,436.7784,6/28/21,p,2021,04/27/2021 22:00 CDT,96361,23.49,86.2,3.705,9.615,0,101308.24
TWB14,Uvalde_2020_02,29.60214,-99.73007,436.7784,6/28/21,p,2021,04/27/2021 22:05 CDT,96363,23.48,86.5,3.55,9.615,0,101310.51
TWB14,Uvalde_2020_02,29.60214,-99.73007,436.7784,6/28/21,p,2021,04/27/2021 22:10 CDT,96376,23.5,86.3,3.92,9.615,0,101324.18
TWB14,Uvalde_2020_02,29.60214,-99.73007,436.7784,6/28/21,p,2021,04/27/2021 22:15 CDT,96382,23.56,86.1,3.105,9.215,0,101329.47
TWB14,Uvalde_2020_02,29.60214,-99.73007,436.7784,6/28/21,p,2021,04/27/2021 22:20 CDT,96381,23.6,85.7,4.1,9.215,0,101327.74
TWB14,Uvalde_2020_02,29.60214,-99.73007,436.7784,6/28/21,p,2021,04/27/2021 22:25 CDT,96389,23.66,85.7,3.275,8.965,0,101334.95
TWB14,Uvalde_2020_02,29.60214,-99.73007,436.7784,6/28/21,p,2021,04/27/2021 22:30 CDT,96396,23.69,85.4,3.58,8.965,0,101341.8
TWB14,Uvalde_2020_02,29.60214,-99.73007,436.7784,6/28/21,p,2021,04/27/2021 22:35 CDT,96405,23.71,85.3,3.745,8.965,0,101351.1
TWB14,Uvalde_2020_02,29.60214,-99.73007,436.7784,6/28/21,p,2021,04/27/2021 22:40 CDT,96411,23.71,85.5,3.615,8.965,0,101357.4
TWB14,Uvalde_2020_02,29.60214,-99.73007,436.7784,6/28/21,p,2021,04/27/2021 22:45 CDT,96429,23.69,85.7,3.9,9.465,0,101376.32
TWB14,Uvalde_2020_02,29.60214,-99.73007,436.7784,6/28/21,p,2021,04/27/2021 22:50 CDT,96425,23.66,86.1,4.41,9.715,0.01,101372.29
TWB14,Uvalde_2020_02,29.60214,-99.73007,436.7784,6/28/21,p,2021,04/27/2021 22:55 CDT,96426,23.6,86.3,4.1,9.385,0.05,101374.36
TWB14,Uvalde_2020_02,29.60214,-99.73007,436.7784,6/28/21,p,2021,04/27/2021 23:00 CDT,96424,23.56,86.5,3.675,9.385,0,101373.11
TWB14,Uvalde_2020_02,29.60214,-99.73007,436.7784,6/28/21,p,2021,04/27/2021 23:05 CDT,96425,23.53,86.7,3.645,9.385,0,101374.67
TWB14,Uvalde_2020_02,29.60214,-99.73007,436.7784,6/28/21,p,2021,04/27/2021 23:10 CDT,96421,23.49,86.8,3.785,9.385,0,101371.32
TWB14,Uvalde_2020_02,29.60214,-99.73007,436.7784,6/28/21,p,2021,04/27/2021 23:15 CDT,96422,23.48,86.9,3.835,9.385,0,101372.54
TWB14,Uvalde_2020_02,29.60214,-99.73007,436.7784,6/28/21,p,2021,04/27/2021 23:20 CDT,96435,23.47,87,3.205,9.385,0,101386.38
TWB14,Uvalde_2020_02,29.60214,-99.73007,436.7784,6/28/21,p,2021,04/27/2021 23:25 CDT,96436,23.48,87,3.89,9.385,0,101387.26
TWB14,Uvalde_2020_02,29.60214,-99.73007,436.7784,6/28/21,p,2021,04/27/2021 23:30 CDT,96433,23.48,86.9,4.285,9.385,0,101384.27
TWB14,Uvalde_2020_02,29.60214,-99.73007,436.7784,6/28/21,p,2021,04/27/2021 23:35 CDT,96440,23.47,86.9,3.595,9.63,0,101391.63
TWB14,Uvalde_2020_02,29.60214,-99.73007,436.7784,6/28/21,p,2021,04/27/2021 23:40 CDT,96447,23.43,87.3,5.075,10.745,0.15,101399.5
TWB14,Uvalde_2020_02,29.60214,-99.73007,436.7784,6/28/21,p,2021,04/27/2021 23:45 CDT,96443,23.33,87.9,4.31,9.95,0.53,101396.49
TWB14,Uvalde_2020_02,29.60214,-99.73007,436.7784,6/28/21,p,2021,04/27/2021 23:50 CDT,96448,23.23,88.4,3.81,9.865,0.72,101403.62
TWB14,Uvalde_2020_02,29.60214,-99.73007,436.7784,6/28/21,p,2021,04/27/2021 23:55 CDT,96460,23.13,89,4.55,10.265,0.62,101417.95
TWB14,Uvalde_2020_02,29.60214,-99.73007,436.7784,6/28/21,p,2021,04/28/2021 00:00 CDT,96465,23.04,89.4,4.665,10.265,0.56,101424.74
TWB14,Uvalde_2020_02,29.60214,-99.73007,436.7784,6/28/21,p,2021,04/28/2021 00:05 CDT,96454,22.97,89.6,4.815,10.6,0.12,101414.72
TWB14,Uvalde_2020_02,29.60214,-99.73007,436.7784,6/28/21,p,2021,04/28/2021 00:10 CDT,96455,22.96,89.6,4.61,10.6,0,101416.28
TWB14,Uvalde_2020_02,29.60214,-99.73007,436.7784,6/28/21,p,2021,04/28/2021 00:15 CDT,96453,22.94,89.8,4.585,10.6,0,101414.35
TWB14,Uvalde_2020_02,29.60214,-99.73007,436.7784,6/28/21,p,2021,04/28/2021 00:20 CDT,96459,22.88,90.1,4.2,10.6,0.2,101421.51
TWB14,Uvalde_2020_02,29.60214,-99.73007,436.7784,6/28/21,p,2021,04/28/2021 00:25 CDT,96463,22.84,90.7,4.58,10.765,0.14,101426.06
TWB14,Uvalde_2020_02,29.60214,-99.73007,436.7784,6/28/21,p,2021,04/28/2021 00:30 CDT,96477,22.79,90.9,3.53,10.35,0.03,101441.8
TWB14,Uvalde_2020_02,29.60214,-99.73007,436.7784,6/28/21,p,2021,04/28/2021 00:35 CDT,96459,22.73,91.9,4.31,10.35,2.8,101423.9
TWB14,Uvalde_2020_02,29.60214,-99.73007,436.7784,6/28/21,p,2021,04/28/2021 00:40 CDT,96463,22.59,93,3.875,10.1,3.16,101430.33
TWB14,Uvalde_2020_02,29.60214,-99.73007,436.7784,6/28/21,p,2021,04/28/2021 00:45 CDT,96459,22.5,93.6,4.5,10.265,1.27,101428.18
TWB14,Uvalde_2020_02,29.60214,-99.73007,436.7784,6/28/21,p,2021,04/28/2021 00:50 CDT,96465,22.41,94.1,3.61,10.265,0.25,101436.04
TWB14,Uvalde_2020_02,29.60214,-99.73007,436.7784,6/28/21,p,2021,04/28/2021 00:55 CDT,96469,22.35,94.5,3.365,10.265,0,101441.27
TWB14,Uvalde_2020_02,29.60214,-99.73007,436.7784,6/28/21,p,2021,04/28/2021 01:00 CDT,96463,22.31,94.8,3.825,10.265,0,101435.65
TWB14,Uvalde_2020_02,29.60214,-99.73007,436.7784,6/28/21,p,2021,04/28/2021 01:05 CDT,96456,22.27,95.1,3.755,10.265,0.04,101429.15
TWB14,Uvalde_2020_02,29.60214,-99.73007,436.7784,6/28/21,p,2021,04/28/2021 01:10 CDT,96462,22.25,95.3,3.755,10.265,0.09,101436.14
TWB14,Uvalde_2020_02,29.60214,-99.73007,436.7784,6/28/21,p,2021,04/28/2021 01:15 CDT,96453,22.24,95.3,3.205,10.265,0.04,101426.85
TWB14,Uvalde_2020_02,29.60214,-99.73007,436.7784,6/28/21,p,2021,04/28/2021 01:20 CDT,96450,22.26,95.1,3.91,10.265,0.06,101423.7
TWB14,Uvalde_2020_02,29.60214,-99.73007,436.7784,6/28/21,p,2021,04/28/2021 01:25 CDT,96460,22.29,95,3.405,10.015,0.26,101434.04
TWB14,Uvalde_2020_02,29.60214,-99.73007,436.7784,6/28/21,p,2021,04/28/2021 01:30 CDT,96462,22.31,95,3,10.015,0.65,101435.46
TWB14,Uvalde_2020_02,29.60214,-99.73007,436.7784,6/28/21,p,2021,04/28/2021 01:35 CDT,96451,22.34,94.5,3.725,10.015,0.85,101423.72
TWB14,Uvalde_2020_02,29.60214,-99.73007,436.7784,6/28/21,p,2021,04/28/2021 01:40 CDT,96462,22.43,93.8,4.07,10.015,0.96,101434.26
TWB14,Uvalde_2020_02,29.60214,-99.73007,436.7784,6/28/21,p,2021,04/28/2021 01:45 CDT,96460,22.42,94,2.85,10.015,0.93,101431.81
TWB14,Uvalde_2020_02,29.60214,-99.73007,436.7784,6/28/21,p,2021,04/28/2021 01:50 CDT,96463,22.44,93.6,3.455,10.015,1.08,101434.97
TWB14,Uvalde_2020_02,29.60214,-99.73007,436.7784,6/28/21,p,2021,04/28/2021 01:55 CDT,96469,22.51,93,3.16,10.015,1.26,101440.59
TWB14,Uvalde_2020_02,29.60214,-99.73007,436.7784,6/28/21,p,2021,04/28/2021 02:00 CDT,96468,22.56,92.4,3.26,10.015,1.42,101438.52
TWB14,Uvalde_2020_02,29.60214,-99.73007,436.7784,6/28/21,p,2021,04/28/2021 02:05 CDT,96462,22.62,92,2.92,10.015,1.51,101431.01
TWB14,Uvalde_2020_02,29.60214,-99.73007,436.7784,6/28/21,p,2021,04/28/2021 02:10 CDT,96456,22.66,91.6,3.125,10.015,1.43,101423.84
TWB14,Uvalde_2020_02,29.60214,-99.73007,436.7784,6/28/21,p,2021,04/28/2021 02:15 CDT,96455,22.66,91.5,2.565,10.015,1.52,101422.27
TWB14,Uvalde_2020_02,29.60214,-99.73007,436.7784,6/28/21,p,2021,04/28/2021 02:20 CDT,96455,22.7,90.7,3.615,10.015,1.7,101421.94
TWB14,Uvalde_2020_02,29.60214,-99.73007,436.7784,6/28/21,p,2021,04/28/2021 02:25 CDT,96447,22.75,90.3,3.425,9.435,1.53,101412.84
TWB14,Uvalde_2020_02,29.60214,-99.73007,436.7784,6/28/21,p,2021,04/28/2021 02:30 CDT,96428,22.83,89.5,4.25,10.265,1.65,101391.49
TWB14,Uvalde_2020_02,29.60214,-99.73007,436.7784,6/28/21,p,2021,04/28/2021 02:35 CDT,96425,22.9,89.1,4.235,10.265,1.22,101386.97
TWB14,Uvalde_2020_02,29.60214,-99.73007,436.7784,6/28/21,p,2021,04/28/2021 02:40 CDT,96411,22.93,88.6,4.08,9.465,0.73,101371.4
TWB14,Uvalde_2020_02,29.60214,-99.73007,436.7784,6/28/21,p,2021,04/28/2021 02:45 CDT,96402,22.95,88.6,3.87,9.465,0.64,101361.59
TWB14,Uvalde_2020_02,29.60214,-99.73007,436.7784,6/28/21,p,2021,04/28/2021 02:50 CDT,96400,22.97,88.2,3.68,9.465,0.55,101359.49
TWB14,Uvalde_2020_02,29.60214,-99.73007,436.7784,6/28/21,p,2021,04/28/2021 02:55 CDT,96401,22.98,87.8,3.695,9.465,0.79,101360.37
TWB14,Uvalde_2020_02,29.60214,-99.73007,436.7784,6/28/21,p,2021,04/28/2021 03:00 CDT,96393,23.02,87.4,3.695,9.465,0.38,101351.28
TWB14,Uvalde_2020_02,29.60214,-99.73007,436.7784,6/28/21,p,2021,04/28/2021 03:05 CDT,96385,23.06,87.1,4.115,9.465,0.5,101342.18
TWB14,Uvalde_2020_02,29.60214,-99.73007,436.7784,6/28/21,p,2021,04/28/2021 03:10 CDT,96373,23.07,87.4,3.745,9.215,0.61,101328.88
TWB14,Uvalde_2020_02,29.60214,-99.73007,436.7784,6/28/21,p,2021,04/28/2021 03:15 CDT,96366,23.03,87.2,3.55,9.215,0.83,101322.21
TWB14,Uvalde_2020_02,29.60214,-99.73007,436.7784,6/28/21,p,2021,04/28/2021 03:20 CDT,96357,23.07,87.1,3.21,9.215,0.56,101312.06
TWB14,Uvalde_2020_02,29.60214,-99.73007,436.7784,6/28/21,p,2021,04/28/2021 03:25 CDT,96348,23.06,87.1,3.04,9.215,0.57,101302.6
TWB14,Uvalde_2020_02,29.60214,-99.73007,436.7784,6/28/21,p,2021,04/28/2021 03:30 CDT,96346,23.06,86.9,3.235,9.215,0.61,101300.5
TWB14,Uvalde_2020_02,29.60214,-99.73007,436.7784,6/28/21,p,2021,04/28/2021 03:35 CDT,96341,23.08,86.7,4.265,9.215,0.36,101295.24
TWB14,Uvalde_2020_02,29.60214,-99.73007,436.7784,6/28/21,p,2021,04/28/2021 03:40 CDT,96335,23.09,86.7,2.66,8.885,0.25,101288.42
TWB14,Uvalde_2020_02,29.60214,-99.73007,436.7784,6/28/21,p,2021,04/28/2021 03:45 CDT,96337,23.09,86.6,3.165,8.885,0.35,101290.52
TWB14,Uvalde_2020_02,29.60214,-99.73007,436.7784,6/28/21,p,2021,04/28/2021 03:50 CDT,96347,23.12,86.7,3.47,8.715,0.29,101300.52
TWB14,Uvalde_2020_02,29.60214,-99.73007,436.7784,6/28/21,p,2021,04/28/2021 03:55 CDT,96344,23.1,86.9,3.495,8.635,0.42,101297.54
TWB14,Uvalde_2020_02,29.60214,-99.73007,436.7784,6/28/21,p,2021,04/28/2021 04:00 CDT,96334,23.06,87,3.305,8.635,0.49,101287.54
TWB14,Uvalde_2020_02,29.60214,-99.73007,436.7784,6/28/21,p,2021,04/28/2021 04:05 CDT,96330,23.04,87.2,3.06,8.635,0.14,101283.67
TWB14,Uvalde_2020_02,29.60214,-99.73007,436.7784,6/28/21,p,2021,04/28/2021 04:10 CDT,96328,23.03,86.9,3.465,8.635,0.05,101282.08
TWB14,Uvalde_2020_02,29.60214,-99.73007,436.7784,6/28/21,p,2021,04/28/2021 04:15 CDT,96328,23.07,86.8,3.9,9.215,0.01,101281.57
TWB14,Uvalde_2020_02,29.60214,-99.73007,436.7784,6/28/21,p,2021,04/28/2021 04:20 CDT,96324,23.05,86.9,3.47,9.365,0.09,101277.36
TWB14,Uvalde_2020_02,29.60214,-99.73007,436.7784,6/28/21,p,2021,04/28/2021 04:25 CDT,96318,23.08,86.5,4.35,8.965,0,101271.06
TWB14,Uvalde_2020_02,29.60214,-99.73007,436.7784,6/28/21,p,2021,04/28/2021 04:30 CDT,96317,23.08,86.9,3.76,8.965,0.01,101269.49
TWB14,Uvalde_2020_02,29.60214,-99.73007,436.7784,6/28/21,p,2021,04/28/2021 04:35 CDT,96316,23.02,87.1,4.215,8.965,0.14,101269.29
TWB14,Uvalde_2020_02,29.60214,-99.73007,436.7784,6/28/21,p,2021,04/28/2021 04:40 CDT,96315,23.01,87.1,3.79,8.965,0,101268.93
TWB14,Uvalde_2020_02,29.60214,-99.73007,436.7784,6/28/21,p,2021,04/28/2021 04:45 CDT,96315,23,87.4,2.81,8.965,0,101268.92
TWB14,Uvalde_2020_02,29.60214,-99.73007,436.7784,6/28/21,p,2021,04/28/2021 04:50 CDT,96314,22.99,87,3.77,8.965,0,101268.05
TWB14,Uvalde_2020_02,29.60214,-99.73007,436.7784,6/28/21,p,2021,04/28/2021 04:55 CDT,96315,23.01,87.1,3.505,8.965,0.03,101268.93
TWB14,Uvalde_2020_02,29.60214,-99.73007,436.7784,6/28/21,p,2021,04/28/2021 05:00 CDT,96319,22.98,87.7,4.4,8.965,0.78,101273.3
TWB14,Uvalde_2020_02,29.60214,-99.73007,436.7784,6/28/21,p,2021,04/28/2021 05:05 CDT,96320,22.86,88.9,4.385,10.135,1.53,101275.71
TWB14,Uvalde_2020_02,29.60214,-99.73007,436.7784,6/28/21,p,2021,04/28/2021 05:10 CDT,96321,22.71,90.2,4.03,9.63,2.04,101279.49
TWB14,Uvalde_2020_02,29.60214,-99.73007,436.7784,6/28/21,p,2021,04/28/2021 05:15 CDT,96323,22.54,91.3,2.805,9.63,0.99,101284.16
TWB14,Uvalde_2020_02,29.60214,-99.73007,436.7784,6/28/21,p,2021,04/28/2021 05:20 CDT,96323,22.42,91.9,3.4,9.63,0.16,101286.91
TWB14,Uvalde_2020_02,29.60214,-99.73007,436.7784,6/28/21,p,2021,04/28/2021 05:25 CDT,96325,22.37,92.3,3.355,8.635,0.02,101290.04
TWB14,Uvalde_2020_02,29.60214,-99.73007,436.7784,6/28/21,p,2021,04/28/2021 05:30 CDT,96322,22.28,92.9,3.355,8.635,0,101288.25
TWB14,Uvalde_2020_02,29.60214,-99.73007,436.7784,6/28/21,p,2021,04/28/2021 05:35 CDT,96320,22.24,92.8,3.58,8.635,0,101287.53
TWB14,Uvalde_2020_02,29.60214,-99.73007,436.7784,6/28/21,p,2021,04/28/2021 05:40 CDT,96321,22.25,92.4,3.245,8.635,0,101288.75
TWB14,Uvalde_2020_02,29.60214,-99.73007,436.7784,6/28/21,p,2021,04/28/2021 05:45 CDT,96323,22.28,91.9,4.015,9.215,0,101290.35
TWB14,Uvalde_2020_02,29.60214,-99.73007,436.7784,6/28/21,p,2021,04/28/2021 05:50 CDT,96324,22.23,92.5,2.98,8.965,0,101291.56
TWB14,Uvalde_2020_02,29.60214,-99.73007,436.7784,6/28/21,p,2021,04/28/2021 05:55 CDT,96319,22.16,92.6,2.935,8.965,0,101287.85
TWB14,Uvalde_2020_02,29.60214,-99.73007,436.7784,6/28/21,p,2021,04/28/2021 06:00 CDT,96320,22.11,92.6,3.165,8.965,0,101289.42
TWB14,Uvalde_2020_02,29.60214,-99.73007,436.7784,6/28/21,p,2021,04/28/2021 06:05 CDT,96318,22.16,91.3,4.075,8.965,0,101287.67
TWB14,Uvalde_2020_02,29.60214,-99.73007,436.7784,6/28/21,p,2021,04/28/2021 06:10 CDT,96321,22.27,90.7,3.59,9.05,0,101289.28
TWB14,Uvalde_2020_02,29.60214,-99.73007,436.7784,6/28/21,p,2021,04/28/2021 06:15 CDT,96318,22.22,91.2,2.625,9.05,0,101285.78
TWB14,Uvalde_2020_02,29.60214,-99.73007,436.7784,6/28/21,p,2021,04/28/2021 06:20 CDT,96318,22.19,90.7,3.55,9.05,0,101286.82
TWB14,Uvalde_2020_02,29.60214,-99.73007,436.7784,6/28/21,p,2021,04/28/2021 06:25 CDT,96316,22.23,89.9,4.49,9.385,0,101284.2
TWB14,Uvalde_2020_02,29.60214,-99.73007,436.7784,6/28/21,p,2021,04/28/2021 06:30 CDT,96307,22.21,90.4,3.8,9.385,0,101274.39
TWB14,Uvalde_2020_02,29.60214,-99.73007,436.7784,6/28/21,p,2021,04/28/2021 06:35 CDT,96312,22.13,90.4,2.69,9.385,0,101280.85
TWB14,Uvalde_2020_02,29.60214,-99.73007,436.7784,6/28/21,p,2021,04/28/2021 06:40 CDT,96307,22.14,90,3.465,9.385,0,101275.77
TWB14,Uvalde_2020_02,29.60214,-99.73007,436.7784,6/28/21,p,2021,04/28/2021 06:45 CDT,96295,22.19,88.9,3.305,9.385,0,101262.82
TWB14,Uvalde_2020_02,29.60214,-99.73007,436.7784,6/28/21,p,2021,04/28/2021 06:50 CDT,96295,22.31,87.7,3.465,9.385,0,101260.93
TWB14,Uvalde_2020_02,29.60214,-99.73007,436.7784,6/28/21,p,2021,04/28/2021 06:55 CDT,96294,22.41,87.1,3.475,9.385,0,101257.99
TWB14,Uvalde_2020_02,29.60214,-99.73007,436.7784,6/28/21,p,2021,04/28/2021 07:00 CDT,96294,22.42,87,3.405,9.385,0,101257.31
TWB14,Uvalde_2020_02,29.60214,-99.73007,436.7784,6/28/21,p,2021,04/28/2021 07:05 CDT,96297,22.46,86.1,4.76,8.965,0,101260.12
TWB14,Uvalde_2020_02,29.60214,-99.73007,436.7784,6/28/21,p,2021,04/28/2021 07:10 CDT,96302,22.49,85.9,4.05,8.965,0,101264.52
TWB14,Uvalde_2020_02,29.60214,-99.73007,436.7784,6/28/21,p,2021,04/28/2021 07:15 CDT,96309,22.49,85.8,4.195,8.965,0,101271.71
TWB14,Uvalde_2020_02,29.60214,-99.73007,436.7784,6/28/21,p,2021,04/28/2021 07:20 CDT,96311,22.47,85.9,4.065,8.965,0,101273.82
TWB14,Uvalde_2020_02,29.60214,-99.73007,436.7784,6/28/21,p,2021,04/28/2021 07:25 CDT,96313,22.48,85.5,3.535,8.965,0.14,101276.09
TWB14,Uvalde_2020_02,29.60214,-99.73007,436.7784,6/28/21,p,2021,04/28/2021 07:30 CDT,96320,22.5,85.3,3.33,8.965,1.35,101282.77
TWB14,Uvalde_2020_02,29.60214,-99.73007,436.7784,6/28/21,p,2021,04/28/2021 07:35 CDT,96321,22.53,85.2,4.11,9.05,2.61,101283.48
TWB14,Uvalde_2020_02,29.60214,-99.73007,436.7784,6/28/21,p,2021,04/28/2021 07:40 CDT,96320,22.55,84.5,4.155,9.05,3.33,101282.26
TWB14,Uvalde_2020_02,29.60214,-99.73007,436.7784,6/28/21,p,2021,04/28/2021 07:45 CDT,96320,22.64,83.8,4.06,9.05,3.34,101281.06
TWB14,Uvalde_2020_02,29.60214,-99.73007,436.7784,6/28/21,p,2021,04/28/2021 07:50 CDT,96325,22.65,83.7,4.405,9.05,4.59,101285.81
TWB14,Uvalde_2020_02,29.60214,-99.73007,436.7784,6/28/21,p,2021,04/28/2021 07:55 CDT,96330,22.66,83.9,3.83,9.05,4.39,101290.72
TWB14,Uvalde_2020_02,29.60214,-99.73007,436.7784,6/28/21,p,2021,04/28/2021 08:00 CDT,96331,22.63,84,3.785,9.05,5.41,101291.94
TWB14,Uvalde_2020_02,29.60214,-99.73007,436.7784,6/28/21,p,2021,04/28/2021 08:05 CDT,96334,22.61,83.9,3.75,9.05,5.34,101295.61
TWB14,Uvalde_2020_02,29.60214,-99.73007,436.7784,6/28/21,p,2021,04/28/2021 08:10 CDT,96334,22.59,84.3,2.875,9.05,5.4,101295.44
TWB14,Uvalde_2020_02,29.60214,-99.73007,436.7784,6/28/21,p,2021,04/28/2021 08:15 CDT,96340,22.56,84.5,3.45,9.05,4.68,101302.26
TWB14,Uvalde_2020_02,29.60214,-99.73007,436.7784,6/28/21,p,2021,04/28/2021 08:20 CDT,96347,22.61,83.6,3.3,9.05,3.66,101309.63
TWB14,Uvalde_2020_02,29.60214,-99.73007,436.7784,6/28/21,p,2021,04/28/2021 08:25 CDT,96356,22.67,83.6,3.58,9.05,3.12,101318.06
TWB14,Uvalde_2020_02,29.60214,-99.73007,436.7784,6/28/21,p,2021,04/28/2021 08:30 CDT,96374,22.64,83.9,3.28,9.05,3.43,101336.81
TWB14,Uvalde_2020_02,29.60214,-99.73007,436.7784,6/28/21,p,2021,04/28/2021 08:35 CDT,96376,22.58,84.4,2.39,9.05,4.04,101339.43
TWB14,Uvalde_2020_02,29.60214,-99.73007,436.7784,6/28/21,p,2021,04/28/2021 08:40 CDT,96378,22.56,84.7,2.9,9.05,5.21,101342.04
TWB14,Uvalde_2020_02,29.60214,-99.73007,436.7784,6/28/21,p,2021,04/28/2021 08:45 CDT,96380,22.5,85.3,2.37,9.05,8.23,101344.83
TWB14,Uvalde_2020_02,29.60214,-99.73007,436.7784,6/28/21,p,2021,04/28/2021 08:50 CDT,96377,22.48,85,3.205,9.05,8.95,101342.37
TWB14,Uvalde_2020_02,29.60214,-99.73007,436.7784,6/28/21,p,2021,04/28/2021 08:55 CDT,96374,22.49,85.2,2.81,9.05,9.3,101339.21
TWB14,Uvalde_2020_02,29.60214,-99.73007,436.7784,6/28/21,p,2021,04/28/2021 09:00 CDT,96374,22.43,86,3.53,9.05,9.13,101340.06
TWB14,Uvalde_2020_02,29.60214,-99.73007,436.7784,6/28/21,p,2021,04/28/2021 09:05 CDT,96372,22.34,86.3,3.37,8.715,6.19,101339.33
TWB14,Uvalde_2020_02,29.60214,-99.73007,436.7784,6/28/21,p,2021,04/28/2021 09:10 CDT,96370,22.34,86.3,3.18,8.715,9.05,101337.4
TWB14,Uvalde_2020_02,29.60214,-99.73007,436.7784,6/28/21,p,2021,04/28/2021 09:15 CDT,96371,22.3,87,3.37,8.715,11.21,101339.14
TWB14,Uvalde_2020_02,29.60214,-99.73007,436.7784,6/28/21,p,2021,04/28/2021 09:20 CDT,96373,22.24,86.9,3.12,8.715,9.23,101342.62
TWB14,Uvalde_2020_02,29.60214,-99.73007,436.7784,6/28/21,p,2021,04/28/2021 09:25 CDT,96375,22.29,86.3,3.39,8.715,9.5,101344.21
TWB14,Uvalde_2020_02,29.60214,-99.73007,436.7784,6/28/21,p,2021,04/28/2021 09:30 CDT,96376,22.32,86.4,2.95,8.715,9.97,101344.57
TWB14,Uvalde_2020_02,29.60214,-99.73007,436.7784,6/28/21,p,2021,04/28/2021 09:35 CDT,96376,22.32,86.4,3.29,8.715,10.83,101344.4
TWB14,Uvalde_2020_02,29.60214,-99.73007,436.7784,6/28/21,p,2021,04/28/2021 09:40 CDT,96377,22.32,86.3,2.16,8.715,11.91,101345.28
TWB14,Uvalde_2020_02,29.60214,-99.73007,436.7784,6/28/21,p,2021,04/28/2021 09:45 CDT,96380,22.34,86.7,2.74,8.715,12.88,101347.91
TWB14,Uvalde_2020_02,29.60214,-99.73007,436.7784,6/28/21,p,2021,04/28/2021 09:50 CDT,96387,22.3,86.7,2.685,8.715,12.68,101355.96
TWB14,Uvalde_2020_02,29.60214,-99.73007,436.7784,6/28/21,p,2021,04/28/2021 09:55 CDT,96389,22.3,86.5,2.34,8.715,13.32,101358.41
TWB14,Uvalde_2020_02,29.60214,-99.73007,436.7784,6/28/21,p,2021,04/28/2021 10:00 CDT,96391,22.32,86.2,2.865,8.715,12.3,101360.34
TWB14,Uvalde_2020_02,29.60214,-99.73007,436.7784,6/28/21,p,2021,04/28/2021 10:05 CDT,96391,22.33,86.5,2.17,8.715,13.67,101359.83
TWB14,Uvalde_2020_02,29.60214,-99.73007,436.7784,6/28/21,p,2021,04/28/2021 10:10 CDT,96394,22.34,86.5,2.555,8.715,14.46,101362.81
TWB14,Uvalde_2020_02,29.60214,-99.73007,436.7784,6/28/21,p,2021,04/28/2021 10:15 CDT,96399,22.33,86.7,2.75,8.715,15.79,101368.24
TWB14,Uvalde_2020_02,29.60214,-99.73007,436.7784,6/28/21,p,2021,04/28/2021 10:20 CDT,96401,22.34,86.5,2.935,8.715,18.56,101370.17
TWB14,Uvalde_2020_02,29.60214,-99.73007,436.7784,6/28/21,p,2021,04/28/2021 10:25 CDT,96401,22.36,86.4,2.49,8.715,21.77,101370
TWB14,Uvalde_2020_02,29.60214,-99.73007,436.7784,6/28/21,p,2021,04/28/2021 10:30 CDT,96402,22.38,86.4,2.195,8.715,21.67,101370.88
TWB14,Uvalde_2020_02,29.60214,-99.73007,436.7784,6/28/21,p,2021,04/28/2021 10:35 CDT,96404,22.39,86.4,3.015,8.715,23.79,101372.64
TWB14,Uvalde_2020_02,29.60214,-99.73007,436.7784,6/28/21,p,2021,04/28/2021 10:40 CDT,96408,22.4,86.3,2.8,8.715,23.46,101376.84
TWB14,Uvalde_2020_02,29.60214,-99.73007,436.7784,6/28/21,p,2021,04/28/2021 10:45 CDT,96410,22.43,86.1,2.725,8.715,24.76,101378.26
TWB14,Uvalde_2020_02,29.60214,-99.73007,436.7784,6/28/21,p,2021,04/28/2021 10:50 CDT,96412,22.43,86.4,3.08,8.715,26.33,101380.19
TWB14,Uvalde_2020_02,29.60214,-99.73007,436.7784,6/28/21,p,2021,04/28/2021 10:55 CDT,96414,22.43,86.3,3.535,8.715,29.11,101382.29
TWB14,Uvalde_2020_02,29.60214,-99.73007,436.7784,6/28/21,p,2021,04/28/2021 11:00 CDT,96415,22.44,86.5,2.7,8.315,31.79,101383.34
TWB14,Uvalde_2020_02,29.60214,-99.73007,436.7784,6/28/21,p,2021,04/28/2021 11:05 CDT,96423,22.43,87,2.805,8.315,33.27,101391.58
TWB14,Uvalde_2020_02,29.60214,-99.73007,436.7784,6/28/21,p,2021,04/28/2021 11:10 CDT,96431,22.43,86.7,2.375,8.315,35.73,101400.17
TWB14,Uvalde_2020_02,29.60214,-99.73007,436.7784,6/28/21,p,2021,04/28/2021 11:15 CDT,96441,22.48,86.5,2.52,8.315,31.8,101409.82
TWB14,Uvalde_2020_02,29.60214,-99.73007,436.7784,6/28/21,p,2021,04/28/2021 11:20 CDT,96454,22.52,86.1,2.565,8.315,31.2,101422.81
TWB14,Uvalde_2020_02,29.60214,-99.73007,436.7784,6/28/21,p,2021,04/28/2021 11:25 CDT,96456,22.57,86.2,1.905,8.315,35.14,101424.05
TWB14,Uvalde_2020_02,29.60214,-99.73007,436.7784,6/28/21,p,2021,04/28/2021 11:30 CDT,96457,22.6,86,1.89,8.315,34.45,101424.25
TWB14,Uvalde_2020_02,29.60214,-99.73007,436.7784,6/28/21,p,2021,04/28/2021 11:35 CDT,96458,22.61,86.3,1.675,8.315,33.82,101425.12
TWB14,Uvalde_2020_02,29.60214,-99.73007,436.7784,6/28/21,p,2021,04/28/2021 11:40 CDT,96455,22.6,86.8,1.675,8.315,40.08,101421.96
TWB14,Uvalde_2020_02,29.60214,-99.73007,436.7784,6/28/21,p,2021,04/28/2021 11:45 CDT,96455,22.53,88,1.975,8.315,51.86,101422.3
TWB14,Uvalde_2020_02,29.60214,-99.73007,436.7784,6/28/21,p,2021,04/28/2021 11:50 CDT,96455,22.41,89.2,1.845,8.315,55.4,101424.01
TWB14,Uvalde_2020_02,29.60214,-99.73007,436.7784,6/28/21,p,2021,04/28/2021 11:55 CDT,96455,22.29,90.5,1.66,8.315,60.85,101426.06
TWB14,Uvalde_2020_02,29.60214,-99.73007,436.7784,6/28/21,p,2021,04/28/2021 12:00 CDT,96455,22.22,91.5,1.5,8.315,67.45,101427.26
TWB14,Uvalde_2020_02,29.60214,-99.73007,436.7784,6/28/21,p,2021,04/28/2021 12:05 CDT,96456,22.16,91.5,1.555,8.315,60.41,101429.35
TWB14,Uvalde_2020_02,29.60214,-99.73007,436.7784,6/28/21,p,2021,04/28/2021 12:10 CDT,96455,22.13,92.1,1.69,8.315,69.9,101428.98
TWB14,Uvalde_2020_02,29.60214,-99.73007,436.7784,6/28/21,p,2021,04/28/2021 12:15 CDT,96454,22.08,92.3,1.72,8.315,71.41,101428.79
TWB14,Uvalde_2020_02,29.60214,-99.73007,436.7784,6/28/21,p,2021,04/28/2021 12:20 CDT,96449,22.02,93.5,1.595,8.315,84.58,101424.73
TWB14,Uvalde_2020_02,29.60214,-99.73007,436.7784,6/28/21,p,2021,04/28/2021 12:25 CDT,96439,22.04,93.8,1.135,8.315,78.79,101413.69
TWB14,Uvalde_2020_02,29.60214,-99.73007,436.7784,6/28/21,p,2021,04/28/2021 12:30 CDT,96437,22.03,93.8,1.43,8.315,83.89,101411.24
TWB14,Uvalde_2020_02,29.60214,-99.73007,436.7784,6/28/21,p,2021,04/28/2021 12:35 CDT,96430,21.99,94.2,1.405,8.315,88.67,101404.91
TWB14,Uvalde_2020_02,29.60214,-99.73007,436.7784,6/28/21,p,2021,04/28/2021 12:40 CDT,96428,22,94.4,1.365,8.315,114.12,101402.47
TWB14,Uvalde_2020_02,29.60214,-99.73007,436.7784,6/28/21,p,2021,04/28/2021 12:45 CDT,96428,22.02,94.8,1.095,8.315,112.66,101402.12
TWB14,Uvalde_2020_02,29.60214,-99.73007,436.7784,6/28/21,p,2021,04/28/2021 12:50 CDT,96422,22.09,94.6,1.15,8.315,99.02,101394.43
TWB14,Uvalde_2020_02,29.60214,-99.73007,436.7784,6/28/21,p,2021,04/28/2021 12:55 CDT,96417,22.13,94.6,0.825,8.315,96.07,101388.48
TWB14,Uvalde_2020_02,29.60214,-99.73007,436.7784,6/28/21,p,2021,04/28/2021 13:00 CDT,96406,22.18,94.8,1.23,8.315,107.33,101375.88
TWB14,Uvalde_2020_02,29.60214,-99.73007,436.7784,6/28/21,p,2021,04/28/2021 13:05 CDT,96401,22.19,94.2,1.535,8.315,132.78,101370.11
TWB14,Uvalde_2020_02,29.60214,-99.73007,436.7784,6/28/21,p,2021,04/28/2021 13:10 CDT,96400,22.22,94.4,1.725,8.315,120.41,101369.06
TWB14,Uvalde_2020_02,29.60214,-99.73007,436.7784,6/28/21,p,2021,04/28/2021 13:15 CDT,96394,22.23,94.7,1.8,8.315,120.72,101362.58
TWB14,Uvalde_2020_02,29.60214,-99.73007,436.7784,6/28/21,p,2021,04/28/2021 13:20 CDT,96384,22.27,95,1.55,8.315,132.33,101351.89
TWB14,Uvalde_2020_02,29.60214,-99.73007,436.7784,6/28/21,p,2021,04/28/2021 13:25 CDT,96376,22.35,94.6,1.465,8.315,175.12,101342.1
TWB14,Uvalde_2020_02,29.60214,-99.73007,436.7784,6/28/21,p,2021,04/28/2021 13:30 CDT,96375,22.4,94.6,1.675,8.315,158.33,101340.36
TWB14,Uvalde_2020_02,29.60214,-99.73007,436.7784,6/28/21,p,2021,04/28/2021 13:35 CDT,96374,22.48,94.1,1.345,8.315,138.82,101338.11
TWB14,Uvalde_2020_02,29.60214,-99.73007,436.7784,6/28/21,p,2021,04/28/2021 13:40 CDT,96374,22.5,94,1.47,8.315,124.3,101337.25
TWB14,Uvalde_2020_02,29.60214,-99.73007,436.7784,6/28/21,p,2021,04/28/2021 13:45 CDT,96372,22.52,93.1,1.69,8.315,141.6,101334.64
TWB14,Uvalde_2020_02,29.60214,-99.73007,436.7784,6/28/21,p,2021,04/28/2021 13:50 CDT,96366,22.63,92.1,1.695,8.315,139.4,101327.66
TWB14,Uvalde_2020_02,29.60214,-99.73007,436.7784,6/28/21,p,2021,04/28/2021 13:55 CDT,96354,22.71,91,2.015,8.315,137.04,101313.5
TWB14,Uvalde_2020_02,29.60214,-99.73007,436.7784,6/28/21,p,2021,04/28/2021 14:00 CDT,96347,22.92,90.5,1.45,8.315,163.16,101303.75
TWB14,Uvalde_2020_02,29.60214,-99.73007,436.7784,6/28/21,p,2021,04/28/2021 14:05 CDT,96342,23.08,89.4,2.485,8.315,196.31,101294.73
TWB14,Uvalde_2020_02,29.60214,-99.73007,436.7784,6/28/21,p,2021,04/28/2021 14:10 CDT,96334,23.21,88,2.33,8.315,237.83,101283.43
TWB14,Uvalde_2020_02,29.60214,-99.73007,436.7784,6/28/21,p,2021,04/28/2021 14:15 CDT,96324,23.51,85.1,2.075,8.315,213.09,101267.82
TWB14,Uvalde_2020_02,29.60214,-99.73007,436.7784,6/28/21,p,2021,04/28/2021 14:20 CDT,96313,23.75,85.9,1.87,8.315,223.48,101252.33
TWB14,Uvalde_2020_02,29.60214,-99.73007,436.7784,6/28/21,p,2021,04/28/2021 14:25 CDT,96311,23.92,84.2,2.415,8.315,253.93,101245.82
TWB14,Uvalde_2020_02,29.60214,-99.73007,436.7784,6/28/21,p,2021,04/28/2021 14:30 CDT,96301,23.88,84,2.81,8.315,272.55,101234.8
TWB14,Uvalde_2020_02,29.60214,-99.73007,436.7784,6/28/21,p,2021,04/28/2021 14:35 CDT,96287,24.12,81.4,2.525,8.315,266.26,101217.05
TWB14,Uvalde_2020_02,29.60214,-99.73007,436.7784,6/28/21,p,2021,04/28/2021 14:40 CDT,96283,24.32,80.6,2.675,8.315,255.62,101208.45
TWB14,Uvalde_2020_02,29.60214,-99.73007,436.7784,6/28/21,p,2021,04/28/2021 14:45 CDT,96283,24.39,79.85,2.56,8.315,246.88,101207.78
TWB14,Uvalde_2020_02,29.60214,-99.73007,436.7784,6/28/21,p,2021,04/28/2021 14:50 CDT,96284,24.68,80,1.755,8.315,279.28,101204.09
TWB14,Uvalde_2020_02,29.60214,-99.73007,436.7784,6/28/21,p,2021,04/28/2021 14:55 CDT,96279,24.95,77.31,2.27,8.315,252.11,101192.45
TWB14,Uvalde_2020_02,29.60214,-99.73007,436.7784,6/28/21,p,2021,04/28/2021 15:00 CDT,96270,25.05,76,2.32,8.315,334.74,101181.15
TWB14,Uvalde_2020_02,29.60214,-99.73007,436.7784,6/28/21,p,2021,04/28/2021 15:05 CDT,96252,25.26,75.05,2.47,8.315,456.68,101158.71
TWB14,Uvalde_2020_02,29.60214,-99.73007,436.7784,6/28/21,p,2021,04/28/2021 15:10 CDT,96237,25.81,74.21,1.56,8.315,463.95,101135.57
TWB14,Uvalde_2020_02,29.60214,-99.73007,436.7784,6/28/21,p,2021,04/28/2021 15:15 CDT,96223,26.01,74.03,2.695,8.315,378.2,101113
TWB14,Uvalde_2020_02,29.60214,-99.73007,436.7784,6/28/21,p,2021,04/28/2021 15:20 CDT,96219,25.56,74.33,2.765,8.315,233.85,101117.33
TWB14,Uvalde_2020_02,29.60214,-99.73007,436.7784,6/28/21,p,2021,04/28/2021 15:25 CDT,96212,25.52,74.94,2.335,8.315,245.18,101113.32
TWB14,Uvalde_2020_02,29.60214,-99.73007,436.7784,6/28/21,p,2021,04/28/2021 15:30 CDT,96196,25.93,72.07,1.305,8.315,451.72,101091.67
TWB14,Uvalde_2020_02,29.60214,-99.73007,436.7784,6/28/21,p,2021,04/28/2021 15:35 CDT,96187,26.51,70.79,1.6,8.315,305.84,101072.04
TWB14,Uvalde_2020_02,29.60214,-99.73007,436.7784,6/28/21,p,2021,04/28/2021 15:40 CDT,96168,26.53,71.27,2.33,8.315,240.96,101050.57
TWB14,Uvalde_2020_02,29.60214,-99.73007,436.7784,6/28/21,p,2021,04/28/2021 15:45 CDT,96161,26.64,69.91,1.705,8.315,212.16,101041.73
TWB14,Uvalde_2020_02,29.60214,-99.73007,436.7784,6/28/21,p,2021,04/28/2021 15:50 CDT,96141,26.84,70.52,1.805,8.315,329.03,101017.71
TWB14,Uvalde_2020_02,29.60214,-99.73007,436.7784,6/28/21,p,2021,04/28/2021 15:55 CDT,96125,27.58,66.2,1.355,8.315,564.8,100990.33
TWB14,Uvalde_2020_02,29.60214,-99.73007,436.7784,6/28/21,p,2021,04/28/2021 16:00 CDT,96106,27.94,65.8,2.875,8.315,441.96,100961.13
TWB14,Uvalde_2020_02,29.60214,-99.73007,436.7784,6/28/21,p,2021,04/28/2021 16:05 CDT,96097,27.98,64.48,1.96,6.92,391.92,100951.69
TWB14,Uvalde_2020_02,29.60214,-99.73007,436.7784,6/28/21,p,2021,04/28/2021 16:10 CDT,96089,28.26,63.67,2.465,6.92,466.41,100937.87
TWB14,Uvalde_2020_02,29.60214,-99.73007,436.7784,6/28/21,p,2021,04/28/2021 16:15 CDT,96077,28.2,64.37,2.64,6.92,280.76,100924.92
TWB14,Uvalde_2020_02,29.60214,-99.73007,436.7784,6/28/21,p,2021,04/28/2021 16:20 CDT,96067,28.24,63.16,1.95,6.92,255.47,100916.73
TWB14,Uvalde_2020_02,29.60214,-99.73007,436.7784,6/28/21,p,2021,04/28/2021 16:25 CDT,96054,28.37,62.55,1.055,6.92,137.38,100900.78
TWB14,Uvalde_2020_02,29.60214,-99.73007,436.7784,6/28/21,p,2021,04/28/2021 16:30 CDT,96053,28.45,61.21,1.96,6.92,372.72,100898.43
TWB14,Uvalde_2020_02,29.60214,-99.73007,436.7784,6/28/21,p,2021,04/28/2021 16:35 CDT,96048,28.91,58.68,2.045,6.92,542.93,100885.18
TWB14,Uvalde_2020_02,29.60214,-99.73007,436.7784,6/28/21,p,2021,04/28/2021 16:40 CDT,96043,29.69,56.96,1.73,6.92,559.22,100868.84
TWB14,Uvalde_2020_02,29.60214,-99.73007,436.7784,6/28/21,p,2021,04/28/2021 16:45 CDT,96040,30.48,53.99,2.005,6.92,496.72,100852.73
TWB14,Uvalde_2020_02,29.60214,-99.73007,436.7784,6/28/21,p,2021,04/28/2021 16:50 CDT,96023,30.03,55.34,2.64,6.92,447.24,100837.46
TWB14,Uvalde_2020_02,29.60214,-99.73007,436.7784,6/28/21,p,2021,04/28/2021 16:55 CDT,96010,30.19,52.44,1.805,6.92,369.99,100822.22
TWB14,Uvalde_2020_02,29.60214,-99.73007,436.7784,6/28/21,p,2021,04/28/2021 17:00 CDT,95997,30.23,52,2.055,6.92,441.6,100806.63
TWB14,Uvalde_2020_02,29.60214,-99.73007,436.7784,6/28/21,p,2021,04/28/2021 17:05 CDT,95982,30.29,53.38,2.31,6.92,161.44,100789.25
TWB14,Uvalde_2020_02,29.60214,-99.73007,436.7784,6/28/21,p,2021,04/28/2021 17:10 CDT,95967,30.14,53.72,1.61,6.92,102.47,100777.37
TWB14,Uvalde_2020_02,29.60214,-99.73007,436.7784,6/28/21,p,2021,04/28/2021 17:15 CDT,95963,29.86,54.66,1.855,6.92,86.69,100778.35
TWB14,Uvalde_2020_02,29.60214,-99.73007,436.7784,6/28/21,p,2021,04/28/2021 17:20 CDT,95969,29.6,55.6,2.01,6.92,58.81,100790.82
TWB14,Uvalde_2020_02,29.60214,-99.73007,436.7784,6/28/21,p,2021,04/28/2021 17:25 CDT,95925,29.44,55.47,1.95,6.92,36.7,100748.35
TWB14,Uvalde_2020_02,29.60214,-99.73007,436.7784,6/28/21,p,2021,04/28/2021 17:30 CDT,95939,29.27,55.74,1.43,6.92,22.62,100766.64
TWB14,Uvalde_2020_02,29.60214,-99.73007,436.7784,6/28/21,p,2021,04/28/2021 17:35 CDT,95951,29.19,55.91,1.185,6.92,15.85,100780.87
TWB14,Uvalde_2020_02,29.60214,-99.73007,436.7784,6/28/21,p,2021,04/28/2021 17:40 CDT,95906,29.06,56.18,1.455,6.92,11.75,100736.21
TWB14,Uvalde_2020_02,29.60214,-99.73007,436.7784,6/28/21,p,2021,04/28/2021 17:45 CDT,95875,28.97,56.14,1.81,6.92,9.06,100705.78
TWB14,Uvalde_2020_02,29.60214,-99.73007,436.7784,6/28/21,p,2021,04/28/2021 17:50 CDT,95876,28.96,56.14,1.605,6.92,6.43,100707.65
TWB14,Uvalde_2020_02,29.60214,-99.73007,436.7784,6/28/21,p,2021,04/28/2021 17:55 CDT,95873,28.93,56.41,1.56,6.92,5.2,100704.98
TWB14,Uvalde_2020_02,29.60214,-99.73007,436.7784,6/28/21,p,2021,04/28/2021 18:00 CDT,95882,28.8,56.75,1.475,6.92,5.41,100716.56
TWB14,Uvalde_2020_02,29.60214,-99.73007,436.7784,6/28/21,p,2021,04/28/2021 18:05 CDT,95881,28.74,57.09,1.97,6.92,6.56,100717.14
TWB14,Uvalde_2020_02,29.60214,-99.73007,436.7784,6/28/21,p,2021,04/28/2021 18:10 CDT,95891,28.59,59.05,1.92,6.92,3.06,100729.92
TWB14,Uvalde_2020_02,29.60214,-99.73007,436.7784,6/28/21,p,2021,04/28/2021 18:15 CDT,95913,28.28,60.87,1.71,6.92,4.4,100757.94
TWB14,Uvalde_2020_02,29.60214,-99.73007,436.7784,6/28/21,p,2021,04/28/2021 18:20 CDT,95895,27.89,64.51,2.21,6.92,12.03,100745.25
TWB14,Uvalde_2020_02,29.60214,-99.73007,436.7784,6/28/21,p,2021,04/28/2021 18:25 CDT,95883,26.94,71.72,2.365,6.92,15.09,100746.78
TWB14,Uvalde_2020_02,29.60214,-99.73007,436.7784,6/28/21,p,2021,04/28/2021 18:30 CDT,95854,26.02,74.15,1.96,6.92,7.42,100732.24
TWB14,Uvalde_2020_02,29.60214,-99.73007,436.7784,6/28/21,p,2021,04/28/2021 18:35 CDT,95843,25.7,75.39,3.565,6.92,4.95,100728.86
TWB14,Uvalde_2020_02,29.60214,-99.73007,436.7784,6/28/21,p,2021,04/28/2021 18:40 CDT,95922,25.54,76.78,4.735,6.92,3,100815.22
TWB14,Uvalde_2020_02,29.60214,-99.73007,436.7784,6/28/21,p,2021,04/28/2021 18:45 CDT,95923,25.26,80.2,2.745,6.92,7.75,100819.1
TWB14,Uvalde_2020_02,29.60214,-99.73007,436.7784,6/28/21,p,2021,04/28/2021 18:50 CDT,95958,24.75,85.3,2.83,6.92,9.3,100862.57
TWB14,Uvalde_2020_02,29.60214,-99.73007,436.7784,6/28/21,p,2021,04/28/2021 18:55 CDT,95994,24.14,88.1,1.86,6.92,13.32,100909.33
TWB14,Uvalde_2020_02,29.60214,-99.73007,436.7784,6/28/21,p,2021,04/28/2021 19:00 CDT,95979,23.96,89.1,1.78,6.92,43.95,100897.44
TWB14,Uvalde_2020_02,29.60214,-99.73007,436.7784,6/28/21,p,2021,04/28/2021 19:05 CDT,95953,23.95,91,1.695,6.92,65.75,100871.11
TWB14,Uvalde_2020_02,29.60214,-99.73007,436.7784,6/28/21,p,2021,04/28/2021 19:10 CDT,95897,24.03,88,0.81,6.92,22.22,100812.94
TWB14,Uvalde_2020_02,29.60214,-99.73007,436.7784,6/28/21,p,2021,04/28/2021 19:15 CDT,95907,24.29,84.7,1.44,6.92,14.59,100822.97
TWB14,Uvalde_2020_02,29.60214,-99.73007,436.7784,6/28/21,p,2021,04/28/2021 19:20 CDT,95921,24.54,86.4,0.895,6.92,6.97,100834.13
TWB14,Uvalde_2020_02,29.60214,-99.73007,436.7784,6/28/21,p,2021,04/28/2021 19:25 CDT,95894,24.2,88.5,0.635,6.92,3.89,100806.4
TWB14,Uvalde_2020_02,29.60214,-99.73007,436.7784,6/28/21,p,2021,04/28/2021 19:30 CDT,95908,23.99,90.2,0.49,6.92,4.09,100823.98
TWB14,Uvalde_2020_02,29.60214,-99.73007,436.7784,6/28/21,p,2021,04/28/2021 19:35 CDT,95906,23.73,91.4,1.01,6.92,4.02,100825.43
TWB14,Uvalde_2020_02,29.60214,-99.73007,436.7784,6/28/21,p,2021,04/28/2021 19:40 CDT,95941,23.6,92.5,0.845,6.92,2.41,100865.27
TWB14,Uvalde_2020_02,29.60214,-99.73007,436.7784,6/28/21,p,2021,04/28/2021 19:45 CDT,95951,23.55,91.9,0.905,6.92,1.67,100877.48
TWB14,Uvalde_2020_02,29.60214,-99.73007,436.7784,6/28/21,p,2021,04/28/2021 19:50 CDT,95952,23.54,91.6,0.97,6.92,2.02,100880.41
TWB14,Uvalde_2020_02,29.60214,-99.73007,436.7784,6/28/21,p,2021,04/28/2021 19:55 CDT,95949,24.07,82.8,2.715,7.165,3.9,100874.26
TWB14,Uvalde_2020_02,29.60214,-99.73007,436.7784,6/28/21,p,2021,04/28/2021 20:00 CDT,95884,24.7,80.5,2.745,8.25,3.57,100794.43
TWB14,Uvalde_2020_02,29.60214,-99.73007,436.7784,6/28/21,p,2021,04/28/2021 20:05 CDT,95839,25.01,78.04,3.875,9.3,4.17,100739.9
TWB14,Uvalde_2020_02,29.60214,-99.73007,436.7784,6/28/21,p,2021,04/28/2021 20:10 CDT,95875,25.21,78.98,3.515,8.885,6.31,100771.85
TWB14,Uvalde_2020_02,29.60214,-99.73007,436.7784,6/28/21,p,2021,04/28/2021 20:15 CDT,95919,25.05,79.6,2.505,8.885,6.1,100818.76
TWB14,Uvalde_2020_02,29.60214,-99.73007,436.7784,6/28/21,p,2021,04/28/2021 20:20 CDT,95982,24.84,82.2,1.805,8.885,4.58,100887.99
TWB14,Uvalde_2020_02,29.60214,-99.73007,436.7784,6/28/21,p,2021,04/28/2021 20:25 CDT,96076,24.45,85.2,2.465,8.885,2.52,100993.35
TWB14,Uvalde_2020_02,29.60214,-99.73007,436.7784,6/28/21,p,2021,04/28/2021 20:30 CDT,96088,24,87.5,2.045,8.885,1.94,101012.55
TWB14,Uvalde_2020_02,29.60214,-99.73007,436.7784,6/28/21,p,2021,04/28/2021 20:35 CDT,96014,23.59,88.4,1.685,8.885,1.62,100940.69
TWB14,Uvalde_2020_02,29.60214,-99.73007,436.7784,6/28/21,p,2021,04/28/2021 20:40 CDT,96000,23.53,89.1,1.475,8.885,1.25,100929.02
TWB14,Uvalde_2020_02,29.60214,-99.73007,436.7784,6/28/21,p,2021,04/28/2021 20:45 CDT,96123,23.43,91.2,1.38,8.885,0.09,101060.2
TWB14,Uvalde_2020_02,29.60214,-99.73007,436.7784,6/28/21,p,2021,04/28/2021 20:50 CDT,96246,23.13,92.9,1.49,8.885,0,101193.77
TWB14,Uvalde_2020_02,29.60214,-99.73007,436.7784,6/28/21,p,2021,04/28/2021 20:55 CDT,96277,22.94,93.8,1.56,8.885,0,101228.58
TWB14,Uvalde_2020_02,29.60214,-99.73007,436.7784,6/28/21,p,2021,04/28/2021 21:00 CDT,96270,22.79,93,1.43,8.885,1.47,101223.11
TWB14,Uvalde_2020_02,29.60214,-99.73007,436.7784,6/28/21,p,2021,04/28/2021 21:05 CDT,96278,22.34,92.8,2.04,8.885,4.27,101237.69
TWB14,Uvalde_2020_02,29.60214,-99.73007,436.7784,6/28/21,p,2021,04/28/2021 21:10 CDT,96249,21.79,92.4,2.325,8.885,5.65,101216.31
TWB14,Uvalde_2020_02,29.60214,-99.73007,436.7784,6/28/21,p,2021,04/28/2021 21:15 CDT,96209,21.8,88.1,2.335,8.885,6.69,101179.27
TWB14,Uvalde_2020_02,29.60214,-99.73007,436.7784,6/28/21,p,2021,04/28/2021 21:20 CDT,96266,21.78,88.4,1.3,8.885,3.27,101240.77
TWB14,Uvalde_2020_02,29.60214,-99.73007,436.7784,6/28/21,p,2021,04/28/2021 21:25 CDT,96215,21.8,86.9,1.725,8.885,3,101188.35
TWB14,Uvalde_2020_02,29.60214,-99.73007,436.7784,6/28/21,p,2021,04/28/2021 21:30 CDT,96167,21.84,85.7,1.87,8.885,2.74,101137.19
TWB14,Uvalde_2020_02,29.60214,-99.73007,436.7784,6/28/21,p,2021,04/28/2021 21:35 CDT,96132,21.65,87,1.09,8.885,1.59,101100.72
TWB14,Uvalde_2020_02,29.60214,-99.73007,436.7784,6/28/21,p,2021,04/28/2021 21:40 CDT,96135,21.54,88.4,1.515,8.885,0.77,101106.62
TWB14,Uvalde_2020_02,29.60214,-99.73007,436.7784,6/28/21,p,2021,04/28/2021 21:45 CDT,96132,21.52,87.3,1.25,8.885,0.92,101105.89
TWB14,Uvalde_2020_02,29.60214,-99.73007,436.7784,6/28/21,p,2021,04/28/2021 21:50 CDT,96130,21.58,87.8,0.23,8.885,1.16,101103.44
TWB14,Uvalde_2020_02,29.60214,-99.73007,436.7784,6/28/21,p,2021,04/28/2021 21:55 CDT,96147,21.48,88.8,0.79,8.885,0.45,101123.56
TWB14,Uvalde_2020_02,29.60214,-99.73007,436.7784,6/28/21,p,2021,04/28/2021 22:00 CDT,96136,21.35,89,1.35,8.885,0.33,101114.59
TWB14,Uvalde_2020_02,29.60214,-99.73007,436.7784,6/28/21,p,2021,04/28/2021 22:05 CDT,96106,21.25,89.3,1.225,8.885,0.35,101084.41
TWB14,Uvalde_2020_02,29.60214,-99.73007,436.7784,6/28/21,p,2021,04/28/2021 22:10 CDT,96099,21.17,89.7,1.255,8.885,0.19,101077.57
TWB14,Uvalde_2020_02,29.60214,-99.73007,436.7784,6/28/21,p,2021,04/28/2021 22:15 CDT,96115,21.05,90.9,0.965,8.885,0,101094.39
TWB14,Uvalde_2020_02,29.60214,-99.73007,436.7784,6/28/21,p,2021,04/28/2021 22:20 CDT,96111,21.22,91,2.015,8.885,0,101089.14
TWB14,Uvalde_2020_02,29.60214,-99.73007,436.7784,6/28/21,p,2021,04/28/2021 22:25 CDT,96118,21.47,90.8,1.355,7.565,0.17,101091.66
TWB14,Uvalde_2020_02,29.60214,-99.73007,436.7784,6/28/21,p,2021,04/28/2021 22:30 CDT,96147,21.51,91.7,1.62,7.565,0.06,101121.47
TWB14,Uvalde_2020_02,29.60214,-99.73007,436.7784,6/28/21,p,2021,04/28/2021 22:35 CDT,96149,21.66,91.8,0.83,7.565,0,101120.46
TWB14,Uvalde_2020_02,29.60214,-99.73007,436.7784,6/28/21,p,2021,04/28/2021 22:40 CDT,96173,21.65,92.2,0.985,7.565,0,101145.18
TWB14,Uvalde_2020_02,29.60214,-99.73007,436.7784,6/28/21,p,2021,04/28/2021 22:45 CDT,96212,21.41,93.4,0.735,7.565,0.33,101188.78
TWB14,Uvalde_2020_02,29.60214,-99.73007,436.7784,6/28/21,p,2021,04/28/2021 22:50 CDT,96217,21.2,94.6,2.26,7.565,0,101197.66
TWB14,Uvalde_2020_02,29.60214,-99.73007,436.7784,6/28/21,p,2021,04/28/2021 22:55 CDT,96356,21.29,94.4,3.745,7.9,0,101343.17
TWB14,Uvalde_2020_02,29.60214,-99.73007,436.7784,6/28/21,p,2021,04/28/2021 23:00 CDT,96325,21.65,90.9,4.815,7.9,1.3,101306.09
TWB14,Uvalde_2020_02,29.60214,-99.73007,436.7784,6/28/21,p,2021,04/28/2021 23:05 CDT,96355,22.53,83.6,6.18,7.9,2.72,101328.19
TWB14,Uvalde_2020_02,29.60214,-99.73007,436.7784,6/28/21,p,2021,04/28/2021 23:10 CDT,96421,22.45,86.4,5.52,7.9,4.59,101391.89
TWB14,Uvalde_2020_02,29.60214,-99.73007,436.7784,6/28/21,p,2021,04/28/2021 23:15 CDT,96487,21.76,89.7,4.805,7.9,5.38,101470.24
TWB14,Uvalde_2020_02,29.60214,-99.73007,436.7784,6/28/21,p,2021,04/28/2021 23:20 CDT,96439,20.63,94.9,6.01,7.9,2.23,101436.37
TWB14,Uvalde_2020_02,29.60214,-99.73007,436.7784,6/28/21,p,2021,04/28/2021 23:25 CDT,96285,20.16,96,5.175,7.9,1.41,101284.3
TWB14,Uvalde_2020_02,29.60214,-99.73007,436.7784,6/28/21,p,2021,04/28/2021 23:30 CDT,96349,20.02,95.9,4.28,7.9,1.87,101354.94
TWB14,Uvalde_2020_02,29.60214,-99.73007,436.7784,6/28/21,p,2021,04/28/2021 23:35 CDT,96367,19.96,96.3,3.69,7.9,0.84,101376.14
TWB14,Uvalde_2020_02,29.60214,-99.73007,436.7784,6/28/21,p,2021,04/28/2021 23:40 CDT,96343,19.97,96.4,3.615,7.9,0.25,101351.42
TWB14,Uvalde_2020_02,29.60214,-99.73007,436.7784,6/28/21,p,2021,04/28/2021 23:45 CDT,96270,20.08,96,2.715,7.9,0.56,101273.75
TWB14,Uvalde_2020_02,29.60214,-99.73007,436.7784,6/28/21,p,2021,04/28/2021 23:50 CDT,96107,20.29,94.7,2.69,7.9,0.91,101100.02
TWB14,Uvalde_2020_02,29.60214,-99.73007,436.7784,6/28/21,p,2021,04/28/2021 23:55 CDT,96142,20.46,93.8,4.265,9.865,0.87,101134.23
TWB14,Uvalde_2020_02,29.60214,-99.73007,436.7784,6/28/21,p,2021,04/29/2021 00:00 CDT,96363,20.36,93,4.89,10.535,4.52,101365.32
TWB14,Uvalde_2020_02,29.60214,-99.73007,436.7784,6/28/21,p,2021,04/29/2021 00:05 CDT,96409,19.23,96.1,6.62,12.325,7.26,101428.74
TWB14,Uvalde_2020_02,29.60214,-99.73007,436.7784,6/28/21,p,2021,04/29/2021 00:10 CDT,96200,18.7,98,7.15,13.79,1.99,101220.43
TWB14,Uvalde_2020_02,29.60214,-99.73007,436.7784,6/28/21,p,2021,04/29/2021 00:15 CDT,96341,18.31,96.3,3.85,12.245,6.19,101374.97
TWB14,Uvalde_2020_02,29.60214,-99.73007,436.7784,6/28/21,p,2021,04/29/2021 00:20 CDT,96386,18.35,96.1,3.015,12.245,2.96,101426.74
TWB14,Uvalde_2020_02,29.60214,-99.73007,436.7784,6/28/21,p,2021,04/29/2021 00:25 CDT,96396,18.55,96.8,1.695,12.245,0.02,101436.02
TWB14,Uvalde_2020_02,29.60214,-99.73007,436.7784,6/28/21,p,2021,04/29/2021 00:30 CDT,96365,18.77,97,1.865,12.245,0,101400.04
TWB14,Uvalde_2020_02,29.60214,-99.73007,436.7784,6/28/21,p,2021,04/29/2021 00:35 CDT,96378,18.74,97.2,3.36,12.245,1.03,101413.9
TWB14,Uvalde_2020_02,29.60214,-99.73007,436.7784,6/28/21,p,2021,04/29/2021 00:40 CDT,96372,18.59,97.8,4.155,12.245,0.23,101408.64
TWB14,Uvalde_2020_02,29.60214,-99.73007,436.7784,6/28/21,p,2021,04/29/2021 00:45 CDT,96348,18.64,98.3,2.235,11.05,0,101381.79
TWB14,Uvalde_2020_02,29.60214,-99.73007,436.7784,6/28/21,p,2021,04/29/2021 00:50 CDT,96289,18.69,98.4,1.895,11.05,0,101317.77
TWB14,Uvalde_2020_02,29.60214,-99.73007,436.7784,6/28/21,p,2021,04/29/2021 00:55 CDT,96247,18.8,98.9,1.27,11.05,0,101271.99
TWB14,Uvalde_2020_02,29.60214,-99.73007,436.7784,6/28/21,p,2021,04/29/2021 01:00 CDT,96255,18.97,98.9,0.455,11.05,0,101277.76
TWB14,Uvalde_2020_02,29.60214,-99.73007,436.7784,6/28/21,p,2021,04/29/2021 01:05 CDT,96330,19.14,98.9,1.37,11.05,0,101353.51
TWB14,Uvalde_2020_02,29.60214,-99.73007,436.7784,6/28/21,p,2021,04/29/2021 01:10 CDT,96394,19.14,98.8,1.775,11.05,0,101420.14
TWB14,Uvalde_2020_02,29.60214,-99.73007,436.7784,6/28/21,p,2021,04/29/2021 01:15 CDT,96459,19.11,98.9,0.875,11.05,0,101488.36
TWB14,Uvalde_2020_02,29.60214,-99.73007,436.7784,6/28/21,p,2021,04/29/2021 01:20 CDT,96434,19.06,98.8,1.09,11.05,0.04,101462.58
TWB14,Uvalde_2020_02,29.60214,-99.73007,436.7784,6/28/21,p,2021,04/29/2021 01:25 CDT,96386,19.05,98.9,0.785,11.05,0.04,101412.25
TWB14,Uvalde_2020_02,29.60214,-99.73007,436.7784,6/28/21,p,2021,04/29/2021 01:30 CDT,96376,19.1,99.1,0.75,11.05,0,101401.38
TWB14,Uvalde_2020_02,29.60214,-99.73007,436.7784,6/28/21,p,2021,04/29/2021 01:35 CDT,96387,19.13,99,0.22,11.05,0,101412.07
TWB14,Uvalde_2020_02,29.60214,-99.73007,436.7784,6/28/21,p,2021,04/29/2021 01:40 CDT,96402,19.15,99,1.315,11.05,0,101427.5
TWB14,Uvalde_2020_02,29.60214,-99.73007,436.7784,6/28/21,p,2021,04/29/2021 01:45 CDT,96421,19.16,99.1,1.41,11.05,0,101447.67
TWB14,Uvalde_2020_02,29.60214,-99.73007,436.7784,6/28/21,p,2021,04/29/2021 01:50 CDT,96405,19.19,99.1,1.35,11.05,0,101429.96
TWB14,Uvalde_2020_02,29.60214,-99.73007,436.7784,6/28/21,p,2021,04/29/2021 01:55 CDT,96401,19.24,99.1,1.255,11.05,0,101425.4
TWB14,Uvalde_2020_02,29.60214,-99.73007,436.7784,6/28/21,p,2021,04/29/2021 02:00 CDT,96415,19.29,99.1,1.12,11.05,0.13,101439.25
TWB14,Uvalde_2020_02,29.60214,-99.73007,436.7784,6/28/21,p,2021,04/29/2021 02:05 CDT,96422,19.29,99,0.62,11.05,0.12,101446.44
TWB14,Uvalde_2020_02,29.60214,-99.73007,436.7784,6/28/21,p,2021,04/29/2021 02:10 CDT,96450,19.31,99,0.05,11.05,0,101475.19
TWB14,Uvalde_2020_02,29.60214,-99.73007,436.7784,6/28/21,p,2021,04/29/2021 02:15 CDT,96482,19.32,99,0.045,11.05,0,101508.51
TWB14,Uvalde_2020_02,29.60214,-99.73007,436.7784,6/28/21,p,2021,04/29/2021 02:20 CDT,96495,19.35,99.1,0.545,11.05,0,101522.18
TWB14,Uvalde_2020_02,29.60214,-99.73007,436.7784,6/28/21,p,2021,04/29/2021 02:25 CDT,96487,19.44,99.2,0.525,11.05,0,101513.06
TWB14,Uvalde_2020_02,29.60214,-99.73007,436.7784,6/28/21,p,2021,04/29/2021 02:30 CDT,96475,19.45,99.1,1.565,11.05,0.09,101499.91
TWB14,Uvalde_2020_02,29.60214,-99.73007,436.7784,6/28/21,p,2021,04/29/2021 02:35 CDT,96472,19.55,99.3,1.535,11.05,0,101496.23
TWB14,Uvalde_2020_02,29.60214,-99.73007,436.7784,6/28/21,p,2021,04/29/2021 02:40 CDT,96480,19.72,99.1,1.4,11.05,0,101501.83
TWB14,Uvalde_2020_02,29.60214,-99.73007,436.7784,6/28/21,p,2021,04/29/2021 02:45 CDT,96475,19.88,98.9,2.845,11.05,0.23,101495
TWB14,Uvalde_2020_02,29.60214,-99.73007,436.7784,6/28/21,p,2021,04/29/2021 02:50 CDT,96467,19.97,98.4,2.63,11.05,0.64,101485.53
TWB14,Uvalde_2020_02,29.60214,-99.73007,436.7784,6/28/21,p,2021,04/29/2021 02:55 CDT,96477,19.91,98,2.08,11.05,0.78,101496.05
TWB14,Uvalde_2020_02,29.60214,-99.73007,436.7784,6/28/21,p,2021,04/29/2021 03:00 CDT,96465,19.77,97.7,3.15,11.05,2.03,101484.83
TWB14,Uvalde_2020_02,29.60214,-99.73007,436.7784,6/28/21,p,2021,04/29/2021 03:05 CDT,96472,19.68,97.7,2.515,11.05,0.55,101493.25
TWB14,Uvalde_2020_02,29.60214,-99.73007,436.7784,6/28/21,p,2021,04/29/2021 03:10 CDT,96479,19.56,97.6,2.845,11.05,1.02,101502.2
TWB14,Uvalde_2020_02,29.60214,-99.73007,436.7784,6/28/21,p,2021,04/29/2021 03:15 CDT,96491,19.44,97.6,2.72,11.05,0.81,101516.58
TWB14,Uvalde_2020_02,29.60214,-99.73007,436.7784,6/28/21,p,2021,04/29/2021 03:20 CDT,96487,19.34,97.7,2.8,11.05,1.04,101513.78
TWB14,Uvalde_2020_02,29.60214,-99.73007,436.7784,6/28/21,p,2021,04/29/2021 03:25 CDT,96461,19.29,97.6,3.29,11.05,0.87,101487.83
TWB14,Uvalde_2020_02,29.60214,-99.73007,436.7784,6/28/21,p,2021,04/29/2021 03:30 CDT,96465,19.25,97.6,3.06,11.05,0.33,101493.09
TWB14,Uvalde_2020_02,29.60214,-99.73007,436.7784,6/28/21,p,2021,04/29/2021 03:35 CDT,96478,19.22,97.4,2.66,11.05,0.82,101507.65
TWB14,Uvalde_2020_02,29.60214,-99.73007,436.7784,6/28/21,p,2021,04/29/2021 03:40 CDT,96492,19.18,97.2,1.63,11.05,0.82,101523.44
TWB14,Uvalde_2020_02,29.60214,-99.73007,436.7784,6/28/21,p,2021,04/29/2021 03:45 CDT,96499,19.16,96.8,2.42,11.05,0.76,101531.34
TWB14,Uvalde_2020_02,29.60214,-99.73007,436.7784,6/28/21,p,2021,04/29/2021 03:50 CDT,96506,19.1,96.7,1.665,11.05,0.32,101539.76
TWB14,Uvalde_2020_02,29.60214,-99.73007,436.7784,6/28/21,p,2021,04/29/2021 03:55 CDT,96493,19,96.7,1.605,11.05,0.45,101527.49
TWB14,Uvalde_2020_02,29.60214,-99.73007,436.7784,6/28/21,p,2021,04/29/2021 04:00 CDT,96493,18.95,96.6,1.465,11.05,0.53,101528.73
TWB14,Uvalde_2020_02,29.60214,-99.73007,436.7784,6/28/21,p,2021,04/29/2021 04:05 CDT,96483,18.87,96.5,1.63,11.05,0.45,101519.09
TWB14,Uvalde_2020_02,29.60214,-99.73007,436.7784,6/28/21,p,2021,04/29/2021 04:10 CDT,96502,18.84,96.3,2.125,11.05,0.72,101539.79
TWB14,Uvalde_2020_02,29.60214,-99.73007,436.7784,6/28/21,p,2021,04/29/2021 04:15 CDT,96520,18.8,96.1,1.45,11.05,0.45,101559.61
TWB14,Uvalde_2020_02,29.60214,-99.73007,436.7784,6/28/21,p,2021,04/29/2021 04:20 CDT,96501,18.75,95.6,2.27,11.05,0.71,101540.68
TWB14,Uvalde_2020_02,29.60214,-99.73007,436.7784,6/28/21,p,2021,04/29/2021 04:25 CDT,96514,18.72,94.9,2.335,11.05,0.78,101555.07
TWB14,Uvalde_2020_02,29.60214,-99.73007,436.7784,6/28/21,p,2021,04/29/2021 04:30 CDT,96522,18.69,94.5,1.89,11.05,0.64,101564.02
TWB14,Uvalde_2020_02,29.60214,-99.73007,436.7784,6/28/21,p,2021,04/29/2021 04:35 CDT,96531,18.65,94.2,2.32,11.05,0.69,101574.03
TWB14,Uvalde_2020_02,29.60214,-99.73007,436.7784,6/28/21,p,2021,04/29/2021 04:40 CDT,96534,18.61,94,2.765,11.05,0.77,101577.36
TWB14,Uvalde_2020_02,29.60214,-99.73007,436.7784,6/28/21,p,2021,04/29/2021 04:45 CDT,96533,18.56,94,2.94,11.05,0.77,101576.49
TWB14,Uvalde_2020_02,29.60214,-99.73007,436.7784,6/28/21,p,2021,04/29/2021 04:50 CDT,96536,18.55,94,3.04,11.05,0.49,101579.82
TWB14,Uvalde_2020_02,29.60214,-99.73007,436.7784,6/28/21,p,2021,04/29/2021 04:55 CDT,96544,18.45,94.3,2.395,11.05,0.09,101589.3
TWB14,Uvalde_2020_02,29.60214,-99.73007,436.7784,6/28/21,p,2021,04/29/2021 05:00 CDT,96538,18.38,94.7,2.57,11.05,0,101584.04
TWB14,Uvalde_2020_02,29.60214,-99.73007,436.7784,6/28/21,p,2021,04/29/2021 05:05 CDT,96526,18.36,94.8,2.77,11.05,0,101572.3
TWB14,Uvalde_2020_02,29.60214,-99.73007,436.7784,6/28/21,p,2021,04/29/2021 05:10 CDT,96535,18.36,94.3,2.625,11.05,0.17,101582.13
TWB14,Uvalde_2020_02,29.60214,-99.73007,436.7784,6/28/21,p,2021,04/29/2021 05:15 CDT,96531,18.38,93.6,2.825,11.05,0.61,101577.75
TWB14,Uvalde_2020_02,29.60214,-99.73007,436.7784,6/28/21,p,2021,04/29/2021 05:20 CDT,96524,18.41,92.7,3.26,11.05,1.04,101570.03
TWB14,Uvalde_2020_02,29.60214,-99.73007,436.7784,6/28/21,p,2021,04/29/2021 05:25 CDT,96524,18.38,92.5,3.46,11.05,1,101570.03
TWB14,Uvalde_2020_02,29.60214,-99.73007,436.7784,6/28/21,p,2021,04/29/2021 05:30 CDT,96530,18.37,92.1,3.8,11.05,0.9,101576.88
TWB14,Uvalde_2020_02,29.60214,-99.73007,436.7784,6/28/21,p,2021,04/29/2021 05:35 CDT,96538,18.39,91.6,4.09,11.05,1.23,101585.12
TWB14,Uvalde_2020_02,29.60214,-99.73007,436.7784,6/28/21,p,2021,04/29/2021 05:40 CDT,96539,18.32,92.3,3.55,11.05,0.97,101586.53
TWB14,Uvalde_2020_02,29.60214,-99.73007,436.7784,6/28/21,p,2021,04/29/2021 05:45 CDT,96542,18.24,92.7,3.09,11.05,0.72,101590.92
TWB14,Uvalde_2020_02,29.60214,-99.73007,436.7784,6/28/21,p,2021,04/29/2021 05:50 CDT,96552,18.18,93.1,2.845,11.05,0.41,101602.68
TWB14,Uvalde_2020_02,29.60214,-99.73007,436.7784,6/28/21,p,2021,04/29/2021 05:55 CDT,96566,18.15,93.1,2.67,11.05,0.15,101618.13
TWB14,Uvalde_2020_02,29.60214,-99.73007,436.7784,6/28/21,p,2021,04/29/2021 06:00 CDT,96577,18.14,93.2,2.48,11.05,0.22,101629.88
TWB14,Uvalde_2020_02,29.60214,-99.73007,436.7784,6/28/21,p,2021,04/29/2021 06:05 CDT,96588,18.15,93.2,2.19,11.05,0.42,101641.28
TWB14,Uvalde_2020_02,29.60214,-99.73007,436.7784,6/28/21,p,2021,04/29/2021 06:10 CDT,96596,18.15,93.4,2.235,11.05,0.69,101649.52
TWB14,Uvalde_2020_02,29.60214,-99.73007,436.7784,6/28/21,p,2021,04/29/2021 06:15 CDT,96601,18.17,93.5,2.32,11.05,0.77,101654.6
TWB14,Uvalde_2020_02,29.60214,-99.73007,436.7784,6/28/21,p,2021,04/29/2021 06:20 CDT,96608,18.2,93.4,2.63,11.05,0.77,101661.43
TWB14,Uvalde_2020_02,29.60214,-99.73007,436.7784,6/28/21,p,2021,04/29/2021 06:25 CDT,96610,18.26,92.6,3.45,11.05,0.98,101663.01
TWB14,Uvalde_2020_02,29.60214,-99.73007,436.7784,6/28/21,p,2021,04/29/2021 06:30 CDT,96626,18.36,91.9,3.04,11.05,1.21,101678.61
TWB14,Uvalde_2020_02,29.60214,-99.73007,436.7784,6/28/21,p,2021,04/29/2021 06:35 CDT,96638,18.43,91.9,2.8,11.05,1.54,101689.64
TWB14,Uvalde_2020_02,29.60214,-99.73007,436.7784,6/28/21,p,2021,04/29/2021 06:40 CDT,96638,18.46,91.5,3.305,11.05,1.74,101688.94
TWB14,Uvalde_2020_02,29.60214,-99.73007,436.7784,6/28/21,p,2021,04/29/2021 06:45 CDT,96640,18.53,90.6,3.85,11.05,1.73,101689.98
TWB14,Uvalde_2020_02,29.60214,-99.73007,436.7784,6/28/21,p,2021,04/29/2021 06:50 CDT,96653,18.6,90.5,3.9,11.05,2.17,101702.42
TWB14,Uvalde_2020_02,29.60214,-99.73007,436.7784,6/28/21,p,2021,04/29/2021 06:55 CDT,96658,18.59,91,3.665,11.05,2.39,101707.33
TWB14,Uvalde_2020_02,29.60214,-99.73007,436.7784,6/28/21,p,2021,04/29/2021 07:00 CDT,96662,18.55,91.4,3.755,11.05,3.11,101711.89
TWB14,Uvalde_2020_02,29.60214,-99.73007,436.7784,6/28/21,p,2021,04/29/2021 07:05 CDT,96667,18.54,90.8,3.76,11.05,4.83,101717.33
TWB14,Uvalde_2020_02,29.60214,-99.73007,436.7784,6/28/21,p,2021,04/29/2021 07:10 CDT,96676,18.52,90.1,4.285,11.05,7.64,101726.98
TWB14,Uvalde_2020_02,29.60214,-99.73007,436.7784,6/28/21,p,2021,04/29/2021 07:15 CDT,96686,18.45,90,4.345,11.05,10.44,101738.74
TWB14,Uvalde_2020_02,29.60214,-99.73007,436.7784,6/28/21,p,2021,04/29/2021 07:20 CDT,96692,18.35,89.7,4.36,11.05,14.41,101747.01
TWB14,Uvalde_2020_02,29.60214,-99.73007,436.7784,6/28/21,p,2021,04/29/2021 07:25 CDT,96713,18.32,89.7,3.63,11.05,17.86,101769.82
TWB14,Uvalde_2020_02,29.60214,-99.73007,436.7784,6/28/21,p,2021,04/29/2021 07:30 CDT,96731,18.3,89.6,3.72,11.05,18,101789.29
TWB14,Uvalde_2020_02,29.60214,-99.73007,436.7784,6/28/21,p,2021,04/29/2021 07:35 CDT,96743,18.35,89.7,3.32,11.05,17.34,101801.03
TWB14,Uvalde_2020_02,29.60214,-99.73007,436.7784,6/28/21,p,2021,04/29/2021 07:40 CDT,96749,18.35,89.4,3.345,11.05,15.53,101807.17
TWB14,Uvalde_2020_02,29.60214,-99.73007,436.7784,6/28/21,p,2021,04/29/2021 07:45 CDT,96760,18.38,88.9,4.165,11.05,21.78,101818.21
TWB14,Uvalde_2020_02,29.60214,-99.73007,436.7784,6/28/21,p,2021,04/29/2021 07:50 CDT,96769,18.4,89.2,3.645,11.05,24.47,101826.97
TWB14,Uvalde_2020_02,29.60214,-99.73007,436.7784,6/28/21,p,2021,04/29/2021 07:55 CDT,96780,18.4,89.3,4.41,11.05,25.75,101838.73
TWB14,Uvalde_2020_02,29.60214,-99.73007,436.7784,6/28/21,p,2021,04/29/2021 08:00 CDT,96792,18.4,89.5,4.105,11.05,24.42,101851.17
TWB14,Uvalde_2020_02,29.60214,-99.73007,436.7784,6/28/21,p,2021,04/29/2021 08:05 CDT,96798,18.36,89.4,3.82,11.05,27.11,101858.02
TWB14,Uvalde_2020_02,29.60214,-99.73007,436.7784,6/28/21,p,2021,04/29/2021 08:10 CDT,96799,18.36,88.8,4.43,11.05,35.68,101859.43
TWB14,Uvalde_2020_02,29.60214,-99.73007,436.7784,6/28/21,p,2021,04/29/2021 08:15 CDT,96799,18.4,89.1,4.36,11.05,45.83,101858.72
TWB14,Uvalde_2020_02,29.60214,-99.73007,436.7784,6/28/21,p,2021,04/29/2021 08:20 CDT,96800,18.38,88.8,4.31,11.05,51.9,101859.77
TWB14,Uvalde_2020_02,29.60214,-99.73007,436.7784,6/28/21,p,2021,04/29/2021 08:25 CDT,96809,18.41,87.7,4.715,11.05,63.91,101868.9
TWB14,Uvalde_2020_02,29.60214,-99.73007,436.7784,6/28/21,p,2021,04/29/2021 08:30 CDT,96821,18.48,87.8,4.295,11.05,73.61,101880.28
TWB14,Uvalde_2020_02,29.60214,-99.73007,436.7784,6/28/21,p,2021,04/29/2021 08:35 CDT,96825,18.51,86.2,4.385,11.05,86.65,101883.61
TWB14,Uvalde_2020_02,29.60214,-99.73007,436.7784,6/28/21,p,2021,04/29/2021 08:40 CDT,96830,18.54,86.3,4.705,11.05,80.79,101888.69
TWB14,Uvalde_2020_02,29.60214,-99.73007,436.7784,6/28/21,p,2021,04/29/2021 08:45 CDT,96839,18.52,86.5,4.515,11.05,73.98,101898.34
TWB14,Uvalde_2020_02,29.60214,-99.73007,436.7784,6/28/21,p,2021,04/29/2021 08:50 CDT,96846,18.48,86.7,4.39,11.05,73.79,101905.88
TWB14,Uvalde_2020_02,29.60214,-99.73007,436.7784,6/28/21,p,2021,04/29/2021 08:55 CDT,96847,18.47,85.4,5.2,11.05,90.98,101906.94
TWB14,Uvalde_2020_02,29.60214,-99.73007,436.7784,6/28/21,p,2021,04/29/2021 09:00 CDT,96848,18.47,85,4.94,9.3,108.85,101908
TWB14,Uvalde_2020_02,29.60214,-99.73007,436.7784,6/28/21,p,2021,04/29/2021 09:05 CDT,96849,18.48,85,4.08,9.3,111.77,101909.05
TWB14,Uvalde_2020_02,29.60214,-99.73007,436.7784,6/28/21,p,2021,04/29/2021 09:10 CDT,96860,18.49,85.4,5.09,9.3,102.21,101920.44
TWB14,Uvalde_2020_02,29.60214,-99.73007,436.7784,6/28/21,p,2021,04/29/2021 09:15 CDT,96867,18.46,84.8,4.375,9.3,84.96,101927.99
TWB14,Uvalde_2020_02,29.60214,-99.73007,436.7784,6/28/21,p,2021,04/29/2021 09:20 CDT,96872,18.41,85,5.065,9.3,88.21,101933.96
TWB14,Uvalde_2020_02,29.60214,-99.73007,436.7784,6/28/21,p,2021,04/29/2021 09:25 CDT,96873,18.31,84.6,5.58,9.3,92.96,101936.97
TWB14,Uvalde_2020_02,29.60214,-99.73007,436.7784,6/28/21,p,2021,04/29/2021 09:30 CDT,96879,18.28,83.9,6.06,9.3,108.78,101944.18
TWB14,Uvalde_2020_02,29.60214,-99.73007,436.7784,6/28/21,p,2021,04/29/2021 09:35 CDT,96887,18.28,83.7,5.465,9.3,113.42,101952.6
TWB14,Uvalde_2020_02,29.60214,-99.73007,436.7784,6/28/21,p,2021,04/29/2021 09:40 CDT,96897,18.28,83.3,5.425,9.3,106.72,101963.12
TWB14,Uvalde_2020_02,29.60214,-99.73007,436.7784,6/28/21,p,2021,04/29/2021 09:45 CDT,96899,18.27,83.2,5.64,9.3,113.44,101965.4
TWB14,Uvalde_2020_02,29.60214,-99.73007,436.7784,6/28/21,p,2021,04/29/2021 09:50 CDT,96899,18.29,82.9,5.765,10.3,145.38,101965.05
TWB14,Uvalde_2020_02,29.60214,-99.73007,436.7784,6/28/21,p,2021,04/29/2021 09:55 CDT,96900,18.32,82.4,5.25,10.3,132.89,101965.04
TWB14,Uvalde_2020_02,29.60214,-99.73007,436.7784,6/28/21,p,2021,04/29/2021 10:00 CDT,96911,18.26,82.7,6,10.3,128.66,101977.32
TWB14,Uvalde_2020_02,29.60214,-99.73007,436.7784,6/28/21,p,2021,04/29/2021 10:05 CDT,96920,18.2,81.9,6.04,12.065,155.46,101988.22
TWB14,Uvalde_2020_02,29.60214,-99.73007,436.7784,6/28/21,p,2021,04/29/2021 10:10 CDT,96926,18.31,81.5,6.25,11.815,187.6,101993.11
TWB14,Uvalde_2020_02,29.60214,-99.73007,436.7784,6/28/21,p,2021,04/29/2021 10:15 CDT,96937,18.37,81.4,5.845,11.815,166.07,102002.91
TWB14,Uvalde_2020_02,29.60214,-99.73007,436.7784,6/28/21,p,2021,04/29/2021 10:20 CDT,96944,18.37,81.2,5.245,11.815,159.66,102010.28
TWB14,Uvalde_2020_02,29.60214,-99.73007,436.7784,6/28/21,p,2021,04/29/2021 10:25 CDT,96952,18.35,79.94,6.265,12.235,153.59,102018.7
TWB14,Uvalde_2020_02,29.60214,-99.73007,436.7784,6/28/21,p,2021,04/29/2021 10:30 CDT,96955,18.25,80.9,6.27,11.65,159.95,102023.81
TWB14,Uvalde_2020_02,29.60214,-99.73007,436.7784,6/28/21,p,2021,04/29/2021 10:35 CDT,96954,18.26,80.2,6.33,12.4,174.1,102022.94
TWB14,Uvalde_2020_02,29.60214,-99.73007,436.7784,6/28/21,p,2021,04/29/2021 10:40 CDT,96955,18.29,80.2,6.07,11.815,183.19,102023.46
TWB14,Uvalde_2020_02,29.60214,-99.73007,436.7784,6/28/21,p,2021,04/29/2021 10:45 CDT,96953,18.37,80.6,5.545,11.815,213.24,102020.11
TWB14,Uvalde_2020_02,29.60214,-99.73007,436.7784,6/28/21,p,2021,04/29/2021 10:50 CDT,96952,18.58,79.23,5.625,11.815,233.08,102014.8
TWB14,Uvalde_2020_02,29.60214,-99.73007,436.7784,6/28/21,p,2021,04/29/2021 10:55 CDT,96954,18.6,77.61,6.06,11.245,239.44,102016.03
TWB14,Uvalde_2020_02,29.60214,-99.73007,436.7784,6/28/21,p,2021,04/29/2021 11:00 CDT,96955,18.6,78.14,6.575,11.745,239.91,102017.08
TWB14,Uvalde_2020_02,29.60214,-99.73007,436.7784,6/28/21,p,2021,04/29/2021 11:05 CDT,96963,18.63,76.26,7.34,12.795,242.42,102025.15
TWB14,Uvalde_2020_02,29.60214,-99.73007,436.7784,6/28/21,p,2021,04/29/2021 11:10 CDT,96964,18.69,77.47,6.38,14.03,244.48,102025.49
TWB14,Uvalde_2020_02,29.60214,-99.73007,436.7784,6/28/21,p,2021,04/29/2021 11:15 CDT,96963,18.93,75.24,5.86,13.125,249.49,102020.2
TWB14,Uvalde_2020_02,29.60214,-99.73007,436.7784,6/28/21,p,2021,04/29/2021 11:20 CDT,96962,19.04,76.05,5.245,12.73,271.74,102017.02
TWB14,Uvalde_2020_02,29.60214,-99.73007,436.7784,6/28/21,p,2021,04/29/2021 11:25 CDT,96968,19.15,77.5,6.045,12.325,300.2,102020.84
TWB14,Uvalde_2020_02,29.60214,-99.73007,436.7784,6/28/21,p,2021,04/29/2021 11:30 CDT,96970,19.19,77.06,6.35,11.41,309.98,102022.24
TWB14,Uvalde_2020_02,29.60214,-99.73007,436.7784,6/28/21,p,2021,04/29/2021 11:35 CDT,96979,19.2,76.21,6.515,11.91,279.88,102030.48
TWB14,Uvalde_2020_02,29.60214,-99.73007,436.7784,6/28/21,p,2021,04/29/2021 11:40 CDT,96988,18.94,76.99,6.43,11.41,270.91,102044.72
TWB14,Uvalde_2020_02,29.60214,-99.73007,436.7784,6/28/21,p,2021,04/29/2021 11:45 CDT,96998,18.84,77.39,6.255,11.41,298.93,102057.19
TWB14,Uvalde_2020_02,29.60214,-99.73007,436.7784,6/28/21,p,2021,04/29/2021 11:50 CDT,97000,18.77,77.23,6.585,11.58,346.32,102060.53
TWB14,Uvalde_2020_02,29.60214,-99.73007,436.7784,6/28/21,p,2021,04/29/2021 11:55 CDT,97001,18.83,75.3,6.695,11.58,339.43,102060.35
TWB14,Uvalde_2020_02,29.60214,-99.73007,436.7784,6/28/21,p,2021,04/29/2021 12:00 CDT,96999,19.13,75.24,4.99,11.58,355.81,102054.53
TWB14,Uvalde_2020_02,29.60214,-99.73007,436.7784,6/28/21,p,2021,04/29/2021 12:05 CDT,96993,19.22,75.5,7.06,11.91,369.85,102043.98
TWB14,Uvalde_2020_02,29.60214,-99.73007,436.7784,6/28/21,p,2021,04/29/2021 12:10 CDT,96989,19.1,73.98,6.695,12.4,369.34,102042.25
TWB14,Uvalde_2020_02,29.60214,-99.73007,436.7784,6/28/21,p,2021,04/29/2021 12:15 CDT,96991,19.12,73.61,6.81,11.995,385.11,102044.54
TWB14,Uvalde_2020_02,29.60214,-99.73007,436.7784,6/28/21,p,2021,04/29/2021 12:20 CDT,96995,19.27,72.7,6.705,11.995,424.01,102046.63
TWB14,Uvalde_2020_02,29.60214,-99.73007,436.7784,6/28/21,p,2021,04/29/2021 12:25 CDT,96996,19.36,72.9,6.56,11.995,417.93,102044.68
TWB14,Uvalde_2020_02,29.60214,-99.73007,436.7784,6/28/21,p,2021,04/29/2021 12:30 CDT,96999,19.49,74.25,6.375,11.995,419.05,102046.95
TWB14,Uvalde_2020_02,29.60214,-99.73007,436.7784,6/28/21,p,2021,04/29/2021 12:35 CDT,97005,19.83,70.84,5.14,11.995,437.2,102046.77
TWB14,Uvalde_2020_02,29.60214,-99.73007,436.7784,6/28/21,p,2021,04/29/2021 12:40 CDT,97015,19.8,72.26,5.945,11.495,438.46,102056.57
TWB14,Uvalde_2020_02,29.60214,-99.73007,436.7784,6/28/21,p,2021,04/29/2021 12:45 CDT,97017,19.8,71.99,5.74,11.16,488.86,102058.68
TWB14,Uvalde_2020_02,29.60214,-99.73007,436.7784,6/28/21,p,2021,04/29/2021 12:50 CDT,97016,19.81,70.67,5.735,11.16,427.76,102057.46
TWB14,Uvalde_2020_02,29.60214,-99.73007,436.7784,6/28/21,p,2021,04/29/2021 12:55 CDT,97005,19.9,73.03,4.885,11.16,481.18,102045.52
TWB14,Uvalde_2020_02,29.60214,-99.73007,436.7784,6/28/21,p,2021,04/29/2021 13:00 CDT,96997,20.4,69.22,5.425,11.9,493.95,102028.18
TWB14,Uvalde_2020_02,29.60214,-99.73007,436.7784,6/28/21,p,2021,04/29/2021 13:05 CDT,96998,20.33,68.08,5.51,10.6,475.09,102029.07
TWB14,Uvalde_2020_02,29.60214,-99.73007,436.7784,6/28/21,p,2021,04/29/2021 13:10 CDT,96998,20.45,68.28,5.645,12.21,464.26,102027.84
TWB14,Uvalde_2020_02,29.60214,-99.73007,436.7784,6/28/21,p,2021,04/29/2021 13:15 CDT,96996,20.35,68.95,5.64,11.745,508.43,102026.61
TWB14,Uvalde_2020_02,29.60214,-99.73007,436.7784,6/28/21,p,2021,04/29/2021 13:20 CDT,96997,20.31,68.89,6.71,11.91,511.69,102027.83
TWB14,Uvalde_2020_02,29.60214,-99.73007,436.7784,6/28/21,p,2021,04/29/2021 13:25 CDT,96999,20.21,71.04,6.495,12.325,419.54,102032.03
TWB14,Uvalde_2020_02,29.60214,-99.73007,436.7784,6/28/21,p,2021,04/29/2021 13:30 CDT,97001,20.05,70.09,6.17,12.075,451.82,102037.99
TWB14,Uvalde_2020_02,29.60214,-99.73007,436.7784,6/28/21,p,2021,04/29/2021 13:35 CDT,97008,20.15,71.37,5.575,11.66,455,102043.24
TWB14,Uvalde_2020_02,29.60214,-99.73007,436.7784,6/28/21,p,2021,04/29/2021 13:40 CDT,97014,20.21,69.65,5.55,11.66,461.22,102048.86
TWB14,Uvalde_2020_02,29.60214,-99.73007,436.7784,6/28/21,p,2021,04/29/2021 13:45 CDT,97014,20.26,70.18,5.43,11.66,449.8,102047.28
TWB14,Uvalde_2020_02,29.60214,-99.73007,436.7784,6/28/21,p,2021,04/29/2021 13:50 CDT,97020,20.03,70.69,6.345,11.66,451.09,102056.22
TWB14,Uvalde_2020_02,29.60214,-99.73007,436.7784,6/28/21,p,2021,04/29/2021 13:55 CDT,97027,19.91,72.64,5.685,11.16,320.38,102066.56
TWB14,Uvalde_2020_02,29.60214,-99.73007,436.7784,6/28/21,p,2021,04/29/2021 14:00 CDT,97035,19.86,70.41,4.64,11.16,350.62,102077.62
TWB14,Uvalde_2020_02,29.60214,-99.73007,436.7784,6/28/21,p,2021,04/29/2021 14:05 CDT,97041,20.16,69.51,4.42,11.16,285.9,102078.32
TWB14,Uvalde_2020_02,29.60214,-99.73007,436.7784,6/28/21,p,2021,04/29/2021 14:10 CDT,97044,20,70.99,4.27,11.16,309.88,102084.28
TWB14,Uvalde_2020_02,29.60214,-99.73007,436.7784,6/28/21,p,2021,04/29/2021 14:15 CDT,97048,19.96,70.99,5.35,10.58,291.1,102088.13
TWB14,Uvalde_2020_02,29.60214,-99.73007,436.7784,6/28/21,p,2021,04/29/2021 14:20 CDT,97046,19.97,70.96,4.845,10.58,335.61,102087.08
TWB14,Uvalde_2020_02,29.60214,-99.73007,436.7784,6/28/21,p,2021,04/29/2021 14:25 CDT,97048,20.04,69.67,5.64,10.91,431.94,102088.14
TWB14,Uvalde_2020_02,29.60214,-99.73007,436.7784,6/28/21,p,2021,04/29/2021 14:30 CDT,97046,20.35,68.06,4.725,10.91,352.65,102080.26
TWB14,Uvalde_2020_02,29.60214,-99.73007,436.7784,6/28/21,p,2021,04/29/2021 14:35 CDT,97040,20.4,69.71,5.35,10.91,648.93,102072.18
TWB14,Uvalde_2020_02,29.60214,-99.73007,436.7784,6/28/21,p,2021,04/29/2021 14:40 CDT,97035,20.66,68.83,5.325,10.265,561.23,102062.2
TWB14,Uvalde_2020_02,29.60214,-99.73007,436.7784,6/28/21,p,2021,04/29/2021 14:45 CDT,97028,20.69,70.11,5.005,10.265,506.13,102054.31
TWB14,Uvalde_2020_02,29.60214,-99.73007,436.7784,6/28/21,p,2021,04/29/2021 14:50 CDT,97025,20.58,67.99,5.985,11.35,480.34,102051.69
TWB14,Uvalde_2020_02,29.60214,-99.73007,436.7784,6/28/21,p,2021,04/29/2021 14:55 CDT,97028,20.55,68.05,5.36,11.58,482.21,102056.6
TWB14,Uvalde_2020_02,29.60214,-99.73007,436.7784,6/28/21,p,2021,04/29/2021 15:00 CDT,97028,20.39,70.28,6.44,11.66,447.55,102058.68
TWB14,Uvalde_2020_02,29.60214,-99.73007,436.7784,6/28/21,p,2021,04/29/2021 15:05 CDT,97026,20.35,69.23,5.82,11.66,522.65,102058.16
TWB14,Uvalde_2020_02,29.60214,-99.73007,436.7784,6/28/21,p,2021,04/29/2021 15:10 CDT,97020,20.67,68.36,5.235,11.66,595.86,102046.43
TWB14,Uvalde_2020_02,29.60214,-99.73007,436.7784,6/28/21,p,2021,04/29/2021 15:15 CDT,97024,20.62,67.55,5.915,11.66,425.68,102050.12
TWB14,Uvalde_2020_02,29.60214,-99.73007,436.7784,6/28/21,p,2021,04/29/2021 15:20 CDT,97034,20.5,68.29,5.86,11.245,462.52,102063.95
TWB14,Uvalde_2020_02,29.60214,-99.73007,436.7784,6/28/21,p,2021,04/29/2021 15:25 CDT,97036,20.62,68.59,5.56,11.245,460.68,102064.13
TWB14,Uvalde_2020_02,29.60214,-99.73007,436.7784,6/28/21,p,2021,04/29/2021 15:30 CDT,97027,20.89,66.71,4.755,11.245,544.09,102050.66
TWB14,Uvalde_2020_02,29.60214,-99.73007,436.7784,6/28/21,p,2021,04/29/2021 15:35 CDT,97031,20.66,68.86,6,11.41,508.5,102055.73
TWB14,Uvalde_2020_02,29.60214,-99.73007,436.7784,6/28/21,p,2021,04/29/2021 15:40 CDT,97028,20.57,68.09,5.94,12.38,358.98,102055.55
TWB14,Uvalde_2020_02,29.60214,-99.73007,436.7784,6/28/21,p,2021,04/29/2021 15:45 CDT,97030,20.14,70.14,5.255,10.995,418.98,102066.04
TWB14,Uvalde_2020_02,29.60214,-99.73007,436.7784,6/28/21,p,2021,04/29/2021 15:50 CDT,97035,20.25,70.21,5.57,10.995,267.42,102069.9
TWB14,Uvalde_2020_02,29.60214,-99.73007,436.7784,6/28/21,p,2021,04/29/2021 15:55 CDT,97026,20.34,67.85,5.215,10.995,483.16,102059.57
TWB14,Uvalde_2020_02,29.60214,-99.73007,436.7784,6/28/21,p,2021,04/29/2021 16:00 CDT,97031,20.46,71.59,4.26,10.995,279.03,102062.53
TWB14,Uvalde_2020_02,29.60214,-99.73007,436.7784,6/28/21,p,2021,04/29/2021 16:05 CDT,97035,20.37,69.77,4.99,10.995,329.04,102067.27
TWB14,Uvalde_2020_02,29.60214,-99.73007,436.7784,6/28/21,p,2021,04/29/2021 16:10 CDT,97042,20.15,70.51,5.11,10.58,267.06,102078.66
TWB14,Uvalde_2020_02,29.60214,-99.73007,436.7784,6/28/21,p,2021,04/29/2021 16:15 CDT,97048,20.14,70.14,4.69,11.08,231.35,102086.03
TWB14,Uvalde_2020_02,29.60214,-99.73007,436.7784,6/28/21,p,2021,04/29/2021 16:20 CDT,97058,20.04,70.35,4.48,10.745,185.06,102098.13
TWB14,Uvalde_2020_02,29.60214,-99.73007,436.7784,6/28/21,p,2021,04/29/2021 16:25 CDT,97062,19.82,71.46,4.545,10.745,174.31,102106.02
TWB14,Uvalde_2020_02,29.60214,-99.73007,436.7784,6/28/21,p,2021,04/29/2021 16:30 CDT,97063,19.69,72.33,4.88,10.745,173.39,102109.71
TWB14,Uvalde_2020_02,29.60214,-99.73007,436.7784,6/28/21,p,2021,04/29/2021 16:35 CDT,97064,19.55,72.27,4.81,10.745,154.59,102113.4
TWB14,Uvalde_2020_02,29.60214,-99.73007,436.7784,6/28/21,p,2021,04/29/2021 16:40 CDT,97066,19.55,71.96,4.545,10.745,188.44,102116.74
TWB14,Uvalde_2020_02,29.60214,-99.73007,436.7784,6/28/21,p,2021,04/29/2021 16:45 CDT,97065,19.53,72.37,4.755,10.745,243.01,102116.04
TWB14,Uvalde_2020_02,29.60214,-99.73007,436.7784,6/28/21,p,2021,04/29/2021 16:50 CDT,97060,19.86,70.76,4.1,10.745,304.78,102104.8
TWB14,Uvalde_2020_02,29.60214,-99.73007,436.7784,6/28/21,p,2021,04/29/2021 16:55 CDT,97058,20.05,70.86,4.685,10.825,342.19,102098.65
TWB14,Uvalde_2020_02,29.60214,-99.73007,436.7784,6/28/21,p,2021,04/29/2021 17:00 CDT,97056,20.35,68.81,3.205,9.535,248,102092.17
TWB14,Uvalde_2020_02,29.60214,-99.73007,436.7784,6/28/21,p,2021,04/29/2021 17:05 CDT,97066,20.13,71.51,3.975,9.535,224.49,102104.25
TWB14,Uvalde_2020_02,29.60214,-99.73007,436.7784,6/28/21,p,2021,04/29/2021 17:10 CDT,97067,20.21,69.83,3.045,9.535,203.71,102105.32
TWB14,Uvalde_2020_02,29.60214,-99.73007,436.7784,6/28/21,p,2021,04/29/2021 17:15 CDT,97078,19.91,72.25,4.825,9.535,180.91,102119.51
TWB14,Uvalde_2020_02,29.60214,-99.73007,436.7784,6/28/21,p,2021,04/29/2021 17:20 CDT,97090,19.49,71.55,4.61,9.365,189.19,102140.76
TWB14,Uvalde_2020_02,29.60214,-99.73007,436.7784,6/28/21,p,2021,04/29/2021 17:25 CDT,97100,19.43,73.54,4.64,9.95,217.9,102154.09
TWB14,Uvalde_2020_02,29.60214,-99.73007,436.7784,6/28/21,p,2021,04/29/2021 17:30 CDT,97101,19.78,70.5,3.39,9.865,245.41,102149.69
TWB14,Uvalde_2020_02,29.60214,-99.73007,436.7784,6/28/21,p,2021,04/29/2021 17:35 CDT,97113,19.71,71.48,4.48,9.865,172.85,102161.61
TWB14,Uvalde_2020_02,29.60214,-99.73007,436.7784,6/28/21,p,2021,04/29/2021 17:40 CDT,97128,19.5,71.58,5.325,10.03,135.01,102181.62
TWB14,Uvalde_2020_02,29.60214,-99.73007,436.7784,6/28/21,p,2021,04/29/2021 17:45 CDT,97132,19.4,71.45,4.83,10.03,131.45,102188.48
TWB14,Uvalde_2020_02,29.60214,-99.73007,436.7784,6/28/21,p,2021,04/29/2021 17:50 CDT,97140,19.34,72.66,4.735,10.03,138.09,102198.48
TWB14,Uvalde_2020_02,29.60214,-99.73007,436.7784,6/28/21,p,2021,04/29/2021 17:55 CDT,97148,19.47,71.92,4.67,10.43,135.28,102205.13
TWB14,Uvalde_2020_02,29.60214,-99.73007,436.7784,6/28/21,p,2021,04/29/2021 18:00 CDT,97156,19.45,71.35,4.525,10.185,133.21,102213.2
TWB14,Uvalde_2020_02,29.60214,-99.73007,436.7784,6/28/21,p,2021,04/29/2021 18:05 CDT,97157,19.42,71.78,5.105,10.185,121.85,102214.78
TWB14,Uvalde_2020_02,29.60214,-99.73007,436.7784,6/28/21,p,2021,04/29/2021 18:10 CDT,97156,19.43,71.65,4.1,10.185,121.26,102214.08
TWB14,Uvalde_2020_02,29.60214,-99.73007,436.7784,6/28/21,p,2021,04/29/2021 18:15 CDT,97158,19.48,72.05,4.155,10.185,121.93,102215.3
TWB14,Uvalde_2020_02,29.60214,-99.73007,436.7784,6/28/21,p,2021,04/29/2021 18:20 CDT,97159,19.48,71.58,4.445,10.185,119.99,102216
TWB14,Uvalde_2020_02,29.60214,-99.73007,436.7784,6/28/21,p,2021,04/29/2021 18:25 CDT,97160,19.51,72.22,4.105,10.185,169.79,102217.05
TWB14,Uvalde_2020_02,29.60214,-99.73007,436.7784,6/28/21,p,2021,04/29/2021 18:30 CDT,97168,19.79,69.19,5.255,10.185,356.21,102220.36
TWB14,Uvalde_2020_02,29.60214,-99.73007,436.7784,6/28/21,p,2021,04/29/2021 18:35 CDT,97163,20.18,67.67,4.865,10.185,303.41,102207.72
TWB14,Uvalde_2020_02,29.60214,-99.73007,436.7784,6/28/21,p,2021,04/29/2021 18:40 CDT,97165,20.03,68.89,5.13,10.185,210.56,102210.87
TWB14,Uvalde_2020_02,29.60214,-99.73007,436.7784,6/28/21,p,2021,04/29/2021 18:45 CDT,97173,19.77,71.45,4.67,10.185,145.7,102224.55
TWB14,Uvalde_2020_02,29.60214,-99.73007,436.7784,6/28/21,p,2021,04/29/2021 18:50 CDT,97176,19.77,70.27,4.35,10.185,155.08,102228.95
TWB14,Uvalde_2020_02,29.60214,-99.73007,436.7784,6/28/21,p,2021,04/29/2021 18:55 CDT,97184,19.7,70.5,4.805,10.185,128.83,102238.25
TWB14,Uvalde_2020_02,29.60214,-99.73007,436.7784,6/28/21,p,2021,04/29/2021 19:00 CDT,97185,19.68,71.18,4.815,10.185,106.59,102240
TWB14,Uvalde_2020_02,29.60214,-99.73007,436.7784,6/28/21,p,2021,04/29/2021 19:05 CDT,97189,19.6,71.31,4.86,10.185,77.41,102245.79
TWB14,Uvalde_2020_02,29.60214,-99.73007,436.7784,6/28/21,p,2021,04/29/2021 19:10 CDT,97186,19.48,71.65,4.85,10.185,70.04,102244.76
TWB14,Uvalde_2020_02,29.60214,-99.73007,436.7784,6/28/21,p,2021,04/29/2021 19:15 CDT,97184,19.35,72.86,5.14,10.185,64.52,102245.47
TWB14,Uvalde_2020_02,29.60214,-99.73007,436.7784,6/28/21,p,2021,04/29/2021 19:20 CDT,97184,19.29,72.66,3.795,10.185,51.68,102246.71
TWB14,Uvalde_2020_02,29.60214,-99.73007,436.7784,6/28/21,p,2021,04/29/2021 19:25 CDT,97195,19.26,73.81,4.175,10.185,43.86,102258.99
TWB14,Uvalde_2020_02,29.60214,-99.73007,436.7784,6/28/21,p,2021,04/29/2021 19:30 CDT,97196,19.22,73.71,4.035,10.185,36.74,102260.75
TWB14,Uvalde_2020_02,29.60214,-99.73007,436.7784,6/28/21,p,2021,04/29/2021 19:35 CDT,97198,19.16,73.95,2.7,10.185,31.29,102264.09
TWB14,Uvalde_2020_02,29.60214,-99.73007,436.7784,6/28/21,p,2021,04/29/2021 19:40 CDT,97201,19.14,74.15,3.46,10.185,39.24,102267.78
TWB14,Uvalde_2020_02,29.60214,-99.73007,436.7784,6/28/21,p,2021,04/29/2021 19:45 CDT,97202,19.11,74.09,4.815,10.185,38.83,102269.36
TWB14,Uvalde_2020_02,29.60214,-99.73007,436.7784,6/28/21,p,2021,04/29/2021 19:50 CDT,97201,19.05,74.02,4.72,9.435,33.32,102269.38
TWB14,Uvalde_2020_02,29.60214,-99.73007,436.7784,6/28/21,p,2021,04/29/2021 19:55 CDT,97193,19,74.43,4.555,9.435,25.14,102261.67
TWB14,Uvalde_2020_02,29.60214,-99.73007,436.7784,6/28/21,p,2021,04/29/2021 20:00 CDT,97190,18.94,74.7,5.39,10.935,18.4,102259.75
TWB14,Uvalde_2020_02,29.60214,-99.73007,436.7784,6/28/21,p,2021,04/29/2021 20:05 CDT,97173,18.85,75.1,4.55,10.185,12.49,102243.64
TWB14,Uvalde_2020_02,29.60214,-99.73007,436.7784,6/28/21,p,2021,04/29/2021 20:10 CDT,97155,18.78,75.3,6.25,11.1,6.99,102226.12
TWB14,Uvalde_2020_02,29.60214,-99.73007,436.7784,6/28/21,p,2021,04/29/2021 20:15 CDT,97146,18.72,75.44,6.46,11.1,3.8,102217.71
TWB14,Uvalde_2020_02,29.60214,-99.73007,436.7784,6/28/21,p,2021,04/29/2021 20:20 CDT,97141,18.65,76.26,5.905,11.015,1.95,102213.87
TWB14,Uvalde_2020_02,29.60214,-99.73007,436.7784,6/28/21,p,2021,04/29/2021 20:25 CDT,97135,18.59,76.46,6.19,11.015,0.37,102208.8
TWB14,Uvalde_2020_02,29.60214,-99.73007,436.7784,6/28/21,p,2021,04/29/2021 20:30 CDT,97132,18.52,76.83,6,11.015,0.19,102206.71
TWB14,Uvalde_2020_02,29.60214,-99.73007,436.7784,6/28/21,p,2021,04/29/2021 20:35 CDT,97141,18.48,77.14,4.6,11.015,0,102216.89
TWB14,Uvalde_2020_02,29.60214,-99.73007,436.7784,6/28/21,p,2021,04/29/2021 20:40 CDT,97142,18.4,77.68,4.4,11.015,0,102219.36
TWB14,Uvalde_2020_02,29.60214,-99.73007,436.7784,6/28/21,p,2021,04/29/2021 20:45 CDT,97162,18.36,77.61,4.565,11.015,0,102241.65
TWB14,Uvalde_2020_02,29.60214,-99.73007,436.7784,6/28/21,p,2021,04/29/2021 20:50 CDT,97169,18.34,77.88,3.87,11.015,0,102249.2
TWB14,Uvalde_2020_02,29.60214,-99.73007,436.7784,6/28/21,p,2021,04/29/2021 20:55 CDT,97174,18.3,78.15,4.17,11.015,0,102254.99
TWB14,Uvalde_2020_02,29.60214,-99.73007,436.7784,6/28/21,p,2021,04/29/2021 21:00 CDT,97193,18.28,78.36,4.08,11.015,0,102275.7
TWB14,Uvalde_2020_02,29.60214,-99.73007,436.7784,6/28/21,p,2021,04/29/2021 21:05 CDT,97210,18.3,78.63,4,11.015,0,102293.4
TWB14,Uvalde_2020_02,29.60214,-99.73007,436.7784,6/28/21,p,2021,04/29/2021 21:10 CDT,97222,18.31,78.57,3.495,11.015,0,102305.68
TWB14,Uvalde_2020_02,29.60214,-99.73007,436.7784,6/28/21,p,2021,04/29/2021 21:15 CDT,97225,18.31,78.91,2.965,11.015,0,102308.3
TWB14,Uvalde_2020_02,29.60214,-99.73007,436.7784,6/28/21,p,2021,04/29/2021 21:20 CDT,97229,18.27,78.53,3.72,11.015,0,102313.4
TWB14,Uvalde_2020_02,29.60214,-99.73007,436.7784,6/28/21,p,2021,04/29/2021 21:25 CDT,97234,18.32,78.57,4.33,9.35,0,102317.95
TWB14,Uvalde_2020_02,29.60214,-99.73007,436.7784,6/28/21,p,2021,04/29/2021 21:30 CDT,97246,18.33,78.3,4.675,9.35,0,102330.22
TWB14,Uvalde_2020_02,29.60214,-99.73007,436.7784,6/28/21,p,2021,04/29/2021 21:35 CDT,97262,18.36,78.54,4.075,9.35,0,102346.52
TWB14,Uvalde_2020_02,29.60214,-99.73007,436.7784,6/28/21,p,2021,04/29/2021 21:40 CDT,97278,18.35,78.49,3.965,9.35,0,102363.53
TWB14,Uvalde_2020_02,29.60214,-99.73007,436.7784,6/28/21,p,2021,04/29/2021 21:45 CDT,97286,18.33,78.98,3.19,9.35,0,102372.13
TWB14,Uvalde_2020_02,29.60214,-99.73007,436.7784,6/28/21,p,2021,04/29/2021 21:50 CDT,97300,18.3,79.25,2.94,9.35,0,102387.22
TWB14,Uvalde_2020_02,29.60214,-99.73007,436.7784,6/28/21,p,2021,04/29/2021 21:55 CDT,97311,18.28,79.12,3.42,9.35,0,102399.51
TWB14,Uvalde_2020_02,29.60214,-99.73007,436.7784,6/28/21,p,2021,04/29/2021 22:00 CDT,97317,18.29,79.32,3.31,9.35,0,102405.64
TWB14,Uvalde_2020_02,29.60214,-99.73007,436.7784,6/28/21,p,2021,04/29/2021 22:05 CDT,97326,18.32,79.42,3.715,9.35,0,102414.57
TWB14,Uvalde_2020_02,29.60214,-99.73007,436.7784,6/28/21,p,2021,04/29/2021 22:10 CDT,97324,18.32,79.86,3.575,9.35,0,102412.29
TWB14,Uvalde_2020_02,29.60214,-99.73007,436.7784,6/28/21,p,2021,04/29/2021 22:15 CDT,97335,18.31,79.35,4.91,9.35,0,102424.22
TWB14,Uvalde_2020_02,29.60214,-99.73007,436.7784,6/28/21,p,2021,04/29/2021 22:20 CDT,97331,18.34,79.39,3.68,9.35,0,102419.3
TWB14,Uvalde_2020_02,29.60214,-99.73007,436.7784,6/28/21,p,2021,04/29/2021 22:25 CDT,97366,18.32,79.52,2.86,9.35,0,102456.49
TWB14,Uvalde_2020_02,29.60214,-99.73007,436.7784,6/28/21,p,2021,04/29/2021 22:30 CDT,97370,18.33,79.73,2.57,9.35,0,102460.52
TWB14,Uvalde_2020_02,29.60214,-99.73007,436.7784,6/28/21,p,2021,04/29/2021 22:35 CDT,97392,18.34,79.93,1.96,9.35,0,102483.49
TWB14,Uvalde_2020_02,29.60214,-99.73007,436.7784,6/28/21,p,2021,04/29/2021 22:40 CDT,97395,18.37,79.38,2.27,9.35,0,102485.93
TWB14,Uvalde_2020_02,29.60214,-99.73007,436.7784,6/28/21,p,2021,04/29/2021 22:45 CDT,97391,18.42,79.66,2.28,9.35,0,102481.01
TWB14,Uvalde_2020_02,29.60214,-99.73007,436.7784,6/28/21,p,2021,04/29/2021 22:50 CDT,97394,18.43,79.72,2.305,9.35,0,102483.45
TWB14,Uvalde_2020_02,29.60214,-99.73007,436.7784,6/28/21,p,2021,04/29/2021 22:55 CDT,97395,18.44,79.65,2.59,9.35,0,102484.5
TWB14,Uvalde_2020_02,29.60214,-99.73007,436.7784,6/28/21,p,2021,04/29/2021 23:00 CDT,97393,18.45,79.96,2.55,9.35,0,102482.22
TWB14,Uvalde_2020_02,29.60214,-99.73007,436.7784,6/28/21,p,2021,04/29/2021 23:05 CDT,97382,18.41,80.8,2.515,9.35,0,102471.17
TWB14,Uvalde_2020_02,29.60214,-99.73007,436.7784,6/28/21,p,2021,04/29/2021 23:10 CDT,97390,18.39,80.5,3.35,9.35,0.05,102480.48
TWB14,Uvalde_2020_02,29.60214,-99.73007,436.7784,6/28/21,p,2021,04/29/2021 23:15 CDT,97388,18.4,81.2,3.195,9.35,0.61,102477.84
TWB14,Uvalde_2020_02,29.60214,-99.73007,436.7784,6/28/21,p,2021,04/29/2021 23:20 CDT,97406,18.36,81.5,2.715,9.35,0,102497.49
TWB14,Uvalde_2020_02,29.60214,-99.73007,436.7784,6/28/21,p,2021,04/29/2021 23:25 CDT,97405,18.35,82,2.11,9.35,0,102496.62
TWB14,Uvalde_2020_02,29.60214,-99.73007,436.7784,6/28/21,p,2021,04/29/2021 23:30 CDT,97401,18.32,82.1,2.405,9.35,0,102493.12
TWB14,Uvalde_2020_02,29.60214,-99.73007,436.7784,6/28/21,p,2021,04/29/2021 23:35 CDT,97402,18.3,82.2,2.295,9.35,0,102494.53
TWB14,Uvalde_2020_02,29.60214,-99.73007,436.7784,6/28/21,p,2021,04/29/2021 23:40 CDT,97396,18.28,82.2,2.355,9.35,0,102488.75
TWB14,Uvalde_2020_02,29.60214,-99.73007,436.7784,6/28/21,p,2021,04/29/2021 23:45 CDT,97413,18.28,82.1,1.695,9.35,0,102506.64
TWB14,Uvalde_2020_02,29.60214,-99.73007,436.7784,6/28/21,p,2021,04/29/2021 23:50 CDT,97417,18.31,82.2,1.51,9.35,0,102510.14
TWB14,Uvalde_2020_02,29.60214,-99.73007,436.7784,6/28/21,p,2021,04/29/2021 23:55 CDT,97411,18.34,82.1,2.49,9.35,0,102503.47
TWB14,Uvalde_2020_02,29.60214,-99.73007,436.7784,6/28/21,p,2021,04/30/2021 00:00 CDT,97395,18.32,82.4,2.115,9.35,0,102486.63
TWB14,Uvalde_2020_02,29.60214,-99.73007,436.7784,6/28/21,p,2021,04/30/2021 00:05 CDT,97408,18.35,82.1,2.605,9.35,0,102500.13
TWB14,Uvalde_2020_02,29.60214,-99.73007,436.7784,6/28/21,p,2021,04/30/2021 00:10 CDT,97411,18.36,82.4,1.785,9.35,0,102502.75
TWB14,Uvalde_2020_02,29.60214,-99.73007,436.7784,6/28/21,p,2021,04/30/2021 00:15 CDT,97421,18.36,82.2,1.895,9.35,0,102513.27
TWB14,Uvalde_2020_02,29.60214,-99.73007,436.7784,6/28/21,p,2021,04/30/2021 00:20 CDT,97428,18.37,82.4,1.705,9.35,0,102520.46
TWB14,Uvalde_2020_02,29.60214,-99.73007,436.7784,6/28/21,p,2021,04/30/2021 00:25 CDT,97439,18.36,82.4,1.73,9.35,0,102532.04
TWB14,Uvalde_2020_02,29.60214,-99.73007,436.7784,6/28/21,p,2021,04/30/2021 00:30 CDT,97453,18.36,82.3,1.685,9.35,0,102546.77
TWB14,Uvalde_2020_02,29.60214,-99.73007,436.7784,6/28/21,p,2021,04/30/2021 00:35 CDT,97444,18.4,82.1,2.42,9.35,0,102536.76
TWB14,Uvalde_2020_02,29.60214,-99.73007,436.7784,6/28/21,p,2021,04/30/2021 00:40 CDT,97438,18.37,82.6,1.925,9.35,0,102530.8
TWB14,Uvalde_2020_02,29.60214,-99.73007,436.7784,6/28/21,p,2021,04/30/2021 00:45 CDT,97447,18.36,82.7,2.11,9.35,0,102540.45
TWB14,Uvalde_2020_02,29.60214,-99.73007,436.7784,6/28/21,p,2021,04/30/2021 00:50 CDT,97438,18.35,82.9,2.44,9.35,0,102531.16
TWB14,Uvalde_2020_02,29.60214,-99.73007,436.7784,6/28/21,p,2021,04/30/2021 00:55 CDT,97444,18.3,83,2.16,9.35,0,102538.37
TWB14,Uvalde_2020_02,29.60214,-99.73007,436.7784,6/28/21,p,2021,04/30/2021 01:00 CDT,97442,18.28,83.4,1.675,9.35,0.04,102536.44
TWB14,Uvalde_2020_02,29.60214,-99.73007,436.7784,6/28/21,p,2021,04/30/2021 01:05 CDT,97453,18.25,83.3,1.715,9.35,0.01,102548.55
TWB14,Uvalde_2020_02,29.60214,-99.73007,436.7784,6/28/21,p,2021,04/30/2021 01:10 CDT,97451,18.26,83.4,2.16,9.35,0,102546.8
TWB14,Uvalde_2020_02,29.60214,-99.73007,436.7784,6/28/21,p,2021,04/30/2021 01:15 CDT,97442,18.27,83.3,2.57,9.35,0,102537.15
TWB14,Uvalde_2020_02,29.60214,-99.73007,436.7784,6/28/21,p,2021,04/30/2021 01:20 CDT,97430,18.27,83.4,2.425,9.35,0,102524.53
TWB14,Uvalde_2020_02,29.60214,-99.73007,436.7784,6/28/21,p,2021,04/30/2021 01:25 CDT,97430,18.23,83.8,2.045,9.35,0,102524.88
TWB14,Uvalde_2020_02,29.60214,-99.73007,436.7784,6/28/21,p,2021,04/30/2021 01:30 CDT,97421,18.19,84.2,2.805,9.35,0,102515.94
TWB14,Uvalde_2020_02,29.60214,-99.73007,436.7784,6/28/21,p,2021,04/30/2021 01:35 CDT,97417,18.15,84.2,2.995,9.35,0,102512.63
TWB14,Uvalde_2020_02,29.60214,-99.73007,436.7784,6/28/21,p,2021,04/30/2021 01:40 CDT,97405,18.11,84.2,2.985,9.35,0,102500.9
TWB14,Uvalde_2020_02,29.60214,-99.73007,436.7784,6/28/21,p,2021,04/30/2021 01:45 CDT,97386,18.1,84.2,3.085,9.35,0,102481.08
TWB14,Uvalde_2020_02,29.60214,-99.73007,436.7784,6/28/21,p,2021,04/30/2021 01:50 CDT,97408,18.08,84.1,2.335,9.35,0,102504.59
TWB14,Uvalde_2020_02,29.60214,-99.73007,436.7784,6/28/21,p,2021,04/30/2021 01:55 CDT,97414,18.09,84.1,1.52,9.35,0,102510.73
TWB14,Uvalde_2020_02,29.60214,-99.73007,436.7784,6/28/21,p,2021,04/30/2021 02:00 CDT,97389,18.07,84.4,2.095,9.35,0,102484.42
TWB14,Uvalde_2020_02,29.60214,-99.73007,436.7784,6/28/21,p,2021,04/30/2021 02:05 CDT,97393,18.05,84.1,2.43,9.35,0,102489.52
TWB14,Uvalde_2020_02,29.60214,-99.73007,436.7784,6/28/21,p,2021,04/30/2021 02:10 CDT,97382,18.08,84.2,2.665,9.35,0,102477.41
TWB14,Uvalde_2020_02,29.60214,-99.73007,436.7784,6/28/21,p,2021,04/30/2021 02:15 CDT,97367,18.05,84.3,2.93,9.35,0,102462.34
TWB14,Uvalde_2020_02,29.60214,-99.73007,436.7784,6/28/21,p,2021,04/30/2021 02:20 CDT,97369,18.02,84.4,2.5,9.35,0,102464.8
TWB14,Uvalde_2020_02,29.60214,-99.73007,436.7784,6/28/21,p,2021,04/30/2021 02:25 CDT,97383,18,84.6,2.22,9.35,0,102480.07
TWB14,Uvalde_2020_02,29.60214,-99.73007,436.7784,6/28/21,p,2021,04/30/2021 02:30 CDT,97395,18.05,84.2,2.825,9.35,0,102492.16
TWB14,Uvalde_2020_02,29.60214,-99.73007,436.7784,6/28/21,p,2021,04/30/2021 02:35 CDT,97388,18.06,84.5,2.245,9.35,0,102484.26
TWB14,Uvalde_2020_02,29.60214,-99.73007,436.7784,6/28/21,p,2021,04/30/2021 02:40 CDT,97383,18.03,84.4,1.29,9.35,0,102479
TWB14,Uvalde_2020_02,29.60214,-99.73007,436.7784,6/28/21,p,2021,04/30/2021 02:45 CDT,97390,18.09,84.1,1.97,9.35,0,102485.83
TWB14,Uvalde_2020_02,29.60214,-99.73007,436.7784,6/28/21,p,2021,04/30/2021 02:50 CDT,97379,18.16,84,1.645,9.35,0,102473
TWB14,Uvalde_2020_02,29.60214,-99.73007,436.7784,6/28/21,p,2021,04/30/2021 02:55 CDT,97371,18.17,84.2,2.79,9.35,0,102464.04
TWB14,Uvalde_2020_02,29.60214,-99.73007,436.7784,6/28/21,p,2021,04/30/2021 03:00 CDT,97373,18.1,84.8,2.31,9.35,0,102467.04
TWB14,Uvalde_2020_02,29.60214,-99.73007,436.7784,6/28/21,p,2021,04/30/2021 03:05 CDT,97364,18.03,85.3,2.46,9.35,0,102458.82
TWB14,Uvalde_2020_02,29.60214,-99.73007,436.7784,6/28/21,p,2021,04/30/2021 03:10 CDT,97369,18,85.1,2.785,9.35,0,102464.98
TWB14,Uvalde_2020_02,29.60214,-99.73007,436.7784,6/28/21,p,2021,04/30/2021 03:15 CDT,97369,18.03,84.8,2.7,9.35,0,102464.62
TWB14,Uvalde_2020_02,29.60214,-99.73007,436.7784,6/28/21,p,2021,04/30/2021 03:20 CDT,97377,18.05,84.9,2.36,9.35,0,102472.68
TWB14,Uvalde_2020_02,29.60214,-99.73007,436.7784,6/28/21,p,2021,04/30/2021 03:25 CDT,97392,18.07,84.8,2.59,9.35,0,102488.11
TWB14,Uvalde_2020_02,29.60214,-99.73007,436.7784,6/28/21,p,2021,04/30/2021 03:30 CDT,97387,18.09,84.7,3.04,9.35,0,102482.31
TWB14,Uvalde_2020_02,29.60214,-99.73007,436.7784,6/28/21,p,2021,04/30/2021 03:35 CDT,97374,18.09,85,3,9.35,0,102468.45
TWB14,Uvalde_2020_02,29.60214,-99.73007,436.7784,6/28/21,p,2021,04/30/2021 03:40 CDT,97359,18.08,85.1,2.71,9.35,0,102452.84
TWB14,Uvalde_2020_02,29.60214,-99.73007,436.7784,6/28/21,p,2021,04/30/2021 03:45 CDT,97356,18.06,84.8,3.85,9.35,0,102450.22
TWB14,Uvalde_2020_02,29.60214,-99.73007,436.7784,6/28/21,p,2021,04/30/2021 03:50 CDT,97353,18.06,84.9,3.63,9.35,0,102447.07
TWB14,Uvalde_2020_02,29.60214,-99.73007,436.7784,6/28/21,p,2021,04/30/2021 03:55 CDT,97350,18.05,84.9,3.59,9.35,0,102444.27
TWB14,Uvalde_2020_02,29.60214,-99.73007,436.7784,6/28/21,p,2021,04/30/2021 04:00 CDT,97330,18.05,84.9,4.5,9.35,0,102423.22
TWB14,Uvalde_2020_02,29.60214,-99.73007,436.7784,6/28/21,p,2021,04/30/2021 04:05 CDT,97310,18,85,4.125,9.35,0,102403.07
TWB14,Uvalde_2020_02,29.60214,-99.73007,436.7784,6/28/21,p,2021,04/30/2021 04:10 CDT,97313,17.98,85.1,3.3,9.35,0,102406.58
TWB14,Uvalde_2020_02,29.60214,-99.73007,436.7784,6/28/21,p,2021,04/30/2021 04:15 CDT,97318,17.98,85,2.595,9.35,0,102411.84
TWB14,Uvalde_2020_02,29.60214,-99.73007,436.7784,6/28/21,p,2021,04/30/2021 04:20 CDT,97327,17.98,85.1,1.84,9.35,0,102421.31
TWB14,Uvalde_2020_02,29.60214,-99.73007,436.7784,6/28/21,p,2021,04/30/2021 04:25 CDT,97329,17.99,84.9,2.575,9.35,0,102423.42
TWB14,Uvalde_2020_02,29.60214,-99.73007,436.7784,6/28/21,p,2021,04/30/2021 04:30 CDT,97316,17.99,85,3.035,9.35,0,102409.74
TWB14,Uvalde_2020_02,29.60214,-99.73007,436.7784,6/28/21,p,2021,04/30/2021 04:35 CDT,97331,17.98,85.3,3.365,9.35,0,102425.52
TWB14,Uvalde_2020_02,29.60214,-99.73007,436.7784,6/28/21,p,2021,04/30/2021 04:40 CDT,97320,17.99,85.1,4.285,9.35,0.03,102413.95
TWB14,Uvalde_2020_02,29.60214,-99.73007,436.7784,6/28/21,p,2021,04/30/2021 04:45 CDT,97304,17.9,87.3,3.685,9.35,8.78,102397.99
TWB14,Uvalde_2020_02,29.60214,-99.73007,436.7784,6/28/21,p,2021,04/30/2021 04:50 CDT,97299,17.73,87.7,4.365,9.35,2.98,102396.49
TWB14,Uvalde_2020_02,29.60214,-99.73007,436.7784,6/28/21,p,2021,04/30/2021 04:55 CDT,97290,17.73,87.6,5.56,9.35,0.49,102387.74
TWB14,Uvalde_2020_02,29.60214,-99.73007,436.7784,6/28/21,p,2021,04/30/2021 05:00 CDT,97285,17.72,87.5,4.845,9.35,0,102382.48
TWB14,Uvalde_2020_02,29.60214,-99.73007,436.7784,6/28/21,p,2021,04/30/2021 05:05 CDT,97267,17.7,88.1,4.835,9.35,2.15,102363.71
TWB14,Uvalde_2020_02,29.60214,-99.73007,436.7784,6/28/21,p,2021,04/30/2021 05:10 CDT,97250,17.52,89.3,5.415,10.85,3.26,102348.5
TWB14,Uvalde_2020_02,29.60214,-99.73007,436.7784,6/28/21,p,2021,04/30/2021 05:15 CDT,97231,17.26,91.3,4.715,10.85,1.32,102332.62
TWB14,Uvalde_2020_02,29.60214,-99.73007,436.7784,6/28/21,p,2021,04/30/2021 05:20 CDT,97246,17.13,91.5,4.14,10.85,0.6,102351.29
TWB14,Uvalde_2020_02,29.60214,-99.73007,436.7784,6/28/21,p,2021,04/30/2021 05:25 CDT,97286,17.15,91.3,3.445,10.85,0.19,102393.93
TWB14,Uvalde_2020_02,29.60214,-99.73007,436.7784,6/28/21,p,2021,04/30/2021 05:30 CDT,97306,17.16,90.9,3.425,10.85,0.09,102414.8
TWB14,Uvalde_2020_02,29.60214,-99.73007,436.7784,6/28/21,p,2021,04/30/2021 05:35 CDT,97322,17.21,90.5,4.235,10.85,0.02,102431.1
TWB14,Uvalde_2020_02,29.60214,-99.73007,436.7784,6/28/21,p,2021,04/30/2021 05:40 CDT,97310,17.19,90.8,4.225,10.85,0.53,102418.11
TWB14,Uvalde_2020_02,29.60214,-99.73007,436.7784,6/28/21,p,2021,04/30/2021 05:45 CDT,97281,17.15,91,4.72,10.85,0.8,102388.31
TWB14,Uvalde_2020_02,29.60214,-99.73007,436.7784,6/28/21,p,2021,04/30/2021 05:50 CDT,97260,17.14,91,5.095,9.935,0.47,102366.56
TWB14,Uvalde_2020_02,29.60214,-99.73007,436.7784,6/28/21,p,2021,04/30/2021 05:55 CDT,97252,17.09,91.4,4.395,9.935,0.75,102358.68
TWB14,Uvalde_2020_02,29.60214,-99.73007,436.7784,6/28/21,p,2021,04/30/2021 06:00 CDT,97258,17.09,91.4,4.98,9.935,0.72,102365.54
TWB14,Uvalde_2020_02,29.60214,-99.73007,436.7784,6/28/21,p,2021,04/30/2021 06:05 CDT,97257,17.05,91.7,4.22,9.935,0.74,102364.66
TWB14,Uvalde_2020_02,29.60214,-99.73007,436.7784,6/28/21,p,2021,04/30/2021 06:10 CDT,97260,17.06,91.5,4.14,9.935,0.77,102368
TWB14,Uvalde_2020_02,29.60214,-99.73007,436.7784,6/28/21,p,2021,04/30/2021 06:15 CDT,97255,17.08,90.6,4.86,10.6,0.69,102362.38
TWB14,Uvalde_2020_02,29.60214,-99.73007,436.7784,6/28/21,p,2021,04/30/2021 06:20 CDT,97256,17.14,90.4,3.91,9.935,0.73,102362.36
TWB14,Uvalde_2020_02,29.60214,-99.73007,436.7784,6/28/21,p,2021,04/30/2021 06:25 CDT,97259,17.14,89.9,4.005,9.935,0.94,102365.16
TWB14,Uvalde_2020_02,29.60214,-99.73007,436.7784,6/28/21,p,2021,04/30/2021 06:30 CDT,97262,17.17,89.8,3.44,9.935,0.9,102367.77
TWB14,Uvalde_2020_02,29.60214,-99.73007,436.7784,6/28/21,p,2021,04/30/2021 06:35 CDT,97262,17.18,89.6,3.225,9.935,1.02,102367.6
TWB14,Uvalde_2020_02,29.60214,-99.73007,436.7784,6/28/21,p,2021,04/30/2021 06:40 CDT,97263,17.2,89.7,3.275,9.935,1.13,102368.47
TWB14,Uvalde_2020_02,29.60214,-99.73007,436.7784,6/28/21,p,2021,04/30/2021 06:45 CDT,97273,17.2,89.2,2.835,9.935,0.98,102379
TWB14,Uvalde_2020_02,29.60214,-99.73007,436.7784,6/28/21,p,2021,04/30/2021 06:50 CDT,97273,17.26,88.4,3.26,9.935,1.08,102378.46
TWB14,Uvalde_2020_02,29.60214,-99.73007,436.7784,6/28/21,p,2021,04/30/2021 06:55 CDT,97273,17.33,88.4,2.59,9.935,1.77,102376.84
TWB14,Uvalde_2020_02,29.60214,-99.73007,436.7784,6/28/21,p,2021,04/30/2021 07:00 CDT,97282,17.33,88.4,2.66,9.935,2.55,102385.95
TWB14,Uvalde_2020_02,29.60214,-99.73007,436.7784,6/28/21,p,2021,04/30/2021 07:05 CDT,97300,17.4,87.4,3.48,9.935,2.88,102404.19
TWB14,Uvalde_2020_02,29.60214,-99.73007,436.7784,6/28/21,p,2021,04/30/2021 07:10 CDT,97317,17.49,86.8,3.375,9.935,3.79,102420.64
TWB14,Uvalde_2020_02,29.60214,-99.73007,436.7784,6/28/21,p,2021,04/30/2021 07:15 CDT,97319,17.5,87,2.94,9.935,5.58,102422.03
TWB14,Uvalde_2020_02,29.60214,-99.73007,436.7784,6/28/21,p,2021,04/30/2021 07:20 CDT,97291,17.53,86.7,4.345,9.935,8.59,102392.02
TWB14,Uvalde_2020_02,29.60214,-99.73007,436.7784,6/28/21,p,2021,04/30/2021 07:25 CDT,97283,17.52,86.9,3.72,9.935,13.78,102383.6
TWB14,Uvalde_2020_02,29.60214,-99.73007,436.7784,6/28/21,p,2021,04/30/2021 07:30 CDT,97296,17.54,86.5,3.735,9.935,18.4,102397.11
TWB14,Uvalde_2020_02,29.60214,-99.73007,436.7784,6/28/21,p,2021,04/30/2021 07:35 CDT,97330,17.6,86.3,3.24,9.935,19.62,102431.81
TWB14,Uvalde_2020_02,29.60214,-99.73007,436.7784,6/28/21,p,2021,04/30/2021 07:40 CDT,97336,17.65,86,3.54,9.935,30.71,102437.23
TWB14,Uvalde_2020_02,29.60214,-99.73007,436.7784,6/28/21,p,2021,04/30/2021 07:45 CDT,97343,17.7,86.1,2.765,9.935,39.34,102443.34
TWB14,Uvalde_2020_02,29.60214,-99.73007,436.7784,6/28/21,p,2021,04/30/2021 07:50 CDT,97343,17.75,85.3,2.91,9.935,40.88,102442.63
TWB14,Uvalde_2020_02,29.60214,-99.73007,436.7784,6/28/21,p,2021,04/30/2021 07:55 CDT,97349,17.8,85.1,3.535,9.935,37.41,102447.87
TWB14,Uvalde_2020_02,29.60214,-99.73007,436.7784,6/28/21,p,2021,04/30/2021 08:00 CDT,97368,17.82,85.3,3.41,9.935,33.7,102467.33
TWB14,Uvalde_2020_02,29.60214,-99.73007,436.7784,6/28/21,p,2021,04/30/2021 08:05 CDT,97378,17.83,85.7,2.33,9.935,30.11,102477.49
TWB14,Uvalde_2020_02,29.60214,-99.73007,436.7784,6/28/21,p,2021,04/30/2021 08:10 CDT,97395,17.85,85.1,3.46,9.935,20.32,102495.02
TWB14,Uvalde_2020_02,29.60214,-99.73007,436.7784,6/28/21,p,2021,04/30/2021 08:15 CDT,97397,17.84,85.4,2.87,8.385,20.12,102497.31
TWB14,Uvalde_2020_02,29.60214,-99.73007,436.7784,6/28/21,p,2021,04/30/2021 08:20 CDT,97391,17.82,85.5,2.86,8.385,23.91,102491.17
TWB14,Uvalde_2020_02,29.60214,-99.73007,436.7784,6/28/21,p,2021,04/30/2021 08:25 CDT,97385,17.83,85.2,3.575,8.385,27.53,102484.86
TWB14,Uvalde_2020_02,29.60214,-99.73007,436.7784,6/28/21,p,2021,04/30/2021 08:30 CDT,97398,17.85,85.1,4.175,8.385,26.73,102498.36
TWB14,Uvalde_2020_02,29.60214,-99.73007,436.7784,6/28/21,p,2021,04/30/2021 08:35 CDT,97419,17.85,85,3.255,8.385,22.84,102520.46
TWB14,Uvalde_2020_02,29.60214,-99.73007,436.7784,6/28/21,p,2021,04/30/2021 08:40 CDT,97443,17.85,85.2,2.785,8.385,17.26,102545.54
TWB14,Uvalde_2020_02,29.60214,-99.73007,436.7784,6/28/21,p,2021,04/30/2021 08:45 CDT,97442,17.86,85,3.68,8.385,20.66,102544.49
TWB14,Uvalde_2020_02,29.60214,-99.73007,436.7784,6/28/21,p,2021,04/30/2021 08:50 CDT,97447,17.86,85.1,2.62,8.385,22.65,102549.57
TWB14,Uvalde_2020_02,29.60214,-99.73007,436.7784,6/28/21,p,2021,04/30/2021 08:55 CDT,97449,17.89,84.9,2.835,8.385,24.54,102551.14
TWB14,Uvalde_2020_02,29.60214,-99.73007,436.7784,6/28/21,p,2021,04/30/2021 09:00 CDT,97437,17.91,84.6,2.86,8.385,30.95,102538.15
TWB14,Uvalde_2020_02,29.60214,-99.73007,436.7784,6/28/21,p,2021,04/30/2021 09:05 CDT,97430,17.95,84.3,2.345,8.385,31.35,102530.07
TWB14,Uvalde_2020_02,29.60214,-99.73007,436.7784,6/28/21,p,2021,04/30/2021 09:10 CDT,97426,17.99,83.8,3.505,8.715,38.1,102525.5
TWB14,Uvalde_2020_02,29.60214,-99.73007,436.7784,6/28/21,p,2021,04/30/2021 09:15 CDT,97435,18.03,83.8,2.06,8.715,38.79,102534.08
TWB14,Uvalde_2020_02,29.60214,-99.73007,436.7784,6/28/21,p,2021,04/30/2021 09:20 CDT,97432,18.07,83.4,3.6,10.535,45.03,102530.03
TWB14,Uvalde_2020_02,29.60214,-99.73007,436.7784,6/28/21,p,2021,04/30/2021 09:25 CDT,97429,18.09,83.2,3.765,10.385,46.06,102526.52
TWB14,Uvalde_2020_02,29.60214,-99.73007,436.7784,6/28/21,p,2021,04/30/2021 09:30 CDT,97434,18.11,83.3,3.28,8.715,49.48,102531.42
TWB14,Uvalde_2020_02,29.60214,-99.73007,436.7784,6/28/21,p,2021,04/30/2021 09:35 CDT,97455,18.15,82.8,3.745,8.715,48.06,102552.62
TWB14,Uvalde_2020_02,29.60214,-99.73007,436.7784,6/28/21,p,2021,04/30/2021 09:40 CDT,97489,18.17,82.6,2.54,8.715,35.41,102588.05
TWB14,Uvalde_2020_02,29.60214,-99.73007,436.7784,6/28/21,p,2021,04/30/2021 09:45 CDT,97521,18.19,82.9,1.92,8.715,28.42,102621
TWB14,Uvalde_2020_02,29.60214,-99.73007,436.7784,6/28/21,p,2021,04/30/2021 09:50 CDT,97532,18.19,82.3,2.845,8.715,33.31,102632.58
TWB14,Uvalde_2020_02,29.60214,-99.73007,436.7784,6/28/21,p,2021,04/30/2021 09:55 CDT,97551,18.2,82.6,3.22,8.13,31.14,102652.57
TWB14,Uvalde_2020_02,29.60214,-99.73007,436.7784,6/28/21,p,2021,04/30/2021 10:00 CDT,97561,18.2,82.3,2.635,8.13,29.19,102663.1
TWB14,Uvalde_2020_02,29.60214,-99.73007,436.7784,6/28/21,p,2021,04/30/2021 10:05 CDT,97571,18.2,82.7,3.42,8.13,34.71,102673.62
TWB14,Uvalde_2020_02,29.60214,-99.73007,436.7784,6/28/21,p,2021,04/30/2021 10:10 CDT,97582,18.22,82.6,2.275,8.13,39.67,102685.02
TWB14,Uvalde_2020_02,29.60214,-99.73007,436.7784,6/28/21,p,2021,04/30/2021 10:15 CDT,97593,18.23,81.9,3.175,8.13,47.45,102696.59
TWB14,Uvalde_2020_02,29.60214,-99.73007,436.7784,6/28/21,p,2021,04/30/2021 10:20 CDT,97594,18.25,82.4,2.765,8.13,59.74,102697.29
TWB14,Uvalde_2020_02,29.60214,-99.73007,436.7784,6/28/21,p,2021,04/30/2021 10:25 CDT,97583,18.31,82.1,2.44,8.13,77.26,102684.46
TWB14,Uvalde_2020_02,29.60214,-99.73007,436.7784,6/28/21,p,2021,04/30/2021 10:30 CDT,97581,18.41,81.5,2.795,8.13,102.56,102680.39
TWB14,Uvalde_2020_02,29.60214,-99.73007,436.7784,6/28/21,p,2021,04/30/2021 10:35 CDT,97578,18.5,81.3,2.445,8.13,96.26,102675.45
TWB14,Uvalde_2020_02,29.60214,-99.73007,436.7784,6/28/21,p,2021,04/30/2021 10:40 CDT,97585,18.56,81.1,2.595,8.13,100.67,102681.38
TWB14,Uvalde_2020_02,29.60214,-99.73007,436.7784,6/28/21,p,2021,04/30/2021 10:45 CDT,97594,18.57,81.1,3.045,8.13,128.72,102690.5
TWB14,Uvalde_2020_02,29.60214,-99.73007,436.7784,6/28/21,p,2021,04/30/2021 10:50 CDT,97603,18.66,80.2,2.365,8.13,96.63,102698.01
TWB14,Uvalde_2020_02,29.60214,-99.73007,436.7784,6/28/21,p,2021,04/30/2021 10:55 CDT,97602,18.66,80.2,3.275,8.13,104.76,102696.6
TWB14,Uvalde_2020_02,29.60214,-99.73007,436.7784,6/28/21,p,2021,04/30/2021 11:00 CDT,97596,18.69,79.84,2.825,8.13,167.99,102690.29
TWB14,Uvalde_2020_02,29.60214,-99.73007,436.7784,6/28/21,p,2021,04/30/2021 11:05 CDT,97588,18.87,79.16,2.03,8.13,103.72,102678.84
TWB14,Uvalde_2020_02,29.60214,-99.73007,436.7784,6/28/21,p,2021,04/30/2021 11:10 CDT,97589,18.91,79.63,1.995,8.13,107.75,102678.64
TWB14,Uvalde_2020_02,29.60214,-99.73007,436.7784,6/28/21,p,2021,04/30/2021 11:15 CDT,97581,18.9,78.28,3.355,8.13,146.39,102669.88
TWB14,Uvalde_2020_02,29.60214,-99.73007,436.7784,6/28/21,p,2021,04/30/2021 11:20 CDT,97568,18.94,78.15,2.62,8.13,162.18,102656.2
TWB14,Uvalde_2020_02,29.60214,-99.73007,436.7784,6/28/21,p,2021,04/30/2021 11:25 CDT,97553,18.96,78.32,3.31,8.13,173.15,102640.24
TWB14,Uvalde_2020_02,29.60214,-99.73007,436.7784,6/28/21,p,2021,04/30/2021 11:30 CDT,97546,19,77.68,3.075,8.13,160.96,102631.99
TWB14,Uvalde_2020_02,29.60214,-99.73007,436.7784,6/28/21,p,2021,04/30/2021 11:35 CDT,97550,19.05,77.68,2.935,8.13,156.09,102635.31
TWB14,Uvalde_2020_02,29.60214,-99.73007,436.7784,6/28/21,p,2021,04/30/2021 11:40 CDT,97553,19.13,77.41,2.525,8.13,191.58,102636.51
TWB14,Uvalde_2020_02,29.60214,-99.73007,436.7784,6/28/21,p,2021,04/30/2021 11:45 CDT,97545,19.26,77.54,2.56,8.13,199.65,102626.14
TWB14,Uvalde_2020_02,29.60214,-99.73007,436.7784,6/28/21,p,2021,04/30/2021 11:50 CDT,97541,19.34,77.53,3.44,8.13,193.77,102619.97
TWB14,Uvalde_2020_02,29.60214,-99.73007,436.7784,6/28/21,p,2021,04/30/2021 11:55 CDT,97540,19.38,76.92,2.015,8.13,134.48,102618.75
TWB14,Uvalde_2020_02,29.60214,-99.73007,436.7784,6/28/21,p,2021,04/30/2021 12:00 CDT,97542,19.38,77.6,1.8,8.13,96.23,102620.49
TWB14,Uvalde_2020_02,29.60214,-99.73007,436.7784,6/28/21,p,2021,04/30/2021 12:05 CDT,97557,19.24,78.54,2.26,8.13,81.85,102638.4
TWB14,Uvalde_2020_02,29.60214,-99.73007,436.7784,6/28/21,p,2021,04/30/2021 12:10 CDT,97567,19.2,77.93,2.29,8.13,73.37,102649.99
TWB14,Uvalde_2020_02,29.60214,-99.73007,436.7784,6/28/21,p,2021,04/30/2021 12:15 CDT,97568,19.17,78.27,1.93,8.13,68.5,102651.57
TWB14,Uvalde_2020_02,29.60214,-99.73007,436.7784,6/28/21,p,2021,04/30/2021 12:20 CDT,97567,19.16,78.04,2.165,8.13,69.78,102651.06
TWB14,Uvalde_2020_02,29.60214,-99.73007,436.7784,6/28/21,p,2021,04/30/2021 12:25 CDT,97549,19.05,78.74,2.655,8.13,77.51,102633.89
TWB14,Uvalde_2020_02,29.60214,-99.73007,436.7784,6/28/21,p,2021,04/30/2021 12:30 CDT,97537,19.03,79.42,2.27,8.13,88.88,102621.97
TWB14,Uvalde_2020_02,29.60214,-99.73007,436.7784,6/28/21,p,2021,04/30/2021 12:35 CDT,97520,19.11,79.42,1.695,8.13,105.03,102602.49
TWB14,Uvalde_2020_02,29.60214,-99.73007,436.7784,6/28/21,p,2021,04/30/2021 12:40 CDT,97531,19.14,79.08,2.13,8.13,91.42,102613.17
TWB14,Uvalde_2020_02,29.60214,-99.73007,436.7784,6/28/21,p,2021,04/30/2021 12:45 CDT,97540,19.11,79.82,2.02,8.13,76.08,102622.99
TWB14,Uvalde_2020_02,29.60214,-99.73007,436.7784,6/28/21,p,2021,04/30/2021 12:50 CDT,97534,19.11,79.96,2.245,8.13,80.24,102616.5
TWB14,Uvalde_2020_02,29.60214,-99.73007,436.7784,6/28/21,p,2021,04/30/2021 12:55 CDT,97509,19.1,79.65,2.515,8.13,104.24,102591.09
TWB14,Uvalde_2020_02,29.60214,-99.73007,436.7784,6/28/21,p,2021,04/30/2021 13:00 CDT,97490,19.21,78.94,1.705,8.13,140.78,102569.86
TWB14,Uvalde_2020_02,29.60214,-99.73007,436.7784,6/28/21,p,2021,04/30/2021 13:05 CDT,97496,19.34,78.61,2.065,8.13,139.65,102573.87
TWB14,Uvalde_2020_02,29.60214,-99.73007,436.7784,6/28/21,p,2021,04/30/2021 13:10 CDT,97495,19.4,79.39,2.225,8.13,115.55,102570.33
TWB14,Uvalde_2020_02,29.60214,-99.73007,436.7784,6/28/21,p,2021,04/30/2021 13:15 CDT,97488,19.38,79.15,2.545,8.13,227.03,102562.96
TWB14,Uvalde_2020_02,29.60214,-99.73007,436.7784,6/28/21,p,2021,04/30/2021 13:20 CDT,97494,19.47,79.18,2.59,8.13,180.04,102567.68
TWB14,Uvalde_2020_02,29.60214,-99.73007,436.7784,6/28/21,p,2021,04/30/2021 13:25 CDT,97512,19.5,79.45,2.455,8.13,127.39,102585.55
TWB14,Uvalde_2020_02,29.60214,-99.73007,436.7784,6/28/21,p,2021,04/30/2021 13:30 CDT,97512,19.4,80,2.875,8.13,99.65,102587.14
TWB14,Uvalde_2020_02,29.60214,-99.73007,436.7784,6/28/21,p,2021,04/30/2021 13:35 CDT,97484,19.33,81.6,2.65,8.13,150.32,102560.16
TWB14,Uvalde_2020_02,29.60214,-99.73007,436.7784,6/28/21,p,2021,04/30/2021 13:40 CDT,97464,19.53,79.65,2.62,8.13,225.98,102536.11
TWB14,Uvalde_2020_02,29.60214,-99.73007,436.7784,6/28/21,p,2021,04/30/2021 13:45 CDT,97483,19.43,83.1,3.07,8.13,231.12,102556.79
TWB14,Uvalde_2020_02,29.60214,-99.73007,436.7784,6/28/21,p,2021,04/30/2021 13:50 CDT,97488,19.31,83.9,2.395,8.13,224.14,102564.88
TWB14,Uvalde_2020_02,29.60214,-99.73007,436.7784,6/28/21,p,2021,04/30/2021 13:55 CDT,97482,19.25,86.9,2.36,8.13,195.8,102559.8
TWB14,Uvalde_2020_02,29.60214,-99.73007,436.7784,6/28/21,p,2021,04/30/2021 14:00 CDT,97461,19.17,83.8,2.31,8.13,170.12,102538.25
TWB14,Uvalde_2020_02,29.60214,-99.73007,436.7784,6/28/21,p,2021,04/30/2021 14:05 CDT,97453,19.16,85.4,2.005,8.13,168.98,102530.54
TWB14,Uvalde_2020_02,29.60214,-99.73007,436.7784,6/28/21,p,2021,04/30/2021 14:10 CDT,97443,19.21,83.5,2.645,8.13,222.34,102519.32
TWB14,Uvalde_2020_02,29.60214,-99.73007,436.7784,6/28/21,p,2021,04/30/2021 14:15 CDT,97435,19.27,82.8,2.855,8.13,133.33,102509.13
TWB14,Uvalde_2020_02,29.60214,-99.73007,436.7784,6/28/21,p,2021,04/30/2021 14:20 CDT,97445,19.25,83.3,2.69,8.13,88.58,102520
TWB14,Uvalde_2020_02,29.60214,-99.73007,436.7784,6/28/21,p,2021,04/30/2021 14:25 CDT,97455,19.18,84.7,2.7,8.13,62.53,102532.11
TWB14,Uvalde_2020_02,29.60214,-99.73007,436.7784,6/28/21,p,2021,04/30/2021 14:30 CDT,97465,19.16,84,2.82,8.13,54.63,102543.17
TWB14,Uvalde_2020_02,29.60214,-99.73007,436.7784,6/28/21,p,2021,04/30/2021 14:35 CDT,97478,19.09,82.9,2.825,8.13,63.47,102558.45
TWB14,Uvalde_2020_02,29.60214,-99.73007,436.7784,6/28/21,p,2021,04/30/2021 14:40 CDT,97484,19.13,83.9,1.995,8.13,90.26,102564.41
TWB14,Uvalde_2020_02,29.60214,-99.73007,436.7784,6/28/21,p,2021,04/30/2021 14:45 CDT,97469,19.22,84.2,2.015,8.13,140.96,102547.38
TWB14,Uvalde_2020_02,29.60214,-99.73007,436.7784,6/28/21,p,2021,04/30/2021 14:50 CDT,97444,19.32,85.8,2.13,8.13,184,102519.65
TWB14,Uvalde_2020_02,29.60214,-99.73007,436.7784,6/28/21,p,2021,04/30/2021 14:55 CDT,97436,19.16,86.6,3.025,8.13,252.85,102512.64
TWB14,Uvalde_2020_02,29.60214,-99.73007,436.7784,6/28/21,p,2021,04/30/2021 15:00 CDT,97442,19.1,87.5,2.34,8.13,211.39,102520.37
TWB14,Uvalde_2020_02,29.60214,-99.73007,436.7784,6/28/21,p,2021,04/30/2021 15:05 CDT,97414,19.01,89.2,2.48,8.13,238.74,102492.5
TWB14,Uvalde_2020_02,29.60214,-99.73007,436.7784,6/28/21,p,2021,04/30/2021 15:10 CDT,97401,19.1,87.3,2.135,8.13,210.46,102477.24
TWB14,Uvalde_2020_02,29.60214,-99.73007,436.7784,6/28/21,p,2021,04/30/2021 15:15 CDT,97382,19.11,88.8,1.965,8.13,185.69,102457.41
TWB14,Uvalde_2020_02,29.60214,-99.73007,436.7784,6/28/21,p,2021,04/30/2021 15:20 CDT,97378,19.2,88.7,2.465,8.13,142.42,102451.79
TWB14,Uvalde_2020_02,29.60214,-99.73007,436.7784,6/28/21,p,2021,04/30/2021 15:25 CDT,97372,19.26,88.6,2.47,8.13,139.8,102444.94
TWB14,Uvalde_2020_02,29.60214,-99.73007,436.7784,6/28/21,p,2021,04/30/2021 15:30 CDT,97366,19.34,87.3,2.82,8.13,154.82,102436.51
TWB14,Uvalde_2020_02,29.60214,-99.73007,436.7784,6/28/21,p,2021,04/30/2021 15:35 CDT,97367,19.4,86.4,2.66,8.13,121.64,102436.5
TWB14,Uvalde_2020_02,29.60214,-99.73007,436.7784,6/28/21,p,2021,04/30/2021 15:40 CDT,97368,19.47,87,2.365,8.13,79.05,102436.13
TWB14,Uvalde_2020_02,29.60214,-99.73007,436.7784,6/28/21,p,2021,04/30/2021 15:45 CDT,97367,19.45,87.2,2.56,8.13,60.1,102435.26
TWB14,Uvalde_2020_02,29.60214,-99.73007,436.7784,6/28/21,p,2021,04/30/2021 15:50 CDT,97366,19.43,87.2,2.17,8.13,69.27,102435.09
TWB14,Uvalde_2020_02,29.60214,-99.73007,436.7784,6/28/21,p,2021,04/30/2021 15:55 CDT,97365,19.52,87.4,2.33,8.13,71.83,102432.98
TWB14,Uvalde_2020_02,29.60214,-99.73007,436.7784,6/28/21,p,2021,04/30/2021 16:00 CDT,97370,19.58,85,2.75,8.13,61.76,102437.01
TWB14,Uvalde_2020_02,29.60214,-99.73007,436.7784,6/28/21,p,2021,04/30/2021 16:05 CDT,97375,19.59,85,1.995,8.13,43.11,102442.27
TWB14,Uvalde_2020_02,29.60214,-99.73007,436.7784,6/28/21,p,2021,04/30/2021 16:10 CDT,97371,19.6,86,1.775,8.13,48.46,102437.88
TWB14,Uvalde_2020_02,29.60214,-99.73007,436.7784,6/28/21,p,2021,04/30/2021 16:15 CDT,97370,19.68,86.6,1.575,8.13,65.16,102435.59
TWB14,Uvalde_2020_02,29.60214,-99.73007,436.7784,6/28/21,p,2021,04/30/2021 16:20 CDT,97364,19.8,86,1.81,8.13,63.37,102427.16
TWB14,Uvalde_2020_02,29.60214,-99.73007,436.7784,6/28/21,p,2021,04/30/2021 16:25 CDT,97353,19.87,85.4,2.125,8.13,82.84,102414.7
TWB14,Uvalde_2020_02,29.60214,-99.73007,436.7784,6/28/21,p,2021,04/30/2021 16:30 CDT,97352,19.98,84.3,1.675,8.13,87.97,102411.19
TWB14,Uvalde_2020_02,29.60214,-99.73007,436.7784,6/28/21,p,2021,04/30/2021 16:35 CDT,97347,20.07,84.3,2.035,8.13,101.87,102404.34
TWB14,Uvalde_2020_02,29.60214,-99.73007,436.7784,6/28/21,p,2021,04/30/2021 16:40 CDT,97329,20.16,83.5,2.13,8.13,82.92,102383.82
TWB14,Uvalde_2020_02,29.60214,-99.73007,436.7784,6/28/21,p,2021,04/30/2021 16:45 CDT,97326,20.2,83.4,1.965,8.13,81.04,102379.79
TWB14,Uvalde_2020_02,29.60214,-99.73007,436.7784,6/28/21,p,2021,04/30/2021 16:50 CDT,97330,20.25,82.9,2.265,8.13,97.97,102382.59
TWB14,Uvalde_2020_02,29.60214,-99.73007,436.7784,6/28/21,p,2021,04/30/2021 16:55 CDT,97333,20.24,84.2,2.1,8.13,88.95,102385.38
TWB14,Uvalde_2020_02,29.60214,-99.73007,436.7784,6/28/21,p,2021,04/30/2021 17:00 CDT,97351,20.2,84.5,2.355,8.13,87.51,102404.67
TWB14,Uvalde_2020_02,29.60214,-99.73007,436.7784,6/28/21,p,2021,04/30/2021 17:05 CDT,97353,20.19,84.7,2.005,8.13,72.3,102407.47
TWB14,Uvalde_2020_02,29.60214,-99.73007,436.7784,6/28/21,p,2021,04/30/2021 17:10 CDT,97352,20.16,83.9,2.315,8.13,60.75,102406.6
TWB14,Uvalde_2020_02,29.60214,-99.73007,436.7784,6/28/21,p,2021,04/30/2021 17:15 CDT,97348,19.98,83.4,2.885,8.13,52.49,102405.4
TWB14,Uvalde_2020_02,29.60214,-99.73007,436.7784,6/28/21,p,2021,04/30/2021 17:20 CDT,97327,19.87,84.3,2.55,8.13,50.03,102385.95
TWB14,Uvalde_2020_02,29.60214,-99.73007,436.7784,6/28/21,p,2021,04/30/2021 17:25 CDT,97322,19.89,84.5,2.765,8.13,109.36,102380.86
TWB14,Uvalde_2020_02,29.60214,-99.73007,436.7784,6/28/21,p,2021,04/30/2021 17:30 CDT,97301,20.07,83.9,2.55,8.13,147.99,102355.95
TWB14,Uvalde_2020_02,29.60214,-99.73007,436.7784,6/28/21,p,2021,04/30/2021 17:35 CDT,97300,20.21,83.3,3.16,8.13,150.07,102351.56
TWB14,Uvalde_2020_02,29.60214,-99.73007,436.7784,6/28/21,p,2021,04/30/2021 17:40 CDT,97316,20.23,82.9,3.035,8.13,95.35,102367.33
TWB14,Uvalde_2020_02,29.60214,-99.73007,436.7784,6/28/21,p,2021,04/30/2021 17:45 CDT,97304,20.08,83.9,2.56,8.13,84.22,102357.34
TWB14,Uvalde_2020_02,29.60214,-99.73007,436.7784,6/28/21,p,2021,04/30/2021 17:50 CDT,97316,20.05,83.9,2.255,8.13,57.54,102370.67
TWB14,Uvalde_2020_02,29.60214,-99.73007,436.7784,6/28/21,p,2021,04/30/2021 17:55 CDT,97324,19.91,83.9,2.665,8.13,49.12,102381.2
TWB14,Uvalde_2020_02,29.60214,-99.73007,436.7784,6/28/21,p,2021,04/30/2021 18:00 CDT,97325,19.81,84.2,2.25,8.13,40.76,102384.9
TWB14,Uvalde_2020_02,29.60214,-99.73007,436.7784,6/28/21,p,2021,04/30/2021 18:05 CDT,97324,19.81,84.5,2.315,8.13,52.94,102384.2
TWB14,Uvalde_2020_02,29.60214,-99.73007,436.7784,6/28/21,p,2021,04/30/2021 18:10 CDT,97325,19.84,84.5,2.19,8.13,76.08,102384.9
TWB14,Uvalde_2020_02,29.60214,-99.73007,436.7784,6/28/21,p,2021,04/30/2021 18:15 CDT,97326,19.94,84.4,2.295,8.13,91.32,102384.36
TWB14,Uvalde_2020_02,29.60214,-99.73007,436.7784,6/28/21,p,2021,04/30/2021 18:20 CDT,97325,20.06,84.5,2.145,8.13,96.25,102381.02
TWB14,Uvalde_2020_02,29.60214,-99.73007,436.7784,6/28/21,p,2021,04/30/2021 18:25 CDT,97335,20.19,83.6,1.8,8.13,57.5,102388.9
TWB14,Uvalde_2020_02,29.60214,-99.73007,436.7784,6/28/21,p,2021,04/30/2021 18:30 CDT,97339,20.18,83,1.41,8.13,24.41,102392.76
TWB14,Uvalde_2020_02,29.60214,-99.73007,436.7784,6/28/21,p,2021,04/30/2021 18:35 CDT,97332,20.09,83.5,1.14,8.13,15.66,102386.98
TWB14,Uvalde_2020_02,29.60214,-99.73007,436.7784,6/28/21,p,2021,04/30/2021 18:40 CDT,97340,20.06,84,0.695,8.13,12.9,102396.45
TWB14,Uvalde_2020_02,29.60214,-99.73007,436.7784,6/28/21,p,2021,04/30/2021 18:45 CDT,97349,20.1,84.5,0.16,8.13,22.11,102405.74
TWB14,Uvalde_2020_02,29.60214,-99.73007,436.7784,6/28/21,p,2021,04/30/2021 18:50 CDT,97344,20.21,83.7,0.935,8.13,34.42,102398.89
TWB14,Uvalde_2020_02,29.60214,-99.73007,436.7784,6/28/21,p,2021,04/30/2021 18:55 CDT,97334,20.38,83.3,1.265,8.13,40.19,102386.09
TWB14,Uvalde_2020_02,29.60214,-99.73007,436.7784,6/28/21,p,2021,04/30/2021 19:00 CDT,97338,20.45,82.9,1.77,8.13,20.08,102388.89
TWB14,Uvalde_2020_02,29.60214,-99.73007,436.7784,6/28/21,p,2021,04/30/2021 19:05 CDT,97344,20.33,86.4,1.355,8.13,27,102395.53
TWB14,Uvalde_2020_02,29.60214,-99.73007,436.7784,6/28/21,p,2021,04/30/2021 19:10 CDT,97343,19.89,88.8,0.935,8.13,32.45,102400.1
TWB14,Uvalde_2020_02,29.60214,-99.73007,436.7784,6/28/21,p,2021,04/30/2021 19:15 CDT,97340,19.55,90.7,1.255,8.13,36.24,102402.41
TWB14,Uvalde_2020_02,29.60214,-99.73007,436.7784,6/28/21,p,2021,04/30/2021 19:20 CDT,97333,19.35,91.6,1.07,8.13,48.8,102398.58
TWB14,Uvalde_2020_02,29.60214,-99.73007,436.7784,6/28/21,p,2021,04/30/2021 19:25 CDT,97338,19.25,92.8,0.35,8.13,38.1,102406.66
TWB14,Uvalde_2020_02,29.60214,-99.73007,436.7784,6/28/21,p,2021,04/30/2021 19:30 CDT,97340,19.21,92.8,0.18,8.13,23.02,102409.65
TWB14,Uvalde_2020_02,29.60214,-99.73007,436.7784,6/28/21,p,2021,04/30/2021 19:35 CDT,97348,19.13,92.8,0.54,8.13,19,102419.31
TWB14,Uvalde_2020_02,29.60214,-99.73007,436.7784,6/28/21,p,2021,04/30/2021 19:40 CDT,97358,19.05,93.7,0.795,8.13,14.45,102431.78
TWB14,Uvalde_2020_02,29.60214,-99.73007,436.7784,6/28/21,p,2021,04/30/2021 19:45 CDT,97363,18.99,93.8,0.53,8.13,7.51,102438.46
TWB14,Uvalde_2020_02,29.60214,-99.73007,436.7784,6/28/21,p,2021,04/30/2021 19:50 CDT,97360,18.95,94,0.665,8.13,7.82,102436.37
TWB14,Uvalde_2020_02,29.60214,-99.73007,436.7784,6/28/21,p,2021,04/30/2021 19:55 CDT,97335,18.94,94.1,0.52,8.13,12.68,102410.77
TWB14,Uvalde_2020_02,29.60214,-99.73007,436.7784,6/28/21,p,2021,04/30/2021 20:00 CDT,97326,18.96,94.4,0.14,8.13,12.63,102401.13
TWB14,Uvalde_2020_02,29.60214,-99.73007,436.7784,6/28/21,p,2021,04/30/2021 20:05 CDT,97325,18.95,94.3,0.76,8.13,10.68,102400.07
TWB14,Uvalde_2020_02,29.60214,-99.73007,436.7784,6/28/21,p,2021,04/30/2021 20:10 CDT,97314,18.96,94.5,1.01,8.13,6.96,102388.68
TWB14,Uvalde_2020_02,29.60214,-99.73007,436.7784,6/28/21,p,2021,04/30/2021 20:15 CDT,97302,18.95,94.4,1.095,8.13,2.53,102376.59
TWB14,Uvalde_2020_02,29.60214,-99.73007,436.7784,6/28/21,p,2021,04/30/2021 20:20 CDT,97295,18.94,94.7,0.515,8.13,0.41,102369.93
TWB14,Uvalde_2020_02,29.60214,-99.73007,436.7784,6/28/21,p,2021,04/30/2021 20:25 CDT,97284,18.92,94.5,0.35,8.13,0.31,102358.36
TWB14,Uvalde_2020_02,29.60214,-99.73007,436.7784,6/28/21,p,2021,04/30/2021 20:30 CDT,97283,18.85,94.6,0.27,8.13,0.23,102358.37
TWB14,Uvalde_2020_02,29.60214,-99.73007,436.7784,6/28/21,p,2021,04/30/2021 20:35 CDT,97288,18.86,94.8,0.445,8.13,0,102363.99
TWB14,Uvalde_2020_02,29.60214,-99.73007,436.7784,6/28/21,p,2021,04/30/2021 20:40 CDT,97291,18.85,94.9,0.035,8.13,0,102367.32
TWB14,Uvalde_2020_02,29.60214,-99.73007,436.7784,6/28/21,p,2021,04/30/2021 20:45 CDT,97294,18.79,94.7,0.03,8.13,0.07,102370.83
TWB14,Uvalde_2020_02,29.60214,-99.73007,436.7784,6/28/21,p,2021,04/30/2021 20:50 CDT,97296,18.76,94.8,0,8.13,0,102373.47
TWB14,Uvalde_2020_02,29.60214,-99.73007,436.7784,6/28/21,p,2021,04/30/2021 20:55 CDT,97296,18.76,95.1,0.435,8.13,0,102373.47
TWB14,Uvalde_2020_02,29.60214,-99.73007,436.7784,6/28/21,p,2021,04/30/2021 21:00 CDT,97299,18.74,95,0.45,8.13,0.07,102376.98
TWB14,Uvalde_2020_02,29.60214,-99.73007,436.7784,6/28/21,p,2021,04/30/2021 21:05 CDT,97307,18.72,94.7,0.46,8.13,0.22,102386.29
TWB14,Uvalde_2020_02,29.60214,-99.73007,436.7784,6/28/21,p,2021,04/30/2021 21:10 CDT,97327,18.75,95,0.045,8.13,0,102407.51
TWB14,Uvalde_2020_02,29.60214,-99.73007,436.7784,6/28/21,p,2021,04/30/2021 21:15 CDT,97333,18.75,95.2,0.005,8.13,0,102413.47
TWB14,Uvalde_2020_02,29.60214,-99.73007,436.7784,6/28/21,p,2021,04/30/2021 21:20 CDT,97345,18.73,95.3,0,8.13,0,102426.09
TWB14,Uvalde_2020_02,29.60214,-99.73007,436.7784,6/28/21,p,2021,04/30/2021 21:25 CDT,97356,18.68,95.1,0.09,8.13,0.06,102437.67
TWB14,Uvalde_2020_02,29.60214,-99.73007,436.7784,6/28/21,p,2021,04/30/2021 21:30 CDT,97357,18.65,95.2,0.305,8.13,0.01,102439.97
TWB14,Uvalde_2020_02,29.60214,-99.73007,436.7784,6/28/21,p,2021,04/30/2021 21:35 CDT,97362,18.63,95.3,0.28,8.13,0,102446.12
TWB14,Uvalde_2020_02,29.60214,-99.73007,436.7784,6/28/21,p,2021,04/30/2021 21:40 CDT,97367,18.61,95.7,0.44,8.13,0,102451.56
TWB14,Uvalde_2020_02,29.60214,-99.73007,436.7784,6/28/21,p,2021,04/30/2021 21:45 CDT,97373,18.6,95.8,0.88,8.13,0,102457.87
TWB14,Uvalde_2020_02,29.60214,-99.73007,436.7784,6/28/21,p,2021,04/30/2021 21:50 CDT,97385,18.6,95.9,0.065,8.13,0,102470.49
TWB14,Uvalde_2020_02,29.60214,-99.73007,436.7784,6/28/21,p,2021,04/30/2021 21:55 CDT,97381,18.61,95.9,0.09,8.13,0,102465.57
TWB14,Uvalde_2020_02,29.60214,-99.73007,436.7784,6/28/21,p,2021,04/30/2021 22:00 CDT,97370,18.56,95.8,0.12,8.13,0,102454.53
TWB14,Uvalde_2020_02,29.60214,-99.73007,436.7784,6/28/21,p,2021,04/30/2021 22:05 CDT,97369,18.52,95.6,0.17,8.13,0.24,102454.37
TWB14,Uvalde_2020_02,29.60214,-99.73007,436.7784,6/28/21,p,2021,04/30/2021 22:10 CDT,97363,18.54,96,0.65,8.13,0,102448.59
TWB14,Uvalde_2020_02,29.60214,-99.73007,436.7784,6/28/21,p,2021,04/30/2021 22:15 CDT,97382,18.52,95.8,0,8.13,0,102468.59
TWB14,Uvalde_2020_02,29.60214,-99.73007,436.7784,6/28/21,p,2021,04/30/2021 22:20 CDT,97385,18.47,95.9,0.005,8.13,0.07,102472.81
TWB14,Uvalde_2020_02,29.60214,-99.73007,436.7784,6/28/21,p,2021,04/30/2021 22:25 CDT,97383,18.45,95.9,0.055,8.13,0,102470.89
TWB14,Uvalde_2020_02,29.60214,-99.73007,436.7784,6/28/21,p,2021,04/30/2021 22:30 CDT,97378,18.41,95.5,0.26,8.13,0.21,102465.99
TWB14,Uvalde_2020_02,29.60214,-99.73007,436.7784,6/28/21,p,2021,04/30/2021 22:35 CDT,97386,18.41,95.3,0.28,8.13,0.1,102476.19
TWB14,Uvalde_2020_02,29.60214,-99.73007,436.7784,6/28/21,p,2021,04/30/2021 22:40 CDT,97387,18.48,95.2,0.025,8.13,0,102477.96
TWB14,Uvalde_2020_02,29.60214,-99.73007,436.7784,6/28/21,p,2021,04/30/2021 22:45 CDT,97398,18.48,95.2,0.05,8.13,0,102489.18
TWB14,Uvalde_2020_02,29.60214,-99.73007,436.7784,6/28/21,p,2021,04/30/2021 22:50 CDT,97400,18.5,95.4,0,8.13,0,102491.46
TWB14,Uvalde_2020_02,29.60214,-99.73007,436.7784,6/28/21,p,2021,04/30/2021 22:55 CDT,97408,18.51,95.6,0,8.13,0,102499.52
TWB14,Uvalde_2020_02,29.60214,-99.73007,436.7784,6/28/21,p,2021,04/30/2021 23:00 CDT,97406,18.46,95.8,0,8.13,0,102497.23
TWB14,Uvalde_2020_02,29.60214,-99.73007,436.7784,6/28/21,p,2021,04/30/2021 23:05 CDT,97412,18.44,95.8,0,8.13,0,102503.01
TWB14,Uvalde_2020_02,29.60214,-99.73007,436.7784,6/28/21,p,2021,04/30/2021 23:10 CDT,97416,18.41,95.8,0.01,8.13,0,102507.22
TWB14,Uvalde_2020_02,29.60214,-99.73007,436.7784,6/28/21,p,2021,04/30/2021 23:15 CDT,97429,18.27,95.8,0.285,8.13,0.43,102522.33
TWB14,Uvalde_2020_02,29.60214,-99.73007,436.7784,6/28/21,p,2021,04/30/2021 23:20 CDT,97433,18.18,95.8,0.14,8.13,0.74,102528.33
TWB14,Uvalde_2020_02,29.60214,-99.73007,436.7784,6/28/21,p,2021,04/30/2021 23:25 CDT,97423,18.13,95.8,0.015,8.13,0.79,102519.41
TWB14,Uvalde_2020_02,29.60214,-99.73007,436.7784,6/28/21,p,2021,04/30/2021 23:30 CDT,97416,18.04,95.7,0,8.13,0.8,102513.66
TWB14,Uvalde_2020_02,29.60214,-99.73007,436.7784,6/28/21,p,2021,04/30/2021 23:35 CDT,97399,17.9,95.8,0,8.13,0.03,102497.92
TWB14,Uvalde_2020_02,29.60214,-99.73007,436.7784,6/28/21,p,2021,04/30/2021 23:40 CDT,97391,17.69,96,0.055,8.13,0.49,102493.26
TWB14,Uvalde_2020_02,29.60214,-99.73007,436.7784,6/28/21,p,2021,04/30/2021 23:45 CDT,97394,17.6,96,0.025,8.13,0.11,102498.22
TWB14,Uvalde_2020_02,29.60214,-99.73007,436.7784,6/28/21,p,2021,04/30/2021 23:50 CDT,97395,17.5,95.9,0,8.13,0.28,102501.61
TWB14,Uvalde_2020_02,29.60214,-99.73007,436.7784,6/28/21,p,2021,04/30/2021 23:55 CDT,97393,17.37,95.7,0.04,8.13,0.02,102502.02
TWB14,Uvalde_2020_02,29.60214,-99.73007,436.7784,6/28/21,p,2021,05/01/2021 00:00 CDT,97394,17.02,96.1,0.145,8.13,0.04,102508.29
TWB14,Uvalde_2020_02,29.60214,-99.73007,436.7784,6/28/21,p,2021,05/01/2021 00:05 CDT,97397,16.89,96.1,0,8.13,0.38,102514.34
TWB14,Uvalde_2020_02,29.60214,-99.73007,436.7784,6/28/21,p,2021,05/01/2021 00:10 CDT,97397,16.73,96.5,0.02,8.13,0.03,102517.59
TWB14,Uvalde_2020_02,29.60214,-99.73007,436.7784,6/28/21,p,2021,05/01/2021 00:15 CDT,97398,16.61,96.3,0,8.13,0.29,102520.63
TWB14,Uvalde_2020_02,29.60214,-99.73007,436.7784,6/28/21,p,2021,05/01/2021 00:20 CDT,97397,16.5,96.2,0.115,8.13,0.04,102522.11
TWB14,Uvalde_2020_02,29.60214,-99.73007,436.7784,6/28/21,p,2021,05/01/2021 00:25 CDT,97395,16.46,96.2,0.305,8.13,0.07,102523.63
TWB14,Uvalde_2020_02,29.60214,-99.73007,436.7784,6/28/21,p,2021,05/01/2021 00:30 CDT,97395,16.27,96.5,0.155,8.13,0,102527.25
TWB14,Uvalde_2020_02,29.60214,-99.73007,436.7784,6/28/21,p,2021,05/01/2021 00:35 CDT,97397,16.15,96.9,0.25,8.13,0,102531.35
TWB14,Uvalde_2020_02,29.60214,-99.73007,436.7784,6/28/21,p,2021,05/01/2021 00:40 CDT,97397,16.1,96.9,0.085,8.13,0,102531.9
TWB14,Uvalde_2020_02,29.60214,-99.73007,436.7784,6/28/21,p,2021,05/01/2021 00:45 CDT,97398,16.03,97.2,0.01,8.13,0,102533.68
TWB14,Uvalde_2020_02,29.60214,-99.73007,436.7784,6/28/21,p,2021,05/01/2021 00:50 CDT,97401,16.13,97.6,0.02,8.13,0,102535.2
TWB14,Uvalde_2020_02,29.60214,-99.73007,436.7784,6/28/21,p,2021,05/01/2021 00:55 CDT,97402,16.16,97.7,0.01,8.13,0,102534.62
TWB14,Uvalde_2020_02,29.60214,-99.73007,436.7784,6/28/21,p,2021,05/01/2021 01:00 CDT,97402,16.25,97.8,0,8.13,0,102532.44
TWB14,Uvalde_2020_02,29.60214,-99.73007,436.7784,6/28/21,p,2021,05/01/2021 01:05 CDT,97400,16.31,97.8,0,8.13,0,102528.34
TWB14,Uvalde_2020_02,29.60214,-99.73007,436.7784,6/28/21,p,2021,05/01/2021 01:10 CDT,97397,16.32,97.8,0.075,8.13,0,102524.09
TWB14,Uvalde_2020_02,29.60214,-99.73007,436.7784,6/28/21,p,2021,05/01/2021 01:15 CDT,97391,16.33,97.8,0.385,8.13,0,102517.6
TWB14,Uvalde_2020_02,29.60214,-99.73007,436.7784,6/28/21,p,2021,05/01/2021 01:20 CDT,97375,16.39,98,1.11,8.13,0,102500.21
TWB14,Uvalde_2020_02,29.60214,-99.73007,436.7784,6/28/21,p,2021,05/01/2021 01:25 CDT,97372,16.5,98,0.155,8.13,0,102495.24
TWB14,Uvalde_2020_02,29.60214,-99.73007,436.7784,6/28/21,p,2021,05/01/2021 01:30 CDT,97371,16.56,98,0.005,8.13,0,102492.92
TWB14,Uvalde_2020_02,29.60214,-99.73007,436.7784,6/28/21,p,2021,05/01/2021 01:35 CDT,97364,16.6,98.1,0.48,8.13,0,102484.83
TWB14,Uvalde_2020_02,29.60214,-99.73007,436.7784,6/28/21,p,2021,05/01/2021 01:40 CDT,97350,16.68,98.2,1.08,8.13,0,102469.01
TWB14,Uvalde_2020_02,29.60214,-99.73007,436.7784,6/28/21,p,2021,05/01/2021 01:45 CDT,97347,16.78,98.1,0.595,8.13,0,102463.68
TWB14,Uvalde_2020_02,29.60214,-99.73007,436.7784,6/28/21,p,2021,05/01/2021 01:50 CDT,97347,16.82,98,0.015,8.13,0,102462.78
TWB14,Uvalde_2020_02,29.60214,-99.73007,436.7784,6/28/21,p,2021,05/01/2021 01:55 CDT,97343,16.83,97.9,0,8.13,0,102458.21
TWB14,Uvalde_2020_02,29.60214,-99.73007,436.7784,6/28/21,p,2021,05/01/2021 02:00 CDT,97323,16.83,97.9,0,8.13,0,102436.98
TWB14,Uvalde_2020_02,29.60214,-99.73007,436.7784,6/28/21,p,2021,05/01/2021 02:05 CDT,97310,16.87,97.9,0,8.13,0,102422.76
TWB14,Uvalde_2020_02,29.60214,-99.73007,436.7784,6/28/21,p,2021,05/01/2021 02:10 CDT,97314,16.89,97.9,0.195,8.13,0,102426.79
TWB14,Uvalde_2020_02,29.60214,-99.73007,436.7784,6/28/21,p,2021,05/01/2021 02:15 CDT,97315,16.92,97.7,0.79,8.13,0,102427.84
TWB14,Uvalde_2020_02,29.60214,-99.73007,436.7784,6/28/21,p,2021,05/01/2021 02:20 CDT,97311,16.97,97.6,1.46,8.13,0,102423.63
TWB14,Uvalde_2020_02,29.60214,-99.73007,436.7784,6/28/21,p,2021,05/01/2021 02:25 CDT,97304,17,97.4,1.14,8.13,0,102415.72
TWB14,Uvalde_2020_02,29.60214,-99.73007,436.7784,6/28/21,p,2021,05/01/2021 02:30 CDT,97293,17,97.3,1.63,8.13,0,102404.14
TWB14,Uvalde_2020_02,29.60214,-99.73007,436.7784,6/28/21,p,2021,05/01/2021 02:35 CDT,97290,16.96,97.2,1.78,8.13,0,102401.53
TWB14,Uvalde_2020_02,29.60214,-99.73007,436.7784,6/28/21,p,2021,05/01/2021 02:40 CDT,97281,16.93,97.2,1.845,8.13,0,102392.06
TWB14,Uvalde_2020_02,29.60214,-99.73007,436.7784,6/28/21,p,2021,05/01/2021 02:45 CDT,97269,16.92,97.3,1.605,8.13,0,102379.6
TWB14,Uvalde_2020_02,29.60214,-99.73007,436.7784,6/28/21,p,2021,05/01/2021 02:50 CDT,97257,16.91,97.3,1.57,8.13,0,102366.97
TWB14,Uvalde_2020_02,29.60214,-99.73007,436.7784,6/28/21,p,2021,05/01/2021 02:55 CDT,97258,16.91,97.3,1.01,8.13,0,102368.03
TWB14,Uvalde_2020_02,29.60214,-99.73007,436.7784,6/28/21,p,2021,05/01/2021 03:00 CDT,97258,16.92,97.3,1.11,8.13,0,102367.85
TWB14,Uvalde_2020_02,29.60214,-99.73007,436.7784,6/28/21,p,2021,05/01/2021 03:05 CDT,97237,16.92,97.3,1.27,8.13,0,102345.74
TWB14,Uvalde_2020_02,29.60214,-99.73007,436.7784,6/28/21,p,2021,05/01/2021 03:10 CDT,97235,16.91,97.4,1.01,8.13,0,102343.82
TWB14,Uvalde_2020_02,29.60214,-99.73007,436.7784,6/28/21,p,2021,05/01/2021 03:15 CDT,97237,16.93,97.3,1.25,8.13,0,102345.74
TWB14,Uvalde_2020_02,29.60214,-99.73007,436.7784,6/28/21,p,2021,05/01/2021 03:20 CDT,97233,16.94,97.2,1.52,8.13,0,102341.53
TWB14,Uvalde_2020_02,29.60214,-99.73007,436.7784,6/28/21,p,2021,05/01/2021 03:25 CDT,97225,16.98,97.2,1.535,8.13,0,102332.75
TWB14,Uvalde_2020_02,29.60214,-99.73007,436.7784,6/28/21,p,2021,05/01/2021 03:30 CDT,97222,16.99,97.1,1.34,8.13,0,102329.24
TWB14,Uvalde_2020_02,29.60214,-99.73007,436.7784,6/28/21,p,2021,05/01/2021 03:35 CDT,97214,17,97.1,0.98,8.13,0,102320.45
TWB14,Uvalde_2020_02,29.60214,-99.73007,436.7784,6/28/21,p,2021,05/01/2021 03:40 CDT,97220,17.02,97,0.215,8.13,0,102326.05
TWB14,Uvalde_2020_02,29.60214,-99.73007,436.7784,6/28/21,p,2021,05/01/2021 03:45 CDT,97213,17.04,97,0.665,8.13,0,102318.32
TWB14,Uvalde_2020_02,29.60214,-99.73007,436.7784,6/28/21,p,2021,05/01/2021 03:50 CDT,97201,17.05,97,0.61,8.13,0,102305.69
TWB14,Uvalde_2020_02,29.60214,-99.73007,436.7784,6/28/21,p,2021,05/01/2021 03:55 CDT,97200,17.07,96.9,0.59,8.13,0,102304.46
TWB14,Uvalde_2020_02,29.60214,-99.73007,436.7784,6/28/21,p,2021,05/01/2021 04:00 CDT,97189,17.08,96.8,1.33,8.13,0,102292.88
TWB14,Uvalde_2020_02,29.60214,-99.73007,436.7784,6/28/21,p,2021,05/01/2021 04:05 CDT,97194,17.1,96.5,1.33,8.13,0,102298.15
TWB14,Uvalde_2020_02,29.60214,-99.73007,436.7784,6/28/21,p,2021,05/01/2021 04:10 CDT,97207,17.13,96.5,1.045,8.13,0,102311.29
TWB14,Uvalde_2020_02,29.60214,-99.73007,436.7784,6/28/21,p,2021,05/01/2021 04:15 CDT,97208,17.15,96.3,0.895,8.13,0,102311.8
TWB14,Uvalde_2020_02,29.60214,-99.73007,436.7784,6/28/21,p,2021,05/01/2021 04:20 CDT,97200,17.15,96.3,1.19,8.13,0,102303.2
TWB14,Uvalde_2020_02,29.60214,-99.73007,436.7784,6/28/21,p,2021,05/01/2021 04:25 CDT,97185,17.13,96.2,0.795,8.13,0,102287.6
TWB14,Uvalde_2020_02,29.60214,-99.73007,436.7784,6/28/21,p,2021,05/01/2021 04:30 CDT,97181,17.12,96.2,0.96,8.13,0,102283.39
TWB14,Uvalde_2020_02,29.60214,-99.73007,436.7784,6/28/21,p,2021,05/01/2021 04:35 CDT,97179,17.11,96.3,1.32,8.13,0,102281.28
TWB14,Uvalde_2020_02,29.60214,-99.73007,436.7784,6/28/21,p,2021,05/01/2021 04:40 CDT,97165,17.08,96.5,1.595,8.13,0,102266.55
TWB14,Uvalde_2020_02,29.60214,-99.73007,436.7784,6/28/21,p,2021,05/01/2021 04:45 CDT,97153,17.05,96.6,1.775,8.13,0,102254.45
TWB14,Uvalde_2020_02,29.60214,-99.73007,436.7784,6/28/21,p,2021,05/01/2021 04:50 CDT,97144,17.02,96.7,1.24,8.13,0,102245.52
TWB14,Uvalde_2020_02,29.60214,-99.73007,436.7784,6/28/21,p,2021,05/01/2021 04:55 CDT,97139,17.01,96.7,0.82,8.13,0,102240.44
TWB14,Uvalde_2020_02,29.60214,-99.73007,436.7784,6/28/21,p,2021,05/01/2021 05:00 CDT,97145,17.02,96.6,0.585,8.13,0,102246.57
TWB14,Uvalde_2020_02,29.60214,-99.73007,436.7784,6/28/21,p,2021,05/01/2021 05:05 CDT,97154,17.05,96.5,1.04,8.13,0,102255.87
TWB14,Uvalde_2020_02,29.60214,-99.73007,436.7784,6/28/21,p,2021,05/01/2021 05:10 CDT,97147,17.1,96.5,0.745,8.13,0,102247.6
TWB14,Uvalde_2020_02,29.60214,-99.73007,436.7784,6/28/21,p,2021,05/01/2021 05:15 CDT,97149,17.13,96.3,1.35,8.13,0,102249.35
TWB14,Uvalde_2020_02,29.60214,-99.73007,436.7784,6/28/21,p,2021,05/01/2021 05:20 CDT,97153,17.13,96.2,0.895,8.13,0,102253.38
TWB14,Uvalde_2020_02,29.60214,-99.73007,436.7784,6/28/21,p,2021,05/01/2021 05:25 CDT,97140,17.11,96.2,0.97,8.13,0,102240.05
TWB14,Uvalde_2020_02,29.60214,-99.73007,436.7784,6/28/21,p,2021,05/01/2021 05:30 CDT,97134,17.08,96.3,0.455,8.13,0,102233.92
TWB14,Uvalde_2020_02,29.60214,-99.73007,436.7784,6/28/21,p,2021,05/01/2021 05:35 CDT,97109,17.05,96.3,1.105,8.13,0,102208.5
TWB14,Uvalde_2020_02,29.60214,-99.73007,436.7784,6/28/21,p,2021,05/01/2021 05:40 CDT,97084,17,96.4,1.06,8.13,0,102183.09
TWB14,Uvalde_2020_02,29.60214,-99.73007,436.7784,6/28/21,p,2021,05/01/2021 05:45 CDT,97091,16.98,96.5,1.065,8.13,0,102191
TWB14,Uvalde_2020_02,29.60214,-99.73007,436.7784,6/28/21,p,2021,05/01/2021 05:50 CDT,97101,17.05,96.4,1.54,8.13,0,102200.44
TWB14,Uvalde_2020_02,29.60214,-99.73007,436.7784,6/28/21,p,2021,05/01/2021 05:55 CDT,97110,17.08,96.4,0.77,8.13,0,102209.38
TWB14,Uvalde_2020_02,29.60214,-99.73007,436.7784,6/28/21,p,2021,05/01/2021 06:00 CDT,97098,17.09,96.3,1.65,8.13,0,102196.03
TWB14,Uvalde_2020_02,29.60214,-99.73007,436.7784,6/28/21,p,2021,05/01/2021 06:05 CDT,97091,17.1,96.3,1.65,8.13,0,102188.66
TWB14,Uvalde_2020_02,29.60214,-99.73007,436.7784,6/28/21,p,2021,05/01/2021 06:10 CDT,97099,17.11,96.2,0.625,8.13,0,102196.72
TWB14,Uvalde_2020_02,29.60214,-99.73007,436.7784,6/28/21,p,2021,05/01/2021 06:15 CDT,97103,17.15,96.2,1.395,8.13,0,102200.21
TWB14,Uvalde_2020_02,29.60214,-99.73007,436.7784,6/28/21,p,2021,05/01/2021 06:20 CDT,97099,17.18,96.1,1.53,8.13,0,102195.82
TWB14,Uvalde_2020_02,29.60214,-99.73007,436.7784,6/28/21,p,2021,05/01/2021 06:25 CDT,97118,17.19,96,1.115,8.13,0,102215.82
TWB14,Uvalde_2020_02,29.60214,-99.73007,436.7784,6/28/21,p,2021,05/01/2021 06:30 CDT,97127,17.2,95.9,1.05,8.13,0,102225.3
TWB14,Uvalde_2020_02,29.60214,-99.73007,436.7784,6/28/21,p,2021,05/01/2021 06:35 CDT,97140,17.25,95.7,1.515,8.13,0,102238.08
TWB14,Uvalde_2020_02,29.60214,-99.73007,436.7784,6/28/21,p,2021,05/01/2021 06:40 CDT,97153,17.31,95.7,0.385,8.13,0,102250.69
TWB14,Uvalde_2020_02,29.60214,-99.73007,436.7784,6/28/21,p,2021,05/01/2021 06:45 CDT,97147,17.37,95.6,0.65,8.13,0.06,102243.47
TWB14,Uvalde_2020_02,29.60214,-99.73007,436.7784,6/28/21,p,2021,05/01/2021 06:50 CDT,97102,17.25,96,2.18,8.13,0.72,102196.83
TWB14,Uvalde_2020_02,29.60214,-99.73007,436.7784,6/28/21,p,2021,05/01/2021 06:55 CDT,97068,17.14,96.3,1.795,8.13,0.72,102163.02
TWB14,Uvalde_2020_02,29.60214,-99.73007,436.7784,6/28/21,p,2021,05/01/2021 07:00 CDT,97048,17.15,96.6,2.175,8.13,0.34,102142.14
TWB14,Uvalde_2020_02,29.60214,-99.73007,436.7784,6/28/21,p,2021,05/01/2021 07:05 CDT,97020,17.25,97,2.355,8.13,0.05,102111.95
TWB14,Uvalde_2020_02,29.60214,-99.73007,436.7784,6/28/21,p,2021,05/01/2021 07:10 CDT,96999,17.49,96.5,3.13,8.13,0,102086.45
TWB14,Uvalde_2020_02,29.60214,-99.73007,436.7784,6/28/21,p,2021,05/01/2021 07:15 CDT,96956,17.67,95.9,3.825,9.135,0,102038.33
TWB14,Uvalde_2020_02,29.60214,-99.73007,436.7784,6/28/21,p,2021,05/01/2021 07:20 CDT,96890,17.77,95.4,5.365,10.615,0.53,101966.55
TWB14,Uvalde_2020_02,29.60214,-99.73007,436.7784,6/28/21,p,2021,05/01/2021 07:25 CDT,97006,17.9,94.6,2.46,9.865,0.77,102087.03
TWB14,Uvalde_2020_02,29.60214,-99.73007,436.7784,6/28/21,p,2021,05/01/2021 07:30 CDT,97068,17.94,94.5,1.22,9.865,1.03,102150.67
TWB14,Uvalde_2020_02,29.60214,-99.73007,436.7784,6/28/21,p,2021,05/01/2021 07:35 CDT,97082,17.95,94.5,0.875,9.865,1.5,102164.87
TWB14,Uvalde_2020_02,29.60214,-99.73007,436.7784,6/28/21,p,2021,05/01/2021 07:40 CDT,97111,17.99,94.5,1.04,9.865,1.52,102195.21
TWB14,Uvalde_2020_02,29.60214,-99.73007,436.7784,6/28/21,p,2021,05/01/2021 07:45 CDT,97100,18,94.8,0.99,9.865,1.57,102183.63
TWB14,Uvalde_2020_02,29.60214,-99.73007,436.7784,6/28/21,p,2021,05/01/2021 07:50 CDT,97097,17.87,95.1,0.975,9.865,1.6,102181.54
TWB14,Uvalde_2020_02,29.60214,-99.73007,436.7784,6/28/21,p,2021,05/01/2021 07:55 CDT,97100,17.82,95.4,2.1,9.865,1.52,102185.77
TWB14,Uvalde_2020_02,29.60214,-99.73007,436.7784,6/28/21,p,2021,05/01/2021 08:00 CDT,97121,17.82,95.4,1.74,9.865,1.48,102208.23
TWB14,Uvalde_2020_02,29.60214,-99.73007,436.7784,6/28/21,p,2021,05/01/2021 08:05 CDT,97138,17.72,95.6,1.02,9.865,1.11,102227.01
TWB14,Uvalde_2020_02,29.60214,-99.73007,436.7784,6/28/21,p,2021,05/01/2021 08:10 CDT,97152,17.67,95.8,0.395,9.865,1.83,102241.92
TWB14,Uvalde_2020_02,29.60214,-99.73007,436.7784,6/28/21,p,2021,05/01/2021 08:15 CDT,97119,17.57,96.6,2.015,9.865,4.67,102208.26
TWB14,Uvalde_2020_02,29.60214,-99.73007,436.7784,6/28/21,p,2021,05/01/2021 08:20 CDT,97113,17.47,96.9,1.98,9.865,5.58,102204.28
TWB14,Uvalde_2020_02,29.60214,-99.73007,436.7784,6/28/21,p,2021,05/01/2021 08:25 CDT,97124,17.43,96.9,1.33,9.865,4.74,102216.75
TWB14,Uvalde_2020_02,29.60214,-99.73007,436.7784,6/28/21,p,2021,05/01/2021 08:30 CDT,97127,17.44,96.7,0.605,9.865,3.17,102220.09
TWB14,Uvalde_2020_02,29.60214,-99.73007,436.7784,6/28/21,p,2021,05/01/2021 08:35 CDT,97123,17.42,96.7,0.105,9.865,2.98,102216.06
TWB14,Uvalde_2020_02,29.60214,-99.73007,436.7784,6/28/21,p,2021,05/01/2021 08:40 CDT,97102,17.39,96.9,1.75,9.865,3.38,102194.13
TWB14,Uvalde_2020_02,29.60214,-99.73007,436.7784,6/28/21,p,2021,05/01/2021 08:45 CDT,97100,17.36,97.1,1.27,9.865,5.71,102192.39
TWB14,Uvalde_2020_02,29.60214,-99.73007,436.7784,6/28/21,p,2021,05/01/2021 08:50 CDT,97094,17.32,97.3,1.33,9.865,8.58,102186.79
TWB14,Uvalde_2020_02,29.60214,-99.73007,436.7784,6/28/21,p,2021,05/01/2021 08:55 CDT,97080,17.29,97.5,2.16,9.865,17.44,102172.41
TWB14,Uvalde_2020_02,29.60214,-99.73007,436.7784,6/28/21,p,2021,05/01/2021 09:00 CDT,97072,17.26,97.7,1.605,9.865,24.79,102164.89
TWB14,Uvalde_2020_02,29.60214,-99.73007,436.7784,6/28/21,p,2021,05/01/2021 09:05 CDT,97073,17.27,97.9,1.095,9.865,20.15,102165.94
TWB14,Uvalde_2020_02,29.60214,-99.73007,436.7784,6/28/21,p,2021,05/01/2021 09:10 CDT,97072,17.29,97.9,1.385,9.865,21.57,102164.17
TWB14,Uvalde_2020_02,29.60214,-99.73007,436.7784,6/28/21,p,2021,05/01/2021 09:15 CDT,97068,17.3,97.9,1.735,9.865,17.64,102159.78
TWB14,Uvalde_2020_02,29.60214,-99.73007,436.7784,6/28/21,p,2021,05/01/2021 09:20 CDT,97072,17.32,97.9,0.735,9.865,19.64,102163.81
TWB14,Uvalde_2020_02,29.60214,-99.73007,436.7784,6/28/21,p,2021,05/01/2021 09:25 CDT,97075,17.35,98,0.265,9.865,13.82,102166.07
TWB14,Uvalde_2020_02,29.60214,-99.73007,436.7784,6/28/21,p,2021,05/01/2021 09:30 CDT,97089,17.39,98.1,0.18,9.865,9.47,102180.44
TWB14,Uvalde_2020_02,29.60214,-99.73007,436.7784,6/28/21,p,2021,05/01/2021 09:35 CDT,97087,17.38,97.8,0.525,9.865,7.33,102178.34
TWB14,Uvalde_2020_02,29.60214,-99.73007,436.7784,6/28/21,p,2021,05/01/2021 09:40 CDT,97074,17.37,97.9,0.61,9.865,7.74,102164.84
TWB14,Uvalde_2020_02,29.60214,-99.73007,436.7784,6/28/21,p,2021,05/01/2021 09:45 CDT,97056,17.38,98.1,1.495,9.865,8.94,102145.71
TWB14,Uvalde_2020_02,29.60214,-99.73007,436.7784,6/28/21,p,2021,05/01/2021 09:50 CDT,97030,17.38,98.1,1.595,9.865,9.64,102118.35
TWB14,Uvalde_2020_02,29.60214,-99.73007,436.7784,6/28/21,p,2021,05/01/2021 09:55 CDT,97024,17.38,98.2,1.34,9.865,9.37,102112.21
TWB14,Uvalde_2020_02,29.60214,-99.73007,436.7784,6/28/21,p,2021,05/01/2021 10:00 CDT,97019,17.39,98.3,1.59,9.865,9.87,102106.77
TWB14,Uvalde_2020_02,29.60214,-99.73007,436.7784,6/28/21,p,2021,05/01/2021 10:05 CDT,97009,17.4,98.3,1.975,9.865,13.2,102096.25
TWB14,Uvalde_2020_02,29.60214,-99.73007,436.7784,6/28/21,p,2021,05/01/2021 10:10 CDT,96999,17.41,98.3,1.625,9.865,11.87,102085.72
TWB14,Uvalde_2020_02,29.60214,-99.73007,436.7784,6/28/21,p,2021,05/01/2021 10:15 CDT,96972,17.42,98.3,2.06,9.865,10.89,102057.31
TWB14,Uvalde_2020_02,29.60214,-99.73007,436.7784,6/28/21,p,2021,05/01/2021 10:20 CDT,96967,17.42,98.2,2.12,9.865,9.17,102052.05
TWB14,Uvalde_2020_02,29.60214,-99.73007,436.7784,6/28/21,p,2021,05/01/2021 10:25 CDT,96972,17.42,98.3,2.085,9.865,7.37,102057.31
TWB14,Uvalde_2020_02,29.60214,-99.73007,436.7784,6/28/21,p,2021,05/01/2021 10:30 CDT,96940,17.4,98.2,2.485,9.865,6.62,102023.81
TWB14,Uvalde_2020_02,29.60214,-99.73007,436.7784,6/28/21,p,2021,05/01/2021 10:35 CDT,96919,17.36,98.2,2.3,9.865,4.24,102002.42
TWB14,Uvalde_2020_02,29.60214,-99.73007,436.7784,6/28/21,p,2021,05/01/2021 10:40 CDT,96940,17.35,98.3,2.245,9.865,3.79,102024.88
TWB14,Uvalde_2020_02,29.60214,-99.73007,436.7784,6/28/21,p,2021,05/01/2021 10:45 CDT,97019,17.36,98.2,1.855,9.865,3.02,102108.03
TWB14,Uvalde_2020_02,29.60214,-99.73007,436.7784,6/28/21,p,2021,05/01/2021 10:50 CDT,97081,17.36,98.1,1.3,9.865,2.77,102173.28
TWB14,Uvalde_2020_02,29.60214,-99.73007,436.7784,6/28/21,p,2021,05/01/2021 10:55 CDT,97090,17.34,98,1.37,9.865,3.09,102182.75
TWB14,Uvalde_2020_02,29.60214,-99.73007,436.7784,6/28/21,p,2021,05/01/2021 11:00 CDT,97086,17.26,98,1.69,9.865,3.22,102179.62
TWB14,Uvalde_2020_02,29.60214,-99.73007,436.7784,6/28/21,p,2021,05/01/2021 11:05 CDT,97105,17.18,98,2.145,9.865,3.73,102201.23
TWB14,Uvalde_2020_02,29.60214,-99.73007,436.7784,6/28/21,p,2021,05/01/2021 11:10 CDT,97096,17.09,98,2.75,9.865,5.03,102193.02
TWB14,Uvalde_2020_02,29.60214,-99.73007,436.7784,6/28/21,p,2021,05/01/2021 11:15 CDT,97098,17,97.9,2.09,9.865,5.35,102196.92
TWB14,Uvalde_2020_02,29.60214,-99.73007,436.7784,6/28/21,p,2021,05/01/2021 11:20 CDT,97124,16.91,98.1,2.17,9.865,5.56,102226.26
TWB14,Uvalde_2020_02,29.60214,-99.73007,436.7784,6/28/21,p,2021,05/01/2021 11:25 CDT,97143,16.91,98.1,1.27,9.865,4.51,102246.8
TWB14,Uvalde_2020_02,29.60214,-99.73007,436.7784,6/28/21,p,2021,05/01/2021 11:30 CDT,97166,16.9,98.1,0.825,9.865,4.74,102271.01
TWB14,Uvalde_2020_02,29.60214,-99.73007,436.7784,6/28/21,p,2021,05/01/2021 11:35 CDT,97175,16.89,98.2,2.015,9.865,6.12,102280.48
TWB14,Uvalde_2020_02,29.60214,-99.73007,436.7784,6/28/21,p,2021,05/01/2021 11:40 CDT,97181,16.86,98,1.73,9.865,6.67,102286.98
TWB14,Uvalde_2020_02,29.60214,-99.73007,436.7784,6/28/21,p,2021,05/01/2021 11:45 CDT,97188,16.63,97.7,2.53,9.865,9.28,102297.05
TWB14,Uvalde_2020_02,29.60214,-99.73007,436.7784,6/28/21,p,2021,05/01/2021 11:50 CDT,97210,16.45,98.1,1.125,9.865,8.94,102324.35
TWB14,Uvalde_2020_02,29.60214,-99.73007,436.7784,6/28/21,p,2021,05/01/2021 11:55 CDT,97221,16.47,98.2,0.465,9.865,11.81,102336.29
TWB14,Uvalde_2020_02,29.60214,-99.73007,436.7784,6/28/21,p,2021,05/01/2021 12:00 CDT,97226,16.47,98.2,0.27,9.865,14.76,102341.2
TWB14,Uvalde_2020_02,29.60214,-99.73007,436.7784,6/28/21,p,2021,05/01/2021 12:05 CDT,97241,16.48,98.2,0.07,9.865,12.23,102356.99
TWB14,Uvalde_2020_02,29.60214,-99.73007,436.7784,6/28/21,p,2021,05/01/2021 12:10 CDT,97264,16.5,98.3,0.335,9.865,7.11,102380.47
TWB14,Uvalde_2020_02,29.60214,-99.73007,436.7784,6/28/21,p,2021,05/01/2021 12:15 CDT,97256,16.48,98.3,1.255,9.865,8.48,102372.23
TWB14,Uvalde_2020_02,29.60214,-99.73007,436.7784,6/28/21,p,2021,05/01/2021 12:20 CDT,97151,16.49,98.5,3.5,9.865,14.31,102262.43
TWB14,Uvalde_2020_02,29.60214,-99.73007,436.7784,6/28/21,p,2021,05/01/2021 12:25 CDT,96951,16.57,98.6,5.785,10.03,23.43,102050.82
TWB14,Uvalde_2020_02,29.60214,-99.73007,436.7784,6/28/21,p,2021,05/01/2021 12:30 CDT,96813,16.64,98.8,6.055,10.2,45.61,101904.48
TWB14,Uvalde_2020_02,29.60214,-99.73007,436.7784,6/28/21,p,2021,05/01/2021 12:35 CDT,96816,16.66,98.5,5.59,10.2,80.38,101906.75
TWB14,Uvalde_2020_02,29.60214,-99.73007,436.7784,6/28/21,p,2021,05/01/2021 12:40 CDT,96856,16.79,98.6,3.955,10.2,141.51,101947.41
TWB14,Uvalde_2020_02,29.60214,-99.73007,436.7784,6/28/21,p,2021,05/01/2021 12:45 CDT,96891,17.16,99.6,3.935,10.2,607,101977.6
TWB14,Uvalde_2020_02,29.60214,-99.73007,436.7784,6/28/21,p,2021,05/01/2021 12:50 CDT,96901,17.71,98.9,3.93,10.2,656.96,101977.04
TWB14,Uvalde_2020_02,29.60214,-99.73007,436.7784,6/28/21,p,2021,05/01/2021 12:55 CDT,96907,18.21,96.5,3.46,10.2,440.72,101976.06
TWB14,Uvalde_2020_02,29.60214,-99.73007,436.7784,6/28/21,p,2021,05/01/2021 13:00 CDT,96888,18.52,96.5,3.475,10.2,625.66,101951.8
TWB14,Uvalde_2020_02,29.60214,-99.73007,436.7784,6/28/21,p,2021,05/01/2021 13:05 CDT,96864,19.02,92.2,4.045,10.2,868.74,101915.93
TWB14,Uvalde_2020_02,29.60214,-99.73007,436.7784,6/28/21,p,2021,05/01/2021 13:10 CDT,96835,19.25,92,4.055,9.7,788.58,101880.82
TWB14,Uvalde_2020_02,29.60214,-99.73007,436.7784,6/28/21,p,2021,05/01/2021 13:15 CDT,96836,19.44,88.8,3.93,9.7,658.89,101877.49
TWB14,Uvalde_2020_02,29.60214,-99.73007,436.7784,6/28/21,p,2021,05/01/2021 13:20 CDT,96824,19.58,88.9,3.92,9.7,706.86,101862.22
TWB14,Uvalde_2020_02,29.60214,-99.73007,436.7784,6/28/21,p,2021,05/01/2021 13:25 CDT,96838,19.84,87.1,4.69,9.7,655.06,101872.04
TWB14,Uvalde_2020_02,29.60214,-99.73007,436.7784,6/28/21,p,2021,05/01/2021 13:30 CDT,96851,20.01,82.9,4.645,9.535,590.49,101882.05
TWB14,Uvalde_2020_02,29.60214,-99.73007,436.7784,6/28/21,p,2021,05/01/2021 13:35 CDT,96855,20.23,82.7,3.935,9.535,581.35,101882.05
TWB14,Uvalde_2020_02,29.60214,-99.73007,436.7784,6/28/21,p,2021,05/01/2021 13:40 CDT,96842,20.6,76.89,4.235,10.015,568.25,101862.12
TWB14,Uvalde_2020_02,29.60214,-99.73007,436.7784,6/28/21,p,2021,05/01/2021 13:45 CDT,96845,20.49,78.34,5.545,10.015,540.04,101865.26
TWB14,Uvalde_2020_02,29.60214,-99.73007,436.7784,6/28/21,p,2021,05/01/2021 13:50 CDT,96847,20.46,77.86,4.975,10.015,524.04,101869.12
TWB14,Uvalde_2020_02,29.60214,-99.73007,436.7784,6/28/21,p,2021,05/01/2021 13:55 CDT,96856,20.72,78.36,4.05,10.015,610.49,101875.44
TWB14,Uvalde_2020_02,29.60214,-99.73007,436.7784,6/28/21,p,2021,05/01/2021 14:00 CDT,96885,20.71,76.37,5.165,10.015,257.27,101903.51
TWB14,Uvalde_2020_02,29.60214,-99.73007,436.7784,6/28/21,p,2021,05/01/2021 14:05 CDT,96894,20.53,75.76,3.75,10.015,167.98,101917.52
TWB14,Uvalde_2020_02,29.60214,-99.73007,436.7784,6/28/21,p,2021,05/01/2021 14:10 CDT,96913,20.33,74.95,3.82,10.015,214.01,101941.71
TWB14,Uvalde_2020_02,29.60214,-99.73007,436.7784,6/28/21,p,2021,05/01/2021 14:15 CDT,96922,20.35,75.36,3.46,10.015,156.06,101951.53
TWB14,Uvalde_2020_02,29.60214,-99.73007,436.7784,6/28/21,p,2021,05/01/2021 14:20 CDT,96916,20.33,75.63,3.615,10.015,139.38,101945.04
TWB14,Uvalde_2020_02,29.60214,-99.73007,436.7784,6/28/21,p,2021,05/01/2021 14:25 CDT,96913,20.21,76.97,3.67,10.015,111.62,101943.8
TWB14,Uvalde_2020_02,29.60214,-99.73007,436.7784,6/28/21,p,2021,05/01/2021 14:30 CDT,96913,20.1,75.89,3.595,10.015,85.5,101946.26
TWB14,Uvalde_2020_02,29.60214,-99.73007,436.7784,6/28/21,p,2021,05/01/2021 14:35 CDT,96913,19.97,77.45,2.585,10.015,39.41,101948.71
TWB14,Uvalde_2020_02,29.60214,-99.73007,436.7784,6/28/21,p,2021,05/01/2021 14:40 CDT,96913,19.93,78.73,2.085,10.015,25.63,101950.11
TWB14,Uvalde_2020_02,29.60214,-99.73007,436.7784,6/28/21,p,2021,05/01/2021 14:45 CDT,96912,19.63,81.2,2.475,10.015,31.1,101952.56
TWB14,Uvalde_2020_02,29.60214,-99.73007,436.7784,6/28/21,p,2021,05/01/2021 14:50 CDT,96901,18.87,86,2.245,10.015,74.5,101951.71
TWB14,Uvalde_2020_02,29.60214,-99.73007,436.7784,6/28/21,p,2021,05/01/2021 14:55 CDT,96894,18.26,88.8,2.545,10.015,142.92,101954.78
TWB14,Uvalde_2020_02,29.60214,-99.73007,436.7784,6/28/21,p,2021,05/01/2021 15:00 CDT,96885,18.01,90.1,3.24,10.015,116.75,101953.12
TWB14,Uvalde_2020_02,29.60214,-99.73007,436.7784,6/28/21,p,2021,05/01/2021 15:05 CDT,96869,17.92,91.9,3.265,10.015,169.41,101939.3
TWB14,Uvalde_2020_02,29.60214,-99.73007,436.7784,6/28/21,p,2021,05/01/2021 15:10 CDT,96857,17.92,92.6,2.875,10.015,164.17,101927.2
TWB14,Uvalde_2020_02,29.60214,-99.73007,436.7784,6/28/21,p,2021,05/01/2021 15:15 CDT,96846,17.9,92,2.2,10.015,110.34,101915.63
TWB14,Uvalde_2020_02,29.60214,-99.73007,436.7784,6/28/21,p,2021,05/01/2021 15:20 CDT,96839,17.8,91.4,2.465,10.015,86.78,101910.23
TWB14,Uvalde_2020_02,29.60214,-99.73007,436.7784,6/28/21,p,2021,05/01/2021 15:25 CDT,96839,17.67,93.2,1.95,10.015,97.2,101912.54
TWB14,Uvalde_2020_02,29.60214,-99.73007,436.7784,6/28/21,p,2021,05/01/2021 15:30 CDT,96841,17.54,93.4,2.03,10.015,89.88,101916.25
TWB14,Uvalde_2020_02,29.60214,-99.73007,436.7784,6/28/21,p,2021,05/01/2021 15:35 CDT,96824,17.36,92.1,2.4,10.015,86.51,101901.22
TWB14,Uvalde_2020_02,29.60214,-99.73007,436.7784,6/28/21,p,2021,05/01/2021 15:40 CDT,96811,17.15,91.7,2.755,10.015,97.61,101892.19
TWB14,Uvalde_2020_02,29.60214,-99.73007,436.7784,6/28/21,p,2021,05/01/2021 15:45 CDT,96788,17.12,92.6,2.67,10.015,393.44,101869.23
TWB14,Uvalde_2020_02,29.60214,-99.73007,436.7784,6/28/21,p,2021,05/01/2021 15:50 CDT,96752,17.57,95.3,2.685,10.015,682.76,101823.82
TWB14,Uvalde_2020_02,29.60214,-99.73007,436.7784,6/28/21,p,2021,05/01/2021 15:55 CDT,96737,18.03,93.1,2.915,10.015,667.1,101798.43
TWB14,Uvalde_2020_02,29.60214,-99.73007,436.7784,6/28/21,p,2021,05/01/2021 16:00 CDT,96722,18.33,91.6,2.815,10.015,649.63,101776.44
TWB14,Uvalde_2020_02,29.60214,-99.73007,436.7784,6/28/21,p,2021,05/01/2021 16:05 CDT,96704,18.55,90.7,3.14,10.015,637.43,101752.19
TWB14,Uvalde_2020_02,29.60214,-99.73007,436.7784,6/28/21,p,2021,05/01/2021 16:10 CDT,96684,18.56,90.1,3.575,10.015,623.58,101730.09
TWB14,Uvalde_2020_02,29.60214,-99.73007,436.7784,6/28/21,p,2021,05/01/2021 16:15 CDT,96683,18.78,85.7,3.705,10.015,611.32,101725.53
TWB14,Uvalde_2020_02,29.60214,-99.73007,436.7784,6/28/21,p,2021,05/01/2021 16:20 CDT,96681,18.97,85.9,3.925,10.015,603.19,101719.54
TWB14,Uvalde_2020_02,29.60214,-99.73007,436.7784,6/28/21,p,2021,05/01/2021 16:25 CDT,96657,19.13,85.7,3.715,10.015,573.25,101692.35
TWB14,Uvalde_2020_02,29.60214,-99.73007,436.7784,6/28/21,p,2021,05/01/2021 16:30 CDT,96639,19.46,83,2.945,10.015,569.09,101666.93
TWB14,Uvalde_2020_02,29.60214,-99.73007,436.7784,6/28/21,p,2021,05/01/2021 16:35 CDT,96625,19.48,77.39,3.565,10.015,561.43,101651.01
TWB14,Uvalde_2020_02,29.60214,-99.73007,436.7784,6/28/21,p,2021,05/01/2021 16:40 CDT,96604,19.42,77.87,4.14,10.015,553.92,101629.61
TWB14,Uvalde_2020_02,29.60214,-99.73007,436.7784,6/28/21,p,2021,05/01/2021 16:45 CDT,96600,19.26,78.74,4.08,10.015,540.1,101628.73
TWB14,Uvalde_2020_02,29.60214,-99.73007,436.7784,6/28/21,p,2021,05/01/2021 16:50 CDT,96595,19.25,81,4.875,10.015,526.32,101623.81
TWB14,Uvalde_2020_02,29.60214,-99.73007,436.7784,6/28/21,p,2021,05/01/2021 16:55 CDT,96567,19.36,80,4.27,10.015,508.72,101592.96
TWB14,Uvalde_2020_02,29.60214,-99.73007,436.7784,6/28/21,p,2021,05/01/2021 17:00 CDT,96580,19.53,76.71,4.35,10.015,511.27,101603.14
TWB14,Uvalde_2020_02,29.60214,-99.73007,436.7784,6/28/21,p,2021,05/01/2021 17:05 CDT,96605,19.32,81.4,4.03,10.015,301.26,101632.57
TWB14,Uvalde_2020_02,29.60214,-99.73007,436.7784,6/28/21,p,2021,05/01/2021 17:10 CDT,96606,19.36,80.5,3.61,10.015,384.05,101636.09
TWB14,Uvalde_2020_02,29.60214,-99.73007,436.7784,6/28/21,p,2021,05/01/2021 17:15 CDT,96618,19.54,77.21,3.835,10.015,505,101644.52
TWB14,Uvalde_2020_02,29.60214,-99.73007,436.7784,6/28/21,p,2021,05/01/2021 17:20 CDT,96626,19.84,76.44,3.08,10.015,443.02,101647.68
TWB14,Uvalde_2020_02,29.60214,-99.73007,436.7784,6/28/21,p,2021,05/01/2021 17:25 CDT,96643,19.97,77.38,3.755,10.015,374.79,101661.71
TWB14,Uvalde_2020_02,29.60214,-99.73007,436.7784,6/28/21,p,2021,05/01/2021 17:30 CDT,96646,19.86,77.58,3.245,10.015,283.83,101666.26
TWB14,Uvalde_2020_02,29.60214,-99.73007,436.7784,6/28/21,p,2021,05/01/2021 17:35 CDT,96655,20.02,75.9,2.44,10.015,447.68,101674.34
TWB14,Uvalde_2020_02,29.60214,-99.73007,436.7784,6/28/21,p,2021,05/01/2021 17:40 CDT,96664,20.36,72.36,2.55,10.015,425.65,101678.24
TWB14,Uvalde_2020_02,29.60214,-99.73007,436.7784,6/28/21,p,2021,05/01/2021 17:45 CDT,96670,20.31,72.49,3.38,10.015,410.6,101683.5
TWB14,Uvalde_2020_02,29.60214,-99.73007,436.7784,6/28/21,p,2021,05/01/2021 17:50 CDT,96674,20.3,71.01,2.805,10.015,288,101688.41
TWB14,Uvalde_2020_02,29.60214,-99.73007,436.7784,6/28/21,p,2021,05/01/2021 17:55 CDT,96672,20.23,71.75,2.605,10.015,310.19,101687.88
TWB14,Uvalde_2020_02,29.60214,-99.73007,436.7784,6/28/21,p,2021,05/01/2021 18:00 CDT,96670,20.1,72.86,2.855,10.015,284.72,101687.51
TWB14,Uvalde_2020_02,29.60214,-99.73007,436.7784,6/28/21,p,2021,05/01/2021 18:05 CDT,96671,20.16,73.27,3.585,10.015,311.56,101687.86
TWB14,Uvalde_2020_02,29.60214,-99.73007,436.7784,6/28/21,p,2021,05/01/2021 18:10 CDT,96674,20.12,73.13,3.39,10.015,303.24,101691.72
TWB14,Uvalde_2020_02,29.60214,-99.73007,436.7784,6/28/21,p,2021,05/01/2021 18:15 CDT,96671,20.24,71.78,2.75,10.015,286.59,101687.7
TWB14,Uvalde_2020_02,29.60214,-99.73007,436.7784,6/28/21,p,2021,05/01/2021 18:20 CDT,96671,20.26,73.33,3.155,10.015,276.35,101686.12
TWB14,Uvalde_2020_02,29.60214,-99.73007,436.7784,6/28/21,p,2021,05/01/2021 18:25 CDT,96681,20.29,73.81,3.34,10.015,264.83,101695.76
TWB14,Uvalde_2020_02,29.60214,-99.73007,436.7784,6/28/21,p,2021,05/01/2021 18:30 CDT,96701,20.28,73.6,3.41,10.015,140.42,101717.32
TWB14,Uvalde_2020_02,29.60214,-99.73007,436.7784,6/28/21,p,2021,05/01/2021 18:35 CDT,96701,20.18,72.86,3.155,10.015,199.18,101720.82
TWB14,Uvalde_2020_02,29.60214,-99.73007,436.7784,6/28/21,p,2021,05/01/2021 18:40 CDT,96694,20.35,70.77,3.205,10.015,112.01,101710.33
TWB14,Uvalde_2020_02,29.60214,-99.73007,436.7784,6/28/21,p,2021,05/01/2021 18:45 CDT,96684,20.11,73.67,2.91,10.015,52.08,101704.16
TWB14,Uvalde_2020_02,29.60214,-99.73007,436.7784,6/28/21,p,2021,05/01/2021 18:50 CDT,96676,19.84,74.82,2.32,10.015,32.49,101700.81
TWB14,Uvalde_2020_02,29.60214,-99.73007,436.7784,6/28/21,p,2021,05/01/2021 18:55 CDT,96674,19.61,75.96,2.385,10.015,27.88,101703.27
TWB14,Uvalde_2020_02,29.60214,-99.73007,436.7784,6/28/21,p,2021,05/01/2021 19:00 CDT,96670,19.3,74.28,2.62,10.015,24.88,101704.34
TWB14,Uvalde_2020_02,29.60214,-99.73007,436.7784,6/28/21,p,2021,05/01/2021 19:05 CDT,96668,18.94,75.15,2.475,10.015,23.29,101708.75
TWB14,Uvalde_2020_02,29.60214,-99.73007,436.7784,6/28/21,p,2021,05/01/2021 19:10 CDT,96665,18.72,76.44,1.82,10.015,22.8,101710.18
TWB14,Uvalde_2020_02,29.60214,-99.73007,436.7784,6/28/21,p,2021,05/01/2021 19:15 CDT,96663,18.53,77.45,1.545,10.015,22.02,101711.6
TWB14,Uvalde_2020_02,29.60214,-99.73007,436.7784,6/28/21,p,2021,05/01/2021 19:20 CDT,96651,18.39,77.99,1.47,10.015,21.22,101701.63
TWB14,Uvalde_2020_02,29.60214,-99.73007,436.7784,6/28/21,p,2021,05/01/2021 19:25 CDT,96656,18.24,78.73,1.76,10.015,17.54,101709.72
TWB14,Uvalde_2020_02,29.60214,-99.73007,436.7784,6/28/21,p,2021,05/01/2021 19:30 CDT,96665,18.2,78.57,2.055,10.015,15.77,101720.44
TWB14,Uvalde_2020_02,29.60214,-99.73007,436.7784,6/28/21,p,2021,05/01/2021 19:35 CDT,96663,18.25,78.34,0.935,10.015,18.35,101717.98
TWB14,Uvalde_2020_02,29.60214,-99.73007,436.7784,6/28/21,p,2021,05/01/2021 19:40 CDT,96660,18.34,79.96,0.525,10.015,21.34,101713.57
TWB14,Uvalde_2020_02,29.60214,-99.73007,436.7784,6/28/21,p,2021,05/01/2021 19:45 CDT,96652,18.43,78.27,0.355,10.015,24.58,101703.21
TWB14,Uvalde_2020_02,29.60214,-99.73007,436.7784,6/28/21,p,2021,05/01/2021 19:50 CDT,96649,18.54,80.5,0.085,10.015,27.04,101699.51
TWB14,Uvalde_2020_02,29.60214,-99.73007,436.7784,6/28/21,p,2021,05/01/2021 19:55 CDT,96642,18.53,80.1,0.44,10.015,21.59,101693.92
TWB14,Uvalde_2020_02,29.60214,-99.73007,436.7784,6/28/21,p,2021,05/01/2021 20:00 CDT,96632,18.37,81.7,0.255,10.015,12.5,101684.98
TWB14,Uvalde_2020_02,29.60214,-99.73007,436.7784,6/28/21,p,2021,05/01/2021 20:05 CDT,96633,18.21,81.6,0.39,10.015,9,101687.63
TWB14,Uvalde_2020_02,29.60214,-99.73007,436.7784,6/28/21,p,2021,05/01/2021 20:10 CDT,96628,18.08,81,0.9,10.015,4.83,101684.5
TWB14,Uvalde_2020_02,29.60214,-99.73007,436.7784,6/28/21,p,2021,05/01/2021 20:15 CDT,96627,17.99,82.1,0.47,10.015,2.63,101684.87
TWB14,Uvalde_2020_02,29.60214,-99.73007,436.7784,6/28/21,p,2021,05/01/2021 20:20 CDT,96629,17.87,83.9,0.145,10.015,2.1,101688.56
TWB14,Uvalde_2020_02,29.60214,-99.73007,436.7784,6/28/21,p,2021,05/01/2021 20:25 CDT,96623,17.65,84.3,0.21,10.015,1.28,101686.52
TWB14,Uvalde_2020_02,29.60214,-99.73007,436.7784,6/28/21,p,2021,05/01/2021 20:30 CDT,96623,17.65,84.1,0.575,10.015,0.27,101688.48
TWB14,Uvalde_2020_02,29.60214,-99.73007,436.7784,6/28/21,p,2021,05/01/2021 20:35 CDT,96627,17.67,84.2,0.99,10.015,0,101692.69
TWB14,Uvalde_2020_02,29.60214,-99.73007,436.7784,6/28/21,p,2021,05/01/2021 20:40 CDT,96632,17.53,84.9,0.53,10.015,0,101699.01
TWB14,Uvalde_2020_02,29.60214,-99.73007,436.7784,6/28/21,p,2021,05/01/2021 20:45 CDT,96636,17.41,85.6,0.34,10.015,0,101704.29
TWB14,Uvalde_2020_02,29.60214,-99.73007,436.7784,6/28/21,p,2021,05/01/2021 20:50 CDT,96637,17.35,86.9,0.485,10.015,0.11,101707.3
TWB14,Uvalde_2020_02,29.60214,-99.73007,436.7784,6/28/21,p,2021,05/01/2021 20:55 CDT,96640,17.29,87.4,0.685,10.015,0,101713.67
TWB14,Uvalde_2020_02,29.60214,-99.73007,436.7784,6/28/21,p,2021,05/01/2021 21:00 CDT,96641,17.23,87.8,0.305,10.015,0,101716.33
TWB14,Uvalde_2020_02,29.60214,-99.73007,436.7784,6/28/21,p,2021,05/01/2021 21:05 CDT,96641,17.11,89,0.37,10.015,0,101717.58
TWB14,Uvalde_2020_02,29.60214,-99.73007,436.7784,6/28/21,p,2021,05/01/2021 21:10 CDT,96641,17.09,89.5,0.14,10.015,0,101718.65
TWB14,Uvalde_2020_02,29.60214,-99.73007,436.7784,6/28/21,p,2021,05/01/2021 21:15 CDT,96646,16.96,89.7,0.165,10.015,0.08,101725.16
TWB14,Uvalde_2020_02,29.60214,-99.73007,436.7784,6/28/21,p,2021,05/01/2021 21:20 CDT,96650,16.9,89.4,0.52,10.015,0,101731.17
TWB14,Uvalde_2020_02,29.60214,-99.73007,436.7784,6/28/21,p,2021,05/01/2021 21:25 CDT,96642,16.93,90,0.23,10.015,0,101723.46
TWB14,Uvalde_2020_02,29.60214,-99.73007,436.7784,6/28/21,p,2021,05/01/2021 21:30 CDT,96644,16.92,90.6,0.285,10.015,0,101726.1
TWB14,Uvalde_2020_02,29.60214,-99.73007,436.7784,6/28/21,p,2021,05/01/2021 21:35 CDT,96657,17.04,89.8,0.935,10.015,0,101739.43
TWB14,Uvalde_2020_02,29.60214,-99.73007,436.7784,6/28/21,p,2021,05/01/2021 21:40 CDT,96664,16.97,89.8,0.145,10.015,0,101745.36
TWB14,Uvalde_2020_02,29.60214,-99.73007,436.7784,6/28/21,p,2021,05/01/2021 21:45 CDT,96664,16.85,90.2,0.37,10.015,0,101745.54
TWB14,Uvalde_2020_02,29.60214,-99.73007,436.7784,6/28/21,p,2021,05/01/2021 21:50 CDT,96666,16.79,90.7,0.955,10.015,0,101749.62
TWB14,Uvalde_2020_02,29.60214,-99.73007,436.7784,6/28/21,p,2021,05/01/2021 21:55 CDT,96668,16.73,91.2,1.025,10.015,0,101752.08
TWB14,Uvalde_2020_02,29.60214,-99.73007,436.7784,6/28/21,p,2021,05/01/2021 22:00 CDT,96669,16.75,91,1.275,10.015,0,101753.13
TWB14,Uvalde_2020_02,29.60214,-99.73007,436.7784,6/28/21,p,2021,05/01/2021 22:05 CDT,96671,16.75,90.7,0.78,10.015,0,101754.7
TWB14,Uvalde_2020_02,29.60214,-99.73007,436.7784,6/28/21,p,2021,05/01/2021 22:10 CDT,96682,16.74,90.6,0.77,10.015,0,101765.56
TWB14,Uvalde_2020_02,29.60214,-99.73007,436.7784,6/28/21,p,2021,05/01/2021 22:15 CDT,96691,16.68,90.4,0.725,10.015,0,101775.75
TWB14,Uvalde_2020_02,29.60214,-99.73007,436.7784,6/28/21,p,2021,05/01/2021 22:20 CDT,96696,16.67,90.4,0.84,10.015,0,101781.02
TWB14,Uvalde_2020_02,29.60214,-99.73007,436.7784,6/28/21,p,2021,05/01/2021 22:25 CDT,96689,16.68,90.4,0.44,10.015,0,101773.65
TWB14,Uvalde_2020_02,29.60214,-99.73007,436.7784,6/28/21,p,2021,05/01/2021 22:30 CDT,96687,16.65,90.3,0.275,10.015,0,101771.72
TWB14,Uvalde_2020_02,29.60214,-99.73007,436.7784,6/28/21,p,2021,05/01/2021 22:35 CDT,96695,16.63,90.8,0.235,10.015,0,101780.14
TWB14,Uvalde_2020_02,29.60214,-99.73007,436.7784,6/28/21,p,2021,05/01/2021 22:40 CDT,96697,16.62,91.5,0.79,10.015,0,101782.6
TWB14,Uvalde_2020_02,29.60214,-99.73007,436.7784,6/28/21,p,2021,05/01/2021 22:45 CDT,96702,16.6,91.7,0.585,10.015,0,101788.94
TWB14,Uvalde_2020_02,29.60214,-99.73007,436.7784,6/28/21,p,2021,05/01/2021 22:50 CDT,96706,16.6,91.6,0.41,10.015,0,101793.15
TWB14,Uvalde_2020_02,29.60214,-99.73007,436.7784,6/28/21,p,2021,05/01/2021 22:55 CDT,96707,16.58,91.3,0.035,10.015,0,101794.21
TWB14,Uvalde_2020_02,29.60214,-99.73007,436.7784,6/28/21,p,2021,05/01/2021 23:00 CDT,96702,16.58,91.6,0.02,10.015,0,101788.76
TWB14,Uvalde_2020_02,29.60214,-99.73007,436.7784,6/28/21,p,2021,05/01/2021 23:05 CDT,96700,16.58,91.9,0.285,10.015,0,101786.12
TWB14,Uvalde_2020_02,29.60214,-99.73007,436.7784,6/28/21,p,2021,05/01/2021 23:10 CDT,96701,16.59,91.9,0.36,10.015,0,101787.71
TWB14,Uvalde_2020_02,29.60214,-99.73007,436.7784,6/28/21,p,2021,05/01/2021 23:15 CDT,96697,16.56,91.7,0.22,10.015,0,101784.04
TWB14,Uvalde_2020_02,29.60214,-99.73007,436.7784,6/28/21,p,2021,05/01/2021 23:20 CDT,96693,16.5,91.5,0.08,10.015,0,101780.55
TWB14,Uvalde_2020_02,29.60214,-99.73007,436.7784,6/28/21,p,2021,05/01/2021 23:25 CDT,96687,16.42,91.8,0.19,10.015,0.6,101775.49
TWB14,Uvalde_2020_02,29.60214,-99.73007,436.7784,6/28/21,p,2021,05/01/2021 23:30 CDT,96678,16.33,91.7,0.195,10.015,1.27,101767.45
TWB14,Uvalde_2020_02,29.60214,-99.73007,436.7784,6/28/21,p,2021,05/01/2021 23:35 CDT,96675,16.2,91.6,0.105,10.015,1.51,101766.63
TWB14,Uvalde_2020_02,29.60214,-99.73007,436.7784,6/28/21,p,2021,05/01/2021 23:40 CDT,96682,16.04,92.3,0.125,10.015,0.64,101776.7
TWB14,Uvalde_2020_02,29.60214,-99.73007,436.7784,6/28/21,p,2021,05/01/2021 23:45 CDT,96666,15.9,92.7,0.13,10.015,0.16,101762.56
TWB14,Uvalde_2020_02,29.60214,-99.73007,436.7784,6/28/21,p,2021,05/01/2021 23:50 CDT,96647,15.82,93.4,0.09,10.015,0,101744.36
TWB14,Uvalde_2020_02,29.60214,-99.73007,436.7784,6/28/21,p,2021,05/01/2021 23:55 CDT,96638,15.66,94,0.08,10.015,0,101737.41
TWB14,Uvalde_2020_02,29.60214,-99.73007,436.7784,6/28/21,p,2021,05/02/2021 00:00 CDT,96637,15.6,94.3,0.01,10.015,0.01,101738.34
TWB14,Uvalde_2020_02,29.60214,-99.73007,436.7784,6/28/21,p,2021,05/02/2021 00:05 CDT,96635,15.51,94.9,0.18,10.015,0,101737.32
TWB14,Uvalde_2020_02,29.60214,-99.73007,436.7784,6/28/21,p,2021,05/02/2021 00:10 CDT,96635,15.44,94.9,0.055,10.015,0.01,101738.76
TWB14,Uvalde_2020_02,29.60214,-99.73007,436.7784,6/28/21,p,2021,05/02/2021 00:15 CDT,96629,15.39,95.3,0.085,10.015,0,101733.89
TWB14,Uvalde_2020_02,29.60214,-99.73007,436.7784,6/28/21,p,2021,05/02/2021 00:20 CDT,96625,15.38,95.4,0,10.015,0,101730.58
TWB14,Uvalde_2020_02,29.60214,-99.73007,436.7784,6/28/21,p,2021,05/02/2021 00:25 CDT,96624,15.35,95.6,0,10.015,0,101729.71
TWB14,Uvalde_2020_02,29.60214,-99.73007,436.7784,6/28/21,p,2021,05/02/2021 00:30 CDT,96620,15.29,95.9,0.375,10.015,0,101725.5
TWB14,Uvalde_2020_02,29.60214,-99.73007,436.7784,6/28/21,p,2021,05/02/2021 00:35 CDT,96603,15.29,96.2,0.39,10.015,0,101707.78
TWB14,Uvalde_2020_02,29.60214,-99.73007,436.7784,6/28/21,p,2021,05/02/2021 00:40 CDT,96599,15.3,96.1,0.08,10.015,0,101703.21
TWB14,Uvalde_2020_02,29.60214,-99.73007,436.7784,6/28/21,p,2021,05/02/2021 00:45 CDT,96599,15.31,96.1,0,10.015,0,101702.66
TWB14,Uvalde_2020_02,29.60214,-99.73007,436.7784,6/28/21,p,2021,05/02/2021 00:50 CDT,96597,15.31,96.2,0,10.015,0,101700.38
TWB14,Uvalde_2020_02,29.60214,-99.73007,436.7784,6/28/21,p,2021,05/02/2021 00:55 CDT,96596,15.32,96.2,0.245,10.015,0,101699.32
TWB14,Uvalde_2020_02,29.60214,-99.73007,436.7784,6/28/21,p,2021,05/02/2021 01:00 CDT,96600,15.29,96.5,0.435,10.015,0,101704.26
TWB14,Uvalde_2020_02,29.60214,-99.73007,436.7784,6/28/21,p,2021,05/02/2021 01:05 CDT,96600,15.29,96.4,0.025,10.015,0,101704.26
TWB14,Uvalde_2020_02,29.60214,-99.73007,436.7784,6/28/21,p,2021,05/02/2021 01:10 CDT,96595,15.3,96.4,0.02,10.015,0,101698.99
TWB14,Uvalde_2020_02,29.60214,-99.73007,436.7784,6/28/21,p,2021,05/02/2021 01:15 CDT,96576,15.31,96.5,0.26,10.015,0,101679.17
TWB14,Uvalde_2020_02,29.60214,-99.73007,436.7784,6/28/21,p,2021,05/02/2021 01:20 CDT,96567,15.33,96.5,0,10.015,0,101669.51
TWB14,Uvalde_2020_02,29.60214,-99.73007,436.7784,6/28/21,p,2021,05/02/2021 01:25 CDT,96564,15.34,96.5,0,10.015,0,101666.36
TWB14,Uvalde_2020_02,29.60214,-99.73007,436.7784,6/28/21,p,2021,05/02/2021 01:30 CDT,96566,15.32,96.5,0,10.015,0,101668.64
TWB14,Uvalde_2020_02,29.60214,-99.73007,436.7784,6/28/21,p,2021,05/02/2021 01:35 CDT,96564,15.26,96.4,0,10.015,0,101666.72
TWB14,Uvalde_2020_02,29.60214,-99.73007,436.7784,6/28/21,p,2021,05/02/2021 01:40 CDT,96556,15.2,96.4,0,10.015,0,101659.02
TWB14,Uvalde_2020_02,29.60214,-99.73007,436.7784,6/28/21,p,2021,05/02/2021 01:45 CDT,96546,15.18,96.5,0.055,10.015,0,101649.03
TWB14,Uvalde_2020_02,29.60214,-99.73007,436.7784,6/28/21,p,2021,05/02/2021 01:50 CDT,96546,15.16,96.5,0,10.015,0,101649.94
TWB14,Uvalde_2020_02,29.60214,-99.73007,436.7784,6/28/21,p,2021,05/02/2021 01:55 CDT,96546,15.12,96.6,0.03,10.015,0,101650.3
TWB14,Uvalde_2020_02,29.60214,-99.73007,436.7784,6/28/21,p,2021,05/02/2021 02:00 CDT,96546,15.1,96.7,0.01,10.015,0,101651.75
TWB14,Uvalde_2020_02,29.60214,-99.73007,436.7784,6/28/21,p,2021,05/02/2021 02:05 CDT,96536,15.03,96.8,0.01,10.015,0,101641.76
TWB14,Uvalde_2020_02,29.60214,-99.73007,436.7784,6/28/21,p,2021,05/02/2021 02:10 CDT,96527,15,96.8,0.42,10.015,0,101632.65
TWB14,Uvalde_2020_02,29.60214,-99.73007,436.7784,6/28/21,p,2021,05/02/2021 02:15 CDT,96541,14.99,97.2,0.535,10.015,0,101648.11
TWB14,Uvalde_2020_02,29.60214,-99.73007,436.7784,6/28/21,p,2021,05/02/2021 02:20 CDT,96537,14.97,97.1,0.255,10.015,0,101643.9
TWB14,Uvalde_2020_02,29.60214,-99.73007,436.7784,6/28/21,p,2021,05/02/2021 02:25 CDT,96521,14.95,97.2,0.025,10.015,0,101627.06
TWB14,Uvalde_2020_02,29.60214,-99.73007,436.7784,6/28/21,p,2021,05/02/2021 02:30 CDT,96514,14.97,97.2,0.09,10.015,0,101619.69
TWB14,Uvalde_2020_02,29.60214,-99.73007,436.7784,6/28/21,p,2021,05/02/2021 02:35 CDT,96504,14.93,97.1,0.085,10.015,0,101609.52
TWB14,Uvalde_2020_02,29.60214,-99.73007,436.7784,6/28/21,p,2021,05/02/2021 02:40 CDT,96493,14.88,97.3,0.53,10.015,0,101598.84
TWB14,Uvalde_2020_02,29.60214,-99.73007,436.7784,6/28/21,p,2021,05/02/2021 02:45 CDT,96491,14.88,97.3,0.265,10.015,0,101596.74
TWB14,Uvalde_2020_02,29.60214,-99.73007,436.7784,6/28/21,p,2021,05/02/2021 02:50 CDT,96484,14.82,97.3,0.205,10.015,0.01,101590.09
TWB14,Uvalde_2020_02,29.60214,-99.73007,436.7784,6/28/21,p,2021,05/02/2021 02:55 CDT,96471,14.73,97.2,0,10.015,0.29,101578.04
TWB14,Uvalde_2020_02,29.60214,-99.73007,436.7784,6/28/21,p,2021,05/02/2021 03:00 CDT,96466,14.7,97.3,0,10.015,0,101572.95
TWB14,Uvalde_2020_02,29.60214,-99.73007,436.7784,6/28/21,p,2021,05/02/2021 03:05 CDT,96464,14.71,97.3,0.01,10.015,0,101571.03
TWB14,Uvalde_2020_02,29.60214,-99.73007,436.7784,6/28/21,p,2021,05/02/2021 03:10 CDT,96458,14.72,97.4,0.075,10.015,0,101565.26
TWB14,Uvalde_2020_02,29.60214,-99.73007,436.7784,6/28/21,p,2021,05/02/2021 03:15 CDT,96444,14.72,97.4,0.385,10.015,0,101550.7
TWB14,Uvalde_2020_02,29.60214,-99.73007,436.7784,6/28/21,p,2021,05/02/2021 03:20 CDT,96436,14.66,97.2,0.16,10.015,0,101543
TWB14,Uvalde_2020_02,29.60214,-99.73007,436.7784,6/28/21,p,2021,05/02/2021 03:25 CDT,96428,14.55,97.2,0.075,10.015,0.32,101537.3
TWB14,Uvalde_2020_02,29.60214,-99.73007,436.7784,6/28/21,p,2021,05/02/2021 03:30 CDT,96417,14.48,97.2,0,10.015,0.36,101526.99
TWB14,Uvalde_2020_02,29.60214,-99.73007,436.7784,6/28/21,p,2021,05/02/2021 03:35 CDT,96411,14.41,97,0,10.015,0.06,101522.13
TWB14,Uvalde_2020_02,29.60214,-99.73007,436.7784,6/28/21,p,2021,05/02/2021 03:40 CDT,96404,14.18,97.1,0.04,10.015,0.15,101518.03
TWB14,Uvalde_2020_02,29.60214,-99.73007,436.7784,6/28/21,p,2021,05/02/2021 03:45 CDT,96408,14.09,97.5,0.195,10.015,0.04,101525.52
TWB14,Uvalde_2020_02,29.60214,-99.73007,436.7784,6/28/21,p,2021,05/02/2021 03:50 CDT,96417,14.13,97.8,0.375,10.015,0,101534.45
TWB14,Uvalde_2020_02,29.60214,-99.73007,436.7784,6/28/21,p,2021,05/02/2021 03:55 CDT,96415,14.13,97.8,0.18,10.015,0,101530.34
TWB14,Uvalde_2020_02,29.60214,-99.73007,436.7784,6/28/21,p,2021,05/02/2021 04:00 CDT,96406,14.09,97.7,0.245,10.015,0,101521.41
TWB14,Uvalde_2020_02,29.60214,-99.73007,436.7784,6/28/21,p,2021,05/02/2021 04:05 CDT,96393,14.12,97.8,0.26,10.015,0,101508.08
TWB14,Uvalde_2020_02,29.60214,-99.73007,436.7784,6/28/21,p,2021,05/02/2021 04:10 CDT,96403,14.09,97.6,0.01,10.015,0,101519.34
TWB14,Uvalde_2020_02,29.60214,-99.73007,436.7784,6/28/21,p,2021,05/02/2021 04:15 CDT,96404,13.99,97.7,0.34,10.015,0.15,101524.04
TWB14,Uvalde_2020_02,29.60214,-99.73007,436.7784,6/28/21,p,2021,05/02/2021 04:20 CDT,96395,13.87,97.9,0.335,10.015,0,101516.21
TWB14,Uvalde_2020_02,29.60214,-99.73007,436.7784,6/28/21,p,2021,05/02/2021 04:25 CDT,96393,13.84,98.1,0.205,10.015,0,101513.55
TWB14,Uvalde_2020_02,29.60214,-99.73007,436.7784,6/28/21,p,2021,05/02/2021 04:30 CDT,96388,13.79,97.8,0.07,10.015,0,101507.92
TWB14,Uvalde_2020_02,29.60214,-99.73007,436.7784,6/28/21,p,2021,05/02/2021 04:35 CDT,96379,13.75,97.7,0.02,10.015,0,101500.63
TWB14,Uvalde_2020_02,29.60214,-99.73007,436.7784,6/28/21,p,2021,05/02/2021 04:40 CDT,96369,13.65,97.7,0.015,10.015,0.17,101492.66
TWB14,Uvalde_2020_02,29.60214,-99.73007,436.7784,6/28/21,p,2021,05/02/2021 04:45 CDT,96372,13.56,97.8,0.345,10.015,0,101496.92
TWB14,Uvalde_2020_02,29.60214,-99.73007,436.7784,6/28/21,p,2021,05/02/2021 04:50 CDT,96371,13.44,98.1,0.24,10.015,0,101497.14
TWB14,Uvalde_2020_02,29.60214,-99.73007,436.7784,6/28/21,p,2021,05/02/2021 04:55 CDT,96368,13.39,97.7,0.15,10.015,0,101494.35
TWB14,Uvalde_2020_02,29.60214,-99.73007,436.7784,6/28/21,p,2021,05/02/2021 05:00 CDT,96367,13.36,98.1,0.25,10.015,0,101494.94
TWB14,Uvalde_2020_02,29.60214,-99.73007,436.7784,6/28/21,p,2021,05/02/2021 05:05 CDT,96366,13.44,98.1,0,10.015,0,101493.71
TWB14,Uvalde_2020_02,29.60214,-99.73007,436.7784,6/28/21,p,2021,05/02/2021 05:10 CDT,96362,13.45,98.1,0,10.015,0,101488.95
TWB14,Uvalde_2020_02,29.60214,-99.73007,436.7784,6/28/21,p,2021,05/02/2021 05:15 CDT,96357,13.36,98.2,0,10.015,0,101483.68
TWB14,Uvalde_2020_02,29.60214,-99.73007,436.7784,6/28/21,p,2021,05/02/2021 05:20 CDT,96360,13.38,98.1,0.105,10.015,0,101487.39
TWB14,Uvalde_2020_02,29.60214,-99.73007,436.7784,6/28/21,p,2021,05/02/2021 05:25 CDT,96359,13.34,98.5,0.21,10.015,0.15,101487.07
TWB14,Uvalde_2020_02,29.60214,-99.73007,436.7784,6/28/21,p,2021,05/02/2021 05:30 CDT,96354,13.38,98.1,0.08,10.015,0.34,101481.44
TWB14,Uvalde_2020_02,29.60214,-99.73007,436.7784,6/28/21,p,2021,05/02/2021 05:35 CDT,96357,13.25,98.1,0.165,10.015,0.03,101486.79
TWB14,Uvalde_2020_02,29.60214,-99.73007,436.7784,6/28/21,p,2021,05/02/2021 05:40 CDT,96360,13.16,98.4,0.035,10.015,0.02,101491.6
TWB14,Uvalde_2020_02,29.60214,-99.73007,436.7784,6/28/21,p,2021,05/02/2021 05:45 CDT,96356,13.09,98.4,0.01,10.015,0,101487.39
TWB14,Uvalde_2020_02,29.60214,-99.73007,436.7784,6/28/21,p,2021,05/02/2021 05:50 CDT,96353,13.06,98.4,0,10.015,0,101484.23
TWB14,Uvalde_2020_02,29.60214,-99.73007,436.7784,6/28/21,p,2021,05/02/2021 05:55 CDT,96351,13.04,98.3,0,10.015,0,101482.12
TWB14,Uvalde_2020_02,29.60214,-99.73007,436.7784,6/28/21,p,2021,05/02/2021 06:00 CDT,96343,13.03,98.3,0,10.015,0,101473.7
TWB14,Uvalde_2020_02,29.60214,-99.73007,436.7784,6/28/21,p,2021,05/02/2021 06:05 CDT,96341,13.01,98.3,0,10.015,0,101471.59
TWB14,Uvalde_2020_02,29.60214,-99.73007,436.7784,6/28/21,p,2021,05/02/2021 06:10 CDT,96320,12.98,98.2,0.03,10.015,0,101449.84
TWB14,Uvalde_2020_02,29.60214,-99.73007,436.7784,6/28/21,p,2021,05/02/2021 06:15 CDT,96330,12.92,98.4,0.285,10.015,0,101461.29
TWB14,Uvalde_2020_02,29.60214,-99.73007,436.7784,6/28/21,p,2021,05/02/2021 06:20 CDT,96342,12.98,98.6,0.185,10.015,0,101473.56
TWB14,Uvalde_2020_02,29.60214,-99.73007,436.7784,6/28/21,p,2021,05/02/2021 06:25 CDT,96342,12.99,98.6,0.255,10.015,0,101472.83
TWB14,Uvalde_2020_02,29.60214,-99.73007,436.7784,6/28/21,p,2021,05/02/2021 06:30 CDT,96337,12.95,98.4,0.4,10.015,0,101467.74
TWB14,Uvalde_2020_02,29.60214,-99.73007,436.7784,6/28/21,p,2021,05/02/2021 06:35 CDT,96323,12.82,98.3,0.12,10.015,0.58,101455.2
TWB14,Uvalde_2020_02,29.60214,-99.73007,436.7784,6/28/21,p,2021,05/02/2021 06:40 CDT,96326,12.73,98.3,0,10.015,0.55,101460.01
TWB14,Uvalde_2020_02,29.60214,-99.73007,436.7784,6/28/21,p,2021,05/02/2021 06:45 CDT,96336,12.69,98.5,0,10.015,0.26,101471.46
TWB14,Uvalde_2020_02,29.60214,-99.73007,436.7784,6/28/21,p,2021,05/02/2021 06:50 CDT,96338,12.69,98.6,0.265,10.015,0.08,101473.75
TWB14,Uvalde_2020_02,29.60214,-99.73007,436.7784,6/28/21,p,2021,05/02/2021 06:55 CDT,96345,12.73,98.8,0.885,10.015,0.51,101481.12
TWB14,Uvalde_2020_02,29.60214,-99.73007,436.7784,6/28/21,p,2021,05/02/2021 07:00 CDT,96348,12.72,98.7,0.38,10.015,2.65,101484.1
TWB14,Uvalde_2020_02,29.60214,-99.73007,436.7784,6/28/21,p,2021,05/02/2021 07:05 CDT,96341,12.69,98.8,0.73,10.015,4.21,101477.28
TWB14,Uvalde_2020_02,29.60214,-99.73007,436.7784,6/28/21,p,2021,05/02/2021 07:10 CDT,96342,12.73,99,0.64,10.015,6.39,101477.96
TWB14,Uvalde_2020_02,29.60214,-99.73007,436.7784,6/28/21,p,2021,05/02/2021 07:15 CDT,96347,12.77,99.1,0.445,10.015,11.01,101482.86
TWB14,Uvalde_2020_02,29.60214,-99.73007,436.7784,6/28/21,p,2021,05/02/2021 07:20 CDT,96350,12.81,99.1,0.06,10.015,13.6,101485.1
TWB14,Uvalde_2020_02,29.60214,-99.73007,436.7784,6/28/21,p,2021,05/02/2021 07:25 CDT,96356,12.83,99,0.035,10.015,21.63,101490.69
TWB14,Uvalde_2020_02,29.60214,-99.73007,436.7784,6/28/21,p,2021,05/02/2021 07:30 CDT,96364,12.79,99.1,0.005,10.015,30.73,101499.48
TWB14,Uvalde_2020_02,29.60214,-99.73007,436.7784,6/28/21,p,2021,05/02/2021 07:35 CDT,96367,12.79,99,0,10.015,32.54,101502.83
TWB14,Uvalde_2020_02,29.60214,-99.73007,436.7784,6/28/21,p,2021,05/02/2021 07:40 CDT,96367,12.85,99.1,0,10.015,37.44,101502.09
TWB14,Uvalde_2020_02,29.60214,-99.73007,436.7784,6/28/21,p,2021,05/02/2021 07:45 CDT,96364,12.95,99.2,0.005,10.015,40.99,101496.91
TWB14,Uvalde_2020_02,29.60214,-99.73007,436.7784,6/28/21,p,2021,05/02/2021 07:50 CDT,96367,12.95,98.9,0.005,10.015,49.65,101499.16
TWB14,Uvalde_2020_02,29.60214,-99.73007,436.7784,6/28/21,p,2021,05/02/2021 07:55 CDT,96368,12.97,99.2,0,10.015,62.47,101500.21
TWB14,Uvalde_2020_02,29.60214,-99.73007,436.7784,6/28/21,p,2021,05/02/2021 08:00 CDT,96363,13.05,99.1,0,10.015,79.1,101493.84
TWB14,Uvalde_2020_02,29.60214,-99.73007,436.7784,6/28/21,p,2021,05/02/2021 08:05 CDT,96357,13.15,99.2,0.01,10.015,103.55,101486.61
TWB14,Uvalde_2020_02,29.60214,-99.73007,436.7784,6/28/21,p,2021,05/02/2021 08:10 CDT,96350,13.25,98.8,0.01,10.015,87.96,101477.04
TWB14,Uvalde_2020_02,29.60214,-99.73007,436.7784,6/28/21,p,2021,05/02/2021 08:15 CDT,96346,13.31,98.9,0,10.015,83.69,101472.64
TWB14,Uvalde_2020_02,29.60214,-99.73007,436.7784,6/28/21,p,2021,05/02/2021 08:20 CDT,96344,13.36,98.9,0.125,10.015,97.73,101469.25
TWB14,Uvalde_2020_02,29.60214,-99.73007,436.7784,6/28/21,p,2021,05/02/2021 08:25 CDT,96344,13.48,99,0.24,10.015,125.85,101466.14
TWB14,Uvalde_2020_02,29.60214,-99.73007,436.7784,6/28/21,p,2021,05/02/2021 08:30 CDT,96351,13.89,99.5,0.16,10.015,177.83,101468.04
TWB14,Uvalde_2020_02,29.60214,-99.73007,436.7784,6/28/21,p,2021,05/02/2021 08:35 CDT,96349,14.04,99.1,0.445,10.015,191.27,101460.1
TWB14,Uvalde_2020_02,29.60214,-99.73007,436.7784,6/28/21,p,2021,05/02/2021 08:40 CDT,96344,14.25,99.1,0.415,10.015,214.82,101451.02
TWB14,Uvalde_2020_02,29.60214,-99.73007,436.7784,6/28/21,p,2021,05/02/2021 08:45 CDT,96336,14.61,99.3,0.46,10.015,249.08,101438.06
TWB14,Uvalde_2020_02,29.60214,-99.73007,436.7784,6/28/21,p,2021,05/02/2021 08:50 CDT,96338,14.93,98.7,0.61,10.015,259.16,101434.01
TWB14,Uvalde_2020_02,29.60214,-99.73007,436.7784,6/28/21,p,2021,05/02/2021 08:55 CDT,96340,15.1,98.9,0.64,10.015,269.96,101432.13
TWB14,Uvalde_2020_02,29.60214,-99.73007,436.7784,6/28/21,p,2021,05/02/2021 09:00 CDT,96341,15.58,99.1,0.325,10.015,278.25,101425.97
TWB14,Uvalde_2020_02,29.60214,-99.73007,436.7784,6/28/21,p,2021,05/02/2021 09:05 CDT,96331,16.08,98.4,0.1,10.015,285.78,101407.17
TWB14,Uvalde_2020_02,29.60214,-99.73007,436.7784,6/28/21,p,2021,05/02/2021 09:10 CDT,96328,16.34,97.8,0.74,10.015,300.45,101397.02
TWB14,Uvalde_2020_02,29.60214,-99.73007,436.7784,6/28/21,p,2021,05/02/2021 09:15 CDT,96320,16.43,96.7,1.34,10.015,315.27,101385.21
TWB14,Uvalde_2020_02,29.60214,-99.73007,436.7784,6/28/21,p,2021,05/02/2021 09:20 CDT,96324,16.96,95.1,0.825,10.015,317.06,101382.82
TWB14,Uvalde_2020_02,29.60214,-99.73007,436.7784,6/28/21,p,2021,05/02/2021 09:25 CDT,96320,17.23,92.1,0.955,10.015,328.07,101374.53
TWB14,Uvalde_2020_02,29.60214,-99.73007,436.7784,6/28/21,p,2021,05/02/2021 09:30 CDT,96307,17.67,90.5,0.795,10.015,338.08,101356.05
TWB14,Uvalde_2020_02,29.60214,-99.73007,436.7784,6/28/21,p,2021,05/02/2021 09:35 CDT,96303,18.29,87.7,0.785,10.015,347.99,101344.76
TWB14,Uvalde_2020_02,29.60214,-99.73007,436.7784,6/28/21,p,2021,05/02/2021 09:40 CDT,96304,18.7,83.1,1.105,10.015,361.42,101337.7
TWB14,Uvalde_2020_02,29.60214,-99.73007,436.7784,6/28/21,p,2021,05/02/2021 09:45 CDT,96298,18.92,85.2,1.58,10.015,381.37,101322.91
TWB14,Uvalde_2020_02,29.60214,-99.73007,436.7784,6/28/21,p,2021,05/02/2021 09:50 CDT,96291,19.33,78.71,1.345,10.015,387.6,101306.63
TWB14,Uvalde_2020_02,29.60214,-99.73007,436.7784,6/28/21,p,2021,05/02/2021 09:55 CDT,96287,19.67,79.48,1.13,10.015,402.51,101295.41
TWB14,Uvalde_2020_02,29.60214,-99.73007,436.7784,6/28/21,p,2021,05/02/2021 10:00 CDT,96274,19.92,75.46,1.74,10.015,423.52,101275.3
TWB14,Uvalde_2020_02,29.60214,-99.73007,436.7784,6/28/21,p,2021,05/02/2021 10:05 CDT,96262,20.01,73.3,1.71,10.015,443.27,101260.07
TWB14,Uvalde_2020_02,29.60214,-99.73007,436.7784,6/28/21,p,2021,05/02/2021 10:10 CDT,96259,20.35,75.79,1.74,10.015,458.42,101251.51
TWB14,Uvalde_2020_02,29.60214,-99.73007,436.7784,6/28/21,p,2021,05/02/2021 10:15 CDT,96251,20.57,74.5,2.08,10.015,481.24,101238.24
TWB14,Uvalde_2020_02,29.60214,-99.73007,436.7784,6/28/21,p,2021,05/02/2021 10:20 CDT,96247,20.86,71.02,1.545,10.015,501.8,101230.42
TWB14,Uvalde_2020_02,29.60214,-99.73007,436.7784,6/28/21,p,2021,05/02/2021 10:25 CDT,96247,21.19,71.33,1.445,10.015,531.05,101225.57
TWB14,Uvalde_2020_02,29.60214,-99.73007,436.7784,6/28/21,p,2021,05/02/2021 10:30 CDT,96246,21.49,69.17,1.515,10.015,464.13,101218.32
TWB14,Uvalde_2020_02,29.60214,-99.73007,436.7784,6/28/21,p,2021,05/02/2021 10:35 CDT,96244,21.77,68.62,1.94,10.015,377.71,101211.57
TWB14,Uvalde_2020_02,29.60214,-99.73007,436.7784,6/28/21,p,2021,05/02/2021 10:40 CDT,96241,22.03,69.43,2.035,10.015,481.95,101204.79
TWB14,Uvalde_2020_02,29.60214,-99.73007,436.7784,6/28/21,p,2021,05/02/2021 10:45 CDT,96239,22.45,64.57,2.225,10.015,545.78,101196.03
TWB14,Uvalde_2020_02,29.60214,-99.73007,436.7784,6/28/21,p,2021,05/02/2021 10:50 CDT,96230,22.62,65.65,2.685,10.015,559.94,101182.79
TWB14,Uvalde_2020_02,29.60214,-99.73007,436.7784,6/28/21,p,2021,05/02/2021 10:55 CDT,96227,22.98,62.45,2.165,10.015,561.23,101173.85
TWB14,Uvalde_2020_02,29.60214,-99.73007,436.7784,6/28/21,p,2021,05/02/2021 11:00 CDT,96229,23.01,60.29,2.87,10.015,577.84,101172.22
TWB14,Uvalde_2020_02,29.60214,-99.73007,436.7784,6/28/21,p,2021,05/02/2021 11:05 CDT,96223,23.14,59.17,2.125,10.015,581.74,101165.75
TWB14,Uvalde_2020_02,29.60214,-99.73007,436.7784,6/28/21,p,2021,05/02/2021 11:10 CDT,96218,23.52,59.23,2.815,10.015,595.78,101154.37
TWB14,Uvalde_2020_02,29.60214,-99.73007,436.7784,6/28/21,p,2021,05/02/2021 11:15 CDT,96220,23.69,58.89,2.275,10.015,604.33,101152.73
TWB14,Uvalde_2020_02,29.60214,-99.73007,436.7784,6/28/21,p,2021,05/02/2021 11:20 CDT,96213,23.71,59.8,2.475,10.015,615.7,101145.03
TWB14,Uvalde_2020_02,29.60214,-99.73007,436.7784,6/28/21,p,2021,05/02/2021 11:25 CDT,96215,24.02,60.17,2.285,9.265,621.62,101141.87
TWB14,Uvalde_2020_02,29.60214,-99.73007,436.7784,6/28/21,p,2021,05/02/2021 11:30 CDT,96207,23.93,58.08,2.8,9.265,634.46,101133.31
TWB14,Uvalde_2020_02,29.60214,-99.73007,436.7784,6/28/21,p,2021,05/02/2021 11:35 CDT,96200,23.91,57.47,3.14,9.265,645.46,101125.96
TWB14,Uvalde_2020_02,29.60214,-99.73007,436.7784,6/28/21,p,2021,05/02/2021 11:40 CDT,96196,24.12,60.26,2.085,9.265,643.96,101120.21
TWB14,Uvalde_2020_02,29.60214,-99.73007,436.7784,6/28/21,p,2021,05/02/2021 11:45 CDT,96193,24.26,56.08,3.095,9.265,659.68,101113.03
TWB14,Uvalde_2020_02,29.60214,-99.73007,436.7784,6/28/21,p,2021,05/02/2021 11:50 CDT,96191,24.17,57.19,2.695,9.265,668.81,101111.76
TWB14,Uvalde_2020_02,29.60214,-99.73007,436.7784,6/28/21,p,2021,05/02/2021 11:55 CDT,96184,24.25,55.64,3.24,9.265,679.8,101103.74
TWB14,Uvalde_2020_02,29.60214,-99.73007,436.7784,6/28/21,p,2021,05/02/2021 12:00 CDT,96167,24.38,57.05,2.915,9.265,677.54,101083.5
TWB14,Uvalde_2020_02,29.60214,-99.73007,436.7784,6/28/21,p,2021,05/02/2021 12:05 CDT,96162,24.57,53.75,2.54,9.265,670.05,101075.57
TWB14,Uvalde_2020_02,29.60214,-99.73007,436.7784,6/28/21,p,2021,05/02/2021 12:10 CDT,96154,24.7,58.53,2.83,9.265,684.99,101064.6
TWB14,Uvalde_2020_02,29.60214,-99.73007,436.7784,6/28/21,p,2021,05/02/2021 12:15 CDT,96146,25.09,56.95,2.225,9.265,681.93,101050.82
TWB14,Uvalde_2020_02,29.60214,-99.73007,436.7784,6/28/21,p,2021,05/02/2021 12:20 CDT,96149,25.39,53.85,2.175,9.265,688.06,101049.3
TWB14,Uvalde_2020_02,29.60214,-99.73007,436.7784,6/28/21,p,2021,05/02/2021 12:25 CDT,96149,25.17,53.82,2.505,9.265,676.39,101050.48
TWB14,Uvalde_2020_02,29.60214,-99.73007,436.7784,6/28/21,p,2021,05/02/2021 12:30 CDT,96145,25.27,53.68,2.55,9.265,605.83,101045.6
TWB14,Uvalde_2020_02,29.60214,-99.73007,436.7784,6/28/21,p,2021,05/02/2021 12:35 CDT,96136,25.44,53.68,2.56,9.265,516.58,101034.64
TWB14,Uvalde_2020_02,29.60214,-99.73007,436.7784,6/28/21,p,2021,05/02/2021 12:40 CDT,96131,25.47,53.44,2.255,9.265,694.76,101029.55
TWB14,Uvalde_2020_02,29.60214,-99.73007,436.7784,6/28/21,p,2021,05/02/2021 12:45 CDT,96116,25.98,54.42,1.95,9.265,684.58,101005.92
TWB14,Uvalde_2020_02,29.60214,-99.73007,436.7784,6/28/21,p,2021,05/02/2021 12:50 CDT,96104,26.01,53.61,2.71,9.265,731.34,100991.14
TWB14,Uvalde_2020_02,29.60214,-99.73007,436.7784,6/28/21,p,2021,05/02/2021 12:55 CDT,96092,26.16,53.81,3.24,9.265,724.99,100975.53
TWB14,Uvalde_2020_02,29.60214,-99.73007,436.7784,6/28/21,p,2021,05/02/2021 13:00 CDT,96082,26.12,53.47,3.285,9.265,772.57,100964.86
TWB14,Uvalde_2020_02,29.60214,-99.73007,436.7784,6/28/21,p,2021,05/02/2021 13:05 CDT,96076,26.32,54.99,2.56,9.265,766.39,100957.21
TWB14,Uvalde_2020_02,29.60214,-99.73007,436.7784,6/28/21,p,2021,05/02/2021 13:10 CDT,96071,26.55,51.38,2.555,9.265,767.65,100946.67
TWB14,Uvalde_2020_02,29.60214,-99.73007,436.7784,6/28/21,p,2021,05/02/2021 13:15 CDT,96065,26.98,47.04,1.975,9.265,688.38,100935.43
TWB14,Uvalde_2020_02,29.60214,-99.73007,436.7784,6/28/21,p,2021,05/02/2021 13:20 CDT,96064,27.28,43.09,2.27,9.265,604.23,100929.61
TWB14,Uvalde_2020_02,29.60214,-99.73007,436.7784,6/28/21,p,2021,05/02/2021 13:25 CDT,96064,27.26,48.65,1.99,8.85,498.8,100929.39
TWB14,Uvalde_2020_02,29.60214,-99.73007,436.7784,6/28/21,p,2021,05/02/2021 13:30 CDT,96051,27.01,49.26,2.73,8.85,583.58,100917.72
TWB14,Uvalde_2020_02,29.60214,-99.73007,436.7784,6/28/21,p,2021,05/02/2021 13:35 CDT,96047,27.38,49.96,2.18,8.85,762.29,100910.36
TWB14,Uvalde_2020_02,29.60214,-99.73007,436.7784,6/28/21,p,2021,05/02/2021 13:40 CDT,96035,27.44,48.07,2.755,8.85,763.79,100895.79
TWB14,Uvalde_2020_02,29.60214,-99.73007,436.7784,6/28/21,p,2021,05/02/2021 13:45 CDT,96019,27.94,44.3,1.43,8.85,745.88,100873.25
TWB14,Uvalde_2020_02,29.60214,-99.73007,436.7784,6/28/21,p,2021,05/02/2021 13:50 CDT,96013,27.97,47.87,2.255,8.85,750.52,100863.45
TWB14,Uvalde_2020_02,29.60214,-99.73007,436.7784,6/28/21,p,2021,05/02/2021 13:55 CDT,96007,28.18,44.23,2.21,8.85,757.54,100855.21
TWB14,Uvalde_2020_02,29.60214,-99.73007,436.7784,6/28/21,p,2021,05/02/2021 14:00 CDT,95998,28.3,46.22,1.91,8.85,737.58,100842.13
TWB14,Uvalde_2020_02,29.60214,-99.73007,436.7784,6/28/21,p,2021,05/02/2021 14:05 CDT,95989,28.28,43.96,2.525,8.85,713.39,100830.56
TWB14,Uvalde_2020_02,29.60214,-99.73007,436.7784,6/28/21,p,2021,05/02/2021 14:10 CDT,95979,28.19,43.12,2.8,8.85,701.78,100822.2
TWB14,Uvalde_2020_02,29.60214,-99.73007,436.7784,6/28/21,p,2021,05/02/2021 14:15 CDT,95976,28.54,46.22,2.1,8.85,740.81,100816.72
TWB14,Uvalde_2020_02,29.60214,-99.73007,436.7784,6/28/21,p,2021,05/02/2021 14:20 CDT,95969,28.66,45.51,2.155,8.85,688.89,100805.61
TWB14,Uvalde_2020_02,29.60214,-99.73007,436.7784,6/28/21,p,2021,05/02/2021 14:25 CDT,95961,28.8,44.06,2.29,8.85,741.18,100794.77
TWB14,Uvalde_2020_02,29.60214,-99.73007,436.7784,6/28/21,p,2021,05/02/2021 14:30 CDT,95952,28.7,46.99,1.62,8.85,697.06,100786.92
TWB14,Uvalde_2020_02,29.60214,-99.73007,436.7784,6/28/21,p,2021,05/02/2021 14:35 CDT,95945,29.12,36.89,1.65,8.85,721.83,100775.1
TWB14,Uvalde_2020_02,29.60214,-99.73007,436.7784,6/28/21,p,2021,05/02/2021 14:40 CDT,95945,29.62,43.01,1.185,8.85,700.64,100768.19
TWB14,Uvalde_2020_02,29.60214,-99.73007,436.7784,6/28/21,p,2021,05/02/2021 14:45 CDT,95946,29.83,36.48,2.44,8.85,732.05,100763.62
TWB14,Uvalde_2020_02,29.60214,-99.73007,436.7784,6/28/21,p,2021,05/02/2021 14:50 CDT,95941,29.99,37.86,1.805,7.085,584.42,100756.08
TWB14,Uvalde_2020_02,29.60214,-99.73007,436.7784,6/28/21,p,2021,05/02/2021 14:55 CDT,95939,30.02,33.25,1.985,7.085,710.63,100753.39
TWB14,Uvalde_2020_02,29.60214,-99.73007,436.7784,6/28/21,p,2021,05/02/2021 15:00 CDT,95932,30.18,36.21,1.79,7.085,706.71,100742.92
TWB14,Uvalde_2020_02,29.60214,-99.73007,436.7784,6/28/21,p,2021,05/02/2021 15:05 CDT,95928,30.22,34.39,1.79,7.085,703.44,100737.94
TWB14,Uvalde_2020_02,29.60214,-99.73007,436.7784,6/28/21,p,2021,05/02/2021 15:10 CDT,95925,30.38,32.71,2.285,7.085,699.05,100733.99
TWB14,Uvalde_2020_02,29.60214,-99.73007,436.7784,6/28/21,p,2021,05/02/2021 15:15 CDT,95918,30.45,34.33,2.06,6.835,678.78,100723.72
TWB14,Uvalde_2020_02,29.60214,-99.73007,436.7784,6/28/21,p,2021,05/02/2021 15:20 CDT,95907,30.68,31.6,1.605,6.835,679.53,100709.29
TWB14,Uvalde_2020_02,29.60214,-99.73007,436.7784,6/28/21,p,2021,05/02/2021 15:25 CDT,95901,30.83,32.61,2.1,6.835,676.07,100700.56
TWB14,Uvalde_2020_02,29.60214,-99.73007,436.7784,6/28/21,p,2021,05/02/2021 15:30 CDT,95890,30.95,31.16,2.14,7.33,645.96,100686.13
TWB14,Uvalde_2020_02,29.60214,-99.73007,436.7784,6/28/21,p,2021,05/02/2021 15:35 CDT,95878,31.02,30.01,1.815,7.25,672.67,100672.57
TWB14,Uvalde_2020_02,29.60214,-99.73007,436.7784,6/28/21,p,2021,05/02/2021 15:40 CDT,95870,31.06,30.89,1.99,7.25,559.09,100662.72
TWB14,Uvalde_2020_02,29.60214,-99.73007,436.7784,6/28/21,p,2021,05/02/2021 15:45 CDT,95860,31.08,30.89,1.725,7.25,525.75,100651.73
TWB14,Uvalde_2020_02,29.60214,-99.73007,436.7784,6/28/21,p,2021,05/02/2021 15:50 CDT,95854,30.89,33.45,2.085,7.25,537.19,100647.82
TWB14,Uvalde_2020_02,29.60214,-99.73007,436.7784,6/28/21,p,2021,05/02/2021 15:55 CDT,95844,31.1,29.57,1.585,7.25,643.28,100636.24
TWB14,Uvalde_2020_02,29.60214,-99.73007,436.7784,6/28/21,p,2021,05/02/2021 16:00 CDT,95841,31.31,28.16,2.155,7.25,628,100628.61
TWB14,Uvalde_2020_02,29.60214,-99.73007,436.7784,6/28/21,p,2021,05/02/2021 16:05 CDT,95821,31.16,30.38,2.285,7.25,623.59,100609.67
TWB14,Uvalde_2020_02,29.60214,-99.73007,436.7784,6/28/21,p,2021,05/02/2021 16:10 CDT,95813,31.24,32.17,2.415,7.25,620.17,100601.08
TWB14,Uvalde_2020_02,29.60214,-99.73007,436.7784,6/28/21,p,2021,05/02/2021 16:15 CDT,95804,31.58,30.45,1.86,7.25,538.47,100586.68
TWB14,Uvalde_2020_02,29.60214,-99.73007,436.7784,6/28/21,p,2021,05/02/2021 16:20 CDT,95793,31.49,29.81,1.925,7.25,534.56,100575.3
TWB14,Uvalde_2020_02,29.60214,-99.73007,436.7784,6/28/21,p,2021,05/02/2021 16:25 CDT,95787,31.5,31.26,1.555,7.25,476.34,100569.79
TWB14,Uvalde_2020_02,29.60214,-99.73007,436.7784,6/28/21,p,2021,05/02/2021 16:30 CDT,95786,31.62,30.21,1.355,7.25,373.36,100568.27
TWB14,Uvalde_2020_02,29.60214,-99.73007,436.7784,6/28/21,p,2021,05/02/2021 16:35 CDT,95772,31.64,29.2,2.055,7.25,538.86,100551.5
TWB14,Uvalde_2020_02,29.60214,-99.73007,436.7784,6/28/21,p,2021,05/02/2021 16:40 CDT,95761,31.79,30.79,1.375,7.25,330.44,100538.17
TWB14,Uvalde_2020_02,29.60214,-99.73007,436.7784,6/28/21,p,2021,05/02/2021 16:45 CDT,95752,31.55,35.26,1.135,7.25,329.53,100531.55
TWB14,Uvalde_2020_02,29.60214,-99.73007,436.7784,6/28/21,p,2021,05/02/2021 16:50 CDT,95737,31.91,27.32,1.08,7.25,537.41,100513.98
TWB14,Uvalde_2020_02,29.60214,-99.73007,436.7784,6/28/21,p,2021,05/02/2021 16:55 CDT,95731,32.5,27.49,1.01,7.25,496.44,100498.1
TWB14,Uvalde_2020_02,29.60214,-99.73007,436.7784,6/28/21,p,2021,05/02/2021 17:00 CDT,95732,32.57,26.68,1.41,7.25,491.58,100495.5
TWB14,Uvalde_2020_02,29.60214,-99.73007,436.7784,6/28/21,p,2021,05/02/2021 17:05 CDT,95716,32.58,24.73,0.805,7.25,469.58,100478.25
TWB14,Uvalde_2020_02,29.60214,-99.73007,436.7784,6/28/21,p,2021,05/02/2021 17:10 CDT,95707,32.72,28.8,1.135,7.25,460.78,100464.94
TWB14,Uvalde_2020_02,29.60214,-99.73007,436.7784,6/28/21,p,2021,05/02/2021 17:15 CDT,95706,32.73,24.29,1.435,7.25,451.45,100463.79
TWB14,Uvalde_2020_02,29.60214,-99.73007,436.7784,6/28/21,p,2021,05/02/2021 17:20 CDT,95703,32.66,24.12,1.32,7.25,438.84,100462.55
TWB14,Uvalde_2020_02,29.60214,-99.73007,436.7784,6/28/21,p,2021,05/02/2021 17:25 CDT,95698,32.91,25.94,1.075,7.25,422.08,100454.9
TWB14,Uvalde_2020_02,29.60214,-99.73007,436.7784,6/28/21,p,2021,05/02/2021 17:30 CDT,95699,33.12,26.41,1.43,7.25,411.85,100452.45
TWB14,Uvalde_2020_02,29.60214,-99.73007,436.7784,6/28/21,p,2021,05/02/2021 17:35 CDT,95696,32.97,25.33,0.96,7.25,398.25,100451.38
TWB14,Uvalde_2020_02,29.60214,-99.73007,436.7784,6/28/21,p,2021,05/02/2021 17:40 CDT,95696,33.2,27.45,0.88,7.25,378.66,100448.81
TWB14,Uvalde_2020_02,29.60214,-99.73007,436.7784,6/28/21,p,2021,05/02/2021 17:45 CDT,95693,33.19,23.24,1.465,7.25,370.75,100444.3
TWB14,Uvalde_2020_02,29.60214,-99.73007,436.7784,6/28/21,p,2021,05/02/2021 17:50 CDT,95692,33,23.41,1.91,7.25,364.58,100445.62
TWB14,Uvalde_2020_02,29.60214,-99.73007,436.7784,6/28/21,p,2021,05/02/2021 17:55 CDT,95680,32.99,22.67,0.93,7.25,345.18,100435.09
TWB14,Uvalde_2020_02,29.60214,-99.73007,436.7784,6/28/21,p,2021,05/02/2021 18:00 CDT,95679,33.04,22.54,1.58,7.25,333.18,100433.09
TWB14,Uvalde_2020_02,29.60214,-99.73007,436.7784,6/28/21,p,2021,05/02/2021 18:05 CDT,95669,33,23.65,1.6,7.25,318.65,100423.53
TWB14,Uvalde_2020_02,29.60214,-99.73007,436.7784,6/28/21,p,2021,05/02/2021 18:10 CDT,95657,33.1,24.25,1.25,7.25,301.85,100408.87
TWB14,Uvalde_2020_02,29.60214,-99.73007,436.7784,6/28/21,p,2021,05/02/2021 18:15 CDT,95659,33.18,22.37,1.365,7.25,288.15,100409.57
TWB14,Uvalde_2020_02,29.60214,-99.73007,436.7784,6/28/21,p,2021,05/02/2021 18:20 CDT,95663,33.05,21.76,1.685,7.25,279.18,100415.36
TWB14,Uvalde_2020_02,29.60214,-99.73007,436.7784,6/28/21,p,2021,05/02/2021 18:25 CDT,95672,33.09,21.56,1.275,7.25,260.35,100425.13
TWB14,Uvalde_2020_02,29.60214,-99.73007,436.7784,6/28/21,p,2021,05/02/2021 18:30 CDT,95670,33.17,21.49,0.91,7.25,237.62,100421.44
TWB14,Uvalde_2020_02,29.60214,-99.73007,436.7784,6/28/21,p,2021,05/02/2021 18:35 CDT,95663,33.26,22.1,1.335,7.25,219.34,100412.51
TWB14,Uvalde_2020_02,29.60214,-99.73007,436.7784,6/28/21,p,2021,05/02/2021 18:40 CDT,95658,33.02,24.25,1.365,7.25,220.48,100410.71
TWB14,Uvalde_2020_02,29.60214,-99.73007,436.7784,6/28/21,p,2021,05/02/2021 18:45 CDT,95655,33.02,22.5,0.96,7.25,201.82,100408.69
TWB14,Uvalde_2020_02,29.60214,-99.73007,436.7784,6/28/21,p,2021,05/02/2021 18:50 CDT,95653,33.16,21.43,0.5,7.25,184.17,100404.71
TWB14,Uvalde_2020_02,29.60214,-99.73007,436.7784,6/28/21,p,2021,05/02/2021 18:55 CDT,95648,33.05,25.47,1.115,7.25,176.02,100399.72
TWB14,Uvalde_2020_02,29.60214,-99.73007,436.7784,6/28/21,p,2021,05/02/2021 19:00 CDT,95642,32.86,22.81,0.93,7.25,161.94,100397.11
TWB14,Uvalde_2020_02,29.60214,-99.73007,436.7784,6/28/21,p,2021,05/02/2021 19:05 CDT,95636,32.69,26.68,0.915,7.25,149.4,100393.61
TWB14,Uvalde_2020_02,29.60214,-99.73007,436.7784,6/28/21,p,2021,05/02/2021 19:10 CDT,95628,32.53,29.07,0.69,7.25,132.78,100388.52
TWB14,Uvalde_2020_02,29.60214,-99.73007,436.7784,6/28/21,p,2021,05/02/2021 19:15 CDT,95626,32.4,28.63,0.815,7.25,120.71,100389.13
TWB14,Uvalde_2020_02,29.60214,-99.73007,436.7784,6/28/21,p,2021,05/02/2021 19:20 CDT,95626,32.21,30.89,0.655,7.25,108,100392.45
TWB14,Uvalde_2020_02,29.60214,-99.73007,436.7784,6/28/21,p,2021,05/02/2021 19:25 CDT,95626,31.93,28.73,0.71,7.25,95.93,100397.74
TWB14,Uvalde_2020_02,29.60214,-99.73007,436.7784,6/28/21,p,2021,05/02/2021 19:30 CDT,95627,31.7,30.18,0.68,7.25,73.43,100401.33
TWB14,Uvalde_2020_02,29.60214,-99.73007,436.7784,6/28/21,p,2021,05/02/2021 19:35 CDT,95626,31.38,36.71,0.825,7.25,37.73,100406.29
TWB14,Uvalde_2020_02,29.60214,-99.73007,436.7784,6/28/21,p,2021,05/02/2021 19:40 CDT,95625,30.88,38.43,0.68,7.25,29.22,100416.47
TWB14,Uvalde_2020_02,29.60214,-99.73007,436.7784,6/28/21,p,2021,05/02/2021 19:45 CDT,95627,30.41,37.66,0.605,7.25,26.38,100429.08
TWB14,Uvalde_2020_02,29.60214,-99.73007,436.7784,6/28/21,p,2021,05/02/2021 19:50 CDT,95626,29.99,41.4,0.595,7.25,21.6,100437.23
TWB14,Uvalde_2020_02,29.60214,-99.73007,436.7784,6/28/21,p,2021,05/02/2021 19:55 CDT,95627,29.41,38.64,0.645,7.25,18.5,100449.22
TWB14,Uvalde_2020_02,29.60214,-99.73007,436.7784,6/28/21,p,2021,05/02/2021 20:00 CDT,95632,28.81,43.18,0.79,7.25,14.75,100464.23
TWB14,Uvalde_2020_02,29.60214,-99.73007,436.7784,6/28/21,p,2021,05/02/2021 20:05 CDT,95634,28.3,42.58,0.525,7.25,11.74,100474.05
TWB14,Uvalde_2020_02,29.60214,-99.73007,436.7784,6/28/21,p,2021,05/02/2021 20:10 CDT,95637,27.81,42.08,0.55,7.25,8.77,100484.62
TWB14,Uvalde_2020_02,29.60214,-99.73007,436.7784,6/28/21,p,2021,05/02/2021 20:15 CDT,95639,27.38,42.82,0.305,7.25,5.52,100493.81
TWB14,Uvalde_2020_02,29.60214,-99.73007,436.7784,6/28/21,p,2021,05/02/2021 20:20 CDT,95644,26.92,45.01,0.295,7.25,3.92,100507.17
TWB14,Uvalde_2020_02,29.60214,-99.73007,436.7784,6/28/21,p,2021,05/02/2021 20:25 CDT,95646,26.55,46.3,0.28,7.25,3.32,100517.57
TWB14,Uvalde_2020_02,29.60214,-99.73007,436.7784,6/28/21,p,2021,05/02/2021 20:30 CDT,95657,26.31,47.41,0.26,7.25,2.78,100535.45
TWB14,Uvalde_2020_02,29.60214,-99.73007,436.7784,6/28/21,p,2021,05/02/2021 20:35 CDT,95671,25.93,48.42,0.115,7.25,2.53,100556.68
TWB14,Uvalde_2020_02,29.60214,-99.73007,436.7784,6/28/21,p,2021,05/02/2021 20:40 CDT,95677,25.58,50.35,0.26,7.25,2.64,100569.84
TWB14,Uvalde_2020_02,29.60214,-99.73007,436.7784,6/28/21,p,2021,05/02/2021 20:45 CDT,95680,25.24,52.54,0.56,7.25,0.48,100581.56
TWB14,Uvalde_2020_02,29.60214,-99.73007,436.7784,6/28/21,p,2021,05/02/2021 20:50 CDT,95685,24.99,55.07,0.54,7.25,0.74,100593.55
TWB14,Uvalde_2020_02,29.60214,-99.73007,436.7784,6/28/21,p,2021,05/02/2021 20:55 CDT,95688,24.87,56.83,0.7,7.25,0.34,100601.76
TWB14,Uvalde_2020_02,29.60214,-99.73007,436.7784,6/28/21,p,2021,05/02/2021 21:00 CDT,95693,24.83,51.74,0.57,7.25,0.72,100611.8
TWB14,Uvalde_2020_02,29.60214,-99.73007,436.7784,6/28/21,p,2021,05/02/2021 21:05 CDT,95705,24.68,53.29,0.485,7.25,0.67,100625.77
TWB14,Uvalde_2020_02,29.60214,-99.73007,436.7784,6/28/21,p,2021,05/02/2021 21:10 CDT,95715,24.43,55.15,0.4,7.25,1.19,100638.3
TWB14,Uvalde_2020_02,29.60214,-99.73007,436.7784,6/28/21,p,2021,05/02/2021 21:15 CDT,95717,24.13,55.67,0.625,7.25,1.46,100644.14
TWB14,Uvalde_2020_02,29.60214,-99.73007,436.7784,6/28/21,p,2021,05/02/2021 21:20 CDT,95721,24.06,62.61,0.385,7.25,1.07,100653.41
TWB14,Uvalde_2020_02,29.60214,-99.73007,436.7784,6/28/21,p,2021,05/02/2021 21:25 CDT,95727,23.71,65.11,0.125,7.25,0.21,100665
TWB14,Uvalde_2020_02,29.60214,-99.73007,436.7784,6/28/21,p,2021,05/02/2021 21:30 CDT,95734,23.35,68.62,0.155,7.25,0.41,100680.73
TWB14,Uvalde_2020_02,29.60214,-99.73007,436.7784,6/28/21,p,2021,05/02/2021 21:35 CDT,95741,22.9,68.48,0.21,7.25,0.2,100696.34
TWB14,Uvalde_2020_02,29.60214,-99.73007,436.7784,6/28/21,p,2021,05/02/2021 21:40 CDT,95742,22.34,67.07,0.37,7.25,0,100704.64
TWB14,Uvalde_2020_02,29.60214,-99.73007,436.7784,6/28/21,p,2021,05/02/2021 21:45 CDT,95745,21.81,68.08,0.06,7.25,0.78,100711.94
TWB14,Uvalde_2020_02,29.60214,-99.73007,436.7784,6/28/21,p,2021,05/02/2021 21:50 CDT,95748,21.48,67.95,0,7.25,1.13,100717.69
TWB14,Uvalde_2020_02,29.60214,-99.73007,436.7784,6/28/21,p,2021,05/02/2021 21:55 CDT,95755,21.12,70.04,0.04,7.25,0.8,100728.5
TWB14,Uvalde_2020_02,29.60214,-99.73007,436.7784,6/28/21,p,2021,05/02/2021 22:00 CDT,95758,20.75,71.29,0.06,7.25,0.25,100736.51
TWB14,Uvalde_2020_02,29.60214,-99.73007,436.7784,6/28/21,p,2021,05/02/2021 22:05 CDT,95760,20.39,71.53,0,7.25,0.9,100743.13
TWB14,Uvalde_2020_02,29.60214,-99.73007,436.7784,6/28/21,p,2021,05/02/2021 22:10 CDT,95762,20.04,77.53,0.22,7.25,0.52,100747.81
TWB14,Uvalde_2020_02,29.60214,-99.73007,436.7784,6/28/21,p,2021,05/02/2021 22:15 CDT,95766,19.95,78.15,0.465,7.25,0.07,100753.24
TWB14,Uvalde_2020_02,29.60214,-99.73007,436.7784,6/28/21,p,2021,05/02/2021 22:20 CDT,95770,20.01,77.3,0.335,7.25,0.38,100759.54
TWB14,Uvalde_2020_02,29.60214,-99.73007,436.7784,6/28/21,p,2021,05/02/2021 22:25 CDT,95780,19.95,77.68,0.23,7.25,0.12,100773.73
TWB14,Uvalde_2020_02,29.60214,-99.73007,436.7784,6/28/21,p,2021,05/02/2021 22:30 CDT,95779,19.78,76.46,0.14,7.25,0.1,100776.36
TWB14,Uvalde_2020_02,29.60214,-99.73007,436.7784,6/28/21,p,2021,05/02/2021 22:35 CDT,95785,19.77,77.41,0.29,7.25,0.05,100785.29
TWB14,Uvalde_2020_02,29.60214,-99.73007,436.7784,6/28/21,p,2021,05/02/2021 22:40 CDT,95787,19.47,77.68,0.1,7.25,0.81,100790.72
TWB14,Uvalde_2020_02,29.60214,-99.73007,436.7784,6/28/21,p,2021,05/02/2021 22:45 CDT,95793,19,80,0.045,7.25,0.72,100799.83
TWB14,Uvalde_2020_02,29.60214,-99.73007,436.7784,6/28/21,p,2021,05/02/2021 22:50 CDT,95799,18.73,81.4,0.2,7.25,0.53,100808.07
TWB14,Uvalde_2020_02,29.60214,-99.73007,436.7784,6/28/21,p,2021,05/02/2021 22:55 CDT,95801,18.67,82.9,0.29,7.25,0.03,100811.4
TWB14,Uvalde_2020_02,29.60214,-99.73007,436.7784,6/28/21,p,2021,05/02/2021 23:00 CDT,95805,18.84,80.1,0.44,7.25,0,100818.44
TWB14,Uvalde_2020_02,29.60214,-99.73007,436.7784,6/28/21,p,2021,05/02/2021 23:05 CDT,95816,18.83,81.3,0.325,7.25,0.17,100832.3
TWB14,Uvalde_2020_02,29.60214,-99.73007,436.7784,6/28/21,p,2021,05/02/2021 23:10 CDT,95819,18.44,80.6,0.005,7.25,0.68,100838.1
TWB14,Uvalde_2020_02,29.60214,-99.73007,436.7784,6/28/21,p,2021,05/02/2021 23:15 CDT,95821,18.25,80.7,0,7.25,0.34,100842.5
TWB14,Uvalde_2020_02,29.60214,-99.73007,436.7784,6/28/21,p,2021,05/02/2021 23:20 CDT,95820,18.11,81.1,0.025,7.25,0.13,100844.28
TWB14,Uvalde_2020_02,29.60214,-99.73007,436.7784,6/28/21,p,2021,05/02/2021 23:25 CDT,95828,17.91,83.4,0.17,7.25,0,100853.39
TWB14,Uvalde_2020_02,29.60214,-99.73007,436.7784,6/28/21,p,2021,05/02/2021 23:30 CDT,95820,17.74,83.7,0.03,7.25,0.6,100845.32
TWB14,Uvalde_2020_02,29.60214,-99.73007,436.7784,6/28/21,p,2021,05/02/2021 23:35 CDT,95820,17.62,84.4,0.02,7.25,0.83,100847.62
TWB14,Uvalde_2020_02,29.60214,-99.73007,436.7784,6/28/21,p,2021,05/02/2021 23:40 CDT,95827,17.52,84.4,0.16,7.25,0.19,100857.65
TWB14,Uvalde_2020_02,29.60214,-99.73007,436.7784,6/28/21,p,2021,05/02/2021 23:45 CDT,95831,17.66,84.4,0.26,7.25,0,100864.16
TWB14,Uvalde_2020_02,29.60214,-99.73007,436.7784,6/28/21,p,2021,05/02/2021 23:50 CDT,95825,17.72,84.7,0,7.25,0.22,100859.8
TWB14,Uvalde_2020_02,29.60214,-99.73007,436.7784,6/28/21,p,2021,05/02/2021 23:55 CDT,95824,17.63,84.8,0.03,7.25,0.1,100860.16
TWB14,Uvalde_2020_02,29.60214,-99.73007,436.7784,6/28/21,p,2021,05/03/2021 00:00 CDT,95827,18.02,84.6,0.16,7.25,0,100865.46
TWB14,Uvalde_2020_02,29.60214,-99.73007,436.7784,6/28/21,p,2021,05/03/2021 00:05 CDT,95829,18.26,84.6,0.14,7.25,0.04,100869.16
TWB14,Uvalde_2020_02,29.60214,-99.73007,436.7784,6/28/21,p,2021,05/03/2021 00:10 CDT,95832,17.85,86.3,0.09,7.25,0.26,100873.91
TWB14,Uvalde_2020_02,29.60214,-99.73007,436.7784,6/28/21,p,2021,05/03/2021 00:15 CDT,95838,17.35,86.9,0.12,7.25,0.08,100880.58
TWB14,Uvalde_2020_02,29.60214,-99.73007,436.7784,6/28/21,p,2021,05/03/2021 00:20 CDT,95838,17.07,87.1,0.005,7.25,0.47,100881.29
TWB14,Uvalde_2020_02,29.60214,-99.73007,436.7784,6/28/21,p,2021,05/03/2021 00:25 CDT,95838,17.25,87.6,0.2,7.25,0.5,100882.54
TWB14,Uvalde_2020_02,29.60214,-99.73007,436.7784,6/28/21,p,2021,05/03/2021 00:30 CDT,95849,18.34,86.1,0.955,7.25,0,100894.66
TWB14,Uvalde_2020_02,29.60214,-99.73007,436.7784,6/28/21,p,2021,05/03/2021 00:35 CDT,95851,19.19,80.6,1.04,7.25,0,100895.19
TWB14,Uvalde_2020_02,29.60214,-99.73007,436.7784,6/28/21,p,2021,05/03/2021 00:40 CDT,95863,19.66,76.51,0.935,7.25,0,100900.72
TWB14,Uvalde_2020_02,29.60214,-99.73007,436.7784,6/28/21,p,2021,05/03/2021 00:45 CDT,95867,19.85,73.98,0.795,7.25,0,100898.91
TWB14,Uvalde_2020_02,29.60214,-99.73007,436.7784,6/28/21,p,2021,05/03/2021 00:50 CDT,95874,20.08,73,0.975,7.25,0,100899.56
TWB14,Uvalde_2020_02,29.60214,-99.73007,436.7784,6/28/21,p,2021,05/03/2021 00:55 CDT,95889,20.15,69.97,0.955,7.25,0,100910.24
TWB14,Uvalde_2020_02,29.60214,-99.73007,436.7784,6/28/21,p,2021,05/03/2021 01:00 CDT,95897,20.33,68.08,1.105,7.25,0,100912.33
TWB14,Uvalde_2020_02,29.60214,-99.73007,436.7784,6/28/21,p,2021,05/03/2021 01:05 CDT,95898,20.77,67.4,0.795,7.25,0,100900.22
TWB14,Uvalde_2020_02,29.60214,-99.73007,436.7784,6/28/21,p,2021,05/03/2021 01:10 CDT,95897,20.86,69.22,0.765,7.25,0,100891.99
TWB14,Uvalde_2020_02,29.60214,-99.73007,436.7784,6/28/21,p,2021,05/03/2021 01:15 CDT,95897,20.92,71.11,1.005,7.25,0,100886.57
TWB14,Uvalde_2020_02,29.60214,-99.73007,436.7784,6/28/21,p,2021,05/03/2021 01:20 CDT,95897,21.02,72.46,1.27,7.25,0,100881.86
TWB14,Uvalde_2020_02,29.60214,-99.73007,436.7784,6/28/21,p,2021,05/03/2021 01:25 CDT,95896,21.24,72.87,1.075,7.25,0,100874.73
TWB14,Uvalde_2020_02,29.60214,-99.73007,436.7784,6/28/21,p,2021,05/03/2021 01:30 CDT,95897,21.23,74.15,0.95,7.25,0,100874.9
TWB14,Uvalde_2020_02,29.60214,-99.73007,436.7784,6/28/21,p,2021,05/03/2021 01:35 CDT,95891,21.08,76.04,0.755,7.25,0.02,100870.14
TWB14,Uvalde_2020_02,29.60214,-99.73007,436.7784,6/28/21,p,2021,05/03/2021 01:40 CDT,95881,21.01,76.17,0.54,7.25,0.4,100861.01
TWB14,Uvalde_2020_02,29.60214,-99.73007,436.7784,6/28/21,p,2021,05/03/2021 01:45 CDT,95879,21,77.32,0.57,7.25,0.97,100860.63
TWB14,Uvalde_2020_02,29.60214,-99.73007,436.7784,6/28/21,p,2021,05/03/2021 01:50 CDT,95872,20.96,79.03,0.465,7.25,0.37,100855
TWB14,Uvalde_2020_02,29.60214,-99.73007,436.7784,6/28/21,p,2021,05/03/2021 01:55 CDT,95867,20.94,78.53,0.24,7.25,0.91,100849.74
TWB14,Uvalde_2020_02,29.60214,-99.73007,436.7784,6/28/21,p,2021,05/03/2021 02:00 CDT,95866,20.78,79.54,0.02,7.25,0.79,100850.94
TWB14,Uvalde_2020_02,29.60214,-99.73007,436.7784,6/28/21,p,2021,05/03/2021 02:05 CDT,95864,20.56,80.1,0,7.25,0.97,100852.32
TWB14,Uvalde_2020_02,29.60214,-99.73007,436.7784,6/28/21,p,2021,05/03/2021 02:10 CDT,95858,20.27,80.8,0,7.25,1.32,100850.01
TWB14,Uvalde_2020_02,29.60214,-99.73007,436.7784,6/28/21,p,2021,05/03/2021 02:15 CDT,95850,20.06,82.6,0.01,7.25,1.1,100845.43
TWB14,Uvalde_2020_02,29.60214,-99.73007,436.7784,6/28/21,p,2021,05/03/2021 02:20 CDT,95839,19.68,84.2,0.04,7.25,0.84,100838.92
TWB14,Uvalde_2020_02,29.60214,-99.73007,436.7784,6/28/21,p,2021,05/03/2021 02:25 CDT,95838,19.54,85,0.07,7.25,1.37,100842.77
TWB14,Uvalde_2020_02,29.60214,-99.73007,436.7784,6/28/21,p,2021,05/03/2021 02:30 CDT,95837,19.29,86.6,0,7.25,1.31,100845.39
TWB14,Uvalde_2020_02,29.60214,-99.73007,436.7784,6/28/21,p,2021,05/03/2021 02:35 CDT,95830,18.99,87.4,0,7.25,0.84,100841.19
TWB14,Uvalde_2020_02,29.60214,-99.73007,436.7784,6/28/21,p,2021,05/03/2021 02:40 CDT,95821,18.77,88.8,0,7.25,0,100835.23
TWB14,Uvalde_2020_02,29.60214,-99.73007,436.7784,6/28/21,p,2021,05/03/2021 02:45 CDT,95811,18.56,89.6,0,7.25,0,100828.75
TWB14,Uvalde_2020_02,29.60214,-99.73007,436.7784,6/28/21,p,2021,05/03/2021 02:50 CDT,95801,18.32,90.1,0.015,7.25,0,100821.4
TWB14,Uvalde_2020_02,29.60214,-99.73007,436.7784,6/28/21,p,2021,05/03/2021 02:55 CDT,95789,18.06,89.9,0.155,7.25,0.41,100811.25
TWB14,Uvalde_2020_02,29.60214,-99.73007,436.7784,6/28/21,p,2021,05/03/2021 03:00 CDT,95784,18.03,90.3,0.035,7.25,0.45,100808.11
TWB14,Uvalde_2020_02,29.60214,-99.73007,436.7784,6/28/21,p,2021,05/03/2021 03:05 CDT,95783,17.92,91.3,0.015,7.25,0.02,100809
TWB14,Uvalde_2020_02,29.60214,-99.73007,436.7784,6/28/21,p,2021,05/03/2021 03:10 CDT,95785,17.69,91.2,0,7.25,0.49,100813.05
TWB14,Uvalde_2020_02,29.60214,-99.73007,436.7784,6/28/21,p,2021,05/03/2021 03:15 CDT,95785,17.46,92.4,0.01,7.25,0.08,100814.46
TWB14,Uvalde_2020_02,29.60214,-99.73007,436.7784,6/28/21,p,2021,05/03/2021 03:20 CDT,95785,17.34,92.5,0.28,7.25,0,100815.7
TWB14,Uvalde_2020_02,29.60214,-99.73007,436.7784,6/28/21,p,2021,05/03/2021 03:25 CDT,95777,17.77,92.3,0.23,7.25,0.07,100809.41
TWB14,Uvalde_2020_02,29.60214,-99.73007,436.7784,6/28/21,p,2021,05/03/2021 03:30 CDT,95778,17.8,92.5,0.015,7.25,0.31,100812.59
TWB14,Uvalde_2020_02,29.60214,-99.73007,436.7784,6/28/21,p,2021,05/03/2021 03:35 CDT,95774,17.6,92.6,0,7.25,0.22,100810.52
TWB14,Uvalde_2020_02,29.60214,-99.73007,436.7784,6/28/21,p,2021,05/03/2021 03:40 CDT,95769,17.45,93,0,7.25,0.48,100806.67
TWB14,Uvalde_2020_02,29.60214,-99.73007,436.7784,6/28/21,p,2021,05/03/2021 03:45 CDT,95767,17.35,93.5,0.035,7.25,0.02,100805.63
TWB14,Uvalde_2020_02,29.60214,-99.73007,436.7784,6/28/21,p,2021,05/03/2021 03:50 CDT,95766,17.05,93.7,0.11,7.25,0,100806.72
TWB14,Uvalde_2020_02,29.60214,-99.73007,436.7784,6/28/21,p,2021,05/03/2021 03:55 CDT,95762,16.81,93.8,0.16,7.25,0,100805
TWB14,Uvalde_2020_02,29.60214,-99.73007,436.7784,6/28/21,p,2021,05/03/2021 04:00 CDT,95763,16.52,94.1,0.03,7.25,0.2,100808.9
TWB14,Uvalde_2020_02,29.60214,-99.73007,436.7784,6/28/21,p,2021,05/03/2021 04:05 CDT,95762,16.34,94,0.06,7.25,0.12,100809.46
TWB14,Uvalde_2020_02,29.60214,-99.73007,436.7784,6/28/21,p,2021,05/03/2021 04:10 CDT,95762,16.24,94.5,0.25,7.25,0,100812.49
TWB14,Uvalde_2020_02,29.60214,-99.73007,436.7784,6/28/21,p,2021,05/03/2021 04:15 CDT,95761,16.25,95.4,0.61,7.25,0,100812.33
TWB14,Uvalde_2020_02,29.60214,-99.73007,436.7784,6/28/21,p,2021,05/03/2021 04:20 CDT,95760,16.44,95.2,0.85,7.25,0,100808.95
TWB14,Uvalde_2020_02,29.60214,-99.73007,436.7784,6/28/21,p,2021,05/03/2021 04:25 CDT,95754,16.48,94.9,0.32,7.25,0.02,100803
TWB14,Uvalde_2020_02,29.60214,-99.73007,436.7784,6/28/21,p,2021,05/03/2021 04:30 CDT,95751,16.55,95,0.415,7.25,0.23,100800.73
TWB14,Uvalde_2020_02,29.60214,-99.73007,436.7784,6/28/21,p,2021,05/03/2021 04:35 CDT,95746,16.53,95.2,0.36,7.25,0.06,100796
TWB14,Uvalde_2020_02,29.60214,-99.73007,436.7784,6/28/21,p,2021,05/03/2021 04:40 CDT,95750,16.55,96.1,0.79,7.25,0,100800.92
TWB14,Uvalde_2020_02,29.60214,-99.73007,436.7784,6/28/21,p,2021,05/03/2021 04:45 CDT,95755,16.55,95.4,0.595,7.25,0,100804.76
TWB14,Uvalde_2020_02,29.60214,-99.73007,436.7784,6/28/21,p,2021,05/03/2021 04:50 CDT,95762,16.43,95.1,0.17,7.25,0.09,100812.85
TWB14,Uvalde_2020_02,29.60214,-99.73007,436.7784,6/28/21,p,2021,05/03/2021 04:55 CDT,95762,16.35,95.1,0.25,7.25,0.22,100813.74
TWB14,Uvalde_2020_02,29.60214,-99.73007,436.7784,6/28/21,p,2021,05/03/2021 05:00 CDT,95755,16.34,95.1,0.45,7.25,0,100807.09
TWB14,Uvalde_2020_02,29.60214,-99.73007,436.7784,6/28/21,p,2021,05/03/2021 05:05 CDT,95760,16.23,95.3,0.1,7.25,0,100813.96
TWB14,Uvalde_2020_02,29.60214,-99.73007,436.7784,6/28/21,p,2021,05/03/2021 05:10 CDT,95761,16.05,95.1,0.415,7.25,0.03,100816.27
TWB14,Uvalde_2020_02,29.60214,-99.73007,436.7784,6/28/21,p,2021,05/03/2021 05:15 CDT,95762,15.81,95.2,0.155,7.25,0.62,100820.01
TWB14,Uvalde_2020_02,29.60214,-99.73007,436.7784,6/28/21,p,2021,05/03/2021 05:20 CDT,95762,15.78,95.6,0.115,7.25,0,100822.52
TWB14,Uvalde_2020_02,29.60214,-99.73007,436.7784,6/28/21,p,2021,05/03/2021 05:25 CDT,95763,15.77,95.6,0.015,7.25,0.12,100824.47
TWB14,Uvalde_2020_02,29.60214,-99.73007,436.7784,6/28/21,p,2021,05/03/2021 05:30 CDT,95765,15.54,96.1,0.13,7.25,0.18,100828.19
TWB14,Uvalde_2020_02,29.60214,-99.73007,436.7784,6/28/21,p,2021,05/03/2021 05:35 CDT,95769,15.54,96.1,0.33,7.25,0,100831.68
TWB14,Uvalde_2020_02,29.60214,-99.73007,436.7784,6/28/21,p,2021,05/03/2021 05:40 CDT,95772,15.56,95.7,0.555,7.25,0,100835.38
TWB14,Uvalde_2020_02,29.60214,-99.73007,436.7784,6/28/21,p,2021,05/03/2021 05:45 CDT,95780,15.52,96.3,0.455,7.25,0,100845.96
TWB14,Uvalde_2020_02,29.60214,-99.73007,436.7784,6/28/21,p,2021,05/03/2021 05:50 CDT,95779,15.52,96.5,0.315,7.25,0.01,100844.73
TWB14,Uvalde_2020_02,29.60214,-99.73007,436.7784,6/28/21,p,2021,05/03/2021 05:55 CDT,95776,15.49,96.3,0.31,7.25,0,100841.57
TWB14,Uvalde_2020_02,29.60214,-99.73007,436.7784,6/28/21,p,2021,05/03/2021 06:00 CDT,95785,15.54,96.4,0.525,7.25,0,100851.04
TWB14,Uvalde_2020_02,29.60214,-99.73007,436.7784,6/28/21,p,2021,05/03/2021 06:05 CDT,95791,15.44,96.5,0.25,7.25,0,100857.9
TWB14,Uvalde_2020_02,29.60214,-99.73007,436.7784,6/28/21,p,2021,05/03/2021 06:10 CDT,95795,15.41,96.7,0.245,7.25,0,100861.93
TWB14,Uvalde_2020_02,29.60214,-99.73007,436.7784,6/28/21,p,2021,05/03/2021 06:15 CDT,95802,15.41,97.1,0.54,7.25,0,100869.12
TWB14,Uvalde_2020_02,29.60214,-99.73007,436.7784,6/28/21,p,2021,05/03/2021 06:20 CDT,95810,15.44,96.8,0.245,7.25,0,100875.75
TWB14,Uvalde_2020_02,29.60214,-99.73007,436.7784,6/28/21,p,2021,05/03/2021 06:25 CDT,95816,15.45,96.7,0.24,7.25,0,100882.06
TWB14,Uvalde_2020_02,29.60214,-99.73007,436.7784,6/28/21,p,2021,05/03/2021 06:30 CDT,95815,15.39,96.5,0.185,7.25,0,100882.27
TWB14,Uvalde_2020_02,29.60214,-99.73007,436.7784,6/28/21,p,2021,05/03/2021 06:35 CDT,95813,15.36,96.6,0.255,7.25,0,100880.88
TWB14,Uvalde_2020_02,29.60214,-99.73007,436.7784,6/28/21,p,2021,05/03/2021 06:40 CDT,95811,15.35,96.7,0.225,7.25,0.26,100879.86
TWB14,Uvalde_2020_02,29.60214,-99.73007,436.7784,6/28/21,p,2021,05/03/2021 06:45 CDT,95817,15.27,97,0.08,7.25,0.34,100887.25
TWB14,Uvalde_2020_02,29.60214,-99.73007,436.7784,6/28/21,p,2021,05/03/2021 06:50 CDT,95823,15.17,96.8,0.22,7.25,0.56,100893.21
TWB14,Uvalde_2020_02,29.60214,-99.73007,436.7784,6/28/21,p,2021,05/03/2021 06:55 CDT,95826,15.1,96.7,0.2,7.25,1.57,100897.45
TWB14,Uvalde_2020_02,29.60214,-99.73007,436.7784,6/28/21,p,2021,05/03/2021 07:00 CDT,95830,15.06,96.8,0.095,7.25,2.3,100902.74
TWB14,Uvalde_2020_02,29.60214,-99.73007,436.7784,6/28/21,p,2021,05/03/2021 07:05 CDT,95846,14.93,96.8,0.1,7.25,3.93,100920.67
TWB14,Uvalde_2020_02,29.60214,-99.73007,436.7784,6/28/21,p,2021,05/03/2021 07:10 CDT,95857,14.88,96.8,0.19,7.25,6.46,100932.98
TWB14,Uvalde_2020_02,29.60214,-99.73007,436.7784,6/28/21,p,2021,05/03/2021 07:15 CDT,95853,14.96,96.9,0.44,7.25,9.55,100929.49
TWB14,Uvalde_2020_02,29.60214,-99.73007,436.7784,6/28/21,p,2021,05/03/2021 07:20 CDT,95870,15.1,96.9,0.37,7.25,12.36,100946.84
TWB14,Uvalde_2020_02,29.60214,-99.73007,436.7784,6/28/21,p,2021,05/03/2021 07:25 CDT,95873,15.05,97.1,0.15,7.25,11.92,100949.64
TWB14,Uvalde_2020_02,29.60214,-99.73007,436.7784,6/28/21,p,2021,05/03/2021 07:30 CDT,95879,15.14,97.5,0.575,7.25,12.12,100955.42
TWB14,Uvalde_2020_02,29.60214,-99.73007,436.7784,6/28/21,p,2021,05/03/2021 07:35 CDT,95886,15.22,97.2,0.055,7.25,14.51,100961.16
TWB14,Uvalde_2020_02,29.60214,-99.73007,436.7784,6/28/21,p,2021,05/03/2021 07:40 CDT,95898,15.04,97,0.12,7.25,17.71,100973.62
TWB14,Uvalde_2020_02,29.60214,-99.73007,436.7784,6/28/21,p,2021,05/03/2021 07:45 CDT,95900,15.01,97.1,0.035,7.25,22.85,100976.45
TWB14,Uvalde_2020_02,29.60214,-99.73007,436.7784,6/28/21,p,2021,05/03/2021 07:50 CDT,95907,15.11,97.5,0.165,7.25,60.29,100982.91
TWB14,Uvalde_2020_02,29.60214,-99.73007,436.7784,6/28/21,p,2021,05/03/2021 07:55 CDT,95917,15.45,98.1,0.015,7.25,81.16,100989.48
TWB14,Uvalde_2020_02,29.60214,-99.73007,436.7784,6/28/21,p,2021,05/03/2021 08:00 CDT,95923,16.18,98.2,0,7.25,99.69,100987.52
TWB14,Uvalde_2020_02,29.60214,-99.73007,436.7784,6/28/21,p,2021,05/03/2021 08:05 CDT,95921,16.65,97.3,0.12,7.25,119.77,100978.25
TWB14,Uvalde_2020_02,29.60214,-99.73007,436.7784,6/28/21,p,2021,05/03/2021 08:10 CDT,95918,16.89,97.3,0.025,7.25,132.42,100970.09
TWB14,Uvalde_2020_02,29.60214,-99.73007,436.7784,6/28/21,p,2021,05/03/2021 08:15 CDT,95922,17.32,97.1,0.22,7.25,144.36,100964.67
TWB14,Uvalde_2020_02,29.60214,-99.73007,436.7784,6/28/21,p,2021,05/03/2021 08:20 CDT,95926,17.84,96.6,0.215,7.25,158.99,100960.18
TWB14,Uvalde_2020_02,29.60214,-99.73007,436.7784,6/28/21,p,2021,05/03/2021 08:25 CDT,95926,18.48,94.8,0.06,7.25,170.13,100949.92
TWB14,Uvalde_2020_02,29.60214,-99.73007,436.7784,6/28/21,p,2021,05/03/2021 08:30 CDT,95928,19.13,92,0.185,7.25,184.14,100941.82
TWB14,Uvalde_2020_02,29.60214,-99.73007,436.7784,6/28/21,p,2021,05/03/2021 08:35 CDT,95926,19.61,90.3,0.26,7.25,194.52,100929.89
TWB14,Uvalde_2020_02,29.60214,-99.73007,436.7784,6/28/21,p,2021,05/03/2021 08:40 CDT,95932,20.08,90.3,0.36,7.25,204.58,100927.11
TWB14,Uvalde_2020_02,29.60214,-99.73007,436.7784,6/28/21,p,2021,05/03/2021 08:45 CDT,95922,20.85,87.3,0.08,7.25,211.02,100903.54
TWB14,Uvalde_2020_02,29.60214,-99.73007,436.7784,6/28/21,p,2021,05/03/2021 08:50 CDT,95913,21.61,85.5,0.355,7.25,220.3,100879.89
TWB14,Uvalde_2020_02,29.60214,-99.73007,436.7784,6/28/21,p,2021,05/03/2021 08:55 CDT,95909,21.98,84.8,0.935,7.25,229.7,100866.03
TWB14,Uvalde_2020_02,29.60214,-99.73007,436.7784,6/28/21,p,2021,05/03/2021 09:00 CDT,95913,22.64,82,1.305,7.25,240.02,100857.9
TWB14,Uvalde_2020_02,29.60214,-99.73007,436.7784,6/28/21,p,2021,05/03/2021 09:05 CDT,95916,23.16,81.5,0.97,7.25,251.36,100850.47
TWB14,Uvalde_2020_02,29.60214,-99.73007,436.7784,6/28/21,p,2021,05/03/2021 09:10 CDT,95919,23.58,81.1,1.655,7.25,272.92,100844.1
TWB14,Uvalde_2020_02,29.60214,-99.73007,436.7784,6/28/21,p,2021,05/03/2021 09:15 CDT,95911,23.91,76.47,1.77,7.25,287.59,100828.94
TWB14,Uvalde_2020_02,29.60214,-99.73007,436.7784,6/28/21,p,2021,05/03/2021 09:20 CDT,95907,24.12,75.59,2.035,7.25,304.49,100819.66
TWB14,Uvalde_2020_02,29.60214,-99.73007,436.7784,6/28/21,p,2021,05/03/2021 09:25 CDT,95910,24.17,77.1,2.32,7.25,323.51,100821.12
TWB14,Uvalde_2020_02,29.60214,-99.73007,436.7784,6/28/21,p,2021,05/03/2021 09:30 CDT,95911,24.34,74.5,2.07,7.25,334.87,100818.48
TWB14,Uvalde_2020_02,29.60214,-99.73007,436.7784,6/28/21,p,2021,05/03/2021 09:35 CDT,95909,24.31,75.34,2.095,7.25,350.2,100816.2
TWB14,Uvalde_2020_02,29.60214,-99.73007,436.7784,6/28/21,p,2021,05/03/2021 09:40 CDT,95909,24.5,73.55,1.745,7.25,362.2,100812.84
TWB14,Uvalde_2020_02,29.60214,-99.73007,436.7784,6/28/21,p,2021,05/03/2021 09:45 CDT,95909,24.55,74.69,2.45,7.25,383.24,100811.82
TWB14,Uvalde_2020_02,29.60214,-99.73007,436.7784,6/28/21,p,2021,05/03/2021 09:50 CDT,95903,24.71,73.88,2.33,7.25,395.48,100803
TWB14,Uvalde_2020_02,29.60214,-99.73007,436.7784,6/28/21,p,2021,05/03/2021 09:55 CDT,95897,24.72,75.36,2.625,7.25,413.35,100795.67
TWB14,Uvalde_2020_02,29.60214,-99.73007,436.7784,6/28/21,p,2021,05/03/2021 10:00 CDT,95908,24.74,73.2,2.385,7.25,421.61,100808.09
TWB14,Uvalde_2020_02,29.60214,-99.73007,436.7784,6/28/21,p,2021,05/03/2021 10:05 CDT,95916,25.03,72.36,1.52,7.25,426.17,100812.98
TWB14,Uvalde_2020_02,29.60214,-99.73007,436.7784,6/28/21,p,2021,05/03/2021 10:10 CDT,95921,24.99,71.98,1.9,7.25,440.08,100816.73
TWB14,Uvalde_2020_02,29.60214,-99.73007,436.7784,6/28/21,p,2021,05/03/2021 10:15 CDT,95921,25.06,74.53,2.29,7.25,447.87,100815.36
TWB14,Uvalde_2020_02,29.60214,-99.73007,436.7784,6/28/21,p,2021,05/03/2021 10:20 CDT,95918,25.06,72.64,1.65,7.25,464.64,100812.23
TWB14,Uvalde_2020_02,29.60214,-99.73007,436.7784,6/28/21,p,2021,05/03/2021 10:25 CDT,95910,25.2,71.8,1.825,7.25,478.55,100801.14
TWB14,Uvalde_2020_02,29.60214,-99.73007,436.7784,6/28/21,p,2021,05/03/2021 10:30 CDT,95916,25.17,72.2,2.135,7.25,493.59,100806.61
TWB14,Uvalde_2020_02,29.60214,-99.73007,436.7784,6/28/21,p,2021,05/03/2021 10:35 CDT,95918,25.08,71.75,1.905,7.25,507.26,100810.22
TWB14,Uvalde_2020_02,29.60214,-99.73007,436.7784,6/28/21,p,2021,05/03/2021 10:40 CDT,95920,25.3,71.75,1.545,7.25,516.71,100810.65
TWB14,Uvalde_2020_02,29.60214,-99.73007,436.7784,6/28/21,p,2021,05/03/2021 10:45 CDT,95922,25.51,72.19,1.545,7.25,524.38,100808.73
TWB14,Uvalde_2020_02,29.60214,-99.73007,436.7784,6/28/21,p,2021,05/03/2021 10:50 CDT,95916,25.7,70.4,1.84,7.25,540.41,100799.27
TWB14,Uvalde_2020_02,29.60214,-99.73007,436.7784,6/28/21,p,2021,05/03/2021 10:55 CDT,95912,25.9,69.79,1.66,7.25,546.41,100791.57
TWB14,Uvalde_2020_02,29.60214,-99.73007,436.7784,6/28/21,p,2021,05/03/2021 11:00 CDT,95923,26.3,68.27,1.145,7.25,550.85,100797.14
TWB14,Uvalde_2020_02,29.60214,-99.73007,436.7784,6/28/21,p,2021,05/03/2021 11:05 CDT,95940,26.26,68.37,1.45,7.25,564.52,100813.01
TWB14,Uvalde_2020_02,29.60214,-99.73007,436.7784,6/28/21,p,2021,05/03/2021 11:10 CDT,95947,26.23,66.75,1.515,7.25,578.28,100820.88
TWB14,Uvalde_2020_02,29.60214,-99.73007,436.7784,6/28/21,p,2021,05/03/2021 11:15 CDT,95947,26.36,69.75,1.245,7.25,583.21,100820.69
TWB14,Uvalde_2020_02,29.60214,-99.73007,436.7784,6/28/21,p,2021,05/03/2021 11:20 CDT,95943,26.63,65.4,1.535,7.25,595.58,100811.04
TWB14,Uvalde_2020_02,29.60214,-99.73007,436.7784,6/28/21,p,2021,05/03/2021 11:25 CDT,95942,26.67,65.5,1.36,7.25,603.64,100810.16
TWB14,Uvalde_2020_02,29.60214,-99.73007,436.7784,6/28/21,p,2021,05/03/2021 11:30 CDT,95938,26.8,65.63,1.29,7.25,606.51,100804.63
TWB14,Uvalde_2020_02,29.60214,-99.73007,436.7784,6/28/21,p,2021,05/03/2021 11:35 CDT,95929,27.02,65.06,1.24,7.25,615.72,100790.21
TWB14,Uvalde_2020_02,29.60214,-99.73007,436.7784,6/28/21,p,2021,05/03/2021 11:40 CDT,95915,27.2,64.58,1.9,7.25,629.95,100772.69
TWB14,Uvalde_2020_02,29.60214,-99.73007,436.7784,6/28/21,p,2021,05/03/2021 11:45 CDT,95921,27.47,62.59,1.13,7.25,635.55,100774.89
TWB14,Uvalde_2020_02,29.60214,-99.73007,436.7784,6/28/21,p,2021,05/03/2021 11:50 CDT,95922,27.74,61.71,1.49,7.25,644.82,100773.14
TWB14,Uvalde_2020_02,29.60214,-99.73007,436.7784,6/28/21,p,2021,05/03/2021 11:55 CDT,95921,27.86,60.94,1.175,7.25,645.07,100768.32
TWB14,Uvalde_2020_02,29.60214,-99.73007,436.7784,6/28/21,p,2021,05/03/2021 12:00 CDT,95921,28.21,60.77,1.035,7.25,652.19,100763.06
TWB14,Uvalde_2020_02,29.60214,-99.73007,436.7784,6/28/21,p,2021,05/03/2021 12:05 CDT,95920,28.57,57.57,1.595,7.25,639.52,100755.98
TWB14,Uvalde_2020_02,29.60214,-99.73007,436.7784,6/28/21,p,2021,05/03/2021 12:10 CDT,95912,28.36,60.76,1.405,7.25,671.1,100748.19
TWB14,Uvalde_2020_02,29.60214,-99.73007,436.7784,6/28/21,p,2021,05/03/2021 12:15 CDT,95902,28.62,58.87,1.74,7.25,676.76,100735.58
TWB14,Uvalde_2020_02,29.60214,-99.73007,436.7784,6/28/21,p,2021,05/03/2021 12:20 CDT,95895,28.71,55.47,1.205,7.25,680.41,100727.61
TWB14,Uvalde_2020_02,29.60214,-99.73007,436.7784,6/28/21,p,2021,05/03/2021 12:25 CDT,95896,29.07,55.3,0.72,7.25,676.79,100725.39
TWB14,Uvalde_2020_02,29.60214,-99.73007,436.7784,6/28/21,p,2021,05/03/2021 12:30 CDT,95890,29.17,58.17,1.6,7.25,693.43,100715.47
TWB14,Uvalde_2020_02,29.60214,-99.73007,436.7784,6/28/21,p,2021,05/03/2021 12:35 CDT,95889,29.31,55.91,1.485,7.25,699.4,100710.86
TWB14,Uvalde_2020_02,29.60214,-99.73007,436.7784,6/28/21,p,2021,05/03/2021 12:40 CDT,95889,29.34,54.53,1.005,7.25,698.28,100710.71
TWB14,Uvalde_2020_02,29.60214,-99.73007,436.7784,6/28/21,p,2021,05/03/2021 12:45 CDT,95890,29.5,54.09,0.935,7.25,697.14,100709.65
TWB14,Uvalde_2020_02,29.60214,-99.73007,436.7784,6/28/21,p,2021,05/03/2021 12:50 CDT,95882,29.79,54.06,1.105,7.25,694.82,100698.49
TWB14,Uvalde_2020_02,29.60214,-99.73007,436.7784,6/28/21,p,2021,05/03/2021 12:55 CDT,95877,29.91,61.4,1.655,7.25,712.65,100688.93
TWB14,Uvalde_2020_02,29.60214,-99.73007,436.7784,6/28/21,p,2021,05/03/2021 13:00 CDT,95875,29.99,51.66,1.34,7.25,715.76,100685.64
TWB14,Uvalde_2020_02,29.60214,-99.73007,436.7784,6/28/21,p,2021,05/03/2021 13:05 CDT,95868,30.28,55.33,0.98,7.25,709.24,100675.33
TWB14,Uvalde_2020_02,29.60214,-99.73007,436.7784,6/28/21,p,2021,05/03/2021 13:10 CDT,95861,30.51,48.39,1.7,7.25,720.85,100661.92
TWB14,Uvalde_2020_02,29.60214,-99.73007,436.7784,6/28/21,p,2021,05/03/2021 13:15 CDT,95856,30.68,49.67,1.265,7.25,714.98,100654.07
TWB14,Uvalde_2020_02,29.60214,-99.73007,436.7784,6/28/21,p,2021,05/03/2021 13:20 CDT,95855,30.71,52.63,1.82,7.25,725.6,100651.05
TWB14,Uvalde_2020_02,29.60214,-99.73007,436.7784,6/28/21,p,2021,05/03/2021 13:25 CDT,95848,30.76,50.01,2.255,7.25,728.93,100643.9
TWB14,Uvalde_2020_02,29.60214,-99.73007,436.7784,6/28/21,p,2021,05/03/2021 13:30 CDT,95843,30.68,50.31,1.735,7.25,729.23,100640.09
TWB14,Uvalde_2020_02,29.60214,-99.73007,436.7784,6/28/21,p,2021,05/03/2021 13:35 CDT,95842,31.07,50.61,1.7,7.25,723.75,100634.53
TWB14,Uvalde_2020_02,29.60214,-99.73007,436.7784,6/28/21,p,2021,05/03/2021 13:40 CDT,95841,31.14,47.28,1.6,7.25,725.15,100632.23
TWB14,Uvalde_2020_02,29.60214,-99.73007,436.7784,6/28/21,p,2021,05/03/2021 13:45 CDT,95832,31.3,47.35,1.45,7.25,723.56,100620.37
TWB14,Uvalde_2020_02,29.60214,-99.73007,436.7784,6/28/21,p,2021,05/03/2021 13:50 CDT,95825,31.42,49.54,1.185,7.25,721.6,100612.19
TWB14,Uvalde_2020_02,29.60214,-99.73007,436.7784,6/28/21,p,2021,05/03/2021 13:55 CDT,95818,31.51,46.88,1.405,7.25,722.29,100602.63
TWB14,Uvalde_2020_02,29.60214,-99.73007,436.7784,6/28/21,p,2021,05/03/2021 14:00 CDT,95813,31.48,47.28,1.675,7.25,726.79,100596.25
TWB14,Uvalde_2020_02,29.60214,-99.73007,436.7784,6/28/21,p,2021,05/03/2021 14:05 CDT,95803,31.61,48.29,1.81,7.25,726.11,100584.13
TWB14,Uvalde_2020_02,29.60214,-99.73007,436.7784,6/28/21,p,2021,05/03/2021 14:10 CDT,95798,31.77,43.54,1.875,7.25,721.1,100574.78
TWB14,Uvalde_2020_02,29.60214,-99.73007,436.7784,6/28/21,p,2021,05/03/2021 14:15 CDT,95789,32.07,43.85,1.045,7.25,714.52,100563.09
TWB14,Uvalde_2020_02,29.60214,-99.73007,436.7784,6/28/21,p,2021,05/03/2021 14:20 CDT,95785,32.26,46,2.035,7.25,723.1,100554.55
TWB14,Uvalde_2020_02,29.60214,-99.73007,436.7784,6/28/21,p,2021,05/03/2021 14:25 CDT,95776,32.35,46.84,1.175,7.25,709.78,100545.73
TWB14,Uvalde_2020_02,29.60214,-99.73007,436.7784,6/28/21,p,2021,05/03/2021 14:30 CDT,95772,32.78,38.63,1.73,7.25,710.94,100534.95
TWB14,Uvalde_2020_02,29.60214,-99.73007,436.7784,6/28/21,p,2021,05/03/2021 14:35 CDT,95770,32.77,36.68,1.58,7.25,709.26,100530.81
TWB14,Uvalde_2020_02,29.60214,-99.73007,436.7784,6/28/21,p,2021,05/03/2021 14:40 CDT,95765,32.9,38.56,0.88,7.25,697.67,100525.06
TWB14,Uvalde_2020_02,29.60214,-99.73007,436.7784,6/28/21,p,2021,05/03/2021 14:45 CDT,95761,33.32,35.9,1.015,7.25,694.96,100514.87
TWB14,Uvalde_2020_02,29.60214,-99.73007,436.7784,6/28/21,p,2021,05/03/2021 14:50 CDT,95759,33.09,37.21,1.075,7.25,692.31,100513.86
TWB14,Uvalde_2020_02,29.60214,-99.73007,436.7784,6/28/21,p,2021,05/03/2021 14:55 CDT,95755,33.18,39.09,1.415,7.25,687.14,100509.48
TWB14,Uvalde_2020_02,29.60214,-99.73007,436.7784,6/28/21,p,2021,05/03/2021 15:00 CDT,95753,33.34,38.32,0.93,7.25,665.37,100505.17
TWB14,Uvalde_2020_02,29.60214,-99.73007,436.7784,6/28/21,p,2021,05/03/2021 15:05 CDT,95751,33.13,38.99,1.605,7.25,671.93,100503.7
TWB14,Uvalde_2020_02,29.60214,-99.73007,436.7784,6/28/21,p,2021,05/03/2021 15:10 CDT,95751,33.24,35.86,1.315,7.25,665.39,100502.63
TWB14,Uvalde_2020_02,29.60214,-99.73007,436.7784,6/28/21,p,2021,05/03/2021 15:15 CDT,95749,33.24,37.54,1.25,7.25,660.59,100500.04
TWB14,Uvalde_2020_02,29.60214,-99.73007,436.7784,6/28/21,p,2021,05/03/2021 15:20 CDT,95741,33.09,40.13,1.365,7.25,657.15,100493.35
TWB14,Uvalde_2020_02,29.60214,-99.73007,436.7784,6/28/21,p,2021,05/03/2021 15:25 CDT,95736,33.28,41.07,1.755,7.25,655.13,100486.82
TWB14,Uvalde_2020_02,29.60214,-99.73007,436.7784,6/28/21,p,2021,05/03/2021 15:30 CDT,95736,33.46,37.51,1.735,7.25,639.36,100484.02
TWB14,Uvalde_2020_02,29.60214,-99.73007,436.7784,6/28/21,p,2021,05/03/2021 15:35 CDT,95728,33.25,39.46,1.455,7.25,635.07,100477.81
TWB14,Uvalde_2020_02,29.60214,-99.73007,436.7784,6/28/21,p,2021,05/03/2021 15:40 CDT,95721,33.39,40.9,1.645,7.25,621.72,100468.39
TWB14,Uvalde_2020_02,29.60214,-99.73007,436.7784,6/28/21,p,2021,05/03/2021 15:45 CDT,95718,33.49,40.13,1.8,7.25,613.09,100463.83
TWB14,Uvalde_2020_02,29.60214,-99.73007,436.7784,6/28/21,p,2021,05/03/2021 15:50 CDT,95715,33.47,42.95,1.835,7.25,606.24,100460.17
TWB14,Uvalde_2020_02,29.60214,-99.73007,436.7784,6/28/21,p,2021,05/03/2021 15:55 CDT,95704,33.54,38.14,1.86,7.25,593.12,100448.05
TWB14,Uvalde_2020_02,29.60214,-99.73007,436.7784,6/28/21,p,2021,05/03/2021 16:00 CDT,95695,33.58,36.96,1.84,7.25,590.29,100437.68
TWB14,Uvalde_2020_02,29.60214,-99.73007,436.7784,6/28/21,p,2021,05/03/2021 16:05 CDT,95691,33.66,40.33,1.71,7.25,583.45,100432.01
TWB14,Uvalde_2020_02,29.60214,-99.73007,436.7784,6/28/21,p,2021,05/03/2021 16:10 CDT,95691,33.71,36.86,1.935,7.25,576.44,100431.9
TWB14,Uvalde_2020_02,29.60214,-99.73007,436.7784,6/28/21,p,2021,05/03/2021 16:15 CDT,95691,33.66,36.9,1.535,7.25,555.12,100432.53
TWB14,Uvalde_2020_02,29.60214,-99.73007,436.7784,6/28/21,p,2021,05/03/2021 16:20 CDT,95686,33.68,34.94,0.91,7.25,541.26,100429.05
TWB14,Uvalde_2020_02,29.60214,-99.73007,436.7784,6/28/21,p,2021,05/03/2021 16:25 CDT,95680,33.82,37.94,1.345,7.25,539.75,100420.5
TWB14,Uvalde_2020_02,29.60214,-99.73007,436.7784,6/28/21,p,2021,05/03/2021 16:30 CDT,95671,34.11,36.32,0.66,7.25,517.86,100407.45
TWB14,Uvalde_2020_02,29.60214,-99.73007,436.7784,6/28/21,p,2021,05/03/2021 16:35 CDT,95665,34.26,36.46,1.185,7.25,514.57,100397.22
TWB14,Uvalde_2020_02,29.60214,-99.73007,436.7784,6/28/21,p,2021,05/03/2021 16:40 CDT,95666,34.14,38.17,1.72,7.25,512.8,100398.56
TWB14,Uvalde_2020_02,29.60214,-99.73007,436.7784,6/28/21,p,2021,05/03/2021 16:45 CDT,95665,34.14,34.88,1.815,7.25,505.48,100397.87
TWB14,Uvalde_2020_02,29.60214,-99.73007,436.7784,6/28/21,p,2021,05/03/2021 16:50 CDT,95664,33.97,38.21,1.32,7.25,482.39,100399.92
TWB14,Uvalde_2020_02,29.60214,-99.73007,436.7784,6/28/21,p,2021,05/03/2021 16:55 CDT,95663,33.98,38.17,2.03,7.25,478.7,100399.03
TWB14,Uvalde_2020_02,29.60214,-99.73007,436.7784,6/28/21,p,2021,05/03/2021 17:00 CDT,95663,34.02,36.39,2.14,7.25,463.32,100397.8
TWB14,Uvalde_2020_02,29.60214,-99.73007,436.7784,6/28/21,p,2021,05/03/2021 17:05 CDT,95662,33.86,35.55,1.88,7.25,442.57,100398.65
TWB14,Uvalde_2020_02,29.60214,-99.73007,436.7784,6/28/21,p,2021,05/03/2021 17:10 CDT,95661,33.97,40.02,1.1,7.25,432.09,100398.01
TWB14,Uvalde_2020_02,29.60214,-99.73007,436.7784,6/28/21,p,2021,05/03/2021 17:15 CDT,95659,34.1,38.68,1.825,7.25,423.65,100393.88
TWB14,Uvalde_2020_02,29.60214,-99.73007,436.7784,6/28/21,p,2021,05/03/2021 17:20 CDT,95660,34.03,38.51,1.72,7.25,417.1,100395.25
TWB14,Uvalde_2020_02,29.60214,-99.73007,436.7784,6/28/21,p,2021,05/03/2021 17:25 CDT,95660,34.06,39.08,1.065,7.25,397.27,100395.4
TWB14,Uvalde_2020_02,29.60214,-99.73007,436.7784,6/28/21,p,2021,05/03/2021 17:30 CDT,95659,34.2,39.96,1.52,7.25,388.41,100392.29
TWB14,Uvalde_2020_02,29.60214,-99.73007,436.7784,6/28/21,p,2021,05/03/2021 17:35 CDT,95662,34.08,39.69,1.655,7.25,378.86,100395.76
TWB14,Uvalde_2020_02,29.60214,-99.73007,436.7784,6/28/21,p,2021,05/03/2021 17:40 CDT,95662,34.04,38.31,1.47,7.25,367.16,100398.14
TWB14,Uvalde_2020_02,29.60214,-99.73007,436.7784,6/28/21,p,2021,05/03/2021 17:45 CDT,95660,33.95,36.9,1.625,7.25,353.37,100397.16
TWB14,Uvalde_2020_02,29.60214,-99.73007,436.7784,6/28/21,p,2021,05/03/2021 17:50 CDT,95663,33.87,36.9,1.835,7.25,345.63,100402.04
TWB14,Uvalde_2020_02,29.60214,-99.73007,436.7784,6/28/21,p,2021,05/03/2021 17:55 CDT,95661,33.82,37.26,1.8,7.25,329.84,100401.04
TWB14,Uvalde_2020_02,29.60214,-99.73007,436.7784,6/28/21,p,2021,05/03/2021 18:00 CDT,95660,33.71,37.9,1.86,7.25,317.83,100401.09
TWB14,Uvalde_2020_02,29.60214,-99.73007,436.7784,6/28/21,p,2021,05/03/2021 18:05 CDT,95659,33.58,38.07,2.425,7.25,311.2,100402.4
TWB14,Uvalde_2020_02,29.60214,-99.73007,436.7784,6/28/21,p,2021,05/03/2021 18:10 CDT,95656,33.49,36.59,2.455,7.25,291.37,100401.64
TWB14,Uvalde_2020_02,29.60214,-99.73007,436.7784,6/28/21,p,2021,05/03/2021 18:15 CDT,95655,33.51,34.1,1.68,7.25,271.68,100401.58
TWB14,Uvalde_2020_02,29.60214,-99.73007,436.7784,6/28/21,p,2021,05/03/2021 18:20 CDT,95663,33.59,32.99,1.725,7.25,259.79,100408.72
TWB14,Uvalde_2020_02,29.60214,-99.73007,436.7784,6/28/21,p,2021,05/03/2021 18:25 CDT,95664,33.63,31.08,1.78,7.25,250.49,100409.01
TWB14,Uvalde_2020_02,29.60214,-99.73007,436.7784,6/28/21,p,2021,05/03/2021 18:30 CDT,95665,33.62,30.94,1.645,7.25,220.91,100410.38
TWB14,Uvalde_2020_02,29.60214,-99.73007,436.7784,6/28/21,p,2021,05/03/2021 18:35 CDT,95659,33.6,32.83,1.645,7.25,221.22,100404.05
TWB14,Uvalde_2020_02,29.60214,-99.73007,436.7784,6/28/21,p,2021,05/03/2021 18:40 CDT,95661,33.62,30.3,1.725,7.25,208.97,100406.66
TWB14,Uvalde_2020_02,29.60214,-99.73007,436.7784,6/28/21,p,2021,05/03/2021 18:45 CDT,95664,33.56,31.01,2.15,7.25,198.1,100410.59
TWB14,Uvalde_2020_02,29.60214,-99.73007,436.7784,6/28/21,p,2021,05/03/2021 18:50 CDT,95660,33.5,28.55,2.055,7.25,183.61,100408.48
TWB14,Uvalde_2020_02,29.60214,-99.73007,436.7784,6/28/21,p,2021,05/03/2021 18:55 CDT,95660,33.4,27.58,2.33,7.25,172.27,100409.76
TWB14,Uvalde_2020_02,29.60214,-99.73007,436.7784,6/28/21,p,2021,05/03/2021 19:00 CDT,95656,33.31,29.19,2.14,7.25,157.62,100407.12
TWB14,Uvalde_2020_02,29.60214,-99.73007,436.7784,6/28/21,p,2021,05/03/2021 19:05 CDT,95659,33.21,28.96,2.18,7.25,143.19,100412.02
TWB14,Uvalde_2020_02,29.60214,-99.73007,436.7784,6/28/21,p,2021,05/03/2021 19:10 CDT,95665,33.13,29.67,2.12,7.25,130.22,100419.57
TWB14,Uvalde_2020_02,29.60214,-99.73007,436.7784,6/28/21,p,2021,05/03/2021 19:15 CDT,95664,33.05,30.95,1.47,7.25,114.5,100420.09
TWB14,Uvalde_2020_02,29.60214,-99.73007,436.7784,6/28/21,p,2021,05/03/2021 19:20 CDT,95659,32.95,31.59,0.915,7.25,100.21,100416.9
TWB14,Uvalde_2020_02,29.60214,-99.73007,436.7784,6/28/21,p,2021,05/03/2021 19:25 CDT,95660,32.75,31.29,0.88,7.25,87.32,100420.65
TWB14,Uvalde_2020_02,29.60214,-99.73007,436.7784,6/28/21,p,2021,05/03/2021 19:30 CDT,95664,32.55,32.87,0.81,7.25,72.99,100428.33
TWB14,Uvalde_2020_02,29.60214,-99.73007,436.7784,6/28/21,p,2021,05/03/2021 19:35 CDT,95671,32.35,32.3,0.51,7.25,42.96,100438.08
TWB14,Uvalde_2020_02,29.60214,-99.73007,436.7784,6/28/21,p,2021,05/03/2021 19:40 CDT,95674,32.19,32.77,0.25,7.25,30.24,100443.3
TWB14,Uvalde_2020_02,29.60214,-99.73007,436.7784,6/28/21,p,2021,05/03/2021 19:45 CDT,95673,32,41.25,0.005,7.25,27.96,100446.13
TWB14,Uvalde_2020_02,29.60214,-99.73007,436.7784,6/28/21,p,2021,05/03/2021 19:50 CDT,95679,31.27,46.57,0,7.25,24.99,100468.89
TWB14,Uvalde_2020_02,29.60214,-99.73007,436.7784,6/28/21,p,2021,05/03/2021 19:55 CDT,95681,30.62,45.63,0.015,7.25,19.68,100483.27
TWB14,Uvalde_2020_02,29.60214,-99.73007,436.7784,6/28/21,p,2021,05/03/2021 20:00 CDT,95693,29.82,51.9,0.26,7.25,17.32,100505.86
TWB14,Uvalde_2020_02,29.60214,-99.73007,436.7784,6/28/21,p,2021,05/03/2021 20:05 CDT,95707,28.96,53.15,0.185,7.25,13.79,100537.84
TWB14,Uvalde_2020_02,29.60214,-99.73007,436.7784,6/28/21,p,2021,05/03/2021 20:10 CDT,95713,28.43,55.94,0,7.25,9.53,100551.5
TWB14,Uvalde_2020_02,29.60214,-99.73007,436.7784,6/28/21,p,2021,05/03/2021 20:15 CDT,95714,27.74,60.66,0,7.25,6.9,100563.36
TWB14,Uvalde_2020_02,29.60214,-99.73007,436.7784,6/28/21,p,2021,05/03/2021 20:20 CDT,95718,27.15,62.45,0,7.25,4.71,100578.46
TWB14,Uvalde_2020_02,29.60214,-99.73007,436.7784,6/28/21,p,2021,05/03/2021 20:25 CDT,95729,26.71,61.57,0,7.25,3.66,100597.5
TWB14,Uvalde_2020_02,29.60214,-99.73007,436.7784,6/28/21,p,2021,05/03/2021 20:30 CDT,95743,26.19,60.74,0,7.25,2.6,100621.05
TWB14,Uvalde_2020_02,29.60214,-99.73007,436.7784,6/28/21,p,2021,05/03/2021 20:35 CDT,95751,25.72,64.11,0.11,7.25,1.73,100636.61
TWB14,Uvalde_2020_02,29.60214,-99.73007,436.7784,6/28/21,p,2021,05/03/2021 20:40 CDT,95771,24.98,65.43,1.11,7.25,1.39,100670.38
TWB14,Uvalde_2020_02,29.60214,-99.73007,436.7784,6/28/21,p,2021,05/03/2021 20:45 CDT,95782,24.97,66.92,0.405,7.25,1.36,100688.16
TWB14,Uvalde_2020_02,29.60214,-99.73007,436.7784,6/28/21,p,2021,05/03/2021 20:50 CDT,95787,24.83,69.38,0.525,7.25,0.84,100697.79
TWB14,Uvalde_2020_02,29.60214,-99.73007,436.7784,6/28/21,p,2021,05/03/2021 20:55 CDT,95796,24.78,68.4,0.585,7.25,0.78,100713.18
TWB14,Uvalde_2020_02,29.60214,-99.73007,436.7784,6/28/21,p,2021,05/03/2021 21:00 CDT,95809,24.82,67.23,0.525,7.25,0.45,100729.91
TWB14,Uvalde_2020_02,29.60214,-99.73007,436.7784,6/28/21,p,2021,05/03/2021 21:05 CDT,95822,24.47,69.29,0.045,7.25,0.41,100746.96
TWB14,Uvalde_2020_02,29.60214,-99.73007,436.7784,6/28/21,p,2021,05/03/2021 21:10 CDT,95837,23.75,70.3,0.52,7.25,0,100763.57
TWB14,Uvalde_2020_02,29.60214,-99.73007,436.7784,6/28/21,p,2021,05/03/2021 21:15 CDT,95846,23.52,72.7,0.125,7.25,0.18,100774.89
TWB14,Uvalde_2020_02,29.60214,-99.73007,436.7784,6/28/21,p,2021,05/03/2021 21:20 CDT,95854,23.28,74.05,0.12,7.25,0.15,100787.04
TWB14,Uvalde_2020_02,29.60214,-99.73007,436.7784,6/28/21,p,2021,05/03/2021 21:25 CDT,95874,22.99,73.58,0.06,7.25,0.5,100813.53
TWB14,Uvalde_2020_02,29.60214,-99.73007,436.7784,6/28/21,p,2021,05/03/2021 21:30 CDT,95892,22.72,74.67,0.14,7.25,0.87,100837.93
TWB14,Uvalde_2020_02,29.60214,-99.73007,436.7784,6/28/21,p,2021,05/03/2021 21:35 CDT,95931,23.01,65.34,1.38,7.25,0,100880.72
TWB14,Uvalde_2020_02,29.60214,-99.73007,436.7784,6/28/21,p,2021,05/03/2021 21:40 CDT,95941,24.66,59.18,2.04,7.25,0,100868.07
TWB14,Uvalde_2020_02,29.60214,-99.73007,436.7784,6/28/21,p,2021,05/03/2021 21:45 CDT,95948,25.4,59.58,0.955,7.25,0,100854.46
TWB14,Uvalde_2020_02,29.60214,-99.73007,436.7784,6/28/21,p,2021,05/03/2021 21:50 CDT,95959,25.52,60.46,0.81,7.25,0,100862.65
TWB14,Uvalde_2020_02,29.60214,-99.73007,436.7784,6/28/21,p,2021,05/03/2021 21:55 CDT,95974,25.07,62.41,1.25,7.25,0.11,100883.79
TWB14,Uvalde_2020_02,29.60214,-99.73007,436.7784,6/28/21,p,2021,05/03/2021 22:00 CDT,95988,24.77,71.89,1.23,7.25,0.35,100907.04
TWB14,Uvalde_2020_02,29.60214,-99.73007,436.7784,6/28/21,p,2021,05/03/2021 22:05 CDT,95993,25.32,68.52,1.335,7.25,0,100904.38
TWB14,Uvalde_2020_02,29.60214,-99.73007,436.7784,6/28/21,p,2021,05/03/2021 22:10 CDT,95998,25.75,73,1.34,7.25,0,100898.83
TWB14,Uvalde_2020_02,29.60214,-99.73007,436.7784,6/28/21,p,2021,05/03/2021 22:15 CDT,96016,25.87,73.87,0.905,7.25,0,100913.2
TWB14,Uvalde_2020_02,29.60214,-99.73007,436.7784,6/28/21,p,2021,05/03/2021 22:20 CDT,96023,25.9,74.14,1.15,7.25,0,100918.88
TWB14,Uvalde_2020_02,29.60214,-99.73007,436.7784,6/28/21,p,2021,05/03/2021 22:25 CDT,96036,26.06,74.11,1.71,7.25,0,100929.36
TWB14,Uvalde_2020_02,29.60214,-99.73007,436.7784,6/28/21,p,2021,05/03/2021 22:30 CDT,96050,26.08,75.09,0.945,7.25,0,100942.22
TWB14,Uvalde_2020_02,29.60214,-99.73007,436.7784,6/28/21,p,2021,05/03/2021 22:35 CDT,96062,25.8,73.47,1.025,7.25,0.16,100958.7
TWB14,Uvalde_2020_02,29.60214,-99.73007,436.7784,6/28/21,p,2021,05/03/2021 22:40 CDT,96070,25.33,73.94,0.68,7.25,1.38,100975.33
TWB14,Uvalde_2020_02,29.60214,-99.73007,436.7784,6/28/21,p,2021,05/03/2021 22:45 CDT,96078,25.04,77.89,0.81,7.25,1.05,100991.63
TWB14,Uvalde_2020_02,29.60214,-99.73007,436.7784,6/28/21,p,2021,05/03/2021 22:50 CDT,96081,25.21,75.49,0.985,7.25,0.04,100993.45
TWB14,Uvalde_2020_02,29.60214,-99.73007,436.7784,6/28/21,p,2021,05/03/2021 22:55 CDT,96090,25.17,78.12,0.395,7.25,0.13,101002.55
TWB14,Uvalde_2020_02,29.60214,-99.73007,436.7784,6/28/21,p,2021,05/03/2021 23:00 CDT,96096,24.89,78.19,0.07,7.25,0.83,101013.25
TWB14,Uvalde_2020_02,29.60214,-99.73007,436.7784,6/28/21,p,2021,05/03/2021 23:05 CDT,96112,24.45,79.67,0.135,7.25,1.35,101036.83
TWB14,Uvalde_2020_02,29.60214,-99.73007,436.7784,6/28/21,p,2021,05/03/2021 23:10 CDT,96123,24.01,80.6,0.075,7.25,1.42,101055.17
TWB14,Uvalde_2020_02,29.60214,-99.73007,436.7784,6/28/21,p,2021,05/03/2021 23:15 CDT,96130,23.59,81.9,0,7.25,1.3,101068.48
TWB14,Uvalde_2020_02,29.60214,-99.73007,436.7784,6/28/21,p,2021,05/03/2021 23:20 CDT,96134,23.31,83.4,0.02,7.25,0.65,101076.42
TWB14,Uvalde_2020_02,29.60214,-99.73007,436.7784,6/28/21,p,2021,05/03/2021 23:25 CDT,96142,23.16,84,0.005,7.25,0.48,101087.91
TWB14,Uvalde_2020_02,29.60214,-99.73007,436.7784,6/28/21,p,2021,05/03/2021 23:30 CDT,96145,22.93,85.7,0.19,7.25,0.05,101094.64
TWB14,Uvalde_2020_02,29.60214,-99.73007,436.7784,6/28/21,p,2021,05/03/2021 23:35 CDT,96149,22.79,86.2,0,7.25,0.3,101102.27
TWB14,Uvalde_2020_02,29.60214,-99.73007,436.7784,6/28/21,p,2021,05/03/2021 23:40 CDT,96158,22.7,86.6,0,7.25,0.49,101114.13
TWB14,Uvalde_2020_02,29.60214,-99.73007,436.7784,6/28/21,p,2021,05/03/2021 23:45 CDT,96159,22.55,87.8,0.03,7.25,0.2,101117.92
TWB14,Uvalde_2020_02,29.60214,-99.73007,436.7784,6/28/21,p,2021,05/03/2021 23:50 CDT,96159,22.5,88,0.02,7.25,0.16,101120.49
TWB14,Uvalde_2020_02,29.60214,-99.73007,436.7784,6/28/21,p,2021,05/03/2021 23:55 CDT,96163,22.41,88.5,0.01,7.25,0,101127.1
TWB14,Uvalde_2020_02,29.60214,-99.73007,436.7784,6/28/21,p,2021,05/04/2021 00:00 CDT,96184,22.24,88.9,0.875,7.25,0,101151.42
TWB14,Uvalde_2020_02,29.60214,-99.73007,436.7784,6/28/21,p,2021,05/04/2021 00:05 CDT,96195,22.14,91.2,1.275,7.25,0,101167.81
TWB14,Uvalde_2020_02,29.60214,-99.73007,436.7784,6/28/21,p,2021,05/04/2021 00:10 CDT,96197,22.36,89.1,1.515,7.25,0,101166.13
TWB14,Uvalde_2020_02,29.60214,-99.73007,436.7784,6/28/21,p,2021,05/04/2021 00:15 CDT,96212,22.46,84.5,1.78,7.25,0,101177.8
TWB14,Uvalde_2020_02,29.60214,-99.73007,436.7784,6/28/21,p,2021,05/04/2021 00:20 CDT,96205,22.4,82.7,0.79,7.25,0,101168.9
TWB14,Uvalde_2020_02,29.60214,-99.73007,436.7784,6/28/21,p,2021,05/04/2021 00:25 CDT,96204,22.32,82.4,0.725,7.25,0.05,101167.51
TWB14,Uvalde_2020_02,29.60214,-99.73007,436.7784,6/28/21,p,2021,05/04/2021 00:30 CDT,96204,22.12,81.8,0.465,7.25,0.06,101169.24
TWB14,Uvalde_2020_02,29.60214,-99.73007,436.7784,6/28/21,p,2021,05/04/2021 00:35 CDT,96214,21.99,82.9,0.52,7.25,0.11,101181.64
TWB14,Uvalde_2020_02,29.60214,-99.73007,436.7784,6/28/21,p,2021,05/04/2021 00:40 CDT,96211,21.86,83.5,0.19,7.25,0.23,101180.2
TWB14,Uvalde_2020_02,29.60214,-99.73007,436.7784,6/28/21,p,2021,05/04/2021 00:45 CDT,96193,21.77,84,0.11,7.25,0.43,101163.85
TWB14,Uvalde_2020_02,29.60214,-99.73007,436.7784,6/28/21,p,2021,05/04/2021 00:50 CDT,96208,21.65,84.5,1.09,7.25,0.02,101182.04
TWB14,Uvalde_2020_02,29.60214,-99.73007,436.7784,6/28/21,p,2021,05/04/2021 00:55 CDT,96221,21.45,85.4,1.22,7.25,0,101199.86
TWB14,Uvalde_2020_02,29.60214,-99.73007,436.7784,6/28/21,p,2021,05/04/2021 01:00 CDT,96219,21.45,84.3,1.22,7.25,0,101198.8
TWB14,Uvalde_2020_02,29.60214,-99.73007,436.7784,6/28/21,p,2021,05/04/2021 01:05 CDT,96219,21.63,84.4,0.355,7.25,0,101195.34
TWB14,Uvalde_2020_02,29.60214,-99.73007,436.7784,6/28/21,p,2021,05/04/2021 01:10 CDT,96220,21.57,85.1,0.265,7.25,0,101196.56
TWB14,Uvalde_2020_02,29.60214,-99.73007,436.7784,6/28/21,p,2021,05/04/2021 01:15 CDT,96233,21.47,85.7,0.18,7.25,0.11,101212.13
TWB14,Uvalde_2020_02,29.60214,-99.73007,436.7784,6/28/21,p,2021,05/04/2021 01:20 CDT,96245,21.28,87.4,1.255,7.25,0,101227.16
TWB14,Uvalde_2020_02,29.60214,-99.73007,436.7784,6/28/21,p,2021,05/04/2021 01:25 CDT,96213,21.11,88.5,0.77,7.25,0.02,101196.96
TWB14,Uvalde_2020_02,29.60214,-99.73007,436.7784,6/28/21,p,2021,05/04/2021 01:30 CDT,96231,21.06,89.3,0.92,7.25,0,101216.58
TWB14,Uvalde_2020_02,29.60214,-99.73007,436.7784,6/28/21,p,2021,05/04/2021 01:35 CDT,96246,21.04,89.2,0.4,7.25,0,101233.58
TWB14,Uvalde_2020_02,29.60214,-99.73007,436.7784,6/28/21,p,2021,05/04/2021 01:40 CDT,96260,21.01,89.4,1.63,7.25,0,101247.78
TWB14,Uvalde_2020_02,29.60214,-99.73007,436.7784,6/28/21,p,2021,05/04/2021 01:45 CDT,96273,21.14,88.8,1.87,7.25,0,101260.07
TWB14,Uvalde_2020_02,29.60214,-99.73007,436.7784,6/28/21,p,2021,05/04/2021 01:50 CDT,96275,21.49,87.7,2.235,7.25,0,101256.64
TWB14,Uvalde_2020_02,29.60214,-99.73007,436.7784,6/28/21,p,2021,05/04/2021 01:55 CDT,96270,21.87,86.9,1.405,7.25,0,101245.16
TWB14,Uvalde_2020_02,29.60214,-99.73007,436.7784,6/28/21,p,2021,05/04/2021 02:00 CDT,96270,22.33,84.1,2.06,7.25,0,101239.49
TWB14,Uvalde_2020_02,29.60214,-99.73007,436.7784,6/28/21,p,2021,05/04/2021 02:05 CDT,96266,23.35,75.34,2.15,7.25,0,101221.43
TWB14,Uvalde_2020_02,29.60214,-99.73007,436.7784,6/28/21,p,2021,05/04/2021 02:10 CDT,96272,24.08,73.11,3.07,7.25,0,101211.71
TWB14,Uvalde_2020_02,29.60214,-99.73007,436.7784,6/28/21,p,2021,05/04/2021 02:15 CDT,96259,24.06,71.06,2.65,7.25,0,101195.17
TWB14,Uvalde_2020_02,29.60214,-99.73007,436.7784,6/28/21,p,2021,05/04/2021 02:20 CDT,96268,24.01,69.91,4.325,9.615,0,101204.47
TWB14,Uvalde_2020_02,29.60214,-99.73007,436.7784,6/28/21,p,2021,05/04/2021 02:25 CDT,96260,23.9,69.98,3.505,9.285,0.12,101197.25
TWB14,Uvalde_2020_02,29.60214,-99.73007,436.7784,6/28/21,p,2021,05/04/2021 02:30 CDT,96265,23.76,68.9,3.9,9.285,0.31,101204.21
TWB14,Uvalde_2020_02,29.60214,-99.73007,436.7784,6/28/21,p,2021,05/04/2021 02:35 CDT,96265,23.52,69.57,3.865,9.285,0.7,101207.78
TWB14,Uvalde_2020_02,29.60214,-99.73007,436.7784,6/28/21,p,2021,05/04/2021 02:40 CDT,96267,23.23,69.03,4.52,10.115,0.86,101214.84
TWB14,Uvalde_2020_02,29.60214,-99.73007,436.7784,6/28/21,p,2021,05/04/2021 02:45 CDT,96252,22.99,69.17,3.82,10.115,0.73,101203.33
TWB14,Uvalde_2020_02,29.60214,-99.73007,436.7784,6/28/21,p,2021,05/04/2021 02:50 CDT,96257,22.79,69.7,3.385,10.115,0.58,101211.84
TWB14,Uvalde_2020_02,29.60214,-99.73007,436.7784,6/28/21,p,2021,05/04/2021 02:55 CDT,96266,22.64,70.07,4.1,10.115,0.09,101224.04
TWB14,Uvalde_2020_02,29.60214,-99.73007,436.7784,6/28/21,p,2021,05/04/2021 03:00 CDT,96278,22.5,70.38,3.215,10.115,0.27,101239.23
TWB14,Uvalde_2020_02,29.60214,-99.73007,436.7784,6/28/21,p,2021,05/04/2021 03:05 CDT,96278,22.36,71.25,3.155,10.115,0.02,101241.28
TWB14,Uvalde_2020_02,29.60214,-99.73007,436.7784,6/28/21,p,2021,05/04/2021 03:10 CDT,96294,22.21,71.38,3.135,10.115,0.08,101261.2
TWB14,Uvalde_2020_02,29.60214,-99.73007,436.7784,6/28/21,p,2021,05/04/2021 03:15 CDT,96299,22.09,70.38,3.255,10.115,0.01,101268.7
TWB14,Uvalde_2020_02,29.60214,-99.73007,436.7784,6/28/21,p,2021,05/04/2021 03:20 CDT,96298,22.05,69.46,2.99,10.115,0,101268.52
TWB14,Uvalde_2020_02,29.60214,-99.73007,436.7784,6/28/21,p,2021,05/04/2021 03:25 CDT,96303,21.98,69.03,3.435,10.115,0,101274.99
TWB14,Uvalde_2020_02,29.60214,-99.73007,436.7784,6/28/21,p,2021,05/04/2021 03:30 CDT,96319,21.85,71.39,2.88,10.115,0.25,101293.18
TWB14,Uvalde_2020_02,29.60214,-99.73007,436.7784,6/28/21,p,2021,05/04/2021 03:35 CDT,96331,21.6,70.24,2.835,10.115,0.25,101310.29
TWB14,Uvalde_2020_02,29.60214,-99.73007,436.7784,6/28/21,p,2021,05/04/2021 03:40 CDT,96341,21.57,68.56,3.045,8.95,0.01,101321.86
TWB14,Uvalde_2020_02,29.60214,-99.73007,436.7784,6/28/21,p,2021,05/04/2021 03:45 CDT,96333,21.64,66.94,3.865,9.035,0,101313.28
TWB14,Uvalde_2020_02,29.60214,-99.73007,436.7784,6/28/21,p,2021,05/04/2021 03:50 CDT,96336,21.62,66.74,3.56,8.95,0,101315.92
TWB14,Uvalde_2020_02,29.60214,-99.73007,436.7784,6/28/21,p,2021,05/04/2021 03:55 CDT,96350,21.63,66,4.28,8.95,0,101330.99
TWB14,Uvalde_2020_02,29.60214,-99.73007,436.7784,6/28/21,p,2021,05/04/2021 04:00 CDT,96360,21.61,66.61,2.89,8.95,0.02,101340.82
TWB14,Uvalde_2020_02,29.60214,-99.73007,436.7784,6/28/21,p,2021,05/04/2021 04:05 CDT,96377,21.58,66.64,2.96,8.95,0,101359.73
TWB14,Uvalde_2020_02,29.60214,-99.73007,436.7784,6/28/21,p,2021,05/04/2021 04:10 CDT,96381,21.57,66.5,2.375,8.95,0,101363.94
TWB14,Uvalde_2020_02,29.60214,-99.73007,436.7784,6/28/21,p,2021,05/04/2021 04:15 CDT,96385,21.54,67.14,2.18,8.95,0,101368.83
TWB14,Uvalde_2020_02,29.60214,-99.73007,436.7784,6/28/21,p,2021,05/04/2021 04:20 CDT,96395,21.53,66.47,1.075,8.95,0.01,101379.87
TWB14,Uvalde_2020_02,29.60214,-99.73007,436.7784,6/28/21,p,2021,05/04/2021 04:25 CDT,96412,21.53,65.66,1.135,8.95,0.08,101397.76
TWB14,Uvalde_2020_02,29.60214,-99.73007,436.7784,6/28/21,p,2021,05/04/2021 04:30 CDT,96424,21.67,64.72,1.795,8.95,0,101409.35
TWB14,Uvalde_2020_02,29.60214,-99.73007,436.7784,6/28/21,p,2021,05/04/2021 04:35 CDT,96434,21.74,64.65,2.135,8.95,0,101418.14
TWB14,Uvalde_2020_02,29.60214,-99.73007,436.7784,6/28/21,p,2021,05/04/2021 04:40 CDT,96445,21.64,64.78,1.735,8.95,0,101430.22
TWB14,Uvalde_2020_02,29.60214,-99.73007,436.7784,6/28/21,p,2021,05/04/2021 04:45 CDT,96460,21.62,64.58,1.66,8.95,0,101447.04
TWB14,Uvalde_2020_02,29.60214,-99.73007,436.7784,6/28/21,p,2021,05/04/2021 04:50 CDT,96467,21.59,64.72,1.835,8.95,0,101454.4
TWB14,Uvalde_2020_02,29.60214,-99.73007,436.7784,6/28/21,p,2021,05/04/2021 04:55 CDT,96483,21.56,65.12,1.715,8.95,0,101471.74
TWB14,Uvalde_2020_02,29.60214,-99.73007,436.7784,6/28/21,p,2021,05/04/2021 05:00 CDT,96493,21.49,64.99,2.105,8.95,0,101483.82
TWB14,Uvalde_2020_02,29.60214,-99.73007,436.7784,6/28/21,p,2021,05/04/2021 05:05 CDT,96504,21.47,64.78,2.66,8.95,0,101495.56
TWB14,Uvalde_2020_02,29.60214,-99.73007,436.7784,6/28/21,p,2021,05/04/2021 05:10 CDT,96517,21.48,65.59,2.94,8.95,0,101508.88
TWB14,Uvalde_2020_02,29.60214,-99.73007,436.7784,6/28/21,p,2021,05/04/2021 05:15 CDT,96527,21.34,66.74,2.01,8.95,0.02,101521.13
TWB14,Uvalde_2020_02,29.60214,-99.73007,436.7784,6/28/21,p,2021,05/04/2021 05:20 CDT,96539,21.2,67.75,2.555,8.95,0,101536.34
TWB14,Uvalde_2020_02,29.60214,-99.73007,436.7784,6/28/21,p,2021,05/04/2021 05:25 CDT,96556,21.02,68.9,2.285,8.95,0.04,101556.82
TWB14,Uvalde_2020_02,29.60214,-99.73007,436.7784,6/28/21,p,2021,05/04/2021 05:30 CDT,96562,20.96,69.37,3.125,8.95,0,101564.69
TWB14,Uvalde_2020_02,29.60214,-99.73007,436.7784,6/28/21,p,2021,05/04/2021 05:35 CDT,96568,20.85,70.18,3.12,8.95,0.05,101572.74
TWB14,Uvalde_2020_02,29.60214,-99.73007,436.7784,6/28/21,p,2021,05/04/2021 05:40 CDT,96571,20.77,70.92,2.4,8.95,0,101577.63
TWB14,Uvalde_2020_02,29.60214,-99.73007,436.7784,6/28/21,p,2021,05/04/2021 05:45 CDT,96572,20.69,71.73,2.995,8.95,0,101579.55
TWB14,Uvalde_2020_02,29.60214,-99.73007,436.7784,6/28/21,p,2021,05/04/2021 05:50 CDT,96574,20.54,72.44,2.255,8.95,0.09,101584.09
TWB14,Uvalde_2020_02,29.60214,-99.73007,436.7784,6/28/21,p,2021,05/04/2021 05:55 CDT,96584,20.45,72.95,3.355,9.535,0,101596.53
TWB14,Uvalde_2020_02,29.60214,-99.73007,436.7784,6/28/21,p,2021,05/04/2021 06:00 CDT,96593,20.36,73.43,3.705,8.7,0,101607.21
TWB14,Uvalde_2020_02,29.60214,-99.73007,436.7784,6/28/21,p,2021,05/04/2021 06:05 CDT,96602,20.24,74.07,3.265,8.7,0,101618.95
TWB14,Uvalde_2020_02,29.60214,-99.73007,436.7784,6/28/21,p,2021,05/04/2021 06:10 CDT,96605,20.11,74.64,4.3,8.7,0,101624.2
TWB14,Uvalde_2020_02,29.60214,-99.73007,436.7784,6/28/21,p,2021,05/04/2021 06:15 CDT,96607,19.97,75.52,3.52,8.7,0.02,101628.92
TWB14,Uvalde_2020_02,29.60214,-99.73007,436.7784,6/28/21,p,2021,05/04/2021 06:20 CDT,96615,19.79,76.19,3.21,8.7,0.13,101640.32
TWB14,Uvalde_2020_02,29.60214,-99.73007,436.7784,6/28/21,p,2021,05/04/2021 06:25 CDT,96629,19.7,75.25,3.725,9.2,0.01,101657.16
TWB14,Uvalde_2020_02,29.60214,-99.73007,436.7784,6/28/21,p,2021,05/04/2021 06:30 CDT,96637,19.76,75.25,4.045,9.2,0,101664.87
TWB14,Uvalde_2020_02,29.60214,-99.73007,436.7784,6/28/21,p,2021,05/04/2021 06:35 CDT,96649,19.73,76.02,3.235,9.2,0,101677.49
TWB14,Uvalde_2020_02,29.60214,-99.73007,436.7784,6/28/21,p,2021,05/04/2021 06:40 CDT,96659,19.63,76.09,4.11,9.2,0,101689.94
TWB14,Uvalde_2020_02,29.60214,-99.73007,436.7784,6/28/21,p,2021,05/04/2021 06:45 CDT,96678,19.57,76.33,4.195,9.2,0.06,101710.81
TWB14,Uvalde_2020_02,29.60214,-99.73007,436.7784,6/28/21,p,2021,05/04/2021 06:50 CDT,96683,19.48,76.36,3.63,9.2,0.28,101717.83
TWB14,Uvalde_2020_02,29.60214,-99.73007,436.7784,6/28/21,p,2021,05/04/2021 06:55 CDT,96699,19.42,76.53,4.135,9.2,0.61,101735.54
TWB14,Uvalde_2020_02,29.60214,-99.73007,436.7784,6/28/21,p,2021,05/04/2021 07:00 CDT,96714,19.37,76.93,3.975,9.2,1.67,101752.38
TWB14,Uvalde_2020_02,29.60214,-99.73007,436.7784,6/28/21,p,2021,05/04/2021 07:05 CDT,96726,19.34,76.63,4.975,9.785,3.29,101765.36
TWB14,Uvalde_2020_02,29.60214,-99.73007,436.7784,6/28/21,p,2021,05/04/2021 07:10 CDT,96736,19.32,76.43,5.155,9.785,5.83,101776.58
TWB14,Uvalde_2020_02,29.60214,-99.73007,436.7784,6/28/21,p,2021,05/04/2021 07:15 CDT,96740,19.27,76.53,4.945,10.115,9.12,101781.32
TWB14,Uvalde_2020_02,29.60214,-99.73007,436.7784,6/28/21,p,2021,05/04/2021 07:20 CDT,96741,19.29,76.36,5.795,10.03,12.11,101782.37
TWB14,Uvalde_2020_02,29.60214,-99.73007,436.7784,6/28/21,p,2021,05/04/2021 07:25 CDT,96740,19.19,76.87,4.86,10.03,17.18,101782.38
TWB14,Uvalde_2020_02,29.60214,-99.73007,436.7784,6/28/21,p,2021,05/04/2021 07:30 CDT,96742,19.09,75.99,5.305,10.535,20.73,101786.6
TWB14,Uvalde_2020_02,29.60214,-99.73007,436.7784,6/28/21,p,2021,05/04/2021 07:35 CDT,96751,18.96,76.19,4.76,9.95,26.23,101797.49
TWB14,Uvalde_2020_02,29.60214,-99.73007,436.7784,6/28/21,p,2021,05/04/2021 07:40 CDT,96758,18.79,75.96,5.31,9.95,30.89,101808.21
TWB14,Uvalde_2020_02,29.60214,-99.73007,436.7784,6/28/21,p,2021,05/04/2021 07:45 CDT,96770,18.74,75.79,5.265,10.03,42.65,101822.08
TWB14,Uvalde_2020_02,29.60214,-99.73007,436.7784,6/28/21,p,2021,05/04/2021 07:50 CDT,96785,18.66,75.12,4.44,10.03,41.95,101839.1
TWB14,Uvalde_2020_02,29.60214,-99.73007,436.7784,6/28/21,p,2021,05/04/2021 07:55 CDT,96790,18.54,74.92,4.595,10.03,62.67,101846.32
TWB14,Uvalde_2020_02,29.60214,-99.73007,436.7784,6/28/21,p,2021,05/04/2021 08:00 CDT,96794,18.51,75.05,4.585,10.03,78.4,101851.23
TWB14,Uvalde_2020_02,29.60214,-99.73007,436.7784,6/28/21,p,2021,05/04/2021 08:05 CDT,96807,18.59,74.04,3.88,10.03,110.89,101864.21
TWB14,Uvalde_2020_02,29.60214,-99.73007,436.7784,6/28/21,p,2021,05/04/2021 08:10 CDT,96821,18.73,73.43,4.18,10.03,130.76,101876.11
TWB14,Uvalde_2020_02,29.60214,-99.73007,436.7784,6/28/21,p,2021,05/04/2021 08:15 CDT,96834,18.82,72.29,4.21,10.03,140.55,101888.02
TWB14,Uvalde_2020_02,29.60214,-99.73007,436.7784,6/28/21,p,2021,05/04/2021 08:20 CDT,96844,18.9,71.82,4.355,10.03,158.41,101896.78
TWB14,Uvalde_2020_02,29.60214,-99.73007,436.7784,6/28/21,p,2021,05/04/2021 08:25 CDT,96850,18.95,70.91,5.04,10.03,174,101901.68
TWB14,Uvalde_2020_02,29.60214,-99.73007,436.7784,6/28/21,p,2021,05/04/2021 08:30 CDT,96860,19.02,70.26,4.155,10.03,187.35,101911.15
TWB14,Uvalde_2020_02,29.60214,-99.73007,436.7784,6/28/21,p,2021,05/04/2021 08:35 CDT,96871,19.01,70.67,4.055,10.03,204.37,101922.54
TWB14,Uvalde_2020_02,29.60214,-99.73007,436.7784,6/28/21,p,2021,05/04/2021 08:40 CDT,96878,19.08,69.99,4.1,10.03,217.67,101928.85
TWB14,Uvalde_2020_02,29.60214,-99.73007,436.7784,6/28/21,p,2021,05/04/2021 08:45 CDT,96893,19.15,69.28,4.55,10.03,232.36,101942.69
TWB14,Uvalde_2020_02,29.60214,-99.73007,436.7784,6/28/21,p,2021,05/04/2021 08:50 CDT,96895,19.25,69.52,3.395,10.03,241.78,101943.74
TWB14,Uvalde_2020_02,29.60214,-99.73007,436.7784,6/28/21,p,2021,05/04/2021 08:55 CDT,96899,19.35,69.45,4.735,10.03,260.2,101945.12
TWB14,Uvalde_2020_02,29.60214,-99.73007,436.7784,6/28/21,p,2021,05/04/2021 09:00 CDT,96901,19.43,67.76,4.12,9.785,271.49,101946.18
TWB14,Uvalde_2020_02,29.60214,-99.73007,436.7784,6/28/21,p,2021,05/04/2021 09:05 CDT,96913,19.51,68.1,5.285,9.785,289.45,101956.86
TWB14,Uvalde_2020_02,29.60214,-99.73007,436.7784,6/28/21,p,2021,05/04/2021 09:10 CDT,96921,19.57,69.04,4.96,9.615,302.68,101964.92
TWB14,Uvalde_2020_02,29.60214,-99.73007,436.7784,6/28/21,p,2021,05/04/2021 09:15 CDT,96922,19.8,65.97,5.395,9.615,316.26,101961.42
TWB14,Uvalde_2020_02,29.60214,-99.73007,436.7784,6/28/21,p,2021,05/04/2021 09:20 CDT,96922,19.77,66.94,5.46,9.615,332.67,101961.41
TWB14,Uvalde_2020_02,29.60214,-99.73007,436.7784,6/28/21,p,2021,05/04/2021 09:25 CDT,96922,20.09,65.05,4.01,10.365,340.83,101956.85
TWB14,Uvalde_2020_02,29.60214,-99.73007,436.7784,6/28/21,p,2021,05/04/2021 09:30 CDT,96930,20.18,65.49,5.075,10.115,360.1,101962.28
TWB14,Uvalde_2020_02,29.60214,-99.73007,436.7784,6/28/21,p,2021,05/04/2021 09:35 CDT,96935,20.24,65.59,5.22,10.115,376.77,101966.14
TWB14,Uvalde_2020_02,29.60214,-99.73007,436.7784,6/28/21,p,2021,05/04/2021 09:40 CDT,96936,20.3,65.53,5.035,10.115,387.59,101966.14
TWB14,Uvalde_2020_02,29.60214,-99.73007,436.7784,6/28/21,p,2021,05/04/2021 09:45 CDT,96946,20.21,64.61,6.175,10.115,405.52,101976.14
TWB14,Uvalde_2020_02,29.60214,-99.73007,436.7784,6/28/21,p,2021,05/04/2021 09:50 CDT,96952,20.03,65.72,6.73,11.995,418.32,101986.65
TWB14,Uvalde_2020_02,29.60214,-99.73007,436.7784,6/28/21,p,2021,05/04/2021 09:55 CDT,96953,20.11,64.84,5.735,11.58,424.6,101987.18
TWB14,Uvalde_2020_02,29.60214,-99.73007,436.7784,6/28/21,p,2021,05/04/2021 10:00 CDT,96959,20.1,66.32,6.22,11.58,439.71,101992.43
TWB14,Uvalde_2020_02,29.60214,-99.73007,436.7784,6/28/21,p,2021,05/04/2021 10:05 CDT,96966,20.05,65.45,6.61,11.58,453.69,102001.21
TWB14,Uvalde_2020_02,29.60214,-99.73007,436.7784,6/28/21,p,2021,05/04/2021 10:10 CDT,96964,20.07,64.91,5.91,11.58,463.58,101999.28
TWB14,Uvalde_2020_02,29.60214,-99.73007,436.7784,6/28/21,p,2021,05/04/2021 10:15 CDT,96970,20.32,63.8,5.05,11.58,472.3,102002.09
TWB14,Uvalde_2020_02,29.60214,-99.73007,436.7784,6/28/21,p,2021,05/04/2021 10:20 CDT,96979,20.29,64.71,6.555,11.58,493.03,102009.98
TWB14,Uvalde_2020_02,29.60214,-99.73007,436.7784,6/28/21,p,2021,05/04/2021 10:25 CDT,96985,20.39,64.1,5.285,11.58,497.71,102016.29
TWB14,Uvalde_2020_02,29.60214,-99.73007,436.7784,6/28/21,p,2021,05/04/2021 10:30 CDT,96989,20.62,62.95,5.64,11.58,510.21,102015.96
TWB14,Uvalde_2020_02,29.60214,-99.73007,436.7784,6/28/21,p,2021,05/04/2021 10:35 CDT,96992,20.57,63.63,5.97,11.58,526.82,102019.46
TWB14,Uvalde_2020_02,29.60214,-99.73007,436.7784,6/28/21,p,2021,05/04/2021 10:40 CDT,96992,20.86,62.48,4.61,11.41,530.43,102015.27
TWB14,Uvalde_2020_02,29.60214,-99.73007,436.7784,6/28/21,p,2021,05/04/2021 10:45 CDT,96995,21.13,61.17,5.23,11.41,544.29,102013.55
TWB14,Uvalde_2020_02,29.60214,-99.73007,436.7784,6/28/21,p,2021,05/04/2021 10:50 CDT,96996,21.48,60.76,4.645,11.41,552.22,102008.34
TWB14,Uvalde_2020_02,29.60214,-99.73007,436.7784,6/28/21,p,2021,05/04/2021 10:55 CDT,97001,21.49,61.84,4.555,11.41,562.41,102011.33
TWB14,Uvalde_2020_02,29.60214,-99.73007,436.7784,6/28/21,p,2021,05/04/2021 11:00 CDT,97009,21.82,61.19,4.415,11.41,567.3,102015.59
TWB14,Uvalde_2020_02,29.60214,-99.73007,436.7784,6/28/21,p,2021,05/04/2021 11:05 CDT,97010,22.04,57.75,4.745,11.41,582.46,102012.16
TWB14,Uvalde_2020_02,29.60214,-99.73007,436.7784,6/28/21,p,2021,05/04/2021 11:10 CDT,97014,21.89,61.75,4.415,11.41,592.79,102017.89
TWB14,Uvalde_2020_02,29.60214,-99.73007,436.7784,6/28/21,p,2021,05/04/2021 11:15 CDT,97026,22.1,57.1,5.14,11.41,605.14,102027.78
TWB14,Uvalde_2020_02,29.60214,-99.73007,436.7784,6/28/21,p,2021,05/04/2021 11:20 CDT,97020,22.2,57.47,4.405,10.58,609.53,102020.95
TWB14,Uvalde_2020_02,29.60214,-99.73007,436.7784,6/28/21,p,2021,05/04/2021 11:25 CDT,97030,22.24,56.39,5.115,10.58,622.69,102029.57
TWB14,Uvalde_2020_02,29.60214,-99.73007,436.7784,6/28/21,p,2021,05/04/2021 11:30 CDT,97037,22.25,59.43,5.165,10.58,632.27,102036.56
TWB14,Uvalde_2020_02,29.60214,-99.73007,436.7784,6/28/21,p,2021,05/04/2021 11:35 CDT,97037,22.49,57.54,4.565,10.58,635.21,102033.81
TWB14,Uvalde_2020_02,29.60214,-99.73007,436.7784,6/28/21,p,2021,05/04/2021 11:40 CDT,97040,22.86,53.42,4.55,10.58,644.18,102029.58
TWB14,Uvalde_2020_02,29.60214,-99.73007,436.7784,6/28/21,p,2021,05/04/2021 11:45 CDT,97046,22.64,56.56,5.14,10.58,660.51,102038.79
TWB14,Uvalde_2020_02,29.60214,-99.73007,436.7784,6/28/21,p,2021,05/04/2021 11:50 CDT,97050,22.71,54.16,5.705,11.33,666.22,102042.5
TWB14,Uvalde_2020_02,29.60214,-99.73007,436.7784,6/28/21,p,2021,05/04/2021 11:55 CDT,97049,22.78,53.19,5.82,10.685,674.01,102040.08
TWB14,Uvalde_2020_02,29.60214,-99.73007,436.7784,6/28/21,p,2021,05/04/2021 12:00 CDT,97051,22.96,51.43,4.36,10.685,673.35,102039.79
TWB14,Uvalde_2020_02,29.60214,-99.73007,436.7784,6/28/21,p,2021,05/04/2021 12:05 CDT,97055,23.13,52.44,5.125,10.685,661.75,102040.72
TWB14,Uvalde_2020_02,29.60214,-99.73007,436.7784,6/28/21,p,2021,05/04/2021 12:10 CDT,97058,23.1,51.97,4.6,10.685,686.5,102044.05
TWB14,Uvalde_2020_02,29.60214,-99.73007,436.7784,6/28/21,p,2021,05/04/2021 12:15 CDT,97069,23.12,49.51,5.43,10.85,700.74,102055.46
TWB14,Uvalde_2020_02,29.60214,-99.73007,436.7784,6/28/21,p,2021,05/04/2021 12:20 CDT,97066,23.37,52.27,4.075,10.6,699.82,102049.19
TWB14,Uvalde_2020_02,29.60214,-99.73007,436.7784,6/28/21,p,2021,05/04/2021 12:25 CDT,97063,23.73,52.54,4.18,10.6,703.31,102038.66
TWB14,Uvalde_2020_02,29.60214,-99.73007,436.7784,6/28/21,p,2021,05/04/2021 12:30 CDT,97068,23.58,49.81,4.93,10.2,716.99,102044.11
TWB14,Uvalde_2020_02,29.60214,-99.73007,436.7784,6/28/21,p,2021,05/04/2021 12:35 CDT,97067,23.71,52.64,3.96,10.2,715.61,102043.04
TWB14,Uvalde_2020_02,29.60214,-99.73007,436.7784,6/28/21,p,2021,05/04/2021 12:40 CDT,97065,23.73,53.65,4.7,10.2,724.5,102039.39
TWB14,Uvalde_2020_02,29.60214,-99.73007,436.7784,6/28/21,p,2021,05/04/2021 12:45 CDT,97058,23.88,50.45,4.385,10.2,724.63,102029.49
TWB14,Uvalde_2020_02,29.60214,-99.73007,436.7784,6/28/21,p,2021,05/04/2021 12:50 CDT,97055,23.93,51.12,4.475,10.2,728.47,102025.65
TWB14,Uvalde_2020_02,29.60214,-99.73007,436.7784,6/28/21,p,2021,05/04/2021 12:55 CDT,97053,24.2,50.51,4.495,10.2,731.67,102019.62
TWB14,Uvalde_2020_02,29.60214,-99.73007,436.7784,6/28/21,p,2021,05/04/2021 13:00 CDT,97052,24.2,48.56,5.91,10.2,744.59,102016.03
TWB14,Uvalde_2020_02,29.60214,-99.73007,436.7784,6/28/21,p,2021,05/04/2021 13:05 CDT,97045,24.07,51.79,3.925,10.2,733.93,102013.93
TWB14,Uvalde_2020_02,29.60214,-99.73007,436.7784,6/28/21,p,2021,05/04/2021 13:10 CDT,97041,24.47,49.03,4.29,10.2,739.65,102001.91
TWB14,Uvalde_2020_02,29.60214,-99.73007,436.7784,6/28/21,p,2021,05/04/2021 13:15 CDT,97045,24.45,51.02,4.68,10.2,747.71,102005.59
TWB14,Uvalde_2020_02,29.60214,-99.73007,436.7784,6/28/21,p,2021,05/04/2021 13:20 CDT,97042,24.71,47.28,4.09,10.2,741.74,101998.56
TWB14,Uvalde_2020_02,29.60214,-99.73007,436.7784,6/28/21,p,2021,05/04/2021 13:25 CDT,97039,24.63,46.61,4.615,10.2,747.71,101996.94
TWB14,Uvalde_2020_02,29.60214,-99.73007,436.7784,6/28/21,p,2021,05/04/2021 13:30 CDT,97040,24.79,46.57,4.32,10.2,747.35,101996.63
TWB14,Uvalde_2020_02,29.60214,-99.73007,436.7784,6/28/21,p,2021,05/04/2021 13:35 CDT,97045,25.01,46.74,4.27,10.03,745.26,101997.98
TWB14,Uvalde_2020_02,29.60214,-99.73007,436.7784,6/28/21,p,2021,05/04/2021 13:40 CDT,97042,25.12,49.27,3.89,9.865,747.48,101993.11
TWB14,Uvalde_2020_02,29.60214,-99.73007,436.7784,6/28/21,p,2021,05/04/2021 13:45 CDT,97035,25.29,49.77,3.495,9.865,743.42,101981.68
TWB14,Uvalde_2020_02,29.60214,-99.73007,436.7784,6/28/21,p,2021,05/04/2021 13:50 CDT,97033,25.58,45.6,3.86,9.865,747.4,101975.9
TWB14,Uvalde_2020_02,29.60214,-99.73007,436.7784,6/28/21,p,2021,05/04/2021 13:55 CDT,97028,25.58,42.5,3.98,9.865,750.07,101970.33
TWB14,Uvalde_2020_02,29.60214,-99.73007,436.7784,6/28/21,p,2021,05/04/2021 14:00 CDT,97029,25.8,47.25,4.2,9.865,750.02,101966.95
TWB14,Uvalde_2020_02,29.60214,-99.73007,436.7784,6/28/21,p,2021,05/04/2021 14:05 CDT,97028,25.72,45.53,4.465,9.865,749.48,101968.11
TWB14,Uvalde_2020_02,29.60214,-99.73007,436.7784,6/28/21,p,2021,05/04/2021 14:10 CDT,97030,25.63,47.27,4.265,9.865,744.01,101969.35
TWB14,Uvalde_2020_02,29.60214,-99.73007,436.7784,6/28/21,p,2021,05/04/2021 14:15 CDT,97028,25.74,43.03,3.895,9.865,731.45,101966.78
TWB14,Uvalde_2020_02,29.60214,-99.73007,436.7784,6/28/21,p,2021,05/04/2021 14:20 CDT,97022,25.75,43.06,3.97,9.865,739.48,101960.48
TWB14,Uvalde_2020_02,29.60214,-99.73007,436.7784,6/28/21,p,2021,05/04/2021 14:25 CDT,97019,26,41.21,4.35,9.865,727.88,101954.98
TWB14,Uvalde_2020_02,29.60214,-99.73007,436.7784,6/28/21,p,2021,05/04/2021 14:30 CDT,97026,26.07,44.17,4.105,9.865,732.66,101959.45
TWB14,Uvalde_2020_02,29.60214,-99.73007,436.7784,6/28/21,p,2021,05/04/2021 14:35 CDT,97025,25.76,46.8,4.55,9.865,737.75,101963.09
TWB14,Uvalde_2020_02,29.60214,-99.73007,436.7784,6/28/21,p,2021,05/04/2021 14:40 CDT,97021,25.93,41.81,4.36,9.865,726.3,101957.92
TWB14,Uvalde_2020_02,29.60214,-99.73007,436.7784,6/28/21,p,2021,05/04/2021 14:45 CDT,97021,25.82,43.73,5.01,9.865,726.24,101957.06
TWB14,Uvalde_2020_02,29.60214,-99.73007,436.7784,6/28/21,p,2021,05/04/2021 14:50 CDT,97017,25.95,42.35,3.57,9.865,706.83,101952.7
TWB14,Uvalde_2020_02,29.60214,-99.73007,436.7784,6/28/21,p,2021,05/04/2021 14:55 CDT,97016,26.14,41.61,2.83,9.865,702.09,101948.29
TWB14,Uvalde_2020_02,29.60214,-99.73007,436.7784,6/28/21,p,2021,05/04/2021 15:00 CDT,97012,26.24,40.5,4.955,9.865,717.54,101941.57
TWB14,Uvalde_2020_02,29.60214,-99.73007,436.7784,6/28/21,p,2021,05/04/2021 15:05 CDT,97016,26.19,43.9,4.35,9.035,709.21,101946.25
TWB14,Uvalde_2020_02,29.60214,-99.73007,436.7784,6/28/21,p,2021,05/04/2021 15:10 CDT,97015,25.9,41.4,4.16,9.035,698.83,101950.44
TWB14,Uvalde_2020_02,29.60214,-99.73007,436.7784,6/28/21,p,2021,05/04/2021 15:15 CDT,97012,26.31,39.99,3.525,9.035,686.71,101941.58
TWB14,Uvalde_2020_02,29.60214,-99.73007,436.7784,6/28/21,p,2021,05/04/2021 15:20 CDT,97009,26.29,39.96,4.42,9.035,686.72,101938.09
TWB14,Uvalde_2020_02,29.60214,-99.73007,436.7784,6/28/21,p,2021,05/04/2021 15:25 CDT,97009,26.24,41.07,4.335,9.035,680.64,101937.58
TWB14,Uvalde_2020_02,29.60214,-99.73007,436.7784,6/28/21,p,2021,05/04/2021 15:30 CDT,97010,26.34,38.44,3.68,9.035,663.49,101937.81
TWB14,Uvalde_2020_02,29.60214,-99.73007,436.7784,6/28/21,p,2021,05/04/2021 15:35 CDT,97005,26.42,41.34,3.295,9.035,658.05,101932.03
TWB14,Uvalde_2020_02,29.60214,-99.73007,436.7784,6/28/21,p,2021,05/04/2021 15:40 CDT,96993,26.53,38.84,4.72,9.035,659.39,101916.76
TWB14,Uvalde_2020_02,29.60214,-99.73007,436.7784,6/28/21,p,2021,05/04/2021 15:45 CDT,96992,26.51,37.97,3.475,9.035,643.1,101916.55
TWB14,Uvalde_2020_02,29.60214,-99.73007,436.7784,6/28/21,p,2021,05/04/2021 15:50 CDT,96985,26.83,37.03,3.24,9.035,632.12,101904.68
TWB14,Uvalde_2020_02,29.60214,-99.73007,436.7784,6/28/21,p,2021,05/04/2021 15:55 CDT,96986,26.67,38.47,4.205,9.035,635.23,101905.38
TWB14,Uvalde_2020_02,29.60214,-99.73007,436.7784,6/28/21,p,2021,05/04/2021 16:00 CDT,96980,26.15,42.38,4.09,9.365,626.75,101907.43
TWB14,Uvalde_2020_02,29.60214,-99.73007,436.7784,6/28/21,p,2021,05/04/2021 16:05 CDT,96973,26.33,38.81,4.005,9.365,612.51,101900.27
TWB14,Uvalde_2020_02,29.60214,-99.73007,436.7784,6/28/21,p,2021,05/04/2021 16:10 CDT,96978,26.51,37.06,4.09,9.365,600.99,101903.02
TWB14,Uvalde_2020_02,29.60214,-99.73007,436.7784,6/28/21,p,2021,05/04/2021 16:15 CDT,96973,26.56,41.61,2.725,9.365,582.19,101895.21
TWB14,Uvalde_2020_02,29.60214,-99.73007,436.7784,6/28/21,p,2021,05/04/2021 16:20 CDT,96967,26.83,41.57,2.79,9.365,574.18,101885.89
TWB14,Uvalde_2020_02,29.60214,-99.73007,436.7784,6/28/21,p,2021,05/04/2021 16:25 CDT,96966,27.11,39.55,2.765,9.365,567.45,101879.84
TWB14,Uvalde_2020_02,29.60214,-99.73007,436.7784,6/28/21,p,2021,05/04/2021 16:30 CDT,96964,26.85,39.42,2.88,9.365,556.08,101879.41
TWB14,Uvalde_2020_02,29.60214,-99.73007,436.7784,6/28/21,p,2021,05/04/2021 16:35 CDT,96957,26.86,41,2.91,9.365,542.69,101873.38
TWB14,Uvalde_2020_02,29.60214,-99.73007,436.7784,6/28/21,p,2021,05/04/2021 16:40 CDT,96952,26.81,40.29,3.105,9.365,535.74,101868.47
TWB14,Uvalde_2020_02,29.60214,-99.73007,436.7784,6/28/21,p,2021,05/04/2021 16:45 CDT,96957,26.95,36.92,2.915,9.365,520.59,101873.09
TWB14,Uvalde_2020_02,29.60214,-99.73007,436.7784,6/28/21,p,2021,05/04/2021 16:50 CDT,96957,26.71,37.46,3.845,9.365,518.63,101875.42
TWB14,Uvalde_2020_02,29.60214,-99.73007,436.7784,6/28/21,p,2021,05/04/2021 16:55 CDT,96955,26.66,38.14,4.235,9.365,509.4,101874.99
TWB14,Uvalde_2020_02,29.60214,-99.73007,436.7784,6/28/21,p,2021,05/04/2021 17:00 CDT,96952,26.58,36.35,3.825,9.365,493.93,101874.37
TWB14,Uvalde_2020_02,29.60214,-99.73007,436.7784,6/28/21,p,2021,05/04/2021 17:05 CDT,96951,26.57,39.05,4.465,9.365,484.71,101872.45
TWB14,Uvalde_2020_02,29.60214,-99.73007,436.7784,6/28/21,p,2021,05/04/2021 17:10 CDT,96952,26.7,36.08,3.16,9.365,461.83,101873.2
TWB14,Uvalde_2020_02,29.60214,-99.73007,436.7784,6/28/21,p,2021,05/04/2021 17:15 CDT,96953,26.74,38.34,3.975,9.365,455.25,101872.22
TWB14,Uvalde_2020_02,29.60214,-99.73007,436.7784,6/28/21,p,2021,05/04/2021 17:20 CDT,96956,26.59,40.26,3.525,9.365,440.56,101877.53
TWB14,Uvalde_2020_02,29.60214,-99.73007,436.7784,6/28/21,p,2021,05/04/2021 17:25 CDT,96956,26.72,39.85,3.675,9.365,430.44,101876.86
TWB14,Uvalde_2020_02,29.60214,-99.73007,436.7784,6/28/21,p,2021,05/04/2021 17:30 CDT,96957,26.82,38.95,3.71,9.365,415.89,101875.74
TWB14,Uvalde_2020_02,29.60214,-99.73007,436.7784,6/28/21,p,2021,05/04/2021 17:35 CDT,96954,26.84,41.4,3.56,9.365,403.02,101871.56
TWB14,Uvalde_2020_02,29.60214,-99.73007,436.7784,6/28/21,p,2021,05/04/2021 17:40 CDT,96945,26.84,39.11,2.9,9.365,385.47,101862.63
TWB14,Uvalde_2020_02,29.60214,-99.73007,436.7784,6/28/21,p,2021,05/04/2021 17:45 CDT,96947,26.87,39.38,3.79,9.365,378.2,101863.73
TWB14,Uvalde_2020_02,29.60214,-99.73007,436.7784,6/28/21,p,2021,05/04/2021 17:50 CDT,96956,26.73,38.84,3.82,9.365,366.8,101874.86
TWB14,Uvalde_2020_02,29.60214,-99.73007,436.7784,6/28/21,p,2021,05/04/2021 17:55 CDT,96958,26.58,39.38,3.815,9.365,352.15,101880.31
TWB14,Uvalde_2020_02,29.60214,-99.73007,436.7784,6/28/21,p,2021,05/04/2021 18:00 CDT,96960,26.68,37.3,3.72,9.365,335.7,101882.26
TWB14,Uvalde_2020_02,29.60214,-99.73007,436.7784,6/28/21,p,2021,05/04/2021 18:05 CDT,96962,26.63,37.06,2.705,9.365,317.58,101884.87
TWB14,Uvalde_2020_02,29.60214,-99.73007,436.7784,6/28/21,p,2021,05/04/2021 18:10 CDT,96967,26.73,39.01,3.05,9.365,307.05,101889.6
TWB14,Uvalde_2020_02,29.60214,-99.73007,436.7784,6/28/21,p,2021,05/04/2021 18:15 CDT,96974,26.66,40.19,2.7,9.365,292.38,101897.45
TWB14,Uvalde_2020_02,29.60214,-99.73007,436.7784,6/28/21,p,2021,05/04/2021 18:20 CDT,96977,26.56,40.33,3.39,9.365,283.69,101900.77
TWB14,Uvalde_2020_02,29.60214,-99.73007,436.7784,6/28/21,p,2021,05/04/2021 18:25 CDT,96978,26.41,37.57,3.73,9.365,266.37,101904.36
TWB14,Uvalde_2020_02,29.60214,-99.73007,436.7784,6/28/21,p,2021,05/04/2021 18:30 CDT,96984,26.39,38.34,3.365,9.365,234.72,101912.51
TWB14,Uvalde_2020_02,29.60214,-99.73007,436.7784,6/28/21,p,2021,05/04/2021 18:35 CDT,96986,26.4,37.16,2.815,9.365,235.58,101915.12
TWB14,Uvalde_2020_02,29.60214,-99.73007,436.7784,6/28/21,p,2021,05/04/2021 18:40 CDT,96986,26.36,36.82,2.845,9.365,222.24,101915.29
TWB14,Uvalde_2020_02,29.60214,-99.73007,436.7784,6/28/21,p,2021,05/04/2021 18:45 CDT,96990,26.19,37.23,3.4,9.365,213.07,101922.02
TWB14,Uvalde_2020_02,29.60214,-99.73007,436.7784,6/28/21,p,2021,05/04/2021 18:50 CDT,96998,26.14,36.02,2.965,9.365,196.05,101932.12
TWB14,Uvalde_2020_02,29.60214,-99.73007,436.7784,6/28/21,p,2021,05/04/2021 18:55 CDT,97005,26.25,38.45,1.745,9.365,176.11,101938.95
TWB14,Uvalde_2020_02,29.60214,-99.73007,436.7784,6/28/21,p,2021,05/04/2021 19:00 CDT,97013,26.23,38.24,2.08,9.365,162.99,101947.02
TWB14,Uvalde_2020_02,29.60214,-99.73007,436.7784,6/28/21,p,2021,05/04/2021 19:05 CDT,97017,26.1,38.58,2.24,9.365,153.87,101952.73
TWB14,Uvalde_2020_02,29.60214,-99.73007,436.7784,6/28/21,p,2021,05/04/2021 19:10 CDT,97017,25.96,38.28,2.755,9.365,141.28,101955.27
TWB14,Uvalde_2020_02,29.60214,-99.73007,436.7784,6/28/21,p,2021,05/04/2021 19:15 CDT,97018,25.83,39.12,2.15,9.365,127.69,101958.67
TWB14,Uvalde_2020_02,29.60214,-99.73007,436.7784,6/28/21,p,2021,05/04/2021 19:20 CDT,97019,25.7,39.22,2.875,9.365,116.43,101961.92
TWB14,Uvalde_2020_02,29.60214,-99.73007,436.7784,6/28/21,p,2021,05/04/2021 19:25 CDT,97020,25.62,39.93,2.235,9.365,100.49,101964.99
TWB14,Uvalde_2020_02,29.60214,-99.73007,436.7784,6/28/21,p,2021,05/04/2021 19:30 CDT,97028,25.49,40.41,2.77,9.365,89.55,101975.59
TWB14,Uvalde_2020_02,29.60214,-99.73007,436.7784,6/28/21,p,2021,05/04/2021 19:35 CDT,97045,25.34,40.27,2.335,9.365,74.54,101996.17
TWB14,Uvalde_2020_02,29.60214,-99.73007,436.7784,6/28/21,p,2021,05/04/2021 19:40 CDT,97051,25.19,41.05,2.265,9.365,58.31,102005.69
TWB14,Uvalde_2020_02,29.60214,-99.73007,436.7784,6/28/21,p,2021,05/04/2021 19:45 CDT,97051,25.04,40.27,1.98,9.365,31.87,102008.42
TWB14,Uvalde_2020_02,29.60214,-99.73007,436.7784,6/28/21,p,2021,05/04/2021 19:50 CDT,97052,24.89,42.23,2.105,9.365,23.09,102012.17
TWB14,Uvalde_2020_02,29.60214,-99.73007,436.7784,6/28/21,p,2021,05/04/2021 19:55 CDT,97060,24.58,42.63,1.975,9.365,19.06,102026.19
TWB14,Uvalde_2020_02,29.60214,-99.73007,436.7784,6/28/21,p,2021,05/04/2021 20:00 CDT,97066,24.4,42.67,2.25,9.365,14.7,102036.08
TWB14,Uvalde_2020_02,29.60214,-99.73007,436.7784,6/28/21,p,2021,05/04/2021 20:05 CDT,97077,24.2,42.37,2.32,9.365,11.1,102051.07
TWB14,Uvalde_2020_02,29.60214,-99.73007,436.7784,6/28/21,p,2021,05/04/2021 20:10 CDT,97084,24,42.87,1.96,9.365,8.39,102061.5
TWB14,Uvalde_2020_02,29.60214,-99.73007,436.7784,6/28/21,p,2021,05/04/2021 20:15 CDT,97085,23.8,44.06,1.89,9.365,5.2,102065.97
TWB14,Uvalde_2020_02,29.60214,-99.73007,436.7784,6/28/21,p,2021,05/04/2021 20:20 CDT,97090,23.67,44.87,2.165,9.365,2.51,102073.79
TWB14,Uvalde_2020_02,29.60214,-99.73007,436.7784,6/28/21,p,2021,05/04/2021 20:25 CDT,97101,23.5,44.5,2.11,9.365,1.02,102088.62
TWB14,Uvalde_2020_02,29.60214,-99.73007,436.7784,6/28/21,p,2021,05/04/2021 20:30 CDT,97111,23.32,45.68,1.59,9.365,0.74,102102.91
TWB14,Uvalde_2020_02,29.60214,-99.73007,436.7784,6/28/21,p,2021,05/04/2021 20:35 CDT,97118,23.06,46.62,1.52,9.365,0.32,102114.57
TWB14,Uvalde_2020_02,29.60214,-99.73007,436.7784,6/28/21,p,2021,05/04/2021 20:40 CDT,97132,23.03,46.36,1.815,9.365,0,102131.02
TWB14,Uvalde_2020_02,29.60214,-99.73007,436.7784,6/28/21,p,2021,05/04/2021 20:45 CDT,97147,22.97,46.9,1.345,9.365,0,102147.14
TWB14,Uvalde_2020_02,29.60214,-99.73007,436.7784,6/28/21,p,2021,05/04/2021 20:50 CDT,97155,22.81,47.58,1.36,9.365,0,102158.82
TWB14,Uvalde_2020_02,29.60214,-99.73007,436.7784,6/28/21,p,2021,05/04/2021 20:55 CDT,97159,22.71,48.73,1.545,9.365,0,102166.31
TWB14,Uvalde_2020_02,29.60214,-99.73007,436.7784,6/28/21,p,2021,05/04/2021 21:00 CDT,97168,22.47,50.61,1.4,9.365,0.06,102179.05
TWB14,Uvalde_2020_02,29.60214,-99.73007,436.7784,6/28/21,p,2021,05/04/2021 21:05 CDT,97178,22.05,53.18,1.19,9.365,0.4,102198.06
TWB14,Uvalde_2020_02,29.60214,-99.73007,436.7784,6/28/21,p,2021,05/04/2021 21:10 CDT,97184,21.74,51.76,1.34,9.365,0.07,102210.13
TWB14,Uvalde_2020_02,29.60214,-99.73007,436.7784,6/28/21,p,2021,05/04/2021 21:15 CDT,97193,21.54,53.62,1.18,9.365,0.09,102221.68
TWB14,Uvalde_2020_02,29.60214,-99.73007,436.7784,6/28/21,p,2021,05/04/2021 21:20 CDT,97203,21.28,56.99,0.665,9.365,0.85,102237.94
TWB14,Uvalde_2020_02,29.60214,-99.73007,436.7784,6/28/21,p,2021,05/04/2021 21:25 CDT,97214,20.99,57.6,0.405,9.365,1.48,102256.34
TWB14,Uvalde_2020_02,29.60214,-99.73007,436.7784,6/28/21,p,2021,05/04/2021 21:30 CDT,97216,20.86,58.11,0.935,9.365,0.95,102265.64
TWB14,Uvalde_2020_02,29.60214,-99.73007,436.7784,6/28/21,p,2021,05/04/2021 21:35 CDT,97224,20.81,56.73,0.725,9.365,0.32,102277.59
TWB14,Uvalde_2020_02,29.60214,-99.73007,436.7784,6/28/21,p,2021,05/04/2021 21:40 CDT,97237,21.2,53.05,1.525,9.365,0,102283.02
TWB14,Uvalde_2020_02,29.60214,-99.73007,436.7784,6/28/21,p,2021,05/04/2021 21:45 CDT,97244,21.52,51.3,1.795,9.365,0,102281.45
TWB14,Uvalde_2020_02,29.60214,-99.73007,436.7784,6/28/21,p,2021,05/04/2021 21:50 CDT,97250,21.78,49.31,1.835,9.365,0,102281.13
TWB14,Uvalde_2020_02,29.60214,-99.73007,436.7784,6/28/21,p,2021,05/04/2021 21:55 CDT,97262,22.02,49.11,2.07,9.365,0,102287.47
TWB14,Uvalde_2020_02,29.60214,-99.73007,436.7784,6/28/21,p,2021,05/04/2021 22:00 CDT,97270,22.01,49.01,2.315,9.365,0,102294.67
TWB14,Uvalde_2020_02,29.60214,-99.73007,436.7784,6/28/21,p,2021,05/04/2021 22:05 CDT,97276,21.95,49.82,2,9.365,0,102300.8
TWB14,Uvalde_2020_02,29.60214,-99.73007,436.7784,6/28/21,p,2021,05/04/2021 22:10 CDT,97284,21.87,49.96,2.275,9.365,0,102310.95
TWB14,Uvalde_2020_02,29.60214,-99.73007,436.7784,6/28/21,p,2021,05/04/2021 22:15 CDT,97296,21.89,50.03,2.39,9.365,0,102323.22
TWB14,Uvalde_2020_02,29.60214,-99.73007,436.7784,6/28/21,p,2021,05/04/2021 22:20 CDT,97299,21.78,49.52,2.455,9.365,0,102327.43
TWB14,Uvalde_2020_02,29.60214,-99.73007,436.7784,6/28/21,p,2021,05/04/2021 22:25 CDT,97303,21.72,49.52,2.935,9.365,0,102332.51
TWB14,Uvalde_2020_02,29.60214,-99.73007,436.7784,6/28/21,p,2021,05/04/2021 22:30 CDT,97309,21.75,49.62,2.85,9.365,0,102338.29
TWB14,Uvalde_2020_02,29.60214,-99.73007,436.7784,6/28/21,p,2021,05/04/2021 22:35 CDT,97316,21.62,50.3,2.36,9.365,0,102346.87
TWB14,Uvalde_2020_02,29.60214,-99.73007,436.7784,6/28/21,p,2021,05/04/2021 22:40 CDT,97326,21.51,50.9,2.605,9.365,0,102359.65
TWB14,Uvalde_2020_02,29.60214,-99.73007,436.7784,6/28/21,p,2021,05/04/2021 22:45 CDT,97331,21.42,51.24,2.86,9.365,0,102366.66
TWB14,Uvalde_2020_02,29.60214,-99.73007,436.7784,6/28/21,p,2021,05/04/2021 22:50 CDT,97334,21.33,52.05,2.52,9.365,0,102371.03
TWB14,Uvalde_2020_02,29.60214,-99.73007,436.7784,6/28/21,p,2021,05/04/2021 22:55 CDT,97343,21.3,51.71,2.445,9.365,0,102381.37
TWB14,Uvalde_2020_02,29.60214,-99.73007,436.7784,6/28/21,p,2021,05/04/2021 23:00 CDT,97354,21.19,52.18,2.28,9.365,0,102394.52
TWB14,Uvalde_2020_02,29.60214,-99.73007,436.7784,6/28/21,p,2021,05/04/2021 23:05 CDT,97358,21.04,53.03,1.37,9.365,0.15,102400.64
TWB14,Uvalde_2020_02,29.60214,-99.73007,436.7784,6/28/21,p,2021,05/04/2021 23:10 CDT,97364,20.95,53.37,1.245,9.365,0.2,102409.06
TWB14,Uvalde_2020_02,29.60214,-99.73007,436.7784,6/28/21,p,2021,05/04/2021 23:15 CDT,97371,20.78,53.06,1.305,9.365,0.14,102420.46
TWB14,Uvalde_2020_02,29.60214,-99.73007,436.7784,6/28/21,p,2021,05/04/2021 23:20 CDT,97375,20.67,53.94,0.67,9.365,0.41,102426.42
TWB14,Uvalde_2020_02,29.60214,-99.73007,436.7784,6/28/21,p,2021,05/04/2021 23:25 CDT,97382,20.52,54.55,1.475,9.365,0.06,102437.12
TWB14,Uvalde_2020_02,29.60214,-99.73007,436.7784,6/28/21,p,2021,05/04/2021 23:30 CDT,97388,20.36,54.85,1.04,9.365,0.15,102446.42
TWB14,Uvalde_2020_02,29.60214,-99.73007,436.7784,6/28/21,p,2021,05/04/2021 23:35 CDT,97389,20.2,56.58,0.96,9.365,0.01,102450.11
TWB14,Uvalde_2020_02,29.60214,-99.73007,436.7784,6/28/21,p,2021,05/04/2021 23:40 CDT,97391,20.07,56.85,1.355,9.365,0,102456.63
TWB14,Uvalde_2020_02,29.60214,-99.73007,436.7784,6/28/21,p,2021,05/04/2021 23:45 CDT,97391,19.9,56.71,1.52,9.365,0,102458.22
TWB14,Uvalde_2020_02,29.60214,-99.73007,436.7784,6/28/21,p,2021,05/04/2021 23:50 CDT,97392,19.65,59.75,1.64,9.365,0,102461.38
TWB14,Uvalde_2020_02,29.60214,-99.73007,436.7784,6/28/21,p,2021,05/04/2021 23:55 CDT,97395,19.22,61.17,1.41,9.365,0.11,102472.33
TWB14,Uvalde_2020_02,29.60214,-99.73007,436.7784,6/28/21,p,2021,05/05/2021 00:00 CDT,97397,18.99,62.59,1.26,9.365,0.26,102479.22
TWB14,Uvalde_2020_02,29.60214,-99.73007,436.7784,6/28/21,p,2021,05/05/2021 00:05 CDT,97398,18.74,62.76,1.305,9.365,0.29,102485.79
TWB14,Uvalde_2020_02,29.60214,-99.73007,436.7784,6/28/21,p,2021,05/05/2021 00:10 CDT,97399,18.6,63.94,1.2,9.365,0.37,102489.52
TWB14,Uvalde_2020_02,29.60214,-99.73007,436.7784,6/28/21,p,2021,05/05/2021 00:15 CDT,97400,18.38,67.11,1.545,9.365,0.24,102496.98
TWB14,Uvalde_2020_02,29.60214,-99.73007,436.7784,6/28/21,p,2021,05/05/2021 00:20 CDT,97401,18.14,67.99,1.02,9.365,0.29,102503.41
TWB14,Uvalde_2020_02,29.60214,-99.73007,436.7784,6/28/21,p,2021,05/05/2021 00:25 CDT,97409,17.74,67.85,0.565,9.365,0.8,102517.21
TWB14,Uvalde_2020_02,29.60214,-99.73007,436.7784,6/28/21,p,2021,05/05/2021 00:30 CDT,97412,17.62,69.13,0.47,9.365,0.97,102523.24
TWB14,Uvalde_2020_02,29.60214,-99.73007,436.7784,6/28/21,p,2021,05/05/2021 00:35 CDT,97416,17.5,70.08,0.35,9.365,0.76,102531.41
TWB14,Uvalde_2020_02,29.60214,-99.73007,436.7784,6/28/21,p,2021,05/05/2021 00:40 CDT,97424,17.26,71.3,0.005,9.365,1.15,102543.61
TWB14,Uvalde_2020_02,29.60214,-99.73007,436.7784,6/28/21,p,2021,05/05/2021 00:45 CDT,97425,17.05,72.11,0.245,9.365,0.8,102549.17
TWB14,Uvalde_2020_02,29.60214,-99.73007,436.7784,6/28/21,p,2021,05/05/2021 00:50 CDT,97427,17.03,74,0.96,9.365,0.22,102555.79
TWB14,Uvalde_2020_02,29.60214,-99.73007,436.7784,6/28/21,p,2021,05/05/2021 00:55 CDT,97430,16.88,73.87,0.89,9.365,0,102561.85
TWB14,Uvalde_2020_02,29.60214,-99.73007,436.7784,6/28/21,p,2021,05/05/2021 01:00 CDT,97430,16.81,75.15,1.09,9.365,0,102564.02
TWB14,Uvalde_2020_02,29.60214,-99.73007,436.7784,6/28/21,p,2021,05/05/2021 01:05 CDT,97430,17.08,72.72,1.9,9.365,0,102560.59
TWB14,Uvalde_2020_02,29.60214,-99.73007,436.7784,6/28/21,p,2021,05/05/2021 01:10 CDT,97432,16.97,72.56,0.905,9.365,0,102559.8
TWB14,Uvalde_2020_02,29.60214,-99.73007,436.7784,6/28/21,p,2021,05/05/2021 01:15 CDT,97437,16.89,73.17,1.025,9.365,0,102564.33
TWB14,Uvalde_2020_02,29.60214,-99.73007,436.7784,6/28/21,p,2021,05/05/2021 01:20 CDT,97437,16.73,73.61,0.995,9.365,0.1,102567.41
TWB14,Uvalde_2020_02,29.60214,-99.73007,436.7784,6/28/21,p,2021,05/05/2021 01:25 CDT,97439,16.71,74.62,0.845,9.365,0.01,102570.96
TWB14,Uvalde_2020_02,29.60214,-99.73007,436.7784,6/28/21,p,2021,05/05/2021 01:30 CDT,97439,16.51,76.18,0.775,9.365,0.52,102575.67
TWB14,Uvalde_2020_02,29.60214,-99.73007,436.7784,6/28/21,p,2021,05/05/2021 01:35 CDT,97437,16.25,78.2,1.4,9.365,0.09,102579.56
TWB14,Uvalde_2020_02,29.60214,-99.73007,436.7784,6/28/21,p,2021,05/05/2021 01:40 CDT,97437,16.04,77.66,1.15,9.365,0,102584.12
TWB14,Uvalde_2020_02,29.60214,-99.73007,436.7784,6/28/21,p,2021,05/05/2021 01:45 CDT,97437,15.96,77.53,0.805,9.365,0,102583.75
TWB14,Uvalde_2020_02,29.60214,-99.73007,436.7784,6/28/21,p,2021,05/05/2021 01:50 CDT,97437,15.92,76.52,1.03,9.365,0,102582.3
TWB14,Uvalde_2020_02,29.60214,-99.73007,436.7784,6/28/21,p,2021,05/05/2021 01:55 CDT,97437,15.99,77.16,1.195,9.365,0,102581.75
TWB14,Uvalde_2020_02,29.60214,-99.73007,436.7784,6/28/21,p,2021,05/05/2021 02:00 CDT,97441,15.88,77.47,1.205,9.365,0,102589.06
TWB14,Uvalde_2020_02,29.60214,-99.73007,436.7784,6/28/21,p,2021,05/05/2021 02:05 CDT,97445,15.81,79.23,0.97,9.365,0.02,102594.72
TWB14,Uvalde_2020_02,29.60214,-99.73007,436.7784,6/28/21,p,2021,05/05/2021 02:10 CDT,97450,15.5,79.71,0.97,9.365,0,102606.2
TWB14,Uvalde_2020_02,29.60214,-99.73007,436.7784,6/28/21,p,2021,05/05/2021 02:15 CDT,97448,15.44,80,1.12,9.365,0,102606.66
TWB14,Uvalde_2020_02,29.60214,-99.73007,436.7784,6/28/21,p,2021,05/05/2021 02:20 CDT,97449,15.39,79.68,0.89,9.365,0,102607.9
TWB14,Uvalde_2020_02,29.60214,-99.73007,436.7784,6/28/21,p,2021,05/05/2021 02:25 CDT,97457,15.35,80.6,0.445,9.365,0.16,102616.68
TWB14,Uvalde_2020_02,29.60214,-99.73007,436.7784,6/28/21,p,2021,05/05/2021 02:30 CDT,97460,15.1,81.5,0.29,9.365,0.17,102622.4
TWB14,Uvalde_2020_02,29.60214,-99.73007,436.7784,6/28/21,p,2021,05/05/2021 02:35 CDT,97454,14.86,82.5,0.57,9.365,0.27,102620.31
TWB14,Uvalde_2020_02,29.60214,-99.73007,436.7784,6/28/21,p,2021,05/05/2021 02:40 CDT,97449,14.73,83,0.35,9.365,0.28,102618.35
TWB14,Uvalde_2020_02,29.60214,-99.73007,436.7784,6/28/21,p,2021,05/05/2021 02:45 CDT,97452,14.51,84.2,0.18,9.365,0.41,102625.92
TWB14,Uvalde_2020_02,29.60214,-99.73007,436.7784,6/28/21,p,2021,05/05/2021 02:50 CDT,97449,14.32,85.2,0.12,9.365,0.07,102626.08
TWB14,Uvalde_2020_02,29.60214,-99.73007,436.7784,6/28/21,p,2021,05/05/2021 02:55 CDT,97446,14.14,86,0.19,9.365,0.09,102626.05
TWB14,Uvalde_2020_02,29.60214,-99.73007,436.7784,6/28/21,p,2021,05/05/2021 03:00 CDT,97447,13.94,86.3,0.28,9.365,0.49,102630.62
TWB14,Uvalde_2020_02,29.60214,-99.73007,436.7784,6/28/21,p,2021,05/05/2021 03:05 CDT,97448,13.82,86.9,0.01,9.365,0.83,102633.89
TWB14,Uvalde_2020_02,29.60214,-99.73007,436.7784,6/28/21,p,2021,05/05/2021 03:10 CDT,97446,13.66,87.6,0,9.365,0.4,102634.74
TWB14,Uvalde_2020_02,29.60214,-99.73007,436.7784,6/28/21,p,2021,05/05/2021 03:15 CDT,97448,13.71,88.3,0.205,9.365,0.02,102638.33
TWB14,Uvalde_2020_02,29.60214,-99.73007,436.7784,6/28/21,p,2021,05/05/2021 03:20 CDT,97457,13.76,88.3,0.14,9.365,0,102649.11
TWB14,Uvalde_2020_02,29.60214,-99.73007,436.7784,6/28/21,p,2021,05/05/2021 03:25 CDT,97463,13.68,88.7,0.38,9.365,0,102656.35
TWB14,Uvalde_2020_02,29.60214,-99.73007,436.7784,6/28/21,p,2021,05/05/2021 03:30 CDT,97463,13.63,88.2,0.685,9.365,0,102657.66
TWB14,Uvalde_2020_02,29.60214,-99.73007,436.7784,6/28/21,p,2021,05/05/2021 03:35 CDT,97468,13.6,88.4,0.675,9.365,0,102664.78
TWB14,Uvalde_2020_02,29.60214,-99.73007,436.7784,6/28/21,p,2021,05/05/2021 03:40 CDT,97471,13.47,88.8,0.125,9.365,0,102670.17
TWB14,Uvalde_2020_02,29.60214,-99.73007,436.7784,6/28/21,p,2021,05/05/2021 03:45 CDT,97465,13.21,89.3,0.065,9.365,0,102665.52
TWB14,Uvalde_2020_02,29.60214,-99.73007,436.7784,6/28/21,p,2021,05/05/2021 03:50 CDT,97472,12.94,89.4,0.015,9.365,0,102674.39
TWB14,Uvalde_2020_02,29.60214,-99.73007,436.7784,6/28/21,p,2021,05/05/2021 03:55 CDT,97478,12.77,89.9,0.025,9.365,0.18,102682.57
TWB14,Uvalde_2020_02,29.60214,-99.73007,436.7784,6/28/21,p,2021,05/05/2021 04:00 CDT,97479,12.69,90.1,0,9.365,0,102684.37
TWB14,Uvalde_2020_02,29.60214,-99.73007,436.7784,6/28/21,p,2021,05/05/2021 04:05 CDT,97480,12.59,90.3,0.035,9.365,0,102688.03
TWB14,Uvalde_2020_02,29.60214,-99.73007,436.7784,6/28/21,p,2021,05/05/2021 04:10 CDT,97480,12.47,90.6,0.13,9.365,0,102690.46
TWB14,Uvalde_2020_02,29.60214,-99.73007,436.7784,6/28/21,p,2021,05/05/2021 04:15 CDT,97481,12.36,91,0.31,9.365,0,102693.57
TWB14,Uvalde_2020_02,29.60214,-99.73007,436.7784,6/28/21,p,2021,05/05/2021 04:20 CDT,97482,12.34,91.2,0.355,9.365,0,102696.12
TWB14,Uvalde_2020_02,29.60214,-99.73007,436.7784,6/28/21,p,2021,05/05/2021 04:25 CDT,97483,12.57,91.1,0.405,9.365,0,102698.11
TWB14,Uvalde_2020_02,29.60214,-99.73007,436.7784,6/28/21,p,2021,05/05/2021 04:30 CDT,97487,12.53,91.7,0.27,9.365,0,102703.25
TWB14,Uvalde_2020_02,29.60214,-99.73007,436.7784,6/28/21,p,2021,05/05/2021 04:35 CDT,97487,12.45,91.9,0.075,9.365,0,102703.63
TWB14,Uvalde_2020_02,29.60214,-99.73007,436.7784,6/28/21,p,2021,05/05/2021 04:40 CDT,97491,12.48,92.4,0.43,9.365,0,102708.03
TWB14,Uvalde_2020_02,29.60214,-99.73007,436.7784,6/28/21,p,2021,05/05/2021 04:45 CDT,97500,12.33,92.6,0.325,9.365,0,102717.32
TWB14,Uvalde_2020_02,29.60214,-99.73007,436.7784,6/28/21,p,2021,05/05/2021 04:50 CDT,97508,12.26,92.5,0.38,9.365,0,102725.37
TWB14,Uvalde_2020_02,29.60214,-99.73007,436.7784,6/28/21,p,2021,05/05/2021 04:55 CDT,97509,12.17,92.2,0.65,9.365,0,102727.93
TWB14,Uvalde_2020_02,29.60214,-99.73007,436.7784,6/28/21,p,2021,05/05/2021 05:00 CDT,97516,12.07,92.7,0.175,9.365,0,102737.74
TWB14,Uvalde_2020_02,29.60214,-99.73007,436.7784,6/28/21,p,2021,05/05/2021 05:05 CDT,97530,12,93.2,0.025,9.365,0.02,102752.86
TWB14,Uvalde_2020_02,29.60214,-99.73007,436.7784,6/28/21,p,2021,05/05/2021 05:10 CDT,97528,12.09,93,0.54,9.365,0,102750.75
TWB14,Uvalde_2020_02,29.60214,-99.73007,436.7784,6/28/21,p,2021,05/05/2021 05:15 CDT,97536,11.87,93.5,0.12,9.365,0,102760.31
TWB14,Uvalde_2020_02,29.60214,-99.73007,436.7784,6/28/21,p,2021,05/05/2021 05:20 CDT,97537,11.75,93.4,0.025,9.365,0.01,102762.68
TWB14,Uvalde_2020_02,29.60214,-99.73007,436.7784,6/28/21,p,2021,05/05/2021 05:25 CDT,97537,11.7,93.4,0,9.365,0.09,102764.55
TWB14,Uvalde_2020_02,29.60214,-99.73007,436.7784,6/28/21,p,2021,05/05/2021 05:30 CDT,97539,11.69,93.7,0,9.365,0,102767.41
TWB14,Uvalde_2020_02,29.60214,-99.73007,436.7784,6/28/21,p,2021,05/05/2021 05:35 CDT,97541,11.75,93.9,0.015,9.365,0,102769.71
TWB14,Uvalde_2020_02,29.60214,-99.73007,436.7784,6/28/21,p,2021,05/05/2021 05:40 CDT,97542,11.66,94,0.045,9.365,0,102772.08
TWB14,Uvalde_2020_02,29.60214,-99.73007,436.7784,6/28/21,p,2021,05/05/2021 05:45 CDT,97543,11.53,94.5,0,9.365,0,102774.07
TWB14,Uvalde_2020_02,29.60214,-99.73007,436.7784,6/28/21,p,2021,05/05/2021 05:50 CDT,97544,11.5,94.5,0.085,9.365,0,102774.75
TWB14,Uvalde_2020_02,29.60214,-99.73007,436.7784,6/28/21,p,2021,05/05/2021 05:55 CDT,97542,11.4,94.4,0.265,9.365,0,102773.96
TWB14,Uvalde_2020_02,29.60214,-99.73007,436.7784,6/28/21,p,2021,05/05/2021 06:00 CDT,97544,11.26,94.6,0.38,9.365,0,102778.51
TWB14,Uvalde_2020_02,29.60214,-99.73007,436.7784,6/28/21,p,2021,05/05/2021 06:05 CDT,97554,11.19,94.5,0.035,9.365,0.4,102790.56
TWB14,Uvalde_2020_02,29.60214,-99.73007,436.7784,6/28/21,p,2021,05/05/2021 06:10 CDT,97565,11.14,94.6,0,9.365,0.19,102803.85
TWB14,Uvalde_2020_02,29.60214,-99.73007,436.7784,6/28/21,p,2021,05/05/2021 06:15 CDT,97567,11.07,94.7,0.36,9.365,0,102807.09
TWB14,Uvalde_2020_02,29.60214,-99.73007,436.7784,6/28/21,p,2021,05/05/2021 06:20 CDT,97570,10.94,95.2,0.405,9.365,0,102811.76
TWB14,Uvalde_2020_02,29.60214,-99.73007,436.7784,6/28/21,p,2021,05/05/2021 06:25 CDT,97579,11.07,95.1,0.275,9.365,0,102821.05
TWB14,Uvalde_2020_02,29.60214,-99.73007,436.7784,6/28/21,p,2021,05/05/2021 06:30 CDT,97589,11.02,95.5,0.3,9.365,0.08,102832.34
TWB14,Uvalde_2020_02,29.60214,-99.73007,436.7784,6/28/21,p,2021,05/05/2021 06:35 CDT,97596,11.08,96.3,0.85,9.365,0,102839.15
TWB14,Uvalde_2020_02,29.60214,-99.73007,436.7784,6/28/21,p,2021,05/05/2021 06:40 CDT,97604,11.25,95.7,0.405,9.365,0,102844.56
TWB14,Uvalde_2020_02,29.60214,-99.73007,436.7784,6/28/21,p,2021,05/05/2021 06:45 CDT,97621,11.32,95.7,1.005,9.365,0,102862.09
TWB14,Uvalde_2020_02,29.60214,-99.73007,436.7784,6/28/21,p,2021,05/05/2021 06:50 CDT,97632,11.27,95.3,0.555,9.365,0.43,102874.06
TWB14,Uvalde_2020_02,29.60214,-99.73007,436.7784,6/28/21,p,2021,05/05/2021 06:55 CDT,97642,11.24,95.5,0.11,9.365,3.09,102886.11
TWB14,Uvalde_2020_02,29.60214,-99.73007,436.7784,6/28/21,p,2021,05/05/2021 07:00 CDT,97650,11.25,95.7,0.445,9.365,3.28,102894.54
TWB14,Uvalde_2020_02,29.60214,-99.73007,436.7784,6/28/21,p,2021,05/05/2021 07:05 CDT,97653,11.28,95.9,0.535,9.365,5.47,102897.7
TWB14,Uvalde_2020_02,29.60214,-99.73007,436.7784,6/28/21,p,2021,05/05/2021 07:10 CDT,97653,11.39,96.2,1.255,9.365,6.97,102897.51
TWB14,Uvalde_2020_02,29.60214,-99.73007,436.7784,6/28/21,p,2021,05/05/2021 07:15 CDT,97663,11.46,96.8,0.715,9.365,10.33,102906.16
TWB14,Uvalde_2020_02,29.60214,-99.73007,436.7784,6/28/21,p,2021,05/05/2021 07:20 CDT,97671,11.73,96.7,1.03,9.365,11.39,102909.68
TWB14,Uvalde_2020_02,29.60214,-99.73007,436.7784,6/28/21,p,2021,05/05/2021 07:25 CDT,97689,11.81,96.2,0.125,9.365,16.4,102925.82
TWB14,Uvalde_2020_02,29.60214,-99.73007,436.7784,6/28/21,p,2021,05/05/2021 07:30 CDT,97703,11.76,95.7,0.655,9.365,19.36,102940.2
TWB14,Uvalde_2020_02,29.60214,-99.73007,436.7784,6/28/21,p,2021,05/05/2021 07:35 CDT,97704,11.98,96.3,0.025,9.365,36.01,102940.68
TWB14,Uvalde_2020_02,29.60214,-99.73007,436.7784,6/28/21,p,2021,05/05/2021 07:40 CDT,97710,12.22,95.9,0.095,9.365,65.37,102942.68
TWB14,Uvalde_2020_02,29.60214,-99.73007,436.7784,6/28/21,p,2021,05/05/2021 07:45 CDT,97722,12.55,95.7,0.58,9.365,79.43,102950.06
TWB14,Uvalde_2020_02,29.60214,-99.73007,436.7784,6/28/21,p,2021,05/05/2021 07:50 CDT,97729,12.71,93.7,1.085,9.365,93.2,102948.83
TWB14,Uvalde_2020_02,29.60214,-99.73007,436.7784,6/28/21,p,2021,05/05/2021 07:55 CDT,97731,13.02,92.8,0.68,9.365,106.72,102944.58
TWB14,Uvalde_2020_02,29.60214,-99.73007,436.7784,6/28/21,p,2021,05/05/2021 08:00 CDT,97731,13.26,91.1,1.37,9.365,124.28,102938.25
TWB14,Uvalde_2020_02,29.60214,-99.73007,436.7784,6/28/21,p,2021,05/05/2021 08:05 CDT,97736,13.51,88.9,1.505,9.365,139.68,102936.46
TWB14,Uvalde_2020_02,29.60214,-99.73007,436.7784,6/28/21,p,2021,05/05/2021 08:10 CDT,97745,13.79,86.3,1.72,9.365,151.07,102939.65
TWB14,Uvalde_2020_02,29.60214,-99.73007,436.7784,6/28/21,p,2021,05/05/2021 08:15 CDT,97752,14.12,84.3,1.565,9.365,158.72,102940.74
TWB14,Uvalde_2020_02,29.60214,-99.73007,436.7784,6/28/21,p,2021,05/05/2021 08:20 CDT,97753,14.48,83.8,1.575,9.365,166.26,102935.34
TWB14,Uvalde_2020_02,29.60214,-99.73007,436.7784,6/28/21,p,2021,05/05/2021 08:25 CDT,97753,14.82,83,1.28,9.365,176.35,102928.16
TWB14,Uvalde_2020_02,29.60214,-99.73007,436.7784,6/28/21,p,2021,05/05/2021 08:30 CDT,97764,15.25,79.76,0.75,9.365,186.41,102932.41
TWB14,Uvalde_2020_02,29.60214,-99.73007,436.7784,6/28/21,p,2021,05/05/2021 08:35 CDT,97766,15.57,79.92,1.28,9.365,203.28,102927.74
TWB14,Uvalde_2020_02,29.60214,-99.73007,436.7784,6/28/21,p,2021,05/05/2021 08:40 CDT,97770,15.79,77.18,1.145,9.365,215.87,102926.67
TWB14,Uvalde_2020_02,29.60214,-99.73007,436.7784,6/28/21,p,2021,05/05/2021 08:45 CDT,97771,16.09,76.2,1.065,9.365,228.64,102921.9
TWB14,Uvalde_2020_02,29.60214,-99.73007,436.7784,6/28/21,p,2021,05/05/2021 08:50 CDT,97772,16.37,77.35,1.385,9.365,243.71,102917.12
TWB14,Uvalde_2020_02,29.60214,-99.73007,436.7784,6/28/21,p,2021,05/05/2021 08:55 CDT,97773,16.6,74.04,1.515,9.365,258.53,102913.65
TWB14,Uvalde_2020_02,29.60214,-99.73007,436.7784,6/28/21,p,2021,05/05/2021 09:00 CDT,97774,16.97,72.35,1.57,9.365,271.73,102908.74
TWB14,Uvalde_2020_02,29.60214,-99.73007,436.7784,6/28/21,p,2021,05/05/2021 09:05 CDT,97774,17.44,69.98,1.12,9.365,284.12,102900.62
TWB14,Uvalde_2020_02,29.60214,-99.73007,436.7784,6/28/21,p,2021,05/05/2021 09:10 CDT,97775,17.81,69.5,1.46,9.365,303.13,102895.91
TWB14,Uvalde_2020_02,29.60214,-99.73007,436.7784,6/28/21,p,2021,05/05/2021 09:15 CDT,97775,18.33,67.54,0.935,9.365,313.65,102888.02
TWB14,Uvalde_2020_02,29.60214,-99.73007,436.7784,6/28/21,p,2021,05/05/2021 09:20 CDT,97776,18.84,64.23,0.925,9.365,330.31,102880.31
TWB14,Uvalde_2020_02,29.60214,-99.73007,436.7784,6/28/21,p,2021,05/05/2021 09:25 CDT,97781,19.13,55.12,1.41,9.365,344.22,102880.27
TWB14,Uvalde_2020_02,29.60214,-99.73007,436.7784,6/28/21,p,2021,05/05/2021 09:30 CDT,97783,19.32,56.87,0.97,9.365,357.05,102878.26
TWB14,Uvalde_2020_02,29.60214,-99.73007,436.7784,6/28/21,p,2021,05/05/2021 09:35 CDT,97781,19.47,55.04,1.55,9.365,374.51,102871.37
TWB14,Uvalde_2020_02,29.60214,-99.73007,436.7784,6/28/21,p,2021,05/05/2021 09:40 CDT,97777,19.62,53.55,1.68,9.365,390.79,102864.5
TWB14,Uvalde_2020_02,29.60214,-99.73007,436.7784,6/28/21,p,2021,05/05/2021 09:45 CDT,97776,19.67,53.18,1.68,9.365,403.98,102862.03
TWB14,Uvalde_2020_02,29.60214,-99.73007,436.7784,6/28/21,p,2021,05/05/2021 09:50 CDT,97776,19.72,57.83,1.5,9.365,415.73,102860.23
TWB14,Uvalde_2020_02,29.60214,-99.73007,436.7784,6/28/21,p,2021,05/05/2021 09:55 CDT,97773,19.86,54.42,1.85,9.365,429.13,102853.55
TWB14,Uvalde_2020_02,29.60214,-99.73007,436.7784,6/28/21,p,2021,05/05/2021 10:00 CDT,97769,20.12,55.97,1.675,9.365,439.9,102846.85
TWB14,Uvalde_2020_02,29.60214,-99.73007,436.7784,6/28/21,p,2021,05/05/2021 10:05 CDT,97766,20.11,55.52,1.675,9.365,452.48,102841.93
TWB14,Uvalde_2020_02,29.60214,-99.73007,436.7784,6/28/21,p,2021,05/05/2021 10:10 CDT,97764,20.58,52.89,0.985,9.365,461.44,102832.96
TWB14,Uvalde_2020_02,29.60214,-99.73007,436.7784,6/28/21,p,2021,05/05/2021 10:15 CDT,97765,20.76,51.98,1.1,9.365,474.57,102829.79
TWB14,Uvalde_2020_02,29.60214,-99.73007,436.7784,6/28/21,p,2021,05/05/2021 10:20 CDT,97768,20.66,56.49,1.9,9.365,492.28,102835.2
TWB14,Uvalde_2020_02,29.60214,-99.73007,436.7784,6/28/21,p,2021,05/05/2021 10:25 CDT,97769,20.92,50.09,1.995,9.365,505.85,102829.96
TWB14,Uvalde_2020_02,29.60214,-99.73007,436.7784,6/28/21,p,2021,05/05/2021 10:30 CDT,97773,21.02,52.17,1.54,9.365,509.23,102833.45
TWB14,Uvalde_2020_02,29.60214,-99.73007,436.7784,6/28/21,p,2021,05/05/2021 10:35 CDT,97776,21.09,48.63,1.63,9.365,525.03,102834.52
TWB14,Uvalde_2020_02,29.60214,-99.73007,436.7784,6/28/21,p,2021,05/05/2021 10:40 CDT,97770,21.41,47.21,1.24,9.365,532.66,102824.54
TWB14,Uvalde_2020_02,29.60214,-99.73007,436.7784,6/28/21,p,2021,05/05/2021 10:45 CDT,97772,21.42,48.56,1.38,9.365,542.89,102824.18
TWB14,Uvalde_2020_02,29.60214,-99.73007,436.7784,6/28/21,p,2021,05/05/2021 10:50 CDT,97768,21.71,49.06,1.165,9.365,552.1,102815.6
TWB14,Uvalde_2020_02,29.60214,-99.73007,436.7784,6/28/21,p,2021,05/05/2021 10:55 CDT,97770,21.81,48.9,1.885,9.365,572.14,102814.73
TWB14,Uvalde_2020_02,29.60214,-99.73007,436.7784,6/28/21,p,2021,05/05/2021 11:00 CDT,97762,21.93,50.18,2.135,9.365,583.02,102802.82
TWB14,Uvalde_2020_02,29.60214,-99.73007,436.7784,6/28/21,p,2021,05/05/2021 11:05 CDT,97759,21.96,47.95,2.155,9.365,594.88,102798.28
TWB14,Uvalde_2020_02,29.60214,-99.73007,436.7784,6/28/21,p,2021,05/05/2021 11:10 CDT,97756,22.11,47.91,0.965,9.365,590.35,102794.96
TWB14,Uvalde_2020_02,29.60214,-99.73007,436.7784,6/28/21,p,2021,05/05/2021 11:15 CDT,97745,22.47,47.6,1.57,9.365,604.61,102779.04
TWB14,Uvalde_2020_02,29.60214,-99.73007,436.7784,6/28/21,p,2021,05/05/2021 11:20 CDT,97745,22.57,50.87,2.635,9.365,630.39,102775.89
TWB14,Uvalde_2020_02,29.60214,-99.73007,436.7784,6/28/21,p,2021,05/05/2021 11:25 CDT,97745,22.84,43.76,1.245,6.835,618.7,102772.12
TWB14,Uvalde_2020_02,29.60214,-99.73007,436.7784,6/28/21,p,2021,05/05/2021 11:30 CDT,97738,22.91,43.08,0.88,6.835,627.28,102762.69
TWB14,Uvalde_2020_02,29.60214,-99.73007,436.7784,6/28/21,p,2021,05/05/2021 11:35 CDT,97735,23.33,43.28,0.98,6.835,629.86,102753.3
TWB14,Uvalde_2020_02,29.60214,-99.73007,436.7784,6/28/21,p,2021,05/05/2021 11:40 CDT,97734,23.29,43.08,1.62,6.835,654.22,102748.62
TWB14,Uvalde_2020_02,29.60214,-99.73007,436.7784,6/28/21,p,2021,05/05/2021 11:45 CDT,97733,23.27,43.82,1.995,6.835,666.93,102749.46
TWB14,Uvalde_2020_02,29.60214,-99.73007,436.7784,6/28/21,p,2021,05/05/2021 11:50 CDT,97732,23.51,43.38,1.86,6.835,672.06,102745.14
TWB14,Uvalde_2020_02,29.60214,-99.73007,436.7784,6/28/21,p,2021,05/05/2021 11:55 CDT,97725,23.53,41.49,2.23,6.835,681.64,102734.69
TWB14,Uvalde_2020_02,29.60214,-99.73007,436.7784,6/28/21,p,2021,05/05/2021 12:00 CDT,97717,23.36,45.36,1.845,6.835,687.24,102729.7
TWB14,Uvalde_2020_02,29.60214,-99.73007,436.7784,6/28/21,p,2021,05/05/2021 12:05 CDT,97706,23.66,44.01,1.145,6.835,664.58,102715.21
TWB14,Uvalde_2020_02,29.60214,-99.73007,436.7784,6/28/21,p,2021,05/05/2021 12:10 CDT,97700,23.84,49.07,1.9,6.835,691.32,102704.56
TWB14,Uvalde_2020_02,29.60214,-99.73007,436.7784,6/28/21,p,2021,05/05/2021 12:15 CDT,97694,24,45.33,2.115,6.835,704.74,102694.85
TWB14,Uvalde_2020_02,29.60214,-99.73007,436.7784,6/28/21,p,2021,05/05/2021 12:20 CDT,97687,24.1,42.16,1.635,6.835,708.25,102686.65
TWB14,Uvalde_2020_02,29.60214,-99.73007,436.7784,6/28/21,p,2021,05/05/2021 12:25 CDT,97674,24.1,40.04,1.705,6.835,711.54,102675.07
TWB14,Uvalde_2020_02,29.60214,-99.73007,436.7784,6/28/21,p,2021,05/05/2021 12:30 CDT,97671,24.2,40.78,2.385,6.835,724.18,102668.47
TWB14,Uvalde_2020_02,29.60214,-99.73007,436.7784,6/28/21,p,2021,05/05/2021 12:35 CDT,97670,24.17,44.72,2.36,6.835,731.61,102666.88
TWB14,Uvalde_2020_02,29.60214,-99.73007,436.7784,6/28/21,p,2021,05/05/2021 12:40 CDT,97663,24.36,39.43,3.265,6.835,739.03,102655.62
TWB14,Uvalde_2020_02,29.60214,-99.73007,436.7784,6/28/21,p,2021,05/05/2021 12:45 CDT,97647,24.45,38.76,2.125,6.835,731.99,102639.32
TWB14,Uvalde_2020_02,29.60214,-99.73007,436.7784,6/28/21,p,2021,05/05/2021 12:50 CDT,97643,24.67,42.12,2.41,6.835,737.37,102630.13
TWB14,Uvalde_2020_02,29.60214,-99.73007,436.7784,6/28/21,p,2021,05/05/2021 12:55 CDT,97632,24.74,41.95,2.45,6.835,741.81,102616.01
TWB14,Uvalde_2020_02,29.60214,-99.73007,436.7784,6/28/21,p,2021,05/05/2021 13:00 CDT,97627,25.04,38.65,2.61,6.835,746.15,102607.71
TWB14,Uvalde_2020_02,29.60214,-99.73007,436.7784,6/28/21,p,2021,05/05/2021 13:05 CDT,97618,24.97,41.04,2.56,6.835,750.36,102596.87
TWB14,Uvalde_2020_02,29.60214,-99.73007,436.7784,6/28/21,p,2021,05/05/2021 13:10 CDT,97610,25.07,37.71,1.255,6.835,738,102590.36
TWB14,Uvalde_2020_02,29.60214,-99.73007,436.7784,6/28/21,p,2021,05/05/2021 13:15 CDT,97602,25.45,35.28,3.685,7.415,763.57,102574.66
TWB14,Uvalde_2020_02,29.60214,-99.73007,436.7784,6/28/21,p,2021,05/05/2021 13:20 CDT,97595,25.4,34.61,2.285,7.25,754.07,102566.79
TWB14,Uvalde_2020_02,29.60214,-99.73007,436.7784,6/28/21,p,2021,05/05/2021 13:25 CDT,97585,25.49,36.83,1.915,7.25,747.62,102557.46
TWB14,Uvalde_2020_02,29.60214,-99.73007,436.7784,6/28/21,p,2021,05/05/2021 13:30 CDT,97581,25.52,37.57,2.995,7.25,764.92,102550.87
TWB14,Uvalde_2020_02,29.60214,-99.73007,436.7784,6/28/21,p,2021,05/05/2021 13:35 CDT,97568,25.6,36.22,1.81,7.25,752.4,102537.05
TWB14,Uvalde_2020_02,29.60214,-99.73007,436.7784,6/28/21,p,2021,05/05/2021 13:40 CDT,97558,25.98,36.56,3.385,7.25,766.3,102520.09
TWB14,Uvalde_2020_02,29.60214,-99.73007,436.7784,6/28/21,p,2021,05/05/2021 13:45 CDT,97552,26.08,39.02,3.37,7.25,765.08,102510.89
TWB14,Uvalde_2020_02,29.60214,-99.73007,436.7784,6/28/21,p,2021,05/05/2021 13:50 CDT,97542,26.3,35.42,2.68,7.25,759.89,102497.71
TWB14,Uvalde_2020_02,29.60214,-99.73007,436.7784,6/28/21,p,2021,05/05/2021 13:55 CDT,97530,26.31,34.27,2.91,7.25,758.72,102483.93
TWB14,Uvalde_2020_02,29.60214,-99.73007,436.7784,6/28/21,p,2021,05/05/2021 14:00 CDT,97524,26.43,35.51,2.835,7.25,758.3,102475.42
TWB14,Uvalde_2020_02,29.60214,-99.73007,436.7784,6/28/21,p,2021,05/05/2021 14:05 CDT,97509,26.51,34.13,2.545,7.25,752.51,102458.66
TWB14,Uvalde_2020_02,29.60214,-99.73007,436.7784,6/28/21,p,2021,05/05/2021 14:10 CDT,97501,26.64,34.2,2.75,7.25,752.34,102449.24
TWB14,Uvalde_2020_02,29.60214,-99.73007,436.7784,6/28/21,p,2021,05/05/2021 14:15 CDT,97500,26.66,34.33,2.96,7.25,751.13,102446.5
TWB14,Uvalde_2020_02,29.60214,-99.73007,436.7784,6/28/21,p,2021,05/05/2021 14:20 CDT,97497,26.74,36.49,2.64,7.25,750.14,102443.16
TWB14,Uvalde_2020_02,29.60214,-99.73007,436.7784,6/28/21,p,2021,05/05/2021 14:25 CDT,97491,26.78,34.47,3.085,7.25,748.06,102435.53
TWB14,Uvalde_2020_02,29.60214,-99.73007,436.7784,6/28/21,p,2021,05/05/2021 14:30 CDT,97482,27.19,30.56,1.465,7.25,724.78,102421.07
TWB14,Uvalde_2020_02,29.60214,-99.73007,436.7784,6/28/21,p,2021,05/05/2021 14:35 CDT,97468,27.26,32.35,1.615,7.25,727.94,102404.83
TWB14,Uvalde_2020_02,29.60214,-99.73007,436.7784,6/28/21,p,2021,05/05/2021 14:40 CDT,97454,27.4,33.56,2.455,7.25,735.71,102386.76
TWB14,Uvalde_2020_02,29.60214,-99.73007,436.7784,6/28/21,p,2021,05/05/2021 14:45 CDT,97449,27.34,35.34,1.655,7.25,723.55,102381.16
TWB14,Uvalde_2020_02,29.60214,-99.73007,436.7784,6/28/21,p,2021,05/05/2021 14:50 CDT,97444,27.56,30.93,0.93,7.25,708.7,102372.27
TWB14,Uvalde_2020_02,29.60214,-99.73007,436.7784,6/28/21,p,2021,05/05/2021 14:55 CDT,97439,27.8,29.51,1.255,7.25,710.89,102365.02
TWB14,Uvalde_2020_02,29.60214,-99.73007,436.7784,6/28/21,p,2021,05/05/2021 15:00 CDT,97429,27.88,31.87,1.44,7.25,705.84,102353.99
TWB14,Uvalde_2020_02,29.60214,-99.73007,436.7784,6/28/21,p,2021,05/05/2021 15:05 CDT,97427,27.77,30.83,2.04,7.25,713.4,102349.06
TWB14,Uvalde_2020_02,29.60214,-99.73007,436.7784,6/28/21,p,2021,05/05/2021 15:10 CDT,97422,28.04,34.39,1.135,7.25,693.22,102342.44
TWB14,Uvalde_2020_02,29.60214,-99.73007,436.7784,6/28/21,p,2021,05/05/2021 15:15 CDT,97413,28.35,29.07,1.35,7.25,684.24,102328.71
TWB14,Uvalde_2020_02,29.60214,-99.73007,436.7784,6/28/21,p,2021,05/05/2021 15:20 CDT,97410,28.46,29.75,1.385,7.25,683.54,102322.89
TWB14,Uvalde_2020_02,29.60214,-99.73007,436.7784,6/28/21,p,2021,05/05/2021 15:25 CDT,97405,28.44,32,1.575,7.25,679.63,102317.28
TWB14,Uvalde_2020_02,29.60214,-99.73007,436.7784,6/28/21,p,2021,05/05/2021 15:30 CDT,97399,28.52,34.49,1.465,7.25,670.86,102310.62
TWB14,Uvalde_2020_02,29.60214,-99.73007,436.7784,6/28/21,p,2021,05/05/2021 15:35 CDT,97385,28.74,31.09,1.085,7.25,657.14,102294.79
TWB14,Uvalde_2020_02,29.60214,-99.73007,436.7784,6/28/21,p,2021,05/05/2021 15:40 CDT,97384,28.89,28.97,1.005,7.25,646.52,102288.95
TWB14,Uvalde_2020_02,29.60214,-99.73007,436.7784,6/28/21,p,2021,05/05/2021 15:45 CDT,97374,28.9,28.87,0.74,7.25,635.23,102278.28
TWB14,Uvalde_2020_02,29.60214,-99.73007,436.7784,6/28/21,p,2021,05/05/2021 15:50 CDT,97359,29.06,34.39,0.6,7.25,623.86,102260.31
TWB14,Uvalde_2020_02,29.60214,-99.73007,436.7784,6/28/21,p,2021,05/05/2021 15:55 CDT,97356,29.01,30.42,2.015,7.25,632.54,102254.89
TWB14,Uvalde_2020_02,29.60214,-99.73007,436.7784,6/28/21,p,2021,05/05/2021 16:00 CDT,97351,28.72,32.47,1.315,7.25,621.87,102255.24
TWB14,Uvalde_2020_02,29.60214,-99.73007,436.7784,6/28/21,p,2021,05/05/2021 16:05 CDT,97340,28.86,28.8,1.71,7.25,609.31,102241.91
TWB14,Uvalde_2020_02,29.60214,-99.73007,436.7784,6/28/21,p,2021,05/05/2021 16:10 CDT,97331,29.04,32.91,1.425,7.25,598.81,102230.75
TWB14,Uvalde_2020_02,29.60214,-99.73007,436.7784,6/28/21,p,2021,05/05/2021 16:15 CDT,97327,28.88,29.51,1.725,7.25,595.83,102227.42
TWB14,Uvalde_2020_02,29.60214,-99.73007,436.7784,6/28/21,p,2021,05/05/2021 16:20 CDT,97319,28.89,30.52,1.255,7.25,576.57,102220.99
TWB14,Uvalde_2020_02,29.60214,-99.73007,436.7784,6/28/21,p,2021,05/05/2021 16:25 CDT,97320,28.85,28.16,2.6,7.25,576.96,102220.41
TWB14,Uvalde_2020_02,29.60214,-99.73007,436.7784,6/28/21,p,2021,05/05/2021 16:30 CDT,97314,28.68,30.11,2.09,7.25,560.69,102216.9
TWB14,Uvalde_2020_02,29.60214,-99.73007,436.7784,6/28/21,p,2021,05/05/2021 16:35 CDT,97304,28.81,29.2,2.11,7.25,550.28,102205.25
TWB14,Uvalde_2020_02,29.60214,-99.73007,436.7784,6/28/21,p,2021,05/05/2021 16:40 CDT,97297,28.74,31.43,1.73,7.25,534.81,102198.2
TWB14,Uvalde_2020_02,29.60214,-99.73007,436.7784,6/28/21,p,2021,05/05/2021 16:45 CDT,97293,28.87,29.2,2.49,7.25,530.78,102191.05
TWB14,Uvalde_2020_02,29.60214,-99.73007,436.7784,6/28/21,p,2021,05/05/2021 16:50 CDT,97285,28.81,28.5,1.23,7.25,507.9,102185.47
TWB14,Uvalde_2020_02,29.60214,-99.73007,436.7784,6/28/21,p,2021,05/05/2021 16:55 CDT,97273,29.02,32.57,1.55,7.25,499.28,102169.34
TWB14,Uvalde_2020_02,29.60214,-99.73007,436.7784,6/28/21,p,2021,05/05/2021 17:00 CDT,97270,29.33,28.7,0.83,7.25,479.34,102161.28
TWB14,Uvalde_2020_02,29.60214,-99.73007,436.7784,6/28/21,p,2021,05/05/2021 17:05 CDT,97269,29.56,30.15,1.125,7.25,471.74,102156.75
TWB14,Uvalde_2020_02,29.60214,-99.73007,436.7784,6/28/21,p,2021,05/05/2021 17:10 CDT,97268,29.54,29.68,0.82,7.25,459.39,102156.53
TWB14,Uvalde_2020_02,29.60214,-99.73007,436.7784,6/28/21,p,2021,05/05/2021 17:15 CDT,97260,29.37,27.35,2.01,7.25,456.91,102149.31
TWB14,Uvalde_2020_02,29.60214,-99.73007,436.7784,6/28/21,p,2021,05/05/2021 17:20 CDT,97253,29.04,27.82,1.43,7.25,441.93,102146.4
TWB14,Uvalde_2020_02,29.60214,-99.73007,436.7784,6/28/21,p,2021,05/05/2021 17:25 CDT,97243,29.18,27.92,2.035,7.25,430.39,102136.23
TWB14,Uvalde_2020_02,29.60214,-99.73007,436.7784,6/28/21,p,2021,05/05/2021 17:30 CDT,97243,29.24,27.45,2.03,7.25,418.39,102135.57
TWB14,Uvalde_2020_02,29.60214,-99.73007,436.7784,6/28/21,p,2021,05/05/2021 17:35 CDT,97243,29.17,28.46,1.415,7.25,398.18,102136.55
TWB14,Uvalde_2020_02,29.60214,-99.73007,436.7784,6/28/21,p,2021,05/05/2021 17:40 CDT,97242,29.13,27.15,1.125,7.25,383.71,102135.68
TWB14,Uvalde_2020_02,29.60214,-99.73007,436.7784,6/28/21,p,2021,05/05/2021 17:45 CDT,97240,29.17,27.22,1.535,7.25,375.49,102132.43
TWB14,Uvalde_2020_02,29.60214,-99.73007,436.7784,6/28/21,p,2021,05/05/2021 17:50 CDT,97240,29.35,25.43,1.1,7.25,355.13,102131.29
TWB14,Uvalde_2020_02,29.60214,-99.73007,436.7784,6/28/21,p,2021,05/05/2021 17:55 CDT,97236,29.25,26.95,1.365,7.25,345.95,102128.89
TWB14,Uvalde_2020_02,29.60214,-99.73007,436.7784,6/28/21,p,2021,05/05/2021 18:00 CDT,97230,29.38,27.18,0.83,7.25,325.99,102119.94
TWB14,Uvalde_2020_02,29.60214,-99.73007,436.7784,6/28/21,p,2021,05/05/2021 18:05 CDT,97230,29.62,26.91,1.165,7.25,314.57,102116.48
TWB14,Uvalde_2020_02,29.60214,-99.73007,436.7784,6/28/21,p,2021,05/05/2021 18:10 CDT,97230,29.52,29.57,1.72,7.25,307.8,102116.13
TWB14,Uvalde_2020_02,29.60214,-99.73007,436.7784,6/28/21,p,2021,05/05/2021 18:15 CDT,97231,29.25,27.59,2.665,7.25,303.2,102121.65
TWB14,Uvalde_2020_02,29.60214,-99.73007,436.7784,6/28/21,p,2021,05/05/2021 18:20 CDT,97227,29.02,28.36,2.19,7.25,284.18,102122.06
TWB14,Uvalde_2020_02,29.60214,-99.73007,436.7784,6/28/21,p,2021,05/05/2021 18:25 CDT,97224,28.99,28.8,1.705,7.25,250.62,102120.4
TWB14,Uvalde_2020_02,29.60214,-99.73007,436.7784,6/28/21,p,2021,05/05/2021 18:30 CDT,97221,29.07,29.14,2.15,7.25,244.28,102117.08
TWB14,Uvalde_2020_02,29.60214,-99.73007,436.7784,6/28/21,p,2021,05/05/2021 18:35 CDT,97224,29.05,29.17,1.535,7.25,234.37,102121.88
TWB14,Uvalde_2020_02,29.60214,-99.73007,436.7784,6/28/21,p,2021,05/05/2021 18:40 CDT,97232,28.97,28.13,2.34,7.25,224.5,102130.3
TWB14,Uvalde_2020_02,29.60214,-99.73007,436.7784,6/28/21,p,2021,05/05/2021 18:45 CDT,97233,28.73,29.48,2.07,7.25,210.46,102134.98
TWB14,Uvalde_2020_02,29.60214,-99.73007,436.7784,6/28/21,p,2021,05/05/2021 18:50 CDT,97234,28.81,29.34,1.705,7.25,195.15,102136.19
TWB14,Uvalde_2020_02,29.60214,-99.73007,436.7784,6/28/21,p,2021,05/05/2021 18:55 CDT,97231,28.83,30.66,1.415,7.25,178.76,102132.86
TWB14,Uvalde_2020_02,29.60214,-99.73007,436.7784,6/28/21,p,2021,05/05/2021 19:00 CDT,97229,28.69,30.76,1.82,7.25,167.58,102132.09
TWB14,Uvalde_2020_02,29.60214,-99.73007,436.7784,6/28/21,p,2021,05/05/2021 19:05 CDT,97232,28.62,29.21,1.85,7.25,155.2,102137.25
TWB14,Uvalde_2020_02,29.60214,-99.73007,436.7784,6/28/21,p,2021,05/05/2021 19:10 CDT,97235,28.51,31.33,2.24,7.25,143.91,102141.87
TWB14,Uvalde_2020_02,29.60214,-99.73007,436.7784,6/28/21,p,2021,05/05/2021 19:15 CDT,97237,28.43,30.59,1.045,7.25,125.57,102146.14
TWB14,Uvalde_2020_02,29.60214,-99.73007,436.7784,6/28/21,p,2021,05/05/2021 19:20 CDT,97242,28.35,31.33,1.51,7.25,114.79,102152.71
TWB14,Uvalde_2020_02,29.60214,-99.73007,436.7784,6/28/21,p,2021,05/05/2021 19:25 CDT,97245,28.15,30.76,2.025,7.25,104.96,102158.87
TWB14,Uvalde_2020_02,29.60214,-99.73007,436.7784,6/28/21,p,2021,05/05/2021 19:30 CDT,97249,27.99,30.62,1.675,7.25,90.69,102166.41
TWB14,Uvalde_2020_02,29.60214,-99.73007,436.7784,6/28/21,p,2021,05/05/2021 19:35 CDT,97252,27.91,30.15,1.515,7.25,76.42,102171.23
TWB14,Uvalde_2020_02,29.60214,-99.73007,436.7784,6/28/21,p,2021,05/05/2021 19:40 CDT,97256,27.73,30.16,2.165,7.25,57.11,102178.44
TWB14,Uvalde_2020_02,29.60214,-99.73007,436.7784,6/28/21,p,2021,05/05/2021 19:45 CDT,97259,27.53,30.7,2.13,7.25,36.25,102185.26
TWB14,Uvalde_2020_02,29.60214,-99.73007,436.7784,6/28/21,p,2021,05/05/2021 19:50 CDT,97266,27.33,29.69,1.785,7.25,22.3,102196.48
TWB14,Uvalde_2020_02,29.60214,-99.73007,436.7784,6/28/21,p,2021,05/05/2021 19:55 CDT,97274,27.1,30.23,1.835,7.25,18.09,102208.74
TWB14,Uvalde_2020_02,29.60214,-99.73007,436.7784,6/28/21,p,2021,05/05/2021 20:00 CDT,97280,26.88,30.36,1.565,7.25,14.62,102219.41
TWB14,Uvalde_2020_02,29.60214,-99.73007,436.7784,6/28/21,p,2021,05/05/2021 20:05 CDT,97284,26.59,31.1,1.25,7.25,11.64,102228.16
TWB14,Uvalde_2020_02,29.60214,-99.73007,436.7784,6/28/21,p,2021,05/05/2021 20:10 CDT,97288,26.33,30.43,1.18,7.25,8.47,102236.75
TWB14,Uvalde_2020_02,29.60214,-99.73007,436.7784,6/28/21,p,2021,05/05/2021 20:15 CDT,97292,26.14,30.77,1.455,7.25,5.33,102244.16
TWB14,Uvalde_2020_02,29.60214,-99.73007,436.7784,6/28/21,p,2021,05/05/2021 20:20 CDT,97293,25.98,32.19,1.495,7.25,3.33,102249.43
TWB14,Uvalde_2020_02,29.60214,-99.73007,436.7784,6/28/21,p,2021,05/05/2021 20:25 CDT,97294,25.73,32.59,1.075,7.25,2.51,102254.89
TWB14,Uvalde_2020_02,29.60214,-99.73007,436.7784,6/28/21,p,2021,05/05/2021 20:30 CDT,97305,25.24,36.03,0.755,7.25,2.88,102274.23
TWB14,Uvalde_2020_02,29.60214,-99.73007,436.7784,6/28/21,p,2021,05/05/2021 20:35 CDT,97318,24.55,37.25,0.775,7.25,2.51,102299.32
TWB14,Uvalde_2020_02,29.60214,-99.73007,436.7784,6/28/21,p,2021,05/05/2021 20:40 CDT,97326,24.34,37.45,1.22,7.25,0.39,102314.75
TWB14,Uvalde_2020_02,29.60214,-99.73007,436.7784,6/28/21,p,2021,05/05/2021 20:45 CDT,97336,24.31,37.39,0.985,7.25,0,102326.64
TWB14,Uvalde_2020_02,29.60214,-99.73007,436.7784,6/28/21,p,2021,05/05/2021 20:50 CDT,97349,24.25,39.41,1.055,7.25,0,102342.18
TWB14,Uvalde_2020_02,29.60214,-99.73007,436.7784,6/28/21,p,2021,05/05/2021 20:55 CDT,97359,24.07,39.88,1.01,7.25,0,102356.64
TWB14,Uvalde_2020_02,29.60214,-99.73007,436.7784,6/28/21,p,2021,05/05/2021 21:00 CDT,97367,23.99,41.74,1.075,7.25,0.08,102367.1
TWB14,Uvalde_2020_02,29.60214,-99.73007,436.7784,6/28/21,p,2021,05/05/2021 21:05 CDT,97381,23.88,38.61,1.375,7.25,0.18,102384.6
TWB14,Uvalde_2020_02,29.60214,-99.73007,436.7784,6/28/21,p,2021,05/05/2021 21:10 CDT,97395,23.98,39.22,1.525,7.25,0,102396.04
TWB14,Uvalde_2020_02,29.60214,-99.73007,436.7784,6/28/21,p,2021,05/05/2021 21:15 CDT,97398,24.01,39.15,1.7,7.25,0,102397.65
TWB14,Uvalde_2020_02,29.60214,-99.73007,436.7784,6/28/21,p,2021,05/05/2021 21:20 CDT,97407,23.94,39.76,1.325,7.25,0,102407.45
TWB14,Uvalde_2020_02,29.60214,-99.73007,436.7784,6/28/21,p,2021,05/05/2021 21:25 CDT,97416,23.85,40.7,1.445,7.25,0,102417.77
TWB14,Uvalde_2020_02,29.60214,-99.73007,436.7784,6/28/21,p,2021,05/05/2021 21:30 CDT,97426,23.57,41.75,1.12,7.25,0.17,102432.58
TWB14,Uvalde_2020_02,29.60214,-99.73007,436.7784,6/28/21,p,2021,05/05/2021 21:35 CDT,97430,23.3,43.06,0.74,7.25,0.46,102441.62
TWB14,Uvalde_2020_02,29.60214,-99.73007,436.7784,6/28/21,p,2021,05/05/2021 21:40 CDT,97446,23.1,44.01,1.04,7.25,0.48,102462.59
TWB14,Uvalde_2020_02,29.60214,-99.73007,436.7784,6/28/21,p,2021,05/05/2021 21:45 CDT,97455,23.01,43,1.54,7.25,0.06,102475.7
TWB14,Uvalde_2020_02,29.60214,-99.73007,436.7784,6/28/21,p,2021,05/05/2021 21:50 CDT,97463,22.99,42.4,1.16,7.25,0,102483.25
TWB14,Uvalde_2020_02,29.60214,-99.73007,436.7784,6/28/21,p,2021,05/05/2021 21:55 CDT,97478,22.9,42.8,1.445,7.25,0,102500.41
TWB14,Uvalde_2020_02,29.60214,-99.73007,436.7784,6/28/21,p,2021,05/05/2021 22:00 CDT,97486,22.94,42.06,1.915,7.25,0,102508.48
TWB14,Uvalde_2020_02,29.60214,-99.73007,436.7784,6/28/21,p,2021,05/05/2021 22:05 CDT,97495,22.95,41.72,1.755,7.25,0,102515.86
TWB14,Uvalde_2020_02,29.60214,-99.73007,436.7784,6/28/21,p,2021,05/05/2021 22:10 CDT,97501,22.93,43.07,1.865,7.25,0,102521.64
TWB14,Uvalde_2020_02,29.60214,-99.73007,436.7784,6/28/21,p,2021,05/05/2021 22:15 CDT,97512,22.77,43.21,1.03,7.25,0.03,102534.24
TWB14,Uvalde_2020_02,29.60214,-99.73007,436.7784,6/28/21,p,2021,05/05/2021 22:20 CDT,97514,22.61,43.07,1.415,7.25,0.03,102540
TWB14,Uvalde_2020_02,29.60214,-99.73007,436.7784,6/28/21,p,2021,05/05/2021 22:25 CDT,97518,22.47,44.25,1.25,7.25,0,102545.41
TWB14,Uvalde_2020_02,29.60214,-99.73007,436.7784,6/28/21,p,2021,05/05/2021 22:30 CDT,97530,22.18,44.69,1.065,7.25,0.02,102562.72
TWB14,Uvalde_2020_02,29.60214,-99.73007,436.7784,6/28/21,p,2021,05/05/2021 22:35 CDT,97540,21.98,45.64,0.725,7.25,0.52,102576.9
TWB14,Uvalde_2020_02,29.60214,-99.73007,436.7784,6/28/21,p,2021,05/05/2021 22:40 CDT,97545,21.73,46.11,0.865,7.25,0.57,102587.22
TWB14,Uvalde_2020_02,29.60214,-99.73007,436.7784,6/28/21,p,2021,05/05/2021 22:45 CDT,97556,21.6,46.42,1.52,7.25,0,102602.63
TWB14,Uvalde_2020_02,29.60214,-99.73007,436.7784,6/28/21,p,2021,05/05/2021 22:50 CDT,97558,21.54,47.53,1.11,7.25,0.11,102606.13
TWB14,Uvalde_2020_02,29.60214,-99.73007,436.7784,6/28/21,p,2021,05/05/2021 22:55 CDT,97569,21.37,46.65,1.005,7.25,0,102621.21
TWB14,Uvalde_2020_02,29.60214,-99.73007,436.7784,6/28/21,p,2021,05/05/2021 23:00 CDT,97576,21.3,46.99,1.215,7.25,0,102629.98
TWB14,Uvalde_2020_02,29.60214,-99.73007,436.7784,6/28/21,p,2021,05/05/2021 23:05 CDT,97589,21.27,46.38,1.34,7.25,0,102644.18
TWB14,Uvalde_2020_02,29.60214,-99.73007,436.7784,6/28/21,p,2021,05/05/2021 23:10 CDT,97599,21.22,47.23,1.01,7.25,0,102654.87
TWB14,Uvalde_2020_02,29.60214,-99.73007,436.7784,6/28/21,p,2021,05/05/2021 23:15 CDT,97601,21.04,47.53,0.915,7.25,0,102659.96
TWB14,Uvalde_2020_02,29.60214,-99.73007,436.7784,6/28/21,p,2021,05/05/2021 23:20 CDT,97603,20.85,49.99,1.035,7.25,0.11,102664.86
TWB14,Uvalde_2020_02,29.60214,-99.73007,436.7784,6/28/21,p,2021,05/05/2021 23:25 CDT,97605,20.64,51.01,0.72,7.25,0.07,102671.19
TWB14,Uvalde_2020_02,29.60214,-99.73007,436.7784,6/28/21,p,2021,05/05/2021 23:30 CDT,97609,20.37,52.9,0.78,7.25,0.58,102680.51
TWB14,Uvalde_2020_02,29.60214,-99.73007,436.7784,6/28/21,p,2021,05/05/2021 23:35 CDT,97612,19.96,55.53,0.835,7.25,0.22,102690.19
TWB14,Uvalde_2020_02,29.60214,-99.73007,436.7784,6/28/21,p,2021,05/05/2021 23:40 CDT,97621,19.69,54.76,0.605,7.25,0.73,102705.35
TWB14,Uvalde_2020_02,29.60214,-99.73007,436.7784,6/28/21,p,2021,05/05/2021 23:45 CDT,97623,19.61,56.45,0.53,7.25,0.34,102710.11
TWB14,Uvalde_2020_02,29.60214,-99.73007,436.7784,6/28/21,p,2021,05/05/2021 23:50 CDT,97627,19.65,52.37,1.19,7.25,0.13,102715.94
TWB14,Uvalde_2020_02,29.60214,-99.73007,436.7784,6/28/21,p,2021,05/05/2021 23:55 CDT,97632,19.72,53.48,1.105,7.25,0,102719.06
TWB14,Uvalde_2020_02,29.60214,-99.73007,436.7784,6/28/21,p,2021,05/06/2021 00:00 CDT,97629,19.61,54.49,0.98,7.25,0,102718.57
TWB14,Uvalde_2020_02,29.60214,-99.73007,436.7784,6/28/21,p,2021,05/06/2021 00:05 CDT,97632,19.43,55.3,0.825,7.25,0,102722.96
TWB14,Uvalde_2020_02,29.60214,-99.73007,436.7784,6/28/21,p,2021,05/06/2021 00:10 CDT,97633,19.05,55.37,0.735,7.25,0.12,102727.94
TWB14,Uvalde_2020_02,29.60214,-99.73007,436.7784,6/28/21,p,2021,05/06/2021 00:15 CDT,97629,18.73,56.65,0.605,7.25,0.54,102728.54
TWB14,Uvalde_2020_02,29.60214,-99.73007,436.7784,6/28/21,p,2021,05/06/2021 00:20 CDT,97635,18.46,58.81,0.2,7.25,0.87,102740.03
TWB14,Uvalde_2020_02,29.60214,-99.73007,436.7784,6/28/21,p,2021,05/06/2021 00:25 CDT,97640,18.25,58.95,0.15,7.25,0.97,102751.74
TWB14,Uvalde_2020_02,29.60214,-99.73007,436.7784,6/28/21,p,2021,05/06/2021 00:30 CDT,97639,18.32,60.57,0.24,7.25,0.86,102757.69
TWB14,Uvalde_2020_02,29.60214,-99.73007,436.7784,6/28/21,p,2021,05/06/2021 00:35 CDT,97642,18.32,61.38,0.52,7.25,0.43,102768.06
TWB14,Uvalde_2020_02,29.60214,-99.73007,436.7784,6/28/21,p,2021,05/06/2021 00:40 CDT,97641,18.18,61.78,0.53,7.25,0.31,102772.42
TWB14,Uvalde_2020_02,29.60214,-99.73007,436.7784,6/28/21,p,2021,05/06/2021 00:45 CDT,97643,17.91,63.07,0.22,7.25,0.08,102778.33
TWB14,Uvalde_2020_02,29.60214,-99.73007,436.7784,6/28/21,p,2021,05/06/2021 00:50 CDT,97647,17.48,63.61,0.04,7.25,0.26,102785.43
TWB14,Uvalde_2020_02,29.60214,-99.73007,436.7784,6/28/21,p,2021,05/06/2021 00:55 CDT,97651,17.09,64.02,0.005,7.25,0.5,102792.91
TWB14,Uvalde_2020_02,29.60214,-99.73007,436.7784,6/28/21,p,2021,05/06/2021 01:00 CDT,97657,16.77,67.19,0,7.25,0.46,102803.75
TWB14,Uvalde_2020_02,29.60214,-99.73007,436.7784,6/28/21,p,2021,05/06/2021 01:05 CDT,97664,16.25,70.77,0.02,7.25,0.36,102816.57
TWB14,Uvalde_2020_02,29.60214,-99.73007,436.7784,6/28/21,p,2021,05/06/2021 01:10 CDT,97673,16,71.18,0,7.25,0.35,102831.34
TWB14,Uvalde_2020_02,29.60214,-99.73007,436.7784,6/28/21,p,2021,05/06/2021 01:15 CDT,97672,15.8,72.06,0.02,7.25,0.42,102835.4
TWB14,Uvalde_2020_02,29.60214,-99.73007,436.7784,6/28/21,p,2021,05/06/2021 01:20 CDT,97667,15.5,72.46,0,7.25,0.39,102834.35
TWB14,Uvalde_2020_02,29.60214,-99.73007,436.7784,6/28/21,p,2021,05/06/2021 01:25 CDT,97662,15.24,73.68,0,7.25,0.36,102833.12
TWB14,Uvalde_2020_02,29.60214,-99.73007,436.7784,6/28/21,p,2021,05/06/2021 01:30 CDT,97655,14.94,74.42,0.035,7.25,0.05,102829.79
TWB14,Uvalde_2020_02,29.60214,-99.73007,436.7784,6/28/21,p,2021,05/06/2021 01:35 CDT,97649,14.72,74.83,0.075,7.25,0.03,102827.7
TWB14,Uvalde_2020_02,29.60214,-99.73007,436.7784,6/28/21,p,2021,05/06/2021 01:40 CDT,97642,14.6,76.18,0.11,7.25,0,102823.83
TWB14,Uvalde_2020_02,29.60214,-99.73007,436.7784,6/28/21,p,2021,05/06/2021 01:45 CDT,97644,14.5,76.12,0.25,7.25,0,102829.07
TWB14,Uvalde_2020_02,29.60214,-99.73007,436.7784,6/28/21,p,2021,05/06/2021 01:50 CDT,97649,14.41,77.75,0.42,7.25,0.17,102837.47
TWB14,Uvalde_2020_02,29.60214,-99.73007,436.7784,6/28/21,p,2021,05/06/2021 01:55 CDT,97649,14.44,77.28,0.615,7.25,0,102840.44
TWB14,Uvalde_2020_02,29.60214,-99.73007,436.7784,6/28/21,p,2021,05/06/2021 02:00 CDT,97651,14.4,77.75,0.595,7.25,0,102844.95
TWB14,Uvalde_2020_02,29.60214,-99.73007,436.7784,6/28/21,p,2021,05/06/2021 02:05 CDT,97656,14.3,77.48,0.21,7.25,0.01,102850.96
TWB14,Uvalde_2020_02,29.60214,-99.73007,436.7784,6/28/21,p,2021,05/06/2021 02:10 CDT,97650,14.2,78.63,0.53,7.25,0.1,102845.01
TWB14,Uvalde_2020_02,29.60214,-99.73007,436.7784,6/28/21,p,2021,05/06/2021 02:15 CDT,97640,14.52,76.03,0.785,7.25,0,102826.52
TWB14,Uvalde_2020_02,29.60214,-99.73007,436.7784,6/28/21,p,2021,05/06/2021 02:20 CDT,97636,14.55,76.2,0.46,7.25,0,102817.7
TWB14,Uvalde_2020_02,29.60214,-99.73007,436.7784,6/28/21,p,2021,05/06/2021 02:25 CDT,97633,14.49,77.38,0.435,7.25,0,102814.35
TWB14,Uvalde_2020_02,29.60214,-99.73007,436.7784,6/28/21,p,2021,05/06/2021 02:30 CDT,97627,14.34,79.38,0.56,7.25,0.03,102813.37
TWB14,Uvalde_2020_02,29.60214,-99.73007,436.7784,6/28/21,p,2021,05/06/2021 02:35 CDT,97624,14.13,80.1,0.59,7.25,0,102815.02
TWB14,Uvalde_2020_02,29.60214,-99.73007,436.7784,6/28/21,p,2021,05/06/2021 02:40 CDT,97624,13.98,79.68,0.395,7.25,0,102817.62
TWB14,Uvalde_2020_02,29.60214,-99.73007,436.7784,6/28/21,p,2021,05/06/2021 02:45 CDT,97628,13.88,80.1,0.525,7.25,0.12,102822.94
TWB14,Uvalde_2020_02,29.60214,-99.73007,436.7784,6/28/21,p,2021,05/06/2021 02:50 CDT,97635,13.74,81,0.715,7.25,0,102832.72
TWB14,Uvalde_2020_02,29.60214,-99.73007,436.7784,6/28/21,p,2021,05/06/2021 02:55 CDT,97630,13.61,81.5,0.6,7.25,0,102829.68
TWB14,Uvalde_2020_02,29.60214,-99.73007,436.7784,6/28/21,p,2021,05/06/2021 03:00 CDT,97621,13.49,83.3,0.69,7.25,0,102822.24
TWB14,Uvalde_2020_02,29.60214,-99.73007,436.7784,6/28/21,p,2021,05/06/2021 03:05 CDT,97621,13.48,82.3,0.6,7.25,0,102820.38
TWB14,Uvalde_2020_02,29.60214,-99.73007,436.7784,6/28/21,p,2021,05/06/2021 03:10 CDT,97613,13.43,82.3,0.54,7.25,0,102811.22
TWB14,Uvalde_2020_02,29.60214,-99.73007,436.7784,6/28/21,p,2021,05/06/2021 03:15 CDT,97611,13.42,82.2,0.435,7.25,0,102808.18
TWB14,Uvalde_2020_02,29.60214,-99.73007,436.7784,6/28/21,p,2021,05/06/2021 03:20 CDT,97614,13.4,82.2,0.2,7.25,0.08,102811.34
TWB14,Uvalde_2020_02,29.60214,-99.73007,436.7784,6/28/21,p,2021,05/06/2021 03:25 CDT,97618,13.28,83.2,0.03,7.25,0.16,102817.22
TWB14,Uvalde_2020_02,29.60214,-99.73007,436.7784,6/28/21,p,2021,05/06/2021 03:30 CDT,97622,13.15,83.8,0.035,7.25,0.25,102824.59
TWB14,Uvalde_2020_02,29.60214,-99.73007,436.7784,6/28/21,p,2021,05/06/2021 03:35 CDT,97632,13.03,84.8,0.17,7.25,0.29,102837.54
TWB14,Uvalde_2020_02,29.60214,-99.73007,436.7784,6/28/21,p,2021,05/06/2021 03:40 CDT,97627,12.99,85.5,0.085,7.25,0.67,102835.25
TWB14,Uvalde_2020_02,29.60214,-99.73007,436.7784,6/28/21,p,2021,05/06/2021 03:45 CDT,97618,12.88,85.9,0.01,7.25,0.45,102829.13
TWB14,Uvalde_2020_02,29.60214,-99.73007,436.7784,6/28/21,p,2021,05/06/2021 03:50 CDT,97617,12.78,87.2,0,7.25,0.04,102830.31
TWB14,Uvalde_2020_02,29.60214,-99.73007,436.7784,6/28/21,p,2021,05/06/2021 03:55 CDT,97616,12.68,88,0.08,7.25,0,102831.68
TWB14,Uvalde_2020_02,29.60214,-99.73007,436.7784,6/28/21,p,2021,05/06/2021 04:00 CDT,97618,12.63,86.9,0.6,7.25,0,102834.91
TWB14,Uvalde_2020_02,29.60214,-99.73007,436.7784,6/28/21,p,2021,05/06/2021 04:05 CDT,97625,12.59,86.7,0.47,7.25,0,102842.48
TWB14,Uvalde_2020_02,29.60214,-99.73007,436.7784,6/28/21,p,2021,05/06/2021 04:10 CDT,97624,12.43,87.4,0.015,7.25,0.02,102843.67
TWB14,Uvalde_2020_02,29.60214,-99.73007,436.7784,6/28/21,p,2021,05/06/2021 04:15 CDT,97618,12.31,88.1,0,7.25,0,102839.4
TWB14,Uvalde_2020_02,29.60214,-99.73007,436.7784,6/28/21,p,2021,05/06/2021 04:20 CDT,97620,12.31,88.9,0.075,7.25,0,102842.26
TWB14,Uvalde_2020_02,29.60214,-99.73007,436.7784,6/28/21,p,2021,05/06/2021 04:25 CDT,97620,12.35,88.8,0.475,7.25,0,102840.2
TWB14,Uvalde_2020_02,29.60214,-99.73007,436.7784,6/28/21,p,2021,05/06/2021 04:30 CDT,97620,12.3,88.6,0.11,7.25,0,102839.26
TWB14,Uvalde_2020_02,29.60214,-99.73007,436.7784,6/28/21,p,2021,05/06/2021 04:35 CDT,97634,12.21,87.8,0.5,7.25,0,102855.14
TWB14,Uvalde_2020_02,29.60214,-99.73007,436.7784,6/28/21,p,2021,05/06/2021 04:40 CDT,97634,12.21,87.5,0.3,7.25,0,102857.39
TWB14,Uvalde_2020_02,29.60214,-99.73007,436.7784,6/28/21,p,2021,05/06/2021 04:45 CDT,97641,11.87,88.6,0.52,7.25,0,102869.45
TWB14,Uvalde_2020_02,29.60214,-99.73007,436.7784,6/28/21,p,2021,05/06/2021 04:50 CDT,97638,11.58,89,0.015,7.25,0,102869.1
TWB14,Uvalde_2020_02,29.60214,-99.73007,436.7784,6/28/21,p,2021,05/06/2021 04:55 CDT,97645,11.52,88.6,0,7.25,0.72,102878.74
TWB14,Uvalde_2020_02,29.60214,-99.73007,436.7784,6/28/21,p,2021,05/06/2021 05:00 CDT,97647,11.46,89.2,0,7.25,0.67,102882.54
TWB14,Uvalde_2020_02,29.60214,-99.73007,436.7784,6/28/21,p,2021,05/06/2021 05:05 CDT,97655,11.41,90.1,0.225,7.25,0.04,102892.28
TWB14,Uvalde_2020_02,29.60214,-99.73007,436.7784,6/28/21,p,2021,05/06/2021 05:10 CDT,97668,11.46,89.7,1.03,7.25,0,102905.98
TWB14,Uvalde_2020_02,29.60214,-99.73007,436.7784,6/28/21,p,2021,05/06/2021 05:15 CDT,97667,11.47,89.3,0.94,7.25,0,102905.3
TWB14,Uvalde_2020_02,29.60214,-99.73007,436.7784,6/28/21,p,2021,05/06/2021 05:20 CDT,97674,11.4,89.9,0.69,7.25,0,102914.56
TWB14,Uvalde_2020_02,29.60214,-99.73007,436.7784,6/28/21,p,2021,05/06/2021 05:25 CDT,97685,11.32,90.6,0.46,7.25,0,102926.34
TWB14,Uvalde_2020_02,29.60214,-99.73007,436.7784,6/28/21,p,2021,05/06/2021 05:30 CDT,97695,11.3,91.7,0.34,7.25,0,102936.5
TWB14,Uvalde_2020_02,29.60214,-99.73007,436.7784,6/28/21,p,2021,05/06/2021 05:35 CDT,97703,11.36,91,0.18,7.25,0,102942.66
TWB14,Uvalde_2020_02,29.60214,-99.73007,436.7784,6/28/21,p,2021,05/06/2021 05:40 CDT,97699,11.32,91.3,0,7.25,0,102938.64
TWB14,Uvalde_2020_02,29.60214,-99.73007,436.7784,6/28/21,p,2021,05/06/2021 05:45 CDT,97694,11.29,91.5,0,7.25,0.03,102934.5
TWB14,Uvalde_2020_02,29.60214,-99.73007,436.7784,6/28/21,p,2021,05/06/2021 05:50 CDT,97692,11.32,91.8,0,7.25,0,102932.39
TWB14,Uvalde_2020_02,29.60214,-99.73007,436.7784,6/28/21,p,2021,05/06/2021 05:55 CDT,97680,11.36,92.2,0.04,7.25,0,102919.56
TWB14,Uvalde_2020_02,29.60214,-99.73007,436.7784,6/28/21,p,2021,05/06/2021 06:00 CDT,97682,11.43,91.9,0.3,7.25,0,102920.72
TWB14,Uvalde_2020_02,29.60214,-99.73007,436.7784,6/28/21,p,2021,05/06/2021 06:05 CDT,97697,11.42,91.8,0.745,7.25,0,102937.66
TWB14,Uvalde_2020_02,29.60214,-99.73007,436.7784,6/28/21,p,2021,05/06/2021 06:10 CDT,97704,11.29,92,0.49,7.25,0,102947.68
TWB14,Uvalde_2020_02,29.60214,-99.73007,436.7784,6/28/21,p,2021,05/06/2021 06:15 CDT,97708,11.28,92.2,0.235,7.25,0,102953.78
TWB14,Uvalde_2020_02,29.60214,-99.73007,436.7784,6/28/21,p,2021,05/06/2021 06:20 CDT,97719,11.28,92.5,0.01,7.25,0,102966.69
TWB14,Uvalde_2020_02,29.60214,-99.73007,436.7784,6/28/21,p,2021,05/06/2021 06:25 CDT,97724,11.18,92.9,0.32,7.25,0,102972.9
TWB14,Uvalde_2020_02,29.60214,-99.73007,436.7784,6/28/21,p,2021,05/06/2021 06:30 CDT,97732,11.08,93.1,0.345,7.25,0,102982.28
TWB14,Uvalde_2020_02,29.60214,-99.73007,436.7784,6/28/21,p,2021,05/06/2021 06:35 CDT,97738,10.97,93.3,0.22,7.25,0,102989.74
TWB14,Uvalde_2020_02,29.60214,-99.73007,436.7784,6/28/21,p,2021,05/06/2021 06:40 CDT,97751,10.88,93.6,0.24,7.25,0,103004
TWB14,Uvalde_2020_02,29.60214,-99.73007,436.7784,6/28/21,p,2021,05/06/2021 06:45 CDT,97758,10.8,93.6,0.085,7.25,0.7,103012.7
TWB14,Uvalde_2020_02,29.60214,-99.73007,436.7784,6/28/21,p,2021,05/06/2021 06:50 CDT,97760,10.76,93.9,0.035,7.25,0.94,103015
TWB14,Uvalde_2020_02,29.60214,-99.73007,436.7784,6/28/21,p,2021,05/06/2021 06:55 CDT,97763,10.82,93.7,0.295,7.25,1.83,103016.65
TWB14,Uvalde_2020_02,29.60214,-99.73007,436.7784,6/28/21,p,2021,05/06/2021 07:00 CDT,97778,10.85,93.4,0.475,7.25,3.56,103032.64
TWB14,Uvalde_2020_02,29.60214,-99.73007,436.7784,6/28/21,p,2021,05/06/2021 07:05 CDT,97789,10.83,93.7,0.43,7.25,5.26,103044.8
TWB14,Uvalde_2020_02,29.60214,-99.73007,436.7784,6/28/21,p,2021,05/06/2021 07:10 CDT,97811,10.77,93.4,0.345,7.25,8.46,103068.55
TWB14,Uvalde_2020_02,29.60214,-99.73007,436.7784,6/28/21,p,2021,05/06/2021 07:15 CDT,97826,10.74,93.8,0.19,7.25,11.29,103084.93
TWB14,Uvalde_2020_02,29.60214,-99.73007,436.7784,6/28/21,p,2021,05/06/2021 07:20 CDT,97838,10.8,93.9,0.065,7.25,13.49,103096.24
TWB14,Uvalde_2020_02,29.60214,-99.73007,436.7784,6/28/21,p,2021,05/06/2021 07:25 CDT,97843,10.89,94.3,0,7.25,14.7,103099.62
TWB14,Uvalde_2020_02,29.60214,-99.73007,436.7784,6/28/21,p,2021,05/06/2021 07:30 CDT,97856,11.21,94.3,0.015,7.25,17.55,103111.23
TWB14,Uvalde_2020_02,29.60214,-99.73007,436.7784,6/28/21,p,2021,05/06/2021 07:35 CDT,97866,11.56,94.1,0.125,7.25,26.09,103117.04
TWB14,Uvalde_2020_02,29.60214,-99.73007,436.7784,6/28/21,p,2021,05/06/2021 07:40 CDT,97868,12.04,92.8,0,7.25,60.28,103112.36
TWB14,Uvalde_2020_02,29.60214,-99.73007,436.7784,6/28/21,p,2021,05/06/2021 07:45 CDT,97876,12.36,91.3,0.325,7.25,79.56,103113.45
TWB14,Uvalde_2020_02,29.60214,-99.73007,436.7784,6/28/21,p,2021,05/06/2021 07:50 CDT,97888,12.62,89.3,0.385,7.25,90.34,103119.34
TWB14,Uvalde_2020_02,29.60214,-99.73007,436.7784,6/28/21,p,2021,05/06/2021 07:55 CDT,97896,12.93,88.1,0.49,7.25,106.04,103120.65
TWB14,Uvalde_2020_02,29.60214,-99.73007,436.7784,6/28/21,p,2021,05/06/2021 08:00 CDT,97899,13.37,87.2,0.175,7.25,115.33,103115.41
TWB14,Uvalde_2020_02,29.60214,-99.73007,436.7784,6/28/21,p,2021,05/06/2021 08:05 CDT,97906,13.69,85.1,0.83,7.25,125.58,103113.3
TWB14,Uvalde_2020_02,29.60214,-99.73007,436.7784,6/28/21,p,2021,05/06/2021 08:10 CDT,97908,14,83.4,0.8,7.25,135.82,103107.43
TWB14,Uvalde_2020_02,29.60214,-99.73007,436.7784,6/28/21,p,2021,05/06/2021 08:15 CDT,97915,14.29,81.7,1.085,7.25,149.94,103107.78
TWB14,Uvalde_2020_02,29.60214,-99.73007,436.7784,6/28/21,p,2021,05/06/2021 08:20 CDT,97917,14.67,81,1.075,7.25,162.66,103102.51
TWB14,Uvalde_2020_02,29.60214,-99.73007,436.7784,6/28/21,p,2021,05/06/2021 08:25 CDT,97923,15.11,81.7,0.895,7.25,174.69,103101.28
TWB14,Uvalde_2020_02,29.60214,-99.73007,436.7784,6/28/21,p,2021,05/06/2021 08:30 CDT,97931,15.6,78.24,0.85,7.25,187.86,103099.82
TWB14,Uvalde_2020_02,29.60214,-99.73007,436.7784,6/28/21,p,2021,05/06/2021 08:35 CDT,97937,16.06,79.85,0.79,7.25,202.14,103098.08
TWB14,Uvalde_2020_02,29.60214,-99.73007,436.7784,6/28/21,p,2021,05/06/2021 08:40 CDT,97938,16.76,75.8,0.645,7.25,215.22,103088.77
TWB14,Uvalde_2020_02,29.60214,-99.73007,436.7784,6/28/21,p,2021,05/06/2021 08:45 CDT,97942,17.4,74.85,0.595,7.25,228.13,103081.56
TWB14,Uvalde_2020_02,29.60214,-99.73007,436.7784,6/28/21,p,2021,05/06/2021 08:50 CDT,97945,18.09,70.19,0.585,7.25,242.29,103072.83
TWB14,Uvalde_2020_02,29.60214,-99.73007,436.7784,6/28/21,p,2021,05/06/2021 08:55 CDT,97945,18.48,68.91,0.595,7.25,258.8,103065.46
TWB14,Uvalde_2020_02,29.60214,-99.73007,436.7784,6/28/21,p,2021,05/06/2021 09:00 CDT,97947,18.98,67.82,0.435,7.25,270.61,103060.58
TWB14,Uvalde_2020_02,29.60214,-99.73007,436.7784,6/28/21,p,2021,05/06/2021 09:05 CDT,97948,19.41,69.03,1.025,7.25,291.13,103052.68
TWB14,Uvalde_2020_02,29.60214,-99.73007,436.7784,6/28/21,p,2021,05/06/2021 09:10 CDT,97948,20.1,66.73,0.865,7.25,298.93,103041.47
TWB14,Uvalde_2020_02,29.60214,-99.73007,436.7784,6/28/21,p,2021,05/06/2021 09:15 CDT,97946,20.69,62.47,1.565,7.25,317.53,103026.63
TWB14,Uvalde_2020_02,29.60214,-99.73007,436.7784,6/28/21,p,2021,05/06/2021 09:20 CDT,97946,20.82,62.6,1.855,7.25,335.24,103021.86
TWB14,Uvalde_2020_02,29.60214,-99.73007,436.7784,6/28/21,p,2021,05/06/2021 09:25 CDT,97942,21,60.44,2.405,7.25,351.19,103013.43
TWB14,Uvalde_2020_02,29.60214,-99.73007,436.7784,6/28/21,p,2021,05/06/2021 09:30 CDT,97946,20.95,60.84,2.52,7.25,367.64,103017.99
TWB14,Uvalde_2020_02,29.60214,-99.73007,436.7784,6/28/21,p,2021,05/06/2021 09:35 CDT,97948,21.14,60.2,2.14,7.25,373.43,103017.1
TWB14,Uvalde_2020_02,29.60214,-99.73007,436.7784,6/28/21,p,2021,05/06/2021 09:40 CDT,97952,21.46,59.32,2.07,7.25,386.7,103016.22
TWB14,Uvalde_2020_02,29.60214,-99.73007,436.7784,6/28/21,p,2021,05/06/2021 09:45 CDT,97958,21.54,57.89,2.005,7.25,403.07,103019.55
TWB14,Uvalde_2020_02,29.60214,-99.73007,436.7784,6/28/21,p,2021,05/06/2021 09:50 CDT,97956,21.52,59.23,2.035,7.25,415.01,103016.39
TWB14,Uvalde_2020_02,29.60214,-99.73007,436.7784,6/28/21,p,2021,05/06/2021 09:55 CDT,97955,21.62,58.9,2.44,7.25,430.11,103013.58
TWB14,Uvalde_2020_02,29.60214,-99.73007,436.7784,6/28/21,p,2021,05/06/2021 10:00 CDT,97959,21.62,57.03,2.725,7.25,443.78,103018.33
TWB14,Uvalde_2020_02,29.60214,-99.73007,436.7784,6/28/21,p,2021,05/06/2021 10:05 CDT,97957,21.71,57.03,1.87,7.25,450.08,103015
TWB14,Uvalde_2020_02,29.60214,-99.73007,436.7784,6/28/21,p,2021,05/06/2021 10:10 CDT,97959,22.2,54.91,1.74,7.25,461.71,103010.82
TWB14,Uvalde_2020_02,29.60214,-99.73007,436.7784,6/28/21,p,2021,05/06/2021 10:15 CDT,97965,22.25,56.08,1.705,7.25,473.51,103014.67
TWB14,Uvalde_2020_02,29.60214,-99.73007,436.7784,6/28/21,p,2021,05/06/2021 10:20 CDT,97961,22.23,57.09,2.885,7.25,498.44,103010.11
TWB14,Uvalde_2020_02,29.60214,-99.73007,436.7784,6/28/21,p,2021,05/06/2021 10:25 CDT,97960,22.2,58.71,1.835,7.25,499.52,103008.69
TWB14,Uvalde_2020_02,29.60214,-99.73007,436.7784,6/28/21,p,2021,05/06/2021 10:30 CDT,97966,22.69,55.17,1.27,7.25,501.57,103008.93
TWB14,Uvalde_2020_02,29.60214,-99.73007,436.7784,6/28/21,p,2021,05/06/2021 10:35 CDT,97962,23.14,54.53,1.605,7.25,519.03,102998.29
TWB14,Uvalde_2020_02,29.60214,-99.73007,436.7784,6/28/21,p,2021,05/06/2021 10:40 CDT,97963,23.2,51.9,2.25,7.25,534.89,102995.54
TWB14,Uvalde_2020_02,29.60214,-99.73007,436.7784,6/28/21,p,2021,05/06/2021 10:45 CDT,97964,23.04,57.01,1.685,7.25,541.86,102996.73
TWB14,Uvalde_2020_02,29.60214,-99.73007,436.7784,6/28/21,p,2021,05/06/2021 10:50 CDT,97958,23.34,50.6,1.455,7.25,550.93,102987.17
TWB14,Uvalde_2020_02,29.60214,-99.73007,436.7784,6/28/21,p,2021,05/06/2021 10:55 CDT,97950,23.17,52.69,2.065,7.25,571.27,102979.44
TWB14,Uvalde_2020_02,29.60214,-99.73007,436.7784,6/28/21,p,2021,05/06/2021 11:00 CDT,97947,23.38,52.76,0.83,7.25,565.56,102976.11
TWB14,Uvalde_2020_02,29.60214,-99.73007,436.7784,6/28/21,p,2021,05/06/2021 11:05 CDT,97939,23.87,53.16,1.075,7.25,574.49,102960.08
TWB14,Uvalde_2020_02,29.60214,-99.73007,436.7784,6/28/21,p,2021,05/06/2021 11:10 CDT,97936,23.9,49.69,1.755,7.25,593.26,102952.82
TWB14,Uvalde_2020_02,29.60214,-99.73007,436.7784,6/28/21,p,2021,05/06/2021 11:15 CDT,97938,24.19,44.93,1.77,7.25,608.9,102949.79
TWB14,Uvalde_2020_02,29.60214,-99.73007,436.7784,6/28/21,p,2021,05/06/2021 11:20 CDT,97933,24.22,48.67,1.485,7.25,616.11,102943.99
TWB14,Uvalde_2020_02,29.60214,-99.73007,436.7784,6/28/21,p,2021,05/06/2021 11:25 CDT,97938,24.37,45.94,2.495,7.25,632.26,102946.69
TWB14,Uvalde_2020_02,29.60214,-99.73007,436.7784,6/28/21,p,2021,05/06/2021 11:30 CDT,97936,24.23,44.36,2.175,7.25,640.08,102947
TWB14,Uvalde_2020_02,29.60214,-99.73007,436.7784,6/28/21,p,2021,05/06/2021 11:35 CDT,97930,24.52,46.27,2.135,7.25,644.66,102936.56
TWB14,Uvalde_2020_02,29.60214,-99.73007,436.7784,6/28/21,p,2021,05/06/2021 11:40 CDT,97923,24.78,42.3,2.63,7.25,657.35,102923.4
TWB14,Uvalde_2020_02,29.60214,-99.73007,436.7784,6/28/21,p,2021,05/06/2021 11:45 CDT,97924,24.89,44.92,1.8,7.25,657.06,102923.06
TWB14,Uvalde_2020_02,29.60214,-99.73007,436.7784,6/28/21,p,2021,05/06/2021 11:50 CDT,97920,25.12,38.93,2.12,7.25,664.69,102917.54
TWB14,Uvalde_2020_02,29.60214,-99.73007,436.7784,6/28/21,p,2021,05/06/2021 11:55 CDT,97917,25.33,40.17,1.94,7.25,676.59,102909.76
TWB14,Uvalde_2020_02,29.60214,-99.73007,436.7784,6/28/21,p,2021,05/06/2021 12:00 CDT,97912,25.34,42.77,1.93,7.25,682.33,102902.94
TWB14,Uvalde_2020_02,29.60214,-99.73007,436.7784,6/28/21,p,2021,05/06/2021 12:05 CDT,97905,25.42,42.43,1.905,7.25,674.25,102893.88
TWB14,Uvalde_2020_02,29.60214,-99.73007,436.7784,6/28/21,p,2021,05/06/2021 12:10 CDT,97897,25.59,43.24,2.11,7.25,673.43,102883.93
TWB14,Uvalde_2020_02,29.60214,-99.73007,436.7784,6/28/21,p,2021,05/06/2021 12:15 CDT,97892,25.83,44.41,1.64,7.25,695.87,102874.58
TWB14,Uvalde_2020_02,29.60214,-99.73007,436.7784,6/28/21,p,2021,05/06/2021 12:20 CDT,97890,25.81,37.57,2.055,7.25,709.43,102873.05
TWB14,Uvalde_2020_02,29.60214,-99.73007,436.7784,6/28/21,p,2021,05/06/2021 12:25 CDT,97885,25.91,37.67,1.55,7.25,705.74,102866.6
TWB14,Uvalde_2020_02,29.60214,-99.73007,436.7784,6/28/21,p,2021,05/06/2021 12:30 CDT,97884,26.02,38.11,1.66,7.25,711.82,102862.83
TWB14,Uvalde_2020_02,29.60214,-99.73007,436.7784,6/28/21,p,2021,05/06/2021 12:35 CDT,97881,26.28,37.64,2.06,7.25,717.53,102854.93
TWB14,Uvalde_2020_02,29.60214,-99.73007,436.7784,6/28/21,p,2021,05/06/2021 12:40 CDT,97880,26.29,38.78,1.605,7.25,719.78,102853.02
TWB14,Uvalde_2020_02,29.60214,-99.73007,436.7784,6/28/21,p,2021,05/06/2021 12:45 CDT,97878,26.52,36.76,1.5,7.25,724.41,102847.55
TWB14,Uvalde_2020_02,29.60214,-99.73007,436.7784,6/28/21,p,2021,05/06/2021 12:50 CDT,97866,26.72,38.98,1.515,7.25,728.34,102831.03
TWB14,Uvalde_2020_02,29.60214,-99.73007,436.7784,6/28/21,p,2021,05/06/2021 12:55 CDT,97850,26.92,32.68,1.31,7.25,732.4,102812.08
TWB14,Uvalde_2020_02,29.60214,-99.73007,436.7784,6/28/21,p,2021,05/06/2021 13:00 CDT,97839,27.14,35.68,1.27,7.25,733.79,102796.62
TWB14,Uvalde_2020_02,29.60214,-99.73007,436.7784,6/28/21,p,2021,05/06/2021 13:05 CDT,97841,27.04,34.1,1.58,7.25,743.74,102798.73
TWB14,Uvalde_2020_02,29.60214,-99.73007,436.7784,6/28/21,p,2021,05/06/2021 13:10 CDT,97825,27.25,38.34,0.97,7.25,737.96,102780.53
TWB14,Uvalde_2020_02,29.60214,-99.73007,436.7784,6/28/21,p,2021,05/06/2021 13:15 CDT,97821,27.6,32.82,1.095,7.25,738.41,102770.33
TWB14,Uvalde_2020_02,29.60214,-99.73007,436.7784,6/28/21,p,2021,05/06/2021 13:20 CDT,97813,27.6,34,2.04,7.25,750.73,102761.75
TWB14,Uvalde_2020_02,29.60214,-99.73007,436.7784,6/28/21,p,2021,05/06/2021 13:25 CDT,97807,27.65,36.05,1.475,7.25,747.02,102753.41
TWB14,Uvalde_2020_02,29.60214,-99.73007,436.7784,6/28/21,p,2021,05/06/2021 13:30 CDT,97799,27.8,33.19,1.97,7.25,751.56,102741.17
TWB14,Uvalde_2020_02,29.60214,-99.73007,436.7784,6/28/21,p,2021,05/06/2021 13:35 CDT,97794,27.8,31.1,2.495,7.25,760.17,102735.77
TWB14,Uvalde_2020_02,29.60214,-99.73007,436.7784,6/28/21,p,2021,05/06/2021 13:40 CDT,97793,27.77,29.69,2.05,7.25,753.65,102737.92
TWB14,Uvalde_2020_02,29.60214,-99.73007,436.7784,6/28/21,p,2021,05/06/2021 13:45 CDT,97791,27.87,31.84,2.18,7.25,749.9,102733.45
TWB14,Uvalde_2020_02,29.60214,-99.73007,436.7784,6/28/21,p,2021,05/06/2021 13:50 CDT,97775,27.76,28.91,1,7.25,744.33,102717.51
TWB14,Uvalde_2020_02,29.60214,-99.73007,436.7784,6/28/21,p,2021,05/06/2021 13:55 CDT,97767,27.95,31.03,1.695,7.25,748.99,102707.08
TWB14,Uvalde_2020_02,29.60214,-99.73007,436.7784,6/28/21,p,2021,05/06/2021 14:00 CDT,97759,28.16,34.1,1.29,7.25,743.97,102696.3
TWB14,Uvalde_2020_02,29.60214,-99.73007,436.7784,6/28/21,p,2021,05/06/2021 14:05 CDT,97752,28.35,34.09,2.245,7.25,754.2,102684.1
TWB14,Uvalde_2020_02,29.60214,-99.73007,436.7784,6/28/21,p,2021,05/06/2021 14:10 CDT,97750,28.35,30.89,2.33,7.25,754.95,102681.7
TWB14,Uvalde_2020_02,29.60214,-99.73007,436.7784,6/28/21,p,2021,05/06/2021 14:15 CDT,97741,28.28,34.9,1.445,7.25,738.27,102673.54
TWB14,Uvalde_2020_02,29.60214,-99.73007,436.7784,6/28/21,p,2021,05/06/2021 14:20 CDT,97734,28.44,28.97,1.205,7.25,737.04,102663.91
TWB14,Uvalde_2020_02,29.60214,-99.73007,436.7784,6/28/21,p,2021,05/06/2021 14:25 CDT,97731,28.78,28.43,1.175,7.25,727.53,102655.43
TWB14,Uvalde_2020_02,29.60214,-99.73007,436.7784,6/28/21,p,2021,05/06/2021 14:30 CDT,97720,28.82,27.9,1.345,7.25,733.8,102641.39
TWB14,Uvalde_2020_02,29.60214,-99.73007,436.7784,6/28/21,p,2021,05/06/2021 14:35 CDT,97714,28.91,27.93,2.31,7.25,738.36,102634.75
TWB14,Uvalde_2020_02,29.60214,-99.73007,436.7784,6/28/21,p,2021,05/06/2021 14:40 CDT,97706,28.73,36.95,1.47,7.25,728.17,102629.91
TWB14,Uvalde_2020_02,29.60214,-99.73007,436.7784,6/28/21,p,2021,05/06/2021 14:45 CDT,97705,29.24,28.57,2.36,7.25,726.57,102619.81
TWB14,Uvalde_2020_02,29.60214,-99.73007,436.7784,6/28/21,p,2021,05/06/2021 14:50 CDT,97699,29.12,30.15,1.325,7.25,709.77,102614.49
TWB14,Uvalde_2020_02,29.60214,-99.73007,436.7784,6/28/21,p,2021,05/06/2021 14:55 CDT,97692,28.96,29.24,2.12,7.25,717.71,102607.81
TWB14,Uvalde_2020_02,29.60214,-99.73007,436.7784,6/28/21,p,2021,05/06/2021 15:00 CDT,97689,29.1,26.99,1.675,7.25,709.57,102605.68
TWB14,Uvalde_2020_02,29.60214,-99.73007,436.7784,6/28/21,p,2021,05/06/2021 15:05 CDT,97679,29.11,32.41,1.16,7.25,694.71,102593.46
TWB14,Uvalde_2020_02,29.60214,-99.73007,436.7784,6/28/21,p,2021,05/06/2021 15:10 CDT,97674,29.2,31.36,3.015,7.25,706.74,102585.23
TWB14,Uvalde_2020_02,29.60214,-99.73007,436.7784,6/28/21,p,2021,05/06/2021 15:15 CDT,97674,29.2,30.89,1.585,6.835,690.58,102586.23
TWB14,Uvalde_2020_02,29.60214,-99.73007,436.7784,6/28/21,p,2021,05/06/2021 15:20 CDT,97670,29.4,34.79,1.75,6.835,680.3,102579.84
TWB14,Uvalde_2020_02,29.60214,-99.73007,436.7784,6/28/21,p,2021,05/06/2021 15:25 CDT,97658,29.45,31.96,1.515,6.835,673.79,102565.77
TWB14,Uvalde_2020_02,29.60214,-99.73007,436.7784,6/28/21,p,2021,05/06/2021 15:30 CDT,97652,29.51,30.28,1.96,6.835,669.42,102558.66
TWB14,Uvalde_2020_02,29.60214,-99.73007,436.7784,6/28/21,p,2021,05/06/2021 15:35 CDT,97644,29.39,30.42,1.39,6.835,657.71,102552.91
TWB14,Uvalde_2020_02,29.60214,-99.73007,436.7784,6/28/21,p,2021,05/06/2021 15:40 CDT,97641,29.74,30.18,1.31,6.835,646.45,102544.8
TWB14,Uvalde_2020_02,29.60214,-99.73007,436.7784,6/28/21,p,2021,05/06/2021 15:45 CDT,97632,29.89,29,1.335,6.835,642.5,102530.9
TWB14,Uvalde_2020_02,29.60214,-99.73007,436.7784,6/28/21,p,2021,05/06/2021 15:50 CDT,97620,29.75,29.54,0.59,6.835,629.65,102523.41
TWB14,Uvalde_2020_02,29.60214,-99.73007,436.7784,6/28/21,p,2021,05/06/2021 15:55 CDT,97605,30.04,29.37,0.74,6.835,609.84,102503.7
TWB14,Uvalde_2020_02,29.60214,-99.73007,436.7784,6/28/21,p,2021,05/06/2021 16:00 CDT,97602,30.28,30.69,1.815,6.835,620.1,102494.27
TWB14,Uvalde_2020_02,29.60214,-99.73007,436.7784,6/28/21,p,2021,05/06/2021 16:05 CDT,97594,29.95,28.53,2.335,6.835,615.35,102489.19
TWB14,Uvalde_2020_02,29.60214,-99.73007,436.7784,6/28/21,p,2021,05/06/2021 16:10 CDT,97587,29.79,31.46,1.81,6.835,603.55,102484.44
TWB14,Uvalde_2020_02,29.60214,-99.73007,436.7784,6/28/21,p,2021,05/06/2021 16:15 CDT,97577,29.94,33.38,1.78,6.835,587.91,102471.28
TWB14,Uvalde_2020_02,29.60214,-99.73007,436.7784,6/28/21,p,2021,05/06/2021 16:20 CDT,97568,29.93,28.67,1.765,6.835,578.72,102461.55
TWB14,Uvalde_2020_02,29.60214,-99.73007,436.7784,6/28/21,p,2021,05/06/2021 16:25 CDT,97564,30.25,29.91,1.08,6.835,561.05,102455.53
TWB14,Uvalde_2020_02,29.60214,-99.73007,436.7784,6/28/21,p,2021,05/06/2021 16:30 CDT,97559,30.24,27.99,2.295,6.835,565.35,102449.48
TWB14,Uvalde_2020_02,29.60214,-99.73007,436.7784,6/28/21,p,2021,05/06/2021 16:35 CDT,97553,30.14,31.69,2.19,6.835,553.06,102444.61
TWB14,Uvalde_2020_02,29.60214,-99.73007,436.7784,6/28/21,p,2021,05/06/2021 16:40 CDT,97547,29.87,31.42,2.64,6.835,542.59,102442.27
TWB14,Uvalde_2020_02,29.60214,-99.73007,436.7784,6/28/21,p,2021,05/06/2021 16:45 CDT,97537,29.9,30.41,1.935,6.835,525.36,102432.93
TWB14,Uvalde_2020_02,29.60214,-99.73007,436.7784,6/28/21,p,2021,05/06/2021 16:50 CDT,97534,30.28,29.14,2.495,6.835,514.73,102425.51
TWB14,Uvalde_2020_02,29.60214,-99.73007,436.7784,6/28/21,p,2021,05/06/2021 16:55 CDT,97534,30.58,28.77,2.03,6.835,500.15,102420.91
TWB14,Uvalde_2020_02,29.60214,-99.73007,436.7784,6/28/21,p,2021,05/06/2021 17:00 CDT,97531,30.15,29.2,2.2,6.835,493.28,102421.87
TWB14,Uvalde_2020_02,29.60214,-99.73007,436.7784,6/28/21,p,2021,05/06/2021 17:05 CDT,97525,30.01,30.41,1.585,6.835,476.17,102418.52
TWB14,Uvalde_2020_02,29.60214,-99.73007,436.7784,6/28/21,p,2021,05/06/2021 17:10 CDT,97523,30.11,29.67,2.025,6.835,465.35,102415.27
TWB14,Uvalde_2020_02,29.60214,-99.73007,436.7784,6/28/21,p,2021,05/06/2021 17:15 CDT,97516,29.99,29.98,2.39,6.835,460.13,102409.57
TWB14,Uvalde_2020_02,29.60214,-99.73007,436.7784,6/28/21,p,2021,05/06/2021 17:20 CDT,97511,30.05,34.52,1.28,6.835,433.66,102403.6
TWB14,Uvalde_2020_02,29.60214,-99.73007,436.7784,6/28/21,p,2021,05/06/2021 17:25 CDT,97510,30.24,29.2,1.54,6.835,425.06,102399.65
TWB14,Uvalde_2020_02,29.60214,-99.73007,436.7784,6/28/21,p,2021,05/06/2021 17:30 CDT,97510,30.18,30.78,2.41,6.835,416.43,102399.47
TWB14,Uvalde_2020_02,29.60214,-99.73007,436.7784,6/28/21,p,2021,05/06/2021 17:35 CDT,97508,30.22,30.01,2.27,7.235,401.05,102398.04
TWB14,Uvalde_2020_02,29.60214,-99.73007,436.7784,6/28/21,p,2021,05/06/2021 17:40 CDT,97509,30.4,29.47,1.765,7.235,387.51,102398.6
TWB14,Uvalde_2020_02,29.60214,-99.73007,436.7784,6/28/21,p,2021,05/06/2021 17:45 CDT,97508,30.28,27.05,2.205,7.235,378.79,102397.74
TWB14,Uvalde_2020_02,29.60214,-99.73007,436.7784,6/28/21,p,2021,05/06/2021 17:50 CDT,97511,30.16,25.87,2.595,7.235,367.73,102402.71
TWB14,Uvalde_2020_02,29.60214,-99.73007,436.7784,6/28/21,p,2021,05/06/2021 17:55 CDT,97507,30.14,27.42,2.08,7.235,351.75,102399.32
TWB14,Uvalde_2020_02,29.60214,-99.73007,436.7784,6/28/21,p,2021,05/06/2021 18:00 CDT,97502,30.13,26.01,2.695,7.235,338.63,102394.08
TWB14,Uvalde_2020_02,29.60214,-99.73007,436.7784,6/28/21,p,2021,05/06/2021 18:05 CDT,97510,30.4,27.72,1.185,7.235,318.78,102400.66
TWB14,Uvalde_2020_02,29.60214,-99.73007,436.7784,6/28/21,p,2021,05/06/2021 18:10 CDT,97510,30.37,27.22,1.95,7.235,305.25,102398.85
TWB14,Uvalde_2020_02,29.60214,-99.73007,436.7784,6/28/21,p,2021,05/06/2021 18:15 CDT,97511,30.31,26.11,2.42,7.235,296.76,102401.56
TWB14,Uvalde_2020_02,29.60214,-99.73007,436.7784,6/28/21,p,2021,05/06/2021 18:20 CDT,97511,30.15,24.89,2.22,7.235,283.96,102404.04
TWB14,Uvalde_2020_02,29.60214,-99.73007,436.7784,6/28/21,p,2021,05/06/2021 18:25 CDT,97510,30.14,24.73,1.81,7.235,243.89,102403.65
TWB14,Uvalde_2020_02,29.60214,-99.73007,436.7784,6/28/21,p,2021,05/06/2021 18:30 CDT,97508,30.2,23.51,1.89,7.235,251.58,102401.24
TWB14,Uvalde_2020_02,29.60214,-99.73007,436.7784,6/28/21,p,2021,05/06/2021 18:35 CDT,97504,30.19,24.76,1.86,7.235,241.14,102396.86
TWB14,Uvalde_2020_02,29.60214,-99.73007,436.7784,6/28/21,p,2021,05/06/2021 18:40 CDT,97501,30.17,23.95,2.25,7.235,226.45,102394.05
TWB14,Uvalde_2020_02,29.60214,-99.73007,436.7784,6/28/21,p,2021,05/06/2021 18:45 CDT,97499,29.94,25.6,1.905,7.235,212.8,102394.73
TWB14,Uvalde_2020_02,29.60214,-99.73007,436.7784,6/28/21,p,2021,05/06/2021 18:50 CDT,97495,29.9,24.19,2.63,7.235,200.17,102392.19
TWB14,Uvalde_2020_02,29.60214,-99.73007,436.7784,6/28/21,p,2021,05/06/2021 18:55 CDT,97494,29.89,23.75,2.105,7.235,184.82,102391.48
TWB14,Uvalde_2020_02,29.60214,-99.73007,436.7784,6/28/21,p,2021,05/06/2021 19:00 CDT,97494,29.85,26.24,1.94,7.235,169.28,102392.44
TWB14,Uvalde_2020_02,29.60214,-99.73007,436.7784,6/28/21,p,2021,05/06/2021 19:05 CDT,97493,29.8,24.83,1.645,7.235,155.74,102392.4
TWB14,Uvalde_2020_02,29.60214,-99.73007,436.7784,6/28/21,p,2021,05/06/2021 19:10 CDT,97493,29.72,25.67,1.77,7.235,142.81,102393.38
TWB14,Uvalde_2020_02,29.60214,-99.73007,436.7784,6/28/21,p,2021,05/06/2021 19:15 CDT,97491,29.62,26.04,1.82,7.235,131.32,102392.93
TWB14,Uvalde_2020_02,29.60214,-99.73007,436.7784,6/28/21,p,2021,05/06/2021 19:20 CDT,97490,29.57,25.84,1.18,7.235,116.05,102393.2
TWB14,Uvalde_2020_02,29.60214,-99.73007,436.7784,6/28/21,p,2021,05/06/2021 19:25 CDT,97491,29.49,26.92,1.31,7.235,102.69,102395.89
TWB14,Uvalde_2020_02,29.60214,-99.73007,436.7784,6/28/21,p,2021,05/06/2021 19:30 CDT,97491,29.34,26.45,1.85,7.235,93.05,102398.05
TWB14,Uvalde_2020_02,29.60214,-99.73007,436.7784,6/28/21,p,2021,05/06/2021 19:35 CDT,97491,29.16,26.75,2.07,7.235,80.67,102401.69
TWB14,Uvalde_2020_02,29.60214,-99.73007,436.7784,6/28/21,p,2021,05/06/2021 19:40 CDT,97493,29,30.25,1.32,7.235,67.28,102406.91
TWB14,Uvalde_2020_02,29.60214,-99.73007,436.7784,6/28/21,p,2021,05/06/2021 19:45 CDT,97495,28.8,31.97,1.165,7.235,39.73,102412.49
TWB14,Uvalde_2020_02,29.60214,-99.73007,436.7784,6/28/21,p,2021,05/06/2021 19:50 CDT,97499,28.41,35.41,2.13,7.235,24.39,102421.98
TWB14,Uvalde_2020_02,29.60214,-99.73007,436.7784,6/28/21,p,2021,05/06/2021 19:55 CDT,97506,28.08,37.43,1.49,7.235,19.42,102434.66
TWB14,Uvalde_2020_02,29.60214,-99.73007,436.7784,6/28/21,p,2021,05/06/2021 20:00 CDT,97508,27.75,38.14,2.55,7.235,15.08,102442.95
TWB14,Uvalde_2020_02,29.60214,-99.73007,436.7784,6/28/21,p,2021,05/06/2021 20:05 CDT,97517,27.49,38.51,2.235,7.235,11.8,102457.1
TWB14,Uvalde_2020_02,29.60214,-99.73007,436.7784,6/28/21,p,2021,05/06/2021 20:10 CDT,97525,27.21,40.26,2.095,7.235,8.49,102470.02
TWB14,Uvalde_2020_02,29.60214,-99.73007,436.7784,6/28/21,p,2021,05/06/2021 20:15 CDT,97533,26.93,40.26,2.09,7.235,6.07,102483.14
TWB14,Uvalde_2020_02,29.60214,-99.73007,436.7784,6/28/21,p,2021,05/06/2021 20:20 CDT,97543,26.75,39.29,2.32,7.235,3.14,102497.71
TWB14,Uvalde_2020_02,29.60214,-99.73007,436.7784,6/28/21,p,2021,05/06/2021 20:25 CDT,97556,26.53,40.1,1.71,7.235,1.86,102514.74
TWB14,Uvalde_2020_02,29.60214,-99.73007,436.7784,6/28/21,p,2021,05/06/2021 20:30 CDT,97563,26.27,40.58,1.42,7.235,1.17,102527
TWB14,Uvalde_2020_02,29.60214,-99.73007,436.7784,6/28/21,p,2021,05/06/2021 20:35 CDT,97570,26.03,41.08,1.21,7.235,0.7,102538.6
TWB14,Uvalde_2020_02,29.60214,-99.73007,436.7784,6/28/21,p,2021,05/06/2021 20:40 CDT,97571,25.87,41.01,1.68,7.235,0.26,102543.38
TWB14,Uvalde_2020_02,29.60214,-99.73007,436.7784,6/28/21,p,2021,05/06/2021 20:45 CDT,97578,25.7,42.06,1.16,7.235,0.04,102553.11
TWB14,Uvalde_2020_02,29.60214,-99.73007,436.7784,6/28/21,p,2021,05/06/2021 20:50 CDT,97589,25.52,41.83,1.185,7.235,0.1,102568.42
TWB14,Uvalde_2020_02,29.60214,-99.73007,436.7784,6/28/21,p,2021,05/06/2021 20:55 CDT,97596,25.34,42.1,1.1,7.235,0.07,102579.19
TWB14,Uvalde_2020_02,29.60214,-99.73007,436.7784,6/28/21,p,2021,05/06/2021 21:00 CDT,97603,25.19,41.02,1.385,7.235,0.11,102590.32
TWB14,Uvalde_2020_02,29.60214,-99.73007,436.7784,6/28/21,p,2021,05/06/2021 21:05 CDT,97615,25.12,40.35,1.565,7.235,0,102604.3
TWB14,Uvalde_2020_02,29.60214,-99.73007,436.7784,6/28/21,p,2021,05/06/2021 21:10 CDT,97627,25.14,38.47,1.95,7.235,0,102616.93
TWB14,Uvalde_2020_02,29.60214,-99.73007,436.7784,6/28/21,p,2021,05/06/2021 21:15 CDT,97629,25.23,39.07,1.905,7.235,0,102616.12
TWB14,Uvalde_2020_02,29.60214,-99.73007,436.7784,6/28/21,p,2021,05/06/2021 21:20 CDT,97635,25.14,37.66,1.83,7.235,0,102623.47
TWB14,Uvalde_2020_02,29.60214,-99.73007,436.7784,6/28/21,p,2021,05/06/2021 21:25 CDT,97645,25.1,37.49,2.32,7.235,0,102635.35
TWB14,Uvalde_2020_02,29.60214,-99.73007,436.7784,6/28/21,p,2021,05/06/2021 21:30 CDT,97657,25.07,37.39,1.88,7.235,0,102647.79
TWB14,Uvalde_2020_02,29.60214,-99.73007,436.7784,6/28/21,p,2021,05/06/2021 21:35 CDT,97663,24.95,36.35,2.075,7.235,0,102655.65
TWB14,Uvalde_2020_02,29.60214,-99.73007,436.7784,6/28/21,p,2021,05/06/2021 21:40 CDT,97674,24.94,36.79,1.94,7.235,0,102668.57
TWB14,Uvalde_2020_02,29.60214,-99.73007,436.7784,6/28/21,p,2021,05/06/2021 21:45 CDT,97686,24.86,36.12,1.905,7.235,0,102682.39
TWB14,Uvalde_2020_02,29.60214,-99.73007,436.7784,6/28/21,p,2021,05/06/2021 21:50 CDT,97694,24.74,37.4,1.535,7.235,0,102691.31
TWB14,Uvalde_2020_02,29.60214,-99.73007,436.7784,6/28/21,p,2021,05/06/2021 21:55 CDT,97695,24.53,36.93,1.405,7.235,0.04,102696.65
TWB14,Uvalde_2020_02,29.60214,-99.73007,436.7784,6/28/21,p,2021,05/06/2021 22:00 CDT,97698,24.46,38.01,1.775,7.235,0,102701.69
TWB14,Uvalde_2020_02,29.60214,-99.73007,436.7784,6/28/21,p,2021,05/06/2021 22:05 CDT,97711,24.37,37.43,1.6,7.235,0,102716.91
TWB14,Uvalde_2020_02,29.60214,-99.73007,436.7784,6/28/21,p,2021,05/06/2021 22:10 CDT,97721,24.22,38.88,0.94,7.235,0.16,102729.13
TWB14,Uvalde_2020_02,29.60214,-99.73007,436.7784,6/28/21,p,2021,05/06/2021 22:15 CDT,97725,23.94,40.2,1.275,7.235,0.25,102738.84
TWB14,Uvalde_2020_02,29.60214,-99.73007,436.7784,6/28/21,p,2021,05/06/2021 22:20 CDT,97735,23.9,39.9,1.44,7.235,0,102751.77
TWB14,Uvalde_2020_02,29.60214,-99.73007,436.7784,6/28/21,p,2021,05/06/2021 22:25 CDT,97742,23.84,40.37,1.615,7.235,0,102760.51
TWB14,Uvalde_2020_02,29.60214,-99.73007,436.7784,6/28/21,p,2021,05/06/2021 22:30 CDT,97748,23.79,41.75,1.125,7.235,0.03,102766.81
TWB14,Uvalde_2020_02,29.60214,-99.73007,436.7784,6/28/21,p,2021,05/06/2021 22:35 CDT,97749,23.54,41.51,1.25,7.235,0.02,102772.18
TWB14,Uvalde_2020_02,29.60214,-99.73007,436.7784,6/28/21,p,2021,05/06/2021 22:40 CDT,97749,23.51,41.99,1.045,7.235,0,102773.22
TWB14,Uvalde_2020_02,29.60214,-99.73007,436.7784,6/28/21,p,2021,05/06/2021 22:45 CDT,97751,23.43,41.92,1.395,7.235,0,102777.06
TWB14,Uvalde_2020_02,29.60214,-99.73007,436.7784,6/28/21,p,2021,05/06/2021 22:50 CDT,97753,23.47,43.41,1.105,7.235,0,102778.28
TWB14,Uvalde_2020_02,29.60214,-99.73007,436.7784,6/28/21,p,2021,05/06/2021 22:55 CDT,97754,23.25,44.49,1.005,7.235,0.21,102783.66
TWB14,Uvalde_2020_02,29.60214,-99.73007,436.7784,6/28/21,p,2021,05/06/2021 23:00 CDT,97754,23.22,43.85,1.645,7.235,0.02,102786.62
TWB14,Uvalde_2020_02,29.60214,-99.73007,436.7784,6/28/21,p,2021,05/06/2021 23:05 CDT,97749,23.21,44.05,1.405,7.235,0,102779.45
TWB14,Uvalde_2020_02,29.60214,-99.73007,436.7784,6/28/21,p,2021,05/06/2021 23:10 CDT,97749,23.12,44.76,1.505,7.235,0,102780.14
TWB14,Uvalde_2020_02,29.60214,-99.73007,436.7784,6/28/21,p,2021,05/06/2021 23:15 CDT,97753,23.09,44.22,1.425,7.235,0,102784.17
TWB14,Uvalde_2020_02,29.60214,-99.73007,436.7784,6/28/21,p,2021,05/06/2021 23:20 CDT,97754,23.04,44.96,1.045,7.235,0,102785.91
TWB14,Uvalde_2020_02,29.60214,-99.73007,436.7784,6/28/21,p,2021,05/06/2021 23:25 CDT,97756,22.85,45.43,1.025,7.235,0.18,102791.84
TWB14,Uvalde_2020_02,29.60214,-99.73007,436.7784,6/28/21,p,2021,05/06/2021 23:30 CDT,97756,22.8,46.24,1.245,7.235,0,102793.57
TWB14,Uvalde_2020_02,29.60214,-99.73007,436.7784,6/28/21,p,2021,05/06/2021 23:35 CDT,97757,22.76,47.05,0.925,7.235,0.16,102794.79
TWB14,Uvalde_2020_02,29.60214,-99.73007,436.7784,6/28/21,p,2021,05/06/2021 23:40 CDT,97757,22.59,47.59,1,7.235,0.59,102798.28
TWB14,Uvalde_2020_02,29.60214,-99.73007,436.7784,6/28/21,p,2021,05/06/2021 23:45 CDT,97760,22.44,48.47,0.81,7.235,0.04,102805.61
TWB14,Uvalde_2020_02,29.60214,-99.73007,436.7784,6/28/21,p,2021,05/06/2021 23:50 CDT,97761,22.16,51.27,0.485,7.235,0.98,102810.67
TWB14,Uvalde_2020_02,29.60214,-99.73007,436.7784,6/28/21,p,2021,05/06/2021 23:55 CDT,97762,21.94,54.11,0.76,7.235,1.03,102819.59
TWB14,Uvalde_2020_02,29.60214,-99.73007,436.7784,6/28/21,p,2021,05/07/2021 00:00 CDT,97762,21.76,54.07,0.845,7.235,0.63,102824.68
TWB14,Uvalde_2020_02,29.60214,-99.73007,436.7784,6/28/21,p,2021,05/07/2021 00:05 CDT,97765,21.69,56.33,0.785,7.235,0.65,102829.76
TWB14,Uvalde_2020_02,29.60214,-99.73007,436.7784,6/28/21,p,2021,05/07/2021 00:10 CDT,97768,21.35,57.65,0.685,7.235,1.28,102840.84
TWB14,Uvalde_2020_02,29.60214,-99.73007,436.7784,6/28/21,p,2021,05/07/2021 00:15 CDT,97763,20.86,62.2,0.29,7.235,1.44,102846.88
TWB14,Uvalde_2020_02,29.60214,-99.73007,436.7784,6/28/21,p,2021,05/07/2021 00:20 CDT,97768,20.13,65.71,0.29,7.235,1.84,102863.85
TWB14,Uvalde_2020_02,29.60214,-99.73007,436.7784,6/28/21,p,2021,05/07/2021 00:25 CDT,97772,19.57,66.76,0.18,7.235,1.79,102880.74
TWB14,Uvalde_2020_02,29.60214,-99.73007,436.7784,6/28/21,p,2021,05/07/2021 00:30 CDT,97779,19.2,68.24,0.26,7.235,1.37,102895.09
TWB14,Uvalde_2020_02,29.60214,-99.73007,436.7784,6/28/21,p,2021,05/07/2021 00:35 CDT,97783,18.96,69.13,0.075,7.235,1.27,102905.59
TWB14,Uvalde_2020_02,29.60214,-99.73007,436.7784,6/28/21,p,2021,05/07/2021 00:40 CDT,97786,18.35,71.49,0.035,7.235,0.95,102913.42
TWB14,Uvalde_2020_02,29.60214,-99.73007,436.7784,6/28/21,p,2021,05/07/2021 00:45 CDT,97777,17.97,74.73,0.08,7.235,0.45,102906.64
TWB14,Uvalde_2020_02,29.60214,-99.73007,436.7784,6/28/21,p,2021,05/07/2021 00:50 CDT,97774,17.95,75.24,0.225,7.235,0.31,102906.01
TWB14,Uvalde_2020_02,29.60214,-99.73007,436.7784,6/28/21,p,2021,05/07/2021 00:55 CDT,97768,17.94,76.83,0.255,7.235,0.22,102903.67
TWB14,Uvalde_2020_02,29.60214,-99.73007,436.7784,6/28/21,p,2021,05/07/2021 01:00 CDT,97761,18.14,76.45,0.46,7.235,0.47,102899.38
TWB14,Uvalde_2020_02,29.60214,-99.73007,436.7784,6/28/21,p,2021,05/07/2021 01:05 CDT,97761,18.14,76.89,0.32,7.235,0.32,102902.64
TWB14,Uvalde_2020_02,29.60214,-99.73007,436.7784,6/28/21,p,2021,05/07/2021 01:10 CDT,97760,17.85,77.4,0.145,7.235,0.07,102904.49
TWB14,Uvalde_2020_02,29.60214,-99.73007,436.7784,6/28/21,p,2021,05/07/2021 01:15 CDT,97752,17.16,76.36,0.38,7.235,0.01,102900.07
TWB14,Uvalde_2020_02,29.60214,-99.73007,436.7784,6/28/21,p,2021,05/07/2021 01:20 CDT,97757,16.92,74.61,0.23,7.235,0.1,102908.26
TWB14,Uvalde_2020_02,29.60214,-99.73007,436.7784,6/28/21,p,2021,05/07/2021 01:25 CDT,97753,16.87,75.01,0.265,7.235,0.03,102904.77
TWB14,Uvalde_2020_02,29.60214,-99.73007,436.7784,6/28/21,p,2021,05/07/2021 01:30 CDT,97753,16.99,76.23,0.315,7.235,0.11,102906.77
TWB14,Uvalde_2020_02,29.60214,-99.73007,436.7784,6/28/21,p,2021,05/07/2021 01:35 CDT,97747,17.03,75.56,0.335,7.235,0.02,102899.91
TWB14,Uvalde_2020_02,29.60214,-99.73007,436.7784,6/28/21,p,2021,05/07/2021 01:40 CDT,97735,17.14,76.1,0.32,7.235,0.02,102887.1
TWB14,Uvalde_2020_02,29.60214,-99.73007,436.7784,6/28/21,p,2021,05/07/2021 01:45 CDT,97732,16.94,81.1,0.14,7.235,0.15,102886.46
TWB14,Uvalde_2020_02,29.60214,-99.73007,436.7784,6/28/21,p,2021,05/07/2021 01:50 CDT,97732,16.84,81,0.255,7.235,0,102886.47
TWB14,Uvalde_2020_02,29.60214,-99.73007,436.7784,6/28/21,p,2021,05/07/2021 01:55 CDT,97733,17.07,81.2,0.325,7.235,0.05,102888.25
TWB14,Uvalde_2020_02,29.60214,-99.73007,436.7784,6/28/21,p,2021,05/07/2021 02:00 CDT,97733,17.3,81.2,0.41,7.235,0.08,102889.71
TWB14,Uvalde_2020_02,29.60214,-99.73007,436.7784,6/28/21,p,2021,05/07/2021 02:05 CDT,97734,17.1,80.5,0.285,7.235,0,102890.76
TWB14,Uvalde_2020_02,29.60214,-99.73007,436.7784,6/28/21,p,2021,05/07/2021 02:10 CDT,97733,16.79,79.21,0.375,7.235,0,102890.99
TWB14,Uvalde_2020_02,29.60214,-99.73007,436.7784,6/28/21,p,2021,05/07/2021 02:15 CDT,97734,16.8,77.53,0.36,7.235,0,102891.51
TWB14,Uvalde_2020_02,29.60214,-99.73007,436.7784,6/28/21,p,2021,05/07/2021 02:20 CDT,97733,17.44,72.47,0.765,7.235,0,102885.19
TWB14,Uvalde_2020_02,29.60214,-99.73007,436.7784,6/28/21,p,2021,05/07/2021 02:25 CDT,97732,18.39,70.71,1.12,7.235,0,102871.6
TWB14,Uvalde_2020_02,29.60214,-99.73007,436.7784,6/28/21,p,2021,05/07/2021 02:30 CDT,97732,19.11,63.56,1.395,7.235,0,102857.36
TWB14,Uvalde_2020_02,29.60214,-99.73007,436.7784,6/28/21,p,2021,05/07/2021 02:35 CDT,97734,19.8,61.4,0.875,7.235,0,102837.21
TWB14,Uvalde_2020_02,29.60214,-99.73007,436.7784,6/28/21,p,2021,05/07/2021 02:40 CDT,97733,20.08,59.17,1.305,7.235,0,102825.82
TWB14,Uvalde_2020_02,29.60214,-99.73007,436.7784,6/28/21,p,2021,05/07/2021 02:45 CDT,97733,20.32,59.64,1.485,7.235,0,102817.82
TWB14,Uvalde_2020_02,29.60214,-99.73007,436.7784,6/28/21,p,2021,05/07/2021 02:50 CDT,97733,20.31,60.79,1.25,7.235,0,102815.33
TWB14,Uvalde_2020_02,29.60214,-99.73007,436.7784,6/28/21,p,2021,05/07/2021 02:55 CDT,97733,20.05,62.54,1.08,7.235,0.33,102819.4
TWB14,Uvalde_2020_02,29.60214,-99.73007,436.7784,6/28/21,p,2021,05/07/2021 03:00 CDT,97727,19.81,63.79,1.31,7.235,0.19,102819.12
TWB14,Uvalde_2020_02,29.60214,-99.73007,436.7784,6/28/21,p,2021,05/07/2021 03:05 CDT,97720,19.82,64.74,1.62,7.235,0.09,102811.58
TWB14,Uvalde_2020_02,29.60214,-99.73007,436.7784,6/28/21,p,2021,05/07/2021 03:10 CDT,97718,19.88,66.12,0.925,7.235,0,102806.44
TWB14,Uvalde_2020_02,29.60214,-99.73007,436.7784,6/28/21,p,2021,05/07/2021 03:15 CDT,97715,19.83,68.62,1.57,7.235,0.02,102805.05
TWB14,Uvalde_2020_02,29.60214,-99.73007,436.7784,6/28/21,p,2021,05/07/2021 03:20 CDT,97704,19.96,68.35,1.77,7.235,0,102789.56
TWB14,Uvalde_2020_02,29.60214,-99.73007,436.7784,6/28/21,p,2021,05/07/2021 03:25 CDT,97697,20.02,69.7,1.94,7.235,0,102779.53
TWB14,Uvalde_2020_02,29.60214,-99.73007,436.7784,6/28/21,p,2021,05/07/2021 03:30 CDT,97704,20.06,70.64,2.12,7.235,0,102784.4
TWB14,Uvalde_2020_02,29.60214,-99.73007,436.7784,6/28/21,p,2021,05/07/2021 03:35 CDT,97706,20,72.06,1.555,7.235,0,102787.03
TWB14,Uvalde_2020_02,29.60214,-99.73007,436.7784,6/28/21,p,2021,05/07/2021 03:40 CDT,97705,19.93,72.87,1.89,7.235,0,102787.21
TWB14,Uvalde_2020_02,29.60214,-99.73007,436.7784,6/28/21,p,2021,05/07/2021 03:45 CDT,97705,19.86,73.61,1.88,7.235,0,102788.1
TWB14,Uvalde_2020_02,29.60214,-99.73007,436.7784,6/28/21,p,2021,05/07/2021 03:50 CDT,97704,19.81,74.68,1.61,7.235,0,102788.1
TWB14,Uvalde_2020_02,29.60214,-99.73007,436.7784,6/28/21,p,2021,05/07/2021 03:55 CDT,97703,19.73,75.36,1.63,7.235,0,102787.94
TWB14,Uvalde_2020_02,29.60214,-99.73007,436.7784,6/28/21,p,2021,05/07/2021 04:00 CDT,97703,19.64,75.96,1.16,7.235,0,102789.18
TWB14,Uvalde_2020_02,29.60214,-99.73007,436.7784,6/28/21,p,2021,05/07/2021 04:05 CDT,97701,19.49,77.08,1.115,7.235,0.05,102790.09
TWB14,Uvalde_2020_02,29.60214,-99.73007,436.7784,6/28/21,p,2021,05/07/2021 04:10 CDT,97701,19.38,77.95,1.365,7.235,0,102792.57
TWB14,Uvalde_2020_02,29.60214,-99.73007,436.7784,6/28/21,p,2021,05/07/2021 04:15 CDT,97704,19.32,78.59,1.25,7.235,0,102796.97
TWB14,Uvalde_2020_02,29.60214,-99.73007,436.7784,6/28/21,p,2021,05/07/2021 04:20 CDT,97701,19.21,78.86,0.99,7.235,0.15,102795.6
TWB14,Uvalde_2020_02,29.60214,-99.73007,436.7784,6/28/21,p,2021,05/07/2021 04:25 CDT,97705,19.05,79.94,0.76,7.235,0.13,102803.01
TWB14,Uvalde_2020_02,29.60214,-99.73007,436.7784,6/28/21,p,2021,05/07/2021 04:30 CDT,97709,18.88,80.6,0.85,7.235,0.27,102810.25
TWB14,Uvalde_2020_02,29.60214,-99.73007,436.7784,6/28/21,p,2021,05/07/2021 04:35 CDT,97707,18.61,81.8,0.515,7.235,0.65,102813.15
TWB14,Uvalde_2020_02,29.60214,-99.73007,436.7784,6/28/21,p,2021,05/07/2021 04:40 CDT,97701,18.33,82.4,0.16,7.235,1.22,102812.03
TWB14,Uvalde_2020_02,29.60214,-99.73007,436.7784,6/28/21,p,2021,05/07/2021 04:45 CDT,97709,18.08,83.8,0.135,7.235,0.98,102825.65
TWB14,Uvalde_2020_02,29.60214,-99.73007,436.7784,6/28/21,p,2021,05/07/2021 04:50 CDT,97710,17.82,84.6,0.035,7.235,1.67,102831.92
TWB14,Uvalde_2020_02,29.60214,-99.73007,436.7784,6/28/21,p,2021,05/07/2021 04:55 CDT,97707,17.6,86.1,0,7.235,1.54,102833.45
TWB14,Uvalde_2020_02,29.60214,-99.73007,436.7784,6/28/21,p,2021,05/07/2021 05:00 CDT,97710,17.46,86.8,0.01,7.235,1.11,102840.94
TWB14,Uvalde_2020_02,29.60214,-99.73007,436.7784,6/28/21,p,2021,05/07/2021 05:05 CDT,97710,17.28,88,0,7.235,0.63,102844.91
TWB14,Uvalde_2020_02,29.60214,-99.73007,436.7784,6/28/21,p,2021,05/07/2021 05:10 CDT,97702,17.16,88.6,0.045,7.235,0.05,102839.57
TWB14,Uvalde_2020_02,29.60214,-99.73007,436.7784,6/28/21,p,2021,05/07/2021 05:15 CDT,97700,17.08,89.1,0.015,7.235,0.23,102840
TWB14,Uvalde_2020_02,29.60214,-99.73007,436.7784,6/28/21,p,2021,05/07/2021 05:20 CDT,97701,16.93,89.2,0,7.235,0.99,102843.96
TWB14,Uvalde_2020_02,29.60214,-99.73007,436.7784,6/28/21,p,2021,05/07/2021 05:25 CDT,97702,16.9,89.6,0.135,7.235,0.34,102847.19
TWB14,Uvalde_2020_02,29.60214,-99.73007,436.7784,6/28/21,p,2021,05/07/2021 05:30 CDT,97703,16.91,90.5,0.135,7.235,0.09,102850.79
TWB14,Uvalde_2020_02,29.60214,-99.73007,436.7784,6/28/21,p,2021,05/07/2021 05:35 CDT,97706,16.84,90.8,0.065,7.235,0,102855.95
TWB14,Uvalde_2020_02,29.60214,-99.73007,436.7784,6/28/21,p,2021,05/07/2021 05:40 CDT,97718,16.74,91.1,0.1,7.235,0.18,102871.31
TWB14,Uvalde_2020_02,29.60214,-99.73007,436.7784,6/28/21,p,2021,05/07/2021 05:45 CDT,97731,16.4,91,0,7.235,0.57,102886.64
TWB14,Uvalde_2020_02,29.60214,-99.73007,436.7784,6/28/21,p,2021,05/07/2021 05:50 CDT,97733,16.12,91.2,0,7.235,1.09,102891.3
TWB14,Uvalde_2020_02,29.60214,-99.73007,436.7784,6/28/21,p,2021,05/07/2021 05:55 CDT,97733,16.02,92,0,7.235,0.03,102893.13
TWB14,Uvalde_2020_02,29.60214,-99.73007,436.7784,6/28/21,p,2021,05/07/2021 06:00 CDT,97733,15.94,92,0,7.235,0.02,102895.14
TWB14,Uvalde_2020_02,29.60214,-99.73007,436.7784,6/28/21,p,2021,05/07/2021 06:05 CDT,97733,15.82,92,0,7.235,0.8,102897.7
TWB14,Uvalde_2020_02,29.60214,-99.73007,436.7784,6/28/21,p,2021,05/07/2021 06:10 CDT,97734,15.71,92.4,0,7.235,0.05,102900.03
TWB14,Uvalde_2020_02,29.60214,-99.73007,436.7784,6/28/21,p,2021,05/07/2021 06:15 CDT,97736,15.52,91.9,0,7.235,0.74,102904.89
TWB14,Uvalde_2020_02,29.60214,-99.73007,436.7784,6/28/21,p,2021,05/07/2021 06:20 CDT,97737,15.35,92.6,0,7.235,0.29,102908.7
TWB14,Uvalde_2020_02,29.60214,-99.73007,436.7784,6/28/21,p,2021,05/07/2021 06:25 CDT,97737,15.18,93.3,0,7.235,0,102911.08
TWB14,Uvalde_2020_02,29.60214,-99.73007,436.7784,6/28/21,p,2021,05/07/2021 06:30 CDT,97736,15.09,93.5,0,7.235,0.13,102910.95
TWB14,Uvalde_2020_02,29.60214,-99.73007,436.7784,6/28/21,p,2021,05/07/2021 06:35 CDT,97741,14.98,93.6,0,7.235,0.44,102917.87
TWB14,Uvalde_2020_02,29.60214,-99.73007,436.7784,6/28/21,p,2021,05/07/2021 06:40 CDT,97757,14.82,93.8,0,7.235,0.32,102936.37
TWB14,Uvalde_2020_02,29.60214,-99.73007,436.7784,6/28/21,p,2021,05/07/2021 06:45 CDT,97769,14.67,93.7,0,7.235,0.97,102951.03
TWB14,Uvalde_2020_02,29.60214,-99.73007,436.7784,6/28/21,p,2021,05/07/2021 06:50 CDT,97777,14.5,94,0,7.235,1.46,102961.85
TWB14,Uvalde_2020_02,29.60214,-99.73007,436.7784,6/28/21,p,2021,05/07/2021 06:55 CDT,97790,14.41,94,0,7.235,2.55,102977.76
TWB14,Uvalde_2020_02,29.60214,-99.73007,436.7784,6/28/21,p,2021,05/07/2021 07:00 CDT,97797,14.29,94.5,0,7.235,4.66,102987.71
TWB14,Uvalde_2020_02,29.60214,-99.73007,436.7784,6/28/21,p,2021,05/07/2021 07:05 CDT,97800,14.28,94.5,0,7.235,7.05,102992.54
TWB14,Uvalde_2020_02,29.60214,-99.73007,436.7784,6/28/21,p,2021,05/07/2021 07:10 CDT,97801,14.17,94.7,0,7.235,9.37,102995.44
TWB14,Uvalde_2020_02,29.60214,-99.73007,436.7784,6/28/21,p,2021,05/07/2021 07:15 CDT,97813,14.07,94.7,0,7.235,12.25,103009.56
TWB14,Uvalde_2020_02,29.60214,-99.73007,436.7784,6/28/21,p,2021,05/07/2021 07:20 CDT,97820,14.01,95,0,7.235,13.58,103018.23
TWB14,Uvalde_2020_02,29.60214,-99.73007,436.7784,6/28/21,p,2021,05/07/2021 07:25 CDT,97825,14.01,95.3,0,7.235,16.78,103023.49
TWB14,Uvalde_2020_02,29.60214,-99.73007,436.7784,6/28/21,p,2021,05/07/2021 07:30 CDT,97834,14.14,95.5,0.08,7.235,19.72,103032.97
TWB14,Uvalde_2020_02,29.60214,-99.73007,436.7784,6/28/21,p,2021,05/07/2021 07:35 CDT,97847,14.29,95.9,0.41,7.235,23.5,103044.8
TWB14,Uvalde_2020_02,29.60214,-99.73007,436.7784,6/28/21,p,2021,05/07/2021 07:40 CDT,97851,14.56,96.1,0.245,7.235,59.23,103044.57
TWB14,Uvalde_2020_02,29.60214,-99.73007,436.7784,6/28/21,p,2021,05/07/2021 07:45 CDT,97854,15.01,95.7,0.505,7.235,82.93,103040.53
TWB14,Uvalde_2020_02,29.60214,-99.73007,436.7784,6/28/21,p,2021,05/07/2021 07:50 CDT,97854,15.4,94.9,0.4,7.235,98.74,103032.43
TWB14,Uvalde_2020_02,29.60214,-99.73007,436.7784,6/28/21,p,2021,05/07/2021 07:55 CDT,97854,15.84,93.8,0.165,7.235,113.79,103024.35
TWB14,Uvalde_2020_02,29.60214,-99.73007,436.7784,6/28/21,p,2021,05/07/2021 08:00 CDT,97857,16.39,92.6,0,7.235,124.18,103019.83
TWB14,Uvalde_2020_02,29.60214,-99.73007,436.7784,6/28/21,p,2021,05/07/2021 08:05 CDT,97858,16.85,90,0,7.235,138.07,103012.68
TWB14,Uvalde_2020_02,29.60214,-99.73007,436.7784,6/28/21,p,2021,05/07/2021 08:10 CDT,97865,17.29,88.6,0,7.235,149.1,103010.78
TWB14,Uvalde_2020_02,29.60214,-99.73007,436.7784,6/28/21,p,2021,05/07/2021 08:15 CDT,97869,18.26,87.3,0,7.235,157.22,103003.94
TWB14,Uvalde_2020_02,29.60214,-99.73007,436.7784,6/28/21,p,2021,05/07/2021 08:20 CDT,97871,19.02,82.9,0.03,7.235,165.84,102992.36
TWB14,Uvalde_2020_02,29.60214,-99.73007,436.7784,6/28/21,p,2021,05/07/2021 08:25 CDT,97872,19.44,81,0.03,7.235,172.64,102983.37
TWB14,Uvalde_2020_02,29.60214,-99.73007,436.7784,6/28/21,p,2021,05/07/2021 08:30 CDT,97866,20.28,80.1,0.05,7.235,178.55,102964.73
TWB14,Uvalde_2020_02,29.60214,-99.73007,436.7784,6/28/21,p,2021,05/07/2021 08:35 CDT,97857,20.66,72.9,0.235,7.235,191.06,102944.99
TWB14,Uvalde_2020_02,29.60214,-99.73007,436.7784,6/28/21,p,2021,05/07/2021 08:40 CDT,97862,20.55,70.98,0.64,7.235,208.74,102942.28
TWB14,Uvalde_2020_02,29.60214,-99.73007,436.7784,6/28/21,p,2021,05/07/2021 08:45 CDT,97869,20.53,68.78,1.215,7.235,230.17,102945.42
TWB14,Uvalde_2020_02,29.60214,-99.73007,436.7784,6/28/21,p,2021,05/07/2021 08:50 CDT,97877,20.7,64.22,1.23,7.235,247.48,102950.33
TWB14,Uvalde_2020_02,29.60214,-99.73007,436.7784,6/28/21,p,2021,05/07/2021 08:55 CDT,97878,20.88,63.54,1.71,7.235,266.84,102947.86
TWB14,Uvalde_2020_02,29.60214,-99.73007,436.7784,6/28/21,p,2021,05/07/2021 09:00 CDT,97880,21.01,64.95,1.285,7.235,281.97,102947.84
TWB14,Uvalde_2020_02,29.60214,-99.73007,436.7784,6/28/21,p,2021,05/07/2021 09:05 CDT,97884,21.24,58.21,1.675,7.235,296.86,102947.87
TWB14,Uvalde_2020_02,29.60214,-99.73007,436.7784,6/28/21,p,2021,05/07/2021 09:10 CDT,97892,21.31,59.49,1.755,7.235,312.27,102954.69
TWB14,Uvalde_2020_02,29.60214,-99.73007,436.7784,6/28/21,p,2021,05/07/2021 09:15 CDT,97896,21.53,57.19,1.335,7.235,320.45,102955.58
TWB14,Uvalde_2020_02,29.60214,-99.73007,436.7784,6/28/21,p,2021,05/07/2021 09:20 CDT,97898,21.58,54.76,1.875,7.235,338.93,102954.37
TWB14,Uvalde_2020_02,29.60214,-99.73007,436.7784,6/28/21,p,2021,05/07/2021 09:25 CDT,97901,21.58,56.74,1.84,7.235,355.28,102957.69
TWB14,Uvalde_2020_02,29.60214,-99.73007,436.7784,6/28/21,p,2021,05/07/2021 09:30 CDT,97891,21.65,53.77,2.32,7.235,375.37,102946.49
TWB14,Uvalde_2020_02,29.60214,-99.73007,436.7784,6/28/21,p,2021,05/07/2021 09:35 CDT,97887,21.85,54.51,2.355,7.235,389.19,102938.43
TWB14,Uvalde_2020_02,29.60214,-99.73007,436.7784,6/28/21,p,2021,05/07/2021 09:40 CDT,97882,21.91,52.75,2.21,7.235,373.79,102932.48
TWB14,Uvalde_2020_02,29.60214,-99.73007,436.7784,6/28/21,p,2021,05/07/2021 09:45 CDT,97891,22.07,54.27,2.05,7.235,392.43,102939.84
TWB14,Uvalde_2020_02,29.60214,-99.73007,436.7784,6/28/21,p,2021,05/07/2021 09:50 CDT,97892,22.24,55.61,2.145,7.235,415.13,102937.74
TWB14,Uvalde_2020_02,29.60214,-99.73007,436.7784,6/28/21,p,2021,05/07/2021 09:55 CDT,97891,22.58,54.33,1.715,7.235,436.67,102930.59
TWB14,Uvalde_2020_02,29.60214,-99.73007,436.7784,6/28/21,p,2021,05/07/2021 10:00 CDT,97889,22.65,56.42,1.97,7.235,449.84,102925.34
TWB14,Uvalde_2020_02,29.60214,-99.73007,436.7784,6/28/21,p,2021,05/07/2021 10:05 CDT,97886,22.83,51.56,1.765,7.235,342.06,102919.79
TWB14,Uvalde_2020_02,29.60214,-99.73007,436.7784,6/28/21,p,2021,05/07/2021 10:10 CDT,97889,22.78,50.85,2.045,7.235,460.99,102923.47
TWB14,Uvalde_2020_02,29.60214,-99.73007,436.7784,6/28/21,p,2021,05/07/2021 10:15 CDT,97889,22.83,51.19,1.87,7.235,325.15,102922.08
TWB14,Uvalde_2020_02,29.60214,-99.73007,436.7784,6/28/21,p,2021,05/07/2021 10:20 CDT,97895,22.78,54.59,2.06,7.235,432.05,102930.62
TWB14,Uvalde_2020_02,29.60214,-99.73007,436.7784,6/28/21,p,2021,05/07/2021 10:25 CDT,97902,23.12,50.28,1.905,7.235,477.77,102933.33
TWB14,Uvalde_2020_02,29.60214,-99.73007,436.7784,6/28/21,p,2021,05/07/2021 10:30 CDT,97898,23.37,51.49,2.17,7.235,499.07,102924.43
TWB14,Uvalde_2020_02,29.60214,-99.73007,436.7784,6/28/21,p,2021,05/07/2021 10:35 CDT,97893,23.57,48.72,2.305,7.235,544.42,102914.53
TWB14,Uvalde_2020_02,29.60214,-99.73007,436.7784,6/28/21,p,2021,05/07/2021 10:40 CDT,97888,23.52,51.07,2.45,7.235,571.39,102908.56
TWB14,Uvalde_2020_02,29.60214,-99.73007,436.7784,6/28/21,p,2021,05/07/2021 10:45 CDT,97882,23.67,49.59,2.215,7.235,585.42,102900.54
TWB14,Uvalde_2020_02,29.60214,-99.73007,436.7784,6/28/21,p,2021,05/07/2021 10:50 CDT,97877,23.84,50.9,2.19,7.235,601.84,102892.16
TWB14,Uvalde_2020_02,29.60214,-99.73007,436.7784,6/28/21,p,2021,05/07/2021 10:55 CDT,97879,24.13,50.63,2.24,7.235,598.23,102889.44
TWB14,Uvalde_2020_02,29.60214,-99.73007,436.7784,6/28/21,p,2021,05/07/2021 11:00 CDT,97873,24.11,49.75,2.6,7.235,488.06,102880.56
TWB14,Uvalde_2020_02,29.60214,-99.73007,436.7784,6/28/21,p,2021,05/07/2021 11:05 CDT,97870,23.95,50.96,2.785,7.235,514.58,102880.84
TWB14,Uvalde_2020_02,29.60214,-99.73007,436.7784,6/28/21,p,2021,05/07/2021 11:10 CDT,97879,24.08,49.95,2.39,7.235,276.61,102889.97
TWB14,Uvalde_2020_02,29.60214,-99.73007,436.7784,6/28/21,p,2021,05/07/2021 11:15 CDT,97882,23.43,50.96,2.615,7.235,183.18,102901.91
TWB14,Uvalde_2020_02,29.60214,-99.73007,436.7784,6/28/21,p,2021,05/07/2021 11:20 CDT,97879,23.29,51.06,2.255,7.235,449.54,102904.63
TWB14,Uvalde_2020_02,29.60214,-99.73007,436.7784,6/28/21,p,2021,05/07/2021 11:25 CDT,97872,23.7,52.61,2.56,7.235,484.81,102891.73
TWB14,Uvalde_2020_02,29.60214,-99.73007,436.7784,6/28/21,p,2021,05/07/2021 11:30 CDT,97867,24.01,52.64,2.52,7.235,633.19,102880.09
TWB14,Uvalde_2020_02,29.60214,-99.73007,436.7784,6/28/21,p,2021,05/07/2021 11:35 CDT,97859,24.23,48.94,2.25,7.235,668.51,102866.54
TWB14,Uvalde_2020_02,29.60214,-99.73007,436.7784,6/28/21,p,2021,05/07/2021 11:40 CDT,97848,24.49,48.56,3.045,7.235,707.47,102849.14
TWB14,Uvalde_2020_02,29.60214,-99.73007,436.7784,6/28/21,p,2021,05/07/2021 11:45 CDT,97839,24.47,48.39,3.065,7.235,646.53,102840.2
TWB14,Uvalde_2020_02,29.60214,-99.73007,436.7784,6/28/21,p,2021,05/07/2021 11:50 CDT,97835,24.29,50.31,2.515,7.235,431.35,102838.73
TWB14,Uvalde_2020_02,29.60214,-99.73007,436.7784,6/28/21,p,2021,05/07/2021 11:55 CDT,97831,24.09,50.35,2.955,7.235,535.54,102837.79
TWB14,Uvalde_2020_02,29.60214,-99.73007,436.7784,6/28/21,p,2021,05/07/2021 12:00 CDT,97823,24.69,47.68,2.32,7.235,707.78,102822.7
TWB14,Uvalde_2020_02,29.60214,-99.73007,436.7784,6/28/21,p,2021,05/07/2021 12:05 CDT,97817,24.81,46,2.8,7.235,714.27,102810.93
TWB14,Uvalde_2020_02,29.60214,-99.73007,436.7784,6/28/21,p,2021,05/07/2021 12:10 CDT,97807,24.96,47.18,2.76,7.235,682.01,102798.01
TWB14,Uvalde_2020_02,29.60214,-99.73007,436.7784,6/28/21,p,2021,05/07/2021 12:15 CDT,97804,25.16,44.28,3.015,7.235,714.89,102792.67
TWB14,Uvalde_2020_02,29.60214,-99.73007,436.7784,6/28/21,p,2021,05/07/2021 12:20 CDT,97797,25.19,43.78,3.325,7.235,726.65,102783.78
TWB14,Uvalde_2020_02,29.60214,-99.73007,436.7784,6/28/21,p,2021,05/07/2021 12:25 CDT,97783,25.31,44.65,2.73,7.235,705.19,102767.35
TWB14,Uvalde_2020_02,29.60214,-99.73007,436.7784,6/28/21,p,2021,05/07/2021 12:30 CDT,97778,25.59,42.23,2.425,7.235,724.11,102758.37
TWB14,Uvalde_2020_02,29.60214,-99.73007,436.7784,6/28/21,p,2021,05/07/2021 12:35 CDT,97777,25.76,41.89,2.86,7.235,719.45,102752.39
TWB14,Uvalde_2020_02,29.60214,-99.73007,436.7784,6/28/21,p,2021,05/07/2021 12:40 CDT,97768,25.6,42.23,2.615,7.235,731.18,102745.65
TWB14,Uvalde_2020_02,29.60214,-99.73007,436.7784,6/28/21,p,2021,05/07/2021 12:45 CDT,97759,25.87,44.41,3.21,7.985,738.68,102732.94
TWB14,Uvalde_2020_02,29.60214,-99.73007,436.7784,6/28/21,p,2021,05/07/2021 12:50 CDT,97750,25.85,39.32,2.74,7.985,740.72,102722.51
TWB14,Uvalde_2020_02,29.60214,-99.73007,436.7784,6/28/21,p,2021,05/07/2021 12:55 CDT,97738,25.93,41.71,2.185,7.985,737.55,102709.03
TWB14,Uvalde_2020_02,29.60214,-99.73007,436.7784,6/28/21,p,2021,05/07/2021 13:00 CDT,97730,26.05,38.04,3.15,7.985,750.96,102698.45
TWB14,Uvalde_2020_02,29.60214,-99.73007,436.7784,6/28/21,p,2021,05/07/2021 13:05 CDT,97718,26.08,38.41,2.85,7.73,747.64,102685.84
TWB14,Uvalde_2020_02,29.60214,-99.73007,436.7784,6/28/21,p,2021,05/07/2021 13:10 CDT,97709,26.01,38.92,2.935,7.73,756.46,102676.89
TWB14,Uvalde_2020_02,29.60214,-99.73007,436.7784,6/28/21,p,2021,05/07/2021 13:15 CDT,97694,26.2,34.94,2.26,7.73,751.23,102658.11
TWB14,Uvalde_2020_02,29.60214,-99.73007,436.7784,6/28/21,p,2021,05/07/2021 13:20 CDT,97691,26.35,35.25,2.935,7.73,760.63,102652.93
TWB14,Uvalde_2020_02,29.60214,-99.73007,436.7784,6/28/21,p,2021,05/07/2021 13:25 CDT,97674,26.26,36.09,2.14,7.73,755.25,102635.39
TWB14,Uvalde_2020_02,29.60214,-99.73007,436.7784,6/28/21,p,2021,05/07/2021 13:30 CDT,97666,26.61,37.84,2.825,7.73,760.22,102621.91
TWB14,Uvalde_2020_02,29.60214,-99.73007,436.7784,6/28/21,p,2021,05/07/2021 13:35 CDT,97658,26.54,35.75,2,7.73,750.88,102614.53
TWB14,Uvalde_2020_02,29.60214,-99.73007,436.7784,6/28/21,p,2021,05/07/2021 13:40 CDT,97655,26.74,35.58,2.555,7.73,761.31,102609.52
TWB14,Uvalde_2020_02,29.60214,-99.73007,436.7784,6/28/21,p,2021,05/07/2021 13:45 CDT,97644,26.86,36.53,2,7.73,752.01,102594.92
TWB14,Uvalde_2020_02,29.60214,-99.73007,436.7784,6/28/21,p,2021,05/07/2021 13:50 CDT,97637,27.06,32.58,2.64,7.73,760.85,102583.57
TWB14,Uvalde_2020_02,29.60214,-99.73007,436.7784,6/28/21,p,2021,05/07/2021 13:55 CDT,97629,27.05,36.56,2.285,7.73,757.7,102575.46
TWB14,Uvalde_2020_02,29.60214,-99.73007,436.7784,6/28/21,p,2021,05/07/2021 14:00 CDT,97614,26.97,35.28,2.4,7.73,757.34,102560.05
TWB14,Uvalde_2020_02,29.60214,-99.73007,436.7784,6/28/21,p,2021,05/07/2021 14:05 CDT,97606,27.43,35.21,1.84,7.73,750.3,102547.11
TWB14,Uvalde_2020_02,29.60214,-99.73007,436.7784,6/28/21,p,2021,05/07/2021 14:10 CDT,97606,27.49,33.86,2.55,7.73,752.65,102542.43
TWB14,Uvalde_2020_02,29.60214,-99.73007,436.7784,6/28/21,p,2021,05/07/2021 14:15 CDT,97599,27.51,33.56,1.635,7.73,740.81,102535.41
TWB14,Uvalde_2020_02,29.60214,-99.73007,436.7784,6/28/21,p,2021,05/07/2021 14:20 CDT,97583,27.38,34.84,2.62,7.73,748.64,102519.93
TWB14,Uvalde_2020_02,29.60214,-99.73007,436.7784,6/28/21,p,2021,05/07/2021 14:25 CDT,97576,27.63,30.36,3.085,7.815,749.34,102510.45
TWB14,Uvalde_2020_02,29.60214,-99.73007,436.7784,6/28/21,p,2021,05/07/2021 14:30 CDT,97570,27.34,33.89,2.475,7.815,740.63,102505.61
TWB14,Uvalde_2020_02,29.60214,-99.73007,436.7784,6/28/21,p,2021,05/07/2021 14:35 CDT,97558,27.32,36.69,2.735,8.315,737.48,102496
TWB14,Uvalde_2020_02,29.60214,-99.73007,436.7784,6/28/21,p,2021,05/07/2021 14:40 CDT,97551,27.82,30.32,2.425,7.9,733.7,102483.51
TWB14,Uvalde_2020_02,29.60214,-99.73007,436.7784,6/28/21,p,2021,05/07/2021 14:45 CDT,97545,27.73,33.96,2.385,7.9,728.74,102475.5
TWB14,Uvalde_2020_02,29.60214,-99.73007,436.7784,6/28/21,p,2021,05/07/2021 14:50 CDT,97525,27.92,33.35,2.49,7.9,724.15,102453.49
TWB14,Uvalde_2020_02,29.60214,-99.73007,436.7784,6/28/21,p,2021,05/07/2021 14:55 CDT,97516,28.01,32.48,3.065,7.9,721.4,102441.37
TWB14,Uvalde_2020_02,29.60214,-99.73007,436.7784,6/28/21,p,2021,05/07/2021 15:00 CDT,97509,27.95,36.85,2.525,7.9,712.18,102434.81
TWB14,Uvalde_2020_02,29.60214,-99.73007,436.7784,6/28/21,p,2021,05/07/2021 15:05 CDT,97502,28.21,34.8,2.83,7.9,704.16,102422.31
TWB14,Uvalde_2020_02,29.60214,-99.73007,436.7784,6/28/21,p,2021,05/07/2021 15:10 CDT,97493,28.27,32.17,2.94,7.9,703.35,102411.05
TWB14,Uvalde_2020_02,29.60214,-99.73007,436.7784,6/28/21,p,2021,05/07/2021 15:15 CDT,97488,28.39,29.11,2.58,7.9,698.63,102405.83
TWB14,Uvalde_2020_02,29.60214,-99.73007,436.7784,6/28/21,p,2021,05/07/2021 15:20 CDT,97470,28.27,33.35,3.665,7.9,700.22,102387.21
TWB14,Uvalde_2020_02,29.60214,-99.73007,436.7784,6/28/21,p,2021,05/07/2021 15:25 CDT,97455,28.11,33.79,3.01,7.9,685.22,102374.28
TWB14,Uvalde_2020_02,29.60214,-99.73007,436.7784,6/28/21,p,2021,05/07/2021 15:30 CDT,97441,28.26,32.51,3.155,7.9,676.22,102358.42
TWB14,Uvalde_2020_02,29.60214,-99.73007,436.7784,6/28/21,p,2021,05/07/2021 15:35 CDT,97437,28.64,33.55,2.235,7.9,664.89,102350.55
TWB14,Uvalde_2020_02,29.60214,-99.73007,436.7784,6/28/21,p,2021,05/07/2021 15:40 CDT,97431,28.87,31.9,2.49,7.9,656.36,102339.28
TWB14,Uvalde_2020_02,29.60214,-99.73007,436.7784,6/28/21,p,2021,05/07/2021 15:45 CDT,97423,28.68,29.85,3.385,7.9,653.17,102330.73
TWB14,Uvalde_2020_02,29.60214,-99.73007,436.7784,6/28/21,p,2021,05/07/2021 15:50 CDT,97413,28.39,30.69,3.78,7.9,650.01,102325.2
TWB14,Uvalde_2020_02,29.60214,-99.73007,436.7784,6/28/21,p,2021,05/07/2021 15:55 CDT,97401,28.53,33.65,3.115,7.9,633.22,102312.07
TWB14,Uvalde_2020_02,29.60214,-99.73007,436.7784,6/28/21,p,2021,05/07/2021 16:00 CDT,97391,28.6,30.12,4.125,7.9,633.85,102299.11
TWB14,Uvalde_2020_02,29.60214,-99.73007,436.7784,6/28/21,p,2021,05/07/2021 16:05 CDT,97382,28.47,29.88,3.55,7.9,620.73,102292.48
TWB14,Uvalde_2020_02,29.60214,-99.73007,436.7784,6/28/21,p,2021,05/07/2021 16:10 CDT,97379,28.52,30.05,3.485,7.9,611.04,102288.33
TWB14,Uvalde_2020_02,29.60214,-99.73007,436.7784,6/28/21,p,2021,05/07/2021 16:15 CDT,97363,28.4,33.79,2.51,7.9,594.85,102273.98
TWB14,Uvalde_2020_02,29.60214,-99.73007,436.7784,6/28/21,p,2021,05/07/2021 16:20 CDT,97350,28.89,32.21,3.31,7.9,587.31,102253.87
TWB14,Uvalde_2020_02,29.60214,-99.73007,436.7784,6/28/21,p,2021,05/07/2021 16:25 CDT,97337,28.71,30.62,3.515,7.9,585.27,102241.06
TWB14,Uvalde_2020_02,29.60214,-99.73007,436.7784,6/28/21,p,2021,05/07/2021 16:30 CDT,97325,28.63,31.4,3.855,7.9,572.86,102229.77
TWB14,Uvalde_2020_02,29.60214,-99.73007,436.7784,6/28/21,p,2021,05/07/2021 16:35 CDT,97314,28.62,35.4,3.61,7.9,562.98,102220.16
TWB14,Uvalde_2020_02,29.60214,-99.73007,436.7784,6/28/21,p,2021,05/07/2021 16:40 CDT,97302,28.86,33.59,2.84,7.9,545.33,102204.26
TWB14,Uvalde_2020_02,29.60214,-99.73007,436.7784,6/28/21,p,2021,05/07/2021 16:45 CDT,97291,29.15,32.51,2.17,7.9,532.99,102187.75
TWB14,Uvalde_2020_02,29.60214,-99.73007,436.7784,6/28/21,p,2021,05/07/2021 16:50 CDT,97279,29.42,31.77,3.04,7.9,523.52,102170.37
TWB14,Uvalde_2020_02,29.60214,-99.73007,436.7784,6/28/21,p,2021,05/07/2021 16:55 CDT,97276,29.14,32.58,3.72,7.9,521.13,102170.18
TWB14,Uvalde_2020_02,29.60214,-99.73007,436.7784,6/28/21,p,2021,05/07/2021 17:00 CDT,97257,29.01,33.15,3.67,7.9,505.25,102152.37
TWB14,Uvalde_2020_02,29.60214,-99.73007,436.7784,6/28/21,p,2021,05/07/2021 17:05 CDT,97247,29.12,31.3,3.25,7.9,495.67,102143.54
TWB14,Uvalde_2020_02,29.60214,-99.73007,436.7784,6/28/21,p,2021,05/07/2021 17:10 CDT,97239,29.08,30.02,3.75,7.9,493.46,102133.99
TWB14,Uvalde_2020_02,29.60214,-99.73007,436.7784,6/28/21,p,2021,05/07/2021 17:15 CDT,97230,28.82,31.83,3.71,7.9,340.98,102127.66
TWB14,Uvalde_2020_02,29.60214,-99.73007,436.7784,6/28/21,p,2021,05/07/2021 17:20 CDT,97229,28.47,33.86,3.255,7.9,245.98,102133.71
TWB14,Uvalde_2020_02,29.60214,-99.73007,436.7784,6/28/21,p,2021,05/07/2021 17:25 CDT,97228,28.32,31.97,3.105,7.9,230.81,102136.67
TWB14,Uvalde_2020_02,29.60214,-99.73007,436.7784,6/28/21,p,2021,05/07/2021 17:30 CDT,97224,28.41,30.39,3.525,8.715,375.26,102132.32
TWB14,Uvalde_2020_02,29.60214,-99.73007,436.7784,6/28/21,p,2021,05/07/2021 17:35 CDT,97221,28.49,29.07,3.89,8.715,351.51,102127.69
TWB14,Uvalde_2020_02,29.60214,-99.73007,436.7784,6/28/21,p,2021,05/07/2021 17:40 CDT,97210,28.65,33.62,3.38,8.715,363.28,102114.59
TWB14,Uvalde_2020_02,29.60214,-99.73007,436.7784,6/28/21,p,2021,05/07/2021 17:45 CDT,97202,28.9,29.61,3.12,8.715,404.95,102101.42
TWB14,Uvalde_2020_02,29.60214,-99.73007,436.7784,6/28/21,p,2021,05/07/2021 17:50 CDT,97195,29.11,30.19,2.78,8.715,402.75,102090.42
TWB14,Uvalde_2020_02,29.60214,-99.73007,436.7784,6/28/21,p,2021,05/07/2021 17:55 CDT,97187,28.85,30.96,3.91,9.365,338.04,102083.16
TWB14,Uvalde_2020_02,29.60214,-99.73007,436.7784,6/28/21,p,2021,05/07/2021 18:00 CDT,97179,28.52,29.68,4.43,10.115,191.9,102081.4
TWB14,Uvalde_2020_02,29.60214,-99.73007,436.7784,6/28/21,p,2021,05/07/2021 18:05 CDT,97170,28.46,29.48,3.195,9.95,308.27,102075.27
TWB14,Uvalde_2020_02,29.60214,-99.73007,436.7784,6/28/21,p,2021,05/07/2021 18:10 CDT,97168,28.67,28.94,3.35,9.95,315.41,102069.52
TWB14,Uvalde_2020_02,29.60214,-99.73007,436.7784,6/28/21,p,2021,05/07/2021 18:15 CDT,97160,28.71,29.98,3.415,9.95,281.89,102059.78
TWB14,Uvalde_2020_02,29.60214,-99.73007,436.7784,6/28/21,p,2021,05/07/2021 18:20 CDT,97146,28.49,30.66,4.075,9.95,281.9,102047.72
TWB14,Uvalde_2020_02,29.60214,-99.73007,436.7784,6/28/21,p,2021,05/07/2021 18:25 CDT,97138,28.46,30.66,3.575,9.95,256.76,102041.14
TWB14,Uvalde_2020_02,29.60214,-99.73007,436.7784,6/28/21,p,2021,05/07/2021 18:30 CDT,97137,28.42,32.31,3.935,9.95,263.96,102040.24
TWB14,Uvalde_2020_02,29.60214,-99.73007,436.7784,6/28/21,p,2021,05/07/2021 18:35 CDT,97132,28.33,31.53,3.88,9.95,246.79,102036.49
TWB14,Uvalde_2020_02,29.60214,-99.73007,436.7784,6/28/21,p,2021,05/07/2021 18:40 CDT,97127,28.32,32.04,3.565,9.365,237.14,102032.07
TWB14,Uvalde_2020_02,29.60214,-99.73007,436.7784,6/28/21,p,2021,05/07/2021 18:45 CDT,97117,28.26,32.61,3.835,9.365,219.39,102022.39
TWB14,Uvalde_2020_02,29.60214,-99.73007,436.7784,6/28/21,p,2021,05/07/2021 18:50 CDT,97117,28.22,33.29,3.855,10.03,202.14,102023.54
TWB14,Uvalde_2020_02,29.60214,-99.73007,436.7784,6/28/21,p,2021,05/07/2021 18:55 CDT,97115,28.16,32.51,3.785,9.7,187.14,102021.95
TWB14,Uvalde_2020_02,29.60214,-99.73007,436.7784,6/28/21,p,2021,05/07/2021 19:00 CDT,97106,28.07,32.95,3.44,9.7,173.49,102014.49
TWB14,Uvalde_2020_02,29.60214,-99.73007,436.7784,6/28/21,p,2021,05/07/2021 19:05 CDT,97099,28.1,33.79,2.755,9.7,155.38,102007.29
TWB14,Uvalde_2020_02,29.60214,-99.73007,436.7784,6/28/21,p,2021,05/07/2021 19:10 CDT,97099,28.12,32.95,3.485,9.7,143.48,102006.97
TWB14,Uvalde_2020_02,29.60214,-99.73007,436.7784,6/28/21,p,2021,05/07/2021 19:15 CDT,97094,27.98,32.78,3.76,8.985,131.48,102003.55
TWB14,Uvalde_2020_02,29.60214,-99.73007,436.7784,6/28/21,p,2021,05/07/2021 19:20 CDT,97088,27.85,34.33,2.8,8.985,116.7,101999.56
TWB14,Uvalde_2020_02,29.60214,-99.73007,436.7784,6/28/21,p,2021,05/07/2021 19:25 CDT,97079,27.75,34.67,2.955,8.985,104.53,101992.44
TWB14,Uvalde_2020_02,29.60214,-99.73007,436.7784,6/28/21,p,2021,05/07/2021 19:30 CDT,97071,27.66,34.23,3.41,8.985,92.19,101985.37
TWB14,Uvalde_2020_02,29.60214,-99.73007,436.7784,6/28/21,p,2021,05/07/2021 19:35 CDT,97067,27.52,34.94,3.22,8.315,80.72,101983.83
TWB14,Uvalde_2020_02,29.60214,-99.73007,436.7784,6/28/21,p,2021,05/07/2021 19:40 CDT,97067,27.42,34.94,2.825,8.315,68.28,101985.84
TWB14,Uvalde_2020_02,29.60214,-99.73007,436.7784,6/28/21,p,2021,05/07/2021 19:45 CDT,97062,27.29,35.41,2.895,8.315,49.04,101982.92
TWB14,Uvalde_2020_02,29.60214,-99.73007,436.7784,6/28/21,p,2021,05/07/2021 19:50 CDT,97054,27.15,35.75,3.45,8.235,25.39,101976.86
TWB14,Uvalde_2020_02,29.60214,-99.73007,436.7784,6/28/21,p,2021,05/07/2021 19:55 CDT,97054,27.03,36.36,3.3,8.235,18.17,101979.2
TWB14,Uvalde_2020_02,29.60214,-99.73007,436.7784,6/28/21,p,2021,05/07/2021 20:00 CDT,97054,26.86,37.37,3.06,8.235,12.96,101981.7
TWB14,Uvalde_2020_02,29.60214,-99.73007,436.7784,6/28/21,p,2021,05/07/2021 20:05 CDT,97047,26.71,38.28,3.005,8.235,8.43,101976.86
TWB14,Uvalde_2020_02,29.60214,-99.73007,436.7784,6/28/21,p,2021,05/07/2021 20:10 CDT,97051,26.54,38.86,2.7,8.235,5.46,101984.08
TWB14,Uvalde_2020_02,29.60214,-99.73007,436.7784,6/28/21,p,2021,05/07/2021 20:15 CDT,97058,26.44,39.33,3.325,8.235,2.66,101993.46
TWB14,Uvalde_2020_02,29.60214,-99.73007,436.7784,6/28/21,p,2021,05/07/2021 20:20 CDT,97066,26.34,39.83,2.8,8.235,1.49,102003.54
TWB14,Uvalde_2020_02,29.60214,-99.73007,436.7784,6/28/21,p,2021,05/07/2021 20:25 CDT,97061,26.23,40.41,2.845,8.235,0.41,102000.47
TWB14,Uvalde_2020_02,29.60214,-99.73007,436.7784,6/28/21,p,2021,05/07/2021 20:30 CDT,97064,26.13,40.88,2.6,8.235,0.14,102005.48
TWB14,Uvalde_2020_02,29.60214,-99.73007,436.7784,6/28/21,p,2021,05/07/2021 20:35 CDT,97069,26.02,41.56,2.835,8.235,0,102012.25
TWB14,Uvalde_2020_02,29.60214,-99.73007,436.7784,6/28/21,p,2021,05/07/2021 20:40 CDT,97074,25.9,42.7,2.34,8.235,0,102019.69
TWB14,Uvalde_2020_02,29.60214,-99.73007,436.7784,6/28/21,p,2021,05/07/2021 20:45 CDT,97084,25.83,43.55,2.86,8.235,0,102031.54
TWB14,Uvalde_2020_02,29.60214,-99.73007,436.7784,6/28/21,p,2021,05/07/2021 20:50 CDT,97088,25.76,43.72,2.795,8.235,0,102036.76
TWB14,Uvalde_2020_02,29.60214,-99.73007,436.7784,6/28/21,p,2021,05/07/2021 20:55 CDT,97104,25.72,43.92,2.91,8.235,0,102054.59
TWB14,Uvalde_2020_02,29.60214,-99.73007,436.7784,6/28/21,p,2021,05/07/2021 21:00 CDT,97113,25.57,45,2.595,8.235,0.02,102065.9
TWB14,Uvalde_2020_02,29.60214,-99.73007,436.7784,6/28/21,p,2021,05/07/2021 21:05 CDT,97118,25.42,44.5,2.7,8.235,0,102074.22
TWB14,Uvalde_2020_02,29.60214,-99.73007,436.7784,6/28/21,p,2021,05/07/2021 21:10 CDT,97118,25.43,43.66,3.415,8.235,0,102074.73
TWB14,Uvalde_2020_02,29.60214,-99.73007,436.7784,6/28/21,p,2021,05/07/2021 21:15 CDT,97125,25.46,42.88,3.295,8.235,0,102081.25
TWB14,Uvalde_2020_02,29.60214,-99.73007,436.7784,6/28/21,p,2021,05/07/2021 21:20 CDT,97133,25.37,43.02,3.655,8.9,0,102090.84
TWB14,Uvalde_2020_02,29.60214,-99.73007,436.7784,6/28/21,p,2021,05/07/2021 21:25 CDT,97143,25.25,43.05,3.105,8.9,0,102102.71
TWB14,Uvalde_2020_02,29.60214,-99.73007,436.7784,6/28/21,p,2021,05/07/2021 21:30 CDT,97146,25.18,42.98,3.405,8.9,0,102107.4
TWB14,Uvalde_2020_02,29.60214,-99.73007,436.7784,6/28/21,p,2021,05/07/2021 21:35 CDT,97142,25.08,43.15,3.58,8.9,0,102104.89
TWB14,Uvalde_2020_02,29.60214,-99.73007,436.7784,6/28/21,p,2021,05/07/2021 21:40 CDT,97145,25.03,43.59,3.73,8.9,0,102108.89
TWB14,Uvalde_2020_02,29.60214,-99.73007,436.7784,6/28/21,p,2021,05/07/2021 21:45 CDT,97148,24.92,44.5,3.155,8.9,0,102113.4
TWB14,Uvalde_2020_02,29.60214,-99.73007,436.7784,6/28/21,p,2021,05/07/2021 21:50 CDT,97160,24.78,45.01,3.54,8.9,0,102128.56
TWB14,Uvalde_2020_02,29.60214,-99.73007,436.7784,6/28/21,p,2021,05/07/2021 21:55 CDT,97174,24.68,46.09,3.005,8.9,0.07,102144.8
TWB14,Uvalde_2020_02,29.60214,-99.73007,436.7784,6/28/21,p,2021,05/07/2021 22:00 CDT,97179,24.6,46.43,3.41,8.9,0,102151.59
TWB14,Uvalde_2020_02,29.60214,-99.73007,436.7784,6/28/21,p,2021,05/07/2021 22:05 CDT,97190,24.51,46.87,4.215,8.9,0,102164.69
TWB14,Uvalde_2020_02,29.60214,-99.73007,436.7784,6/28/21,p,2021,05/07/2021 22:10 CDT,97193,24.45,47.58,3.39,8.735,0,102168.69
TWB14,Uvalde_2020_02,29.60214,-99.73007,436.7784,6/28/21,p,2021,05/07/2021 22:15 CDT,97196,24.27,48.76,3.24,8.735,0,102174.23
TWB14,Uvalde_2020_02,29.60214,-99.73007,436.7784,6/28/21,p,2021,05/07/2021 22:20 CDT,97205,24.15,49.84,3.51,8.315,0,102186.25
TWB14,Uvalde_2020_02,29.60214,-99.73007,436.7784,6/28/21,p,2021,05/07/2021 22:25 CDT,97210,24.01,50.95,3.24,8.315,0,102193.38
TWB14,Uvalde_2020_02,29.60214,-99.73007,436.7784,6/28/21,p,2021,05/07/2021 22:30 CDT,97210,23.8,52.77,3.025,8.315,0.04,102196.8
TWB14,Uvalde_2020_02,29.60214,-99.73007,436.7784,6/28/21,p,2021,05/07/2021 22:35 CDT,97202,23.65,54.59,3.615,8.315,0,102191.12
TWB14,Uvalde_2020_02,29.60214,-99.73007,436.7784,6/28/21,p,2021,05/07/2021 22:40 CDT,97192,23.54,55.2,4.12,8.985,0,102182.67
TWB14,Uvalde_2020_02,29.60214,-99.73007,436.7784,6/28/21,p,2021,05/07/2021 22:45 CDT,97208,23.37,56.01,3.24,8.815,0.02,102202.06
TWB14,Uvalde_2020_02,29.60214,-99.73007,436.7784,6/28/21,p,2021,05/07/2021 22:50 CDT,97215,23.21,56.82,2.605,8.815,0.06,102212.17
TWB14,Uvalde_2020_02,29.60214,-99.73007,436.7784,6/28/21,p,2021,05/07/2021 22:55 CDT,97227,23.06,57.83,3.495,8.9,0.01,102227.72
TWB14,Uvalde_2020_02,29.60214,-99.73007,436.7784,6/28/21,p,2021,05/07/2021 23:00 CDT,97246,22.99,58.87,3.505,8.485,0,102248.89
TWB14,Uvalde_2020_02,29.60214,-99.73007,436.7784,6/28/21,p,2021,05/07/2021 23:05 CDT,97264,22.88,59.41,3.66,8.485,0,102269.72
TWB14,Uvalde_2020_02,29.60214,-99.73007,436.7784,6/28/21,p,2021,05/07/2021 23:10 CDT,97264,22.72,60.52,2.94,8.485,0.02,102272.3
TWB14,Uvalde_2020_02,29.60214,-99.73007,436.7784,6/28/21,p,2021,05/07/2021 23:15 CDT,97265,22.6,61.13,2.815,8.485,0,102275.6
TWB14,Uvalde_2020_02,29.60214,-99.73007,436.7784,6/28/21,p,2021,05/07/2021 23:20 CDT,97278,22.47,61.6,3.37,8.485,0,102291.7
TWB14,Uvalde_2020_02,29.60214,-99.73007,436.7784,6/28/21,p,2021,05/07/2021 23:25 CDT,97293,22.37,62.21,4.09,8.485,0,102308.68
TWB14,Uvalde_2020_02,29.60214,-99.73007,436.7784,6/28/21,p,2021,05/07/2021 23:30 CDT,97302,22.2,63.16,3.335,8.485,0,102320.91
TWB14,Uvalde_2020_02,29.60214,-99.73007,436.7784,6/28/21,p,2021,05/07/2021 23:35 CDT,97316,22.03,64.5,2.71,8.485,0.07,102338.23
TWB14,Uvalde_2020_02,29.60214,-99.73007,436.7784,6/28/21,p,2021,05/07/2021 23:40 CDT,97318,21.89,65.04,3.14,8.485,0,102343.64
TWB14,Uvalde_2020_02,29.60214,-99.73007,436.7784,6/28/21,p,2021,05/07/2021 23:45 CDT,97325,21.79,65.75,2.69,8.485,0,102352.39
TWB14,Uvalde_2020_02,29.60214,-99.73007,436.7784,6/28/21,p,2021,05/07/2021 23:50 CDT,97332,21.7,66.06,2.68,8.485,0,102361.84
TWB14,Uvalde_2020_02,29.60214,-99.73007,436.7784,6/28/21,p,2021,05/07/2021 23:55 CDT,97329,21.57,66.8,2.45,8.485,0,102360.43
TWB14,Uvalde_2020_02,29.60214,-99.73007,436.7784,6/28/21,p,2021,05/08/2021 00:00 CDT,97332,21.48,67.88,3.345,8.485,0,102365.32
TWB14,Uvalde_2020_02,29.60214,-99.73007,436.7784,6/28/21,p,2021,05/08/2021 00:05 CDT,97334,21.37,68.66,2.88,8.065,0,102369.52
TWB14,Uvalde_2020_02,29.60214,-99.73007,436.7784,6/28/21,p,2021,05/08/2021 00:10 CDT,97328,21.28,69.37,3.405,8.065,0,102364.6
TWB14,Uvalde_2020_02,29.60214,-99.73007,436.7784,6/28/21,p,2021,05/08/2021 00:15 CDT,97326,21.15,70.18,2.595,8.065,0.03,102364.77
TWB14,Uvalde_2020_02,29.60214,-99.73007,436.7784,6/28/21,p,2021,05/08/2021 00:20 CDT,97324,21.03,70.92,3.195,8.065,0,102364.76
TWB14,Uvalde_2020_02,29.60214,-99.73007,436.7784,6/28/21,p,2021,05/08/2021 00:25 CDT,97324,20.97,71.49,3.505,8.065,0,102365.81
TWB14,Uvalde_2020_02,29.60214,-99.73007,436.7784,6/28/21,p,2021,05/08/2021 00:30 CDT,97323,20.86,72.4,2.675,8.065,0,102366.51
TWB14,Uvalde_2020_02,29.60214,-99.73007,436.7784,6/28/21,p,2021,05/08/2021 00:35 CDT,97316,20.74,73.01,3.425,8.065,0,102361.42
TWB14,Uvalde_2020_02,29.60214,-99.73007,436.7784,6/28/21,p,2021,05/08/2021 00:40 CDT,97314,20.67,73.75,3.27,8.065,0,102360.54
TWB14,Uvalde_2020_02,29.60214,-99.73007,436.7784,6/28/21,p,2021,05/08/2021 00:45 CDT,97307,20.57,74.49,2.99,8.065,0,102354.75
TWB14,Uvalde_2020_02,29.60214,-99.73007,436.7784,6/28/21,p,2021,05/08/2021 00:50 CDT,97317,20.48,75.3,2.64,8.065,0,102366.85
TWB14,Uvalde_2020_02,29.60214,-99.73007,436.7784,6/28/21,p,2021,05/08/2021 00:55 CDT,97325,20.37,76.15,1.995,8.065,0.01,102376.84
TWB14,Uvalde_2020_02,29.60214,-99.73007,436.7784,6/28/21,p,2021,05/08/2021 01:00 CDT,97321,20.25,76.86,1.96,8.065,0,102375.1
TWB14,Uvalde_2020_02,29.60214,-99.73007,436.7784,6/28/21,p,2021,05/08/2021 01:05 CDT,97301,20.15,77.7,2.43,8.065,0,102355.99
TWB14,Uvalde_2020_02,29.60214,-99.73007,436.7784,6/28/21,p,2021,05/08/2021 01:10 CDT,97287,20.04,78.55,2.16,8.065,0,102343.2
TWB14,Uvalde_2020_02,29.60214,-99.73007,436.7784,6/28/21,p,2021,05/08/2021 01:15 CDT,97276,19.97,78.96,3.325,8.065,0,102333.39
TWB14,Uvalde_2020_02,29.60214,-99.73007,436.7784,6/28/21,p,2021,05/08/2021 01:20 CDT,97262,19.91,79.56,2.665,7.985,0,102319.36
TWB14,Uvalde_2020_02,29.60214,-99.73007,436.7784,6/28/21,p,2021,05/08/2021 01:25 CDT,97248,19.85,80.1,2.36,7.985,0,102305.51
TWB14,Uvalde_2020_02,29.60214,-99.73007,436.7784,6/28/21,p,2021,05/08/2021 01:30 CDT,97237,19.77,80.5,2.335,7.985,0,102295.17
TWB14,Uvalde_2020_02,29.60214,-99.73007,436.7784,6/28/21,p,2021,05/08/2021 01:35 CDT,97224,19.71,81.1,2.955,7.985,0,102282.73
TWB14,Uvalde_2020_02,29.60214,-99.73007,436.7784,6/28/21,p,2021,05/08/2021 01:40 CDT,97216,19.67,81.6,2.61,7.985,0,102275.02
TWB14,Uvalde_2020_02,29.60214,-99.73007,436.7784,6/28/21,p,2021,05/08/2021 01:45 CDT,97203,19.64,81.7,3.74,7.985,0,102262.23
TWB14,Uvalde_2020_02,29.60214,-99.73007,436.7784,6/28/21,p,2021,05/08/2021 01:50 CDT,97191,19.64,82.1,3.515,7.985,0,102249.24
TWB14,Uvalde_2020_02,29.60214,-99.73007,436.7784,6/28/21,p,2021,05/08/2021 01:55 CDT,97172,19.59,82.6,3.115,7.985,0,102229.78
TWB14,Uvalde_2020_02,29.60214,-99.73007,436.7784,6/28/21,p,2021,05/08/2021 02:00 CDT,97165,19.55,83,3.565,7.985,0,102222.95
TWB14,Uvalde_2020_02,29.60214,-99.73007,436.7784,6/28/21,p,2021,05/08/2021 02:05 CDT,97156,19.47,83.3,2.69,7.985,0,102214.89
TWB14,Uvalde_2020_02,29.60214,-99.73007,436.7784,6/28/21,p,2021,05/08/2021 02:10 CDT,97166,19.4,83.7,2.42,7.985,0,102226.82
TWB14,Uvalde_2020_02,29.60214,-99.73007,436.7784,6/28/21,p,2021,05/08/2021 02:15 CDT,97167,19.39,83.7,2.62,7.985,0,102228.58
TWB14,Uvalde_2020_02,29.60214,-99.73007,436.7784,6/28/21,p,2021,05/08/2021 02:20 CDT,97145,19.39,84,2.76,7.985,0,102205.44
TWB14,Uvalde_2020_02,29.60214,-99.73007,436.7784,6/28/21,p,2021,05/08/2021 02:25 CDT,97124,19.34,84.3,2.645,7.985,0,102183.87
TWB14,Uvalde_2020_02,29.60214,-99.73007,436.7784,6/28/21,p,2021,05/08/2021 02:30 CDT,97098,19.31,84.5,2.66,7.985,0,102156.69
TWB14,Uvalde_2020_02,29.60214,-99.73007,436.7784,6/28/21,p,2021,05/08/2021 02:35 CDT,97108,19.28,85,2.3,7.985,0,102167.21
TWB14,Uvalde_2020_02,29.60214,-99.73007,436.7784,6/28/21,p,2021,05/08/2021 02:40 CDT,97115,19.28,85.2,3.21,7.985,0,102174.57
TWB14,Uvalde_2020_02,29.60214,-99.73007,436.7784,6/28/21,p,2021,05/08/2021 02:45 CDT,97101,19.28,85.2,2.72,7.985,0,102159.84
TWB14,Uvalde_2020_02,29.60214,-99.73007,436.7784,6/28/21,p,2021,05/08/2021 02:50 CDT,97111,19.29,85.3,2.755,7.985,0,102170.36
TWB14,Uvalde_2020_02,29.60214,-99.73007,436.7784,6/28/21,p,2021,05/08/2021 02:55 CDT,97116,19.28,85.6,3.14,7.985,0,102175.62
TWB14,Uvalde_2020_02,29.60214,-99.73007,436.7784,6/28/21,p,2021,05/08/2021 03:00 CDT,97104,19.26,85.9,4.12,8.735,0,102163
TWB14,Uvalde_2020_02,29.60214,-99.73007,436.7784,6/28/21,p,2021,05/08/2021 03:05 CDT,97101,19.24,86.1,3.195,8.315,0,102160.37
TWB14,Uvalde_2020_02,29.60214,-99.73007,436.7784,6/28/21,p,2021,05/08/2021 03:10 CDT,97093,19.22,86.3,3.98,8.485,0,102152.13
TWB14,Uvalde_2020_02,29.60214,-99.73007,436.7784,6/28/21,p,2021,05/08/2021 03:15 CDT,97087,19.21,86.3,3.19,8.485,0,102146.17
TWB14,Uvalde_2020_02,29.60214,-99.73007,436.7784,6/28/21,p,2021,05/08/2021 03:20 CDT,97086,19.22,86.4,3.515,8.485,0,102145.12
TWB14,Uvalde_2020_02,29.60214,-99.73007,436.7784,6/28/21,p,2021,05/08/2021 03:25 CDT,97081,19.23,86.4,2.87,8.485,0,102139.5
TWB14,Uvalde_2020_02,29.60214,-99.73007,436.7784,6/28/21,p,2021,05/08/2021 03:30 CDT,97075,19.27,86.4,3.325,8.485,0,102132.66
TWB14,Uvalde_2020_02,29.60214,-99.73007,436.7784,6/28/21,p,2021,05/08/2021 03:35 CDT,97083,19.28,86.6,3.54,8.485,0,102140.9
TWB14,Uvalde_2020_02,29.60214,-99.73007,436.7784,6/28/21,p,2021,05/08/2021 03:40 CDT,,19.27,86.6,2.885,8.485,0,
TWB14,Uvalde_2020_02,29.60214,-99.73007,436.7784,6/28/21,p,2021,05/08/2021 03:45 CDT,97066,19.26,86.9,3.12,8.485,0,102123.01
TWB14,Uvalde_2020_02,29.60214,-99.73007,436.7784,6/28/21,p,2021,05/08/2021 03:50 CDT,97062,19.25,87.1,3.26,8.485,0,102118.8
TWB14,Uvalde_2020_02,29.60214,-99.73007,436.7784,6/28/21,p,2021,05/08/2021 03:55 CDT,97066,19.24,87.2,2.43,8.485,0,102123.18
TWB14,Uvalde_2020_02,29.60214,-99.73007,436.7784,6/28/21,p,2021,05/08/2021 04:00 CDT,97083,19.23,87.4,2.76,8.485,0,102141.25
TWB14,Uvalde_2020_02,29.60214,-99.73007,436.7784,6/28/21,p,2021,05/08/2021 04:05 CDT,97087,19.22,87.4,2.635,8.485,0,102145.63
TWB14,Uvalde_2020_02,29.60214,-99.73007,436.7784,6/28/21,p,2021,05/08/2021 04:10 CDT,97088,19.19,87.6,2.795,8.485,0,102147.21
TWB14,Uvalde_2020_02,29.60214,-99.73007,436.7784,6/28/21,p,2021,05/08/2021 04:15 CDT,97093,19.18,87.7,2.35,8.485,0,102152.65
TWB14,Uvalde_2020_02,29.60214,-99.73007,436.7784,6/28/21,p,2021,05/08/2021 04:20 CDT,97096,19.2,87.7,2.195,8.485,0,102155.63
TWB14,Uvalde_2020_02,29.60214,-99.73007,436.7784,6/28/21,p,2021,05/08/2021 04:25 CDT,97087,19.21,87.2,2.735,8.485,0,102146.16
TWB14,Uvalde_2020_02,29.60214,-99.73007,436.7784,6/28/21,p,2021,05/08/2021 04:30 CDT,97086,19.22,87.2,2.765,8.485,0,102145.11
TWB14,Uvalde_2020_02,29.60214,-99.73007,436.7784,6/28/21,p,2021,05/08/2021 04:35 CDT,97085,19.24,86.7,2.535,8.485,0,102143.71
TWB14,Uvalde_2020_02,29.60214,-99.73007,436.7784,6/28/21,p,2021,05/08/2021 04:40 CDT,97088,19.27,86.6,2.2,8.485,0,102146.33
TWB14,Uvalde_2020_02,29.60214,-99.73007,436.7784,6/28/21,p,2021,05/08/2021 04:45 CDT,97087,19.29,85.6,3.25,8.485,0,102145.11
TWB14,Uvalde_2020_02,29.60214,-99.73007,436.7784,6/28/21,p,2021,05/08/2021 04:50 CDT,97089,19.31,85.4,2.875,8.485,0,102147.22
TWB14,Uvalde_2020_02,29.60214,-99.73007,436.7784,6/28/21,p,2021,05/08/2021 04:55 CDT,97088,19.3,85.2,2.24,8.485,0.03,102146.17
TWB14,Uvalde_2020_02,29.60214,-99.73007,436.7784,6/28/21,p,2021,05/08/2021 05:00 CDT,97080,19.27,84.8,2.52,8.485,0,102138.11
TWB14,Uvalde_2020_02,29.60214,-99.73007,436.7784,6/28/21,p,2021,05/08/2021 05:05 CDT,97063,19.22,85,2.72,8.485,0,102121.1
TWB14,Uvalde_2020_02,29.60214,-99.73007,436.7784,6/28/21,p,2021,05/08/2021 05:10 CDT,97047,19.16,84.8,2.37,8.485,0.06,102105.51
TWB14,Uvalde_2020_02,29.60214,-99.73007,436.7784,6/28/21,p,2021,05/08/2021 05:15 CDT,97049,19.12,84,2.495,8.485,0,102108.68
TWB14,Uvalde_2020_02,29.60214,-99.73007,436.7784,6/28/21,p,2021,05/08/2021 05:20 CDT,97048,19.13,84.1,2.97,8.485,0,102108.16
TWB14,Uvalde_2020_02,29.60214,-99.73007,436.7784,6/28/21,p,2021,05/08/2021 05:25 CDT,97050,19.11,83.9,3.14,8.485,0,102110.09
TWB14,Uvalde_2020_02,29.60214,-99.73007,436.7784,6/28/21,p,2021,05/08/2021 05:30 CDT,97058,19.11,83.7,3.43,8.485,0,102118.33
TWB14,Uvalde_2020_02,29.60214,-99.73007,436.7784,6/28/21,p,2021,05/08/2021 05:35 CDT,97062,19.1,83.6,3.22,8.485,0,102122.54
TWB14,Uvalde_2020_02,29.60214,-99.73007,436.7784,6/28/21,p,2021,05/08/2021 05:40 CDT,97062,19.08,83.5,2.925,8.485,0,102122.89
TWB14,Uvalde_2020_02,29.60214,-99.73007,436.7784,6/28/21,p,2021,05/08/2021 05:45 CDT,97066,19.07,83.1,2.965,8.485,0,102127.46
TWB14,Uvalde_2020_02,29.60214,-99.73007,436.7784,6/28/21,p,2021,05/08/2021 05:50 CDT,97074,19.07,83.1,3.085,8.485,0,102136.05
TWB14,Uvalde_2020_02,29.60214,-99.73007,436.7784,6/28/21,p,2021,05/08/2021 05:55 CDT,97091,19.06,83.3,1.615,8.485,0,102153.76
TWB14,Uvalde_2020_02,29.60214,-99.73007,436.7784,6/28/21,p,2021,05/08/2021 06:00 CDT,97096,19.04,83.6,1.765,8.485,0,102159.2
TWB14,Uvalde_2020_02,29.60214,-99.73007,436.7784,6/28/21,p,2021,05/08/2021 06:05 CDT,97104,19.05,83.7,1.88,8.485,0,102167.79
TWB14,Uvalde_2020_02,29.60214,-99.73007,436.7784,6/28/21,p,2021,05/08/2021 06:10 CDT,97099,19.03,84.1,1.575,8.485,0,102162.53
TWB14,Uvalde_2020_02,29.60214,-99.73007,436.7784,6/28/21,p,2021,05/08/2021 06:15 CDT,97089,19.03,84.5,1.77,8.485,0,102152
TWB14,Uvalde_2020_02,29.60214,-99.73007,436.7784,6/28/21,p,2021,05/08/2021 06:20 CDT,97083,19.01,84.8,1.465,8.485,0,102145.69
TWB14,Uvalde_2020_02,29.60214,-99.73007,436.7784,6/28/21,p,2021,05/08/2021 06:25 CDT,97077,19.01,85.2,1.38,8.485,0,102139.37
TWB14,Uvalde_2020_02,29.60214,-99.73007,436.7784,6/28/21,p,2021,05/08/2021 06:30 CDT,97064,19.03,85.5,1.72,8.485,0,102125.69
TWB14,Uvalde_2020_02,29.60214,-99.73007,436.7784,6/28/21,p,2021,05/08/2021 06:35 CDT,97064,19.1,85.7,1.76,8.485,0,102125.16
TWB14,Uvalde_2020_02,29.60214,-99.73007,436.7784,6/28/21,p,2021,05/08/2021 06:40 CDT,97078,19.21,85.6,2.24,8.485,0,102138.47
TWB14,Uvalde_2020_02,29.60214,-99.73007,436.7784,6/28/21,p,2021,05/08/2021 06:45 CDT,97087,19.29,85.4,1.15,8.485,0,102145.82
TWB14,Uvalde_2020_02,29.60214,-99.73007,436.7784,6/28/21,p,2021,05/08/2021 06:50 CDT,97095,19.31,85.6,0.735,8.485,0,102153.53
TWB14,Uvalde_2020_02,29.60214,-99.73007,436.7784,6/28/21,p,2021,05/08/2021 06:55 CDT,97090,19.34,85.7,1.33,8.485,0.18,102147.91
TWB14,Uvalde_2020_02,29.60214,-99.73007,436.7784,6/28/21,p,2021,05/08/2021 07:00 CDT,97087,19.42,85.6,1.475,8.485,1.07,102143.52
TWB14,Uvalde_2020_02,29.60214,-99.73007,436.7784,6/28/21,p,2021,05/08/2021 07:05 CDT,97087,19.5,85.3,1.49,8.485,1.56,102142.11
TWB14,Uvalde_2020_02,29.60214,-99.73007,436.7784,6/28/21,p,2021,05/08/2021 07:10 CDT,97070,19.55,85.6,1.925,8.485,3.86,102122.98
TWB14,Uvalde_2020_02,29.60214,-99.73007,436.7784,6/28/21,p,2021,05/08/2021 07:15 CDT,97074,19.61,85.6,1.88,8.485,6.96,102126.49
TWB14,Uvalde_2020_02,29.60214,-99.73007,436.7784,6/28/21,p,2021,05/08/2021 07:20 CDT,97076,19.67,85.6,1.435,8.485,8.97,102127.53
TWB14,Uvalde_2020_02,29.60214,-99.73007,436.7784,6/28/21,p,2021,05/08/2021 07:25 CDT,97073,19.73,85.6,1.72,8.485,8.69,102123.14
TWB14,Uvalde_2020_02,29.60214,-99.73007,436.7784,6/28/21,p,2021,05/08/2021 07:30 CDT,97086,19.77,85.7,2.06,8.485,14.7,102135.93
TWB14,Uvalde_2020_02,29.60214,-99.73007,436.7784,6/28/21,p,2021,05/08/2021 07:35 CDT,97085,19.84,85.8,2.675,8.485,20.81,102133.65
TWB14,Uvalde_2020_02,29.60214,-99.73007,436.7784,6/28/21,p,2021,05/08/2021 07:40 CDT,97077,19.87,86,2.515,8.485,30.26,102124.7
TWB14,Uvalde_2020_02,29.60214,-99.73007,436.7784,6/28/21,p,2021,05/08/2021 07:45 CDT,97083,19.92,86,2.695,8.485,31.59,102130.13
TWB14,Uvalde_2020_02,29.60214,-99.73007,436.7784,6/28/21,p,2021,05/08/2021 07:50 CDT,97086,19.98,86,1.745,8.485,35.01,102131.88
TWB14,Uvalde_2020_02,29.60214,-99.73007,436.7784,6/28/21,p,2021,05/08/2021 07:55 CDT,97088,20.06,86,1.855,8.485,44.65,102132.4
TWB14,Uvalde_2020_02,29.60214,-99.73007,436.7784,6/28/21,p,2021,05/08/2021 08:00 CDT,97087,20.09,86.2,2.245,8.485,29.45,102130.64
TWB14,Uvalde_2020_02,29.60214,-99.73007,436.7784,6/28/21,p,2021,05/08/2021 08:05 CDT,97083,20.14,86.4,2.15,8.485,42.56,102125.73
TWB14,Uvalde_2020_02,29.60214,-99.73007,436.7784,6/28/21,p,2021,05/08/2021 08:10 CDT,97078,20.19,86.3,2.84,8.485,55.8,102119.42
TWB14,Uvalde_2020_02,29.60214,-99.73007,436.7784,6/28/21,p,2021,05/08/2021 08:15 CDT,97074,20.23,86.4,3.09,8.485,41.46,102114.5
TWB14,Uvalde_2020_02,29.60214,-99.73007,436.7784,6/28/21,p,2021,05/08/2021 08:20 CDT,97068,20.3,86.4,2.67,8.485,49.97,102106.96
TWB14,Uvalde_2020_02,29.60214,-99.73007,436.7784,6/28/21,p,2021,05/08/2021 08:25 CDT,97057,20.37,86.3,3.06,8.485,55.94,102094.34
TWB14,Uvalde_2020_02,29.60214,-99.73007,436.7784,6/28/21,p,2021,05/08/2021 08:30 CDT,97054,20.5,85.7,2.625,8.485,79.77,102089.26
TWB14,Uvalde_2020_02,29.60214,-99.73007,436.7784,6/28/21,p,2021,05/08/2021 08:35 CDT,97056,20.62,85.4,2.485,8.485,71.04,102088.73
TWB14,Uvalde_2020_02,29.60214,-99.73007,436.7784,6/28/21,p,2021,05/08/2021 08:40 CDT,97062,20.68,85.2,3.08,8.485,60.65,102093.82
TWB14,Uvalde_2020_02,29.60214,-99.73007,436.7784,6/28/21,p,2021,05/08/2021 08:45 CDT,97072,20.74,85.4,2.315,8.485,62.54,102103.46
TWB14,Uvalde_2020_02,29.60214,-99.73007,436.7784,6/28/21,p,2021,05/08/2021 08:50 CDT,97079,20.78,85.8,2.4,8.485,59.92,102109.42
TWB14,Uvalde_2020_02,29.60214,-99.73007,436.7784,6/28/21,p,2021,05/08/2021 08:55 CDT,97084,20.84,85.4,2.13,8.485,52.32,102113.81
TWB14,Uvalde_2020_02,29.60214,-99.73007,436.7784,6/28/21,p,2021,05/08/2021 09:00 CDT,97094,20.88,85.1,2.89,8.485,77.95,102123.8
TWB14,Uvalde_2020_02,29.60214,-99.73007,436.7784,6/28/21,p,2021,05/08/2021 09:05 CDT,97109,20.95,84.4,2.825,7.73,63.23,102138.71
TWB14,Uvalde_2020_02,29.60214,-99.73007,436.7784,6/28/21,p,2021,05/08/2021 09:10 CDT,97111,20.97,84.3,2.49,7.73,71.02,102140.29
TWB14,Uvalde_2020_02,29.60214,-99.73007,436.7784,6/28/21,p,2021,05/08/2021 09:15 CDT,97110,21,84.3,2.73,7.73,81.58,102138.54
TWB14,Uvalde_2020_02,29.60214,-99.73007,436.7784,6/28/21,p,2021,05/08/2021 09:20 CDT,97109,21.11,84.4,1.99,7.73,134.22,102135.74
TWB14,Uvalde_2020_02,29.60214,-99.73007,436.7784,6/28/21,p,2021,05/08/2021 09:25 CDT,97109,21.33,82.5,2.28,7.73,156.07,102131.74
TWB14,Uvalde_2020_02,29.60214,-99.73007,436.7784,6/28/21,p,2021,05/08/2021 09:30 CDT,97107,21.4,82.6,2.97,7.73,124.33,102127.54
TWB14,Uvalde_2020_02,29.60214,-99.73007,436.7784,6/28/21,p,2021,05/08/2021 09:35 CDT,97102,21.4,82.4,2.96,7.73,123.4,102122.11
TWB14,Uvalde_2020_02,29.60214,-99.73007,436.7784,6/28/21,p,2021,05/08/2021 09:40 CDT,97099,21.44,81.7,3.05,7.73,179.95,102118.61
TWB14,Uvalde_2020_02,29.60214,-99.73007,436.7784,6/28/21,p,2021,05/08/2021 09:45 CDT,97093,21.58,81.1,3.15,7.73,147.95,102109.86
TWB14,Uvalde_2020_02,29.60214,-99.73007,436.7784,6/28/21,p,2021,05/08/2021 09:50 CDT,97087,21.6,82.1,2.695,7.73,170.58,102102.68
TWB14,Uvalde_2020_02,29.60214,-99.73007,436.7784,6/28/21,p,2021,05/08/2021 09:55 CDT,97080,21.69,80.9,3.055,7.73,167.52,102093.93
TWB14,Uvalde_2020_02,29.60214,-99.73007,436.7784,6/28/21,p,2021,05/08/2021 10:00 CDT,97075,21.7,80.7,3.285,7.73,216.83,102088.33
TWB14,Uvalde_2020_02,29.60214,-99.73007,436.7784,6/28/21,p,2021,05/08/2021 10:05 CDT,97070,21.83,80.5,3.48,7.73,185.13,102080.47
TWB14,Uvalde_2020_02,29.60214,-99.73007,436.7784,6/28/21,p,2021,05/08/2021 10:10 CDT,97068,21.86,80.3,3.335,7.73,200.62,102078.19
TWB14,Uvalde_2020_02,29.60214,-99.73007,436.7784,6/28/21,p,2021,05/08/2021 10:15 CDT,97054,22.1,79.81,3.3,7.73,323.59,102060.17
TWB14,Uvalde_2020_02,29.60214,-99.73007,436.7784,6/28/21,p,2021,05/08/2021 10:20 CDT,97038,22.65,76.77,2.415,7.73,324.09,102035.24
TWB14,Uvalde_2020_02,29.60214,-99.73007,436.7784,6/28/21,p,2021,05/08/2021 10:25 CDT,97045,22.79,76.03,3.245,8.815,342.83,102037.25
TWB14,Uvalde_2020_02,29.60214,-99.73007,436.7784,6/28/21,p,2021,05/08/2021 10:30 CDT,97042,23.18,73.3,2.79,8.815,494.26,102029.12
TWB14,Uvalde_2020_02,29.60214,-99.73007,436.7784,6/28/21,p,2021,05/08/2021 10:35 CDT,97037,23.53,71.68,2.99,8.815,540.96,102014.95
TWB14,Uvalde_2020_02,29.60214,-99.73007,436.7784,6/28/21,p,2021,05/08/2021 10:40 CDT,97036,23.46,70.83,3.52,8.235,494.08,102013.56
TWB14,Uvalde_2020_02,29.60214,-99.73007,436.7784,6/28/21,p,2021,05/08/2021 10:45 CDT,97041,23.46,70.76,3.365,8.485,429.68,102020.02
TWB14,Uvalde_2020_02,29.60214,-99.73007,436.7784,6/28/21,p,2021,05/08/2021 10:50 CDT,97040,23.53,71.43,3.785,8.485,378.01,102016.9
TWB14,Uvalde_2020_02,29.60214,-99.73007,436.7784,6/28/21,p,2021,05/08/2021 10:55 CDT,97035,23.58,70.65,4.29,8.815,488.5,102011.99
TWB14,Uvalde_2020_02,29.60214,-99.73007,436.7784,6/28/21,p,2021,05/08/2021 11:00 CDT,97025,23.81,68.32,3.23,8.815,583.75,101999.1
TWB14,Uvalde_2020_02,29.60214,-99.73007,436.7784,6/28/21,p,2021,05/08/2021 11:05 CDT,97023,24.16,67.38,3.71,8.815,442.83,101989.49
TWB14,Uvalde_2020_02,29.60214,-99.73007,436.7784,6/28/21,p,2021,05/08/2021 11:10 CDT,97020,24.28,68.89,2.92,8.815,532.93,101984.44
TWB14,Uvalde_2020_02,29.60214,-99.73007,436.7784,6/28/21,p,2021,05/08/2021 11:15 CDT,97019,24.43,67.98,2.61,8.815,517.66,101980.5
TWB14,Uvalde_2020_02,29.60214,-99.73007,436.7784,6/28/21,p,2021,05/08/2021 11:20 CDT,97012,24.91,66.09,2.935,8.815,531.65,101965.17
TWB14,Uvalde_2020_02,29.60214,-99.73007,436.7784,6/28/21,p,2021,05/08/2021 11:25 CDT,97013,24.78,65.82,2.78,8.815,486.99,101966.56
TWB14,Uvalde_2020_02,29.60214,-99.73007,436.7784,6/28/21,p,2021,05/08/2021 11:30 CDT,96999,24.6,67.46,3.075,8.815,502.08,101954.89
TWB14,Uvalde_2020_02,29.60214,-99.73007,436.7784,6/28/21,p,2021,05/08/2021 11:35 CDT,96983,24.75,66.42,3.105,8.815,541.16,101937.57
TWB14,Uvalde_2020_02,29.60214,-99.73007,436.7784,6/28/21,p,2021,05/08/2021 11:40 CDT,96977,25.26,62.71,2.73,8.815,664.05,101922.98
TWB14,Uvalde_2020_02,29.60214,-99.73007,436.7784,6/28/21,p,2021,05/08/2021 11:45 CDT,96970,25.62,64.36,3.335,8.15,667.79,101908.68
TWB14,Uvalde_2020_02,29.60214,-99.73007,436.7784,6/28/21,p,2021,05/08/2021 11:50 CDT,96966,25.64,63.05,3.56,8.15,663.5,101902.63
TWB14,Uvalde_2020_02,29.60214,-99.73007,436.7784,6/28/21,p,2021,05/08/2021 11:55 CDT,96959,25.5,62.07,3.8,8.15,621.66,101896.29
TWB14,Uvalde_2020_02,29.60214,-99.73007,436.7784,6/28/21,p,2021,05/08/2021 12:00 CDT,96954,25.63,62.44,3.75,8.15,700.53,101890.36
TWB14,Uvalde_2020_02,29.60214,-99.73007,436.7784,6/28/21,p,2021,05/08/2021 12:05 CDT,96944,26.07,60.05,3.16,8.15,667.16,101873.81
TWB14,Uvalde_2020_02,29.60214,-99.73007,436.7784,6/28/21,p,2021,05/08/2021 12:10 CDT,96944,26.11,61.59,3.785,8.15,572.94,101871.44
TWB14,Uvalde_2020_02,29.60214,-99.73007,436.7784,6/28/21,p,2021,05/08/2021 12:15 CDT,96929,26.17,60.24,2.935,8.15,530.58,101856.86
TWB14,Uvalde_2020_02,29.60214,-99.73007,436.7784,6/28/21,p,2021,05/08/2021 12:20 CDT,96923,26.56,59.57,3.92,8.15,640,101843.51
TWB14,Uvalde_2020_02,29.60214,-99.73007,436.7784,6/28/21,p,2021,05/08/2021 12:25 CDT,96911,26.83,58.02,3.065,8.15,671.94,101827.4
TWB14,Uvalde_2020_02,29.60214,-99.73007,436.7784,6/28/21,p,2021,05/08/2021 12:30 CDT,96906,26.84,60.88,2.94,8.15,590.1,101819.94
TWB14,Uvalde_2020_02,29.60214,-99.73007,436.7784,6/28/21,p,2021,05/08/2021 12:35 CDT,96903,26.97,58.15,3.93,8.15,708.14,101814.64
TWB14,Uvalde_2020_02,29.60214,-99.73007,436.7784,6/28/21,p,2021,05/08/2021 12:40 CDT,96888,26.82,56.19,5.095,9.815,738.88,101800.23
TWB14,Uvalde_2020_02,29.60214,-99.73007,436.7784,6/28/21,p,2021,05/08/2021 12:45 CDT,96871,26.74,56.56,4.05,9.15,673.67,101784.71
TWB14,Uvalde_2020_02,29.60214,-99.73007,436.7784,6/28/21,p,2021,05/08/2021 12:50 CDT,96853,27.17,57.7,3.565,9.15,678.31,101761.27
TWB14,Uvalde_2020_02,29.60214,-99.73007,436.7784,6/28/21,p,2021,05/08/2021 12:55 CDT,96848,27.4,56.49,4.12,9.9,741.96,101750.69
TWB14,Uvalde_2020_02,29.60214,-99.73007,436.7784,6/28/21,p,2021,05/08/2021 13:00 CDT,96840,27.43,57,3.87,9.4,717.42,101740.95
TWB14,Uvalde_2020_02,29.60214,-99.73007,436.7784,6/28/21,p,2021,05/08/2021 13:05 CDT,96828,27.47,55.41,3.64,9.4,542.29,101727.19
TWB14,Uvalde_2020_02,29.60214,-99.73007,436.7784,6/28/21,p,2021,05/08/2021 13:10 CDT,96818,27.52,54.94,4.26,9.485,721.96,101716.53
TWB14,Uvalde_2020_02,29.60214,-99.73007,436.7784,6/28/21,p,2021,05/08/2021 13:15 CDT,96812,27.66,53.02,4.235,9.23,758.69,101708.25
TWB14,Uvalde_2020_02,29.60214,-99.73007,436.7784,6/28/21,p,2021,05/08/2021 13:20 CDT,96804,27.85,56.36,4.47,9.65,716.33,101696.49
TWB14,Uvalde_2020_02,29.60214,-99.73007,436.7784,6/28/21,p,2021,05/08/2021 13:25 CDT,96794,27.8,54.84,3.885,9.4,558.96,101686.33
TWB14,Uvalde_2020_02,29.60214,-99.73007,436.7784,6/28/21,p,2021,05/08/2021 13:30 CDT,96791,27.81,54.27,4.715,9.4,601.17,101683.68
TWB14,Uvalde_2020_02,29.60214,-99.73007,436.7784,6/28/21,p,2021,05/08/2021 13:35 CDT,96784,28.03,53.73,3.87,9.4,771.66,101673.51
TWB14,Uvalde_2020_02,29.60214,-99.73007,436.7784,6/28/21,p,2021,05/08/2021 13:40 CDT,96770,28.31,54.47,3.95,9.4,656.19,101653.49
TWB14,Uvalde_2020_02,29.60214,-99.73007,436.7784,6/28/21,p,2021,05/08/2021 13:45 CDT,96753,28.52,50.96,4.07,9.315,681.9,101632.2
TWB14,Uvalde_2020_02,29.60214,-99.73007,436.7784,6/28/21,p,2021,05/08/2021 13:50 CDT,96741,28.27,53.32,3.735,9.315,650.18,101621.72
TWB14,Uvalde_2020_02,29.60214,-99.73007,436.7784,6/28/21,p,2021,05/08/2021 13:55 CDT,96735,28.59,53.35,4.03,8.9,757.28,101612.11
TWB14,Uvalde_2020_02,29.60214,-99.73007,436.7784,6/28/21,p,2021,05/08/2021 14:00 CDT,96727,28.93,51.5,3.73,9.15,807.79,101597.96
TWB14,Uvalde_2020_02,29.60214,-99.73007,436.7784,6/28/21,p,2021,05/08/2021 14:05 CDT,96722,28.77,51.94,4.225,8.9,715.8,101592.7
TWB14,Uvalde_2020_02,29.60214,-99.73007,436.7784,6/28/21,p,2021,05/08/2021 14:10 CDT,96718,28.75,53.05,3.77,8.9,588.97,101590.3
TWB14,Uvalde_2020_02,29.60214,-99.73007,436.7784,6/28/21,p,2021,05/08/2021 14:15 CDT,96706,28.66,53.55,3.095,8.9,420.54,101580
TWB14,Uvalde_2020_02,29.60214,-99.73007,436.7784,6/28/21,p,2021,05/08/2021 14:20 CDT,96700,28.56,53.52,3.565,8.9,385.87,101575.02
TWB14,Uvalde_2020_02,29.60214,-99.73007,436.7784,6/28/21,p,2021,05/08/2021 14:25 CDT,96690,28.4,55.44,3.59,8.565,431.59,101567.79
TWB14,Uvalde_2020_02,29.60214,-99.73007,436.7784,6/28/21,p,2021,05/08/2021 14:30 CDT,96685,28.47,53.62,3.87,8.565,377.08,101562.07
TWB14,Uvalde_2020_02,29.60214,-99.73007,436.7784,6/28/21,p,2021,05/08/2021 14:35 CDT,96683,28.38,55.34,3.155,8.565,269.12,101561.76
TWB14,Uvalde_2020_02,29.60214,-99.73007,436.7784,6/28/21,p,2021,05/08/2021 14:40 CDT,96683,28.28,55.24,3.705,8.565,287.74,101563.75
TWB14,Uvalde_2020_02,29.60214,-99.73007,436.7784,6/28/21,p,2021,05/08/2021 14:45 CDT,96683,28.34,55.37,3.505,8.565,431.83,101563.75
TWB14,Uvalde_2020_02,29.60214,-99.73007,436.7784,6/28/21,p,2021,05/08/2021 14:50 CDT,96676,28.66,55.03,2.73,8.565,349.78,101551.77
TWB14,Uvalde_2020_02,29.60214,-99.73007,436.7784,6/28/21,p,2021,05/08/2021 14:55 CDT,96668,28.64,53.25,3.91,8.565,271.27,101542.4
TWB14,Uvalde_2020_02,29.60214,-99.73007,436.7784,6/28/21,p,2021,05/08/2021 15:00 CDT,96658,28.6,55.34,3.205,8.565,369.62,101533.03
TWB14,Uvalde_2020_02,29.60214,-99.73007,436.7784,6/28/21,p,2021,05/08/2021 15:05 CDT,96655,28.8,52.71,3.415,8.565,491.93,101526.93
TWB14,Uvalde_2020_02,29.60214,-99.73007,436.7784,6/28/21,p,2021,05/08/2021 15:10 CDT,96655,29.1,51.03,3.085,8.565,446.49,101521.51
TWB14,Uvalde_2020_02,29.60214,-99.73007,436.7784,6/28/21,p,2021,05/08/2021 15:15 CDT,96649,29.15,50.32,3.82,8.565,461.19,101514.07
TWB14,Uvalde_2020_02,29.60214,-99.73007,436.7784,6/28/21,p,2021,05/08/2021 15:20 CDT,96643,29.04,53.45,3.595,8.4,387.48,101508.23
TWB14,Uvalde_2020_02,29.60214,-99.73007,436.7784,6/28/21,p,2021,05/08/2021 15:25 CDT,96641,29.1,51.13,2.965,8.4,390.49,101506.81
TWB14,Uvalde_2020_02,29.60214,-99.73007,436.7784,6/28/21,p,2021,05/08/2021 15:30 CDT,96629,29.19,51.43,2.665,8.4,261.03,101492.56
TWB14,Uvalde_2020_02,29.60214,-99.73007,436.7784,6/28/21,p,2021,05/08/2021 15:35 CDT,96624,29.12,50.45,2.97,8.4,216.53,101488.47
TWB14,Uvalde_2020_02,29.60214,-99.73007,436.7784,6/28/21,p,2021,05/08/2021 15:40 CDT,96612,29.14,53.42,2.485,8.4,266.16,101476.82
TWB14,Uvalde_2020_02,29.60214,-99.73007,436.7784,6/28/21,p,2021,05/08/2021 15:45 CDT,96601,29.32,52.37,2.46,8.4,295.3,101462.48
TWB14,Uvalde_2020_02,29.60214,-99.73007,436.7784,6/28/21,p,2021,05/08/2021 15:50 CDT,96591,29.45,49.95,3,8.4,352.31,101449.7
TWB14,Uvalde_2020_02,29.60214,-99.73007,436.7784,6/28/21,p,2021,05/08/2021 15:55 CDT,96586,29.6,50.25,3.605,8.4,459.22,101442.32
TWB14,Uvalde_2020_02,29.60214,-99.73007,436.7784,6/28/21,p,2021,05/08/2021 16:00 CDT,96576,29.89,46.72,3.94,8.4,669.08,101426.29
TWB14,Uvalde_2020_02,29.60214,-99.73007,436.7784,6/28/21,p,2021,05/08/2021 16:05 CDT,96572,30.08,49.41,4.535,8.4,653.32,101417.48
TWB14,Uvalde_2020_02,29.60214,-99.73007,436.7784,6/28/21,p,2021,05/08/2021 16:10 CDT,96555,30.24,48.2,3.315,8.4,565.55,101397.2
TWB14,Uvalde_2020_02,29.60214,-99.73007,436.7784,6/28/21,p,2021,05/08/2021 16:15 CDT,96543,30.59,45.51,2.895,8.4,560.23,101379.09
TWB14,Uvalde_2020_02,29.60214,-99.73007,436.7784,6/28/21,p,2021,05/08/2021 16:20 CDT,96535,30.53,46.78,4.215,8.815,393.08,101369.86
TWB14,Uvalde_2020_02,29.60214,-99.73007,436.7784,6/28/21,p,2021,05/08/2021 16:25 CDT,96522,30.24,49.54,3.395,8.815,323.07,101361.38
TWB14,Uvalde_2020_02,29.60214,-99.73007,436.7784,6/28/21,p,2021,05/08/2021 16:30 CDT,96511,30.19,48.8,3.255,8.815,364.36,101352.61
TWB14,Uvalde_2020_02,29.60214,-99.73007,436.7784,6/28/21,p,2021,05/08/2021 16:35 CDT,96501,30.25,46.38,3.66,10.015,250.25,101341.49
TWB14,Uvalde_2020_02,29.60214,-99.73007,436.7784,6/28/21,p,2021,05/08/2021 16:40 CDT,96496,30.14,48.73,2.665,9.45,355.02,101338.33
TWB14,Uvalde_2020_02,29.60214,-99.73007,436.7784,6/28/21,p,2021,05/08/2021 16:45 CDT,96489,30.43,47.92,2.515,9.45,456.57,101326.91
TWB14,Uvalde_2020_02,29.60214,-99.73007,436.7784,6/28/21,p,2021,05/08/2021 16:50 CDT,96487,30.6,46.17,3.41,9.45,397.62,101320.6
TWB14,Uvalde_2020_02,29.60214,-99.73007,436.7784,6/28/21,p,2021,05/08/2021 16:55 CDT,96469,30.68,46.61,3.145,9.285,482.77,101300.88
TWB14,Uvalde_2020_02,29.60214,-99.73007,436.7784,6/28/21,p,2021,05/08/2021 17:00 CDT,96467,30.89,46.71,3.135,9.285,375.59,101295.37
TWB14,Uvalde_2020_02,29.60214,-99.73007,436.7784,6/28/21,p,2021,05/08/2021 17:05 CDT,96463,30.93,47.48,2.685,9.285,466.65,101290.03
TWB14,Uvalde_2020_02,29.60214,-99.73007,436.7784,6/28/21,p,2021,05/08/2021 17:10 CDT,96454,31.13,45.03,2.895,9.285,426.1,101277.2
TWB14,Uvalde_2020_02,29.60214,-99.73007,436.7784,6/28/21,p,2021,05/08/2021 17:15 CDT,96445,31.04,46.98,3.14,8.95,386.46,101267.89
TWB14,Uvalde_2020_02,29.60214,-99.73007,436.7784,6/28/21,p,2021,05/08/2021 17:20 CDT,96434,30.94,44.79,4.12,8.95,404.69,101258.63
TWB14,Uvalde_2020_02,29.60214,-99.73007,436.7784,6/28/21,p,2021,05/08/2021 17:25 CDT,96426,30.97,45.67,4.62,10.285,408.32,101251.03
TWB14,Uvalde_2020_02,29.60214,-99.73007,436.7784,6/28/21,p,2021,05/08/2021 17:30 CDT,96417,31.04,43.28,3.99,10.285,350.36,101240.64
TWB14,Uvalde_2020_02,29.60214,-99.73007,436.7784,6/28/21,p,2021,05/08/2021 17:35 CDT,96408,31.03,44.12,3.64,10.285,378.78,101231.5
TWB14,Uvalde_2020_02,29.60214,-99.73007,436.7784,6/28/21,p,2021,05/08/2021 17:40 CDT,96405,31.06,45.73,3.23,10.285,365.65,101227.36
TWB14,Uvalde_2020_02,29.60214,-99.73007,436.7784,6/28/21,p,2021,05/08/2021 17:45 CDT,96398,31.14,45.94,3.265,10.285,348.88,101218.71
TWB14,Uvalde_2020_02,29.60214,-99.73007,436.7784,6/28/21,p,2021,05/08/2021 17:50 CDT,96394,31.17,43.41,3.265,10.285,335.72,101214.22
TWB14,Uvalde_2020_02,29.60214,-99.73007,436.7784,6/28/21,p,2021,05/08/2021 17:55 CDT,96386,31.16,45.56,3.575,10.285,326.02,101205.31
TWB14,Uvalde_2020_02,29.60214,-99.73007,436.7784,6/28/21,p,2021,05/08/2021 18:00 CDT,96381,31.2,43.44,3.695,10.285,311.12,101200.08
TWB14,Uvalde_2020_02,29.60214,-99.73007,436.7784,6/28/21,p,2021,05/08/2021 18:05 CDT,96376,31.16,43.41,3.475,9.7,298.91,101195.48
TWB14,Uvalde_2020_02,29.60214,-99.73007,436.7784,6/28/21,p,2021,05/08/2021 18:10 CDT,96366,31.23,43.54,3.945,9.7,289.16,101184.49
TWB14,Uvalde_2020_02,29.60214,-99.73007,436.7784,6/28/21,p,2021,05/08/2021 18:15 CDT,96354,31.22,44.25,3.535,9.7,274.03,101171.72
TWB14,Uvalde_2020_02,29.60214,-99.73007,436.7784,6/28/21,p,2021,05/08/2021 18:20 CDT,96353,31.29,43.51,4.535,9.7,251.61,101170.36
TWB14,Uvalde_2020_02,29.60214,-99.73007,436.7784,6/28/21,p,2021,05/08/2021 18:25 CDT,96355,31.32,43.51,3.385,9.7,238.99,101172.14
TWB14,Uvalde_2020_02,29.60214,-99.73007,436.7784,6/28/21,p,2021,05/08/2021 18:30 CDT,96354,31.26,43.14,3.995,9.7,233.76,101171.58
TWB14,Uvalde_2020_02,29.60214,-99.73007,436.7784,6/28/21,p,2021,05/08/2021 18:35 CDT,96354,31.2,43.61,3.96,9.7,221.67,101172.7
TWB14,Uvalde_2020_02,29.60214,-99.73007,436.7784,6/28/21,p,2021,05/08/2021 18:40 CDT,96352,31.13,43.54,3.445,9.7,207.1,101172.38
TWB14,Uvalde_2020_02,29.60214,-99.73007,436.7784,6/28/21,p,2021,05/08/2021 18:45 CDT,96354,31.17,43.04,3.33,9.7,193.32,101173.84
TWB14,Uvalde_2020_02,29.60214,-99.73007,436.7784,6/28/21,p,2021,05/08/2021 18:50 CDT,96353,31.06,43.85,4.1,9.7,184.12,101174.08
TWB14,Uvalde_2020_02,29.60214,-99.73007,436.7784,6/28/21,p,2021,05/08/2021 18:55 CDT,96353,31.02,43.28,3.53,9.45,169.36,101175.06
TWB14,Uvalde_2020_02,29.60214,-99.73007,436.7784,6/28/21,p,2021,05/08/2021 19:00 CDT,96352,30.96,43.54,3.2,10.03,155.49,101175.14
TWB14,Uvalde_2020_02,29.60214,-99.73007,436.7784,6/28/21,p,2021,05/08/2021 19:05 CDT,96351,30.93,43.71,4.25,9.865,144.53,101174.9
TWB14,Uvalde_2020_02,29.60214,-99.73007,436.7784,6/28/21,p,2021,05/08/2021 19:10 CDT,96349,30.88,43.95,3.245,9.615,129.8,101173.77
TWB14,Uvalde_2020_02,29.60214,-99.73007,436.7784,6/28/21,p,2021,05/08/2021 19:15 CDT,96352,30.84,43.75,3.81,9.615,118.04,101177.57
TWB14,Uvalde_2020_02,29.60214,-99.73007,436.7784,6/28/21,p,2021,05/08/2021 19:20 CDT,96350,30.77,44.66,3.595,9.215,106.62,101176.59
TWB14,Uvalde_2020_02,29.60214,-99.73007,436.7784,6/28/21,p,2021,05/08/2021 19:25 CDT,96344,30.67,45.03,3.01,8.965,94.58,101172.24
TWB14,Uvalde_2020_02,29.60214,-99.73007,436.7784,6/28/21,p,2021,05/08/2021 19:30 CDT,96335,30.59,45.27,3.605,8.965,84.5,101164.41
TWB14,Uvalde_2020_02,29.60214,-99.73007,436.7784,6/28/21,p,2021,05/08/2021 19:35 CDT,96335,30.52,45.5,3.41,8.635,72.17,101165.38
TWB14,Uvalde_2020_02,29.60214,-99.73007,436.7784,6/28/21,p,2021,05/08/2021 19:40 CDT,96334,30.42,45.5,3.235,8.965,60.4,101165.96
TWB14,Uvalde_2020_02,29.60214,-99.73007,436.7784,6/28/21,p,2021,05/08/2021 19:45 CDT,96332,30.33,45.24,3.185,8.885,48.02,101165.65
TWB14,Uvalde_2020_02,29.60214,-99.73007,436.7784,6/28/21,p,2021,05/08/2021 19:50 CDT,96331,30.25,45.51,3.745,9.135,31.47,101165.57
TWB14,Uvalde_2020_02,29.60214,-99.73007,436.7784,6/28/21,p,2021,05/08/2021 19:55 CDT,96332,30.18,45.67,3.765,8.885,21.84,101167.92
TWB14,Uvalde_2020_02,29.60214,-99.73007,436.7784,6/28/21,p,2021,05/08/2021 20:00 CDT,96333,30.07,45.94,3.13,8.885,17.17,101170.76
TWB14,Uvalde_2020_02,29.60214,-99.73007,436.7784,6/28/21,p,2021,05/08/2021 20:05 CDT,96333,29.95,46.35,2.985,8.885,13.07,101172.72
TWB14,Uvalde_2020_02,29.60214,-99.73007,436.7784,6/28/21,p,2021,05/08/2021 20:10 CDT,96333,29.79,46.38,3.3,8.885,8.66,101175.49
TWB14,Uvalde_2020_02,29.60214,-99.73007,436.7784,6/28/21,p,2021,05/08/2021 20:15 CDT,96335,29.69,47.06,2.89,8.885,5.72,101179.39
TWB14,Uvalde_2020_02,29.60214,-99.73007,436.7784,6/28/21,p,2021,05/08/2021 20:20 CDT,96336,29.54,46.72,3.08,8.885,2.74,101183.06
TWB14,Uvalde_2020_02,29.60214,-99.73007,436.7784,6/28/21,p,2021,05/08/2021 20:25 CDT,96337,29.48,47.4,2.805,8.885,1.31,101185.08
TWB14,Uvalde_2020_02,29.60214,-99.73007,436.7784,6/28/21,p,2021,05/08/2021 20:30 CDT,96338,29.45,47.26,3.42,8.885,0.09,101187.28
TWB14,Uvalde_2020_02,29.60214,-99.73007,436.7784,6/28/21,p,2021,05/08/2021 20:35 CDT,96339,29.42,46.76,3.53,8.885,0.02,101188.99
TWB14,Uvalde_2020_02,29.60214,-99.73007,436.7784,6/28/21,p,2021,05/08/2021 20:40 CDT,96340,29.39,47.47,3.005,8.885,0,101189.87
TWB14,Uvalde_2020_02,29.60214,-99.73007,436.7784,6/28/21,p,2021,05/08/2021 20:45 CDT,96347,29.22,49.19,3.81,8.885,0.07,101199.83
TWB14,Uvalde_2020_02,29.60214,-99.73007,436.7784,6/28/21,p,2021,05/08/2021 20:50 CDT,96362,28.97,53.67,3.015,8.885,0.16,101218.33
TWB14,Uvalde_2020_02,29.60214,-99.73007,436.7784,6/28/21,p,2021,05/08/2021 20:55 CDT,96370,28.62,56.7,3.365,8.885,0.44,101231.8
TWB14,Uvalde_2020_02,29.60214,-99.73007,436.7784,6/28/21,p,2021,05/08/2021 21:00 CDT,96374,28.38,59.06,3.645,8.885,0.18,101240.27
TWB14,Uvalde_2020_02,29.60214,-99.73007,436.7784,6/28/21,p,2021,05/08/2021 21:05 CDT,96384,28.16,61.08,3.555,8.885,0.12,101254.22
TWB14,Uvalde_2020_02,29.60214,-99.73007,436.7784,6/28/21,p,2021,05/08/2021 21:10 CDT,96395,27.95,62.33,3.275,8.885,0.1,101269.4
TWB14,Uvalde_2020_02,29.60214,-99.73007,436.7784,6/28/21,p,2021,05/08/2021 21:15 CDT,96402,27.78,63.75,4.095,9.05,0.04,101279.89
TWB14,Uvalde_2020_02,29.60214,-99.73007,436.7784,6/28/21,p,2021,05/08/2021 21:20 CDT,96406,27.64,64.53,4.235,8.965,0,101286.4
TWB14,Uvalde_2020_02,29.60214,-99.73007,436.7784,6/28/21,p,2021,05/08/2021 21:25 CDT,96404,27.48,65.6,3.685,9.215,0.03,101286.78
TWB14,Uvalde_2020_02,29.60214,-99.73007,436.7784,6/28/21,p,2021,05/08/2021 21:30 CDT,96409,27.34,66.45,4.11,9.215,0.04,101294.35
TWB14,Uvalde_2020_02,29.60214,-99.73007,436.7784,6/28/21,p,2021,05/08/2021 21:35 CDT,96420,27.21,67.02,3.99,9.55,0.03,101308.57
TWB14,Uvalde_2020_02,29.60214,-99.73007,436.7784,6/28/21,p,2021,05/08/2021 21:40 CDT,96430,27.1,67.9,3.525,9.465,0.05,101320.73
TWB14,Uvalde_2020_02,29.60214,-99.73007,436.7784,6/28/21,p,2021,05/08/2021 21:45 CDT,96432,26.99,68.37,4.27,9.465,0,101324.66
TWB14,Uvalde_2020_02,29.60214,-99.73007,436.7784,6/28/21,p,2021,05/08/2021 21:50 CDT,96440,26.86,68.91,3.075,9.385,0,101335.07
TWB14,Uvalde_2020_02,29.60214,-99.73007,436.7784,6/28/21,p,2021,05/08/2021 21:55 CDT,96464,26.76,69.48,3.585,9.385,0,101361.78
TWB14,Uvalde_2020_02,29.60214,-99.73007,436.7784,6/28/21,p,2021,05/08/2021 22:00 CDT,96487,26.67,69.92,3,8.715,0,101387.62
TWB14,Uvalde_2020_02,29.60214,-99.73007,436.7784,6/28/21,p,2021,05/08/2021 22:05 CDT,96518,26.6,70.32,2.92,8.715,0,101421.36
TWB14,Uvalde_2020_02,29.60214,-99.73007,436.7784,6/28/21,p,2021,05/08/2021 22:10 CDT,96548,26.54,70.63,2.44,8.715,0,101454.05
TWB14,Uvalde_2020_02,29.60214,-99.73007,436.7784,6/28/21,p,2021,05/08/2021 22:15 CDT,96563,26.48,71.07,3.305,8.715,0,101470.31
TWB14,Uvalde_2020_02,29.60214,-99.73007,436.7784,6/28/21,p,2021,05/08/2021 22:20 CDT,96540,26.39,71.47,3.375,8.715,0,101447.81
TWB14,Uvalde_2020_02,29.60214,-99.73007,436.7784,6/28/21,p,2021,05/08/2021 22:25 CDT,96504,26.28,71.91,3.135,8.715,0.07,101411.99
TWB14,Uvalde_2020_02,29.60214,-99.73007,436.7784,6/28/21,p,2021,05/08/2021 22:30 CDT,96473,26.21,72.22,3.745,8.715,0,101380.42
TWB14,Uvalde_2020_02,29.60214,-99.73007,436.7784,6/28/21,p,2021,05/08/2021 22:35 CDT,96489,26.14,72.62,3.425,8.715,0,101398.4
TWB14,Uvalde_2020_02,29.60214,-99.73007,436.7784,6/28/21,p,2021,05/08/2021 22:40 CDT,96492,26.04,72.96,3.14,8.715,0.05,101403.4
TWB14,Uvalde_2020_02,29.60214,-99.73007,436.7784,6/28/21,p,2021,05/08/2021 22:45 CDT,96491,25.97,73.23,3.6,8.715,0,101403.52
TWB14,Uvalde_2020_02,29.60214,-99.73007,436.7784,6/28/21,p,2021,05/08/2021 22:50 CDT,96491,25.9,73.47,3.59,8.715,0.01,101404.69
TWB14,Uvalde_2020_02,29.60214,-99.73007,436.7784,6/28/21,p,2021,05/08/2021 22:55 CDT,96497,25.79,73.94,3.49,8.715,0.09,101413.01
TWB14,Uvalde_2020_02,29.60214,-99.73007,436.7784,6/28/21,p,2021,05/08/2021 23:00 CDT,96503,25.7,74.31,2.795,8.715,0,101420.66
TWB14,Uvalde_2020_02,29.60214,-99.73007,436.7784,6/28/21,p,2021,05/08/2021 23:05 CDT,96507,25.6,74.71,3.515,8.885,0,101426.55
TWB14,Uvalde_2020_02,29.60214,-99.73007,436.7784,6/28/21,p,2021,05/08/2021 23:10 CDT,96511,25.49,75.05,3.36,8.635,0,101432.94
TWB14,Uvalde_2020_02,29.60214,-99.73007,436.7784,6/28/21,p,2021,05/08/2021 23:15 CDT,96516,25.42,75.25,3.435,9.215,0,101439.37
TWB14,Uvalde_2020_02,29.60214,-99.73007,436.7784,6/28/21,p,2021,05/08/2021 23:20 CDT,96518,25.34,75.59,2.975,8.965,0,101442.65
TWB14,Uvalde_2020_02,29.60214,-99.73007,436.7784,6/28/21,p,2021,05/08/2021 23:25 CDT,96518,25.22,76.06,3.62,9.05,0,101444.67
TWB14,Uvalde_2020_02,29.60214,-99.73007,436.7784,6/28/21,p,2021,05/08/2021 23:30 CDT,96525,25.15,76.47,2.935,8.885,0,101453.21
TWB14,Uvalde_2020_02,29.60214,-99.73007,436.7784,6/28/21,p,2021,05/08/2021 23:35 CDT,96540,25.02,77.08,2.575,8.885,0.01,101471.34
TWB14,Uvalde_2020_02,29.60214,-99.73007,436.7784,6/28/21,p,2021,05/08/2021 23:40 CDT,96553,24.91,77.48,3.195,8.885,0,101487.03
TWB14,Uvalde_2020_02,29.60214,-99.73007,436.7784,6/28/21,p,2021,05/08/2021 23:45 CDT,96548,24.83,77.89,3.47,8.885,0,101482.79
TWB14,Uvalde_2020_02,29.60214,-99.73007,436.7784,6/28/21,p,2021,05/08/2021 23:50 CDT,96541,24.73,78.33,3.59,8.885,0,101477.12
TWB14,Uvalde_2020_02,29.60214,-99.73007,436.7784,6/28/21,p,2021,05/08/2021 23:55 CDT,96552,24.64,78.8,3.295,8.885,0,101490.54
TWB14,Uvalde_2020_02,29.60214,-99.73007,436.7784,6/28/21,p,2021,05/09/2021 00:00 CDT,96569,24.57,79.04,3.39,8.885,0,101509.26
TWB14,Uvalde_2020_02,29.60214,-99.73007,436.7784,6/28/21,p,2021,05/09/2021 00:05 CDT,96591,24.48,79.51,2.86,8.885,0,101533.74
TWB14,Uvalde_2020_02,29.60214,-99.73007,436.7784,6/28/21,p,2021,05/09/2021 00:10 CDT,96605,24.42,79.88,2.595,8.885,0,101549.64
TWB14,Uvalde_2020_02,29.60214,-99.73007,436.7784,6/28/21,p,2021,05/09/2021 00:15 CDT,96606,24.37,80.2,3.495,8.885,0,101551.88
TWB14,Uvalde_2020_02,29.60214,-99.73007,436.7784,6/28/21,p,2021,05/09/2021 00:20 CDT,96609,24.32,80.4,3.215,8.885,0,101555.55
TWB14,Uvalde_2020_02,29.60214,-99.73007,436.7784,6/28/21,p,2021,05/09/2021 00:25 CDT,96621,24.33,80.6,3.64,8.715,0,101568.16
TWB14,Uvalde_2020_02,29.60214,-99.73007,436.7784,6/28/21,p,2021,05/09/2021 00:30 CDT,96620,24.28,80.9,3.99,8.715,0,101567.44
TWB14,Uvalde_2020_02,29.60214,-99.73007,436.7784,6/28/21,p,2021,05/09/2021 00:35 CDT,96606,24.23,81.2,3.39,8.715,0,101553.41
TWB14,Uvalde_2020_02,29.60214,-99.73007,436.7784,6/28/21,p,2021,05/09/2021 00:40 CDT,96602,24.15,81.6,3.52,8.715,0,101550.39
TWB14,Uvalde_2020_02,29.60214,-99.73007,436.7784,6/28/21,p,2021,05/09/2021 00:45 CDT,96591,24.09,82,3.085,8.715,0.06,101540.01
TWB14,Uvalde_2020_02,29.60214,-99.73007,436.7784,6/28/21,p,2021,05/09/2021 00:50 CDT,96579,24.04,82.2,3.425,8.715,0,101528.25
TWB14,Uvalde_2020_02,29.60214,-99.73007,436.7784,6/28/21,p,2021,05/09/2021 00:55 CDT,96581,24,82.3,3.435,8.715,0,101531.03
TWB14,Uvalde_2020_02,29.60214,-99.73007,436.7784,6/28/21,p,2021,05/09/2021 01:00 CDT,96579,23.98,82.5,2.67,8.715,0,101529.27
TWB14,Uvalde_2020_02,29.60214,-99.73007,436.7784,6/28/21,p,2021,05/09/2021 01:05 CDT,96582,23.95,82.6,3.255,8.715,0,101532.93
TWB14,Uvalde_2020_02,29.60214,-99.73007,436.7784,6/28/21,p,2021,05/09/2021 01:10 CDT,96589,23.92,82.6,3.89,9.55,0,101540.97
TWB14,Uvalde_2020_02,29.60214,-99.73007,436.7784,6/28/21,p,2021,05/09/2021 01:15 CDT,96596,23.91,82.6,3.67,9.715,0,101548.33
TWB14,Uvalde_2020_02,29.60214,-99.73007,436.7784,6/28/21,p,2021,05/09/2021 01:20 CDT,96595,23.89,82.7,4.47,10.3,0,101547.62
TWB14,Uvalde_2020_02,29.60214,-99.73007,436.7784,6/28/21,p,2021,05/09/2021 01:25 CDT,96593,23.86,82.6,3.63,9.63,0,101546.03
TWB14,Uvalde_2020_02,29.60214,-99.73007,436.7784,6/28/21,p,2021,05/09/2021 01:30 CDT,96595,23.83,82.7,3.49,9.63,0,101548.65
TWB14,Uvalde_2020_02,29.60214,-99.73007,436.7784,6/28/21,p,2021,05/09/2021 01:35 CDT,96588,23.78,82.7,3.915,9.63,0,101542.31
TWB14,Uvalde_2020_02,29.60214,-99.73007,436.7784,6/28/21,p,2021,05/09/2021 01:40 CDT,96581,23.74,82.9,4.375,9.63,0,101535.46
TWB14,Uvalde_2020_02,29.60214,-99.73007,436.7784,6/28/21,p,2021,05/09/2021 01:45 CDT,96574,23.7,82.9,4.12,9.885,0,101528.79
TWB14,Uvalde_2020_02,29.60214,-99.73007,436.7784,6/28/21,p,2021,05/09/2021 01:50 CDT,96562,23.65,83.1,3.45,9.885,0.19,101516.68
TWB14,Uvalde_2020_02,29.60214,-99.73007,436.7784,6/28/21,p,2021,05/09/2021 01:55 CDT,96554,23.59,83.4,3.165,9.885,0,101509.46
TWB14,Uvalde_2020_02,29.60214,-99.73007,436.7784,6/28/21,p,2021,05/09/2021 02:00 CDT,96537,23.52,83.6,3.84,9.885,0,101492.79
TWB14,Uvalde_2020_02,29.60214,-99.73007,436.7784,6/28/21,p,2021,05/09/2021 02:05 CDT,96521,23.45,83.7,3.255,8.885,0.13,101477.16
TWB14,Uvalde_2020_02,29.60214,-99.73007,436.7784,6/28/21,p,2021,05/09/2021 02:10 CDT,96516,23.41,83.7,3.245,8.885,0.03,101472.59
TWB14,Uvalde_2020_02,29.60214,-99.73007,436.7784,6/28/21,p,2021,05/09/2021 02:15 CDT,96507,23.37,83.7,3.13,8.885,0.03,101463.81
TWB14,Uvalde_2020_02,29.60214,-99.73007,436.7784,6/28/21,p,2021,05/09/2021 02:20 CDT,96501,23.3,84,2.73,8.885,0,101458.69
TWB14,Uvalde_2020_02,29.60214,-99.73007,436.7784,6/28/21,p,2021,05/09/2021 02:25 CDT,96506,23.25,84.2,2.655,8.885,0,101464.81
TWB14,Uvalde_2020_02,29.60214,-99.73007,436.7784,6/28/21,p,2021,05/09/2021 02:30 CDT,96505,23.19,84.2,3.795,8.965,0,101464.95
TWB14,Uvalde_2020_02,29.60214,-99.73007,436.7784,6/28/21,p,2021,05/09/2021 02:35 CDT,96512,23.16,84.3,2.835,8.465,0,101472.83
TWB14,Uvalde_2020_02,29.60214,-99.73007,436.7784,6/28/21,p,2021,05/09/2021 02:40 CDT,96515,23.14,84.5,2.7,8.465,0,101476.15
TWB14,Uvalde_2020_02,29.60214,-99.73007,436.7784,6/28/21,p,2021,05/09/2021 02:45 CDT,96517,23.1,84.4,2.49,8.465,0,101479.11
TWB14,Uvalde_2020_02,29.60214,-99.73007,436.7784,6/28/21,p,2021,05/09/2021 02:50 CDT,96508,23.08,84.5,2.42,8.465,0,101469.82
TWB14,Uvalde_2020_02,29.60214,-99.73007,436.7784,6/28/21,p,2021,05/09/2021 02:55 CDT,96492,23.04,84.7,3.515,8.465,0,101453.85
TWB14,Uvalde_2020_02,29.60214,-99.73007,436.7784,6/28/21,p,2021,05/09/2021 03:00 CDT,96482,22.99,84.5,2.805,8.465,0,101444.37
TWB14,Uvalde_2020_02,29.60214,-99.73007,436.7784,6/28/21,p,2021,05/09/2021 03:05 CDT,96478,22.96,84.9,2.755,8.465,0.04,101440.5
TWB14,Uvalde_2020_02,29.60214,-99.73007,436.7784,6/28/21,p,2021,05/09/2021 03:10 CDT,96481,22.93,84.7,2.86,8.465,0,101444.68
TWB14,Uvalde_2020_02,29.60214,-99.73007,436.7784,6/28/21,p,2021,05/09/2021 03:15 CDT,96479,22.92,84.6,3.135,8.465,0,101442.58
TWB14,Uvalde_2020_02,29.60214,-99.73007,436.7784,6/28/21,p,2021,05/09/2021 03:20 CDT,96462,22.91,84.9,2.805,8.465,0,101424.71
TWB14,Uvalde_2020_02,29.60214,-99.73007,436.7784,6/28/21,p,2021,05/09/2021 03:25 CDT,96472,22.89,84.7,2.515,8.465,0,101435.22
TWB14,Uvalde_2020_02,29.60214,-99.73007,436.7784,6/28/21,p,2021,05/09/2021 03:30 CDT,96489,22.87,85,2.125,8.465,0,101453.61
TWB14,Uvalde_2020_02,29.60214,-99.73007,436.7784,6/28/21,p,2021,05/09/2021 03:35 CDT,96483,22.87,84.3,3.155,8.465,0,101447.48
TWB14,Uvalde_2020_02,29.60214,-99.73007,436.7784,6/28/21,p,2021,05/09/2021 03:40 CDT,96483,22.87,84.2,3.045,8.465,0,101447.48
TWB14,Uvalde_2020_02,29.60214,-99.73007,436.7784,6/28/21,p,2021,05/09/2021 03:45 CDT,96505,22.87,84.3,2.215,8.465,0,101470.61
TWB14,Uvalde_2020_02,29.60214,-99.73007,436.7784,6/28/21,p,2021,05/09/2021 03:50 CDT,96529,22.88,84.1,2.12,8.465,0,101495.5
TWB14,Uvalde_2020_02,29.60214,-99.73007,436.7784,6/28/21,p,2021,05/09/2021 03:55 CDT,96546,22.88,83.9,2.495,8.465,0,101513.55
TWB14,Uvalde_2020_02,29.60214,-99.73007,436.7784,6/28/21,p,2021,05/09/2021 04:00 CDT,96543,22.87,83.9,3.24,8.465,0,101510.57
TWB14,Uvalde_2020_02,29.60214,-99.73007,436.7784,6/28/21,p,2021,05/09/2021 04:05 CDT,96535,22.85,84.3,3.085,8.465,0,101502.15
TWB14,Uvalde_2020_02,29.60214,-99.73007,436.7784,6/28/21,p,2021,05/09/2021 04:10 CDT,96536,22.82,84.4,2.62,8.465,0,101503.72
TWB14,Uvalde_2020_02,29.60214,-99.73007,436.7784,6/28/21,p,2021,05/09/2021 04:15 CDT,96536,22.79,84.3,2.735,8.465,0,101504.41
TWB14,Uvalde_2020_02,29.60214,-99.73007,436.7784,6/28/21,p,2021,05/09/2021 04:20 CDT,96536,22.78,84.2,2.755,8.465,0,101504.75
TWB14,Uvalde_2020_02,29.60214,-99.73007,436.7784,6/28/21,p,2021,05/09/2021 04:25 CDT,96539,22.79,83.9,2.675,8.465,0,101507.91
TWB14,Uvalde_2020_02,29.60214,-99.73007,436.7784,6/28/21,p,2021,05/09/2021 04:30 CDT,96537,22.78,84.1,2.53,8.465,0,101505.8
TWB14,Uvalde_2020_02,29.60214,-99.73007,436.7784,6/28/21,p,2021,05/09/2021 04:35 CDT,96538,22.76,84.1,2.43,8.465,0,101507.03
TWB14,Uvalde_2020_02,29.60214,-99.73007,436.7784,6/28/21,p,2021,05/09/2021 04:40 CDT,96534,22.75,83.9,2.51,8.465,0,101503.16
TWB14,Uvalde_2020_02,29.60214,-99.73007,436.7784,6/28/21,p,2021,05/09/2021 04:45 CDT,96531,22.73,84.2,1.63,8.465,0,101500.35
TWB14,Uvalde_2020_02,29.60214,-99.73007,436.7784,6/28/21,p,2021,05/09/2021 04:50 CDT,96529,22.71,84.2,1.985,8.465,0,101498.59
TWB14,Uvalde_2020_02,29.60214,-99.73007,436.7784,6/28/21,p,2021,05/09/2021 04:55 CDT,96530,22.71,84.1,2.665,8.465,0,101499.82
TWB14,Uvalde_2020_02,29.60214,-99.73007,436.7784,6/28/21,p,2021,05/09/2021 05:00 CDT,96526,22.71,84.1,2.66,8.465,0,101495.61
TWB14,Uvalde_2020_02,29.60214,-99.73007,436.7784,6/28/21,p,2021,05/09/2021 05:05 CDT,96528,22.71,84.1,2.675,8.465,0,101497.71
TWB14,Uvalde_2020_02,29.60214,-99.73007,436.7784,6/28/21,p,2021,05/09/2021 05:10 CDT,96535,22.7,84.2,1.805,8.465,0,101505.07
TWB14,Uvalde_2020_02,29.60214,-99.73007,436.7784,6/28/21,p,2021,05/09/2021 05:15 CDT,96537,22.7,84.1,1.865,8.465,0,101507.18
TWB14,Uvalde_2020_02,29.60214,-99.73007,436.7784,6/28/21,p,2021,05/09/2021 05:20 CDT,96536,22.69,84,2.24,8.465,0,101506.3
TWB14,Uvalde_2020_02,29.60214,-99.73007,436.7784,6/28/21,p,2021,05/09/2021 05:25 CDT,96533,22.69,84.1,2.055,8.465,0,101502.97
TWB14,Uvalde_2020_02,29.60214,-99.73007,436.7784,6/28/21,p,2021,05/09/2021 05:30 CDT,96531,22.67,84,2.175,8.465,0,101501.56
TWB14,Uvalde_2020_02,29.60214,-99.73007,436.7784,6/28/21,p,2021,05/09/2021 05:35 CDT,96536,22.67,84.1,1.385,8.465,0,101506.81
TWB14,Uvalde_2020_02,29.60214,-99.73007,436.7784,6/28/21,p,2021,05/09/2021 05:40 CDT,96537,22.67,84.2,1.97,8.465,0,101507.52
TWB14,Uvalde_2020_02,29.60214,-99.73007,436.7784,6/28/21,p,2021,05/09/2021 05:45 CDT,96537,22.64,84.3,2.21,8.465,0,101508.21
TWB14,Uvalde_2020_02,29.60214,-99.73007,436.7784,6/28/21,p,2021,05/09/2021 05:50 CDT,96540,22.64,84.3,1.985,8.465,0,101511.36
TWB14,Uvalde_2020_02,29.60214,-99.73007,436.7784,6/28/21,p,2021,05/09/2021 05:55 CDT,96548,22.64,84.3,1.865,8.465,0,101519.77
TWB14,Uvalde_2020_02,29.60214,-99.73007,436.7784,6/28/21,p,2021,05/09/2021 06:00 CDT,96554,22.64,84.3,2.05,8.465,0,101526.08
TWB14,Uvalde_2020_02,29.60214,-99.73007,436.7784,6/28/21,p,2021,05/09/2021 06:05 CDT,96553,22.63,84.3,1.845,8.465,0,101525.2
TWB14,Uvalde_2020_02,29.60214,-99.73007,436.7784,6/28/21,p,2021,05/09/2021 06:10 CDT,96560,22.63,84.4,1.835,8.465,0,101532.73
TWB14,Uvalde_2020_02,29.60214,-99.73007,436.7784,6/28/21,p,2021,05/09/2021 06:15 CDT,96563,22.64,84.2,1.885,8.465,0,101535.72
TWB14,Uvalde_2020_02,29.60214,-99.73007,436.7784,6/28/21,p,2021,05/09/2021 06:20 CDT,96563,22.64,84.3,1.765,8.465,0,101535.55
TWB14,Uvalde_2020_02,29.60214,-99.73007,436.7784,6/28/21,p,2021,05/09/2021 06:25 CDT,96563,22.62,84.3,1.74,8.465,0,101535.72
TWB14,Uvalde_2020_02,29.60214,-99.73007,436.7784,6/28/21,p,2021,05/09/2021 06:30 CDT,96553,22.61,84.4,1.95,8.465,0,101525.37
TWB14,Uvalde_2020_02,29.60214,-99.73007,436.7784,6/28/21,p,2021,05/09/2021 06:35 CDT,96550,22.6,84.5,2.175,8.465,0,101522.56
TWB14,Uvalde_2020_02,29.60214,-99.73007,436.7784,6/28/21,p,2021,05/09/2021 06:40 CDT,96553,22.59,84.6,1.94,8.465,0,101525.89
TWB14,Uvalde_2020_02,29.60214,-99.73007,436.7784,6/28/21,p,2021,05/09/2021 06:45 CDT,96558,22.57,84.6,1.4,8.465,0.18,101531.32
TWB14,Uvalde_2020_02,29.60214,-99.73007,436.7784,6/28/21,p,2021,05/09/2021 06:50 CDT,96562,22.57,84.5,2.03,8.465,0.31,101535.7
TWB14,Uvalde_2020_02,29.60214,-99.73007,436.7784,6/28/21,p,2021,05/09/2021 06:55 CDT,96564,22.57,84.7,1.89,8.465,0.66,101537.8
TWB14,Uvalde_2020_02,29.60214,-99.73007,436.7784,6/28/21,p,2021,05/09/2021 07:00 CDT,96568,22.57,84.7,2.075,8.465,1.77,101542
TWB14,Uvalde_2020_02,29.60214,-99.73007,436.7784,6/28/21,p,2021,05/09/2021 07:05 CDT,96576,22.58,84.9,2.435,8.465,2.44,101550.41
TWB14,Uvalde_2020_02,29.60214,-99.73007,436.7784,6/28/21,p,2021,05/09/2021 07:10 CDT,96585,22.58,84.7,2.22,8.465,3.47,101559.71
TWB14,Uvalde_2020_02,29.60214,-99.73007,436.7784,6/28/21,p,2021,05/09/2021 07:15 CDT,96594,22.57,85.1,1.865,8.465,3.94,101569.17
TWB14,Uvalde_2020_02,29.60214,-99.73007,436.7784,6/28/21,p,2021,05/09/2021 07:20 CDT,96599,22.55,85.1,1.895,8.465,5.79,101574.6
TWB14,Uvalde_2020_02,29.60214,-99.73007,436.7784,6/28/21,p,2021,05/09/2021 07:25 CDT,96596,22.54,85.3,1.8,8.465,10.02,101571.79
TWB14,Uvalde_2020_02,29.60214,-99.73007,436.7784,6/28/21,p,2021,05/09/2021 07:30 CDT,96600,22.53,85.3,2.005,8.465,11.91,101576.16
TWB14,Uvalde_2020_02,29.60214,-99.73007,436.7784,6/28/21,p,2021,05/09/2021 07:35 CDT,96591,22.53,85.5,1.745,8.465,16.86,101566.7
TWB14,Uvalde_2020_02,29.60214,-99.73007,436.7784,6/28/21,p,2021,05/09/2021 07:40 CDT,96589,22.56,85.1,2.66,8.465,25.16,101564.08
TWB14,Uvalde_2020_02,29.60214,-99.73007,436.7784,6/28/21,p,2021,05/09/2021 07:45 CDT,96590,22.61,85.1,1.935,8.465,31.6,101564.79
TWB14,Uvalde_2020_02,29.60214,-99.73007,436.7784,6/28/21,p,2021,05/09/2021 07:50 CDT,96593,22.64,84.7,2.075,8.465,31.49,101567.26
TWB14,Uvalde_2020_02,29.60214,-99.73007,436.7784,6/28/21,p,2021,05/09/2021 07:55 CDT,96596,22.66,84.5,2.49,8.465,34.75,101570.24
TWB14,Uvalde_2020_02,29.60214,-99.73007,436.7784,6/28/21,p,2021,05/09/2021 08:00 CDT,96603,22.71,84.8,1.355,8.465,34.8,101576.57
TWB14,Uvalde_2020_02,29.60214,-99.73007,436.7784,6/28/21,p,2021,05/09/2021 08:05 CDT,96607,22.74,84.2,1.68,8.465,32.43,101579.75
TWB14,Uvalde_2020_02,29.60214,-99.73007,436.7784,6/28/21,p,2021,05/09/2021 08:10 CDT,96618,22.77,84.4,1.585,8.465,35.69,101590.97
TWB14,Uvalde_2020_02,29.60214,-99.73007,436.7784,6/28/21,p,2021,05/09/2021 08:15 CDT,96633,22.81,84,1.24,8.465,31.9,101605.88
TWB14,Uvalde_2020_02,29.60214,-99.73007,436.7784,6/28/21,p,2021,05/09/2021 08:20 CDT,96638,22.84,84.2,1.7,8.465,38.63,101610.45
TWB14,Uvalde_2020_02,29.60214,-99.73007,436.7784,6/28/21,p,2021,05/09/2021 08:25 CDT,96644,22.9,84.3,0.925,8.465,47.05,101616.25
TWB14,Uvalde_2020_02,29.60214,-99.73007,436.7784,6/28/21,p,2021,05/09/2021 08:30 CDT,96643,22.96,83.8,1.275,8.465,55.2,101614
TWB14,Uvalde_2020_02,29.60214,-99.73007,436.7784,6/28/21,p,2021,05/09/2021 08:35 CDT,96642,23.03,83.5,1.14,8.465,56.73,101611.4
TWB14,Uvalde_2020_02,29.60214,-99.73007,436.7784,6/28/21,p,2021,05/09/2021 08:40 CDT,96647,23.05,83.4,1.735,8.465,62.86,101615.97
TWB14,Uvalde_2020_02,29.60214,-99.73007,436.7784,6/28/21,p,2021,05/09/2021 08:45 CDT,96649,23.09,82.8,2.105,8.465,71.78,101617.74
TWB14,Uvalde_2020_02,29.60214,-99.73007,436.7784,6/28/21,p,2021,05/09/2021 08:50 CDT,96648,23.17,83,1.625,8.465,88.57,101615.66
TWB14,Uvalde_2020_02,29.60214,-99.73007,436.7784,6/28/21,p,2021,05/09/2021 08:55 CDT,96644,23.23,81.6,1.91,8.465,95.31,101609.92
TWB14,Uvalde_2020_02,29.60214,-99.73007,436.7784,6/28/21,p,2021,05/09/2021 09:00 CDT,96634,23.29,82.5,2.025,8.465,111.95,101598.03
TWB14,Uvalde_2020_02,29.60214,-99.73007,436.7784,6/28/21,p,2021,05/09/2021 09:05 CDT,96626,23.38,82.1,1.945,8.465,117.82,101588.08
TWB14,Uvalde_2020_02,29.60214,-99.73007,436.7784,6/28/21,p,2021,05/09/2021 09:10 CDT,96620,23.54,79.2,1.915,8.465,195.84,101579.74
TWB14,Uvalde_2020_02,29.60214,-99.73007,436.7784,6/28/21,p,2021,05/09/2021 09:15 CDT,96625,23.83,79.2,2.195,8.465,226.58,101579.36
TWB14,Uvalde_2020_02,29.60214,-99.73007,436.7784,6/28/21,p,2021,05/09/2021 09:20 CDT,96635,23.83,78.72,2.07,8.465,134.76,101587.83
TWB14,Uvalde_2020_02,29.60214,-99.73007,436.7784,6/28/21,p,2021,05/09/2021 09:25 CDT,96639,23.81,78.88,1.905,8.465,144.27,101592.72
TWB14,Uvalde_2020_02,29.60214,-99.73007,436.7784,6/28/21,p,2021,05/09/2021 09:30 CDT,96631,23.81,78.57,2.08,8.465,170.11,101584.31
TWB14,Uvalde_2020_02,29.60214,-99.73007,436.7784,6/28/21,p,2021,05/09/2021 09:35 CDT,96621,23.86,78.03,1.87,8.465,202.61,101573.8
TWB14,Uvalde_2020_02,29.60214,-99.73007,436.7784,6/28/21,p,2021,05/09/2021 09:40 CDT,96621,24,77.9,1.975,8.465,218.93,101571.93
TWB14,Uvalde_2020_02,29.60214,-99.73007,436.7784,6/28/21,p,2021,05/09/2021 09:45 CDT,96625,24.08,76.95,1.86,8.465,229.4,101574.95
TWB14,Uvalde_2020_02,29.60214,-99.73007,436.7784,6/28/21,p,2021,05/09/2021 09:50 CDT,96632,24.24,75,1.855,8.465,250.36,101579.09
TWB14,Uvalde_2020_02,29.60214,-99.73007,436.7784,6/28/21,p,2021,05/09/2021 09:55 CDT,96632,24.37,76.82,1.54,8.465,212.42,101575.84
TWB14,Uvalde_2020_02,29.60214,-99.73007,436.7784,6/28/21,p,2021,05/09/2021 10:00 CDT,96633,24.29,76.68,1.87,8.465,153.58,101576.89
TWB14,Uvalde_2020_02,29.60214,-99.73007,436.7784,6/28/21,p,2021,05/09/2021 10:05 CDT,96633,24.34,74.93,1.795,8.465,176.51,101576.74
TWB14,Uvalde_2020_02,29.60214,-99.73007,436.7784,6/28/21,p,2021,05/09/2021 10:10 CDT,96639,24.27,75.33,1.85,8.465,203.82,101584.06
TWB14,Uvalde_2020_02,29.60214,-99.73007,436.7784,6/28/21,p,2021,05/09/2021 10:15 CDT,96637,24.25,75.86,1.475,8.465,190.59,101582.81
TWB14,Uvalde_2020_02,29.60214,-99.73007,436.7784,6/28/21,p,2021,05/09/2021 10:20 CDT,96646,24.41,76.06,1.535,8.465,253.4,101590.39
TWB14,Uvalde_2020_02,29.60214,-99.73007,436.7784,6/28/21,p,2021,05/09/2021 10:25 CDT,96652,24.72,75.09,1.4,8.465,273.22,101592.3
TWB14,Uvalde_2020_02,29.60214,-99.73007,436.7784,6/28/21,p,2021,05/09/2021 10:30 CDT,96655,24.73,74.51,1.795,8.465,315.98,101592.07
TWB14,Uvalde_2020_02,29.60214,-99.73007,436.7784,6/28/21,p,2021,05/09/2021 10:35 CDT,96654,24.78,73.7,1.195,8.465,230.09,101590.51
TWB14,Uvalde_2020_02,29.60214,-99.73007,436.7784,6/28/21,p,2021,05/09/2021 10:40 CDT,96653,24.74,75.99,1.6,8.465,214.91,101590.29
TWB14,Uvalde_2020_02,29.60214,-99.73007,436.7784,6/28/21,p,2021,05/09/2021 10:45 CDT,96652,24.96,72.99,0.845,8.465,425.53,101588.25
TWB14,Uvalde_2020_02,29.60214,-99.73007,436.7784,6/28/21,p,2021,05/09/2021 10:50 CDT,96649,25.46,71.3,1.595,8.465,465.67,101576.83
TWB14,Uvalde_2020_02,29.60214,-99.73007,436.7784,6/28/21,p,2021,05/09/2021 10:55 CDT,96647,25.5,72.45,1.46,8.465,350.99,101572.69
TWB14,Uvalde_2020_02,29.60214,-99.73007,436.7784,6/28/21,p,2021,05/09/2021 11:00 CDT,96648,25.36,69.75,1.38,8.465,404.4,101573.77
TWB14,Uvalde_2020_02,29.60214,-99.73007,436.7784,6/28/21,p,2021,05/09/2021 11:05 CDT,96648,25.68,73.59,1.51,8.465,668.43,101570.03
TWB14,Uvalde_2020_02,29.60214,-99.73007,436.7784,6/28/21,p,2021,05/09/2021 11:10 CDT,96646,26.19,68.3,0.785,8.465,667.87,101560.07
TWB14,Uvalde_2020_02,29.60214,-99.73007,436.7784,6/28/21,p,2021,05/09/2021 11:15 CDT,96647,26.59,69.11,1.57,8.465,523.38,101553.07
TWB14,Uvalde_2020_02,29.60214,-99.73007,436.7784,6/28/21,p,2021,05/09/2021 11:20 CDT,96647,26.28,68.13,1.1,8.465,490.91,101554.09
TWB14,Uvalde_2020_02,29.60214,-99.73007,436.7784,6/28/21,p,2021,05/09/2021 11:25 CDT,96644,26.39,69.61,1.045,8.465,577.36,101551.92
TWB14,Uvalde_2020_02,29.60214,-99.73007,436.7784,6/28/21,p,2021,05/09/2021 11:30 CDT,96642,26.67,64.48,1.06,8.465,644.88,101546.36
TWB14,Uvalde_2020_02,29.60214,-99.73007,436.7784,6/28/21,p,2021,05/09/2021 11:35 CDT,96639,26.54,67.47,1.43,8.465,344.19,101541.51
TWB14,Uvalde_2020_02,29.60214,-99.73007,436.7784,6/28/21,p,2021,05/09/2021 11:40 CDT,96636,26.66,64.78,1.445,8.465,665.35,101538.88
TWB14,Uvalde_2020_02,29.60214,-99.73007,436.7784,6/28/21,p,2021,05/09/2021 11:45 CDT,96635,26.7,65.72,1.54,8.465,653.01,101535.82
TWB14,Uvalde_2020_02,29.60214,-99.73007,436.7784,6/28/21,p,2021,05/09/2021 11:50 CDT,96636,26.75,63.93,1.385,8.465,647.03,101536.05
TWB14,Uvalde_2020_02,29.60214,-99.73007,436.7784,6/28/21,p,2021,05/09/2021 11:55 CDT,96636,26.97,67.63,1.56,8.465,666.44,101532.18
TWB14,Uvalde_2020_02,29.60214,-99.73007,436.7784,6/28/21,p,2021,05/09/2021 12:00 CDT,96639,27.16,63.69,1.52,8.465,666.81,101533.04
TWB14,Uvalde_2020_02,29.60214,-99.73007,436.7784,6/28/21,p,2021,05/09/2021 12:05 CDT,96637,27.25,62.54,1.74,8.465,670.13,101529.12
TWB14,Uvalde_2020_02,29.60214,-99.73007,436.7784,6/28/21,p,2021,05/09/2021 12:10 CDT,96631,27.52,62.74,1.11,8.465,646.2,101520.15
TWB14,Uvalde_2020_02,29.60214,-99.73007,436.7784,6/28/21,p,2021,05/09/2021 12:15 CDT,96630,27.78,63.28,1.745,8.465,671.59,101515.61
TWB14,Uvalde_2020_02,29.60214,-99.73007,436.7784,6/28/21,p,2021,05/09/2021 12:20 CDT,96629,27.79,63.52,1.915,8.465,687.33,101512.4
TWB14,Uvalde_2020_02,29.60214,-99.73007,436.7784,6/28/21,p,2021,05/09/2021 12:25 CDT,96630,27.61,61.23,1.13,8.465,675.32,101515.13
TWB14,Uvalde_2020_02,29.60214,-99.73007,436.7784,6/28/21,p,2021,05/09/2021 12:30 CDT,96628,28,57.93,1.11,8.465,679.66,101508.59
TWB14,Uvalde_2020_02,29.60214,-99.73007,436.7784,6/28/21,p,2021,05/09/2021 12:35 CDT,96625,28.13,58.64,1.415,8.465,694.33,101501.79
TWB14,Uvalde_2020_02,29.60214,-99.73007,436.7784,6/28/21,p,2021,05/09/2021 12:40 CDT,96620,28.37,59.58,1.745,8.465,701.64,101493.72
TWB14,Uvalde_2020_02,29.60214,-99.73007,436.7784,6/28/21,p,2021,05/09/2021 12:45 CDT,96617,28.34,56.99,2.275,8.465,714.15,101490.44
TWB14,Uvalde_2020_02,29.60214,-99.73007,436.7784,6/28/21,p,2021,05/09/2021 12:50 CDT,96617,28.51,61.5,0.955,8.465,699.67,101489.4
TWB14,Uvalde_2020_02,29.60214,-99.73007,436.7784,6/28/21,p,2021,05/09/2021 12:55 CDT,96611,28.83,56.85,1.48,8.465,708.11,101478.03
TWB14,Uvalde_2020_02,29.60214,-99.73007,436.7784,6/28/21,p,2021,05/09/2021 13:00 CDT,96614,28.97,55.74,1.285,8.465,709.62,101478.73
TWB14,Uvalde_2020_02,29.60214,-99.73007,436.7784,6/28/21,p,2021,05/09/2021 13:05 CDT,96621,29.04,55.8,2.18,8.465,726.38,101483.29
TWB14,Uvalde_2020_02,29.60214,-99.73007,436.7784,6/28/21,p,2021,05/09/2021 13:10 CDT,96617,29.13,56.14,1.1,8.465,717.37,101478.75
TWB14,Uvalde_2020_02,29.60214,-99.73007,436.7784,6/28/21,p,2021,05/09/2021 13:15 CDT,96611,29.45,53.98,1.51,8.465,718.66,101468.37
TWB14,Uvalde_2020_02,29.60214,-99.73007,436.7784,6/28/21,p,2021,05/09/2021 13:20 CDT,96603,29.4,54.02,2.065,8.465,728.51,101457.51
TWB14,Uvalde_2020_02,29.60214,-99.73007,436.7784,6/28/21,p,2021,05/09/2021 13:25 CDT,96598,29.57,54.65,2.04,8.465,727.11,101450.12
TWB14,Uvalde_2020_02,29.60214,-99.73007,436.7784,6/28/21,p,2021,05/09/2021 13:30 CDT,96596,29.59,55.36,1.175,8.465,720,101447.2
TWB14,Uvalde_2020_02,29.60214,-99.73007,436.7784,6/28/21,p,2021,05/09/2021 13:35 CDT,96585,29.89,52.3,1.195,8.465,716.45,101432.57
TWB14,Uvalde_2020_02,29.60214,-99.73007,436.7784,6/28/21,p,2021,05/09/2021 13:40 CDT,96575,30.12,53.24,1.44,8.465,725.16,101417.98
TWB14,Uvalde_2020_02,29.60214,-99.73007,436.7784,6/28/21,p,2021,05/09/2021 13:45 CDT,96572,30.19,55.09,0.61,8.465,711.76,101414.97
TWB14,Uvalde_2020_02,29.60214,-99.73007,436.7784,6/28/21,p,2021,05/09/2021 13:50 CDT,96569,30.25,51.89,1.75,8.465,727.96,101409.08
TWB14,Uvalde_2020_02,29.60214,-99.73007,436.7784,6/28/21,p,2021,05/09/2021 13:55 CDT,96570,30.19,51.25,1.605,8.465,737.2,101409.65
TWB14,Uvalde_2020_02,29.60214,-99.73007,436.7784,6/28/21,p,2021,05/09/2021 14:00 CDT,96569,29.92,56.2,1.8,8.465,739.9,101414.25
TWB14,Uvalde_2020_02,29.60214,-99.73007,436.7784,6/28/21,p,2021,05/09/2021 14:05 CDT,96560,30.05,56,1.465,8.465,733.82,101403.34
TWB14,Uvalde_2020_02,29.60214,-99.73007,436.7784,6/28/21,p,2021,05/09/2021 14:10 CDT,96544,30.34,53.44,1.355,8.465,723.68,101382.98
TWB14,Uvalde_2020_02,29.60214,-99.73007,436.7784,6/28/21,p,2021,05/09/2021 14:15 CDT,96537,30.39,51.69,0.855,8.465,709.91,101375.65
TWB14,Uvalde_2020_02,29.60214,-99.73007,436.7784,6/28/21,p,2021,05/09/2021 14:20 CDT,96526,30.83,51.05,0.905,8.465,700.56,101359.06
TWB14,Uvalde_2020_02,29.60214,-99.73007,436.7784,6/28/21,p,2021,05/09/2021 14:25 CDT,96521,31.17,49.74,1.51,8.465,712.94,101345.71
TWB14,Uvalde_2020_02,29.60214,-99.73007,436.7784,6/28/21,p,2021,05/09/2021 14:30 CDT,96515,31.35,48.29,1.48,8.465,707.3,101335.87
TWB14,Uvalde_2020_02,29.60214,-99.73007,436.7784,6/28/21,p,2021,05/09/2021 14:35 CDT,96515,31.32,49.64,0.965,8.465,704.33,101335.53
TWB14,Uvalde_2020_02,29.60214,-99.73007,436.7784,6/28/21,p,2021,05/09/2021 14:40 CDT,96508,31.3,49.03,0.795,8.465,688.96,101329.16
TWB14,Uvalde_2020_02,29.60214,-99.73007,436.7784,6/28/21,p,2021,05/09/2021 14:45 CDT,96497,31.2,47.98,1.275,8.465,694.02,101317.46
TWB14,Uvalde_2020_02,29.60214,-99.73007,436.7784,6/28/21,p,2021,05/09/2021 14:50 CDT,96485,31.61,49.36,0.575,8.465,679.33,101301.29
TWB14,Uvalde_2020_02,29.60214,-99.73007,436.7784,6/28/21,p,2021,05/09/2021 14:55 CDT,96482,31.65,47.81,1.58,8.465,687.39,101296.38
TWB14,Uvalde_2020_02,29.60214,-99.73007,436.7784,6/28/21,p,2021,05/09/2021 15:00 CDT,96474,31.88,47.24,1.775,8.465,687.49,101284.61
TWB14,Uvalde_2020_02,29.60214,-99.73007,436.7784,6/28/21,p,2021,05/09/2021 15:05 CDT,96469,32.12,46.03,1.25,8.465,675.76,101275.51
TWB14,Uvalde_2020_02,29.60214,-99.73007,436.7784,6/28/21,p,2021,05/09/2021 15:10 CDT,96464,32.14,45.35,1.33,8.465,672.48,101267.86
TWB14,Uvalde_2020_02,29.60214,-99.73007,436.7784,6/28/21,p,2021,05/09/2021 15:15 CDT,96456,32.38,46.6,0.975,8.465,663.92,101257.52
TWB14,Uvalde_2020_02,29.60214,-99.73007,436.7784,6/28/21,p,2021,05/09/2021 15:20 CDT,96452,32.68,43.53,1.03,8.465,658.79,101249.35
TWB14,Uvalde_2020_02,29.60214,-99.73007,436.7784,6/28/21,p,2021,05/09/2021 15:25 CDT,96449,32.62,44.07,1.765,8.465,659.28,101243.95
TWB14,Uvalde_2020_02,29.60214,-99.73007,436.7784,6/28/21,p,2021,05/09/2021 15:30 CDT,96440,32.51,44.34,1.875,8.465,652.43,101236.42
TWB14,Uvalde_2020_02,29.60214,-99.73007,436.7784,6/28/21,p,2021,05/09/2021 15:35 CDT,96431,32.64,42.66,2.16,8.465,650.49,101225.23
TWB14,Uvalde_2020_02,29.60214,-99.73007,436.7784,6/28/21,p,2021,05/09/2021 15:40 CDT,96423,32.49,45.08,1.755,8.465,635.87,101218.41
TWB14,Uvalde_2020_02,29.60214,-99.73007,436.7784,6/28/21,p,2021,05/09/2021 15:45 CDT,96416,32.35,46.16,1.285,8.465,615.98,101212.97
TWB14,Uvalde_2020_02,29.60214,-99.73007,436.7784,6/28/21,p,2021,05/09/2021 15:50 CDT,96409,32.47,43.56,1.88,8.465,618.54,101205.33
TWB14,Uvalde_2020_02,29.60214,-99.73007,436.7784,6/28/21,p,2021,05/09/2021 15:55 CDT,96406,32.47,44.24,1.785,8.465,608.28,101202.49
TWB14,Uvalde_2020_02,29.60214,-99.73007,436.7784,6/28/21,p,2021,05/09/2021 16:00 CDT,96397,32.71,40.57,1.665,8.465,594.81,101190.21
TWB14,Uvalde_2020_02,29.60214,-99.73007,436.7784,6/28/21,p,2021,05/09/2021 16:05 CDT,96394,33.04,40.7,0.935,8.465,579.73,101181.47
TWB14,Uvalde_2020_02,29.60214,-99.73007,436.7784,6/28/21,p,2021,05/09/2021 16:10 CDT,96389,33.24,41.54,1.065,8.465,575.27,101173.81
TWB14,Uvalde_2020_02,29.60214,-99.73007,436.7784,6/28/21,p,2021,05/09/2021 16:15 CDT,96373,33.33,38.95,1.16,8.465,570.66,101155.62
TWB14,Uvalde_2020_02,29.60214,-99.73007,436.7784,6/28/21,p,2021,05/09/2021 16:20 CDT,96365,33.62,39.42,1.095,8.465,562.86,101143.87
TWB14,Uvalde_2020_02,29.60214,-99.73007,436.7784,6/28/21,p,2021,05/09/2021 16:25 CDT,96364,33.72,41.14,1.15,8.465,553.47,101139.62
TWB14,Uvalde_2020_02,29.60214,-99.73007,436.7784,6/28/21,p,2021,05/09/2021 16:30 CDT,96356,33.78,37.94,1.045,8.465,541.51,101129.36
TWB14,Uvalde_2020_02,29.60214,-99.73007,436.7784,6/28/21,p,2021,05/09/2021 16:35 CDT,96352,33.85,41.2,1.255,8.465,537.72,101123.37
TWB14,Uvalde_2020_02,29.60214,-99.73007,436.7784,6/28/21,p,2021,05/09/2021 16:40 CDT,96345,33.74,37.57,1.455,8.465,529.27,101117.5
TWB14,Uvalde_2020_02,29.60214,-99.73007,436.7784,6/28/21,p,2021,05/09/2021 16:45 CDT,96337,33.7,37.94,1.045,8.465,515.45,101110.37
TWB14,Uvalde_2020_02,29.60214,-99.73007,436.7784,6/28/21,p,2021,05/09/2021 16:50 CDT,96336,34.04,42.18,0.8,8.465,483.22,101106.09
TWB14,Uvalde_2020_02,29.60214,-99.73007,436.7784,6/28/21,p,2021,05/09/2021 16:55 CDT,96327,33.86,41.1,2.34,8.465,487.73,101095.71
TWB14,Uvalde_2020_02,29.60214,-99.73007,436.7784,6/28/21,p,2021,05/09/2021 17:00 CDT,96322,33.48,43.89,2.46,8.465,478.03,101096.14
TWB14,Uvalde_2020_02,29.60214,-99.73007,436.7784,6/28/21,p,2021,05/09/2021 17:05 CDT,96314,33.05,43.59,2.58,8.465,466.27,101094.11
TWB14,Uvalde_2020_02,29.60214,-99.73007,436.7784,6/28/21,p,2021,05/09/2021 17:10 CDT,96309,33.04,44.53,2.755,8.465,455.85,101091.56
TWB14,Uvalde_2020_02,29.60214,-99.73007,436.7784,6/28/21,p,2021,05/09/2021 17:15 CDT,96309,33.05,47.02,1.975,8.465,441.82,101092.64
TWB14,Uvalde_2020_02,29.60214,-99.73007,436.7784,6/28/21,p,2021,05/09/2021 17:20 CDT,96305,33.23,42.82,2.085,8.465,428.64,101086.74
TWB14,Uvalde_2020_02,29.60214,-99.73007,436.7784,6/28/21,p,2021,05/09/2021 17:25 CDT,96298,33.26,43.19,1.77,8.465,414.66,101078.59
TWB14,Uvalde_2020_02,29.60214,-99.73007,436.7784,6/28/21,p,2021,05/09/2021 17:30 CDT,96296,33.25,43.49,2.51,8.465,409.68,101075.85
TWB14,Uvalde_2020_02,29.60214,-99.73007,436.7784,6/28/21,p,2021,05/09/2021 17:35 CDT,96298,33.2,44.8,1.88,8.465,389.24,101079.37
TWB14,Uvalde_2020_02,29.60214,-99.73007,436.7784,6/28/21,p,2021,05/09/2021 17:40 CDT,96299,33.22,42.75,1.665,8.465,375.73,101079.81
TWB14,Uvalde_2020_02,29.60214,-99.73007,436.7784,6/28/21,p,2021,05/09/2021 17:45 CDT,96300,33.21,43.22,1.88,8.465,364.58,101080.37
TWB14,Uvalde_2020_02,29.60214,-99.73007,436.7784,6/28/21,p,2021,05/09/2021 17:50 CDT,96299,33.11,43.86,2.175,8.465,350.87,101080.59
TWB14,Uvalde_2020_02,29.60214,-99.73007,436.7784,6/28/21,p,2021,05/09/2021 17:55 CDT,96295,33.12,44.2,1.74,8.465,337.36,101076.86
TWB14,Uvalde_2020_02,29.60214,-99.73007,436.7784,6/28/21,p,2021,05/09/2021 18:00 CDT,96290,33.14,43.56,1.795,8.465,324.1,101071.78
TWB14,Uvalde_2020_02,29.60214,-99.73007,436.7784,6/28/21,p,2021,05/09/2021 18:05 CDT,96290,33.28,43.39,2.115,8.465,312.05,101070.83
TWB14,Uvalde_2020_02,29.60214,-99.73007,436.7784,6/28/21,p,2021,05/09/2021 18:10 CDT,96289,33.11,44.3,1.955,8.465,300.46,101071.2
TWB14,Uvalde_2020_02,29.60214,-99.73007,436.7784,6/28/21,p,2021,05/09/2021 18:15 CDT,96277,32.91,45.37,2.025,8.465,286.36,101060.99
TWB14,Uvalde_2020_02,29.60214,-99.73007,436.7784,6/28/21,p,2021,05/09/2021 18:20 CDT,96276,33.07,45.74,1.445,8.465,244.46,101059.61
TWB14,Uvalde_2020_02,29.60214,-99.73007,436.7784,6/28/21,p,2021,05/09/2021 18:25 CDT,96284,33.07,44.74,1.905,8.465,255.99,101067.7
TWB14,Uvalde_2020_02,29.60214,-99.73007,436.7784,6/28/21,p,2021,05/09/2021 18:30 CDT,96285,32.94,43.53,1.93,8.465,243.75,101070.05
TWB14,Uvalde_2020_02,29.60214,-99.73007,436.7784,6/28/21,p,2021,05/09/2021 18:35 CDT,96286,32.82,44.44,2.06,8.465,230.17,101072.84
TWB14,Uvalde_2020_02,29.60214,-99.73007,436.7784,6/28/21,p,2021,05/09/2021 18:40 CDT,96287,32.6,45.82,2.88,8.465,221.4,101077.23
TWB14,Uvalde_2020_02,29.60214,-99.73007,436.7784,6/28/21,p,2021,05/09/2021 18:45 CDT,96290,32.6,45.62,2.6,8.465,202.16,101081.98
TWB14,Uvalde_2020_02,29.60214,-99.73007,436.7784,6/28/21,p,2021,05/09/2021 18:50 CDT,96297,32.44,43.56,2.865,8.465,187.87,101091.44
TWB14,Uvalde_2020_02,29.60214,-99.73007,436.7784,6/28/21,p,2021,05/09/2021 18:55 CDT,96301,32.23,45.21,2.87,8.465,177.29,101099.15
TWB14,Uvalde_2020_02,29.60214,-99.73007,436.7784,6/28/21,p,2021,05/09/2021 19:00 CDT,96310,32.03,45.15,2.895,8.465,162.89,101112.13
TWB14,Uvalde_2020_02,29.60214,-99.73007,436.7784,6/28/21,p,2021,05/09/2021 19:05 CDT,96310,31.89,46.23,2.765,8.465,149.15,101115.01
TWB14,Uvalde_2020_02,29.60214,-99.73007,436.7784,6/28/21,p,2021,05/09/2021 19:10 CDT,96312,31.71,46.97,3.04,8.465,137.52,101120
TWB14,Uvalde_2020_02,29.60214,-99.73007,436.7784,6/28/21,p,2021,05/09/2021 19:15 CDT,96316,31.59,47.1,3.055,8.465,123.74,101126.3
TWB14,Uvalde_2020_02,29.60214,-99.73007,436.7784,6/28/21,p,2021,05/09/2021 19:20 CDT,96310,31.46,47.44,2.715,8.465,110.41,101122.25
TWB14,Uvalde_2020_02,29.60214,-99.73007,436.7784,6/28/21,p,2021,05/09/2021 19:25 CDT,96315,31.35,47.01,2.465,8.465,96.9,101129.45
TWB14,Uvalde_2020_02,29.60214,-99.73007,436.7784,6/28/21,p,2021,05/09/2021 19:30 CDT,96323,31.22,47.51,2.575,8.465,86.13,101139.62
TWB14,Uvalde_2020_02,29.60214,-99.73007,436.7784,6/28/21,p,2021,05/09/2021 19:35 CDT,96325,31.07,47.65,2.29,8.465,74.11,101144.63
TWB14,Uvalde_2020_02,29.60214,-99.73007,436.7784,6/28/21,p,2021,05/09/2021 19:40 CDT,96326,30.92,47.92,3.01,8.465,63.79,101148.43
TWB14,Uvalde_2020_02,29.60214,-99.73007,436.7784,6/28/21,p,2021,05/09/2021 19:45 CDT,96326,30.75,47.72,2.77,8.465,52.58,101151.35
TWB14,Uvalde_2020_02,29.60214,-99.73007,436.7784,6/28/21,p,2021,05/09/2021 19:50 CDT,96327,30.57,48.43,2.445,8.465,36.33,101155.64
TWB14,Uvalde_2020_02,29.60214,-99.73007,436.7784,6/28/21,p,2021,05/09/2021 19:55 CDT,96330,30.39,49.07,2.07,8.465,23.48,101161.88
TWB14,Uvalde_2020_02,29.60214,-99.73007,436.7784,6/28/21,p,2021,05/09/2021 20:00 CDT,96338,30.26,49.2,2.14,8.465,18.56,101172.72
TWB14,Uvalde_2020_02,29.60214,-99.73007,436.7784,6/28/21,p,2021,05/09/2021 20:05 CDT,96343,30.06,49.61,1.935,8.465,14.5,101180.57
TWB14,Uvalde_2020_02,29.60214,-99.73007,436.7784,6/28/21,p,2021,05/09/2021 20:10 CDT,96354,29.85,50.55,2.01,8.465,10.58,101195.71
TWB14,Uvalde_2020_02,29.60214,-99.73007,436.7784,6/28/21,p,2021,05/09/2021 20:15 CDT,96359,29.65,50.76,1.995,8.465,7.35,101204.88
TWB14,Uvalde_2020_02,29.60214,-99.73007,436.7784,6/28/21,p,2021,05/09/2021 20:20 CDT,96360,29.53,50.96,2.16,8.465,4.09,101208.87
TWB14,Uvalde_2020_02,29.60214,-99.73007,436.7784,6/28/21,p,2021,05/09/2021 20:25 CDT,96369,29.37,51.63,1.65,8.465,2.74,101220.45
TWB14,Uvalde_2020_02,29.60214,-99.73007,436.7784,6/28/21,p,2021,05/09/2021 20:30 CDT,96375,29.16,52.78,1.255,8.465,1.7,101230.19
TWB14,Uvalde_2020_02,29.60214,-99.73007,436.7784,6/28/21,p,2021,05/09/2021 20:35 CDT,96387,28.97,52.38,1.525,8.465,0.52,101246.74
TWB14,Uvalde_2020_02,29.60214,-99.73007,436.7784,6/28/21,p,2021,05/09/2021 20:40 CDT,96392,28.87,53.22,1.285,8.465,0.13,101253.14
TWB14,Uvalde_2020_02,29.60214,-99.73007,436.7784,6/28/21,p,2021,05/09/2021 20:45 CDT,96394,28.75,54,1.23,8.465,0.08,101258.03
TWB14,Uvalde_2020_02,29.60214,-99.73007,436.7784,6/28/21,p,2021,05/09/2021 20:50 CDT,96395,28.59,54.27,1.42,8.465,0.08,101262.21
TWB14,Uvalde_2020_02,29.60214,-99.73007,436.7784,6/28/21,p,2021,05/09/2021 20:55 CDT,96399,28.51,54.07,1.6,8.465,0,101268.56
TWB14,Uvalde_2020_02,29.60214,-99.73007,436.7784,6/28/21,p,2021,05/09/2021 21:00 CDT,96403,28.39,54.75,1.32,8.465,0,101274.08
TWB14,Uvalde_2020_02,29.60214,-99.73007,436.7784,6/28/21,p,2021,05/09/2021 21:05 CDT,96405,28.24,55.09,1.33,8.465,0.03,101279.32
TWB14,Uvalde_2020_02,29.60214,-99.73007,436.7784,6/28/21,p,2021,05/09/2021 21:10 CDT,96413,28.02,55.13,1.34,8.465,0.08,101291.03
TWB14,Uvalde_2020_02,29.60214,-99.73007,436.7784,6/28/21,p,2021,05/09/2021 21:15 CDT,96421,27.86,55.5,1.24,8.465,0.01,101301.75
TWB14,Uvalde_2020_02,29.60214,-99.73007,436.7784,6/28/21,p,2021,05/09/2021 21:20 CDT,96429,27.75,55.43,1.135,8.465,0.03,101312.48
TWB14,Uvalde_2020_02,29.60214,-99.73007,436.7784,6/28/21,p,2021,05/09/2021 21:25 CDT,96431,27.79,54.49,1.425,8.465,0,101314.76
TWB14,Uvalde_2020_02,29.60214,-99.73007,436.7784,6/28/21,p,2021,05/09/2021 21:30 CDT,96433,27.83,54.96,1.255,8.465,0,101315.36
TWB14,Uvalde_2020_02,29.60214,-99.73007,436.7784,6/28/21,p,2021,05/09/2021 21:35 CDT,96443,27.74,56.11,0.965,8.465,0.08,101327.35
TWB14,Uvalde_2020_02,29.60214,-99.73007,436.7784,6/28/21,p,2021,05/09/2021 21:40 CDT,96451,27.57,56.85,1.28,8.465,0.3,101338.58
TWB14,Uvalde_2020_02,29.60214,-99.73007,436.7784,6/28/21,p,2021,05/09/2021 21:45 CDT,96460,27.27,59.45,0.68,8.465,0.96,101353.83
TWB14,Uvalde_2020_02,29.60214,-99.73007,436.7784,6/28/21,p,2021,05/09/2021 21:50 CDT,96464,27.03,61.07,0.69,8.465,1.07,101364.03
TWB14,Uvalde_2020_02,29.60214,-99.73007,436.7784,6/28/21,p,2021,05/09/2021 21:55 CDT,96469,26.76,62.99,0.585,8.465,1.49,101376.63
TWB14,Uvalde_2020_02,29.60214,-99.73007,436.7784,6/28/21,p,2021,05/09/2021 22:00 CDT,96475,26.49,64.74,0.585,8.465,1.16,101389.64
TWB14,Uvalde_2020_02,29.60214,-99.73007,436.7784,6/28/21,p,2021,05/09/2021 22:05 CDT,96481,26.13,66.66,0.3,8.465,1.28,101402.83
TWB14,Uvalde_2020_02,29.60214,-99.73007,436.7784,6/28/21,p,2021,05/09/2021 22:10 CDT,96492,25.76,69.6,0.345,8.465,1.33,101421.29
TWB14,Uvalde_2020_02,29.60214,-99.73007,436.7784,6/28/21,p,2021,05/09/2021 22:15 CDT,96497,25.06,71.35,0.255,8.465,1.66,101436.36
TWB14,Uvalde_2020_02,29.60214,-99.73007,436.7784,6/28/21,p,2021,05/09/2021 22:20 CDT,96508,24.71,74.86,0.51,8.465,1.05,101454.52
TWB14,Uvalde_2020_02,29.60214,-99.73007,436.7784,6/28/21,p,2021,05/09/2021 22:25 CDT,96519,24.42,73.04,0.54,8.465,0.5,101470.02
TWB14,Uvalde_2020_02,29.60214,-99.73007,436.7784,6/28/21,p,2021,05/09/2021 22:30 CDT,96532,24.33,73.28,0.79,8.465,0,101486.76
TWB14,Uvalde_2020_02,29.60214,-99.73007,436.7784,6/28/21,p,2021,05/09/2021 22:35 CDT,96547,24.55,73.14,0.77,8.465,0,101504.41
TWB14,Uvalde_2020_02,29.60214,-99.73007,436.7784,6/28/21,p,2021,05/09/2021 22:40 CDT,96552,24.75,73.79,0.74,8.465,0,101509.32
TWB14,Uvalde_2020_02,29.60214,-99.73007,436.7784,6/28/21,p,2021,05/09/2021 22:45 CDT,96560,25.08,74,0.92,8.465,0,101512.6
TWB14,Uvalde_2020_02,29.60214,-99.73007,436.7784,6/28/21,p,2021,05/09/2021 22:50 CDT,96581,25.91,71.75,1.78,8.465,0,101517.02
TWB14,Uvalde_2020_02,29.60214,-99.73007,436.7784,6/28/21,p,2021,05/09/2021 22:55 CDT,96597,26.61,70.7,2.3,8.465,0,101515.11
TWB14,Uvalde_2020_02,29.60214,-99.73007,436.7784,6/28/21,p,2021,05/09/2021 23:00 CDT,96611,26.92,71.18,2.515,8.465,0,101519.41
TWB14,Uvalde_2020_02,29.60214,-99.73007,436.7784,6/28/21,p,2021,05/09/2021 23:05 CDT,96621,27.08,71.82,2.425,8.465,0,101524.56
TWB14,Uvalde_2020_02,29.60214,-99.73007,436.7784,6/28/21,p,2021,05/09/2021 23:10 CDT,96634,27.15,72.02,1.92,8.465,0,101535.37
TWB14,Uvalde_2020_02,29.60214,-99.73007,436.7784,6/28/21,p,2021,05/09/2021 23:15 CDT,96644,27.13,73.13,2.15,8.465,0,101545.37
TWB14,Uvalde_2020_02,29.60214,-99.73007,436.7784,6/28/21,p,2021,05/09/2021 23:20 CDT,96643,27.1,73.94,2.585,8.465,0,101544.31
TWB14,Uvalde_2020_02,29.60214,-99.73007,436.7784,6/28/21,p,2021,05/09/2021 23:25 CDT,96641,27.03,75.01,2.065,8.465,0.16,101543.03
TWB14,Uvalde_2020_02,29.60214,-99.73007,436.7784,6/28/21,p,2021,05/09/2021 23:30 CDT,96638,26.92,75.81,2.385,8.465,0.23,101541.71
TWB14,Uvalde_2020_02,29.60214,-99.73007,436.7784,6/28/21,p,2021,05/09/2021 23:35 CDT,96642,26.8,77.12,1.915,8.05,0.14,101548.08
TWB14,Uvalde_2020_02,29.60214,-99.73007,436.7784,6/28/21,p,2021,05/09/2021 23:40 CDT,96657,26.71,77.63,2.155,8.05,0,101565.84
TWB14,Uvalde_2020_02,29.60214,-99.73007,436.7784,6/28/21,p,2021,05/09/2021 23:45 CDT,96666,26.68,77.96,1.5,8.05,0,101575.63
TWB14,Uvalde_2020_02,29.60214,-99.73007,436.7784,6/28/21,p,2021,05/09/2021 23:50 CDT,96668,26.63,78.27,1.925,8.05,0,101578.57
TWB14,Uvalde_2020_02,29.60214,-99.73007,436.7784,6/28/21,p,2021,05/09/2021 23:55 CDT,96660,26.52,78.7,2.015,8.05,0.04,101571.67
TWB14,Uvalde_2020_02,29.60214,-99.73007,436.7784,6/28/21,p,2021,05/10/2021 00:00 CDT,96659,26.47,78.87,2.09,8.05,0,101571.62
TWB14,Uvalde_2020_02,29.60214,-99.73007,436.7784,6/28/21,p,2021,05/10/2021 00:05 CDT,96660,26.35,79.11,2.13,8.05,0,101574.85
TWB14,Uvalde_2020_02,29.60214,-99.73007,436.7784,6/28/21,p,2021,05/10/2021 00:10 CDT,96659,26.28,79.38,1.64,8.05,0,101574.97
TWB14,Uvalde_2020_02,29.60214,-99.73007,436.7784,6/28/21,p,2021,05/10/2021 00:15 CDT,96656,26.19,79.98,1.33,8.05,0.11,101572.82
TWB14,Uvalde_2020_02,29.60214,-99.73007,436.7784,6/28/21,p,2021,05/10/2021 00:20 CDT,96638,26.09,80.2,1.565,8.05,0,101556.26
TWB14,Uvalde_2020_02,29.60214,-99.73007,436.7784,6/28/21,p,2021,05/10/2021 00:25 CDT,96644,26,80.9,1.13,8.05,0.02,101564.07
TWB14,Uvalde_2020_02,29.60214,-99.73007,436.7784,6/28/21,p,2021,05/10/2021 00:30 CDT,96648,25.92,81,1.165,8.05,0.06,101569.62
TWB14,Uvalde_2020_02,29.60214,-99.73007,436.7784,6/28/21,p,2021,05/10/2021 00:35 CDT,96658,25.85,81.2,1.545,8.05,0,101581.81
TWB14,Uvalde_2020_02,29.60214,-99.73007,436.7784,6/28/21,p,2021,05/10/2021 00:40 CDT,96654,25.75,81.8,1.17,8.05,0.05,101579.12
TWB14,Uvalde_2020_02,29.60214,-99.73007,436.7784,6/28/21,p,2021,05/10/2021 00:45 CDT,96657,25.66,82.2,1.155,8.05,0.01,101583.79
TWB14,Uvalde_2020_02,29.60214,-99.73007,436.7784,6/28/21,p,2021,05/10/2021 00:50 CDT,96655,25.59,82.3,1.065,8.05,0,101583.04
TWB14,Uvalde_2020_02,29.60214,-99.73007,436.7784,6/28/21,p,2021,05/10/2021 00:55 CDT,96652,25.5,82.9,1.3,8.05,0.02,101581.57
TWB14,Uvalde_2020_02,29.60214,-99.73007,436.7784,6/28/21,p,2021,05/10/2021 01:00 CDT,96658,25.45,83,1.24,8.05,0,101588.72
TWB14,Uvalde_2020_02,29.60214,-99.73007,436.7784,6/28/21,p,2021,05/10/2021 01:05 CDT,96669,25.41,83.1,1.215,8.05,0,101601.29
TWB14,Uvalde_2020_02,29.60214,-99.73007,436.7784,6/28/21,p,2021,05/10/2021 01:10 CDT,96666,25.35,83.3,0.47,8.05,0,101598.47
TWB14,Uvalde_2020_02,29.60214,-99.73007,436.7784,6/28/21,p,2021,05/10/2021 01:15 CDT,96660,25.22,83.8,0.96,8.05,0,101594.19
TWB14,Uvalde_2020_02,29.60214,-99.73007,436.7784,6/28/21,p,2021,05/10/2021 01:20 CDT,96661,25.17,83.6,1.08,8.05,0,101596.26
TWB14,Uvalde_2020_02,29.60214,-99.73007,436.7784,6/28/21,p,2021,05/10/2021 01:25 CDT,96661,25.12,84,1.205,8.05,0,101597.11
TWB14,Uvalde_2020_02,29.60214,-99.73007,436.7784,6/28/21,p,2021,05/10/2021 01:30 CDT,96660,25.08,84.4,1.345,8.05,0,101596.73
TWB14,Uvalde_2020_02,29.60214,-99.73007,436.7784,6/28/21,p,2021,05/10/2021 01:35 CDT,96659,25.01,84.4,1.93,8.05,0,101597.37
TWB14,Uvalde_2020_02,29.60214,-99.73007,436.7784,6/28/21,p,2021,05/10/2021 01:40 CDT,96661,24.97,84.4,1.79,8.05,0,101599.81
TWB14,Uvalde_2020_02,29.60214,-99.73007,436.7784,6/28/21,p,2021,05/10/2021 01:45 CDT,96660,24.92,84.5,1.095,8.05,0,101599.27
TWB14,Uvalde_2020_02,29.60214,-99.73007,436.7784,6/28/21,p,2021,05/10/2021 01:50 CDT,96659,24.87,85,1.885,8.05,0,101599.06
TWB14,Uvalde_2020_02,29.60214,-99.73007,436.7784,6/28/21,p,2021,05/10/2021 01:55 CDT,96661,24.83,84.7,1.975,8.05,0,101602.02
TWB14,Uvalde_2020_02,29.60214,-99.73007,436.7784,6/28/21,p,2021,05/10/2021 02:00 CDT,96658,24.76,84.8,2.17,8.05,0,101599.71
TWB14,Uvalde_2020_02,29.60214,-99.73007,436.7784,6/28/21,p,2021,05/10/2021 02:05 CDT,96650,24.72,85.1,1.93,8.05,0,101591.98
TWB14,Uvalde_2020_02,29.60214,-99.73007,436.7784,6/28/21,p,2021,05/10/2021 02:10 CDT,96646,24.63,85.5,1.315,8.05,0,101589.13
TWB14,Uvalde_2020_02,29.60214,-99.73007,436.7784,6/28/21,p,2021,05/10/2021 02:15 CDT,96646,24.58,85.8,1.42,8.05,0,101589.97
TWB14,Uvalde_2020_02,29.60214,-99.73007,436.7784,6/28/21,p,2021,05/10/2021 02:20 CDT,96653,24.62,85.3,2.01,8.05,0,101597.51
TWB14,Uvalde_2020_02,29.60214,-99.73007,436.7784,6/28/21,p,2021,05/10/2021 02:25 CDT,96650,24.7,85.1,1.865,8.05,0,101593
TWB14,Uvalde_2020_02,29.60214,-99.73007,436.7784,6/28/21,p,2021,05/10/2021 02:30 CDT,96653,24.74,84.8,1.725,8.05,0,101595.13
TWB14,Uvalde_2020_02,29.60214,-99.73007,436.7784,6/28/21,p,2021,05/10/2021 02:35 CDT,96651,24.8,84.5,2.005,8.05,0,101591.85
TWB14,Uvalde_2020_02,29.60214,-99.73007,436.7784,6/28/21,p,2021,05/10/2021 02:40 CDT,96647,24.83,84.4,1.88,8.05,0,101586.96
TWB14,Uvalde_2020_02,29.60214,-99.73007,436.7784,6/28/21,p,2021,05/10/2021 02:45 CDT,96648,24.86,84.4,1.92,8.05,0,101587.17
TWB14,Uvalde_2020_02,29.60214,-99.73007,436.7784,6/28/21,p,2021,05/10/2021 02:50 CDT,96640,24.84,84.4,2.09,8.05,0,101578.76
TWB14,Uvalde_2020_02,29.60214,-99.73007,436.7784,6/28/21,p,2021,05/10/2021 02:55 CDT,96638,24.83,84.4,2.005,8.05,0,101576.82
TWB14,Uvalde_2020_02,29.60214,-99.73007,436.7784,6/28/21,p,2021,05/10/2021 03:00 CDT,96638,24.84,84.3,1.775,8.05,0,101576.83
TWB14,Uvalde_2020_02,29.60214,-99.73007,436.7784,6/28/21,p,2021,05/10/2021 03:05 CDT,96644,24.82,84.4,1.675,8.05,0,101583.13
TWB14,Uvalde_2020_02,29.60214,-99.73007,436.7784,6/28/21,p,2021,05/10/2021 03:10 CDT,96642,24.81,84.4,1.41,8.05,0,101581.03
TWB14,Uvalde_2020_02,29.60214,-99.73007,436.7784,6/28/21,p,2021,05/10/2021 03:15 CDT,96650,24.78,84.7,1.765,8.05,0,101589.94
TWB14,Uvalde_2020_02,29.60214,-99.73007,436.7784,6/28/21,p,2021,05/10/2021 03:20 CDT,96656,24.76,84.7,1.75,8.05,0,101596.76
TWB14,Uvalde_2020_02,29.60214,-99.73007,436.7784,6/28/21,p,2021,05/10/2021 03:25 CDT,96655,24.74,84.8,1.3,8.05,0,101595.71
TWB14,Uvalde_2020_02,29.60214,-99.73007,436.7784,6/28/21,p,2021,05/10/2021 03:30 CDT,96649,24.72,84.8,1.765,8.05,0,101589.74
TWB14,Uvalde_2020_02,29.60214,-99.73007,436.7784,6/28/21,p,2021,05/10/2021 03:35 CDT,96646,24.71,84.8,1.665,8.05,0,101587.1
TWB14,Uvalde_2020_02,29.60214,-99.73007,436.7784,6/28/21,p,2021,05/10/2021 03:40 CDT,96647,24.7,84.9,1.545,8.05,0,101588.32
TWB14,Uvalde_2020_02,29.60214,-99.73007,436.7784,6/28/21,p,2021,05/10/2021 03:45 CDT,96653,24.69,84.9,1.41,8.05,0,101594.79
TWB14,Uvalde_2020_02,29.60214,-99.73007,436.7784,6/28/21,p,2021,05/10/2021 03:50 CDT,96648,24.67,85,1.57,8.05,0,101589.71
TWB14,Uvalde_2020_02,29.60214,-99.73007,436.7784,6/28/21,p,2021,05/10/2021 03:55 CDT,96648,24.65,85.1,1.25,8.05,0,101590.04
TWB14,Uvalde_2020_02,29.60214,-99.73007,436.7784,6/28/21,p,2021,05/10/2021 04:00 CDT,96645,24.61,85.2,0.805,8.05,0.15,101587.57
TWB14,Uvalde_2020_02,29.60214,-99.73007,436.7784,6/28/21,p,2021,05/10/2021 04:05 CDT,96642,24.56,85.6,1.37,8.05,0.22,101585.26
TWB14,Uvalde_2020_02,29.60214,-99.73007,436.7784,6/28/21,p,2021,05/10/2021 04:10 CDT,96644,24.5,85.8,1.215,8.05,0.04,101588.21
TWB14,Uvalde_2020_02,29.60214,-99.73007,436.7784,6/28/21,p,2021,05/10/2021 04:15 CDT,96641,24.47,85.9,1.82,8.05,0,101585.74
TWB14,Uvalde_2020_02,29.60214,-99.73007,436.7784,6/28/21,p,2021,05/10/2021 04:20 CDT,96642,24.43,86,1.59,8.05,0,101587.64
TWB14,Uvalde_2020_02,29.60214,-99.73007,436.7784,6/28/21,p,2021,05/10/2021 04:25 CDT,96645,24.38,86.3,1.625,8.05,0,101591.98
TWB14,Uvalde_2020_02,29.60214,-99.73007,436.7784,6/28/21,p,2021,05/10/2021 04:30 CDT,96646,24.32,86.5,1.465,8.05,0,101594.05
TWB14,Uvalde_2020_02,29.60214,-99.73007,436.7784,6/28/21,p,2021,05/10/2021 04:35 CDT,96653,24.3,86.5,1.57,8.05,0,101601.75
TWB14,Uvalde_2020_02,29.60214,-99.73007,436.7784,6/28/21,p,2021,05/10/2021 04:40 CDT,96659,24.29,86.6,1.34,8.05,0,101608.23
TWB14,Uvalde_2020_02,29.60214,-99.73007,436.7784,6/28/21,p,2021,05/10/2021 04:45 CDT,96663,24.29,86.7,1.28,8.05,0,101612.43
TWB14,Uvalde_2020_02,29.60214,-99.73007,436.7784,6/28/21,p,2021,05/10/2021 04:50 CDT,96665,24.28,86.6,1.13,8.05,0,101614.7
TWB14,Uvalde_2020_02,29.60214,-99.73007,436.7784,6/28/21,p,2021,05/10/2021 04:55 CDT,96672,24.26,86.7,1.62,8.05,0,101622.57
TWB14,Uvalde_2020_02,29.60214,-99.73007,436.7784,6/28/21,p,2021,05/10/2021 05:00 CDT,96672,24.23,86.8,1.555,8.05,0,101622.91
TWB14,Uvalde_2020_02,29.60214,-99.73007,436.7784,6/28/21,p,2021,05/10/2021 05:05 CDT,96680,24.21,86.9,1.385,8.05,0,101631.83
TWB14,Uvalde_2020_02,29.60214,-99.73007,436.7784,6/28/21,p,2021,05/10/2021 05:10 CDT,96685,24.17,87,1.35,8.05,0,101637.77
TWB14,Uvalde_2020_02,29.60214,-99.73007,436.7784,6/28/21,p,2021,05/10/2021 05:15 CDT,96687,24.12,87.2,1,8.05,0,101640.72
TWB14,Uvalde_2020_02,29.60214,-99.73007,436.7784,6/28/21,p,2021,05/10/2021 05:20 CDT,96686,24.05,87.3,1,8.05,0.02,101640.86
TWB14,Uvalde_2020_02,29.60214,-99.73007,436.7784,6/28/21,p,2021,05/10/2021 05:25 CDT,96684,23.99,87.7,1.16,8.05,0,101639.44
TWB14,Uvalde_2020_02,29.60214,-99.73007,436.7784,6/28/21,p,2021,05/10/2021 05:30 CDT,96682,23.97,87.4,1.13,8.05,0,101637.85
TWB14,Uvalde_2020_02,29.60214,-99.73007,436.7784,6/28/21,p,2021,05/10/2021 05:35 CDT,96679,23.91,87.6,0.775,8.05,0.03,101635.55
TWB14,Uvalde_2020_02,29.60214,-99.73007,436.7784,6/28/21,p,2021,05/10/2021 05:40 CDT,96677,23.89,87.7,1.635,8.05,0,101634.81
TWB14,Uvalde_2020_02,29.60214,-99.73007,436.7784,6/28/21,p,2021,05/10/2021 05:45 CDT,96678,23.84,87.6,0.63,8.05,0,101636.55
TWB14,Uvalde_2020_02,29.60214,-99.73007,436.7784,6/28/21,p,2021,05/10/2021 05:50 CDT,96686,23.77,88,0.765,8.05,0.02,101645.81
TWB14,Uvalde_2020_02,29.60214,-99.73007,436.7784,6/28/21,p,2021,05/10/2021 05:55 CDT,96695,23.76,87.9,0.97,8.05,0,101655.78
TWB14,Uvalde_2020_02,29.60214,-99.73007,436.7784,6/28/21,p,2021,05/10/2021 06:00 CDT,96702,23.74,87.9,1.145,8.05,0,101663.66
TWB14,Uvalde_2020_02,29.60214,-99.73007,436.7784,6/28/21,p,2021,05/10/2021 06:05 CDT,96708,23.66,88.2,0.635,8.05,0,101670.99
TWB14,Uvalde_2020_02,29.60214,-99.73007,436.7784,6/28/21,p,2021,05/10/2021 06:10 CDT,96699,23.57,88.3,0.505,8.05,0.11,101663.24
TWB14,Uvalde_2020_02,29.60214,-99.73007,436.7784,6/28/21,p,2021,05/10/2021 06:15 CDT,96698,23.54,88.5,1.145,8.05,0,101663.21
TWB14,Uvalde_2020_02,29.60214,-99.73007,436.7784,6/28/21,p,2021,05/10/2021 06:20 CDT,96704,23.53,88.7,0.71,8.05,0,101669.86
TWB14,Uvalde_2020_02,29.60214,-99.73007,436.7784,6/28/21,p,2021,05/10/2021 06:25 CDT,96713,23.49,88.8,0.905,8.05,0,101679.66
TWB14,Uvalde_2020_02,29.60214,-99.73007,436.7784,6/28/21,p,2021,05/10/2021 06:30 CDT,96723,23.42,89,0.355,8.05,0.01,101691.55
TWB14,Uvalde_2020_02,29.60214,-99.73007,436.7784,6/28/21,p,2021,05/10/2021 06:35 CDT,96723,23.36,89.4,0.64,8.05,0,101692.75
TWB14,Uvalde_2020_02,29.60214,-99.73007,436.7784,6/28/21,p,2021,05/10/2021 06:40 CDT,96716,23.34,89.2,0.69,8.05,0.12,101685.9
TWB14,Uvalde_2020_02,29.60214,-99.73007,436.7784,6/28/21,p,2021,05/10/2021 06:45 CDT,96723,23.33,89.5,0.82,8.05,0.64,101693.43
TWB14,Uvalde_2020_02,29.60214,-99.73007,436.7784,6/28/21,p,2021,05/10/2021 06:50 CDT,96725,23.35,89.3,0.81,8.05,1.63,101695.19
TWB14,Uvalde_2020_02,29.60214,-99.73007,436.7784,6/28/21,p,2021,05/10/2021 06:55 CDT,96725,23.35,89.3,0.93,8.05,3.24,101695.36
TWB14,Uvalde_2020_02,29.60214,-99.73007,436.7784,6/28/21,p,2021,05/10/2021 07:00 CDT,96725,23.41,89.1,1.05,8.05,6.3,101694.34
TWB14,Uvalde_2020_02,29.60214,-99.73007,436.7784,6/28/21,p,2021,05/10/2021 07:05 CDT,96726,23.39,89,1.145,8.05,11.74,101695.39
TWB14,Uvalde_2020_02,29.60214,-99.73007,436.7784,6/28/21,p,2021,05/10/2021 07:10 CDT,96730,23.45,88.7,0.56,8.05,18.07,101698.91
TWB14,Uvalde_2020_02,29.60214,-99.73007,436.7784,6/28/21,p,2021,05/10/2021 07:15 CDT,96737,23.49,88.6,0.155,8.05,26.25,101705.24
TWB14,Uvalde_2020_02,29.60214,-99.73007,436.7784,6/28/21,p,2021,05/10/2021 07:20 CDT,96738,23.53,88.3,0.39,8.05,30.89,101705.78
TWB14,Uvalde_2020_02,29.60214,-99.73007,436.7784,6/28/21,p,2021,05/10/2021 07:25 CDT,96741,23.58,88,1.04,8.05,29.74,101708.6
TWB14,Uvalde_2020_02,29.60214,-99.73007,436.7784,6/28/21,p,2021,05/10/2021 07:30 CDT,96749,23.64,87.6,0.615,8.05,36.34,101715.81
TWB14,Uvalde_2020_02,29.60214,-99.73007,436.7784,6/28/21,p,2021,05/10/2021 07:35 CDT,96749,23.75,87.2,0.505,8.05,49.49,101714.1
TWB14,Uvalde_2020_02,29.60214,-99.73007,436.7784,6/28/21,p,2021,05/10/2021 07:40 CDT,96752,23.92,86.4,0.265,8.05,54.65,101715.21
TWB14,Uvalde_2020_02,29.60214,-99.73007,436.7784,6/28/21,p,2021,05/10/2021 07:45 CDT,96752,24.02,86.4,0.62,8.05,60.2,101712.81
TWB14,Uvalde_2020_02,29.60214,-99.73007,436.7784,6/28/21,p,2021,05/10/2021 07:50 CDT,96753,24.1,85.1,0.705,8.05,54.82,101712
TWB14,Uvalde_2020_02,29.60214,-99.73007,436.7784,6/28/21,p,2021,05/10/2021 07:55 CDT,96762,24.15,84.8,1.02,8.05,56.61,101719.93
TWB14,Uvalde_2020_02,29.60214,-99.73007,436.7784,6/28/21,p,2021,05/10/2021 08:00 CDT,96764,24.18,84.3,1.305,8.05,56.76,101720.84
TWB14,Uvalde_2020_02,29.60214,-99.73007,436.7784,6/28/21,p,2021,05/10/2021 08:05 CDT,96766,24.17,84.7,1.47,8.05,65.12,101722.6
TWB14,Uvalde_2020_02,29.60214,-99.73007,436.7784,6/28/21,p,2021,05/10/2021 08:10 CDT,96771,24.19,84.5,1.43,8.05,69.27,101727.68
TWB14,Uvalde_2020_02,29.60214,-99.73007,436.7784,6/28/21,p,2021,05/10/2021 08:15 CDT,96777,24.21,84.7,1.285,8.05,79.54,101733.82
TWB14,Uvalde_2020_02,29.60214,-99.73007,436.7784,6/28/21,p,2021,05/10/2021 08:20 CDT,96779,24.26,84.4,1.415,8.05,73.01,101734.9
TWB14,Uvalde_2020_02,29.60214,-99.73007,436.7784,6/28/21,p,2021,05/10/2021 08:25 CDT,96783,24.28,84.1,1.79,8.05,71.6,101738.6
TWB14,Uvalde_2020_02,29.60214,-99.73007,436.7784,6/28/21,p,2021,05/10/2021 08:30 CDT,96788,24.27,84,2.145,8.05,73.37,101743.68
TWB14,Uvalde_2020_02,29.60214,-99.73007,436.7784,6/28/21,p,2021,05/10/2021 08:35 CDT,96790,24.29,83.4,1.915,8.05,76.24,101745.62
TWB14,Uvalde_2020_02,29.60214,-99.73007,436.7784,6/28/21,p,2021,05/10/2021 08:40 CDT,96793,24.34,83.8,0.975,8.05,86.24,101748.09
TWB14,Uvalde_2020_02,29.60214,-99.73007,436.7784,6/28/21,p,2021,05/10/2021 08:45 CDT,96802,24.44,82.6,1.935,8.05,107.15,101755.51
TWB14,Uvalde_2020_02,29.60214,-99.73007,436.7784,6/28/21,p,2021,05/10/2021 08:50 CDT,96806,24.55,83.5,1.255,8.05,138.22,101758.18
TWB14,Uvalde_2020_02,29.60214,-99.73007,436.7784,6/28/21,p,2021,05/10/2021 08:55 CDT,96816,24.75,81.9,1.695,8.05,136.02,101764.96
TWB14,Uvalde_2020_02,29.60214,-99.73007,436.7784,6/28/21,p,2021,05/10/2021 09:00 CDT,96824,24.77,81.5,2.07,8.05,152.26,101772.19
TWB14,Uvalde_2020_02,29.60214,-99.73007,436.7784,6/28/21,p,2021,05/10/2021 09:05 CDT,96823,24.89,80.8,1.62,8.05,135.3,101769.95
TWB14,Uvalde_2020_02,29.60214,-99.73007,436.7784,6/28/21,p,2021,05/10/2021 09:10 CDT,96823,24.91,80.5,1.96,8.05,131.21,101768.43
TWB14,Uvalde_2020_02,29.60214,-99.73007,436.7784,6/28/21,p,2021,05/10/2021 09:15 CDT,96822,24.86,80.5,2.24,8.05,101.12,101768.05
TWB14,Uvalde_2020_02,29.60214,-99.73007,436.7784,6/28/21,p,2021,05/10/2021 09:20 CDT,96828,24.82,79.98,1.685,8.05,108.14,101775.38
TWB14,Uvalde_2020_02,29.60214,-99.73007,436.7784,6/28/21,p,2021,05/10/2021 09:25 CDT,96835,24.85,80.4,2.455,8.05,114.01,101782.06
TWB14,Uvalde_2020_02,29.60214,-99.73007,436.7784,6/28/21,p,2021,05/10/2021 09:30 CDT,96839,24.83,79.65,2.26,8.05,143.52,101787.29
TWB14,Uvalde_2020_02,29.60214,-99.73007,436.7784,6/28/21,p,2021,05/10/2021 09:35 CDT,96837,24.9,80,2.135,8.05,172.13,101784.16
TWB14,Uvalde_2020_02,29.60214,-99.73007,436.7784,6/28/21,p,2021,05/10/2021 09:40 CDT,96845,25.06,78.4,2.34,8.05,194.3,101789.87
TWB14,Uvalde_2020_02,29.60214,-99.73007,436.7784,6/28/21,p,2021,05/10/2021 09:45 CDT,96840,25.26,77.31,2.12,8.05,241.44,101781.74
TWB14,Uvalde_2020_02,29.60214,-99.73007,436.7784,6/28/21,p,2021,05/10/2021 09:50 CDT,96840,25.51,75.8,2.74,8.05,414.39,101777.7
TWB14,Uvalde_2020_02,29.60214,-99.73007,436.7784,6/28/21,p,2021,05/10/2021 09:55 CDT,96842,25.91,75.25,2.195,8.05,317.77,101773.05
TWB14,Uvalde_2020_02,29.60214,-99.73007,436.7784,6/28/21,p,2021,05/10/2021 10:00 CDT,96842,25.95,73.98,2.295,8.05,303.61,101770.36
TWB14,Uvalde_2020_02,29.60214,-99.73007,436.7784,6/28/21,p,2021,05/10/2021 10:05 CDT,96842,25.92,74.31,1.91,8.05,316.52,101771.2
TWB14,Uvalde_2020_02,29.60214,-99.73007,436.7784,6/28/21,p,2021,05/10/2021 10:10 CDT,96844,26.13,73.5,2.5,8.05,209.34,101768.93
TWB14,Uvalde_2020_02,29.60214,-99.73007,436.7784,6/28/21,p,2021,05/10/2021 10:15 CDT,96852,26.05,74.23,2.025,8.05,257.43,101778.85
TWB14,Uvalde_2020_02,29.60214,-99.73007,436.7784,6/28/21,p,2021,05/10/2021 10:20 CDT,96855,26.23,72.24,2.485,8.05,390.56,101779.16
TWB14,Uvalde_2020_02,29.60214,-99.73007,436.7784,6/28/21,p,2021,05/10/2021 10:25 CDT,96858,26.23,70.96,2.965,8.05,352.85,101781.15
TWB14,Uvalde_2020_02,29.60214,-99.73007,436.7784,6/28/21,p,2021,05/10/2021 10:30 CDT,96856,26.27,71.67,2.005,8.05,244.24,101779.71
TWB14,Uvalde_2020_02,29.60214,-99.73007,436.7784,6/28/21,p,2021,05/10/2021 10:35 CDT,96858,26.34,71.4,1.755,8.05,323.95,101780.47
TWB14,Uvalde_2020_02,29.60214,-99.73007,436.7784,6/28/21,p,2021,05/10/2021 10:40 CDT,96858,26.77,70.79,1.205,8.05,382.28,101775.27
TWB14,Uvalde_2020_02,29.60214,-99.73007,436.7784,6/28/21,p,2021,05/10/2021 10:45 CDT,96851,26.9,71.94,2.33,8.05,324.47,101763.22
TWB14,Uvalde_2020_02,29.60214,-99.73007,436.7784,6/28/21,p,2021,05/10/2021 10:50 CDT,96852,26.63,71.67,2.12,8.05,255.81,101767.79
TWB14,Uvalde_2020_02,29.60214,-99.73007,436.7784,6/28/21,p,2021,05/10/2021 10:55 CDT,96849,26.75,69.94,1.99,8.05,344.13,101764.48
TWB14,Uvalde_2020_02,29.60214,-99.73007,436.7784,6/28/21,p,2021,05/10/2021 11:00 CDT,96854,26.85,69.5,2.44,8.05,480.93,101766.89
TWB14,Uvalde_2020_02,29.60214,-99.73007,436.7784,6/28/21,p,2021,05/10/2021 11:05 CDT,96853,27.14,68.59,2.015,8.05,459.57,101761.5
TWB14,Uvalde_2020_02,29.60214,-99.73007,436.7784,6/28/21,p,2021,05/10/2021 11:10 CDT,96850,27.23,70.51,3.16,8.3,645.71,101754.83
TWB14,Uvalde_2020_02,29.60214,-99.73007,436.7784,6/28/21,p,2021,05/10/2021 11:15 CDT,96853,27.24,70.27,2.67,8.3,617.85,101757.65
TWB14,Uvalde_2020_02,29.60214,-99.73007,436.7784,6/28/21,p,2021,05/10/2021 11:20 CDT,96850,27.37,70.3,1.895,8.3,392.59,101751.49
TWB14,Uvalde_2020_02,29.60214,-99.73007,436.7784,6/28/21,p,2021,05/10/2021 11:25 CDT,96840,27.48,69.02,2.96,8.3,677.73,101740.17
TWB14,Uvalde_2020_02,29.60214,-99.73007,436.7784,6/28/21,p,2021,05/10/2021 11:30 CDT,96838,27.5,72.25,2.265,8.3,522.48,101735.54
TWB14,Uvalde_2020_02,29.60214,-99.73007,436.7784,6/28/21,p,2021,05/10/2021 11:35 CDT,96838,27.73,68.11,2.425,8.3,662.67,101732.92
TWB14,Uvalde_2020_02,29.60214,-99.73007,436.7784,6/28/21,p,2021,05/10/2021 11:40 CDT,96829,27.69,65.17,3.165,8.3,591.35,101722.33
TWB14,Uvalde_2020_02,29.60214,-99.73007,436.7784,6/28/21,p,2021,05/10/2021 11:45 CDT,96821,27.91,64.23,2.49,8.3,677.45,101712.61
TWB14,Uvalde_2020_02,29.60214,-99.73007,436.7784,6/28/21,p,2021,05/10/2021 11:50 CDT,96822,27.9,65.47,3.105,8.3,691.71,101712.98
TWB14,Uvalde_2020_02,29.60214,-99.73007,436.7784,6/28/21,p,2021,05/10/2021 11:55 CDT,96824,28.05,64.9,2.91,8.3,690.35,101712.1
TWB14,Uvalde_2020_02,29.60214,-99.73007,436.7784,6/28/21,p,2021,05/10/2021 12:00 CDT,96820,28.23,64.16,3.195,8.3,675.18,101705.92
TWB14,Uvalde_2020_02,29.60214,-99.73007,436.7784,6/28/21,p,2021,05/10/2021 12:05 CDT,96816,28.36,64.83,2.36,8.3,617.32,101698.73
TWB14,Uvalde_2020_02,29.60214,-99.73007,436.7784,6/28/21,p,2021,05/10/2021 12:10 CDT,96801,28.67,64.09,2.515,8.3,658.99,101679.84
TWB14,Uvalde_2020_02,29.60214,-99.73007,436.7784,6/28/21,p,2021,05/10/2021 12:15 CDT,96792,28.44,66.11,3.28,8.3,664.65,101671.69
TWB14,Uvalde_2020_02,29.60214,-99.73007,436.7784,6/28/21,p,2021,05/10/2021 12:20 CDT,96788,28.64,65.2,2.55,8.3,684.44,101666.01
TWB14,Uvalde_2020_02,29.60214,-99.73007,436.7784,6/28/21,p,2021,05/10/2021 12:25 CDT,96785,28.71,62.2,2.615,8.3,687.6,101662.06
TWB14,Uvalde_2020_02,29.60214,-99.73007,436.7784,6/28/21,p,2021,05/10/2021 12:30 CDT,96775,28.85,61.53,2.295,8.3,624.14,101649.75
TWB14,Uvalde_2020_02,29.60214,-99.73007,436.7784,6/28/21,p,2021,05/10/2021 12:35 CDT,96771,28.98,63.54,2.715,8.3,697.98,101642.56
TWB14,Uvalde_2020_02,29.60214,-99.73007,436.7784,6/28/21,p,2021,05/10/2021 12:40 CDT,96767,29.09,63.64,2.55,8.3,695.57,101636.71
TWB14,Uvalde_2020_02,29.60214,-99.73007,436.7784,6/28/21,p,2021,05/10/2021 12:45 CDT,96758,29.3,62.3,2.635,8.3,699.58,101624.15
TWB14,Uvalde_2020_02,29.60214,-99.73007,436.7784,6/28/21,p,2021,05/10/2021 12:50 CDT,96755,29.34,59.37,2.415,8.3,622.86,101620.37
TWB14,Uvalde_2020_02,29.60214,-99.73007,436.7784,6/28/21,p,2021,05/10/2021 12:55 CDT,96757,29.45,62.8,2.485,8.3,731.48,101619.81
TWB14,Uvalde_2020_02,29.60214,-99.73007,436.7784,6/28/21,p,2021,05/10/2021 13:00 CDT,96748,29.45,57.35,3.04,8.215,747.44,101608.77
TWB14,Uvalde_2020_02,29.60214,-99.73007,436.7784,6/28/21,p,2021,05/10/2021 13:05 CDT,96745,29.46,58.26,3.415,8.215,760.18,101605.12
TWB14,Uvalde_2020_02,29.60214,-99.73007,436.7784,6/28/21,p,2021,05/10/2021 13:10 CDT,96747,29.28,61.86,2.82,8.215,760.29,101610.3
TWB14,Uvalde_2020_02,29.60214,-99.73007,436.7784,6/28/21,p,2021,05/10/2021 13:15 CDT,96741,29.54,59.33,2.475,8.215,686.8,101600.58
TWB14,Uvalde_2020_02,29.60214,-99.73007,436.7784,6/28/21,p,2021,05/10/2021 13:20 CDT,96731,29.52,60.04,1.805,8.215,485.47,101590.4
TWB14,Uvalde_2020_02,29.60214,-99.73007,436.7784,6/28/21,p,2021,05/10/2021 13:25 CDT,96730,29.78,57.72,2.64,8.215,691.25,101586.26
TWB14,Uvalde_2020_02,29.60214,-99.73007,436.7784,6/28/21,p,2021,05/10/2021 13:30 CDT,96729,29.85,59.5,3.08,8.215,757.88,101583.88
TWB14,Uvalde_2020_02,29.60214,-99.73007,436.7784,6/28/21,p,2021,05/10/2021 13:35 CDT,96728,30.05,59.47,2.87,8.215,738.89,101579.23
TWB14,Uvalde_2020_02,29.60214,-99.73007,436.7784,6/28/21,p,2021,05/10/2021 13:40 CDT,96728,30.01,57.99,2.875,8.215,769.16,101578.43
TWB14,Uvalde_2020_02,29.60214,-99.73007,436.7784,6/28/21,p,2021,05/10/2021 13:45 CDT,96726,29.86,57.75,2.8,8.215,791.39,101578.95
TWB14,Uvalde_2020_02,29.60214,-99.73007,436.7784,6/28/21,p,2021,05/10/2021 13:50 CDT,96727,29.93,57.72,2.745,8.215,684.49,101579.35
TWB14,Uvalde_2020_02,29.60214,-99.73007,436.7784,6/28/21,p,2021,05/10/2021 13:55 CDT,96718,29.98,56.37,2.195,8.215,779.72,101568.28
TWB14,Uvalde_2020_02,29.60214,-99.73007,436.7784,6/28/21,p,2021,05/10/2021 14:00 CDT,96714,30.19,58.09,2.575,8.55,823.28,101561.28
TWB14,Uvalde_2020_02,29.60214,-99.73007,436.7784,6/28/21,p,2021,05/10/2021 14:05 CDT,96711,30.24,55.93,2.605,8.55,605.22,101557.01
TWB14,Uvalde_2020_02,29.60214,-99.73007,436.7784,6/28/21,p,2021,05/10/2021 14:10 CDT,96708,30.28,55.16,3.13,8.55,724.89,101555.83
TWB14,Uvalde_2020_02,29.60214,-99.73007,436.7784,6/28/21,p,2021,05/10/2021 14:15 CDT,96707,30.15,55.16,3.265,8.55,644.25,101554.13
TWB14,Uvalde_2020_02,29.60214,-99.73007,436.7784,6/28/21,p,2021,05/10/2021 14:20 CDT,96704,30.2,56.43,2.42,8.55,478.16,101549.33
TWB14,Uvalde_2020_02,29.60214,-99.73007,436.7784,6/28/21,p,2021,05/10/2021 14:25 CDT,96709,30.09,57.95,2.92,8.55,668.99,101558.15
TWB14,Uvalde_2020_02,29.60214,-99.73007,436.7784,6/28/21,p,2021,05/10/2021 14:30 CDT,96711,30.09,57,3.345,8.55,630.72,101558.8
TWB14,Uvalde_2020_02,29.60214,-99.73007,436.7784,6/28/21,p,2021,05/10/2021 14:35 CDT,96700,30.13,55.93,2.42,8.55,668.32,101547.75
TWB14,Uvalde_2020_02,29.60214,-99.73007,436.7784,6/28/21,p,2021,05/10/2021 14:40 CDT,96700,30.32,53.57,2.465,8.55,387.82,101546.96
TWB14,Uvalde_2020_02,29.60214,-99.73007,436.7784,6/28/21,p,2021,05/10/2021 14:45 CDT,96695,30,58.55,2.385,8.55,571.5,101546.22
TWB14,Uvalde_2020_02,29.60214,-99.73007,436.7784,6/28/21,p,2021,05/10/2021 14:50 CDT,96690,30.49,54.41,2.325,8.55,637.35,101534.98
TWB14,Uvalde_2020_02,29.60214,-99.73007,436.7784,6/28/21,p,2021,05/10/2021 14:55 CDT,96688,30.45,54.17,3.145,8.965,670.73,101530.6
TWB14,Uvalde_2020_02,29.60214,-99.73007,436.7784,6/28/21,p,2021,05/10/2021 15:00 CDT,96687,30.3,56.93,2.1,8.3,574.72,101531.8
TWB14,Uvalde_2020_02,29.60214,-99.73007,436.7784,6/28/21,p,2021,05/10/2021 15:05 CDT,96685,30.42,55.79,2.455,8.3,699.19,101528.25
TWB14,Uvalde_2020_02,29.60214,-99.73007,436.7784,6/28/21,p,2021,05/10/2021 15:10 CDT,96676,30.87,53.64,2.155,8.3,504.6,101513.12
TWB14,Uvalde_2020_02,29.60214,-99.73007,436.7784,6/28/21,p,2021,05/10/2021 15:15 CDT,96672,30.6,55.32,3.065,8.3,638.99,101511.51
TWB14,Uvalde_2020_02,29.60214,-99.73007,436.7784,6/28/21,p,2021,05/10/2021 15:20 CDT,96667,30.62,53.7,2.25,8.3,604.58,101506.76
TWB14,Uvalde_2020_02,29.60214,-99.73007,436.7784,6/28/21,p,2021,05/10/2021 15:25 CDT,96648,30.93,53.77,2.695,8.3,691.31,101483.88
TWB14,Uvalde_2020_02,29.60214,-99.73007,436.7784,6/28/21,p,2021,05/10/2021 15:30 CDT,96632,31.07,52.66,2.98,8.3,663.67,101462.71
TWB14,Uvalde_2020_02,29.60214,-99.73007,436.7784,6/28/21,p,2021,05/10/2021 15:35 CDT,96617,30.99,55.86,3.33,8.3,626.51,101446.44
TWB14,Uvalde_2020_02,29.60214,-99.73007,436.7784,6/28/21,p,2021,05/10/2021 15:40 CDT,96604,30.7,53.36,3.35,8.3,620.53,101437.04
TWB14,Uvalde_2020_02,29.60214,-99.73007,436.7784,6/28/21,p,2021,05/10/2021 15:45 CDT,96588,30.65,55.65,3.835,8.3,689.95,101422.32
TWB14,Uvalde_2020_02,29.60214,-99.73007,436.7784,6/28/21,p,2021,05/10/2021 15:50 CDT,96572,30.56,55.28,3.175,8.3,530.71,101407.8
TWB14,Uvalde_2020_02,29.60214,-99.73007,436.7784,6/28/21,p,2021,05/10/2021 15:55 CDT,96561,30.59,55.25,2.885,8.8,382.47,101395.92
TWB14,Uvalde_2020_02,29.60214,-99.73007,436.7784,6/28/21,p,2021,05/10/2021 16:00 CDT,96538,30.56,53.23,2.815,8.8,570.83,101372.45
TWB14,Uvalde_2020_02,29.60214,-99.73007,436.7784,6/28/21,p,2021,05/10/2021 16:05 CDT,96536,30.66,56.59,3.07,8.8,234.28,101369.82
TWB14,Uvalde_2020_02,29.60214,-99.73007,436.7784,6/28/21,p,2021,05/10/2021 16:10 CDT,96561,30.36,55.55,3.07,8.8,346.75,101400.8
TWB14,Uvalde_2020_02,29.60214,-99.73007,436.7784,6/28/21,p,2021,05/10/2021 16:15 CDT,96597,30.22,55.86,2.965,8.8,212.91,101440.89
TWB14,Uvalde_2020_02,29.60214,-99.73007,436.7784,6/28/21,p,2021,05/10/2021 16:20 CDT,96640,29.85,53.77,2.97,8.8,148.11,101491.95
TWB14,Uvalde_2020_02,29.60214,-99.73007,436.7784,6/28/21,p,2021,05/10/2021 16:25 CDT,96641,29.6,55.72,3.36,8.8,160.53,101498.71
TWB14,Uvalde_2020_02,29.60214,-99.73007,436.7784,6/28/21,p,2021,05/10/2021 16:30 CDT,96644,29.59,56.53,2.59,8.8,139.27,101502.67
TWB14,Uvalde_2020_02,29.60214,-99.73007,436.7784,6/28/21,p,2021,05/10/2021 16:35 CDT,96651,29.55,56.3,2.855,8.8,126.53,101510.36
TWB14,Uvalde_2020_02,29.60214,-99.73007,436.7784,6/28/21,p,2021,05/10/2021 16:40 CDT,96672,29.5,57.98,2.045,8.8,111.03,101533.54
TWB14,Uvalde_2020_02,29.60214,-99.73007,436.7784,6/28/21,p,2021,05/10/2021 16:45 CDT,96675,29.41,58.29,2.32,8.8,79.11,101538.33
TWB14,Uvalde_2020_02,29.60214,-99.73007,436.7784,6/28/21,p,2021,05/10/2021 16:50 CDT,96675,29.33,58.02,2.1,8.8,70.48,101539.81
TWB14,Uvalde_2020_02,29.60214,-99.73007,436.7784,6/28/21,p,2021,05/10/2021 16:55 CDT,96676,29.16,58.63,2.875,8.8,67.84,101543.33
TWB14,Uvalde_2020_02,29.60214,-99.73007,436.7784,6/28/21,p,2021,05/10/2021 17:00 CDT,96676,29.01,57.68,2.955,8.8,65.44,101546.3
TWB14,Uvalde_2020_02,29.60214,-99.73007,436.7784,6/28/21,p,2021,05/10/2021 17:05 CDT,96667,28.89,57.82,2.42,8.8,57.31,101539.32
TWB14,Uvalde_2020_02,29.60214,-99.73007,436.7784,6/28/21,p,2021,05/10/2021 17:10 CDT,96655,28.78,58.7,2.965,8.8,51.48,101528.68
TWB14,Uvalde_2020_02,29.60214,-99.73007,436.7784,6/28/21,p,2021,05/10/2021 17:15 CDT,96634,28.72,59.21,2.945,8.8,50.95,101507.61
TWB14,Uvalde_2020_02,29.60214,-99.73007,436.7784,6/28/21,p,2021,05/10/2021 17:20 CDT,96615,28.61,58.84,3.475,8.8,55.65,101489.8
TWB14,Uvalde_2020_02,29.60214,-99.73007,436.7784,6/28/21,p,2021,05/10/2021 17:25 CDT,96631,28.56,58.97,3.23,8.8,60.28,101507.6
TWB14,Uvalde_2020_02,29.60214,-99.73007,436.7784,6/28/21,p,2021,05/10/2021 17:30 CDT,96631,28.51,59.51,2.8,8.8,70.82,101508.42
TWB14,Uvalde_2020_02,29.60214,-99.73007,436.7784,6/28/21,p,2021,05/10/2021 17:35 CDT,96611,28.49,60.19,2.58,8.8,92.54,101487.57
TWB14,Uvalde_2020_02,29.60214,-99.73007,436.7784,6/28/21,p,2021,05/10/2021 17:40 CDT,96610,28.51,60.32,1.96,8.8,112.42,101486.35
TWB14,Uvalde_2020_02,29.60214,-99.73007,436.7784,6/28/21,p,2021,05/10/2021 17:45 CDT,96628,28.53,59.86,2.715,8.8,129.98,101504.93
TWB14,Uvalde_2020_02,29.60214,-99.73007,436.7784,6/28/21,p,2021,05/10/2021 17:50 CDT,96659,28.48,60.46,3.685,8.8,135.74,101537.66
TWB14,Uvalde_2020_02,29.60214,-99.73007,436.7784,6/28/21,p,2021,05/10/2021 17:55 CDT,96654,28.47,61.81,2.84,8.8,125.18,101532.56
TWB14,Uvalde_2020_02,29.60214,-99.73007,436.7784,6/28/21,p,2021,05/10/2021 18:00 CDT,96629,28.47,60.33,2.63,8.8,129.46,101506.31
TWB14,Uvalde_2020_02,29.60214,-99.73007,436.7784,6/28/21,p,2021,05/10/2021 18:05 CDT,96611,28.51,59.69,3.17,8.8,272.12,101487.24
TWB14,Uvalde_2020_02,29.60214,-99.73007,436.7784,6/28/21,p,2021,05/10/2021 18:10 CDT,96613,28.94,59.82,2.095,8.8,359.98,101483.23
TWB14,Uvalde_2020_02,29.60214,-99.73007,436.7784,6/28/21,p,2021,05/10/2021 18:15 CDT,96599,29.28,59.22,2.36,8.8,364.08,101461.95
TWB14,Uvalde_2020_02,29.60214,-99.73007,436.7784,6/28/21,p,2021,05/10/2021 18:20 CDT,96574,29.35,58.95,2.8,8.8,287.1,101433.06
TWB14,Uvalde_2020_02,29.60214,-99.73007,436.7784,6/28/21,p,2021,05/10/2021 18:25 CDT,96557,29.14,58.65,2.68,8.8,162.91,101417.35
TWB14,Uvalde_2020_02,29.60214,-99.73007,436.7784,6/28/21,p,2021,05/10/2021 18:30 CDT,96554,28.84,58.92,2.275,8.8,93.73,101418.63
TWB14,Uvalde_2020_02,29.60214,-99.73007,436.7784,6/28/21,p,2021,05/10/2021 18:35 CDT,96546,28.49,60.53,2.435,8.8,62.33,101416.15
TWB14,Uvalde_2020_02,29.60214,-99.73007,436.7784,6/28/21,p,2021,05/10/2021 18:40 CDT,96556,28.35,60.63,1.795,8.8,36.92,101429.79
TWB14,Uvalde_2020_02,29.60214,-99.73007,436.7784,6/28/21,p,2021,05/10/2021 18:45 CDT,96578,28.19,63.43,1.615,8.8,21.9,101454.85
TWB14,Uvalde_2020_02,29.60214,-99.73007,436.7784,6/28/21,p,2021,05/10/2021 18:50 CDT,96578,25.94,71.75,3.745,8.215,35.38,101484.23
TWB14,Uvalde_2020_02,29.60214,-99.73007,436.7784,6/28/21,p,2021,05/10/2021 18:55 CDT,96571,25.02,74.14,4.625,7.8,32.7,101497.36
TWB14,Uvalde_2020_02,29.60214,-99.73007,436.7784,6/28/21,p,2021,05/10/2021 19:00 CDT,96566,24.4,75.62,4.945,7.8,26.93,101504.78
TWB14,Uvalde_2020_02,29.60214,-99.73007,436.7784,6/28/21,p,2021,05/10/2021 19:05 CDT,96563,24.14,75.99,3.755,7.8,31.87,101507.4
TWB14,Uvalde_2020_02,29.60214,-99.73007,436.7784,6/28/21,p,2021,05/10/2021 19:10 CDT,96578,23.99,76.23,3.6,7.8,49.84,101526.05
TWB14,Uvalde_2020_02,29.60214,-99.73007,436.7784,6/28/21,p,2021,05/10/2021 19:15 CDT,96637,24.05,76.37,3.25,7.8,55.52,101588.76
TWB14,Uvalde_2020_02,29.60214,-99.73007,436.7784,6/28/21,p,2021,05/10/2021 19:20 CDT,96667,24.23,75.29,2.525,7.8,40.56,101617.58
TWB14,Uvalde_2020_02,29.60214,-99.73007,436.7784,6/28/21,p,2021,05/10/2021 19:25 CDT,96684,24.35,74.69,1.535,7.8,35.81,101633.58
TWB14,Uvalde_2020_02,29.60214,-99.73007,436.7784,6/28/21,p,2021,05/10/2021 19:30 CDT,96698,24.39,74.09,2.375,7.8,41.42,101647.11
TWB14,Uvalde_2020_02,29.60214,-99.73007,436.7784,6/28/21,p,2021,05/10/2021 19:35 CDT,96677,24.33,74.36,1.16,7.8,37.89,101626.06
TWB14,Uvalde_2020_02,29.60214,-99.73007,436.7784,6/28/21,p,2021,05/10/2021 19:40 CDT,96675,24.39,74.09,0.715,7.8,42.36,101623.11
TWB14,Uvalde_2020_02,29.60214,-99.73007,436.7784,6/28/21,p,2021,05/10/2021 19:45 CDT,96692,24.48,73.42,1.675,7.8,58.18,101639.62
TWB14,Uvalde_2020_02,29.60214,-99.73007,436.7784,6/28/21,p,2021,05/10/2021 19:50 CDT,96717,24.53,72.98,1.93,7.8,61.31,101665.05
TWB14,Uvalde_2020_02,29.60214,-99.73007,436.7784,6/28/21,p,2021,05/10/2021 19:55 CDT,96725,24.53,72.48,1.755,7.8,58.26,101673.3
TWB14,Uvalde_2020_02,29.60214,-99.73007,436.7784,6/28/21,p,2021,05/10/2021 20:00 CDT,96729,24.47,72.28,2.315,7.8,53.26,101677.67
TWB14,Uvalde_2020_02,29.60214,-99.73007,436.7784,6/28/21,p,2021,05/10/2021 20:05 CDT,96728,24.28,72.62,2.285,7.8,46.79,101679.68
TWB14,Uvalde_2020_02,29.60214,-99.73007,436.7784,6/28/21,p,2021,05/10/2021 20:10 CDT,96708,24.21,72.82,2.065,7.8,36.34,101660.02
TWB14,Uvalde_2020_02,29.60214,-99.73007,436.7784,6/28/21,p,2021,05/10/2021 20:15 CDT,96662,24.14,73.2,2.1,7.8,31.72,101612.85
TWB14,Uvalde_2020_02,29.60214,-99.73007,436.7784,6/28/21,p,2021,05/10/2021 20:20 CDT,96597,24,73.1,2.05,7.8,26.29,101546.9
TWB14,Uvalde_2020_02,29.60214,-99.73007,436.7784,6/28/21,p,2021,05/10/2021 20:25 CDT,96636,23.97,73.37,1.4,7.8,17.71,101588.92
TWB14,Uvalde_2020_02,29.60214,-99.73007,436.7784,6/28/21,p,2021,05/10/2021 20:30 CDT,96645,24,73.07,1.66,7.8,9.31,101598.39
TWB14,Uvalde_2020_02,29.60214,-99.73007,436.7784,6/28/21,p,2021,05/10/2021 20:35 CDT,96624,23.93,73.47,1.65,7.8,2.33,101577.16
TWB14,Uvalde_2020_02,29.60214,-99.73007,436.7784,6/28/21,p,2021,05/10/2021 20:40 CDT,96726,23.87,73.03,1.62,7.8,0.14,101685.42
TWB14,Uvalde_2020_02,29.60214,-99.73007,436.7784,6/28/21,p,2021,05/10/2021 20:45 CDT,96823,23.76,73.03,1.6,7.8,0.07,101788.93
TWB14,Uvalde_2020_02,29.60214,-99.73007,436.7784,6/28/21,p,2021,05/10/2021 20:50 CDT,96876,23.61,73.34,1.475,7.8,0,101846.87
TWB14,Uvalde_2020_02,29.60214,-99.73007,436.7784,6/28/21,p,2021,05/10/2021 20:55 CDT,96880,23.45,73.71,1.93,7.8,0.27,101853.64
TWB14,Uvalde_2020_02,29.60214,-99.73007,436.7784,6/28/21,p,2021,05/10/2021 21:00 CDT,96898,23.31,73.92,2.505,7.8,1.29,101875.31
TWB14,Uvalde_2020_02,29.60214,-99.73007,436.7784,6/28/21,p,2021,05/10/2021 21:05 CDT,96897,23.26,74.79,1.475,7.8,1.03,101875.97
TWB14,Uvalde_2020_02,29.60214,-99.73007,436.7784,6/28/21,p,2021,05/10/2021 21:10 CDT,96874,23.21,76.18,2.035,7.8,4.86,101852.47
TWB14,Uvalde_2020_02,29.60214,-99.73007,436.7784,6/28/21,p,2021,05/10/2021 21:15 CDT,96906,22.99,78.53,0.77,7.8,3.84,101889.19
TWB14,Uvalde_2020_02,29.60214,-99.73007,436.7784,6/28/21,p,2021,05/10/2021 21:20 CDT,96980,22.6,80.6,1.485,7.8,7.02,101972.15
TWB14,Uvalde_2020_02,29.60214,-99.73007,436.7784,6/28/21,p,2021,05/10/2021 21:25 CDT,96991,21.76,86.6,1.505,7.8,6.18,101996.65
TWB14,Uvalde_2020_02,29.60214,-99.73007,436.7784,6/28/21,p,2021,05/10/2021 21:30 CDT,97085,21.12,89.2,3.88,10.55,2.46,102106.27
TWB14,Uvalde_2020_02,29.60214,-99.73007,436.7784,6/28/21,p,2021,05/10/2021 21:35 CDT,97115,20.23,92.4,3.81,9.315,3.17,102153.2
TWB14,Uvalde_2020_02,29.60214,-99.73007,436.7784,6/28/21,p,2021,05/10/2021 21:40 CDT,97114,19.87,92.9,3.32,8.565,2.77,102160.06
TWB14,Uvalde_2020_02,29.60214,-99.73007,436.7784,6/28/21,p,2021,05/10/2021 21:45 CDT,97076,19.75,93.2,2.71,8.815,1.69,102124.31
TWB14,Uvalde_2020_02,29.60214,-99.73007,436.7784,6/28/21,p,2021,05/10/2021 21:50 CDT,97061,19.7,93.2,1.18,8.4,0.96,102109.94
TWB14,Uvalde_2020_02,29.60214,-99.73007,436.7784,6/28/21,p,2021,05/10/2021 21:55 CDT,97136,19.72,93.7,1.805,8.4,0.07,102189.72
TWB14,Uvalde_2020_02,29.60214,-99.73007,436.7784,6/28/21,p,2021,05/10/2021 22:00 CDT,97183,19.82,92.8,2.68,8.4,1.62,102239.17
TWB14,Uvalde_2020_02,29.60214,-99.73007,436.7784,6/28/21,p,2021,05/10/2021 22:05 CDT,97185,19.75,92.8,2.375,7.485,0.75,102241.81
TWB14,Uvalde_2020_02,29.60214,-99.73007,436.7784,6/28/21,p,2021,05/10/2021 22:10 CDT,97160,19.66,93.2,1.68,7.485,0.32,102216.21
TWB14,Uvalde_2020_02,29.60214,-99.73007,436.7784,6/28/21,p,2021,05/10/2021 22:15 CDT,97152,19.65,93.4,2.08,7.485,0.38,102208.32
TWB14,Uvalde_2020_02,29.60214,-99.73007,436.7784,6/28/21,p,2021,05/10/2021 22:20 CDT,97171,19.74,93.8,1.74,7.485,0,102226.89
TWB14,Uvalde_2020_02,29.60214,-99.73007,436.7784,6/28/21,p,2021,05/10/2021 22:25 CDT,97172,19.78,94,2.015,7.485,0,102226.53
TWB14,Uvalde_2020_02,29.60214,-99.73007,436.7784,6/28/21,p,2021,05/10/2021 22:30 CDT,97140,19.75,94,2.13,7.485,0.12,102192.87
TWB14,Uvalde_2020_02,29.60214,-99.73007,436.7784,6/28/21,p,2021,05/10/2021 22:35 CDT,97136,19.69,93.8,1.455,7.485,0.43,102189.9
TWB14,Uvalde_2020_02,29.60214,-99.73007,436.7784,6/28/21,p,2021,05/10/2021 22:40 CDT,97128,19.66,92.9,1.435,7.485,0.86,102182.9
TWB14,Uvalde_2020_02,29.60214,-99.73007,436.7784,6/28/21,p,2021,05/10/2021 22:45 CDT,97140,19.68,93.2,0.345,7.485,0.58,102195.87
TWB14,Uvalde_2020_02,29.60214,-99.73007,436.7784,6/28/21,p,2021,05/10/2021 22:50 CDT,97120,19.62,93.1,1.395,7.485,0,102174.83
TWB14,Uvalde_2020_02,29.60214,-99.73007,436.7784,6/28/21,p,2021,05/10/2021 22:55 CDT,97108,19.57,93.2,0.325,7.485,0.14,102162.92
TWB14,Uvalde_2020_02,29.60214,-99.73007,436.7784,6/28/21,p,2021,05/10/2021 23:00 CDT,97125,19.54,93.3,1.565,7.485,0.01,102181.33
TWB14,Uvalde_2020_02,29.60214,-99.73007,436.7784,6/28/21,p,2021,05/10/2021 23:05 CDT,97113,19.52,93.1,0.7,7.485,0.02,102169.24
TWB14,Uvalde_2020_02,29.60214,-99.73007,436.7784,6/28/21,p,2021,05/10/2021 23:10 CDT,97130,19.46,92.1,1.13,7.485,0.37,102188.37
TWB14,Uvalde_2020_02,29.60214,-99.73007,436.7784,6/28/21,p,2021,05/10/2021 23:15 CDT,97109,19.44,91.6,0.645,7.485,0.83,102167.34
TWB14,Uvalde_2020_02,29.60214,-99.73007,436.7784,6/28/21,p,2021,05/10/2021 23:20 CDT,97091,19.42,91.8,0.105,7.485,1,102149.28
TWB14,Uvalde_2020_02,29.60214,-99.73007,436.7784,6/28/21,p,2021,05/10/2021 23:25 CDT,97091,19.32,92.8,0.335,7.485,0.18,102150.16
TWB14,Uvalde_2020_02,29.60214,-99.73007,436.7784,6/28/21,p,2021,05/10/2021 23:30 CDT,97098,19.16,93.2,0.095,7.485,0.18,102160
TWB14,Uvalde_2020_02,29.60214,-99.73007,436.7784,6/28/21,p,2021,05/10/2021 23:35 CDT,97093,19.06,93.6,0.035,7.485,0.08,102156.51
TWB14,Uvalde_2020_02,29.60214,-99.73007,436.7784,6/28/21,p,2021,05/10/2021 23:40 CDT,97069,18.99,94,0.12,7.485,0.11,102133.74
TWB14,Uvalde_2020_02,29.60214,-99.73007,436.7784,6/28/21,p,2021,05/10/2021 23:45 CDT,97067,18.74,94.4,0.115,7.485,0,102134.12
TWB14,Uvalde_2020_02,29.60214,-99.73007,436.7784,6/28/21,p,2021,05/10/2021 23:50 CDT,97052,18.56,94.8,0.925,7.485,0,102121.89
TWB14,Uvalde_2020_02,29.60214,-99.73007,436.7784,6/28/21,p,2021,05/10/2021 23:55 CDT,97043,18.49,95,0.19,7.485,0.3,102115.8
TWB14,Uvalde_2020_02,29.60214,-99.73007,436.7784,6/28/21,p,2021,05/11/2021 00:00 CDT,97044,18.35,95.1,0.015,7.485,0.08,102118.09
TWB14,Uvalde_2020_02,29.60214,-99.73007,436.7784,6/28/21,p,2021,05/11/2021 00:05 CDT,97044,18.28,94.8,0,7.485,0.46,102119.34
TWB14,Uvalde_2020_02,29.60214,-99.73007,436.7784,6/28/21,p,2021,05/11/2021 00:10 CDT,97045,18.26,95.4,0.085,7.485,0.08,102121.46
TWB14,Uvalde_2020_02,29.60214,-99.73007,436.7784,6/28/21,p,2021,05/11/2021 00:15 CDT,97044,18.3,95.5,0.165,7.485,0,102120.94
TWB14,Uvalde_2020_02,29.60214,-99.73007,436.7784,6/28/21,p,2021,05/11/2021 00:20 CDT,97031,18.2,96,0.015,7.485,0,102109.4
TWB14,Uvalde_2020_02,29.60214,-99.73007,436.7784,6/28/21,p,2021,05/11/2021 00:25 CDT,97034,18.1,95.8,0,7.485,0,102112.92
TWB14,Uvalde_2020_02,29.60214,-99.73007,436.7784,6/28/21,p,2021,05/11/2021 00:30 CDT,97040,18.01,95.7,0,7.485,0.09,102120.3
TWB14,Uvalde_2020_02,29.60214,-99.73007,436.7784,6/28/21,p,2021,05/11/2021 00:35 CDT,97035,18,96,0.02,7.485,0,102115.93
TWB14,Uvalde_2020_02,29.60214,-99.73007,436.7784,6/28/21,p,2021,05/11/2021 00:40 CDT,97039,17.89,96,0.08,7.485,0.04,102121.39
TWB14,Uvalde_2020_02,29.60214,-99.73007,436.7784,6/28/21,p,2021,05/11/2021 00:45 CDT,97036,17.89,96.5,0.3,7.485,0,102119.66
TWB14,Uvalde_2020_02,29.60214,-99.73007,436.7784,6/28/21,p,2021,05/11/2021 00:50 CDT,97041,17.87,96.6,0.065,7.485,0,102125.1
TWB14,Uvalde_2020_02,29.60214,-99.73007,436.7784,6/28/21,p,2021,05/11/2021 00:55 CDT,97038,17.86,96.9,0.2,7.485,0,102121.59
TWB14,Uvalde_2020_02,29.60214,-99.73007,436.7784,6/28/21,p,2021,05/11/2021 01:00 CDT,97035,17.85,96.5,0.445,7.485,0,102117.89
TWB14,Uvalde_2020_02,29.60214,-99.73007,436.7784,6/28/21,p,2021,05/11/2021 01:05 CDT,97023,17.72,96.5,0.03,7.485,0.32,102107.77
TWB14,Uvalde_2020_02,29.60214,-99.73007,436.7784,6/28/21,p,2021,05/11/2021 01:10 CDT,97022,17.69,96.7,0.56,7.485,0.07,102107.25
TWB14,Uvalde_2020_02,29.60214,-99.73007,436.7784,6/28/21,p,2021,05/11/2021 01:15 CDT,97016,17.66,96.7,0.41,7.485,0,102101.12
TWB14,Uvalde_2020_02,29.60214,-99.73007,436.7784,6/28/21,p,2021,05/11/2021 01:20 CDT,97012,17.59,97,0.4,7.485,0.06,102097.8
TWB14,Uvalde_2020_02,29.60214,-99.73007,436.7784,6/28/21,p,2021,05/11/2021 01:25 CDT,97006,17.55,96.7,0.355,7.485,0.02,102092.2
TWB14,Uvalde_2020_02,29.60214,-99.73007,436.7784,6/28/21,p,2021,05/11/2021 01:30 CDT,97006,17.46,96.6,0,7.485,0.12,102093.46
TWB14,Uvalde_2020_02,29.60214,-99.73007,436.7784,6/28/21,p,2021,05/11/2021 01:35 CDT,96996,17.43,96.8,0.08,7.485,0,102084.37
TWB14,Uvalde_2020_02,29.60214,-99.73007,436.7784,6/28/21,p,2021,05/11/2021 01:40 CDT,96991,17.39,96.8,0.215,7.485,0,102079.82
TWB14,Uvalde_2020_02,29.60214,-99.73007,436.7784,6/28/21,p,2021,05/11/2021 01:45 CDT,96992,17.35,96.9,0.61,7.485,0,102081.23
TWB14,Uvalde_2020_02,29.60214,-99.73007,436.7784,6/28/21,p,2021,05/11/2021 01:50 CDT,96990,17.32,96.8,0.785,7.485,0,102079.84
TWB14,Uvalde_2020_02,29.60214,-99.73007,436.7784,6/28/21,p,2021,05/11/2021 01:55 CDT,96970,17.29,96.7,1.29,7.485,0,102059.87
TWB14,Uvalde_2020_02,29.60214,-99.73007,436.7784,6/28/21,p,2021,05/11/2021 02:00 CDT,96955,17.2,96.9,0.655,7.485,0,102046.23
TWB14,Uvalde_2020_02,29.60214,-99.73007,436.7784,6/28/21,p,2021,05/11/2021 02:05 CDT,96940,17.16,96.9,0.41,7.485,0,102030.81
TWB14,Uvalde_2020_02,29.60214,-99.73007,436.7784,6/28/21,p,2021,05/11/2021 02:10 CDT,96917,17.14,96.9,0.145,7.485,0.16,102006.6
TWB14,Uvalde_2020_02,29.60214,-99.73007,436.7784,6/28/21,p,2021,05/11/2021 02:15 CDT,96901,17.06,96.9,0.255,7.485,0.01,101991.01
TWB14,Uvalde_2020_02,29.60214,-99.73007,436.7784,6/28/21,p,2021,05/11/2021 02:20 CDT,96888,17,97,0.54,7.485,0,101978.59
TWB14,Uvalde_2020_02,29.60214,-99.73007,436.7784,6/28/21,p,2021,05/11/2021 02:25 CDT,96881,17,96.9,0.72,7.485,0,101971.4
TWB14,Uvalde_2020_02,29.60214,-99.73007,436.7784,6/28/21,p,2021,05/11/2021 02:30 CDT,96859,16.97,96.9,0.645,7.485,0,101949.14
TWB14,Uvalde_2020_02,29.60214,-99.73007,436.7784,6/28/21,p,2021,05/11/2021 02:35 CDT,96852,16.97,97.2,1.2,7.485,0,101941.77
TWB14,Uvalde_2020_02,29.60214,-99.73007,436.7784,6/28/21,p,2021,05/11/2021 02:40 CDT,96843,17.01,96.9,1.555,7.485,0,101931.4
TWB14,Uvalde_2020_02,29.60214,-99.73007,436.7784,6/28/21,p,2021,05/11/2021 02:45 CDT,96837,16.97,96.9,1.395,7.485,0,101925.8
TWB14,Uvalde_2020_02,29.60214,-99.73007,436.7784,6/28/21,p,2021,05/11/2021 02:50 CDT,96839,16.98,96.9,1.955,7.485,0,101928.09
TWB14,Uvalde_2020_02,29.60214,-99.73007,436.7784,6/28/21,p,2021,05/11/2021 02:55 CDT,96835,17.04,96.6,1.905,7.485,0,101922.98
TWB14,Uvalde_2020_02,29.60214,-99.73007,436.7784,6/28/21,p,2021,05/11/2021 03:00 CDT,96824,17.01,96.5,2.105,7.485,0,101911.41
TWB14,Uvalde_2020_02,29.60214,-99.73007,436.7784,6/28/21,p,2021,05/11/2021 03:05 CDT,96820,17,96.3,1.78,7.485,0,101907.38
TWB14,Uvalde_2020_02,29.60214,-99.73007,436.7784,6/28/21,p,2021,05/11/2021 03:10 CDT,96829,17.01,95.9,0.935,7.485,0.08,101916.85
TWB14,Uvalde_2020_02,29.60214,-99.73007,436.7784,6/28/21,p,2021,05/11/2021 03:15 CDT,96838,16.92,96.1,0.195,7.485,0.42,101927.58
TWB14,Uvalde_2020_02,29.60214,-99.73007,436.7784,6/28/21,p,2021,05/11/2021 03:20 CDT,96868,16.92,96.5,0.49,7.485,0,101959.87
TWB14,Uvalde_2020_02,29.60214,-99.73007,436.7784,6/28/21,p,2021,05/11/2021 03:25 CDT,96876,16.89,96,0.305,7.485,0,101968.3
TWB14,Uvalde_2020_02,29.60214,-99.73007,436.7784,6/28/21,p,2021,05/11/2021 03:30 CDT,96893,16.78,96.2,0.045,7.485,0.18,101988.89
TWB14,Uvalde_2020_02,29.60214,-99.73007,436.7784,6/28/21,p,2021,05/11/2021 03:35 CDT,96911,16.69,96.3,0,7.485,0.28,102009.27
TWB14,Uvalde_2020_02,29.60214,-99.73007,436.7784,6/28/21,p,2021,05/11/2021 03:40 CDT,96915,16.55,96.5,0.09,7.485,0.4,102015.28
TWB14,Uvalde_2020_02,29.60214,-99.73007,436.7784,6/28/21,p,2021,05/11/2021 03:45 CDT,96916,16.38,96.3,0.84,7.485,0,102017.6
TWB14,Uvalde_2020_02,29.60214,-99.73007,436.7784,6/28/21,p,2021,05/11/2021 03:50 CDT,96916,16.27,96.6,0.125,7.485,0,102019.58
TWB14,Uvalde_2020_02,29.60214,-99.73007,436.7784,6/28/21,p,2021,05/11/2021 03:55 CDT,96917,16.22,96.2,0.25,7.485,0,102021.36
TWB14,Uvalde_2020_02,29.60214,-99.73007,436.7784,6/28/21,p,2021,05/11/2021 04:00 CDT,96914,16.08,96.5,0.465,7.485,0.12,102021.99
TWB14,Uvalde_2020_02,29.60214,-99.73007,436.7784,6/28/21,p,2021,05/11/2021 04:05 CDT,96898,15.94,96.9,0.54,7.485,0,102008.76
TWB14,Uvalde_2020_02,29.60214,-99.73007,436.7784,6/28/21,p,2021,05/11/2021 04:10 CDT,96900,15.91,97.1,0.195,7.485,0,102011.41
TWB14,Uvalde_2020_02,29.60214,-99.73007,436.7784,6/28/21,p,2021,05/11/2021 04:15 CDT,96898,15.89,97.6,0.545,7.485,0,102009.3
TWB14,Uvalde_2020_02,29.60214,-99.73007,436.7784,6/28/21,p,2021,05/11/2021 04:20 CDT,96890,15.92,97.3,0.28,7.485,0,101999.97
TWB14,Uvalde_2020_02,29.60214,-99.73007,436.7784,6/28/21,p,2021,05/11/2021 04:25 CDT,96889,15.92,97.4,0.285,7.485,0,101999.1
TWB14,Uvalde_2020_02,29.60214,-99.73007,436.7784,6/28/21,p,2021,05/11/2021 04:30 CDT,96892,16.01,97.6,0.495,7.485,0,102001.72
TWB14,Uvalde_2020_02,29.60214,-99.73007,436.7784,6/28/21,p,2021,05/11/2021 04:35 CDT,96910,16.1,97.5,0.205,7.485,0,102018.68
TWB14,Uvalde_2020_02,29.60214,-99.73007,436.7784,6/28/21,p,2021,05/11/2021 04:40 CDT,96910,16.09,97.5,0.15,7.485,0,102018.32
TWB14,Uvalde_2020_02,29.60214,-99.73007,436.7784,6/28/21,p,2021,05/11/2021 04:45 CDT,96911,16.06,97.6,0.07,7.485,0,102019.37
TWB14,Uvalde_2020_02,29.60214,-99.73007,436.7784,6/28/21,p,2021,05/11/2021 04:50 CDT,96900,16.1,97.6,0.39,7.485,0,102006.34
TWB14,Uvalde_2020_02,29.60214,-99.73007,436.7784,6/28/21,p,2021,05/11/2021 04:55 CDT,96910,16.09,97.8,0.43,7.485,0,102016.15
TWB14,Uvalde_2020_02,29.60214,-99.73007,436.7784,6/28/21,p,2021,05/11/2021 05:00 CDT,96918,16.19,98,0.18,7.485,0,102024.02
TWB14,Uvalde_2020_02,29.60214,-99.73007,436.7784,6/28/21,p,2021,05/11/2021 05:05 CDT,96919,16.34,98,0.155,7.485,0,102022.01
TWB14,Uvalde_2020_02,29.60214,-99.73007,436.7784,6/28/21,p,2021,05/11/2021 05:10 CDT,96912,16.41,97.8,0.14,7.485,0,102012.84
TWB14,Uvalde_2020_02,29.60214,-99.73007,436.7784,6/28/21,p,2021,05/11/2021 05:15 CDT,96919,16.48,97.8,0.105,7.485,0,102019.13
TWB14,Uvalde_2020_02,29.60214,-99.73007,436.7784,6/28/21,p,2021,05/11/2021 05:20 CDT,96939,16.51,97.6,0.995,7.485,0.29,102039.28
TWB14,Uvalde_2020_02,29.60214,-99.73007,436.7784,6/28/21,p,2021,05/11/2021 05:25 CDT,96940,16.55,97.8,1.11,7.485,0.02,102039.79
TWB14,Uvalde_2020_02,29.60214,-99.73007,436.7784,6/28/21,p,2021,05/11/2021 05:30 CDT,96919,16.59,97.3,1.065,7.485,0.11,102016.61
TWB14,Uvalde_2020_02,29.60214,-99.73007,436.7784,6/28/21,p,2021,05/11/2021 05:35 CDT,96894,16.52,97.3,1.585,7.485,1.31,101991.19
TWB14,Uvalde_2020_02,29.60214,-99.73007,436.7784,6/28/21,p,2021,05/11/2021 05:40 CDT,96898,16.51,97.2,1.025,7.485,0.07,101996.3
TWB14,Uvalde_2020_02,29.60214,-99.73007,436.7784,6/28/21,p,2021,05/11/2021 05:45 CDT,96908,16.55,97.1,0.955,7.485,0.03,102005.75
TWB14,Uvalde_2020_02,29.60214,-99.73007,436.7784,6/28/21,p,2021,05/11/2021 05:50 CDT,96907,16.6,97,0.84,7.485,0.29,102004.52
TWB14,Uvalde_2020_02,29.60214,-99.73007,436.7784,6/28/21,p,2021,05/11/2021 05:55 CDT,96911,16.66,97,0.655,7.485,0,102008.01
TWB14,Uvalde_2020_02,29.60214,-99.73007,436.7784,6/28/21,p,2021,05/11/2021 06:00 CDT,96912,16.73,96.8,0.52,7.485,0,102007.26
TWB14,Uvalde_2020_02,29.60214,-99.73007,436.7784,6/28/21,p,2021,05/11/2021 06:05 CDT,96912,16.78,96.8,1.22,7.485,0.14,102006.18
TWB14,Uvalde_2020_02,29.60214,-99.73007,436.7784,6/28/21,p,2021,05/11/2021 06:10 CDT,96913,16.79,96.9,0.805,7.485,0.33,102007.06
TWB14,Uvalde_2020_02,29.60214,-99.73007,436.7784,6/28/21,p,2021,05/11/2021 06:15 CDT,96913,16.84,96.7,0.405,7.485,0.11,102006.34
TWB14,Uvalde_2020_02,29.60214,-99.73007,436.7784,6/28/21,p,2021,05/11/2021 06:20 CDT,96914,16.87,96.7,0.44,7.485,0.06,102006.67
TWB14,Uvalde_2020_02,29.60214,-99.73007,436.7784,6/28/21,p,2021,05/11/2021 06:25 CDT,96912,16.91,96.6,0.085,7.485,0,102003.85
TWB14,Uvalde_2020_02,29.60214,-99.73007,436.7784,6/28/21,p,2021,05/11/2021 06:30 CDT,96911,16.93,96.7,0.08,7.485,0,102002.44
TWB14,Uvalde_2020_02,29.60214,-99.73007,436.7784,6/28/21,p,2021,05/11/2021 06:35 CDT,96914,16.97,96.7,0.365,7.485,0.1,102004.7
TWB14,Uvalde_2020_02,29.60214,-99.73007,436.7784,6/28/21,p,2021,05/11/2021 06:40 CDT,96924,17.02,96.2,0.305,7.485,0.15,102014.15
TWB14,Uvalde_2020_02,29.60214,-99.73007,436.7784,6/28/21,p,2021,05/11/2021 06:45 CDT,96935,17.04,96.3,0.14,7.485,0.14,102025.73
TWB14,Uvalde_2020_02,29.60214,-99.73007,436.7784,6/28/21,p,2021,05/11/2021 06:50 CDT,96939,17.1,96.1,0.225,7.485,0.26,102028.68
TWB14,Uvalde_2020_02,29.60214,-99.73007,436.7784,6/28/21,p,2021,05/11/2021 06:55 CDT,96937,17.11,96.2,0.5,7.485,0.59,102026.57
TWB14,Uvalde_2020_02,29.60214,-99.73007,436.7784,6/28/21,p,2021,05/11/2021 07:00 CDT,96930,17.13,96,0.335,7.485,0.96,102018.67
TWB14,Uvalde_2020_02,29.60214,-99.73007,436.7784,6/28/21,p,2021,05/11/2021 07:05 CDT,96927,17.18,96.1,0.495,7.485,1.28,102014.8
TWB14,Uvalde_2020_02,29.60214,-99.73007,436.7784,6/28/21,p,2021,05/11/2021 07:10 CDT,96936,17.21,95.6,1.185,7.485,2.74,102023.73
TWB14,Uvalde_2020_02,29.60214,-99.73007,436.7784,6/28/21,p,2021,05/11/2021 07:15 CDT,96927,17.28,95.9,0.44,7.485,2.05,102013.18
TWB14,Uvalde_2020_02,29.60214,-99.73007,436.7784,6/28/21,p,2021,05/11/2021 07:20 CDT,96923,17.33,96.2,0.68,7.485,2.98,102008.08
TWB14,Uvalde_2020_02,29.60214,-99.73007,436.7784,6/28/21,p,2021,05/11/2021 07:25 CDT,96924,17.44,95.7,1.255,7.485,4.26,102007.16
TWB14,Uvalde_2020_02,29.60214,-99.73007,436.7784,6/28/21,p,2021,05/11/2021 07:30 CDT,96926,17.5,95.5,0.675,7.485,4.84,102008.37
TWB14,Uvalde_2020_02,29.60214,-99.73007,436.7784,6/28/21,p,2021,05/11/2021 07:35 CDT,96943,17.58,94.8,2.125,7.485,6.81,102025.02
TWB14,Uvalde_2020_02,29.60214,-99.73007,436.7784,6/28/21,p,2021,05/11/2021 07:40 CDT,96954,17.65,94.5,1.36,7.485,9.34,102035.34
TWB14,Uvalde_2020_02,29.60214,-99.73007,436.7784,6/28/21,p,2021,05/11/2021 07:45 CDT,96965,17.69,94,1.325,7.485,11.55,102046.03
TWB14,Uvalde_2020_02,29.60214,-99.73007,436.7784,6/28/21,p,2021,05/11/2021 07:50 CDT,96966,17.74,93.6,1.56,7.485,11.85,102046.19
TWB14,Uvalde_2020_02,29.60214,-99.73007,436.7784,6/28/21,p,2021,05/11/2021 07:55 CDT,96965,17.77,93.7,0.615,7.485,10.02,102044.96
TWB14,Uvalde_2020_02,29.60214,-99.73007,436.7784,6/28/21,p,2021,05/11/2021 08:00 CDT,96959,17.81,93.4,0.17,7.485,11.98,102037.57
TWB14,Uvalde_2020_02,29.60214,-99.73007,436.7784,6/28/21,p,2021,05/11/2021 08:05 CDT,96961,17.88,93.8,0.28,7.485,10.12,102038.07
TWB14,Uvalde_2020_02,29.60214,-99.73007,436.7784,6/28/21,p,2021,05/11/2021 08:10 CDT,96959,17.96,93.8,0.195,7.485,13.45,102034.18
TWB14,Uvalde_2020_02,29.60214,-99.73007,436.7784,6/28/21,p,2021,05/11/2021 08:15 CDT,96961,17.99,93.8,0.625,7.485,24.36,102035.75
TWB14,Uvalde_2020_02,29.60214,-99.73007,436.7784,6/28/21,p,2021,05/11/2021 08:20 CDT,96967,18.11,93.3,1.12,7.485,59.65,102039.75
TWB14,Uvalde_2020_02,29.60214,-99.73007,436.7784,6/28/21,p,2021,05/11/2021 08:25 CDT,96981,18.24,92.8,1.97,7.485,83.11,102052.53
TWB14,Uvalde_2020_02,29.60214,-99.73007,436.7784,6/28/21,p,2021,05/11/2021 08:30 CDT,96989,18.39,91.9,1.625,7.485,87.24,102058.46
TWB14,Uvalde_2020_02,29.60214,-99.73007,436.7784,6/28/21,p,2021,05/11/2021 08:35 CDT,96989,18.52,91.1,1.66,7.485,72.64,102056.33
TWB14,Uvalde_2020_02,29.60214,-99.73007,436.7784,6/28/21,p,2021,05/11/2021 08:40 CDT,96989,18.69,91.3,1.01,7.485,63.25,102053.49
TWB14,Uvalde_2020_02,29.60214,-99.73007,436.7784,6/28/21,p,2021,05/11/2021 08:45 CDT,96994,18.84,90.3,0.13,7.485,38.39,102055.91
TWB14,Uvalde_2020_02,29.60214,-99.73007,436.7784,6/28/21,p,2021,05/11/2021 08:50 CDT,96987,18.97,91.1,0.165,7.485,33.36,102046.42
TWB14,Uvalde_2020_02,29.60214,-99.73007,436.7784,6/28/21,p,2021,05/11/2021 08:55 CDT,96986,19.11,90.6,0,7.485,31.74,102042.53
TWB14,Uvalde_2020_02,29.60214,-99.73007,436.7784,6/28/21,p,2021,05/11/2021 09:00 CDT,96986,19.17,90.8,0.495,7.485,20.99,102040.59
TWB14,Uvalde_2020_02,29.60214,-99.73007,436.7784,6/28/21,p,2021,05/11/2021 09:05 CDT,96996,19.2,91.1,0.16,7.485,21.24,102049.87
TWB14,Uvalde_2020_02,29.60214,-99.73007,436.7784,6/28/21,p,2021,05/11/2021 09:10 CDT,97001,19.23,91.3,0.11,7.485,30.89,102054.42
TWB14,Uvalde_2020_02,29.60214,-99.73007,436.7784,6/28/21,p,2021,05/11/2021 09:15 CDT,96999,19.29,91.4,0.08,7.485,28.75,102051.61
TWB14,Uvalde_2020_02,29.60214,-99.73007,436.7784,6/28/21,p,2021,05/11/2021 09:20 CDT,97007,19.34,92,0.58,7.485,28.55,102059.14
TWB14,Uvalde_2020_02,29.60214,-99.73007,436.7784,6/28/21,p,2021,05/11/2021 09:25 CDT,97000,19.33,91.3,0.975,7.485,28.86,102051.07
TWB14,Uvalde_2020_02,29.60214,-99.73007,436.7784,6/28/21,p,2021,05/11/2021 09:30 CDT,96994,19.36,91.9,0.435,7.485,33.05,102045.11
TWB14,Uvalde_2020_02,29.60214,-99.73007,436.7784,6/28/21,p,2021,05/11/2021 09:35 CDT,96987,19.5,91.5,0,7.485,43.79,102035.63
TWB14,Uvalde_2020_02,29.60214,-99.73007,436.7784,6/28/21,p,2021,05/11/2021 09:40 CDT,96977,19.62,90.3,0.325,7.485,66.78,102023
TWB14,Uvalde_2020_02,29.60214,-99.73007,436.7784,6/28/21,p,2021,05/11/2021 09:45 CDT,96961,19.8,92.7,0.46,7.485,111.93,102003.86
TWB14,Uvalde_2020_02,29.60214,-99.73007,436.7784,6/28/21,p,2021,05/11/2021 09:50 CDT,96965,20.11,91.8,1.075,7.485,107.06,102002.27
TWB14,Uvalde_2020_02,29.60214,-99.73007,436.7784,6/28/21,p,2021,05/11/2021 09:55 CDT,96964,20.33,92.6,0.825,7.485,125.38,101997.52
TWB14,Uvalde_2020_02,29.60214,-99.73007,436.7784,6/28/21,p,2021,05/11/2021 10:00 CDT,96957,20.75,93.4,1.165,7.485,109.32,101983.67
TWB14,Uvalde_2020_02,29.60214,-99.73007,436.7784,6/28/21,p,2021,05/11/2021 10:05 CDT,96951,21.33,92.8,1.985,7.485,82.76,101968.45
TWB14,Uvalde_2020_02,29.60214,-99.73007,436.7784,6/28/21,p,2021,05/11/2021 10:10 CDT,96949,21.69,91.6,1.45,7.485,70.24,101959.39
TWB14,Uvalde_2020_02,29.60214,-99.73007,436.7784,6/28/21,p,2021,05/11/2021 10:15 CDT,96949,21.82,90.8,2.085,7.485,49.18,101956.27
TWB14,Uvalde_2020_02,29.60214,-99.73007,436.7784,6/28/21,p,2021,05/11/2021 10:20 CDT,96959,21.84,90.7,1.86,7.485,52.88,101965.75
TWB14,Uvalde_2020_02,29.60214,-99.73007,436.7784,6/28/21,p,2021,05/11/2021 10:25 CDT,96957,21.9,91,1.585,7.485,58.88,101962.77
TWB14,Uvalde_2020_02,29.60214,-99.73007,436.7784,6/28/21,p,2021,05/11/2021 10:30 CDT,96967,22.02,91.1,0.955,7.485,64.01,101971.03
TWB14,Uvalde_2020_02,29.60214,-99.73007,436.7784,6/28/21,p,2021,05/11/2021 10:35 CDT,96977,22.13,90.6,0.725,7.485,50.77,101979.64
TWB14,Uvalde_2020_02,29.60214,-99.73007,436.7784,6/28/21,p,2021,05/11/2021 10:40 CDT,96982,22.22,90.3,1.595,7.485,58.75,101983
TWB14,Uvalde_2020_02,29.60214,-99.73007,436.7784,6/28/21,p,2021,05/11/2021 10:45 CDT,96975,22.28,90.1,1.15,7.485,77.24,101974.25
TWB14,Uvalde_2020_02,29.60214,-99.73007,436.7784,6/28/21,p,2021,05/11/2021 10:50 CDT,96971,22.32,90.1,1.395,7.485,70.11,101969.18
TWB14,Uvalde_2020_02,29.60214,-99.73007,436.7784,6/28/21,p,2021,05/11/2021 10:55 CDT,96957,22.32,89.5,2.01,7.485,111.78,101954.29
TWB14,Uvalde_2020_02,29.60214,-99.73007,436.7784,6/28/21,p,2021,05/11/2021 11:00 CDT,96956,22.41,90,0.97,7.485,73.7,101951.85
TWB14,Uvalde_2020_02,29.60214,-99.73007,436.7784,6/28/21,p,2021,05/11/2021 11:05 CDT,96951,22.46,89.8,1.485,7.485,80.74,101945.21
TWB14,Uvalde_2020_02,29.60214,-99.73007,436.7784,6/28/21,p,2021,05/11/2021 11:10 CDT,96943,22.47,89,2.14,7.485,77.16,101936.29
TWB14,Uvalde_2020_02,29.60214,-99.73007,436.7784,6/28/21,p,2021,05/11/2021 11:15 CDT,96942,22.45,89.3,1.83,7.485,99.06,101935.93
TWB14,Uvalde_2020_02,29.60214,-99.73007,436.7784,6/28/21,p,2021,05/11/2021 11:20 CDT,96940,22.48,89.1,1.835,7.485,90.93,101933.13
TWB14,Uvalde_2020_02,29.60214,-99.73007,436.7784,6/28/21,p,2021,05/11/2021 11:25 CDT,96932,22.5,88.8,1.56,7.485,100.16,101924.21
TWB14,Uvalde_2020_02,29.60214,-99.73007,436.7784,6/28/21,p,2021,05/11/2021 11:30 CDT,96936,22.54,88.7,1.725,7.485,69.64,101928.07
TWB14,Uvalde_2020_02,29.60214,-99.73007,436.7784,6/28/21,p,2021,05/11/2021 11:35 CDT,96944,22.55,89.4,1.64,7.485,62.49,101936.13
TWB14,Uvalde_2020_02,29.60214,-99.73007,436.7784,6/28/21,p,2021,05/11/2021 11:40 CDT,96966,22.54,88.6,1.585,7.485,61.82,101959.27
TWB14,Uvalde_2020_02,29.60214,-99.73007,436.7784,6/28/21,p,2021,05/11/2021 11:45 CDT,96966,22.55,89,1.085,7.485,53.49,101959.26
TWB14,Uvalde_2020_02,29.60214,-99.73007,436.7784,6/28/21,p,2021,05/11/2021 11:50 CDT,96957,22.51,89.7,1.57,7.485,54.55,101949.97
TWB14,Uvalde_2020_02,29.60214,-99.73007,436.7784,6/28/21,p,2021,05/11/2021 11:55 CDT,96953,22.5,89.8,1.42,7.485,55.6,101946.11
TWB14,Uvalde_2020_02,29.60214,-99.73007,436.7784,6/28/21,p,2021,05/11/2021 12:00 CDT,96953,22.47,90.2,1.74,7.485,64.02,101946.45
TWB14,Uvalde_2020_02,29.60214,-99.73007,436.7784,6/28/21,p,2021,05/11/2021 12:05 CDT,96962,22.46,89.9,1.645,7.485,54.26,101956.09
TWB14,Uvalde_2020_02,29.60214,-99.73007,436.7784,6/28/21,p,2021,05/11/2021 12:10 CDT,96968,22.46,90.6,1.03,7.485,59.52,101962.57
TWB14,Uvalde_2020_02,29.60214,-99.73007,436.7784,6/28/21,p,2021,05/11/2021 12:15 CDT,96983,22.52,90.2,0.58,7.485,58.29,101977.65
TWB14,Uvalde_2020_02,29.60214,-99.73007,436.7784,6/28/21,p,2021,05/11/2021 12:20 CDT,96973,22.5,89.7,1.215,7.485,58.59,101967.14
TWB14,Uvalde_2020_02,29.60214,-99.73007,436.7784,6/28/21,p,2021,05/11/2021 12:25 CDT,96983,22.43,89.8,1.625,7.485,55.18,101978.86
TWB14,Uvalde_2020_02,29.60214,-99.73007,436.7784,6/28/21,p,2021,05/11/2021 12:30 CDT,96984,22.42,89.7,1.39,7.485,56.9,101980.26
TWB14,Uvalde_2020_02,29.60214,-99.73007,436.7784,6/28/21,p,2021,05/11/2021 12:35 CDT,96993,22.43,89.9,1.01,7.485,51.41,101989.72
TWB14,Uvalde_2020_02,29.60214,-99.73007,436.7784,6/28/21,p,2021,05/11/2021 12:40 CDT,97005,22.46,89.7,1.35,7.485,43.34,102001.65
TWB14,Uvalde_2020_02,29.60214,-99.73007,436.7784,6/28/21,p,2021,05/11/2021 12:45 CDT,97008,22.47,90.2,0.935,7.485,48.89,102004.63
TWB14,Uvalde_2020_02,29.60214,-99.73007,436.7784,6/28/21,p,2021,05/11/2021 12:50 CDT,97006,22.54,90.2,0.945,7.485,56.19,102001.49
TWB14,Uvalde_2020_02,29.60214,-99.73007,436.7784,6/28/21,p,2021,05/11/2021 12:55 CDT,97007,22.56,89.3,0.815,7.485,57.07,102002.37
TWB14,Uvalde_2020_02,29.60214,-99.73007,436.7784,6/28/21,p,2021,05/11/2021 13:00 CDT,97007,22.59,90.4,0.635,7.485,62.43,102002.02
TWB14,Uvalde_2020_02,29.60214,-99.73007,436.7784,6/28/21,p,2021,05/11/2021 13:05 CDT,96996,22.67,89.4,0.405,7.485,67.64,101988.56
TWB14,Uvalde_2020_02,29.60214,-99.73007,436.7784,6/28/21,p,2021,05/11/2021 13:10 CDT,96987,22.65,90.2,0.45,7.485,116.31,101979.27
TWB14,Uvalde_2020_02,29.60214,-99.73007,436.7784,6/28/21,p,2021,05/11/2021 13:15 CDT,96981,22.67,91.5,0.695,7.485,75.08,101972.08
TWB14,Uvalde_2020_02,29.60214,-99.73007,436.7784,6/28/21,p,2021,05/11/2021 13:20 CDT,96980,22.59,92.9,0.52,7.485,120.19,101972.23
TWB14,Uvalde_2020_02,29.60214,-99.73007,436.7784,6/28/21,p,2021,05/11/2021 13:25 CDT,96981,22.7,92.5,0.055,7.485,101.76,101972.25
TWB14,Uvalde_2020_02,29.60214,-99.73007,436.7784,6/28/21,p,2021,05/11/2021 13:30 CDT,96986,22.76,92.1,0.1,7.485,68.01,101975.96
TWB14,Uvalde_2020_02,29.60214,-99.73007,436.7784,6/28/21,p,2021,05/11/2021 13:35 CDT,96978,22.7,91.9,0.115,7.485,111.87,101967.72
TWB14,Uvalde_2020_02,29.60214,-99.73007,436.7784,6/28/21,p,2021,05/11/2021 13:40 CDT,96967,22.78,91.8,0.335,7.485,187.3,101956.15
TWB14,Uvalde_2020_02,29.60214,-99.73007,436.7784,6/28/21,p,2021,05/11/2021 13:45 CDT,96958,22.79,91.7,0.825,7.485,202.53,101946.86
TWB14,Uvalde_2020_02,29.60214,-99.73007,436.7784,6/28/21,p,2021,05/11/2021 13:50 CDT,96924,23.07,94,1.5,7.485,667.1,101907.82
TWB14,Uvalde_2020_02,29.60214,-99.73007,436.7784,6/28/21,p,2021,05/11/2021 13:55 CDT,96907,23.86,93.7,1.095,7.485,666.07,101878.1
TWB14,Uvalde_2020_02,29.60214,-99.73007,436.7784,6/28/21,p,2021,05/11/2021 14:00 CDT,96886,24.24,86.3,2.24,7.485,684.37,101847.19
TWB14,Uvalde_2020_02,29.60214,-99.73007,436.7784,6/28/21,p,2021,05/11/2021 14:05 CDT,96877,24.5,81.3,2.07,7.485,533.67,101832.49
TWB14,Uvalde_2020_02,29.60214,-99.73007,436.7784,6/28/21,p,2021,05/11/2021 14:10 CDT,96867,24.48,84.2,2.005,7.485,493.56,101820.42
TWB14,Uvalde_2020_02,29.60214,-99.73007,436.7784,6/28/21,p,2021,05/11/2021 14:15 CDT,96863,24.97,80.9,1.56,7.485,410.7,101810.3
TWB14,Uvalde_2020_02,29.60214,-99.73007,436.7784,6/28/21,p,2021,05/11/2021 14:20 CDT,96849,24.98,79.24,2.155,7.485,482.7,101793.05
TWB14,Uvalde_2020_02,29.60214,-99.73007,436.7784,6/28/21,p,2021,05/11/2021 14:25 CDT,96841,25.08,80.5,1.48,7.485,458.3,101784.29
TWB14,Uvalde_2020_02,29.60214,-99.73007,436.7784,6/28/21,p,2021,05/11/2021 14:30 CDT,96841,25.41,78.09,1.36,7.485,384.84,101778.73
TWB14,Uvalde_2020_02,29.60214,-99.73007,436.7784,6/28/21,p,2021,05/11/2021 14:35 CDT,96843,25.46,78.08,1.08,7.485,293.01,101778.8
TWB14,Uvalde_2020_02,29.60214,-99.73007,436.7784,6/28/21,p,2021,05/11/2021 14:40 CDT,96845,25.51,78.62,1.435,7.485,191.12,101779.55
TWB14,Uvalde_2020_02,29.60214,-99.73007,436.7784,6/28/21,p,2021,05/11/2021 14:45 CDT,96861,25.38,77.4,1.15,7.485,139.15,101796.71
TWB14,Uvalde_2020_02,29.60214,-99.73007,436.7784,6/28/21,p,2021,05/11/2021 14:50 CDT,96864,25.31,78.34,1.51,7.485,124.5,101801.54
TWB14,Uvalde_2020_02,29.60214,-99.73007,436.7784,6/28/21,p,2021,05/11/2021 14:55 CDT,96859,24.78,81,2.685,7.485,123.07,101804.23
TWB14,Uvalde_2020_02,29.60214,-99.73007,436.7784,6/28/21,p,2021,05/11/2021 15:00 CDT,96849,24.37,82,2.4,7.485,147.48,101802.2
TWB14,Uvalde_2020_02,29.60214,-99.73007,436.7784,6/28/21,p,2021,05/11/2021 15:05 CDT,96846,24.14,82.6,2.575,7.485,135.39,101803.47
TWB14,Uvalde_2020_02,29.60214,-99.73007,436.7784,6/28/21,p,2021,05/11/2021 15:10 CDT,96841,23.95,82.6,2.46,7.485,132.15,101801.8
TWB14,Uvalde_2020_02,29.60214,-99.73007,436.7784,6/28/21,p,2021,05/11/2021 15:15 CDT,96834,23.86,82.6,2.4,7.485,130.61,101797
TWB14,Uvalde_2020_02,29.60214,-99.73007,436.7784,6/28/21,p,2021,05/11/2021 15:20 CDT,96814,23.93,82.2,1.98,7.485,117.48,101776.15
TWB14,Uvalde_2020_02,29.60214,-99.73007,436.7784,6/28/21,p,2021,05/11/2021 15:25 CDT,96810,23.94,81.9,2.3,7.485,69.45,101771.6
TWB14,Uvalde_2020_02,29.60214,-99.73007,436.7784,6/28/21,p,2021,05/11/2021 15:30 CDT,96792,23.83,83.4,2.105,7.485,60.85,101754.04
TWB14,Uvalde_2020_02,29.60214,-99.73007,436.7784,6/28/21,p,2021,05/11/2021 15:35 CDT,96796,23.78,82.5,1.515,7.485,44.97,101759.61
TWB14,Uvalde_2020_02,29.60214,-99.73007,436.7784,6/28/21,p,2021,05/11/2021 15:40 CDT,96825,23.54,79.35,2.495,7.485,18.63,101792.69
TWB14,Uvalde_2020_02,29.60214,-99.73007,436.7784,6/28/21,p,2021,05/11/2021 15:45 CDT,96838,22.09,82.7,4.11,7.485,25.6,101826.27
TWB14,Uvalde_2020_02,29.60214,-99.73007,436.7784,6/28/21,p,2021,05/11/2021 15:50 CDT,96852,21.5,85.3,2.94,7.485,34.95,101855.51
TWB14,Uvalde_2020_02,29.60214,-99.73007,436.7784,6/28/21,p,2021,05/11/2021 15:55 CDT,96868,21.39,86,2.325,7.485,33.75,101875.64
TWB14,Uvalde_2020_02,29.60214,-99.73007,436.7784,6/28/21,p,2021,05/11/2021 16:00 CDT,96866,21.32,87.3,1.7,7.485,46.79,101875.44
TWB14,Uvalde_2020_02,29.60214,-99.73007,436.7784,6/28/21,p,2021,05/11/2021 16:05 CDT,96837,21.39,88.2,1.235,7.485,52.02,101844.58
TWB14,Uvalde_2020_02,29.60214,-99.73007,436.7784,6/28/21,p,2021,05/11/2021 16:10 CDT,96829,21.61,89.1,0.745,7.485,27.29,101833.21
TWB14,Uvalde_2020_02,29.60214,-99.73007,436.7784,6/28/21,p,2021,05/11/2021 16:15 CDT,96824,21.78,88.5,0.465,7.485,26.88,101824.66
TWB14,Uvalde_2020_02,29.60214,-99.73007,436.7784,6/28/21,p,2021,05/11/2021 16:20 CDT,96846,21.83,85.6,2.745,7.485,15.78,101847.12
TWB14,Uvalde_2020_02,29.60214,-99.73007,436.7784,6/28/21,p,2021,05/11/2021 16:25 CDT,96854,21.51,86,2.775,7.485,26.48,101860.04
TWB14,Uvalde_2020_02,29.60214,-99.73007,436.7784,6/28/21,p,2021,05/11/2021 16:30 CDT,96835,21.36,86.7,1.54,7.485,59.25,101843.01
TWB14,Uvalde_2020_02,29.60214,-99.73007,436.7784,6/28/21,p,2021,05/11/2021 16:35 CDT,96838,21.34,86.3,1.76,7.485,72.47,101846.34
TWB14,Uvalde_2020_02,29.60214,-99.73007,436.7784,6/28/21,p,2021,05/11/2021 16:40 CDT,96848,21.3,84,2.875,7.485,67.17,101857.57
TWB14,Uvalde_2020_02,29.60214,-99.73007,436.7784,6/28/21,p,2021,05/11/2021 16:45 CDT,96849,21.3,83.9,2.975,7.485,77.63,101859.49
TWB14,Uvalde_2020_02,29.60214,-99.73007,436.7784,6/28/21,p,2021,05/11/2021 16:50 CDT,96858,21.38,82.7,3.11,7.485,81.14,101867.4
TWB14,Uvalde_2020_02,29.60214,-99.73007,436.7784,6/28/21,p,2021,05/11/2021 16:55 CDT,96859,21.36,82.3,3.81,7.485,86.95,101868.28
TWB14,Uvalde_2020_02,29.60214,-99.73007,436.7784,6/28/21,p,2021,05/11/2021 17:00 CDT,96857,21.33,82.4,3.43,7.485,65.03,101867.22
TWB14,Uvalde_2020_02,29.60214,-99.73007,436.7784,6/28/21,p,2021,05/11/2021 17:05 CDT,96858,21.37,83,2.69,7.485,55.78,101867.57
TWB14,Uvalde_2020_02,29.60214,-99.73007,436.7784,6/28/21,p,2021,05/11/2021 17:10 CDT,96878,21.41,82.1,2.68,7.485,51.97,101887.92
TWB14,Uvalde_2020_02,29.60214,-99.73007,436.7784,6/28/21,p,2021,05/11/2021 17:15 CDT,96882,21.3,82,2.925,7.485,45.94,101893.17
TWB14,Uvalde_2020_02,29.60214,-99.73007,436.7784,6/28/21,p,2021,05/11/2021 17:20 CDT,96872,21.13,82.1,2.815,7.485,37.87,101885.26
TWB14,Uvalde_2020_02,29.60214,-99.73007,436.7784,6/28/21,p,2021,05/11/2021 17:25 CDT,96875,21.02,82.1,2.71,7.485,34.33,101891.03
TWB14,Uvalde_2020_02,29.60214,-99.73007,436.7784,6/28/21,p,2021,05/11/2021 17:30 CDT,96887,20.96,82.9,2.575,7.485,36.11,101904.87
TWB14,Uvalde_2020_02,29.60214,-99.73007,436.7784,6/28/21,p,2021,05/11/2021 17:35 CDT,96886,20.9,83.1,2.59,7.485,33.85,101904.69
TWB14,Uvalde_2020_02,29.60214,-99.73007,436.7784,6/28/21,p,2021,05/11/2021 17:40 CDT,96887,20.85,84.1,1.785,7.485,29.33,101906.61
TWB14,Uvalde_2020_02,29.60214,-99.73007,436.7784,6/28/21,p,2021,05/11/2021 17:45 CDT,96873,20.81,82.9,2.345,7.485,26.51,101892.76
TWB14,Uvalde_2020_02,29.60214,-99.73007,436.7784,6/28/21,p,2021,05/11/2021 17:50 CDT,96861,20.8,83.3,1.515,7.485,24.2,101881.01
TWB14,Uvalde_2020_02,29.60214,-99.73007,436.7784,6/28/21,p,2021,05/11/2021 17:55 CDT,96871,20.88,83,0.64,7.485,22.81,101890.31
TWB14,Uvalde_2020_02,29.60214,-99.73007,436.7784,6/28/21,p,2021,05/11/2021 18:00 CDT,96878,21.02,83.7,0.595,7.485,22.6,101895.92
TWB14,Uvalde_2020_02,29.60214,-99.73007,436.7784,6/28/21,p,2021,05/11/2021 18:05 CDT,96862,21,83.7,1.07,7.485,22.33,101878.22
TWB14,Uvalde_2020_02,29.60214,-99.73007,436.7784,6/28/21,p,2021,05/11/2021 18:10 CDT,96862,20.81,84.7,1.845,7.485,21.59,101880.13
TWB14,Uvalde_2020_02,29.60214,-99.73007,436.7784,6/28/21,p,2021,05/11/2021 18:15 CDT,96846,20.68,84.8,1.92,7.485,23.29,101866.45
TWB14,Uvalde_2020_02,29.60214,-99.73007,436.7784,6/28/21,p,2021,05/11/2021 18:20 CDT,96830,20.72,83.5,2.4,7.485,27.8,101850.15
TWB14,Uvalde_2020_02,29.60214,-99.73007,436.7784,6/28/21,p,2021,05/11/2021 18:25 CDT,96801,20.77,83.3,2.305,7.485,35.73,101818.95
TWB14,Uvalde_2020_02,29.60214,-99.73007,436.7784,6/28/21,p,2021,05/11/2021 18:30 CDT,96795,20.68,85.5,2.56,7.485,46.3,101813.32
TWB14,Uvalde_2020_02,29.60214,-99.73007,436.7784,6/28/21,p,2021,05/11/2021 18:35 CDT,96778,20.52,85.2,1.92,7.485,51.9,101797.54
TWB14,Uvalde_2020_02,29.60214,-99.73007,436.7784,6/28/21,p,2021,05/11/2021 18:40 CDT,96753,20.51,85.2,1.36,7.485,57.4,101772.29
TWB14,Uvalde_2020_02,29.60214,-99.73007,436.7784,6/28/21,p,2021,05/11/2021 18:45 CDT,96728,20.62,84.1,1.495,7.485,62.36,101744.61
TWB14,Uvalde_2020_02,29.60214,-99.73007,436.7784,6/28/21,p,2021,05/11/2021 18:50 CDT,96704,20.74,83.7,0.835,7.485,60.18,101717.79
TWB14,Uvalde_2020_02,29.60214,-99.73007,436.7784,6/28/21,p,2021,05/11/2021 18:55 CDT,96739,20.86,84.4,1.665,7.485,51.7,101751.81
TWB14,Uvalde_2020_02,29.60214,-99.73007,436.7784,6/28/21,p,2021,05/11/2021 19:00 CDT,96785,20.81,83.5,2.07,7.485,32.15,101799.85
TWB14,Uvalde_2020_02,29.60214,-99.73007,436.7784,6/28/21,p,2021,05/11/2021 19:05 CDT,96824,20.77,83.3,2.53,7.485,21.55,101842.1
TWB14,Uvalde_2020_02,29.60214,-99.73007,436.7784,6/28/21,p,2021,05/11/2021 19:10 CDT,96813,20.74,82.1,2.085,7.485,20.86,101831.06
TWB14,Uvalde_2020_02,29.60214,-99.73007,436.7784,6/28/21,p,2021,05/11/2021 19:15 CDT,96837,20.78,82.2,1.33,7.485,9.48,101856.3
TWB14,Uvalde_2020_02,29.60214,-99.73007,436.7784,6/28/21,p,2021,05/11/2021 19:20 CDT,96861,20.81,82.1,1.89,7.485,7.3,101880.85
TWB14,Uvalde_2020_02,29.60214,-99.73007,436.7784,6/28/21,p,2021,05/11/2021 19:25 CDT,96826,20.84,80.8,1.66,7.485,22.01,101843.52
TWB14,Uvalde_2020_02,29.60214,-99.73007,436.7784,6/28/21,p,2021,05/11/2021 19:30 CDT,96817,20.87,79.96,2.265,7.485,13.34,101833.36
TWB14,Uvalde_2020_02,29.60214,-99.73007,436.7784,6/28/21,p,2021,05/11/2021 19:35 CDT,96848,20.96,80.6,2.34,7.485,12.97,101865.09
TWB14,Uvalde_2020_02,29.60214,-99.73007,436.7784,6/28/21,p,2021,05/11/2021 19:40 CDT,96877,21,80.7,0.515,7.485,17.38,101894.72
TWB14,Uvalde_2020_02,29.60214,-99.73007,436.7784,6/28/21,p,2021,05/11/2021 19:45 CDT,96886,21.02,80.6,0.67,7.485,23.4,101903.31
TWB14,Uvalde_2020_02,29.60214,-99.73007,436.7784,6/28/21,p,2021,05/11/2021 19:50 CDT,96914,21.02,79.55,1.3,7.485,15.96,101932.77
TWB14,Uvalde_2020_02,29.60214,-99.73007,436.7784,6/28/21,p,2021,05/11/2021 19:55 CDT,96932,20.97,78.94,1.445,7.485,12.59,101952.58
TWB14,Uvalde_2020_02,29.60214,-99.73007,436.7784,6/28/21,p,2021,05/11/2021 20:00 CDT,96969,20.97,78.07,0.955,7.485,8.13,101991.67
TWB14,Uvalde_2020_02,29.60214,-99.73007,436.7784,6/28/21,p,2021,05/11/2021 20:05 CDT,96972,20.99,77.8,1.44,7.485,9.42,101994.83
TWB14,Uvalde_2020_02,29.60214,-99.73007,436.7784,6/28/21,p,2021,05/11/2021 20:10 CDT,96976,20.91,78.41,1.285,7.485,6.26,101999.73
TWB14,Uvalde_2020_02,29.60214,-99.73007,436.7784,6/28/21,p,2021,05/11/2021 20:15 CDT,96980,20.82,78.03,1.985,7.485,3.6,102006.22
TWB14,Uvalde_2020_02,29.60214,-99.73007,436.7784,6/28/21,p,2021,05/11/2021 20:20 CDT,96978,20.76,77.29,2.745,7.485,1.99,102005.34
TWB14,Uvalde_2020_02,29.60214,-99.73007,436.7784,6/28/21,p,2021,05/11/2021 20:25 CDT,96991,20.68,78.74,1.385,7.485,1.72,102019.88
TWB14,Uvalde_2020_02,29.60214,-99.73007,436.7784,6/28/21,p,2021,05/11/2021 20:30 CDT,97023,20.57,78.54,1.395,7.485,0.46,102055.99
TWB14,Uvalde_2020_02,29.60214,-99.73007,436.7784,6/28/21,p,2021,05/11/2021 20:35 CDT,97027,20.57,78.64,2.04,7.485,0,102060.55
TWB14,Uvalde_2020_02,29.60214,-99.73007,436.7784,6/28/21,p,2021,05/11/2021 20:40 CDT,97035,20.54,78.41,2.065,7.485,0,102069.32
TWB14,Uvalde_2020_02,29.60214,-99.73007,436.7784,6/28/21,p,2021,05/11/2021 20:45 CDT,97045,20.54,78.37,2.805,7.485,0,102080.01
TWB14,Uvalde_2020_02,29.60214,-99.73007,436.7784,6/28/21,p,2021,05/11/2021 20:50 CDT,97051,20.47,79.28,2.38,7.485,0,102087.02
TWB14,Uvalde_2020_02,29.60214,-99.73007,436.7784,6/28/21,p,2021,05/11/2021 20:55 CDT,97054,20.39,79.62,1.81,7.485,0.17,102091.4
TWB14,Uvalde_2020_02,29.60214,-99.73007,436.7784,6/28/21,p,2021,05/11/2021 21:00 CDT,97055,20.26,80.3,2.255,7.485,0.03,102094.73
TWB14,Uvalde_2020_02,29.60214,-99.73007,436.7784,6/28/21,p,2021,05/11/2021 21:05 CDT,97074,20.13,80.6,2.1,7.485,0.11,102117.35
TWB14,Uvalde_2020_02,29.60214,-99.73007,436.7784,6/28/21,p,2021,05/11/2021 21:10 CDT,97090,20.07,81,2.02,7.485,0.01,102135.41
TWB14,Uvalde_2020_02,29.60214,-99.73007,436.7784,6/28/21,p,2021,05/11/2021 21:15 CDT,97107,19.97,81,2.055,7.485,0.03,102155.59
TWB14,Uvalde_2020_02,29.60214,-99.73007,436.7784,6/28/21,p,2021,05/11/2021 21:20 CDT,97118,19.92,81.3,1.815,7.485,0,102168.04
TWB14,Uvalde_2020_02,29.60214,-99.73007,436.7784,6/28/21,p,2021,05/11/2021 21:25 CDT,97138,19.87,81.9,1.285,7.485,0.04,102190.66
TWB14,Uvalde_2020_02,29.60214,-99.73007,436.7784,6/28/21,p,2021,05/11/2021 21:30 CDT,97156,19.72,82.1,1.88,7.485,0.04,102211.89
TWB14,Uvalde_2020_02,29.60214,-99.73007,436.7784,6/28/21,p,2021,05/11/2021 21:35 CDT,97182,19.68,81.3,2.1,7.485,0,102240.31
TWB14,Uvalde_2020_02,29.60214,-99.73007,436.7784,6/28/21,p,2021,05/11/2021 21:40 CDT,97198,19.68,81.2,2.08,7.485,0,102257.14
TWB14,Uvalde_2020_02,29.60214,-99.73007,436.7784,6/28/21,p,2021,05/11/2021 21:45 CDT,97201,19.63,81.1,2.07,7.485,0,102260.66
TWB14,Uvalde_2020_02,29.60214,-99.73007,436.7784,6/28/21,p,2021,05/11/2021 21:50 CDT,97218,19.61,80.5,2.675,7.9,0,102278.9
TWB14,Uvalde_2020_02,29.60214,-99.73007,436.7784,6/28/21,p,2021,05/11/2021 21:55 CDT,97223,19.61,80.6,1.95,7.73,0,102283.8
TWB14,Uvalde_2020_02,29.60214,-99.73007,436.7784,6/28/21,p,2021,05/11/2021 22:00 CDT,97223,19.55,80.8,1.245,7.73,0,102284.69
TWB14,Uvalde_2020_02,29.60214,-99.73007,436.7784,6/28/21,p,2021,05/11/2021 22:05 CDT,97232,19.4,81.5,1.645,7.73,0,102296.63
TWB14,Uvalde_2020_02,29.60214,-99.73007,436.7784,6/28/21,p,2021,05/11/2021 22:10 CDT,97246,19.37,81.1,1.305,7.73,0,102312.42
TWB14,Uvalde_2020_02,29.60214,-99.73007,436.7784,6/28/21,p,2021,05/11/2021 22:15 CDT,97258,19.36,80.9,1.09,7.73,0,102325.05
TWB14,Uvalde_2020_02,29.60214,-99.73007,436.7784,6/28/21,p,2021,05/11/2021 22:20 CDT,97277,19.3,80.9,0.88,7.73,0.03,102345.57
TWB14,Uvalde_2020_02,29.60214,-99.73007,436.7784,6/28/21,p,2021,05/11/2021 22:25 CDT,97293,19.29,80.9,1.59,7.73,0,102362.94
TWB14,Uvalde_2020_02,29.60214,-99.73007,436.7784,6/28/21,p,2021,05/11/2021 22:30 CDT,97279,19.28,81.1,1.53,7.73,0,102348.21
TWB14,Uvalde_2020_02,29.60214,-99.73007,436.7784,6/28/21,p,2021,05/11/2021 22:35 CDT,97274,19.22,81.8,1.175,7.73,0,102343.65
TWB14,Uvalde_2020_02,29.60214,-99.73007,436.7784,6/28/21,p,2021,05/11/2021 22:40 CDT,97282,19.18,81.7,1.275,7.73,0,102353.13
TWB14,Uvalde_2020_02,29.60214,-99.73007,436.7784,6/28/21,p,2021,05/11/2021 22:45 CDT,97280,19.12,81.5,1.01,7.73,0.03,102351.92
TWB14,Uvalde_2020_02,29.60214,-99.73007,436.7784,6/28/21,p,2021,05/11/2021 22:50 CDT,97272,19.07,81.4,1.675,7.73,0,102344.39
TWB14,Uvalde_2020_02,29.60214,-99.73007,436.7784,6/28/21,p,2021,05/11/2021 22:55 CDT,97267,19.01,81.7,0.975,7.73,0.09,102339.66
TWB14,Uvalde_2020_02,29.60214,-99.73007,436.7784,6/28/21,p,2021,05/11/2021 23:00 CDT,97273,18.88,82.7,1.26,7.73,0.01,102348.81
TWB14,Uvalde_2020_02,29.60214,-99.73007,436.7784,6/28/21,p,2021,05/11/2021 23:05 CDT,97282,18.82,83.1,1.045,7.73,0.04,102359.88
TWB14,Uvalde_2020_02,29.60214,-99.73007,436.7784,6/28/21,p,2021,05/11/2021 23:10 CDT,97283,18.71,83.5,0.525,7.73,0.2,102362.71
TWB14,Uvalde_2020_02,29.60214,-99.73007,436.7784,6/28/21,p,2021,05/11/2021 23:15 CDT,97299,18.72,84,0.845,7.73,0.18,102380.79
TWB14,Uvalde_2020_02,29.60214,-99.73007,436.7784,6/28/21,p,2021,05/11/2021 23:20 CDT,97309,18.69,83.9,1.175,7.73,0,102392.56
TWB14,Uvalde_2020_02,29.60214,-99.73007,436.7784,6/28/21,p,2021,05/11/2021 23:25 CDT,97284,18.63,84.1,0.38,7.73,0,102366.43
TWB14,Uvalde_2020_02,29.60214,-99.73007,436.7784,6/28/21,p,2021,05/11/2021 23:30 CDT,97307,18.57,85.3,1.445,7.73,0,102391.33
TWB14,Uvalde_2020_02,29.60214,-99.73007,436.7784,6/28/21,p,2021,05/11/2021 23:35 CDT,97341,18.6,84.1,1.785,7.73,0,102427.65
TWB14,Uvalde_2020_02,29.60214,-99.73007,436.7784,6/28/21,p,2021,05/11/2021 23:40 CDT,97342,18.59,84.1,1.6,7.73,0,102427.46
TWB14,Uvalde_2020_02,29.60214,-99.73007,436.7784,6/28/21,p,2021,05/11/2021 23:45 CDT,97359,18.68,83,2.305,7.73,0,102444.46
TWB14,Uvalde_2020_02,29.60214,-99.73007,436.7784,6/28/21,p,2021,05/11/2021 23:50 CDT,97364,18.8,81.9,2.08,7.73,0,102447.05
TWB14,Uvalde_2020_02,29.60214,-99.73007,436.7784,6/28/21,p,2021,05/11/2021 23:55 CDT,97375,18.92,81.5,2.64,7.73,0,102456.85
TWB14,Uvalde_2020_02,29.60214,-99.73007,436.7784,6/28/21,p,2021,05/12/2021 00:00 CDT,97396,18.96,81,2.45,7.73,0,102477.17
TWB14,Uvalde_2020_02,29.60214,-99.73007,436.7784,6/28/21,p,2021,05/12/2021 00:05 CDT,97399,18.96,81.1,2.85,7.73,0,102480.15
TWB14,Uvalde_2020_02,29.60214,-99.73007,436.7784,6/28/21,p,2021,05/12/2021 00:10 CDT,97384,18.94,80.8,2.005,7.73,0.01,102464.37
TWB14,Uvalde_2020_02,29.60214,-99.73007,436.7784,6/28/21,p,2021,05/12/2021 00:15 CDT,97360,18.93,81.3,2.155,7.73,0.01,102439.29
TWB14,Uvalde_2020_02,29.60214,-99.73007,436.7784,6/28/21,p,2021,05/12/2021 00:20 CDT,97363,18.9,81.6,1.92,7.73,0,102443.33
TWB14,Uvalde_2020_02,29.60214,-99.73007,436.7784,6/28/21,p,2021,05/12/2021 00:25 CDT,97369,18.89,81.2,0.72,7.73,0,102449.47
TWB14,Uvalde_2020_02,29.60214,-99.73007,436.7784,6/28/21,p,2021,05/12/2021 00:30 CDT,97369,18.9,81.3,0.745,7.73,0,102448.76
TWB14,Uvalde_2020_02,29.60214,-99.73007,436.7784,6/28/21,p,2021,05/12/2021 00:35 CDT,97369,18.87,81.9,1.41,7.73,0,102449.11
TWB14,Uvalde_2020_02,29.60214,-99.73007,436.7784,6/28/21,p,2021,05/12/2021 00:40 CDT,97367,18.84,82,1.255,7.73,0.16,102447.9
TWB14,Uvalde_2020_02,29.60214,-99.73007,436.7784,6/28/21,p,2021,05/12/2021 00:45 CDT,97367,18.8,81.8,1.975,7.73,0.02,102448.97
TWB14,Uvalde_2020_02,29.60214,-99.73007,436.7784,6/28/21,p,2021,05/12/2021 00:50 CDT,97365,18.74,83,1.505,7.73,0.17,102447.57
TWB14,Uvalde_2020_02,29.60214,-99.73007,436.7784,6/28/21,p,2021,05/12/2021 00:55 CDT,97362,18.6,83.1,1.425,7.73,0.23,102447.44
TWB14,Uvalde_2020_02,29.60214,-99.73007,436.7784,6/28/21,p,2021,05/12/2021 01:00 CDT,97358,18.53,83.4,1.055,7.73,0.22,102444.3
TWB14,Uvalde_2020_02,29.60214,-99.73007,436.7784,6/28/21,p,2021,05/12/2021 01:05 CDT,97363,18.42,84.2,1.74,7.73,0.01,102451.52
TWB14,Uvalde_2020_02,29.60214,-99.73007,436.7784,6/28/21,p,2021,05/12/2021 01:10 CDT,97367,18.32,84.2,1.57,7.73,0,102458.05
TWB14,Uvalde_2020_02,29.60214,-99.73007,436.7784,6/28/21,p,2021,05/12/2021 01:15 CDT,97366,18.3,84.2,1.805,7.73,0,102457.53
TWB14,Uvalde_2020_02,29.60214,-99.73007,436.7784,6/28/21,p,2021,05/12/2021 01:20 CDT,97361,18.31,84.1,1.535,7.73,0,102452.45
TWB14,Uvalde_2020_02,29.60214,-99.73007,436.7784,6/28/21,p,2021,05/12/2021 01:25 CDT,97363,18.27,84.4,1.32,7.73,0,102454.55
TWB14,Uvalde_2020_02,29.60214,-99.73007,436.7784,6/28/21,p,2021,05/12/2021 01:30 CDT,97366,18.27,84.2,2.275,7.73,0,102458.25
TWB14,Uvalde_2020_02,29.60214,-99.73007,436.7784,6/28/21,p,2021,05/12/2021 01:35 CDT,97361,18.25,84.3,1.995,7.73,0,102453.16
TWB14,Uvalde_2020_02,29.60214,-99.73007,436.7784,6/28/21,p,2021,05/12/2021 01:40 CDT,97357,18.21,84.4,1.6,7.73,0,102449.67
TWB14,Uvalde_2020_02,29.60214,-99.73007,436.7784,6/28/21,p,2021,05/12/2021 01:45 CDT,97358,18.15,84.8,1.935,7.73,0,102451.79
TWB14,Uvalde_2020_02,29.60214,-99.73007,436.7784,6/28/21,p,2021,05/12/2021 01:50 CDT,97359,18.17,84.8,2.295,7.73,0,102452.66
TWB14,Uvalde_2020_02,29.60214,-99.73007,436.7784,6/28/21,p,2021,05/12/2021 01:55 CDT,97368,18.18,84.3,2.42,7.73,0,102462.14
TWB14,Uvalde_2020_02,29.60214,-99.73007,436.7784,6/28/21,p,2021,05/12/2021 02:00 CDT,97370,18.19,84.6,2.15,7.73,0,102463.35
TWB14,Uvalde_2020_02,29.60214,-99.73007,436.7784,6/28/21,p,2021,05/12/2021 02:05 CDT,97369,18.2,83.5,2.87,7.73,0,102462.12
TWB14,Uvalde_2020_02,29.60214,-99.73007,436.7784,6/28/21,p,2021,05/12/2021 02:10 CDT,97361,18.19,83.7,2.125,7.73,0,102453.52
TWB14,Uvalde_2020_02,29.60214,-99.73007,436.7784,6/28/21,p,2021,05/12/2021 02:15 CDT,97355,18.16,83.8,2.14,7.73,0,102447.75
TWB14,Uvalde_2020_02,29.60214,-99.73007,436.7784,6/28/21,p,2021,05/12/2021 02:20 CDT,97351,18.1,83.6,2.635,7.73,0,102444.79
TWB14,Uvalde_2020_02,29.60214,-99.73007,436.7784,6/28/21,p,2021,05/12/2021 02:25 CDT,97353,18.11,83.4,2.4,7.73,0,102447.25
TWB14,Uvalde_2020_02,29.60214,-99.73007,436.7784,6/28/21,p,2021,05/12/2021 02:30 CDT,97352,18.11,83.4,2.545,7.73,0,102446.02
TWB14,Uvalde_2020_02,29.60214,-99.73007,436.7784,6/28/21,p,2021,05/12/2021 02:35 CDT,97351,18.05,83.7,1.78,7.73,0,102445.86
TWB14,Uvalde_2020_02,29.60214,-99.73007,436.7784,6/28/21,p,2021,05/12/2021 02:40 CDT,97354,18.01,84.1,1.615,7.73,0,102449.73
TWB14,Uvalde_2020_02,29.60214,-99.73007,436.7784,6/28/21,p,2021,05/12/2021 02:45 CDT,97345,18,83.9,2.095,7.73,0,102441.16
TWB14,Uvalde_2020_02,29.60214,-99.73007,436.7784,6/28/21,p,2021,05/12/2021 02:50 CDT,97343,17.99,84,1.665,7.73,0,102439.05
TWB14,Uvalde_2020_02,29.60214,-99.73007,436.7784,6/28/21,p,2021,05/12/2021 02:55 CDT,97352,17.92,84.4,1.425,7.73,0,102449.6
TWB14,Uvalde_2020_02,29.60214,-99.73007,436.7784,6/28/21,p,2021,05/12/2021 03:00 CDT,97368,17.96,84.3,1.975,7.73,0,102466.26
TWB14,Uvalde_2020_02,29.60214,-99.73007,436.7784,6/28/21,p,2021,05/12/2021 03:05 CDT,97365,17.97,84.4,2.535,7.73,0,102462.56
TWB14,Uvalde_2020_02,29.60214,-99.73007,436.7784,6/28/21,p,2021,05/12/2021 03:10 CDT,97360,17.99,84.6,2.505,7.73,0,102456.94
TWB14,Uvalde_2020_02,29.60214,-99.73007,436.7784,6/28/21,p,2021,05/12/2021 03:15 CDT,97369,17.97,85.4,1.445,7.73,0,102465.69
TWB14,Uvalde_2020_02,29.60214,-99.73007,436.7784,6/28/21,p,2021,05/12/2021 03:20 CDT,97376,17.96,85.1,2.585,7.73,0,102473.6
TWB14,Uvalde_2020_02,29.60214,-99.73007,436.7784,6/28/21,p,2021,05/12/2021 03:25 CDT,97385,17.99,84.9,2.86,7.815,0,102482.35
TWB14,Uvalde_2020_02,29.60214,-99.73007,436.7784,6/28/21,p,2021,05/12/2021 03:30 CDT,97384,17.97,84.9,2.18,7.815,0,102481.3
TWB14,Uvalde_2020_02,29.60214,-99.73007,436.7784,6/28/21,p,2021,05/12/2021 03:35 CDT,97390,17.92,84.7,1.81,7.815,0,102488.15
TWB14,Uvalde_2020_02,29.60214,-99.73007,436.7784,6/28/21,p,2021,05/12/2021 03:40 CDT,97394,17.88,84.7,2.39,7.815,0,102493.44
TWB14,Uvalde_2020_02,29.60214,-99.73007,436.7784,6/28/21,p,2021,05/12/2021 03:45 CDT,97395,17.82,84.3,2.725,7.815,0.02,102495.75
TWB14,Uvalde_2020_02,29.60214,-99.73007,436.7784,6/28/21,p,2021,05/12/2021 03:50 CDT,97396,17.78,84.2,3.13,7.815,0,102497.7
TWB14,Uvalde_2020_02,29.60214,-99.73007,436.7784,6/28/21,p,2021,05/12/2021 03:55 CDT,97384,17.74,84.7,2.64,7.815,0,102485.96
TWB14,Uvalde_2020_02,29.60214,-99.73007,436.7784,6/28/21,p,2021,05/12/2021 04:00 CDT,97383,17.69,84.8,3.095,7.815,0,102485.45
TWB14,Uvalde_2020_02,29.60214,-99.73007,436.7784,6/28/21,p,2021,05/12/2021 04:05 CDT,97393,17.67,85.1,2.655,7.815,0,102496.69
TWB14,Uvalde_2020_02,29.60214,-99.73007,436.7784,6/28/21,p,2021,05/12/2021 04:10 CDT,97404,17.62,85.4,2.9,7.815,0,102508.62
TWB14,Uvalde_2020_02,29.60214,-99.73007,436.7784,6/28/21,p,2021,05/12/2021 04:15 CDT,97415,17.54,85.8,3.255,7.815,0,102521.27
TWB14,Uvalde_2020_02,29.60214,-99.73007,436.7784,6/28/21,p,2021,05/12/2021 04:20 CDT,97423,17.36,85.4,3.605,7.815,0.65,102532.21
TWB14,Uvalde_2020_02,29.60214,-99.73007,436.7784,6/28/21,p,2021,05/12/2021 04:25 CDT,97426,17.2,85.2,2.935,7.815,0.77,102538.61
TWB14,Uvalde_2020_02,29.60214,-99.73007,436.7784,6/28/21,p,2021,05/12/2021 04:30 CDT,97426,17.13,84.2,2.995,7.815,0.69,102540.05
TWB14,Uvalde_2020_02,29.60214,-99.73007,436.7784,6/28/21,p,2021,05/12/2021 04:35 CDT,97432,17,84.4,3.32,8.065,0.52,102548.53
TWB14,Uvalde_2020_02,29.60214,-99.73007,436.7784,6/28/21,p,2021,05/12/2021 04:40 CDT,97438,16.79,84.8,3.2,8.065,0.93,102558.09
TWB14,Uvalde_2020_02,29.60214,-99.73007,436.7784,6/28/21,p,2021,05/12/2021 04:45 CDT,97448,16.62,84.7,3.265,8.065,0.93,102572.23
TWB14,Uvalde_2020_02,29.60214,-99.73007,436.7784,6/28/21,p,2021,05/12/2021 04:50 CDT,97447,16.46,84.4,2.78,8.065,0.89,102573.9
TWB14,Uvalde_2020_02,29.60214,-99.73007,436.7784,6/28/21,p,2021,05/12/2021 04:55 CDT,97451,16.29,84,3.39,8.235,0.78,102581.01
TWB14,Uvalde_2020_02,29.60214,-99.73007,436.7784,6/28/21,p,2021,05/12/2021 05:00 CDT,97457,16.15,83.9,3.61,8.235,0.65,102590.59
TWB14,Uvalde_2020_02,29.60214,-99.73007,436.7784,6/28/21,p,2021,05/12/2021 05:05 CDT,97475,16.07,83.7,2.66,8.235,0.57,102611.17
TWB14,Uvalde_2020_02,29.60214,-99.73007,436.7784,6/28/21,p,2021,05/12/2021 05:10 CDT,97484,16.01,83.6,2.19,8.235,0.1,102621.55
TWB14,Uvalde_2020_02,29.60214,-99.73007,436.7784,6/28/21,p,2021,05/12/2021 05:15 CDT,97496,15.95,83,3.925,8.485,0,102635.64
TWB14,Uvalde_2020_02,29.60214,-99.73007,436.7784,6/28/21,p,2021,05/12/2021 05:20 CDT,97511,15.88,83.3,2.96,8.485,0,102652.71
TWB14,Uvalde_2020_02,29.60214,-99.73007,436.7784,6/28/21,p,2021,05/12/2021 05:25 CDT,97534,15.82,83.5,2.31,8.485,0,102678.19
TWB14,Uvalde_2020_02,29.60214,-99.73007,436.7784,6/28/21,p,2021,05/12/2021 05:30 CDT,97555,15.82,82.7,2.405,8.485,0,102700.3
TWB14,Uvalde_2020_02,29.60214,-99.73007,436.7784,6/28/21,p,2021,05/12/2021 05:35 CDT,97561,15.79,82.7,2.09,8.485,0,102706.8
TWB14,Uvalde_2020_02,29.60214,-99.73007,436.7784,6/28/21,p,2021,05/12/2021 05:40 CDT,97572,15.75,82.3,2.31,8.485,0,102719.29
TWB14,Uvalde_2020_02,29.60214,-99.73007,436.7784,6/28/21,p,2021,05/12/2021 05:45 CDT,97578,15.7,82.4,2.33,8.485,0,102726.7
TWB14,Uvalde_2020_02,29.60214,-99.73007,436.7784,6/28/21,p,2021,05/12/2021 05:50 CDT,97581,15.63,82.7,1.93,8.485,0.05,102731.14
TWB14,Uvalde_2020_02,29.60214,-99.73007,436.7784,6/28/21,p,2021,05/12/2021 05:55 CDT,97586,15.57,82.7,2.45,8.485,0,102737.86
TWB14,Uvalde_2020_02,29.60214,-99.73007,436.7784,6/28/21,p,2021,05/12/2021 06:00 CDT,97595,15.55,83,1.72,8.485,0,102747.52
TWB14,Uvalde_2020_02,29.60214,-99.73007,436.7784,6/28/21,p,2021,05/12/2021 06:05 CDT,97590,15.52,83,2.52,8.485,0,102743.17
TWB14,Uvalde_2020_02,29.60214,-99.73007,436.7784,6/28/21,p,2021,05/12/2021 06:10 CDT,97588,15.53,83,2.01,8.485,0,102740.88
TWB14,Uvalde_2020_02,29.60214,-99.73007,436.7784,6/28/21,p,2021,05/12/2021 06:15 CDT,97590,15.57,82.5,2.645,8.485,0,102742.62
TWB14,Uvalde_2020_02,29.60214,-99.73007,436.7784,6/28/21,p,2021,05/12/2021 06:20 CDT,97598,15.6,82.6,2.9,8.485,0,102750.31
TWB14,Uvalde_2020_02,29.60214,-99.73007,436.7784,6/28/21,p,2021,05/12/2021 06:25 CDT,97607,15.61,82.8,2.215,8.485,0,102759.79
TWB14,Uvalde_2020_02,29.60214,-99.73007,436.7784,6/28/21,p,2021,05/12/2021 06:30 CDT,97612,15.63,83.1,2.38,8.485,0,102764.32
TWB14,Uvalde_2020_02,29.60214,-99.73007,436.7784,6/28/21,p,2021,05/12/2021 06:35 CDT,97619,15.65,83.1,2.74,8.485,0,102771.14
TWB14,Uvalde_2020_02,29.60214,-99.73007,436.7784,6/28/21,p,2021,05/12/2021 06:40 CDT,97623,15.71,82.7,2.58,8.485,0,102774.26
TWB14,Uvalde_2020_02,29.60214,-99.73007,436.7784,6/28/21,p,2021,05/12/2021 06:45 CDT,97629,15.74,81.8,2.905,8.485,0.22,102780.22
TWB14,Uvalde_2020_02,29.60214,-99.73007,436.7784,6/28/21,p,2021,05/12/2021 06:50 CDT,97632,15.76,81.7,2.63,8.485,1.97,102782.46
TWB14,Uvalde_2020_02,29.60214,-99.73007,436.7784,6/28/21,p,2021,05/12/2021 06:55 CDT,97640,15.74,82.1,2.825,7.815,4.07,102791.43
TWB14,Uvalde_2020_02,29.60214,-99.73007,436.7784,6/28/21,p,2021,05/12/2021 07:00 CDT,97649,15.67,82.8,2.34,7.815,8.2,102802
TWB14,Uvalde_2020_02,29.60214,-99.73007,436.7784,6/28/21,p,2021,05/12/2021 07:05 CDT,97659,15.65,82.2,2.71,7.815,12.69,102813.26
TWB14,Uvalde_2020_02,29.60214,-99.73007,436.7784,6/28/21,p,2021,05/12/2021 07:10 CDT,97663,15.7,82.3,2.605,7.815,22.2,102816.56
TWB14,Uvalde_2020_02,29.60214,-99.73007,436.7784,6/28/21,p,2021,05/12/2021 07:15 CDT,97664,15.75,81.5,3.31,7.815,26.48,102816.7
TWB14,Uvalde_2020_02,29.60214,-99.73007,436.7784,6/28/21,p,2021,05/12/2021 07:20 CDT,97671,15.79,81.8,3.7,7.815,32.59,102822.97
TWB14,Uvalde_2020_02,29.60214,-99.73007,436.7784,6/28/21,p,2021,05/12/2021 07:25 CDT,97675,15.81,82.2,3.085,7.815,34.6,102826.82
TWB14,Uvalde_2020_02,29.60214,-99.73007,436.7784,6/28/21,p,2021,05/12/2021 07:30 CDT,97685,15.84,81.9,2.56,7.815,33.96,102837.16
TWB14,Uvalde_2020_02,29.60214,-99.73007,436.7784,6/28/21,p,2021,05/12/2021 07:35 CDT,97707,15.83,81.8,3.66,7.815,25.53,102860.14
TWB14,Uvalde_2020_02,29.60214,-99.73007,436.7784,6/28/21,p,2021,05/12/2021 07:40 CDT,97721,15.79,82.2,2.95,7.815,41.03,102874.88
TWB14,Uvalde_2020_02,29.60214,-99.73007,436.7784,6/28/21,p,2021,05/12/2021 07:45 CDT,97738,15.8,80.6,3.775,7.815,71.76,102892.78
TWB14,Uvalde_2020_02,29.60214,-99.73007,436.7784,6/28/21,p,2021,05/12/2021 07:50 CDT,97748,15.84,79.94,4.305,7.815,78.98,102902.95
TWB14,Uvalde_2020_02,29.60214,-99.73007,436.7784,6/28/21,p,2021,05/12/2021 07:55 CDT,97737,15.92,79.91,3.36,7.815,76.42,102889.91
TWB14,Uvalde_2020_02,29.60214,-99.73007,436.7784,6/28/21,p,2021,05/12/2021 08:00 CDT,97728,16.02,79.81,2.36,7.815,83.78,102878.61
TWB14,Uvalde_2020_02,29.60214,-99.73007,436.7784,6/28/21,p,2021,05/12/2021 08:05 CDT,97731,16.1,79.47,2.385,7.815,85.45,102880.14
TWB14,Uvalde_2020_02,29.60214,-99.73007,436.7784,6/28/21,p,2021,05/12/2021 08:10 CDT,97747,16.08,79.13,3.17,7.815,92.18,102896.62
TWB14,Uvalde_2020_02,29.60214,-99.73007,436.7784,6/28/21,p,2021,05/12/2021 08:15 CDT,97750,16.07,79.4,2.925,7.815,103.43,102900.32
TWB14,Uvalde_2020_02,29.60214,-99.73007,436.7784,6/28/21,p,2021,05/12/2021 08:20 CDT,97752,16.13,78.52,2.835,7.815,105.86,102901.34
TWB14,Uvalde_2020_02,29.60214,-99.73007,436.7784,6/28/21,p,2021,05/12/2021 08:25 CDT,97758,16.12,79.06,2.825,7.815,110.55,102907.65
TWB14,Uvalde_2020_02,29.60214,-99.73007,436.7784,6/28/21,p,2021,05/12/2021 08:30 CDT,97765,16.2,77.57,3.18,8.485,131.46,102913.57
TWB14,Uvalde_2020_02,29.60214,-99.73007,436.7784,6/28/21,p,2021,05/12/2021 08:35 CDT,97769,16.21,77.98,3.61,8.4,121.82,102916.87
TWB14,Uvalde_2020_02,29.60214,-99.73007,436.7784,6/28/21,p,2021,05/12/2021 08:40 CDT,97773,16.16,78.51,3.7,8.4,104.31,102922.17
TWB14,Uvalde_2020_02,29.60214,-99.73007,436.7784,6/28/21,p,2021,05/12/2021 08:45 CDT,97776,16.15,78.51,3.205,8.4,108.54,102925.69
TWB14,Uvalde_2020_02,29.60214,-99.73007,436.7784,6/28/21,p,2021,05/12/2021 08:50 CDT,97783,16.2,78.51,3.26,8.4,124.97,102932.15
TWB14,Uvalde_2020_02,29.60214,-99.73007,436.7784,6/28/21,p,2021,05/12/2021 08:55 CDT,97799,16.21,79.25,2.565,8.4,118.67,102948.81
TWB14,Uvalde_2020_02,29.60214,-99.73007,436.7784,6/28/21,p,2021,05/12/2021 09:00 CDT,97801,16.26,78.28,3.075,8.4,131.65,102950.01
TWB14,Uvalde_2020_02,29.60214,-99.73007,436.7784,6/28/21,p,2021,05/12/2021 09:05 CDT,97803,16.21,78.24,3.905,8.65,136.56,102952.29
TWB14,Uvalde_2020_02,29.60214,-99.73007,436.7784,6/28/21,p,2021,05/12/2021 09:10 CDT,97811,16.17,77.1,4.055,8.315,193.39,102962
TWB14,Uvalde_2020_02,29.60214,-99.73007,436.7784,6/28/21,p,2021,05/12/2021 09:15 CDT,97828,16.37,76.29,2.88,8.315,143.76,102976.8
TWB14,Uvalde_2020_02,29.60214,-99.73007,436.7784,6/28/21,p,2021,05/12/2021 09:20 CDT,97829,16.42,76.76,3.2,8.315,133.74,102976.4
TWB14,Uvalde_2020_02,29.60214,-99.73007,436.7784,6/28/21,p,2021,05/12/2021 09:25 CDT,97829,16.5,79.05,2.255,8.315,162.94,102975.48
TWB14,Uvalde_2020_02,29.60214,-99.73007,436.7784,6/28/21,p,2021,05/12/2021 09:30 CDT,97829,16.47,79.19,3.775,8.4,148.42,102973.66
TWB14,Uvalde_2020_02,29.60214,-99.73007,436.7784,6/28/21,p,2021,05/12/2021 09:35 CDT,97840,16.26,78.48,3.835,8.4,158.01,102989.6
TWB14,Uvalde_2020_02,29.60214,-99.73007,436.7784,6/28/21,p,2021,05/12/2021 09:40 CDT,97850,16.37,77.6,3,8.4,171.22,102999.77
TWB14,Uvalde_2020_02,29.60214,-99.73007,436.7784,6/28/21,p,2021,05/12/2021 09:45 CDT,97866,16.35,77.23,4.495,8.4,159.14,103015.52
TWB14,Uvalde_2020_02,29.60214,-99.73007,436.7784,6/28/21,p,2021,05/12/2021 09:50 CDT,97856,16.39,77.43,2.93,8.315,224.98,103005.54
TWB14,Uvalde_2020_02,29.60214,-99.73007,436.7784,6/28/21,p,2021,05/12/2021 09:55 CDT,97854,16.57,76.96,3.465,8.315,233.82,102999.44
TWB14,Uvalde_2020_02,29.60214,-99.73007,436.7784,6/28/21,p,2021,05/12/2021 10:00 CDT,97845,16.69,75.68,3.385,8.315,253.72,102986.71
TWB14,Uvalde_2020_02,29.60214,-99.73007,436.7784,6/28/21,p,2021,05/12/2021 10:05 CDT,97845,16.73,76.55,3.135,8.315,227.1,102986.16
TWB14,Uvalde_2020_02,29.60214,-99.73007,436.7784,6/28/21,p,2021,05/12/2021 10:10 CDT,97839,16.95,75.91,1.88,8.315,318.96,102977.86
TWB14,Uvalde_2020_02,29.60214,-99.73007,436.7784,6/28/21,p,2021,05/12/2021 10:15 CDT,97844,17.25,71.08,3.05,8.715,303.65,102976.63
TWB14,Uvalde_2020_02,29.60214,-99.73007,436.7784,6/28/21,p,2021,05/12/2021 10:20 CDT,97847,17.1,72.29,3.31,8.315,254.02,102981.23
TWB14,Uvalde_2020_02,29.60214,-99.73007,436.7784,6/28/21,p,2021,05/12/2021 10:25 CDT,97851,16.97,72.69,3.615,8.315,222.49,102987.61
TWB14,Uvalde_2020_02,29.60214,-99.73007,436.7784,6/28/21,p,2021,05/12/2021 10:30 CDT,97851,17.07,70.73,3.395,8.315,399.45,102987.44
TWB14,Uvalde_2020_02,29.60214,-99.73007,436.7784,6/28/21,p,2021,05/12/2021 10:35 CDT,97847,17.36,68.88,3.785,8.315,498.33,102977.09
TWB14,Uvalde_2020_02,29.60214,-99.73007,436.7784,6/28/21,p,2021,05/12/2021 10:40 CDT,97839,17.84,69.01,1.835,8.315,476.26,102962.37
TWB14,Uvalde_2020_02,29.60214,-99.73007,436.7784,6/28/21,p,2021,05/12/2021 10:45 CDT,97830,18.33,69.25,2.37,8.315,501.8,102941.94
TWB14,Uvalde_2020_02,29.60214,-99.73007,436.7784,6/28/21,p,2021,05/12/2021 10:50 CDT,97829,18.29,67.39,4.035,8.315,520.93,102937.67
TWB14,Uvalde_2020_02,29.60214,-99.73007,436.7784,6/28/21,p,2021,05/12/2021 10:55 CDT,97828,18.04,69.04,3.405,8.315,428.3,102942.34
TWB14,Uvalde_2020_02,29.60214,-99.73007,436.7784,6/28/21,p,2021,05/12/2021 11:00 CDT,97838,17.97,71.09,3.97,8.315,514.04,102953.57
TWB14,Uvalde_2020_02,29.60214,-99.73007,436.7784,6/28/21,p,2021,05/12/2021 11:05 CDT,97839,18.17,69.03,3.19,8.315,614.19,102951.41
TWB14,Uvalde_2020_02,29.60214,-99.73007,436.7784,6/28/21,p,2021,05/12/2021 11:10 CDT,97849,18.51,65.32,3.29,8.315,612.33,102955.86
TWB14,Uvalde_2020_02,29.60214,-99.73007,436.7784,6/28/21,p,2021,05/12/2021 11:15 CDT,97857,18.57,66.09,2.835,8.315,564.16,102963.03
TWB14,Uvalde_2020_02,29.60214,-99.73007,436.7784,6/28/21,p,2021,05/12/2021 11:20 CDT,97860,18.91,67.94,2.68,8.315,452.91,102959.92
TWB14,Uvalde_2020_02,29.60214,-99.73007,436.7784,6/28/21,p,2021,05/12/2021 11:25 CDT,97859,18.66,66.19,4.055,8.315,456.2,102960.13
TWB14,Uvalde_2020_02,29.60214,-99.73007,436.7784,6/28/21,p,2021,05/12/2021 11:30 CDT,97858,18.53,66.73,4.02,8.315,438.99,102963.72
TWB14,Uvalde_2020_02,29.60214,-99.73007,436.7784,6/28/21,p,2021,05/12/2021 11:35 CDT,97858,18.45,66.05,3.71,8.315,414.6,102966.22
TWB14,Uvalde_2020_02,29.60214,-99.73007,436.7784,6/28/21,p,2021,05/12/2021 11:40 CDT,97863,18.57,66.39,4.135,8.315,552.73,102970.41
TWB14,Uvalde_2020_02,29.60214,-99.73007,436.7784,6/28/21,p,2021,05/12/2021 11:45 CDT,97871,18.66,65.62,3.255,8.315,507.83,102977.22
TWB14,Uvalde_2020_02,29.60214,-99.73007,436.7784,6/28/21,p,2021,05/12/2021 11:50 CDT,97883,18.68,64.43,4.59,8.315,513.89,102988.07
TWB14,Uvalde_2020_02,29.60214,-99.73007,436.7784,6/28/21,p,2021,05/12/2021 11:55 CDT,97885,18.85,63.29,2.88,8.315,427.1,102990
TWB14,Uvalde_2020_02,29.60214,-99.73007,436.7784,6/28/21,p,2021,05/12/2021 12:00 CDT,97882,19.01,64.23,3.205,8.315,445.57,102983.63
TWB14,Uvalde_2020_02,29.60214,-99.73007,436.7784,6/28/21,p,2021,05/12/2021 12:05 CDT,97883,19.13,66.62,3.79,8.315,415.99,102981.45
TWB14,Uvalde_2020_02,29.60214,-99.73007,436.7784,6/28/21,p,2021,05/12/2021 12:10 CDT,97880,19.07,65.34,3.79,8.315,497.67,102979.55
TWB14,Uvalde_2020_02,29.60214,-99.73007,436.7784,6/28/21,p,2021,05/12/2021 12:15 CDT,97882,19.37,62.04,3.79,8.315,558.17,102976.87
TWB14,Uvalde_2020_02,29.60214,-99.73007,436.7784,6/28/21,p,2021,05/12/2021 12:20 CDT,97890,19.43,64.66,4.35,8.315,531.28,102981.53
TWB14,Uvalde_2020_02,29.60214,-99.73007,436.7784,6/28/21,p,2021,05/12/2021 12:25 CDT,97894,19.23,63.68,4.17,8.315,455.02,102990.02
TWB14,Uvalde_2020_02,29.60214,-99.73007,436.7784,6/28/21,p,2021,05/12/2021 12:30 CDT,97898,18.91,64.22,4.185,8.315,407.71,102999.57
TWB14,Uvalde_2020_02,29.60214,-99.73007,436.7784,6/28/21,p,2021,05/12/2021 12:35 CDT,97896,18.89,66.17,3.985,8.315,493.74,102998.52
TWB14,Uvalde_2020_02,29.60214,-99.73007,436.7784,6/28/21,p,2021,05/12/2021 12:40 CDT,97897,19.15,63,3.75,8.315,495.72,102997.1
TWB14,Uvalde_2020_02,29.60214,-99.73007,436.7784,6/28/21,p,2021,05/12/2021 12:45 CDT,97897,19.12,66.57,3.8,8.315,368.44,102995.11
TWB14,Uvalde_2020_02,29.60214,-99.73007,436.7784,6/28/21,p,2021,05/12/2021 12:50 CDT,97896,19,65.63,3.92,8.315,346.27,102996.74
TWB14,Uvalde_2020_02,29.60214,-99.73007,436.7784,6/28/21,p,2021,05/12/2021 12:55 CDT,97899,19.03,63.74,4.14,8.315,327.43,102999.91
TWB14,Uvalde_2020_02,29.60214,-99.73007,436.7784,6/28/21,p,2021,05/12/2021 13:00 CDT,97899,19.01,65.49,4.205,8.315,293.9,103000.43
TWB14,Uvalde_2020_02,29.60214,-99.73007,436.7784,6/28/21,p,2021,05/12/2021 13:05 CDT,97898,19.01,65.96,3.985,8.315,269.72,102999.74
TWB14,Uvalde_2020_02,29.60214,-99.73007,436.7784,6/28/21,p,2021,05/12/2021 13:10 CDT,97900,18.84,66.61,3.855,8.315,210.01,103004.16
TWB14,Uvalde_2020_02,29.60214,-99.73007,436.7784,6/28/21,p,2021,05/12/2021 13:15 CDT,97901,18.65,66.37,3.13,8.315,200.57,103010.21
TWB14,Uvalde_2020_02,29.60214,-99.73007,436.7784,6/28/21,p,2021,05/12/2021 13:20 CDT,97906,18.62,65.76,2.955,8.315,189.47,103015.66
TWB14,Uvalde_2020_02,29.60214,-99.73007,436.7784,6/28/21,p,2021,05/12/2021 13:25 CDT,97917,18.56,67.39,2.73,8.315,156.49,103028.48
TWB14,Uvalde_2020_02,29.60214,-99.73007,436.7784,6/28/21,p,2021,05/12/2021 13:30 CDT,97924,18.42,67.12,2.45,8.315,173.68,103038.35
TWB14,Uvalde_2020_02,29.60214,-99.73007,436.7784,6/28/21,p,2021,05/12/2021 13:35 CDT,97931,18.46,65.91,2.15,8.315,199.84,103045.72
TWB14,Uvalde_2020_02,29.60214,-99.73007,436.7784,6/28/21,p,2021,05/12/2021 13:40 CDT,97936,18.53,65.71,1.68,8.315,196.54,103050.45
TWB14,Uvalde_2020_02,29.60214,-99.73007,436.7784,6/28/21,p,2021,05/12/2021 13:45 CDT,97944,18.41,65.72,2.355,8.315,186.34,103059.4
TWB14,Uvalde_2020_02,29.60214,-99.73007,436.7784,6/28/21,p,2021,05/12/2021 13:50 CDT,97946,18.27,65.72,2.18,8.315,193.07,103064.56
TWB14,Uvalde_2020_02,29.60214,-99.73007,436.7784,6/28/21,p,2021,05/12/2021 13:55 CDT,97949,18.31,66.66,1.935,8.315,198.01,103066.99
TWB14,Uvalde_2020_02,29.60214,-99.73007,436.7784,6/28/21,p,2021,05/12/2021 14:00 CDT,97937,18.25,68.24,2.085,8.315,238.33,103055.25
TWB14,Uvalde_2020_02,29.60214,-99.73007,436.7784,6/28/21,p,2021,05/12/2021 14:05 CDT,97934,18.38,69.63,1.91,8.315,262.19,103049.93
TWB14,Uvalde_2020_02,29.60214,-99.73007,436.7784,6/28/21,p,2021,05/12/2021 14:10 CDT,97930,18.49,65.65,2.195,8.315,295.47,103042.7
TWB14,Uvalde_2020_02,29.60214,-99.73007,436.7784,6/28/21,p,2021,05/12/2021 14:15 CDT,97926,18.53,68.35,2.82,8.315,325.25,103037.58
TWB14,Uvalde_2020_02,29.60214,-99.73007,436.7784,6/28/21,p,2021,05/12/2021 14:20 CDT,97914,18.49,66.19,3.16,8.315,416.06,103025.15
TWB14,Uvalde_2020_02,29.60214,-99.73007,436.7784,6/28/21,p,2021,05/12/2021 14:25 CDT,97909,18.84,68.45,2.905,8.315,472.65,103015.58
TWB14,Uvalde_2020_02,29.60214,-99.73007,436.7784,6/28/21,p,2021,05/12/2021 14:30 CDT,97910,19.12,65.58,3.615,8.315,457.29,103009.69
TWB14,Uvalde_2020_02,29.60214,-99.73007,436.7784,6/28/21,p,2021,05/12/2021 14:35 CDT,97900,19.04,63.39,2.665,8.315,379.14,103000.07
TWB14,Uvalde_2020_02,29.60214,-99.73007,436.7784,6/28/21,p,2021,05/12/2021 14:40 CDT,97893,19,63.49,3.05,8.315,361.44,102993.42
TWB14,Uvalde_2020_02,29.60214,-99.73007,436.7784,6/28/21,p,2021,05/12/2021 14:45 CDT,97885,18.97,64.16,2.78,8.315,296.84,102986.25
TWB14,Uvalde_2020_02,29.60214,-99.73007,436.7784,6/28/21,p,2021,05/12/2021 14:50 CDT,97884,18.95,65.21,3.12,8.315,274.88,102985.37
TWB14,Uvalde_2020_02,29.60214,-99.73007,436.7784,6/28/21,p,2021,05/12/2021 14:55 CDT,97874,19.06,65.89,2.045,8.315,273.26,102973.77
TWB14,Uvalde_2020_02,29.60214,-99.73007,436.7784,6/28/21,p,2021,05/12/2021 15:00 CDT,97864,19.03,66.19,2.275,8.315,267.19,102962.54
TWB14,Uvalde_2020_02,29.60214,-99.73007,436.7784,6/28/21,p,2021,05/12/2021 15:05 CDT,97858,19.14,64.23,2.735,8.315,267.93,102955.7
TWB14,Uvalde_2020_02,29.60214,-99.73007,436.7784,6/28/21,p,2021,05/12/2021 15:10 CDT,97852,19.21,65.08,2.765,8.315,273.62,102948.31
TWB14,Uvalde_2020_02,29.60214,-99.73007,436.7784,6/28/21,p,2021,05/12/2021 15:15 CDT,97846,19.14,64.1,3,8.315,266.38,102942.36
TWB14,Uvalde_2020_02,29.60214,-99.73007,436.7784,6/28/21,p,2021,05/12/2021 15:20 CDT,97837,19.3,62.11,2.375,8.315,273.44,102931.31
TWB14,Uvalde_2020_02,29.60214,-99.73007,436.7784,6/28/21,p,2021,05/12/2021 15:25 CDT,97831,19.37,61.33,2.69,8.315,273.26,102922.15
TWB14,Uvalde_2020_02,29.60214,-99.73007,436.7784,6/28/21,p,2021,05/12/2021 15:30 CDT,97831,19.45,62.55,2.52,8.315,247.85,102921.08
TWB14,Uvalde_2020_02,29.60214,-99.73007,436.7784,6/28/21,p,2021,05/12/2021 15:35 CDT,97831,19.36,61.87,3.41,8.315,214.66,102922.68
TWB14,Uvalde_2020_02,29.60214,-99.73007,436.7784,6/28/21,p,2021,05/12/2021 15:40 CDT,97829,19.25,62.48,2.52,8.315,197.89,102923.06
TWB14,Uvalde_2020_02,29.60214,-99.73007,436.7784,6/28/21,p,2021,05/12/2021 15:45 CDT,97823,19.33,64.44,2.235,8.315,221.12,102916.56
TWB14,Uvalde_2020_02,29.60214,-99.73007,436.7784,6/28/21,p,2021,05/12/2021 15:50 CDT,97815,19.59,62.11,2.235,8.315,207.58,102903.71
TWB14,Uvalde_2020_02,29.60214,-99.73007,436.7784,6/28/21,p,2021,05/12/2021 15:55 CDT,97810,19.51,63.63,2.62,8.315,196.14,102898.62
TWB14,Uvalde_2020_02,29.60214,-99.73007,436.7784,6/28/21,p,2021,05/12/2021 16:00 CDT,97806,19.48,63.76,2.485,8.315,156.47,102895.12
TWB14,Uvalde_2020_02,29.60214,-99.73007,436.7784,6/28/21,p,2021,05/12/2021 16:05 CDT,97808,19.49,62.11,1.765,8.315,134.95,102897.42
TWB14,Uvalde_2020_02,29.60214,-99.73007,436.7784,6/28/21,p,2021,05/12/2021 16:10 CDT,97809,19.46,64.1,2.245,8.315,140.15,102898.28
TWB14,Uvalde_2020_02,29.60214,-99.73007,436.7784,6/28/21,p,2021,05/12/2021 16:15 CDT,97805,19.36,65.75,2.645,8.315,156.95,102895.66
TWB14,Uvalde_2020_02,29.60214,-99.73007,436.7784,6/28/21,p,2021,05/12/2021 16:20 CDT,97804,19.29,66.59,2.005,8.315,160.6,102896.38
TWB14,Uvalde_2020_02,29.60214,-99.73007,436.7784,6/28/21,p,2021,05/12/2021 16:25 CDT,97804,19.41,64.7,1.57,8.315,157.59,102895.5
TWB14,Uvalde_2020_02,29.60214,-99.73007,436.7784,6/28/21,p,2021,05/12/2021 16:30 CDT,97798,19.41,63.32,1.815,8.315,172.14,102888.84
TWB14,Uvalde_2020_02,29.60214,-99.73007,436.7784,6/28/21,p,2021,05/12/2021 16:35 CDT,97785,19.53,62.98,1.85,8.315,218.66,102873.57
TWB14,Uvalde_2020_02,29.60214,-99.73007,436.7784,6/28/21,p,2021,05/12/2021 16:40 CDT,97775,19.76,61.6,1.505,8.315,227.77,102859.15
TWB14,Uvalde_2020_02,29.60214,-99.73007,436.7784,6/28/21,p,2021,05/12/2021 16:45 CDT,97762,19.98,63.56,0.95,8.315,258.46,102841.74
TWB14,Uvalde_2020_02,29.60214,-99.73007,436.7784,6/28/21,p,2021,05/12/2021 16:50 CDT,97762,20.19,61.77,1.01,8.315,260.07,102836.98
TWB14,Uvalde_2020_02,29.60214,-99.73007,436.7784,6/28/21,p,2021,05/12/2021 16:55 CDT,97751,20.33,60.52,1.58,8.315,255.16,102823.29
TWB14,Uvalde_2020_02,29.60214,-99.73007,436.7784,6/28/21,p,2021,05/12/2021 17:00 CDT,97749,20.39,61.74,1.925,8.315,268.9,102819.42
TWB14,Uvalde_2020_02,29.60214,-99.73007,436.7784,6/28/21,p,2021,05/12/2021 17:05 CDT,97750,20.6,60.93,1.005,8.315,284.25,102817.12
TWB14,Uvalde_2020_02,29.60214,-99.73007,436.7784,6/28/21,p,2021,05/12/2021 17:10 CDT,97749,20.98,60.93,1.85,8.315,306.66,102810.08
TWB14,Uvalde_2020_02,29.60214,-99.73007,436.7784,6/28/21,p,2021,05/12/2021 17:15 CDT,97739,21.15,59.14,1.885,8.315,267.27,102795.54
TWB14,Uvalde_2020_02,29.60214,-99.73007,436.7784,6/28/21,p,2021,05/12/2021 17:20 CDT,97731,21.38,60.22,1.865,8.315,249.67,102782.91
TWB14,Uvalde_2020_02,29.60214,-99.73007,436.7784,6/28/21,p,2021,05/12/2021 17:25 CDT,97725,21.48,59.35,2.44,8.315,249.57,102775.2
TWB14,Uvalde_2020_02,29.60214,-99.73007,436.7784,6/28/21,p,2021,05/12/2021 17:30 CDT,97722,21.61,56.58,2.705,8.315,340.37,102769.97
TWB14,Uvalde_2020_02,29.60214,-99.73007,436.7784,6/28/21,p,2021,05/12/2021 17:35 CDT,97723,21.78,56.95,2.955,8.315,306.98,102767.17
TWB14,Uvalde_2020_02,29.60214,-99.73007,436.7784,6/28/21,p,2021,05/12/2021 17:40 CDT,97725,21.7,57.05,2.56,8.315,270.41,102770.84
TWB14,Uvalde_2020_02,29.60214,-99.73007,436.7784,6/28/21,p,2021,05/12/2021 17:45 CDT,97724,21.75,56.4,2.21,8.315,251.18,102769.62
TWB14,Uvalde_2020_02,29.60214,-99.73007,436.7784,6/28/21,p,2021,05/12/2021 17:50 CDT,97717,21.86,57.08,2.385,8.315,258.66,102760.33
TWB14,Uvalde_2020_02,29.60214,-99.73007,436.7784,6/28/21,p,2021,05/12/2021 17:55 CDT,97713,21.95,57.21,2.065,8.315,245.46,102754.55
TWB14,Uvalde_2020_02,29.60214,-99.73007,436.7784,6/28/21,p,2021,05/12/2021 18:00 CDT,97704,21.96,58.48,1.905,8.315,247.76,102744.38
TWB14,Uvalde_2020_02,29.60214,-99.73007,436.7784,6/28/21,p,2021,05/12/2021 18:05 CDT,97703,22.13,55.65,1.36,8.315,211.9,102741.61
TWB14,Uvalde_2020_02,29.60214,-99.73007,436.7784,6/28/21,p,2021,05/12/2021 18:10 CDT,97712,22.18,56.53,1.81,8.315,158.85,102749.15
TWB14,Uvalde_2020_02,29.60214,-99.73007,436.7784,6/28/21,p,2021,05/12/2021 18:15 CDT,97714,22,57.41,1.135,8.315,132.45,102753.34
TWB14,Uvalde_2020_02,29.60214,-99.73007,436.7784,6/28/21,p,2021,05/12/2021 18:20 CDT,97710,21.97,57.61,1.225,8.315,119.72,102750.7
TWB14,Uvalde_2020_02,29.60214,-99.73007,436.7784,6/28/21,p,2021,05/12/2021 18:25 CDT,97711,22.03,56.83,1.22,8.315,188.27,102751.93
TWB14,Uvalde_2020_02,29.60214,-99.73007,436.7784,6/28/21,p,2021,05/12/2021 18:30 CDT,97704,22.44,57.61,1.12,8.315,263.14,102738.64
TWB14,Uvalde_2020_02,29.60214,-99.73007,436.7784,6/28/21,p,2021,05/12/2021 18:35 CDT,97699,22.76,54.57,1.13,8.315,236.59,102726.45
TWB14,Uvalde_2020_02,29.60214,-99.73007,436.7784,6/28/21,p,2021,05/12/2021 18:40 CDT,97695,23,53.83,0.9,8.315,220.59,102717.74
TWB14,Uvalde_2020_02,29.60214,-99.73007,436.7784,6/28/21,p,2021,05/12/2021 18:45 CDT,97686,23.1,55.11,0.75,8.315,189.78,102706.71
TWB14,Uvalde_2020_02,29.60214,-99.73007,436.7784,6/28/21,p,2021,05/12/2021 18:50 CDT,97684,23.23,52.35,0.855,8.315,169.1,102700.82
TWB14,Uvalde_2020_02,29.60214,-99.73007,436.7784,6/28/21,p,2021,05/12/2021 18:55 CDT,97683,23.22,57.41,0.9,8.315,140.37,102698.52
TWB14,Uvalde_2020_02,29.60214,-99.73007,436.7784,6/28/21,p,2021,05/12/2021 19:00 CDT,97683,23.16,55.18,1.51,8.315,156.11,102699.57
TWB14,Uvalde_2020_02,29.60214,-99.73007,436.7784,6/28/21,p,2021,05/12/2021 19:05 CDT,97684,23.17,52.89,1.545,8.315,164.6,102702.03
TWB14,Uvalde_2020_02,29.60214,-99.73007,436.7784,6/28/21,p,2021,05/12/2021 19:10 CDT,97684,23.25,52.35,1.18,8.315,149.9,102701.51
TWB14,Uvalde_2020_02,29.60214,-99.73007,436.7784,6/28/21,p,2021,05/12/2021 19:15 CDT,97684,23.4,52.55,1.025,8.315,131.37,102699.61
TWB14,Uvalde_2020_02,29.60214,-99.73007,436.7784,6/28/21,p,2021,05/12/2021 19:20 CDT,97683,23.29,53.5,0.915,8.315,119.09,102698.2
TWB14,Uvalde_2020_02,29.60214,-99.73007,436.7784,6/28/21,p,2021,05/12/2021 19:25 CDT,97686,23.34,54.64,0.485,8.315,103.85,102701.69
TWB14,Uvalde_2020_02,29.60214,-99.73007,436.7784,6/28/21,p,2021,05/12/2021 19:30 CDT,97692,23.32,54.64,0.42,8.315,91.52,102708
TWB14,Uvalde_2020_02,29.60214,-99.73007,436.7784,6/28/21,p,2021,05/12/2021 19:35 CDT,97696,23.41,55.62,0.03,8.315,79.53,102710.82
TWB14,Uvalde_2020_02,29.60214,-99.73007,436.7784,6/28/21,p,2021,05/12/2021 19:40 CDT,97699,23.18,54.68,0.26,8.315,72.89,102717.61
TWB14,Uvalde_2020_02,29.60214,-99.73007,436.7784,6/28/21,p,2021,05/12/2021 19:45 CDT,97701,22.93,56.6,0.24,8.315,60.63,102723.85
TWB14,Uvalde_2020_02,29.60214,-99.73007,436.7784,6/28/21,p,2021,05/12/2021 19:50 CDT,97710,22.67,58.48,0.665,8.315,44.64,102736.25
TWB14,Uvalde_2020_02,29.60214,-99.73007,436.7784,6/28/21,p,2021,05/12/2021 19:55 CDT,97721,22.33,59.29,0.425,8.315,29.56,102754.59
TWB14,Uvalde_2020_02,29.60214,-99.73007,436.7784,6/28/21,p,2021,05/12/2021 20:00 CDT,97736,22.07,61.95,0.035,8.315,22.04,102775.22
TWB14,Uvalde_2020_02,29.60214,-99.73007,436.7784,6/28/21,p,2021,05/12/2021 20:05 CDT,97744,21.85,65.83,0.035,8.315,16.85,102790.24
TWB14,Uvalde_2020_02,29.60214,-99.73007,436.7784,6/28/21,p,2021,05/12/2021 20:10 CDT,97752,21.46,65.56,0.57,8.315,13.17,102807.59
TWB14,Uvalde_2020_02,29.60214,-99.73007,436.7784,6/28/21,p,2021,05/12/2021 20:15 CDT,97760,21.23,64.26,0.465,8.315,9.48,102822.51
TWB14,Uvalde_2020_02,29.60214,-99.73007,436.7784,6/28/21,p,2021,05/12/2021 20:20 CDT,97765,21.11,65.11,0.75,8.315,5.98,102829.17
TWB14,Uvalde_2020_02,29.60214,-99.73007,436.7784,6/28/21,p,2021,05/12/2021 20:25 CDT,97773,21.03,62.41,0.945,8.315,3.49,102839.72
TWB14,Uvalde_2020_02,29.60214,-99.73007,436.7784,6/28/21,p,2021,05/12/2021 20:30 CDT,97779,20.94,63.56,0.43,8.315,2.43,102846.9
TWB14,Uvalde_2020_02,29.60214,-99.73007,436.7784,6/28/21,p,2021,05/12/2021 20:35 CDT,97783,20.75,64.77,0.56,8.315,1.5,102854.1
TWB14,Uvalde_2020_02,29.60214,-99.73007,436.7784,6/28/21,p,2021,05/12/2021 20:40 CDT,97793,20.58,63.49,0.87,8.315,0.58,102869.57
TWB14,Uvalde_2020_02,29.60214,-99.73007,436.7784,6/28/21,p,2021,05/12/2021 20:45 CDT,97804,20.54,63.09,0.985,8.315,0.01,102881.32
TWB14,Uvalde_2020_02,29.60214,-99.73007,436.7784,6/28/21,p,2021,05/12/2021 20:50 CDT,97810,20.48,62.96,1.215,8.315,0,102887.99
TWB14,Uvalde_2020_02,29.60214,-99.73007,436.7784,6/28/21,p,2021,05/12/2021 20:55 CDT,97830,20.38,61.95,1.11,8.315,0,102910.98
TWB14,Uvalde_2020_02,29.60214,-99.73007,436.7784,6/28/21,p,2021,05/12/2021 21:00 CDT,97838,20.38,62.22,1.715,8.315,0,102919.4
TWB14,Uvalde_2020_02,29.60214,-99.73007,436.7784,6/28/21,p,2021,05/12/2021 21:05 CDT,97844,20.28,61.82,1.72,8.315,0,102926.24
TWB14,Uvalde_2020_02,29.60214,-99.73007,436.7784,6/28/21,p,2021,05/12/2021 21:10 CDT,97855,20.18,62.69,1.48,8.315,0,102939.58
TWB14,Uvalde_2020_02,29.60214,-99.73007,436.7784,6/28/21,p,2021,05/12/2021 21:15 CDT,97863,20,62.76,1.57,8.315,0,102951.37
TWB14,Uvalde_2020_02,29.60214,-99.73007,436.7784,6/28/21,p,2021,05/12/2021 21:20 CDT,97870,19.88,63.38,1.48,8.315,0.03,102961.04
TWB14,Uvalde_2020_02,29.60214,-99.73007,436.7784,6/28/21,p,2021,05/12/2021 21:25 CDT,97885,19.73,63.85,2.155,8.315,0,102979.3
TWB14,Uvalde_2020_02,29.60214,-99.73007,436.7784,6/28/21,p,2021,05/12/2021 21:30 CDT,97894,19.48,64.32,2.17,8.315,0,102991.97
TWB14,Uvalde_2020_02,29.60214,-99.73007,436.7784,6/28/21,p,2021,05/12/2021 21:35 CDT,97898,19.24,64.46,2.765,8.315,0.01,103000.1
TWB14,Uvalde_2020_02,29.60214,-99.73007,436.7784,6/28/21,p,2021,05/12/2021 21:40 CDT,97911,18.99,64.43,3.04,8.315,0.02,103017.89
TWB14,Uvalde_2020_02,29.60214,-99.73007,436.7784,6/28/21,p,2021,05/12/2021 21:45 CDT,97927,18.79,64.43,2.865,8.315,0.08,103038.48
TWB14,Uvalde_2020_02,29.60214,-99.73007,436.7784,6/28/21,p,2021,05/12/2021 21:50 CDT,97937,18.63,65,3.165,8.315,0,103052.22
TWB14,Uvalde_2020_02,29.60214,-99.73007,436.7784,6/28/21,p,2021,05/12/2021 21:55 CDT,97939,18.36,65.81,2.365,8.315,0.37,103058.45
TWB14,Uvalde_2020_02,29.60214,-99.73007,436.7784,6/28/21,p,2021,05/12/2021 22:00 CDT,97953,18.12,66.02,2.775,8.315,0.29,103077.49
TWB14,Uvalde_2020_02,29.60214,-99.73007,436.7784,6/28/21,p,2021,05/12/2021 22:05 CDT,97958,17.91,67.03,2.685,8.315,0.01,103086.71
TWB14,Uvalde_2020_02,29.60214,-99.73007,436.7784,6/28/21,p,2021,05/12/2021 22:10 CDT,97969,17.72,66.97,2.725,8.315,0.01,103101.89
TWB14,Uvalde_2020_02,29.60214,-99.73007,436.7784,6/28/21,p,2021,05/12/2021 22:15 CDT,97985,17.58,67.04,2.39,8.315,0.08,103121.62
TWB14,Uvalde_2020_02,29.60214,-99.73007,436.7784,6/28/21,p,2021,05/12/2021 22:20 CDT,97989,17.47,68.19,2.13,8.315,0.06,103127.45
TWB14,Uvalde_2020_02,29.60214,-99.73007,436.7784,6/28/21,p,2021,05/12/2021 22:25 CDT,98000,17.29,68.12,2.435,8.315,0,103142.46
TWB14,Uvalde_2020_02,29.60214,-99.73007,436.7784,6/28/21,p,2021,05/12/2021 22:30 CDT,98015,17.22,68.46,1.995,8.315,0,103159.88
TWB14,Uvalde_2020_02,29.60214,-99.73007,436.7784,6/28/21,p,2021,05/12/2021 22:35 CDT,98018,17.16,69.2,2.035,8.315,0.05,103163.76
TWB14,Uvalde_2020_02,29.60214,-99.73007,436.7784,6/28/21,p,2021,05/12/2021 22:40 CDT,98017,16.98,69.91,2.545,8.315,0,103166.15
TWB14,Uvalde_2020_02,29.60214,-99.73007,436.7784,6/28/21,p,2021,05/12/2021 22:45 CDT,98018,16.91,70.11,2.45,8.315,0,103168.65
TWB14,Uvalde_2020_02,29.60214,-99.73007,436.7784,6/28/21,p,2021,05/12/2021 22:50 CDT,98024,16.79,71.02,1.765,8.315,0,103176.96
TWB14,Uvalde_2020_02,29.60214,-99.73007,436.7784,6/28/21,p,2021,05/12/2021 22:55 CDT,98030,16.66,71.63,1.735,8.315,0,103186
TWB14,Uvalde_2020_02,29.60214,-99.73007,436.7784,6/28/21,p,2021,05/12/2021 23:00 CDT,98031,16.56,72.31,0.98,8.315,0.34,103189.41
TWB14,Uvalde_2020_02,29.60214,-99.73007,436.7784,6/28/21,p,2021,05/12/2021 23:05 CDT,98040,16.41,72.71,1.035,8.315,0.1,103201.62
TWB14,Uvalde_2020_02,29.60214,-99.73007,436.7784,6/28/21,p,2021,05/12/2021 23:10 CDT,98046,16.39,72.04,1.83,8.315,0,103209.22
TWB14,Uvalde_2020_02,29.60214,-99.73007,436.7784,6/28/21,p,2021,05/12/2021 23:15 CDT,98048,16.4,72.34,1.705,8.315,0,103210.59
TWB14,Uvalde_2020_02,29.60214,-99.73007,436.7784,6/28/21,p,2021,05/12/2021 23:20 CDT,98047,16.31,72.55,1.97,8.315,0,103210.81
TWB14,Uvalde_2020_02,29.60214,-99.73007,436.7784,6/28/21,p,2021,05/12/2021 23:25 CDT,98051,16.21,72.72,1.7,8.315,0,103216.85
TWB14,Uvalde_2020_02,29.60214,-99.73007,436.7784,6/28/21,p,2021,05/12/2021 23:30 CDT,98060,16.11,73.06,1.275,8.315,0.02,103227.78
TWB14,Uvalde_2020_02,29.60214,-99.73007,436.7784,6/28/21,p,2021,05/12/2021 23:35 CDT,98065,16.03,73.33,1.29,8.315,0,103234.69
TWB14,Uvalde_2020_02,29.60214,-99.73007,436.7784,6/28/21,p,2021,05/12/2021 23:40 CDT,98071,15.94,73.7,1.45,8.315,0,103242.83
TWB14,Uvalde_2020_02,29.60214,-99.73007,436.7784,6/28/21,p,2021,05/12/2021 23:45 CDT,98079,15.9,73.87,1.65,8.315,0,103252.17
TWB14,Uvalde_2020_02,29.60214,-99.73007,436.7784,6/28/21,p,2021,05/12/2021 23:50 CDT,98076,15.85,73.84,2.085,8.315,0,103250.29
TWB14,Uvalde_2020_02,29.60214,-99.73007,436.7784,6/28/21,p,2021,05/12/2021 23:55 CDT,98079,15.78,74.08,1.485,8.315,0,103254.37
TWB14,Uvalde_2020_02,29.60214,-99.73007,436.7784,6/28/21,p,2021,05/13/2021 00:00 CDT,98082,15.68,74.35,1.805,8.315,0,103259.17
TWB14,Uvalde_2020_02,29.60214,-99.73007,436.7784,6/28/21,p,2021,05/13/2021 00:05 CDT,98090,15.61,73.95,2.025,8.315,0,103268.88
TWB14,Uvalde_2020_02,29.60214,-99.73007,436.7784,6/28/21,p,2021,05/13/2021 00:10 CDT,98095,15.66,74.49,2.24,8.315,0,103273.59
TWB14,Uvalde_2020_02,29.60214,-99.73007,436.7784,6/28/21,p,2021,05/13/2021 00:15 CDT,98098,15.56,75.27,1.845,8.315,0,103278.03
TWB14,Uvalde_2020_02,29.60214,-99.73007,436.7784,6/28/21,p,2021,05/13/2021 00:20 CDT,98101,15.42,75.27,1.945,8.315,0,103283.94
TWB14,Uvalde_2020_02,29.60214,-99.73007,436.7784,6/28/21,p,2021,05/13/2021 00:25 CDT,98109,15.35,75.57,1.415,8.315,0,103293.28
TWB14,Uvalde_2020_02,29.60214,-99.73007,436.7784,6/28/21,p,2021,05/13/2021 00:30 CDT,98111,15.32,75.57,1.545,8.315,0,103296.12
TWB14,Uvalde_2020_02,29.60214,-99.73007,436.7784,6/28/21,p,2021,05/13/2021 00:35 CDT,98110,15.32,76.38,1.855,8.315,0,103295.62
TWB14,Uvalde_2020_02,29.60214,-99.73007,436.7784,6/28/21,p,2021,05/13/2021 00:40 CDT,98109,15.19,76.38,2.12,8.315,0,103297.69
TWB14,Uvalde_2020_02,29.60214,-99.73007,436.7784,6/28/21,p,2021,05/13/2021 00:45 CDT,98109,15.06,77.19,1.32,8.315,0,103298.98
TWB14,Uvalde_2020_02,29.60214,-99.73007,436.7784,6/28/21,p,2021,05/13/2021 00:50 CDT,98109,14.95,76.85,2.015,8.315,0,103301.75
TWB14,Uvalde_2020_02,29.60214,-99.73007,436.7784,6/28/21,p,2021,05/13/2021 00:55 CDT,98112,15.06,75.43,2.03,8.315,0,103303.25
TWB14,Uvalde_2020_02,29.60214,-99.73007,436.7784,6/28/21,p,2021,05/13/2021 01:00 CDT,98112,15.15,75.37,1.87,8.315,0,103301.41
TWB14,Uvalde_2020_02,29.60214,-99.73007,436.7784,6/28/21,p,2021,05/13/2021 01:05 CDT,98112,15.19,74.89,2.055,8.315,0,103300.12
TWB14,Uvalde_2020_02,29.60214,-99.73007,436.7784,6/28/21,p,2021,05/13/2021 01:10 CDT,98112,15.23,74.49,2.09,8.315,0,103298.65
TWB14,Uvalde_2020_02,29.60214,-99.73007,436.7784,6/28/21,p,2021,05/13/2021 01:15 CDT,98123,15.28,73.48,2.5,8.315,0,103309.69
TWB14,Uvalde_2020_02,29.60214,-99.73007,436.7784,6/28/21,p,2021,05/13/2021 01:20 CDT,98138,15.3,73.95,2.005,8.315,0,103324.37
TWB14,Uvalde_2020_02,29.60214,-99.73007,436.7784,6/28/21,p,2021,05/13/2021 01:25 CDT,98137,15.25,74.39,1.345,8.315,0,103323.69
TWB14,Uvalde_2020_02,29.60214,-99.73007,436.7784,6/28/21,p,2021,05/13/2021 01:30 CDT,98138,15.21,74.49,1.54,8.315,0,103325.66
TWB14,Uvalde_2020_02,29.60214,-99.73007,436.7784,6/28/21,p,2021,05/13/2021 01:35 CDT,98138,15.24,74.02,2.045,8.315,0,103325.29
TWB14,Uvalde_2020_02,29.60214,-99.73007,436.7784,6/28/21,p,2021,05/13/2021 01:40 CDT,98138,15.25,74.35,1.69,8.315,0,103324.92
TWB14,Uvalde_2020_02,29.60214,-99.73007,436.7784,6/28/21,p,2021,05/13/2021 01:45 CDT,98138,15.28,74.36,1.655,8.315,0,103324.56
TWB14,Uvalde_2020_02,29.60214,-99.73007,436.7784,6/28/21,p,2021,05/13/2021 01:50 CDT,98137,15.3,74.12,1.615,8.315,0,103322.77
TWB14,Uvalde_2020_02,29.60214,-99.73007,436.7784,6/28/21,p,2021,05/13/2021 01:55 CDT,98132,15.31,74.29,1.405,8.315,0,103317.32
TWB14,Uvalde_2020_02,29.60214,-99.73007,436.7784,6/28/21,p,2021,05/13/2021 02:00 CDT,98121,15.33,74.02,2.305,8.315,0,103305.74
TWB14,Uvalde_2020_02,29.60214,-99.73007,436.7784,6/28/21,p,2021,05/13/2021 02:05 CDT,98122,15.35,74.29,1.69,8.315,0,103306.42
TWB14,Uvalde_2020_02,29.60214,-99.73007,436.7784,6/28/21,p,2021,05/13/2021 02:10 CDT,98123,15.39,74.02,2.195,8.315,0,103306.74
TWB14,Uvalde_2020_02,29.60214,-99.73007,436.7784,6/28/21,p,2021,05/13/2021 02:15 CDT,98118,15.43,74.35,1.39,8.315,0,103300.19
TWB14,Uvalde_2020_02,29.60214,-99.73007,436.7784,6/28/21,p,2021,05/13/2021 02:20 CDT,98110,15.4,74.59,1.22,8.315,0,103291.95
TWB14,Uvalde_2020_02,29.60214,-99.73007,436.7784,6/28/21,p,2021,05/13/2021 02:25 CDT,98103,15.37,74.35,1.525,8.315,0,103285.5
TWB14,Uvalde_2020_02,29.60214,-99.73007,436.7784,6/28/21,p,2021,05/13/2021 02:30 CDT,98108,15.4,74.08,1.825,8.315,0,103290.58
TWB14,Uvalde_2020_02,29.60214,-99.73007,436.7784,6/28/21,p,2021,05/13/2021 02:35 CDT,98106,15.43,73.68,1.505,8.315,0,103287.93
TWB14,Uvalde_2020_02,29.60214,-99.73007,436.7784,6/28/21,p,2021,05/13/2021 02:40 CDT,98097,15.43,74.59,1.31,8.315,0,103278.08
TWB14,Uvalde_2020_02,29.60214,-99.73007,436.7784,6/28/21,p,2021,05/13/2021 02:45 CDT,98086,15.43,73.81,2.17,8.315,0,103266.5
TWB14,Uvalde_2020_02,29.60214,-99.73007,436.7784,6/28/21,p,2021,05/13/2021 02:50 CDT,98082,15.47,73.68,1.765,8.315,0,103261.93
TWB14,Uvalde_2020_02,29.60214,-99.73007,436.7784,6/28/21,p,2021,05/13/2021 02:55 CDT,98078,15.5,73.61,1.96,8.315,0,103256.8
TWB14,Uvalde_2020_02,29.60214,-99.73007,436.7784,6/28/21,p,2021,05/13/2021 03:00 CDT,98073,15.5,73.11,2.38,8.315,0,103251.54
TWB14,Uvalde_2020_02,29.60214,-99.73007,436.7784,6/28/21,p,2021,05/13/2021 03:05 CDT,98066,15.52,73.41,1.915,8.315,0,103243.8
TWB14,Uvalde_2020_02,29.60214,-99.73007,436.7784,6/28/21,p,2021,05/13/2021 03:10 CDT,98058,15.52,73.21,1.755,8.315,0,103235.38
TWB14,Uvalde_2020_02,29.60214,-99.73007,436.7784,6/28/21,p,2021,05/13/2021 03:15 CDT,98057,15.52,73.14,1.83,8.315,0,103234.33
TWB14,Uvalde_2020_02,29.60214,-99.73007,436.7784,6/28/21,p,2021,05/13/2021 03:20 CDT,98060,15.52,72.97,1.57,8.315,0,103237.48
TWB14,Uvalde_2020_02,29.60214,-99.73007,436.7784,6/28/21,p,2021,05/13/2021 03:25 CDT,98058,15.53,72.87,1.695,8.315,0,103235.01
TWB14,Uvalde_2020_02,29.60214,-99.73007,436.7784,6/28/21,p,2021,05/13/2021 03:30 CDT,98056,15.51,73.95,0.96,8.315,0,103233.27
TWB14,Uvalde_2020_02,29.60214,-99.73007,436.7784,6/28/21,p,2021,05/13/2021 03:35 CDT,98051,15.52,73.27,1.9,8.315,0,103228.01
TWB14,Uvalde_2020_02,29.60214,-99.73007,436.7784,6/28/21,p,2021,05/13/2021 03:40 CDT,98051,15.51,73.41,1.55,8.315,0,103228.01
TWB14,Uvalde_2020_02,29.60214,-99.73007,436.7784,6/28/21,p,2021,05/13/2021 03:45 CDT,98055,15.5,73.37,1.165,8.315,0,103232.59
TWB14,Uvalde_2020_02,29.60214,-99.73007,436.7784,6/28/21,p,2021,05/13/2021 03:50 CDT,98057,15.52,73.07,1.26,8.315,0,103234.33
TWB14,Uvalde_2020_02,29.60214,-99.73007,436.7784,6/28/21,p,2021,05/13/2021 03:55 CDT,98057,15.52,73.3,1.59,8.315,0,103234.32
TWB14,Uvalde_2020_02,29.60214,-99.73007,436.7784,6/28/21,p,2021,05/13/2021 04:00 CDT,98055,15.54,73.47,0.93,8.315,0,103231.48
TWB14,Uvalde_2020_02,29.60214,-99.73007,436.7784,6/28/21,p,2021,05/13/2021 04:05 CDT,98056,15.53,73.34,0.59,8.315,0,103232.54
TWB14,Uvalde_2020_02,29.60214,-99.73007,436.7784,6/28/21,p,2021,05/13/2021 04:10 CDT,98052,15.53,72.93,1.15,8.315,0,103228.33
TWB14,Uvalde_2020_02,29.60214,-99.73007,436.7784,6/28/21,p,2021,05/13/2021 04:15 CDT,98050,15.54,73.27,0.99,8.315,0,103226.22
TWB14,Uvalde_2020_02,29.60214,-99.73007,436.7784,6/28/21,p,2021,05/13/2021 04:20 CDT,98053,15.5,74.21,1.18,8.315,0,103229.93
TWB14,Uvalde_2020_02,29.60214,-99.73007,436.7784,6/28/21,p,2021,05/13/2021 04:25 CDT,98053,15.5,73.67,1.29,8.315,0,103230.11
TWB14,Uvalde_2020_02,29.60214,-99.73007,436.7784,6/28/21,p,2021,05/13/2021 04:30 CDT,98053,15.5,73.84,0.965,8.315,0,103230.11
TWB14,Uvalde_2020_02,29.60214,-99.73007,436.7784,6/28/21,p,2021,05/13/2021 04:35 CDT,98054,15.5,73.74,0.53,8.315,0,103230.98
TWB14,Uvalde_2020_02,29.60214,-99.73007,436.7784,6/28/21,p,2021,05/13/2021 04:40 CDT,98054,15.49,74.35,1.05,8.315,0,103231.16
TWB14,Uvalde_2020_02,29.60214,-99.73007,436.7784,6/28/21,p,2021,05/13/2021 04:45 CDT,98053,15.49,73.81,0.785,8.315,0,103230.11
TWB14,Uvalde_2020_02,29.60214,-99.73007,436.7784,6/28/21,p,2021,05/13/2021 04:50 CDT,98051,15.49,74.48,1.395,8.315,0,103228
TWB14,Uvalde_2020_02,29.60214,-99.73007,436.7784,6/28/21,p,2021,05/13/2021 04:55 CDT,98053,15.46,74.65,0.725,8.315,0,103230.47
TWB14,Uvalde_2020_02,29.60214,-99.73007,436.7784,6/28/21,p,2021,05/13/2021 05:00 CDT,98053,15.43,75.22,0.885,8.315,0,103231.2
TWB14,Uvalde_2020_02,29.60214,-99.73007,436.7784,6/28/21,p,2021,05/13/2021 05:05 CDT,98053,15.4,75.29,0.685,8.315,0,103231.75
TWB14,Uvalde_2020_02,29.60214,-99.73007,436.7784,6/28/21,p,2021,05/13/2021 05:10 CDT,98053,15.37,75.43,1.13,8.315,0,103232.49
TWB14,Uvalde_2020_02,29.60214,-99.73007,436.7784,6/28/21,p,2021,05/13/2021 05:15 CDT,98052,15.33,76.03,1.2,8.315,0,103232.35
TWB14,Uvalde_2020_02,29.60214,-99.73007,436.7784,6/28/21,p,2021,05/13/2021 05:20 CDT,98053,15.29,75.9,1.295,8.315,0,103234.32
TWB14,Uvalde_2020_02,29.60214,-99.73007,436.7784,6/28/21,p,2021,05/13/2021 05:25 CDT,98065,15.28,76.04,1.155,8.315,0,103246.96
TWB14,Uvalde_2020_02,29.60214,-99.73007,436.7784,6/28/21,p,2021,05/13/2021 05:30 CDT,98075,15.27,76.71,0.93,8.315,0,103257.66
TWB14,Uvalde_2020_02,29.60214,-99.73007,436.7784,6/28/21,p,2021,05/13/2021 05:35 CDT,98077,15.26,75.9,1.19,8.315,0,103260.14
TWB14,Uvalde_2020_02,29.60214,-99.73007,436.7784,6/28/21,p,2021,05/13/2021 05:40 CDT,98077,15.27,76.57,1.255,8.315,0,103259.77
TWB14,Uvalde_2020_02,29.60214,-99.73007,436.7784,6/28/21,p,2021,05/13/2021 05:45 CDT,98081,15.25,76.47,0.42,8.315,0,103264.35
TWB14,Uvalde_2020_02,29.60214,-99.73007,436.7784,6/28/21,p,2021,05/13/2021 05:50 CDT,98086,15.26,76.95,0.755,8.315,0,103269.61
TWB14,Uvalde_2020_02,29.60214,-99.73007,436.7784,6/28/21,p,2021,05/13/2021 05:55 CDT,98095,15.27,76.37,0.38,8.315,0,103278.54
TWB14,Uvalde_2020_02,29.60214,-99.73007,436.7784,6/28/21,p,2021,05/13/2021 06:00 CDT,98106,15.27,76.78,0.605,8.315,0,103290.12
TWB14,Uvalde_2020_02,29.60214,-99.73007,436.7784,6/28/21,p,2021,05/13/2021 06:05 CDT,98107,15.29,76.34,0.925,8.315,0,103290.99
TWB14,Uvalde_2020_02,29.60214,-99.73007,436.7784,6/28/21,p,2021,05/13/2021 06:10 CDT,98107,15.29,76.92,0.24,8.315,0,103290.8
TWB14,Uvalde_2020_02,29.60214,-99.73007,436.7784,6/28/21,p,2021,05/13/2021 06:15 CDT,98109,15.28,76.54,0.835,8.315,0,103292.91
TWB14,Uvalde_2020_02,29.60214,-99.73007,436.7784,6/28/21,p,2021,05/13/2021 06:20 CDT,98109,15.29,76.75,0.9,8.315,0,103293.09
TWB14,Uvalde_2020_02,29.60214,-99.73007,436.7784,6/28/21,p,2021,05/13/2021 06:25 CDT,98109,15.28,77.46,0.615,8.315,0,103292.91
TWB14,Uvalde_2020_02,29.60214,-99.73007,436.7784,6/28/21,p,2021,05/13/2021 06:30 CDT,98110,15.26,77.52,0.24,8.315,0,103293.96
TWB14,Uvalde_2020_02,29.60214,-99.73007,436.7784,6/28/21,p,2021,05/13/2021 06:35 CDT,98110,15.26,77.22,0.565,8.315,0,103294.14
TWB14,Uvalde_2020_02,29.60214,-99.73007,436.7784,6/28/21,p,2021,05/13/2021 06:40 CDT,98111,15.27,77.59,0.5,8.315,0.01,103295.19
TWB14,Uvalde_2020_02,29.60214,-99.73007,436.7784,6/28/21,p,2021,05/13/2021 06:45 CDT,98113,15.25,77.99,0.505,8.315,0.62,103297.48
TWB14,Uvalde_2020_02,29.60214,-99.73007,436.7784,6/28/21,p,2021,05/13/2021 06:50 CDT,98126,15.24,77.86,0.145,8.315,1.08,103311.17
TWB14,Uvalde_2020_02,29.60214,-99.73007,436.7784,6/28/21,p,2021,05/13/2021 06:55 CDT,98134,15.24,78.13,0.1,8.315,1.91,103319.59
TWB14,Uvalde_2020_02,29.60214,-99.73007,436.7784,6/28/21,p,2021,05/13/2021 07:00 CDT,98136,15.23,78.2,0.105,8.315,2.99,103321.7
TWB14,Uvalde_2020_02,29.60214,-99.73007,436.7784,6/28/21,p,2021,05/13/2021 07:05 CDT,98140,15.24,77.32,0.96,8.315,4.12,103326.1
TWB14,Uvalde_2020_02,29.60214,-99.73007,436.7784,6/28/21,p,2021,05/13/2021 07:10 CDT,98154,15.25,77.59,0.425,8.315,5.25,103341.02
TWB14,Uvalde_2020_02,29.60214,-99.73007,436.7784,6/28/21,p,2021,05/13/2021 07:15 CDT,98161,15.26,78.5,0.185,8.315,7.06,103348.02
TWB14,Uvalde_2020_02,29.60214,-99.73007,436.7784,6/28/21,p,2021,05/13/2021 07:20 CDT,98161,15.26,78.7,0.855,8.315,8.98,103348.02
TWB14,Uvalde_2020_02,29.60214,-99.73007,436.7784,6/28/21,p,2021,05/13/2021 07:25 CDT,98168,15.28,77.93,0.37,8.315,10.32,103355.21
TWB14,Uvalde_2020_02,29.60214,-99.73007,436.7784,6/28/21,p,2021,05/13/2021 07:30 CDT,98179,15.29,78.53,0.425,8.315,10.61,103366.6
TWB14,Uvalde_2020_02,29.60214,-99.73007,436.7784,6/28/21,p,2021,05/13/2021 07:35 CDT,98189,15.33,78.46,0.29,8.315,11.44,103376.21
TWB14,Uvalde_2020_02,29.60214,-99.73007,436.7784,6/28/21,p,2021,05/13/2021 07:40 CDT,98199,15.34,78.46,0.505,8.315,14.04,103386.55
TWB14,Uvalde_2020_02,29.60214,-99.73007,436.7784,6/28/21,p,2021,05/13/2021 07:45 CDT,98206,15.38,79.31,0.5,8.315,16.18,103393
TWB14,Uvalde_2020_02,29.60214,-99.73007,436.7784,6/28/21,p,2021,05/13/2021 07:50 CDT,98214,15.39,78.56,1.005,8.315,18.79,103401.24
TWB14,Uvalde_2020_02,29.60214,-99.73007,436.7784,6/28/21,p,2021,05/13/2021 07:55 CDT,98216,15.41,78.64,0.87,8.315,23.07,103403.16
TWB14,Uvalde_2020_02,29.60214,-99.73007,436.7784,6/28/21,p,2021,05/13/2021 08:00 CDT,98218,15.46,77.72,0.605,8.315,23.44,103404.17
TWB14,Uvalde_2020_02,29.60214,-99.73007,436.7784,6/28/21,p,2021,05/13/2021 08:05 CDT,98228,15.48,77.59,0.665,8.315,23.89,103414.33
TWB14,Uvalde_2020_02,29.60214,-99.73007,436.7784,6/28/21,p,2021,05/13/2021 08:10 CDT,98232,15.52,78.63,0.455,8.315,28.8,103417.8
TWB14,Uvalde_2020_02,29.60214,-99.73007,436.7784,6/28/21,p,2021,05/13/2021 08:15 CDT,98233,15.53,78.36,0.805,8.315,35.09,103418.67
TWB14,Uvalde_2020_02,29.60214,-99.73007,436.7784,6/28/21,p,2021,05/13/2021 08:20 CDT,98239,15.6,77.41,0.34,8.315,40.45,103423.53
TWB14,Uvalde_2020_02,29.60214,-99.73007,436.7784,6/28/21,p,2021,05/13/2021 08:25 CDT,98244,15.67,78.12,0.26,8.315,43.06,103427.5
TWB14,Uvalde_2020_02,29.60214,-99.73007,436.7784,6/28/21,p,2021,05/13/2021 08:30 CDT,98252,15.73,78.43,0.785,8.315,46.12,103434.45
TWB14,Uvalde_2020_02,29.60214,-99.73007,436.7784,6/28/21,p,2021,05/13/2021 08:35 CDT,98254,15.73,77.24,0.875,8.315,49.56,103436.38
TWB14,Uvalde_2020_02,29.60214,-99.73007,436.7784,6/28/21,p,2021,05/13/2021 08:40 CDT,98257,15.74,77.17,1.23,8.315,63.49,103439.36
TWB14,Uvalde_2020_02,29.60214,-99.73007,436.7784,6/28/21,p,2021,05/13/2021 08:45 CDT,98259,15.81,77.58,0.325,8.315,78.73,103440.91
TWB14,Uvalde_2020_02,29.60214,-99.73007,436.7784,6/28/21,p,2021,05/13/2021 08:50 CDT,98253,15.98,76.23,0.37,8.315,80.37,103431.85
TWB14,Uvalde_2020_02,29.60214,-99.73007,436.7784,6/28/21,p,2021,05/13/2021 08:55 CDT,98251,16.05,76.77,0.425,8.315,78.01,103427.91
TWB14,Uvalde_2020_02,29.60214,-99.73007,436.7784,6/28/21,p,2021,05/13/2021 09:00 CDT,98254,16.08,76.3,1.225,8.315,77.94,103429.79
TWB14,Uvalde_2020_02,29.60214,-99.73007,436.7784,6/28/21,p,2021,05/13/2021 09:05 CDT,98253,16.11,75.86,1.085,8.315,72.35,103428.38
TWB14,Uvalde_2020_02,29.60214,-99.73007,436.7784,6/28/21,p,2021,05/13/2021 09:10 CDT,98252,16.06,76.7,1.43,8.315,71.32,103428.05
TWB14,Uvalde_2020_02,29.60214,-99.73007,436.7784,6/28/21,p,2021,05/13/2021 09:15 CDT,98254,16.12,76.46,0.98,8.315,70.02,103429.24
TWB14,Uvalde_2020_02,29.60214,-99.73007,436.7784,6/28/21,p,2021,05/13/2021 09:20 CDT,98256,16.14,76.15,0.84,8.315,75.98,103430.8
TWB14,Uvalde_2020_02,29.60214,-99.73007,436.7784,6/28/21,p,2021,05/13/2021 09:25 CDT,98259,16.2,75.31,0.9,8.315,82.2,103432.87
TWB14,Uvalde_2020_02,29.60214,-99.73007,436.7784,6/28/21,p,2021,05/13/2021 09:30 CDT,98261,16.22,76.83,1.075,8.315,89.89,103434.42
TWB14,Uvalde_2020_02,29.60214,-99.73007,436.7784,6/28/21,p,2021,05/13/2021 09:35 CDT,98261,16.31,75.75,0.935,8.315,97.76,103433.69
TWB14,Uvalde_2020_02,29.60214,-99.73007,436.7784,6/28/21,p,2021,05/13/2021 09:40 CDT,98261,16.35,74.4,0.67,8.315,104.94,103432.42
TWB14,Uvalde_2020_02,29.60214,-99.73007,436.7784,6/28/21,p,2021,05/13/2021 09:45 CDT,98255,16.44,75.54,1.23,8.315,109.46,103424.45
TWB14,Uvalde_2020_02,29.60214,-99.73007,436.7784,6/28/21,p,2021,05/13/2021 09:50 CDT,98243,16.49,74.94,1.67,8.315,129.36,103410.37
TWB14,Uvalde_2020_02,29.60214,-99.73007,436.7784,6/28/21,p,2021,05/13/2021 09:55 CDT,98244,16.58,75.34,1.26,8.315,125.3,103410.32
TWB14,Uvalde_2020_02,29.60214,-99.73007,436.7784,6/28/21,p,2021,05/13/2021 10:00 CDT,98246,16.69,75.34,1.505,8.315,123.68,103409.51
TWB14,Uvalde_2020_02,29.60214,-99.73007,436.7784,6/28/21,p,2021,05/13/2021 10:05 CDT,98247,16.66,74.73,1.735,8.315,132.65,103410.39
TWB14,Uvalde_2020_02,29.60214,-99.73007,436.7784,6/28/21,p,2021,05/13/2021 10:10 CDT,98249,16.68,74.33,1.57,8.315,137.17,103413.04
TWB14,Uvalde_2020_02,29.60214,-99.73007,436.7784,6/28/21,p,2021,05/13/2021 10:15 CDT,98253,16.71,73.59,2.235,8.315,150.45,103416.16
TWB14,Uvalde_2020_02,29.60214,-99.73007,436.7784,6/28/21,p,2021,05/13/2021 10:20 CDT,98252,16.68,73.25,2.505,8.315,175.95,103415.11
TWB14,Uvalde_2020_02,29.60214,-99.73007,436.7784,6/28/21,p,2021,05/13/2021 10:25 CDT,98247,16.77,73.05,1.48,8.315,205.18,103409.85
TWB14,Uvalde_2020_02,29.60214,-99.73007,436.7784,6/28/21,p,2021,05/13/2021 10:30 CDT,98247,17.02,73.25,2.095,8.315,217.2,103404.39
TWB14,Uvalde_2020_02,29.60214,-99.73007,436.7784,6/28/21,p,2021,05/13/2021 10:35 CDT,98249,17.06,74.73,1.695,8.315,214.08,103405.4
TWB14,Uvalde_2020_02,29.60214,-99.73007,436.7784,6/28/21,p,2021,05/13/2021 10:40 CDT,98243,17.19,71.83,2.27,8.315,223.34,103396.02
TWB14,Uvalde_2020_02,29.60214,-99.73007,436.7784,6/28/21,p,2021,05/13/2021 10:45 CDT,98238,17.11,74.83,2.655,8.315,252.05,103391.28
TWB14,Uvalde_2020_02,29.60214,-99.73007,436.7784,6/28/21,p,2021,05/13/2021 10:50 CDT,98233,17.19,71.99,2.285,8.315,266.29,103385.31
TWB14,Uvalde_2020_02,29.60214,-99.73007,436.7784,6/28/21,p,2021,05/13/2021 10:55 CDT,98230,17.13,72.96,2.43,8.315,286.8,103382.15
TWB14,Uvalde_2020_02,29.60214,-99.73007,436.7784,6/28/21,p,2021,05/13/2021 11:00 CDT,98225,17.33,72.08,2.82,8.315,308.04,103374.17
TWB14,Uvalde_2020_02,29.60214,-99.73007,436.7784,6/28/21,p,2021,05/13/2021 11:05 CDT,98223,17.46,71.2,2.49,8.315,324.87,103369.18
TWB14,Uvalde_2020_02,29.60214,-99.73007,436.7784,6/28/21,p,2021,05/13/2021 11:10 CDT,98222,17.52,70.63,2.365,8.315,323.88,103367.4
TWB14,Uvalde_2020_02,29.60214,-99.73007,436.7784,6/28/21,p,2021,05/13/2021 11:15 CDT,98219,17.7,73.02,2.025,8.315,326.44,103361.7
TWB14,Uvalde_2020_02,29.60214,-99.73007,436.7784,6/28/21,p,2021,05/13/2021 11:20 CDT,98212,17.89,69.75,2.095,8.315,360.15,103348.76
TWB14,Uvalde_2020_02,29.60214,-99.73007,436.7784,6/28/21,p,2021,05/13/2021 11:25 CDT,98206,17.95,68.77,2.34,8.315,383.42,103341.91
TWB14,Uvalde_2020_02,29.60214,-99.73007,436.7784,6/28/21,p,2021,05/13/2021 11:30 CDT,98202,18.12,67.52,1.645,8.315,418.54,103335.91
TWB14,Uvalde_2020_02,29.60214,-99.73007,436.7784,6/28/21,p,2021,05/13/2021 11:35 CDT,98195,18.29,68.19,1.815,8.315,569.86,103325.48
TWB14,Uvalde_2020_02,29.60214,-99.73007,436.7784,6/28/21,p,2021,05/13/2021 11:40 CDT,98188,18.56,65.59,2.8,8.315,585.73,103312.56
TWB14,Uvalde_2020_02,29.60214,-99.73007,436.7784,6/28/21,p,2021,05/13/2021 11:45 CDT,98188,18.72,65.36,2.79,8.315,799.46,103306.64
TWB14,Uvalde_2020_02,29.60214,-99.73007,436.7784,6/28/21,p,2021,05/13/2021 11:50 CDT,98183,19.08,65.05,1.065,8.315,506.87,103297.45
TWB14,Uvalde_2020_02,29.60214,-99.73007,436.7784,6/28/21,p,2021,05/13/2021 11:55 CDT,98173,19.63,65.52,1.295,8.315,494.28,103278.89
TWB14,Uvalde_2020_02,29.60214,-99.73007,436.7784,6/28/21,p,2021,05/13/2021 12:00 CDT,98168,19.79,65.38,1.65,8.315,707.88,103269.72
TWB14,Uvalde_2020_02,29.60214,-99.73007,436.7784,6/28/21,p,2021,05/13/2021 12:05 CDT,98167,20.02,64.98,1.92,8.315,624.72,103263.16
TWB14,Uvalde_2020_02,29.60214,-99.73007,436.7784,6/28/21,p,2021,05/13/2021 12:10 CDT,98159,19.95,62.38,2.73,8.315,695.39,103252.45
TWB14,Uvalde_2020_02,29.60214,-99.73007,436.7784,6/28/21,p,2021,05/13/2021 12:15 CDT,98155,20.03,60.73,2.325,8.315,692.4,103247.37
TWB14,Uvalde_2020_02,29.60214,-99.73007,436.7784,6/28/21,p,2021,05/13/2021 12:20 CDT,98155,20.02,63.36,2.695,8.315,712.42,103247.71
TWB14,Uvalde_2020_02,29.60214,-99.73007,436.7784,6/28/21,p,2021,05/13/2021 12:25 CDT,98151,20.2,60.99,2.64,8.315,712.26,103242.27
TWB14,Uvalde_2020_02,29.60214,-99.73007,436.7784,6/28/21,p,2021,05/13/2021 12:30 CDT,98139,20.6,60.55,2.355,8.315,709.46,103223.28
TWB14,Uvalde_2020_02,29.60214,-99.73007,436.7784,6/28/21,p,2021,05/13/2021 12:35 CDT,98125,20.82,61.69,2.48,8.315,721,103204.84
TWB14,Uvalde_2020_02,29.60214,-99.73007,436.7784,6/28/21,p,2021,05/13/2021 12:40 CDT,98116,20.92,60.27,2.325,8.315,720.05,103193.97
TWB14,Uvalde_2020_02,29.60214,-99.73007,436.7784,6/28/21,p,2021,05/13/2021 12:45 CDT,98114,21.15,59.19,2.96,8.315,732.1,103186.59
TWB14,Uvalde_2020_02,29.60214,-99.73007,436.7784,6/28/21,p,2021,05/13/2021 12:50 CDT,98109,21.16,61.45,2.225,8.315,729.34,103180.79
TWB14,Uvalde_2020_02,29.60214,-99.73007,436.7784,6/28/21,p,2021,05/13/2021 12:55 CDT,98101,21.67,55.65,1.82,8.315,724.92,103166.97
TWB14,Uvalde_2020_02,29.60214,-99.73007,436.7784,6/28/21,p,2021,05/13/2021 13:00 CDT,98092,21.58,60.57,1.685,8.315,734.72,103155.89
TWB14,Uvalde_2020_02,29.60214,-99.73007,436.7784,6/28/21,p,2021,05/13/2021 13:05 CDT,98087,21.79,61.35,2.345,8.315,745.58,103145.72
TWB14,Uvalde_2020_02,29.60214,-99.73007,436.7784,6/28/21,p,2021,05/13/2021 13:10 CDT,98079,21.94,56.79,2.265,8.315,750.99,103134.72
TWB14,Uvalde_2020_02,29.60214,-99.73007,436.7784,6/28/21,p,2021,05/13/2021 13:15 CDT,98070,22.2,57.06,1.335,8.315,742.64,103123.85
TWB14,Uvalde_2020_02,29.60214,-99.73007,436.7784,6/28/21,p,2021,05/13/2021 13:20 CDT,98062,22.74,56.86,1.365,8.315,736.16,103106.72
TWB14,Uvalde_2020_02,29.60214,-99.73007,436.7784,6/28/21,p,2021,05/13/2021 13:25 CDT,98057,22.53,54.57,2.715,8.315,763.99,103099.04
TWB14,Uvalde_2020_02,29.60214,-99.73007,436.7784,6/28/21,p,2021,05/13/2021 13:30 CDT,98049,22.61,56.76,1.545,8.315,747.2,103091.31
TWB14,Uvalde_2020_02,29.60214,-99.73007,436.7784,6/28/21,p,2021,05/13/2021 13:35 CDT,98036,23.16,58.54,1.865,8.315,743.7,103069.98
TWB14,Uvalde_2020_02,29.60214,-99.73007,436.7784,6/28/21,p,2021,05/13/2021 13:40 CDT,98028,23.16,53.69,2.325,8.315,755.37,103058.66
TWB14,Uvalde_2020_02,29.60214,-99.73007,436.7784,6/28/21,p,2021,05/13/2021 13:45 CDT,98018,22.91,51.87,2.83,8.315,757.7,103053.71
TWB14,Uvalde_2020_02,29.60214,-99.73007,436.7784,6/28/21,p,2021,05/13/2021 13:50 CDT,98007,23.13,52.3,2.465,8.315,755.57,103039.2
TWB14,Uvalde_2020_02,29.60214,-99.73007,436.7784,6/28/21,p,2021,05/13/2021 13:55 CDT,97998,23.35,54.26,2.27,8.315,744.95,103026.43
TWB14,Uvalde_2020_02,29.60214,-99.73007,436.7784,6/28/21,p,2021,05/13/2021 14:00 CDT,97989,23.51,51.66,2.97,8.315,756.61,103013.7
TWB14,Uvalde_2020_02,29.60214,-99.73007,436.7784,6/28/21,p,2021,05/13/2021 14:05 CDT,97974,23.52,52.33,1.675,8.315,743.69,102997.4
TWB14,Uvalde_2020_02,29.60214,-99.73007,436.7784,6/28/21,p,2021,05/13/2021 14:10 CDT,97967,23.74,54.59,1.86,8.315,742.63,102986.4
TWB14,Uvalde_2020_02,29.60214,-99.73007,436.7784,6/28/21,p,2021,05/13/2021 14:15 CDT,97953,23.82,52.1,2.27,8.315,744.78,102970.15
TWB14,Uvalde_2020_02,29.60214,-99.73007,436.7784,6/28/21,p,2021,05/13/2021 14:20 CDT,97942,24.07,49.5,2.27,8.315,739.74,102954.13
TWB14,Uvalde_2020_02,29.60214,-99.73007,436.7784,6/28/21,p,2021,05/13/2021 14:25 CDT,97941,24.19,50.78,1.48,8.315,730.58,102951.86
TWB14,Uvalde_2020_02,29.60214,-99.73007,436.7784,6/28/21,p,2021,05/13/2021 14:30 CDT,97941,24.21,52.27,1.03,8.315,739.98,102952.19
TWB14,Uvalde_2020_02,29.60214,-99.73007,436.7784,6/28/21,p,2021,05/13/2021 14:35 CDT,97938,24.48,52.6,1.285,8.315,757.39,102944.91
TWB14,Uvalde_2020_02,29.60214,-99.73007,436.7784,6/28/21,p,2021,05/13/2021 14:40 CDT,97927,24.64,49.64,1.54,8.315,758.27,102931.14
TWB14,Uvalde_2020_02,29.60214,-99.73007,436.7784,6/28/21,p,2021,05/13/2021 14:45 CDT,97914,24.92,48.96,1.335,8.315,770.58,102912.51
TWB14,Uvalde_2020_02,29.60214,-99.73007,436.7784,6/28/21,p,2021,05/13/2021 14:50 CDT,97910,24.91,53.1,1.695,8.315,804.88,102905.19
TWB14,Uvalde_2020_02,29.60214,-99.73007,436.7784,6/28/21,p,2021,05/13/2021 14:55 CDT,97901,25.43,54.92,1.08,8.315,814.38,102890.08
TWB14,Uvalde_2020_02,29.60214,-99.73007,436.7784,6/28/21,p,2021,05/13/2021 15:00 CDT,97892,25.64,47.04,1.755,8.315,842.4,102874.22
TWB14,Uvalde_2020_02,29.60214,-99.73007,436.7784,6/28/21,p,2021,05/13/2021 15:05 CDT,97881,25.68,49.56,1.105,8.315,887.08,102863.14
TWB14,Uvalde_2020_02,29.60214,-99.73007,436.7784,6/28/21,p,2021,05/13/2021 15:10 CDT,97874,26.06,48.58,1.45,8.315,903.31,102849.85
TWB14,Uvalde_2020_02,29.60214,-99.73007,436.7784,6/28/21,p,2021,05/13/2021 15:15 CDT,97861,25.81,47.74,1.54,8.315,605.83,102839.08
TWB14,Uvalde_2020_02,29.60214,-99.73007,436.7784,6/28/21,p,2021,05/13/2021 15:20 CDT,97853,25.33,50.5,1.375,8.315,316.77,102837.8
TWB14,Uvalde_2020_02,29.60214,-99.73007,436.7784,6/28/21,p,2021,05/13/2021 15:25 CDT,97847,25.23,47.4,0.88,8.315,290.28,102834.25
TWB14,Uvalde_2020_02,29.60214,-99.73007,436.7784,6/28/21,p,2021,05/13/2021 15:30 CDT,97841,25.14,48.64,0.845,8.315,253.05,102830.83
TWB14,Uvalde_2020_02,29.60214,-99.73007,436.7784,6/28/21,p,2021,05/13/2021 15:35 CDT,97828,25.1,51.74,1.235,8.315,266.13,102817.48
TWB14,Uvalde_2020_02,29.60214,-99.73007,436.7784,6/28/21,p,2021,05/13/2021 15:40 CDT,97819,25.14,51.37,0.73,8.315,292.41,102808.2
TWB14,Uvalde_2020_02,29.60214,-99.73007,436.7784,6/28/21,p,2021,05/13/2021 15:45 CDT,97817,25.56,48.68,1.05,8.315,423.53,102801.51
TWB14,Uvalde_2020_02,29.60214,-99.73007,436.7784,6/28/21,p,2021,05/13/2021 15:50 CDT,97809,25.47,48.41,2.415,8.315,317.39,102791.23
TWB14,Uvalde_2020_02,29.60214,-99.73007,436.7784,6/28/21,p,2021,05/13/2021 15:55 CDT,97796,25.14,50.23,1.735,8.315,427.67,102782.84
TWB14,Uvalde_2020_02,29.60214,-99.73007,436.7784,6/28/21,p,2021,05/13/2021 16:00 CDT,97792,25.89,46.02,1.165,8.315,551.88,102771.69
TWB14,Uvalde_2020_02,29.60214,-99.73007,436.7784,6/28/21,p,2021,05/13/2021 16:05 CDT,97780,26.12,46.32,0.935,8.315,682.3,102753.63
TWB14,Uvalde_2020_02,29.60214,-99.73007,436.7784,6/28/21,p,2021,05/13/2021 16:10 CDT,97769,26.6,46.59,1.285,8.315,759.1,102735.29
TWB14,Uvalde_2020_02,29.60214,-99.73007,436.7784,6/28/21,p,2021,05/13/2021 16:15 CDT,97763,27.09,46.89,1.46,8.315,731.19,102719.18
TWB14,Uvalde_2020_02,29.60214,-99.73007,436.7784,6/28/21,p,2021,05/13/2021 16:20 CDT,97753,27.12,46.79,1.45,8.315,658.59,102704.97
TWB14,Uvalde_2020_02,29.60214,-99.73007,436.7784,6/28/21,p,2021,05/13/2021 16:25 CDT,97746,26.64,45.98,2.435,8.315,401.27,102700.83
TWB14,Uvalde_2020_02,29.60214,-99.73007,436.7784,6/28/21,p,2021,05/13/2021 16:30 CDT,97738,25.88,47.12,2.735,8.315,417.39,102704.07
TWB14,Uvalde_2020_02,29.60214,-99.73007,436.7784,6/28/21,p,2021,05/13/2021 16:35 CDT,97731,25.93,46.89,2.095,8.315,565.53,102700.1
TWB14,Uvalde_2020_02,29.60214,-99.73007,436.7784,6/28/21,p,2021,05/13/2021 16:40 CDT,97710,25.8,48.6,2.585,8.315,269.41,102679.04
TWB14,Uvalde_2020_02,29.60214,-99.73007,436.7784,6/28/21,p,2021,05/13/2021 16:45 CDT,97707,25.6,50.49,2.655,8.315,361.16,102681.3
TWB14,Uvalde_2020_02,29.60214,-99.73007,436.7784,6/28/21,p,2021,05/13/2021 16:50 CDT,97706,25.66,48.8,2.585,8.315,464.16,102681.11
TWB14,Uvalde_2020_02,29.60214,-99.73007,436.7784,6/28/21,p,2021,05/13/2021 16:55 CDT,97699,25.75,51.67,2.24,8.315,567.99,102671.86
TWB14,Uvalde_2020_02,29.60214,-99.73007,436.7784,6/28/21,p,2021,05/13/2021 17:00 CDT,97689,25.91,48.4,2.4,8.315,454.8,102658.67
TWB14,Uvalde_2020_02,29.60214,-99.73007,436.7784,6/28/21,p,2021,05/13/2021 17:05 CDT,97681,25.93,48.8,2.4,8.315,506.58,102649.24
TWB14,Uvalde_2020_02,29.60214,-99.73007,436.7784,6/28/21,p,2021,05/13/2021 17:10 CDT,97677,25.95,48.84,1.68,8.315,531.05,102643.34
TWB14,Uvalde_2020_02,29.60214,-99.73007,436.7784,6/28/21,p,2021,05/13/2021 17:15 CDT,97668,25.99,48.33,2.115,8.315,250.92,102632.87
TWB14,Uvalde_2020_02,29.60214,-99.73007,436.7784,6/28/21,p,2021,05/13/2021 17:20 CDT,97662,25.61,50.22,1.755,8.315,221.17,102632.82
TWB14,Uvalde_2020_02,29.60214,-99.73007,436.7784,6/28/21,p,2021,05/13/2021 17:25 CDT,97654,25.46,52.27,1.315,8.315,208.83,102629.32
TWB14,Uvalde_2020_02,29.60214,-99.73007,436.7784,6/28/21,p,2021,05/13/2021 17:30 CDT,97651,25.51,52.85,1.74,8.315,257.16,102626.17
TWB14,Uvalde_2020_02,29.60214,-99.73007,436.7784,6/28/21,p,2021,05/13/2021 17:35 CDT,97651,25.54,50.09,2.54,8.315,443.55,102625.85
TWB14,Uvalde_2020_02,29.60214,-99.73007,436.7784,6/28/21,p,2021,05/13/2021 17:40 CDT,97651,25.68,49.38,2.67,8.315,417.11,102623.31
TWB14,Uvalde_2020_02,29.60214,-99.73007,436.7784,6/28/21,p,2021,05/13/2021 17:45 CDT,97651,25.66,50.93,2.705,8.315,454.43,102622.95
TWB14,Uvalde_2020_02,29.60214,-99.73007,436.7784,6/28/21,p,2021,05/13/2021 17:50 CDT,97649,25.55,50.8,2.58,8.315,366.87,102620.51
TWB14,Uvalde_2020_02,29.60214,-99.73007,436.7784,6/28/21,p,2021,05/13/2021 17:55 CDT,97644,25.6,50.87,2.2,8.315,269.88,102615.77
TWB14,Uvalde_2020_02,29.60214,-99.73007,436.7784,6/28/21,p,2021,05/13/2021 18:00 CDT,97639,25.33,52.52,2.38,8.315,296.52,102614.58
TWB14,Uvalde_2020_02,29.60214,-99.73007,436.7784,6/28/21,p,2021,05/13/2021 18:05 CDT,97632,25.53,51.37,1.705,8.315,233.57,102606.55
TWB14,Uvalde_2020_02,29.60214,-99.73007,436.7784,6/28/21,p,2021,05/13/2021 18:10 CDT,97631,25.46,51.04,3.495,8.315,314.48,102605.67
TWB14,Uvalde_2020_02,29.60214,-99.73007,436.7784,6/28/21,p,2021,05/13/2021 18:15 CDT,97632,25.38,50.77,2.12,8.315,304.89,102609.11
TWB14,Uvalde_2020_02,29.60214,-99.73007,436.7784,6/28/21,p,2021,05/13/2021 18:20 CDT,97633,25.47,49.49,2.49,8.315,314.21,102608.3
TWB14,Uvalde_2020_02,29.60214,-99.73007,436.7784,6/28/21,p,2021,05/13/2021 18:25 CDT,97636,25.43,50.93,2.06,8.315,310.75,102611.61
TWB14,Uvalde_2020_02,29.60214,-99.73007,436.7784,6/28/21,p,2021,05/13/2021 18:30 CDT,97633,25.51,51.04,2.41,8.315,301.45,102607.44
TWB14,Uvalde_2020_02,29.60214,-99.73007,436.7784,6/28/21,p,2021,05/13/2021 18:35 CDT,97631,25.26,49.86,3.015,8.315,296.46,102607.9
TWB14,Uvalde_2020_02,29.60214,-99.73007,436.7784,6/28/21,p,2021,05/13/2021 18:40 CDT,97634,25.18,50.13,2.63,8.315,301.06,102613.94
TWB14,Uvalde_2020_02,29.60214,-99.73007,436.7784,6/28/21,p,2021,05/13/2021 18:45 CDT,97642,25.22,50.29,2.205,8.315,255.37,102622.01
TWB14,Uvalde_2020_02,29.60214,-99.73007,436.7784,6/28/21,p,2021,05/13/2021 18:50 CDT,97646,25.28,49.89,2.41,8.315,238.14,102626.39
TWB14,Uvalde_2020_02,29.60214,-99.73007,436.7784,6/28/21,p,2021,05/13/2021 18:55 CDT,97651,25.16,50.16,2.56,8.315,187.43,102632.49
TWB14,Uvalde_2020_02,29.60214,-99.73007,436.7784,6/28/21,p,2021,05/13/2021 19:00 CDT,97650,24.89,50.77,2.825,8.315,221.64,102636.22
TWB14,Uvalde_2020_02,29.60214,-99.73007,436.7784,6/28/21,p,2021,05/13/2021 19:05 CDT,97649,24.9,51.04,2.03,8.315,168.58,102636.02
TWB14,Uvalde_2020_02,29.60214,-99.73007,436.7784,6/28/21,p,2021,05/13/2021 19:10 CDT,97637,24.76,50.3,2.455,8.315,170.8,102625.12
TWB14,Uvalde_2020_02,29.60214,-99.73007,436.7784,6/28/21,p,2021,05/13/2021 19:15 CDT,97635,24.72,51.18,1.815,8.315,145.34,102624.72
TWB14,Uvalde_2020_02,29.60214,-99.73007,436.7784,6/28/21,p,2021,05/13/2021 19:20 CDT,97637,24.58,50.27,2.565,8.315,135.7,102628.2
TWB14,Uvalde_2020_02,29.60214,-99.73007,436.7784,6/28/21,p,2021,05/13/2021 19:25 CDT,97643,24.36,51.18,1.995,8.315,118.72,102638.96
TWB14,Uvalde_2020_02,29.60214,-99.73007,436.7784,6/28/21,p,2021,05/13/2021 19:30 CDT,97652,24.23,51.45,2.28,8.315,107.21,102650.99
TWB14,Uvalde_2020_02,29.60214,-99.73007,436.7784,6/28/21,p,2021,05/13/2021 19:35 CDT,97658,24.01,51.99,2.38,8.315,71.58,102661.59
TWB14,Uvalde_2020_02,29.60214,-99.73007,436.7784,6/28/21,p,2021,05/13/2021 19:40 CDT,97664,23.81,52.97,2.05,8.315,39.51,102671.5
TWB14,Uvalde_2020_02,29.60214,-99.73007,436.7784,6/28/21,p,2021,05/13/2021 19:45 CDT,97675,23.62,53.75,2.11,8.315,25.78,102686.51
TWB14,Uvalde_2020_02,29.60214,-99.73007,436.7784,6/28/21,p,2021,05/13/2021 19:50 CDT,97692,23.32,55.84,2.885,8.315,29.13,102709.03
TWB14,Uvalde_2020_02,29.60214,-99.73007,436.7784,6/28/21,p,2021,05/13/2021 19:55 CDT,97698,22.91,57.59,2.745,8.315,27.91,102722.42
TWB14,Uvalde_2020_02,29.60214,-99.73007,436.7784,6/28/21,p,2021,05/13/2021 20:00 CDT,97703,22.63,58.06,2.61,8.315,16.14,102733.06
TWB14,Uvalde_2020_02,29.60214,-99.73007,436.7784,6/28/21,p,2021,05/13/2021 20:05 CDT,97710,22.42,58.67,2.645,8.315,16.61,102744.76
TWB14,Uvalde_2020_02,29.60214,-99.73007,436.7784,6/28/21,p,2021,05/13/2021 20:10 CDT,97725,22.26,59.62,2.29,8.315,12.61,102763.67
TWB14,Uvalde_2020_02,29.60214,-99.73007,436.7784,6/28/21,p,2021,05/13/2021 20:15 CDT,97736,22.09,60.4,1.965,8.315,8.29,102778.19
TWB14,Uvalde_2020_02,29.60214,-99.73007,436.7784,6/28/21,p,2021,05/13/2021 20:20 CDT,97743,21.96,60.43,2.13,8.315,4.2,102788.35
TWB14,Uvalde_2020_02,29.60214,-99.73007,436.7784,6/28/21,p,2021,05/13/2021 20:25 CDT,97747,21.83,61.08,1.72,8.315,2.19,102794.65
TWB14,Uvalde_2020_02,29.60214,-99.73007,436.7784,6/28/21,p,2021,05/13/2021 20:30 CDT,97749,21.71,60.77,2.255,8.315,0.77,102798.86
TWB14,Uvalde_2020_02,29.60214,-99.73007,436.7784,6/28/21,p,2021,05/13/2021 20:35 CDT,97760,21.61,61.79,2.005,8.315,0.22,102812.69
TWB14,Uvalde_2020_02,29.60214,-99.73007,436.7784,6/28/21,p,2021,05/13/2021 20:40 CDT,97765,21.47,62.12,2.075,8.315,0.12,102820.05
TWB14,Uvalde_2020_02,29.60214,-99.73007,436.7784,6/28/21,p,2021,05/13/2021 20:45 CDT,97769,21.3,62.7,2.055,8.315,0.19,102827.59
TWB14,Uvalde_2020_02,29.60214,-99.73007,436.7784,6/28/21,p,2021,05/13/2021 20:50 CDT,97795,21.15,63.12,2.435,8.315,0,102857.92
TWB14,Uvalde_2020_02,29.60214,-99.73007,436.7784,6/28/21,p,2021,05/13/2021 20:55 CDT,97818,21.04,63.56,2.595,8.315,0,102884.05
TWB14,Uvalde_2020_02,29.60214,-99.73007,436.7784,6/28/21,p,2021,05/13/2021 21:00 CDT,97823,20.87,64.37,1.965,8.315,0.03,102891.77
TWB14,Uvalde_2020_02,29.60214,-99.73007,436.7784,6/28/21,p,2021,05/13/2021 21:05 CDT,97818,20.72,64.27,2.37,8.315,0,102889.68
TWB14,Uvalde_2020_02,29.60214,-99.73007,436.7784,6/28/21,p,2021,05/13/2021 21:10 CDT,97828,20.57,65.18,2.01,8.315,0.02,102902.67
TWB14,Uvalde_2020_02,29.60214,-99.73007,436.7784,6/28/21,p,2021,05/13/2021 21:15 CDT,97830,20.41,65.35,1.925,8.315,0.08,102907.78
TWB14,Uvalde_2020_02,29.60214,-99.73007,436.7784,6/28/21,p,2021,05/13/2021 21:20 CDT,97824,20.28,65.75,1.915,8.315,0,102904.29
TWB14,Uvalde_2020_02,29.60214,-99.73007,436.7784,6/28/21,p,2021,05/13/2021 21:25 CDT,97823,20.19,65.79,1.895,8.315,0,102905.01
TWB14,Uvalde_2020_02,29.60214,-99.73007,436.7784,6/28/21,p,2021,05/13/2021 21:30 CDT,97827,20.14,65.89,1.965,8.315,0,102910.28
TWB14,Uvalde_2020_02,29.60214,-99.73007,436.7784,6/28/21,p,2021,05/13/2021 21:35 CDT,97837,19.98,66.84,1.575,8.315,0,102923.1
TWB14,Uvalde_2020_02,29.60214,-99.73007,436.7784,6/28/21,p,2021,05/13/2021 21:40 CDT,97853,19.84,67.21,1.61,8.315,0.01,102942.59
TWB14,Uvalde_2020_02,29.60214,-99.73007,436.7784,6/28/21,p,2021,05/13/2021 21:45 CDT,97859,19.69,68.22,1.57,8.315,0,102951.21
TWB14,Uvalde_2020_02,29.60214,-99.73007,436.7784,6/28/21,p,2021,05/13/2021 21:50 CDT,97854,19.49,68.9,1.32,8.315,0,102949.33
TWB14,Uvalde_2020_02,29.60214,-99.73007,436.7784,6/28/21,p,2021,05/13/2021 21:55 CDT,97860,19.46,68.09,2.745,8.315,0,102957.96
TWB14,Uvalde_2020_02,29.60214,-99.73007,436.7784,6/28/21,p,2021,05/13/2021 22:00 CDT,97868,19.54,68.2,2.7,8.315,0,102964.77
TWB14,Uvalde_2020_02,29.60214,-99.73007,436.7784,6/28/21,p,2021,05/13/2021 22:05 CDT,97877,19.46,68.77,1.805,8.315,0,102974.95
TWB14,Uvalde_2020_02,29.60214,-99.73007,436.7784,6/28/21,p,2021,05/13/2021 22:10 CDT,97882,19.37,68.91,1.725,8.315,0,102981.64
TWB14,Uvalde_2020_02,29.60214,-99.73007,436.7784,6/28/21,p,2021,05/13/2021 22:15 CDT,97886,19.26,69.58,1.745,8.315,0,102987.45
TWB14,Uvalde_2020_02,29.60214,-99.73007,436.7784,6/28/21,p,2021,05/13/2021 22:20 CDT,97894,19.19,70.02,1.655,8.315,0,102998
TWB14,Uvalde_2020_02,29.60214,-99.73007,436.7784,6/28/21,p,2021,05/13/2021 22:25 CDT,97898,19.09,70.46,1.545,8.315,0,103003.64
TWB14,Uvalde_2020_02,29.60214,-99.73007,436.7784,6/28/21,p,2021,05/13/2021 22:30 CDT,97901,19,70.66,1.28,8.315,0,103008.94
TWB14,Uvalde_2020_02,29.60214,-99.73007,436.7784,6/28/21,p,2021,05/13/2021 22:35 CDT,97912,18.91,70.94,0.97,8.315,0,103022.12
TWB14,Uvalde_2020_02,29.60214,-99.73007,436.7784,6/28/21,p,2021,05/13/2021 22:40 CDT,97925,18.83,71.34,1.045,8.315,0,103036.69
TWB14,Uvalde_2020_02,29.60214,-99.73007,436.7784,6/28/21,p,2021,05/13/2021 22:45 CDT,97930,18.79,71.62,1.405,8.315,0,103043.02
TWB14,Uvalde_2020_02,29.60214,-99.73007,436.7784,6/28/21,p,2021,05/13/2021 22:50 CDT,97939,18.72,71.85,1.31,8.315,0,103053.57
TWB14,Uvalde_2020_02,29.60214,-99.73007,436.7784,6/28/21,p,2021,05/13/2021 22:55 CDT,97940,18.67,72.43,1.55,8.315,0,103056.23
TWB14,Uvalde_2020_02,29.60214,-99.73007,436.7784,6/28/21,p,2021,05/13/2021 23:00 CDT,97944,18.64,71.96,1.985,8.315,0,103061.16
TWB14,Uvalde_2020_02,29.60214,-99.73007,436.7784,6/28/21,p,2021,05/13/2021 23:05 CDT,97941,18.71,71.9,2.35,8.315,0,103057.11
TWB14,Uvalde_2020_02,29.60214,-99.73007,436.7784,6/28/21,p,2021,05/13/2021 23:10 CDT,97938,18.75,72.1,2.16,8.315,0,103052.51
TWB14,Uvalde_2020_02,29.60214,-99.73007,436.7784,6/28/21,p,2021,05/13/2021 23:15 CDT,97942,18.66,72.68,1.77,8.315,0,103057.62
TWB14,Uvalde_2020_02,29.60214,-99.73007,436.7784,6/28/21,p,2021,05/13/2021 23:20 CDT,97953,18.57,73.12,1.75,8.315,0,103070.62
TWB14,Uvalde_2020_02,29.60214,-99.73007,436.7784,6/28/21,p,2021,05/13/2021 23:25 CDT,97960,18.61,73.08,1.97,8.315,0,103077.99
TWB14,Uvalde_2020_02,29.60214,-99.73007,436.7784,6/28/21,p,2021,05/13/2021 23:30 CDT,97964,18.66,72.58,2.07,8.315,0,103081.3
TWB14,Uvalde_2020_02,29.60214,-99.73007,436.7784,6/28/21,p,2021,05/13/2021 23:35 CDT,97964,18.77,72.31,1.835,8.315,0,103078.8
TWB14,Uvalde_2020_02,29.60214,-99.73007,436.7784,6/28/21,p,2021,05/13/2021 23:40 CDT,97966,18.84,72.1,1.62,8.315,0,103079.29
TWB14,Uvalde_2020_02,29.60214,-99.73007,436.7784,6/28/21,p,2021,05/13/2021 23:45 CDT,97970,18.87,72.04,1.85,8.315,0,103082.96
TWB14,Uvalde_2020_02,29.60214,-99.73007,436.7784,6/28/21,p,2021,05/13/2021 23:50 CDT,97974,18.95,71.56,2.275,8.315,0,103085.74
TWB14,Uvalde_2020_02,29.60214,-99.73007,436.7784,6/28/21,p,2021,05/13/2021 23:55 CDT,97971,19,70.42,2.305,8.315,0,103081.16
TWB14,Uvalde_2020_02,29.60214,-99.73007,436.7784,6/28/21,p,2021,05/14/2021 00:00 CDT,97976,19.04,70.42,2.215,8.315,0,103085.53
TWB14,Uvalde_2020_02,29.60214,-99.73007,436.7784,6/28/21,p,2021,05/14/2021 00:05 CDT,97967,19.06,69.61,2.315,8.315,0,103075.53
TWB14,Uvalde_2020_02,29.60214,-99.73007,436.7784,6/28/21,p,2021,05/14/2021 00:10 CDT,97963,19.04,70.25,2.11,8.315,0,103071.31
TWB14,Uvalde_2020_02,29.60214,-99.73007,436.7784,6/28/21,p,2021,05/14/2021 00:15 CDT,97963,19,70.55,1.925,8.315,0,103072.03
TWB14,Uvalde_2020_02,29.60214,-99.73007,436.7784,6/28/21,p,2021,05/14/2021 00:20 CDT,97963,18.93,71.53,2.1,8.315,0.09,103073.09
TWB14,Uvalde_2020_02,29.60214,-99.73007,436.7784,6/28/21,p,2021,05/14/2021 00:25 CDT,97959,18.82,72.37,1.655,8.315,0.6,103071.03
TWB14,Uvalde_2020_02,29.60214,-99.73007,436.7784,6/28/21,p,2021,05/14/2021 00:30 CDT,97957,18.69,73.11,1.95,8.315,0.46,103071.07
TWB14,Uvalde_2020_02,29.60214,-99.73007,436.7784,6/28/21,p,2021,05/14/2021 00:35 CDT,97948,18.59,73.65,1.925,8.315,0.15,103063.92
TWB14,Uvalde_2020_02,29.60214,-99.73007,436.7784,6/28/21,p,2021,05/14/2021 00:40 CDT,97946,18.47,74.39,1.7,8.315,0.15,103063.79
TWB14,Uvalde_2020_02,29.60214,-99.73007,436.7784,6/28/21,p,2021,05/14/2021 00:45 CDT,97948,18.4,74.79,2.135,8.315,0,103067.69
TWB14,Uvalde_2020_02,29.60214,-99.73007,436.7784,6/28/21,p,2021,05/14/2021 00:50 CDT,97956,18.26,75.77,1.285,8.315,0.03,103078.25
TWB14,Uvalde_2020_02,29.60214,-99.73007,436.7784,6/28/21,p,2021,05/14/2021 00:55 CDT,97960,18.16,76.21,1.765,8.315,0.01,103084.98
TWB14,Uvalde_2020_02,29.60214,-99.73007,436.7784,6/28/21,p,2021,05/14/2021 01:00 CDT,97959,18.08,76.28,1.55,8.315,0,103085.91
TWB14,Uvalde_2020_02,29.60214,-99.73007,436.7784,6/28/21,p,2021,05/14/2021 01:05 CDT,97948,18.04,75.95,1.765,8.315,0,103074.87
TWB14,Uvalde_2020_02,29.60214,-99.73007,436.7784,6/28/21,p,2021,05/14/2021 01:10 CDT,97942,17.94,76.76,1.3,8.315,0,103069.82
TWB14,Uvalde_2020_02,29.60214,-99.73007,436.7784,6/28/21,p,2021,05/14/2021 01:15 CDT,97935,17.8,76.86,1.13,8.315,0,103065.15
TWB14,Uvalde_2020_02,29.60214,-99.73007,436.7784,6/28/21,p,2021,05/14/2021 01:20 CDT,97925,17.73,77.1,1.005,8.315,0,103055.89
TWB14,Uvalde_2020_02,29.60214,-99.73007,436.7784,6/28/21,p,2021,05/14/2021 01:25 CDT,97923,17.63,77.5,0.7,8.315,0,103055.41
TWB14,Uvalde_2020_02,29.60214,-99.73007,436.7784,6/28/21,p,2021,05/14/2021 01:30 CDT,97921,17.55,77.57,0.75,8.315,0.07,103055.47
TWB14,Uvalde_2020_02,29.60214,-99.73007,436.7784,6/28/21,p,2021,05/14/2021 01:35 CDT,97918,17.5,77.91,0.85,8.315,0,103053.21
TWB14,Uvalde_2020_02,29.60214,-99.73007,436.7784,6/28/21,p,2021,05/14/2021 01:40 CDT,97910,17.42,78.65,0.77,8.315,0,103046.78
TWB14,Uvalde_2020_02,29.60214,-99.73007,436.7784,6/28/21,p,2021,05/14/2021 01:45 CDT,97911,17.3,78.51,1.055,8.315,0,103050.36
TWB14,Uvalde_2020_02,29.60214,-99.73007,436.7784,6/28/21,p,2021,05/14/2021 01:50 CDT,97904,17.34,78.61,1.21,8.315,0,103043
TWB14,Uvalde_2020_02,29.60214,-99.73007,436.7784,6/28/21,p,2021,05/14/2021 01:55 CDT,97891,17.36,78.92,0.855,8.315,0,103028.23
TWB14,Uvalde_2020_02,29.60214,-99.73007,436.7784,6/28/21,p,2021,05/14/2021 02:00 CDT,97883,17.29,79.49,0.965,8.315,0,103020.89
TWB14,Uvalde_2020_02,29.60214,-99.73007,436.7784,6/28/21,p,2021,05/14/2021 02:05 CDT,97882,17.29,79.46,1.36,8.315,0,103020.02
TWB14,Uvalde_2020_02,29.60214,-99.73007,436.7784,6/28/21,p,2021,05/14/2021 02:10 CDT,97884,17.26,79.56,0.95,8.315,0,103022.12
TWB14,Uvalde_2020_02,29.60214,-99.73007,436.7784,6/28/21,p,2021,05/14/2021 02:15 CDT,97880,17.21,79.8,0.85,8.315,0,103018.09
TWB14,Uvalde_2020_02,29.60214,-99.73007,436.7784,6/28/21,p,2021,05/14/2021 02:20 CDT,97877,17.16,80,1.035,8.315,0,103016.56
TWB14,Uvalde_2020_02,29.60214,-99.73007,436.7784,6/28/21,p,2021,05/14/2021 02:25 CDT,97878,17.12,80.9,0.47,8.315,0,103018.34
TWB14,Uvalde_2020_02,29.60214,-99.73007,436.7784,6/28/21,p,2021,05/14/2021 02:30 CDT,97883,16.88,81.6,0.77,8.315,0,103026.31
TWB14,Uvalde_2020_02,29.60214,-99.73007,436.7784,6/28/21,p,2021,05/14/2021 02:35 CDT,97883,16.61,82.3,0.245,8.315,0.19,103030.67
TWB14,Uvalde_2020_02,29.60214,-99.73007,436.7784,6/28/21,p,2021,05/14/2021 02:40 CDT,97883,16.43,83.1,0.09,8.315,0.37,103033.39
TWB14,Uvalde_2020_02,29.60214,-99.73007,436.7784,6/28/21,p,2021,05/14/2021 02:45 CDT,97877,16.32,84.2,0.46,8.315,0,103029.61
TWB14,Uvalde_2020_02,29.60214,-99.73007,436.7784,6/28/21,p,2021,05/14/2021 02:50 CDT,97877,16.24,84.9,0.275,8.315,0,103031.25
TWB14,Uvalde_2020_02,29.60214,-99.73007,436.7784,6/28/21,p,2021,05/14/2021 02:55 CDT,97880,16.27,85.4,0.105,8.315,0,103034.77
TWB14,Uvalde_2020_02,29.60214,-99.73007,436.7784,6/28/21,p,2021,05/14/2021 03:00 CDT,97877,16.37,85.7,0.215,8.315,0,103031.06
TWB14,Uvalde_2020_02,29.60214,-99.73007,436.7784,6/28/21,p,2021,05/14/2021 03:05 CDT,97874,16.49,84.9,0.55,8.315,0,103026.45
TWB14,Uvalde_2020_02,29.60214,-99.73007,436.7784,6/28/21,p,2021,05/14/2021 03:10 CDT,97867,16.65,84.1,0.47,8.315,0,103017.09
TWB14,Uvalde_2020_02,29.60214,-99.73007,436.7784,6/28/21,p,2021,05/14/2021 03:15 CDT,97862,16.94,82.6,0.875,8.315,0,103008.01
TWB14,Uvalde_2020_02,29.60214,-99.73007,436.7784,6/28/21,p,2021,05/14/2021 03:20 CDT,97859,17.07,82.3,0.45,8.315,0,103001.41
TWB14,Uvalde_2020_02,29.60214,-99.73007,436.7784,6/28/21,p,2021,05/14/2021 03:25 CDT,97857,17.17,81.3,0.62,8.315,0,102996.95
TWB14,Uvalde_2020_02,29.60214,-99.73007,436.7784,6/28/21,p,2021,05/14/2021 03:30 CDT,97860,17.24,81.4,0.66,8.315,0,102998.3
TWB14,Uvalde_2020_02,29.60214,-99.73007,436.7784,6/28/21,p,2021,05/14/2021 03:35 CDT,97860,17.25,81.1,0.71,8.315,0,102997.03
TWB14,Uvalde_2020_02,29.60214,-99.73007,436.7784,6/28/21,p,2021,05/14/2021 03:40 CDT,97862,17.23,80.6,0.465,8.315,0,102998.78
TWB14,Uvalde_2020_02,29.60214,-99.73007,436.7784,6/28/21,p,2021,05/14/2021 03:45 CDT,97862,17.24,81.2,0.395,8.315,0,102998.05
TWB14,Uvalde_2020_02,29.60214,-99.73007,436.7784,6/28/21,p,2021,05/14/2021 03:50 CDT,97857,17.25,81.3,0.75,8.315,0,102992.43
TWB14,Uvalde_2020_02,29.60214,-99.73007,436.7784,6/28/21,p,2021,05/14/2021 03:55 CDT,97846,17.28,81.2,0.5,8.315,0,102980.67
TWB14,Uvalde_2020_02,29.60214,-99.73007,436.7784,6/28/21,p,2021,05/14/2021 04:00 CDT,97836,17.41,80.3,0.705,8.315,0,102969.43
TWB14,Uvalde_2020_02,29.60214,-99.73007,436.7784,6/28/21,p,2021,05/14/2021 04:05 CDT,97833,17.53,78.65,1.005,8.315,0,102964.83
TWB14,Uvalde_2020_02,29.60214,-99.73007,436.7784,6/28/21,p,2021,05/14/2021 04:10 CDT,97831,17.59,78.92,0.815,8.315,0,102961.28
TWB14,Uvalde_2020_02,29.60214,-99.73007,436.7784,6/28/21,p,2021,05/14/2021 04:15 CDT,97830,17.59,78.11,0.95,8.315,0,102960.24
TWB14,Uvalde_2020_02,29.60214,-99.73007,436.7784,6/28/21,p,2021,05/14/2021 04:20 CDT,97820,17.56,78.31,1.045,8.315,0.01,102949.89
TWB14,Uvalde_2020_02,29.60214,-99.73007,436.7784,6/28/21,p,2021,05/14/2021 04:25 CDT,97815,17.54,78.01,1.16,8.315,0,102944.99
TWB14,Uvalde_2020_02,29.60214,-99.73007,436.7784,6/28/21,p,2021,05/14/2021 04:30 CDT,97816,17.53,78.18,1.1,8.315,0,102945.86
TWB14,Uvalde_2020_02,29.60214,-99.73007,436.7784,6/28/21,p,2021,05/14/2021 04:35 CDT,97815,17.51,77.97,1.12,8.315,0,102945.17
TWB14,Uvalde_2020_02,29.60214,-99.73007,436.7784,6/28/21,p,2021,05/14/2021 04:40 CDT,97806,17.53,77.77,1.125,8.315,0,102935.52
TWB14,Uvalde_2020_02,29.60214,-99.73007,436.7784,6/28/21,p,2021,05/14/2021 04:45 CDT,97801,17.54,77.54,1.2,8.315,0,102929.9
TWB14,Uvalde_2020_02,29.60214,-99.73007,436.7784,6/28/21,p,2021,05/14/2021 04:50 CDT,97803,17.57,77,1.24,8.315,0,102931.64
TWB14,Uvalde_2020_02,29.60214,-99.73007,436.7784,6/28/21,p,2021,05/14/2021 04:55 CDT,97803,17.62,77.03,0.81,8.315,0,102930.2
TWB14,Uvalde_2020_02,29.60214,-99.73007,436.7784,6/28/21,p,2021,05/14/2021 05:00 CDT,97803,17.6,77.5,0.67,8.315,0,102930.02
TWB14,Uvalde_2020_02,29.60214,-99.73007,436.7784,6/28/21,p,2021,05/14/2021 05:05 CDT,97802,17.58,77.43,0.71,8.315,0,102929.51
TWB14,Uvalde_2020_02,29.60214,-99.73007,436.7784,6/28/21,p,2021,05/14/2021 05:10 CDT,97802,17.62,77.16,0.885,8.315,0,102928.97
TWB14,Uvalde_2020_02,29.60214,-99.73007,436.7784,6/28/21,p,2021,05/14/2021 05:15 CDT,97803,17.67,76.69,0.87,8.315,0,102929.3
TWB14,Uvalde_2020_02,29.60214,-99.73007,436.7784,6/28/21,p,2021,05/14/2021 05:20 CDT,97803,17.7,76.63,0.9,8.315,0,102928.4
TWB14,Uvalde_2020_02,29.60214,-99.73007,436.7784,6/28/21,p,2021,05/14/2021 05:25 CDT,97802,17.75,76.56,0.975,8.315,0,102926.63
TWB14,Uvalde_2020_02,29.60214,-99.73007,436.7784,6/28/21,p,2021,05/14/2021 05:30 CDT,97800,17.78,75.75,1.71,8.315,0,102923.99
TWB14,Uvalde_2020_02,29.60214,-99.73007,436.7784,6/28/21,p,2021,05/14/2021 05:35 CDT,97802,17.79,75.78,1.495,8.315,0,102925.91
TWB14,Uvalde_2020_02,29.60214,-99.73007,436.7784,6/28/21,p,2021,05/14/2021 05:40 CDT,97802,17.85,75.48,1.63,8.315,0,102924.83
TWB14,Uvalde_2020_02,29.60214,-99.73007,436.7784,6/28/21,p,2021,05/14/2021 05:45 CDT,97804,17.87,75.58,1.275,8.315,0,102925.68
TWB14,Uvalde_2020_02,29.60214,-99.73007,436.7784,6/28/21,p,2021,05/14/2021 05:50 CDT,97806,17.89,75.14,1.835,8.315,0,102927.6
TWB14,Uvalde_2020_02,29.60214,-99.73007,436.7784,6/28/21,p,2021,05/14/2021 05:55 CDT,97804,17.93,74.94,1.615,8.315,0,102924.42
TWB14,Uvalde_2020_02,29.60214,-99.73007,436.7784,6/28/21,p,2021,05/14/2021 06:00 CDT,97805,17.94,75.14,1.465,8.315,0,102925.29
TWB14,Uvalde_2020_02,29.60214,-99.73007,436.7784,6/28/21,p,2021,05/14/2021 06:05 CDT,97803,17.95,75.27,1.33,8.315,0,102922.47
TWB14,Uvalde_2020_02,29.60214,-99.73007,436.7784,6/28/21,p,2021,05/14/2021 06:10 CDT,97804,17.92,75.38,1.585,8.315,0,102924.24
TWB14,Uvalde_2020_02,29.60214,-99.73007,436.7784,6/28/21,p,2021,05/14/2021 06:15 CDT,97804,17.91,75.68,1.235,8.315,0,102924.24
TWB14,Uvalde_2020_02,29.60214,-99.73007,436.7784,6/28/21,p,2021,05/14/2021 06:20 CDT,97802,17.92,75.41,1.675,8.315,0,102922.31
TWB14,Uvalde_2020_02,29.60214,-99.73007,436.7784,6/28/21,p,2021,05/14/2021 06:25 CDT,97802,17.96,75.54,1.64,8.315,0,102921.59
TWB14,Uvalde_2020_02,29.60214,-99.73007,436.7784,6/28/21,p,2021,05/14/2021 06:30 CDT,97802,17.98,75.61,2.295,8.315,0,102921.41
TWB14,Uvalde_2020_02,29.60214,-99.73007,436.7784,6/28/21,p,2021,05/14/2021 06:35 CDT,97801,17.99,76.22,1.77,8.315,0,102920.18
TWB14,Uvalde_2020_02,29.60214,-99.73007,436.7784,6/28/21,p,2021,05/14/2021 06:40 CDT,97802,17.97,76.39,1.605,8.315,0,102921.23
TWB14,Uvalde_2020_02,29.60214,-99.73007,436.7784,6/28/21,p,2021,05/14/2021 06:45 CDT,97802,17.98,76.49,1.795,8.315,0.35,102921.23
TWB14,Uvalde_2020_02,29.60214,-99.73007,436.7784,6/28/21,p,2021,05/14/2021 06:50 CDT,97811,17.98,77.03,1.545,8.315,0.83,102930.7
TWB14,Uvalde_2020_02,29.60214,-99.73007,436.7784,6/28/21,p,2021,05/14/2021 06:55 CDT,97823,17.99,77.16,1.535,8.315,1.27,102943.32
TWB14,Uvalde_2020_02,29.60214,-99.73007,436.7784,6/28/21,p,2021,05/14/2021 07:00 CDT,97823,18.01,77.57,1.54,8.315,2.58,102942.96
TWB14,Uvalde_2020_02,29.60214,-99.73007,436.7784,6/28/21,p,2021,05/14/2021 07:05 CDT,97819,18.02,77.43,2.005,8.315,4.41,102938.57
TWB14,Uvalde_2020_02,29.60214,-99.73007,436.7784,6/28/21,p,2021,05/14/2021 07:10 CDT,97817,18.04,77.77,1.66,8.315,7.94,102935.93
TWB14,Uvalde_2020_02,29.60214,-99.73007,436.7784,6/28/21,p,2021,05/14/2021 07:15 CDT,97816,18.06,77.7,1.94,8.315,14.46,102934.69
TWB14,Uvalde_2020_02,29.60214,-99.73007,436.7784,6/28/21,p,2021,05/14/2021 07:20 CDT,97819,18.06,78.14,1.605,8.315,21.55,102937.85
TWB14,Uvalde_2020_02,29.60214,-99.73007,436.7784,6/28/21,p,2021,05/14/2021 07:25 CDT,97825,18.08,78.04,1.76,8.315,26.99,102943.8
TWB14,Uvalde_2020_02,29.60214,-99.73007,436.7784,6/28/21,p,2021,05/14/2021 07:30 CDT,97828,18.12,78.24,1.295,8.315,24.73,102945.88
TWB14,Uvalde_2020_02,29.60214,-99.73007,436.7784,6/28/21,p,2021,05/14/2021 07:35 CDT,97828,18.17,77.94,1.405,8.315,31.7,102944.81
TWB14,Uvalde_2020_02,29.60214,-99.73007,436.7784,6/28/21,p,2021,05/14/2021 07:40 CDT,97829,18.2,77.84,1.67,8.315,39.56,102945.14
TWB14,Uvalde_2020_02,29.60214,-99.73007,436.7784,6/28/21,p,2021,05/14/2021 07:45 CDT,97829,18.23,78.11,1.795,8.315,45.29,102944.78
TWB14,Uvalde_2020_02,29.60214,-99.73007,436.7784,6/28/21,p,2021,05/14/2021 07:50 CDT,97830,18.25,77.9,2.175,8.315,43.83,102945.65
TWB14,Uvalde_2020_02,29.60214,-99.73007,436.7784,6/28/21,p,2021,05/14/2021 07:55 CDT,97830,18.29,77.97,1.48,8.315,53.72,102944.94
TWB14,Uvalde_2020_02,29.60214,-99.73007,436.7784,6/28/21,p,2021,05/14/2021 08:00 CDT,97836,18.33,77.84,2.14,8.315,85.58,102950.35
TWB14,Uvalde_2020_02,29.60214,-99.73007,436.7784,6/28/21,p,2021,05/14/2021 08:05 CDT,97837,18.41,77.57,2.385,8.315,89.88,102949.97
TWB14,Uvalde_2020_02,29.60214,-99.73007,436.7784,6/28/21,p,2021,05/14/2021 08:10 CDT,97842,18.48,76.69,2.145,8.315,87.58,102953.8
TWB14,Uvalde_2020_02,29.60214,-99.73007,436.7784,6/28/21,p,2021,05/14/2021 08:15 CDT,97844,18.48,76.78,2.42,8.315,100.61,102955.91
TWB14,Uvalde_2020_02,29.60214,-99.73007,436.7784,6/28/21,p,2021,05/14/2021 08:20 CDT,97850,18.54,77.02,2.18,8.315,117.04,102961.32
TWB14,Uvalde_2020_02,29.60214,-99.73007,436.7784,6/28/21,p,2021,05/14/2021 08:25 CDT,97850,18.68,76.21,2.165,8.315,143.69,102958.82
TWB14,Uvalde_2020_02,29.60214,-99.73007,436.7784,6/28/21,p,2021,05/14/2021 08:30 CDT,97855,18.81,75.9,1.54,8.315,149.37,102961.76
TWB14,Uvalde_2020_02,29.60214,-99.73007,436.7784,6/28/21,p,2021,05/14/2021 08:35 CDT,97855,18.9,75.46,2.59,8.315,159.11,102958.72
TWB14,Uvalde_2020_02,29.60214,-99.73007,436.7784,6/28/21,p,2021,05/14/2021 08:40 CDT,97861,18.88,76.88,1.95,8.315,79.28,102964.49
TWB14,Uvalde_2020_02,29.60214,-99.73007,436.7784,6/28/21,p,2021,05/14/2021 08:45 CDT,97869,18.87,76.33,2.015,8.315,99.06,102973.98
TWB14,Uvalde_2020_02,29.60214,-99.73007,436.7784,6/28/21,p,2021,05/14/2021 08:50 CDT,97872,18.94,75.32,1.865,8.315,135.45,102976.25
TWB14,Uvalde_2020_02,29.60214,-99.73007,436.7784,6/28/21,p,2021,05/14/2021 08:55 CDT,97871,19.12,75.65,1.61,8.315,194.76,102972.88
TWB14,Uvalde_2020_02,29.60214,-99.73007,436.7784,6/28/21,p,2021,05/14/2021 09:00 CDT,97873,19.27,76.29,1.885,8.315,176.16,102971.05
TWB14,Uvalde_2020_02,29.60214,-99.73007,436.7784,6/28/21,p,2021,05/14/2021 09:05 CDT,97875,19.42,74.64,2.31,8.315,117.53,102969.78
TWB14,Uvalde_2020_02,29.60214,-99.73007,436.7784,6/28/21,p,2021,05/14/2021 09:10 CDT,97879,19.29,75.18,2.555,8.315,75.74,102975.23
TWB14,Uvalde_2020_02,29.60214,-99.73007,436.7784,6/28/21,p,2021,05/14/2021 09:15 CDT,97871,19.16,75.92,2.125,8.315,55.78,102969.84
TWB14,Uvalde_2020_02,29.60214,-99.73007,436.7784,6/28/21,p,2021,05/14/2021 09:20 CDT,97871,19.16,75.32,2.135,8.315,120.64,102970.91
TWB14,Uvalde_2020_02,29.60214,-99.73007,436.7784,6/28/21,p,2021,05/14/2021 09:25 CDT,97874,19.31,75.79,1.91,8.315,114.59,102972.11
TWB14,Uvalde_2020_02,29.60214,-99.73007,436.7784,6/28/21,p,2021,05/14/2021 09:30 CDT,97883,19.38,76.32,2.26,8.315,104.58,102979.61
TWB14,Uvalde_2020_02,29.60214,-99.73007,436.7784,6/28/21,p,2021,05/14/2021 09:35 CDT,97889,19.44,75.38,1.82,8.315,84.04,102985.04
TWB14,Uvalde_2020_02,29.60214,-99.73007,436.7784,6/28/21,p,2021,05/14/2021 09:40 CDT,97890,19.43,75.38,2.055,8.315,54.92,102985.56
TWB14,Uvalde_2020_02,29.60214,-99.73007,436.7784,6/28/21,p,2021,05/14/2021 09:45 CDT,97882,19.39,76.59,1.565,8.315,42.52,102978.56
TWB14,Uvalde_2020_02,29.60214,-99.73007,436.7784,6/28/21,p,2021,05/14/2021 09:50 CDT,97891,19.4,76.05,1.92,8.315,88.07,102988.21
TWB14,Uvalde_2020_02,29.60214,-99.73007,436.7784,6/28/21,p,2021,05/14/2021 09:55 CDT,97890,19.45,76.62,1.985,8.315,123.21,102986.62
TWB14,Uvalde_2020_02,29.60214,-99.73007,436.7784,6/28/21,p,2021,05/14/2021 10:00 CDT,97890,19.68,74.73,1.275,8.315,132.6,102982.89
TWB14,Uvalde_2020_02,29.60214,-99.73007,436.7784,6/28/21,p,2021,05/14/2021 10:05 CDT,97887,19.8,74.7,1.92,8.315,144.56,102976.89
TWB14,Uvalde_2020_02,29.60214,-99.73007,436.7784,6/28/21,p,2021,05/14/2021 10:10 CDT,97870,19.82,75.44,1.945,8.315,178.28,102957.76
TWB14,Uvalde_2020_02,29.60214,-99.73007,436.7784,6/28/21,p,2021,05/14/2021 10:15 CDT,97865,19.93,73.89,2.39,8.315,202.31,102950.03
TWB14,Uvalde_2020_02,29.60214,-99.73007,436.7784,6/28/21,p,2021,05/14/2021 10:20 CDT,97865,20.03,74.02,2.285,8.315,206.74,102948.25
TWB14,Uvalde_2020_02,29.60214,-99.73007,436.7784,6/28/21,p,2021,05/14/2021 10:25 CDT,97864,20.22,73.96,2.2,8.315,182.32,102944.55
TWB14,Uvalde_2020_02,29.60214,-99.73007,436.7784,6/28/21,p,2021,05/14/2021 10:30 CDT,97864,20.25,73.62,2.33,8.315,170.59,102942.96
TWB14,Uvalde_2020_02,29.60214,-99.73007,436.7784,6/28/21,p,2021,05/14/2021 10:35 CDT,97864,20.33,73.62,1.68,8.315,183.3,102942.6
TWB14,Uvalde_2020_02,29.60214,-99.73007,436.7784,6/28/21,p,2021,05/14/2021 10:40 CDT,97864,20.49,72.27,2.315,8.315,205.98,102939.96
TWB14,Uvalde_2020_02,29.60214,-99.73007,436.7784,6/28/21,p,2021,05/14/2021 10:45 CDT,97862,20.56,73.41,2.155,8.315,209.79,102935.9
TWB14,Uvalde_2020_02,29.60214,-99.73007,436.7784,6/28/21,p,2021,05/14/2021 10:50 CDT,97861,20.74,71.99,1.6,8.315,175.29,102931.33
TWB14,Uvalde_2020_02,29.60214,-99.73007,436.7784,6/28/21,p,2021,05/14/2021 10:55 CDT,97859,20.86,72.33,1.335,8.315,169.06,102927.64
TWB14,Uvalde_2020_02,29.60214,-99.73007,436.7784,6/28/21,p,2021,05/14/2021 11:00 CDT,97859,20.92,71.58,1.985,8.315,200.07,102925.88
TWB14,Uvalde_2020_02,29.60214,-99.73007,436.7784,6/28/21,p,2021,05/14/2021 11:05 CDT,97858,20.95,70.64,2.335,8.315,152.21,102923.96
TWB14,Uvalde_2020_02,29.60214,-99.73007,436.7784,6/28/21,p,2021,05/14/2021 11:10 CDT,97858,20.93,70.84,2.135,8.315,147.8,102925.72
TWB14,Uvalde_2020_02,29.60214,-99.73007,436.7784,6/28/21,p,2021,05/14/2021 11:15 CDT,97859,20.96,70.57,2.4,8.315,119.7,102925.71
TWB14,Uvalde_2020_02,29.60214,-99.73007,436.7784,6/28/21,p,2021,05/14/2021 11:20 CDT,97858,20.76,71.45,2.505,8.315,133.53,102927.48
TWB14,Uvalde_2020_02,29.60214,-99.73007,436.7784,6/28/21,p,2021,05/14/2021 11:25 CDT,97858,20.86,71.58,1.98,8.315,148.15,102927.3
TWB14,Uvalde_2020_02,29.60214,-99.73007,436.7784,6/28/21,p,2021,05/14/2021 11:30 CDT,97857,20.97,73.61,1.81,8.315,210.23,102923.94
TWB14,Uvalde_2020_02,29.60214,-99.73007,436.7784,6/28/21,p,2021,05/14/2021 11:35 CDT,97845,21.22,71.04,2.405,8.315,180.63,102907.47
TWB14,Uvalde_2020_02,29.60214,-99.73007,436.7784,6/28/21,p,2021,05/14/2021 11:40 CDT,97838,21.14,72.12,1.66,8.315,150.86,102900.27
TWB14,Uvalde_2020_02,29.60214,-99.73007,436.7784,6/28/21,p,2021,05/14/2021 11:45 CDT,97842,21.13,71.58,2.31,8.315,213.57,102904.84
TWB14,Uvalde_2020_02,29.60214,-99.73007,436.7784,6/28/21,p,2021,05/14/2021 11:50 CDT,97841,21.24,69.9,1.93,8.315,379.09,102902.57
TWB14,Uvalde_2020_02,29.60214,-99.73007,436.7784,6/28/21,p,2021,05/14/2021 11:55 CDT,97838,21.42,69.42,2.805,8.315,434.89,102895.2
TWB14,Uvalde_2020_02,29.60214,-99.73007,436.7784,6/28/21,p,2021,05/14/2021 12:00 CDT,97830,21.65,71.04,2.63,8.315,370.07,102882.74
TWB14,Uvalde_2020_02,29.60214,-99.73007,436.7784,6/28/21,p,2021,05/14/2021 12:05 CDT,97821,21.51,71.75,2.085,8.315,246.31,102873.62
TWB14,Uvalde_2020_02,29.60214,-99.73007,436.7784,6/28/21,p,2021,05/14/2021 12:10 CDT,97821,21.45,71.45,1.77,8.315,177.32,102875.9
TWB14,Uvalde_2020_02,29.60214,-99.73007,436.7784,6/28/21,p,2021,05/14/2021 12:15 CDT,97818,21.51,71.65,2.06,8.315,170.23,102872.4
TWB14,Uvalde_2020_02,29.60214,-99.73007,436.7784,6/28/21,p,2021,05/14/2021 12:20 CDT,97809,21.69,70.33,2.27,8.315,524.83,102860.14
TWB14,Uvalde_2020_02,29.60214,-99.73007,436.7784,6/28/21,p,2021,05/14/2021 12:25 CDT,97805,22.32,67.6,2.25,8.315,507.53,102845.29
TWB14,Uvalde_2020_02,29.60214,-99.73007,436.7784,6/28/21,p,2021,05/14/2021 12:30 CDT,97800,22.36,68.43,2.33,8.315,342.78,102836.54
TWB14,Uvalde_2020_02,29.60214,-99.73007,436.7784,6/28/21,p,2021,05/14/2021 12:35 CDT,97795,22.31,70.75,1.72,8.315,361.34,102831.62
TWB14,Uvalde_2020_02,29.60214,-99.73007,436.7784,6/28/21,p,2021,05/14/2021 12:40 CDT,97793,22.55,68.8,2.005,8.315,242.63,102826.57
TWB14,Uvalde_2020_02,29.60214,-99.73007,436.7784,6/28/21,p,2021,05/14/2021 12:45 CDT,97793,22.39,69.03,1.865,8.315,303.22,102828.48
TWB14,Uvalde_2020_02,29.60214,-99.73007,436.7784,6/28/21,p,2021,05/14/2021 12:50 CDT,97792,22.4,68.53,2.59,8.315,265.88,102826.74
TWB14,Uvalde_2020_02,29.60214,-99.73007,436.7784,6/28/21,p,2021,05/14/2021 12:55 CDT,97792,22.4,67.62,2,8.315,323.77,102828.83
TWB14,Uvalde_2020_02,29.60214,-99.73007,436.7784,6/28/21,p,2021,05/14/2021 13:00 CDT,97792,22.63,68.9,2.29,8.315,227.07,102824.65
TWB14,Uvalde_2020_02,29.60214,-99.73007,436.7784,6/28/21,p,2021,05/14/2021 13:05 CDT,97789,22.41,70.08,1.765,8.315,361,102824.27
TWB14,Uvalde_2020_02,29.60214,-99.73007,436.7784,6/28/21,p,2021,05/14/2021 13:10 CDT,97784,22.69,68.86,2.22,8.315,279.85,102815.54
TWB14,Uvalde_2020_02,29.60214,-99.73007,436.7784,6/28/21,p,2021,05/14/2021 13:15 CDT,97772,22.88,66.87,2.42,8.315,510.7,102799.47
TWB14,Uvalde_2020_02,29.60214,-99.73007,436.7784,6/28/21,p,2021,05/14/2021 13:20 CDT,97762,22.95,66.84,1.73,8.315,297.72,102787.39
TWB14,Uvalde_2020_02,29.60214,-99.73007,436.7784,6/28/21,p,2021,05/14/2021 13:25 CDT,97760,23.03,65.22,1.925,8.315,177.4,102783.57
TWB14,Uvalde_2020_02,29.60214,-99.73007,436.7784,6/28/21,p,2021,05/14/2021 13:30 CDT,97755,22.83,65.08,2.43,8.315,202.78,102781.08
TWB14,Uvalde_2020_02,29.60214,-99.73007,436.7784,6/28/21,p,2021,05/14/2021 13:35 CDT,97740,23.08,66.49,1.795,8.315,485.75,102763.05
TWB14,Uvalde_2020_02,29.60214,-99.73007,436.7784,6/28/21,p,2021,05/14/2021 13:40 CDT,97731,23.64,65.01,1.855,8.315,749.52,102743.22
TWB14,Uvalde_2020_02,29.60214,-99.73007,436.7784,6/28/21,p,2021,05/14/2021 13:45 CDT,97723,24.14,60.77,1.44,8.315,387.06,102725.89
TWB14,Uvalde_2020_02,29.60214,-99.73007,436.7784,6/28/21,p,2021,05/14/2021 13:50 CDT,97719,24.06,60.77,2.12,8.315,230.47,102721.51
TWB14,Uvalde_2020_02,29.60214,-99.73007,436.7784,6/28/21,p,2021,05/14/2021 13:55 CDT,97714,23.76,62.45,2.21,8.315,255.89,102720.03
TWB14,Uvalde_2020_02,29.60214,-99.73007,436.7784,6/28/21,p,2021,05/14/2021 14:00 CDT,97706,23.77,60.9,2.875,8.315,310.58,102713.01
TWB14,Uvalde_2020_02,29.60214,-99.73007,436.7784,6/28/21,p,2021,05/14/2021 14:05 CDT,97703,23.96,62.28,1.98,8.315,485.77,102709.16
TWB14,Uvalde_2020_02,29.60214,-99.73007,436.7784,6/28/21,p,2021,05/14/2021 14:10 CDT,97692,24.35,60.62,1.775,8.315,350.54,102690.9
TWB14,Uvalde_2020_02,29.60214,-99.73007,436.7784,6/28/21,p,2021,05/14/2021 14:15 CDT,97687,24.22,61.87,2.285,8.315,222.53,102684.78
TWB14,Uvalde_2020_02,29.60214,-99.73007,436.7784,6/28/21,p,2021,05/14/2021 14:20 CDT,97689,23.99,61.13,2.88,8.315,251.9,102691.52
TWB14,Uvalde_2020_02,29.60214,-99.73007,436.7784,6/28/21,p,2021,05/14/2021 14:25 CDT,97685,23.92,61.93,2.51,8.315,285.7,102689.89
TWB14,Uvalde_2020_02,29.60214,-99.73007,436.7784,6/28/21,p,2021,05/14/2021 14:30 CDT,97675,24.21,59.14,2.075,8.315,772.32,102675.62
TWB14,Uvalde_2020_02,29.60214,-99.73007,436.7784,6/28/21,p,2021,05/14/2021 14:35 CDT,97662,24.82,59.27,1.915,8.315,553.33,102651.83
TWB14,Uvalde_2020_02,29.60214,-99.73007,436.7784,6/28/21,p,2021,05/14/2021 14:40 CDT,97658,24.75,59.44,2.23,8.315,581.16,102646.26
TWB14,Uvalde_2020_02,29.60214,-99.73007,436.7784,6/28/21,p,2021,05/14/2021 14:45 CDT,97658,24.85,60.11,2.89,8.315,431.22,102642.49
TWB14,Uvalde_2020_02,29.60214,-99.73007,436.7784,6/28/21,p,2021,05/14/2021 14:50 CDT,97648,24.82,57.15,1.605,8.315,251.64,102633.2
TWB14,Uvalde_2020_02,29.60214,-99.73007,436.7784,6/28/21,p,2021,05/14/2021 14:55 CDT,97644,24.63,60.05,2.685,8.315,194.65,102632.39
TWB14,Uvalde_2020_02,29.60214,-99.73007,436.7784,6/28/21,p,2021,05/14/2021 15:00 CDT,97643,24.46,60.82,2.475,8.315,216.55,102635.27
TWB14,Uvalde_2020_02,29.60214,-99.73007,436.7784,6/28/21,p,2021,05/14/2021 15:05 CDT,97634,24.43,61.43,2.485,8.315,328.69,102627.01
TWB14,Uvalde_2020_02,29.60214,-99.73007,436.7784,6/28/21,p,2021,05/14/2021 15:10 CDT,97624,24.73,59.78,1.86,8.315,391.58,102613.43
TWB14,Uvalde_2020_02,29.60214,-99.73007,436.7784,6/28/21,p,2021,05/14/2021 15:15 CDT,97618,25.06,56.85,1.435,8.315,349.16,102600.99
TWB14,Uvalde_2020_02,29.60214,-99.73007,436.7784,6/28/21,p,2021,05/14/2021 15:20 CDT,97618,25,58.43,1.975,8.315,187.29,102599.78
TWB14,Uvalde_2020_02,29.60214,-99.73007,436.7784,6/28/21,p,2021,05/14/2021 15:25 CDT,97615,24.75,58.13,2.49,8.315,130.71,102601.07
TWB14,Uvalde_2020_02,29.60214,-99.73007,436.7784,6/28/21,p,2021,05/14/2021 15:30 CDT,97607,24.65,58.67,2.8,8.315,166.54,102595.4
TWB14,Uvalde_2020_02,29.60214,-99.73007,436.7784,6/28/21,p,2021,05/14/2021 15:35 CDT,97592,24.63,60.38,2.02,8.315,213.76,102581.67
TWB14,Uvalde_2020_02,29.60214,-99.73007,436.7784,6/28/21,p,2021,05/14/2021 15:40 CDT,97588,24.81,58.87,1.99,8.315,305.14,102574.74
TWB14,Uvalde_2020_02,29.60214,-99.73007,436.7784,6/28/21,p,2021,05/14/2021 15:45 CDT,97579,24.98,57.05,2.685,8.315,189.5,102561.37
TWB14,Uvalde_2020_02,29.60214,-99.73007,436.7784,6/28/21,p,2021,05/14/2021 15:50 CDT,97575,24.69,58.46,2.83,8.315,132.49,102561.25
TWB14,Uvalde_2020_02,29.60214,-99.73007,436.7784,6/28/21,p,2021,05/14/2021 15:55 CDT,97572,24.52,59.34,3.01,8.315,145.68,102561.86
TWB14,Uvalde_2020_02,29.60214,-99.73007,436.7784,6/28/21,p,2021,05/14/2021 16:00 CDT,97566,24.46,58.4,2.505,8.315,150.94,102557.27
TWB14,Uvalde_2020_02,29.60214,-99.73007,436.7784,6/28/21,p,2021,05/14/2021 16:05 CDT,97563,24.48,59.68,2.38,8.315,144.44,102553.93
TWB14,Uvalde_2020_02,29.60214,-99.73007,436.7784,6/28/21,p,2021,05/14/2021 16:10 CDT,97555,24.53,60.05,1.63,8.315,94.15,102545.01
TWB14,Uvalde_2020_02,29.60214,-99.73007,436.7784,6/28/21,p,2021,05/14/2021 16:15 CDT,97544,24.48,60.05,1.65,8.315,72.69,102533.96
TWB14,Uvalde_2020_02,29.60214,-99.73007,436.7784,6/28/21,p,2021,05/14/2021 16:20 CDT,97536,24.47,60.01,1.665,8.315,93.99,102526.06
TWB14,Uvalde_2020_02,29.60214,-99.73007,436.7784,6/28/21,p,2021,05/14/2021 16:25 CDT,97523,24.5,59.24,1.93,8.315,118.67,102512.06
TWB14,Uvalde_2020_02,29.60214,-99.73007,436.7784,6/28/21,p,2021,05/14/2021 16:30 CDT,97512,24.55,58.5,2.255,8.315,93.8,102499.82
TWB14,Uvalde_2020_02,29.60214,-99.73007,436.7784,6/28/21,p,2021,05/14/2021 16:35 CDT,97510,24.5,60.69,2.21,8.315,71.77,102498.21
TWB14,Uvalde_2020_02,29.60214,-99.73007,436.7784,6/28/21,p,2021,05/14/2021 16:40 CDT,97511,24.4,59.54,2.83,8.315,105.03,102500.99
TWB14,Uvalde_2020_02,29.60214,-99.73007,436.7784,6/28/21,p,2021,05/14/2021 16:45 CDT,97508,24.38,59.55,2.73,8.315,125.43,102498.86
TWB14,Uvalde_2020_02,29.60214,-99.73007,436.7784,6/28/21,p,2021,05/14/2021 16:50 CDT,97499,24.43,60.16,2.27,8.315,124.86,102488.54
TWB14,Uvalde_2020_02,29.60214,-99.73007,436.7784,6/28/21,p,2021,05/14/2021 16:55 CDT,97490,24.47,58.74,2.625,8.315,105.32,102478.41
TWB14,Uvalde_2020_02,29.60214,-99.73007,436.7784,6/28/21,p,2021,05/14/2021 17:00 CDT,97490,24.43,59.48,2.64,8.315,96.65,102478.74
TWB14,Uvalde_2020_02,29.60214,-99.73007,436.7784,6/28/21,p,2021,05/14/2021 17:05 CDT,97489,24.34,60.16,2.995,8.315,88.6,102479.23
TWB14,Uvalde_2020_02,29.60214,-99.73007,436.7784,6/28/21,p,2021,05/14/2021 17:10 CDT,97485,24.28,60.43,2.645,8.315,77.29,102476.57
TWB14,Uvalde_2020_02,29.60214,-99.73007,436.7784,6/28/21,p,2021,05/14/2021 17:15 CDT,97477,24.22,60.36,3.155,8.315,67.17,102468.67
TWB14,Uvalde_2020_02,29.60214,-99.73007,436.7784,6/28/21,p,2021,05/14/2021 17:20 CDT,97469,24.13,61.17,2.665,8.315,62.72,102462.14
TWB14,Uvalde_2020_02,29.60214,-99.73007,436.7784,6/28/21,p,2021,05/14/2021 17:25 CDT,97463,24.08,61.34,2.815,8.315,88.82,102457.04
TWB14,Uvalde_2020_02,29.60214,-99.73007,436.7784,6/28/21,p,2021,05/14/2021 17:30 CDT,97457,24.15,61.54,2.4,8.315,107.19,102449.7
TWB14,Uvalde_2020_02,29.60214,-99.73007,436.7784,6/28/21,p,2021,05/14/2021 17:35 CDT,97440,24.25,60.3,2.275,8.315,111.87,102430.12
TWB14,Uvalde_2020_02,29.60214,-99.73007,436.7784,6/28/21,p,2021,05/14/2021 17:40 CDT,97433,24.27,60.97,2.14,8.315,109.92,102422.07
TWB14,Uvalde_2020_02,29.60214,-99.73007,436.7784,6/28/21,p,2021,05/14/2021 17:45 CDT,97432,24.26,60.47,2.79,8.315,103.67,102420.85
TWB14,Uvalde_2020_02,29.60214,-99.73007,436.7784,6/28/21,p,2021,05/14/2021 17:50 CDT,97425,24.22,60.36,2.685,8.315,97.19,102414.35
TWB14,Uvalde_2020_02,29.60214,-99.73007,436.7784,6/28/21,p,2021,05/14/2021 17:55 CDT,97414,24.22,61.04,2.515,8.315,94.44,102402.78
TWB14,Uvalde_2020_02,29.60214,-99.73007,436.7784,6/28/21,p,2021,05/14/2021 18:00 CDT,97411,24.22,60.2,2.61,8.315,93.61,102399.81
TWB14,Uvalde_2020_02,29.60214,-99.73007,436.7784,6/28/21,p,2021,05/14/2021 18:05 CDT,97410,24.25,60.77,2.16,8.315,94.12,102398.41
TWB14,Uvalde_2020_02,29.60214,-99.73007,436.7784,6/28/21,p,2021,05/14/2021 18:10 CDT,97404,24.3,58.95,2.035,8.315,92.45,102391.43
TWB14,Uvalde_2020_02,29.60214,-99.73007,436.7784,6/28/21,p,2021,05/14/2021 18:15 CDT,97400,24.32,59.76,1.975,8.315,88.77,102386.88
TWB14,Uvalde_2020_02,29.60214,-99.73007,436.7784,6/28/21,p,2021,05/14/2021 18:20 CDT,97399,24.35,61.78,2.195,8.315,77.81,102385.47
TWB14,Uvalde_2020_02,29.60214,-99.73007,436.7784,6/28/21,p,2021,05/14/2021 18:25 CDT,97399,24.37,58.55,2.445,8.315,69.09,102385.15
TWB14,Uvalde_2020_02,29.60214,-99.73007,436.7784,6/28/21,p,2021,05/14/2021 18:30 CDT,97397,24.38,58.15,2.39,8.315,63.9,102382.88
TWB14,Uvalde_2020_02,29.60214,-99.73007,436.7784,6/28/21,p,2021,05/14/2021 18:35 CDT,97394,24.4,58.38,2.27,8.315,62.05,102379.55
TWB14,Uvalde_2020_02,29.60214,-99.73007,436.7784,6/28/21,p,2021,05/14/2021 18:40 CDT,97391,24.39,58.35,1.795,8.315,59.16,102376.4
TWB14,Uvalde_2020_02,29.60214,-99.73007,436.7784,6/28/21,p,2021,05/14/2021 18:45 CDT,97387,24.41,59.63,1.31,8.315,56.66,102371.84
TWB14,Uvalde_2020_02,29.60214,-99.73007,436.7784,6/28/21,p,2021,05/14/2021 18:50 CDT,97387,24.4,57.81,2.275,8.315,48.1,102371.86
TWB14,Uvalde_2020_02,29.60214,-99.73007,436.7784,6/28/21,p,2021,05/14/2021 18:55 CDT,97387,24.38,58.35,1.98,8.315,35.64,102372.37
TWB14,Uvalde_2020_02,29.60214,-99.73007,436.7784,6/28/21,p,2021,05/14/2021 19:00 CDT,97385,24.35,57.98,1.96,8.315,36.87,102370.61
TWB14,Uvalde_2020_02,29.60214,-99.73007,436.7784,6/28/21,p,2021,05/14/2021 19:05 CDT,97370,24.32,58.48,2.01,8.315,34.64,102355.52
TWB14,Uvalde_2020_02,29.60214,-99.73007,436.7784,6/28/21,p,2021,05/14/2021 19:10 CDT,97367,24.3,58.08,1.885,8.315,23.34,102352.54
TWB14,Uvalde_2020_02,29.60214,-99.73007,436.7784,6/28/21,p,2021,05/14/2021 19:15 CDT,97365,24.28,58.96,1.82,8.315,18.17,102350.78
TWB14,Uvalde_2020_02,29.60214,-99.73007,436.7784,6/28/21,p,2021,05/14/2021 19:20 CDT,97361,24.24,58.96,1.455,8.315,18.32,102347.08
TWB14,Uvalde_2020_02,29.60214,-99.73007,436.7784,6/28/21,p,2021,05/14/2021 19:25 CDT,97354,24.17,59.09,1.575,8.315,19.75,102341.1
TWB14,Uvalde_2020_02,29.60214,-99.73007,436.7784,6/28/21,p,2021,05/14/2021 19:30 CDT,97348,24.14,59.02,1.68,8.315,21.84,102335.82
TWB14,Uvalde_2020_02,29.60214,-99.73007,436.7784,6/28/21,p,2021,05/14/2021 19:35 CDT,97342,24.14,59.22,2.09,8.315,27.35,102329.68
TWB14,Uvalde_2020_02,29.60214,-99.73007,436.7784,6/28/21,p,2021,05/14/2021 19:40 CDT,97333,24.14,58.82,1.6,8.315,33.43,102320.05
TWB14,Uvalde_2020_02,29.60214,-99.73007,436.7784,6/28/21,p,2021,05/14/2021 19:45 CDT,97332,24.15,59.53,1.78,8.315,34.81,102318.99
TWB14,Uvalde_2020_02,29.60214,-99.73007,436.7784,6/28/21,p,2021,05/14/2021 19:50 CDT,97321,24.1,59.19,2.25,8.315,34.6,102308.29
TWB14,Uvalde_2020_02,29.60214,-99.73007,436.7784,6/28/21,p,2021,05/14/2021 19:55 CDT,97325,24.06,59.7,2.14,8.315,31.64,102313.18
TWB14,Uvalde_2020_02,29.60214,-99.73007,436.7784,6/28/21,p,2021,05/14/2021 20:00 CDT,97322,23.97,60.24,1.82,8.315,27.35,102311.57
TWB14,Uvalde_2020_02,29.60214,-99.73007,436.7784,6/28/21,p,2021,05/14/2021 20:05 CDT,97331,23.9,59.97,1.985,8.315,20.46,102322.75
TWB14,Uvalde_2020_02,29.60214,-99.73007,436.7784,6/28/21,p,2021,05/14/2021 20:10 CDT,97333,23.83,60.64,1.97,8.315,13.42,102325.88
TWB14,Uvalde_2020_02,29.60214,-99.73007,436.7784,6/28/21,p,2021,05/14/2021 20:15 CDT,97335,23.72,60.44,1.755,8.315,8.26,102329.87
TWB14,Uvalde_2020_02,29.60214,-99.73007,436.7784,6/28/21,p,2021,05/14/2021 20:20 CDT,97350,23.68,60.58,2.095,8.315,4.32,102346.67
TWB14,Uvalde_2020_02,29.60214,-99.73007,436.7784,6/28/21,p,2021,05/14/2021 20:25 CDT,97354,23.64,61.26,2.16,8.315,1.51,102351.56
TWB14,Uvalde_2020_02,29.60214,-99.73007,436.7784,6/28/21,p,2021,05/14/2021 20:30 CDT,97361,23.45,62.11,1.44,8.315,1.14,102361.67
TWB14,Uvalde_2020_02,29.60214,-99.73007,436.7784,6/28/21,p,2021,05/14/2021 20:35 CDT,97369,23.31,62.61,1.33,8.315,0.51,102373.01
TWB14,Uvalde_2020_02,29.60214,-99.73007,436.7784,6/28/21,p,2021,05/14/2021 20:40 CDT,97372,23.23,62.82,1.275,8.315,0.05,102377.37
TWB14,Uvalde_2020_02,29.60214,-99.73007,436.7784,6/28/21,p,2021,05/14/2021 20:45 CDT,97374,23.19,63.15,1.49,8.315,0,102380.34
TWB14,Uvalde_2020_02,29.60214,-99.73007,436.7784,6/28/21,p,2021,05/14/2021 20:50 CDT,97380,23.13,63.36,0.995,8.315,0.05,102388.37
TWB14,Uvalde_2020_02,29.60214,-99.73007,436.7784,6/28/21,p,2021,05/14/2021 20:55 CDT,97385,23.1,63.29,1.7,8.315,0,102394.32
TWB14,Uvalde_2020_02,29.60214,-99.73007,436.7784,6/28/21,p,2021,05/14/2021 21:00 CDT,97386,23.08,63.49,1.305,8.315,0,102395.54
TWB14,Uvalde_2020_02,29.60214,-99.73007,436.7784,6/28/21,p,2021,05/14/2021 21:05 CDT,97384,23.02,63.63,1.425,8.315,0,102394.3
TWB14,Uvalde_2020_02,29.60214,-99.73007,436.7784,6/28/21,p,2021,05/14/2021 21:10 CDT,97381,23.02,63.76,1.9,8.315,0,102391.15
TWB14,Uvalde_2020_02,29.60214,-99.73007,436.7784,6/28/21,p,2021,05/14/2021 21:15 CDT,97381,23,64.57,1.245,8.315,0,102391.49
TWB14,Uvalde_2020_02,29.60214,-99.73007,436.7784,6/28/21,p,2021,05/14/2021 21:20 CDT,97373,22.96,63.69,1.765,8.315,0,102384.47
TWB14,Uvalde_2020_02,29.60214,-99.73007,436.7784,6/28/21,p,2021,05/14/2021 21:25 CDT,97366,23.01,64.17,1.41,8.315,0,102375.72
TWB14,Uvalde_2020_02,29.60214,-99.73007,436.7784,6/28/21,p,2021,05/14/2021 21:30 CDT,97365,22.95,63.96,1.66,8.315,0,102375.88
TWB14,Uvalde_2020_02,29.60214,-99.73007,436.7784,6/28/21,p,2021,05/14/2021 21:35 CDT,97372,23.05,63.49,2.02,8.315,0,102382.21
TWB14,Uvalde_2020_02,29.60214,-99.73007,436.7784,6/28/21,p,2021,05/14/2021 21:40 CDT,97373,23.14,62.82,2.12,8.315,0,102381.53
TWB14,Uvalde_2020_02,29.60214,-99.73007,436.7784,6/28/21,p,2021,05/14/2021 21:45 CDT,97374,23.31,62.52,2.035,8.315,0,102379.48
TWB14,Uvalde_2020_02,29.60214,-99.73007,436.7784,6/28/21,p,2021,05/14/2021 21:50 CDT,97380,23.45,62.31,2.545,8.315,0,102383.2
TWB14,Uvalde_2020_02,29.60214,-99.73007,436.7784,6/28/21,p,2021,05/14/2021 21:55 CDT,97397,23.48,62.18,2.135,8.315,0,102399.52
TWB14,Uvalde_2020_02,29.60214,-99.73007,436.7784,6/28/21,p,2021,05/14/2021 22:00 CDT,97406,23.54,61.64,2.17,8.315,0,102408.12
TWB14,Uvalde_2020_02,29.60214,-99.73007,436.7784,6/28/21,p,2021,05/14/2021 22:05 CDT,97411,23.61,61.23,2.75,8.315,0,102412.52
TWB14,Uvalde_2020_02,29.60214,-99.73007,436.7784,6/28/21,p,2021,05/14/2021 22:10 CDT,97403,23.63,61.47,2.49,8.315,0,102402.9
TWB14,Uvalde_2020_02,29.60214,-99.73007,436.7784,6/28/21,p,2021,05/14/2021 22:15 CDT,97400,23.62,62.11,2.55,8.315,0,102400.26
TWB14,Uvalde_2020_02,29.60214,-99.73007,436.7784,6/28/21,p,2021,05/14/2021 22:20 CDT,97409,23.61,61.47,2.615,8.315,0,102409.73
TWB14,Uvalde_2020_02,29.60214,-99.73007,436.7784,6/28/21,p,2021,05/14/2021 22:25 CDT,97414,23.62,62.08,2.36,8.315,0,102414.46
TWB14,Uvalde_2020_02,29.60214,-99.73007,436.7784,6/28/21,p,2021,05/14/2021 22:30 CDT,97413,23.58,62.01,2.005,8.315,0,102414.27
TWB14,Uvalde_2020_02,29.60214,-99.73007,436.7784,6/28/21,p,2021,05/14/2021 22:35 CDT,97405,23.52,62.65,2.11,8.315,0.32,102406.72
TWB14,Uvalde_2020_02,29.60214,-99.73007,436.7784,6/28/21,p,2021,05/14/2021 22:40 CDT,97408,23.45,63.29,2.985,8.315,0,102411.08
TWB14,Uvalde_2020_02,29.60214,-99.73007,436.7784,6/28/21,p,2021,05/14/2021 22:45 CDT,97427,23.42,64.17,2.775,8.315,0,102431.56
TWB14,Uvalde_2020_02,29.60214,-99.73007,436.7784,6/28/21,p,2021,05/14/2021 22:50 CDT,97448,23.39,64.44,3.9,8.315,0,102454.33
TWB14,Uvalde_2020_02,29.60214,-99.73007,436.7784,6/28/21,p,2021,05/14/2021 22:55 CDT,97447,23.34,65.18,3.44,8.315,0,102453.62
TWB14,Uvalde_2020_02,29.60214,-99.73007,436.7784,6/28/21,p,2021,05/14/2021 23:00 CDT,97446,23.26,65.78,3.44,8.315,0,102453.94
TWB14,Uvalde_2020_02,29.60214,-99.73007,436.7784,6/28/21,p,2021,05/14/2021 23:05 CDT,97451,23.21,66.05,3.72,8.315,0,102460.06
TWB14,Uvalde_2020_02,29.60214,-99.73007,436.7784,6/28/21,p,2021,05/14/2021 23:10 CDT,97454,23.15,66.53,3.7,8.315,0.05,102463.73
TWB14,Uvalde_2020_02,29.60214,-99.73007,436.7784,6/28/21,p,2021,05/14/2021 23:15 CDT,97463,23.05,66.86,3.34,8.315,0.03,102475.09
TWB14,Uvalde_2020_02,29.60214,-99.73007,436.7784,6/28/21,p,2021,05/14/2021 23:20 CDT,97473,22.96,67.6,2.23,8.315,0.13,102486.99
TWB14,Uvalde_2020_02,29.60214,-99.73007,436.7784,6/28/21,p,2021,05/14/2021 23:25 CDT,97481,22.88,68.08,3.35,8.315,0.1,102496.61
TWB14,Uvalde_2020_02,29.60214,-99.73007,436.7784,6/28/21,p,2021,05/14/2021 23:30 CDT,97482,22.81,68.48,3.245,8.315,0,102498.87
TWB14,Uvalde_2020_02,29.60214,-99.73007,436.7784,6/28/21,p,2021,05/14/2021 23:35 CDT,97477,22.72,69.16,3.17,8.315,0.15,102495.17
TWB14,Uvalde_2020_02,29.60214,-99.73007,436.7784,6/28/21,p,2021,05/14/2021 23:40 CDT,97477,22.64,69.66,3.47,8.315,0,102496.73
TWB14,Uvalde_2020_02,29.60214,-99.73007,436.7784,6/28/21,p,2021,05/14/2021 23:45 CDT,97481,22.57,70.23,2.62,8.315,0.21,102501.79
TWB14,Uvalde_2020_02,29.60214,-99.73007,436.7784,6/28/21,p,2021,05/14/2021 23:50 CDT,97485,22.49,70.67,2.845,8.315,0.06,102507.39
TWB14,Uvalde_2020_02,29.60214,-99.73007,436.7784,6/28/21,p,2021,05/14/2021 23:55 CDT,97494,22.42,71.18,2.81,8.315,0.01,102518.41
TWB14,Uvalde_2020_02,29.60214,-99.73007,436.7784,6/28/21,p,2021,05/15/2021 00:00 CDT,97504,22.35,71.85,2.84,8.315,0.08,102529.79
TWB14,Uvalde_2020_02,29.60214,-99.73007,436.7784,6/28/21,p,2021,05/15/2021 00:05 CDT,97507,22.28,72.32,2.83,8.315,0.13,102534.16
TWB14,Uvalde_2020_02,29.60214,-99.73007,436.7784,6/28/21,p,2021,05/15/2021 00:10 CDT,97508,22.2,72.46,2.995,8.315,0.07,102536.6
TWB14,Uvalde_2020_02,29.60214,-99.73007,436.7784,6/28/21,p,2021,05/15/2021 00:15 CDT,97530,22.12,72.76,2.82,8.315,0.01,102561.3
TWB14,Uvalde_2020_02,29.60214,-99.73007,436.7784,6/28/21,p,2021,05/15/2021 00:20 CDT,97540,22.07,73.07,2.75,8.315,0.28,102572.51
TWB14,Uvalde_2020_02,29.60214,-99.73007,436.7784,6/28/21,p,2021,05/15/2021 00:25 CDT,97540,21.97,73.07,3.67,8.565,0.22,102573.91
TWB14,Uvalde_2020_02,29.60214,-99.73007,436.7784,6/28/21,p,2021,05/15/2021 00:30 CDT,97542,21.87,73.47,2.955,8.565,0.12,102578.1
TWB14,Uvalde_2020_02,29.60214,-99.73007,436.7784,6/28/21,p,2021,05/15/2021 00:35 CDT,97539,21.8,74.01,2.65,8.565,0.34,102575.99
TWB14,Uvalde_2020_02,29.60214,-99.73007,436.7784,6/28/21,p,2021,05/15/2021 00:40 CDT,97537,21.71,74.31,3.25,8.565,0.19,102575.46
TWB14,Uvalde_2020_02,29.60214,-99.73007,436.7784,6/28/21,p,2021,05/15/2021 00:45 CDT,97539,21.65,74.68,3.105,8.565,0.04,102578.61
TWB14,Uvalde_2020_02,29.60214,-99.73007,436.7784,6/28/21,p,2021,05/15/2021 00:50 CDT,97538,21.59,74.82,3.455,9.465,0.04,102578.95
TWB14,Uvalde_2020_02,29.60214,-99.73007,436.7784,6/28/21,p,2021,05/15/2021 00:55 CDT,97534,21.55,75.19,3.06,8.235,0,102575.44
TWB14,Uvalde_2020_02,29.60214,-99.73007,436.7784,6/28/21,p,2021,05/15/2021 01:00 CDT,97534,21.49,75.49,2.7,8.235,0.03,102576.32
TWB14,Uvalde_2020_02,29.60214,-99.73007,436.7784,6/28/21,p,2021,05/15/2021 01:05 CDT,97534,21.43,75.96,2.875,8.235,0.03,102577.01
TWB14,Uvalde_2020_02,29.60214,-99.73007,436.7784,6/28/21,p,2021,05/15/2021 01:10 CDT,97531,21.35,76.44,2.74,8.235,0.14,102575.26
TWB14,Uvalde_2020_02,29.60214,-99.73007,436.7784,6/28/21,p,2021,05/15/2021 01:15 CDT,97516,21.26,76.84,2.915,8.235,0.19,102561.23
TWB14,Uvalde_2020_02,29.60214,-99.73007,436.7784,6/28/21,p,2021,05/15/2021 01:20 CDT,97508,21.19,77.18,3.02,8.235,0.02,102554.04
TWB14,Uvalde_2020_02,29.60214,-99.73007,436.7784,6/28/21,p,2021,05/15/2021 01:25 CDT,97503,21.12,77.68,2.66,8.235,0.06,102549.83
TWB14,Uvalde_2020_02,29.60214,-99.73007,436.7784,6/28/21,p,2021,05/15/2021 01:30 CDT,97493,21.04,78.22,2.66,8.235,0.15,102540.89
TWB14,Uvalde_2020_02,29.60214,-99.73007,436.7784,6/28/21,p,2021,05/15/2021 01:35 CDT,97482,20.97,78.73,2.59,8.235,0.08,102530.54
TWB14,Uvalde_2020_02,29.60214,-99.73007,436.7784,6/28/21,p,2021,05/15/2021 01:40 CDT,97473,20.92,79,3.04,8.235,0.01,102521.95
TWB14,Uvalde_2020_02,29.60214,-99.73007,436.7784,6/28/21,p,2021,05/15/2021 01:45 CDT,97461,20.88,79.17,3.195,8.235,0,102510.21
TWB14,Uvalde_2020_02,29.60214,-99.73007,436.7784,6/28/21,p,2021,05/15/2021 01:50 CDT,97454,20.85,79.34,3.715,8.485,0,102503.19
TWB14,Uvalde_2020_02,29.60214,-99.73007,436.7784,6/28/21,p,2021,05/15/2021 01:55 CDT,97450,20.78,79.54,2.79,8.485,0,102500.39
TWB14,Uvalde_2020_02,29.60214,-99.73007,436.7784,6/28/21,p,2021,05/15/2021 02:00 CDT,97450,20.73,79.74,3.475,8.815,0,102501.27
TWB14,Uvalde_2020_02,29.60214,-99.73007,436.7784,6/28/21,p,2021,05/15/2021 02:05 CDT,97450,20.7,79.81,3.445,8.815,0,102502.15
TWB14,Uvalde_2020_02,29.60214,-99.73007,436.7784,6/28/21,p,2021,05/15/2021 02:10 CDT,97445,20.67,80.5,3.405,8.65,0,102497.06
TWB14,Uvalde_2020_02,29.60214,-99.73007,436.7784,6/28/21,p,2021,05/15/2021 02:15 CDT,97443,20.63,80.8,3.605,8.65,0,102495.66
TWB14,Uvalde_2020_02,29.60214,-99.73007,436.7784,6/28/21,p,2021,05/15/2021 02:20 CDT,97437,20.59,81.4,3.44,8.65,0,102489.87
TWB14,Uvalde_2020_02,29.60214,-99.73007,436.7784,6/28/21,p,2021,05/15/2021 02:25 CDT,97431,20.56,81.6,3.59,8.65,0,102484.44
TWB14,Uvalde_2020_02,29.60214,-99.73007,436.7784,6/28/21,p,2021,05/15/2021 02:30 CDT,97432,20.55,81.8,3.605,9.065,0,102485.66
TWB14,Uvalde_2020_02,29.60214,-99.73007,436.7784,6/28/21,p,2021,05/15/2021 02:35 CDT,97429,20.52,82,3.705,8.65,0,102482.86
TWB14,Uvalde_2020_02,29.60214,-99.73007,436.7784,6/28/21,p,2021,05/15/2021 02:40 CDT,97420,20.5,82.1,3.765,9.45,0,102474.09
TWB14,Uvalde_2020_02,29.60214,-99.73007,436.7784,6/28/21,p,2021,05/15/2021 02:45 CDT,97420,20.49,82.4,2.495,9.05,0,102474.09
TWB14,Uvalde_2020_02,29.60214,-99.73007,436.7784,6/28/21,p,2021,05/15/2021 02:50 CDT,97416,20.48,82.6,2.855,9.05,0,102470.06
TWB14,Uvalde_2020_02,29.60214,-99.73007,436.7784,6/28/21,p,2021,05/15/2021 02:55 CDT,97414,20.45,82.8,3.19,9.05,0,102468.31
TWB14,Uvalde_2020_02,29.60214,-99.73007,436.7784,6/28/21,p,2021,05/15/2021 03:00 CDT,97410,20.42,82.9,2.665,9.05,0,102464.8
TWB14,Uvalde_2020_02,29.60214,-99.73007,436.7784,6/28/21,p,2021,05/15/2021 03:05 CDT,97410,20.42,82.9,3.115,9.05,0,102464.98
TWB14,Uvalde_2020_02,29.60214,-99.73007,436.7784,6/28/21,p,2021,05/15/2021 03:10 CDT,97416,20.45,82.8,3.95,9.05,0,102471.11
TWB14,Uvalde_2020_02,29.60214,-99.73007,436.7784,6/28/21,p,2021,05/15/2021 03:15 CDT,97411,20.45,83.1,3.62,9.05,0,102465.68
TWB14,Uvalde_2020_02,29.60214,-99.73007,436.7784,6/28/21,p,2021,05/15/2021 03:20 CDT,97406,20.43,83.3,2.87,9.05,0,102460.59
TWB14,Uvalde_2020_02,29.60214,-99.73007,436.7784,6/28/21,p,2021,05/15/2021 03:25 CDT,97404,20.44,83.2,3.595,9.385,0,102458.49
TWB14,Uvalde_2020_02,29.60214,-99.73007,436.7784,6/28/21,p,2021,05/15/2021 03:30 CDT,97397,20.44,83.4,3.325,8.965,0,102451.12
TWB14,Uvalde_2020_02,29.60214,-99.73007,436.7784,6/28/21,p,2021,05/15/2021 03:35 CDT,97389,20.44,83.4,3.535,8.965,0,102442.71
TWB14,Uvalde_2020_02,29.60214,-99.73007,436.7784,6/28/21,p,2021,05/15/2021 03:40 CDT,97382,20.48,83.1,3.795,8.965,0,102435
TWB14,Uvalde_2020_02,29.60214,-99.73007,436.7784,6/28/21,p,2021,05/15/2021 03:45 CDT,97379,20.49,83.2,3.515,8.965,0,102431.14
TWB14,Uvalde_2020_02,29.60214,-99.73007,436.7784,6/28/21,p,2021,05/15/2021 03:50 CDT,97378,20.49,83.5,3.525,8.965,0,102430.08
TWB14,Uvalde_2020_02,29.60214,-99.73007,436.7784,6/28/21,p,2021,05/15/2021 03:55 CDT,97376,20.49,83.5,2.9,8.965,0,102427.98
TWB14,Uvalde_2020_02,29.60214,-99.73007,436.7784,6/28/21,p,2021,05/15/2021 04:00 CDT,97369,20.49,83.3,3.61,8.965,0,102420.62
TWB14,Uvalde_2020_02,29.60214,-99.73007,436.7784,6/28/21,p,2021,05/15/2021 04:05 CDT,97364,20.49,83.4,3.71,8.965,0,102415.36
TWB14,Uvalde_2020_02,29.60214,-99.73007,436.7784,6/28/21,p,2021,05/15/2021 04:10 CDT,97362,20.48,83.5,3.535,8.965,0,102413.43
TWB14,Uvalde_2020_02,29.60214,-99.73007,436.7784,6/28/21,p,2021,05/15/2021 04:15 CDT,97367,20.46,83.5,3.54,8.965,0,102419.22
TWB14,Uvalde_2020_02,29.60214,-99.73007,436.7784,6/28/21,p,2021,05/15/2021 04:20 CDT,97378,20.44,83.5,2.995,8.965,0,102430.96
TWB14,Uvalde_2020_02,29.60214,-99.73007,436.7784,6/28/21,p,2021,05/15/2021 04:25 CDT,97379,20.42,83.8,2.645,8.965,0,102432.19
TWB14,Uvalde_2020_02,29.60214,-99.73007,436.7784,6/28/21,p,2021,05/15/2021 04:30 CDT,97382,20.41,83.5,2.845,8.965,0,102435.52
TWB14,Uvalde_2020_02,29.60214,-99.73007,436.7784,6/28/21,p,2021,05/15/2021 04:35 CDT,97380,20.4,83.7,2.895,8.965,0,102433.59
TWB14,Uvalde_2020_02,29.60214,-99.73007,436.7784,6/28/21,p,2021,05/15/2021 04:40 CDT,97373,20.38,83.8,2.885,8.965,0,102426.4
TWB14,Uvalde_2020_02,29.60214,-99.73007,436.7784,6/28/21,p,2021,05/15/2021 04:45 CDT,97376,20.37,83.4,3.165,8.965,0,102430.09
TWB14,Uvalde_2020_02,29.60214,-99.73007,436.7784,6/28/21,p,2021,05/15/2021 04:50 CDT,97388,20.38,83.7,2.775,8.965,0,102442.71
TWB14,Uvalde_2020_02,29.60214,-99.73007,436.7784,6/28/21,p,2021,05/15/2021 04:55 CDT,97393,20.37,84.1,3.405,8.965,0,102447.97
TWB14,Uvalde_2020_02,29.60214,-99.73007,436.7784,6/28/21,p,2021,05/15/2021 05:00 CDT,97399,20.37,83.9,3.06,8.965,0,102454.28
TWB14,Uvalde_2020_02,29.60214,-99.73007,436.7784,6/28/21,p,2021,05/15/2021 05:05 CDT,97402,20.37,84,3.005,8.885,0,102457.44
TWB14,Uvalde_2020_02,29.60214,-99.73007,436.7784,6/28/21,p,2021,05/15/2021 05:10 CDT,97405,20.36,84.3,2.47,8.885,0,102460.59
TWB14,Uvalde_2020_02,29.60214,-99.73007,436.7784,6/28/21,p,2021,05/15/2021 05:15 CDT,97406,20.34,84.5,2.32,8.885,0,102461.82
TWB14,Uvalde_2020_02,29.60214,-99.73007,436.7784,6/28/21,p,2021,05/15/2021 05:20 CDT,97405,20.34,84.5,2.75,8.885,0,102460.77
TWB14,Uvalde_2020_02,29.60214,-99.73007,436.7784,6/28/21,p,2021,05/15/2021 05:25 CDT,97403,20.35,84.6,2.82,8.885,0,102458.66
TWB14,Uvalde_2020_02,29.60214,-99.73007,436.7784,6/28/21,p,2021,05/15/2021 05:30 CDT,97402,20.37,84.7,3.745,8.885,0,102457.61
TWB14,Uvalde_2020_02,29.60214,-99.73007,436.7784,6/28/21,p,2021,05/15/2021 05:35 CDT,97395,20.35,85.4,2.71,8.885,1.27,102450.24
TWB14,Uvalde_2020_02,29.60214,-99.73007,436.7784,6/28/21,p,2021,05/15/2021 05:40 CDT,97386,20.32,85.8,3.13,8.885,0.37,102440.95
TWB14,Uvalde_2020_02,29.60214,-99.73007,436.7784,6/28/21,p,2021,05/15/2021 05:45 CDT,97379,20.29,86,2.445,8.885,0,102434.29
TWB14,Uvalde_2020_02,29.60214,-99.73007,436.7784,6/28/21,p,2021,05/15/2021 05:50 CDT,97378,20.28,86.2,2.825,8.885,0,102433.41
TWB14,Uvalde_2020_02,29.60214,-99.73007,436.7784,6/28/21,p,2021,05/15/2021 05:55 CDT,97377,20.28,86.4,3.385,8.885,0,102432.53
TWB14,Uvalde_2020_02,29.60214,-99.73007,436.7784,6/28/21,p,2021,05/15/2021 06:00 CDT,97356,20.26,86.6,2.975,8.885,0,102410.79
TWB14,Uvalde_2020_02,29.60214,-99.73007,436.7784,6/28/21,p,2021,05/15/2021 06:05 CDT,97335,20.23,86.9,3.27,8.885,0.01,102389.41
TWB14,Uvalde_2020_02,29.60214,-99.73007,436.7784,6/28/21,p,2021,05/15/2021 06:10 CDT,97328,20.22,87.1,4.135,9.135,0.34,102382.22
TWB14,Uvalde_2020_02,29.60214,-99.73007,436.7784,6/28/21,p,2021,05/15/2021 06:15 CDT,97325,20.21,86.9,3.945,9.63,0,102379.24
TWB14,Uvalde_2020_02,29.60214,-99.73007,436.7784,6/28/21,p,2021,05/15/2021 06:20 CDT,97316,20.24,86.6,4.14,9.63,0,102369.6
TWB14,Uvalde_2020_02,29.60214,-99.73007,436.7784,6/28/21,p,2021,05/15/2021 06:25 CDT,97311,20.26,86.5,3.84,9.63,0,102363.99
TWB14,Uvalde_2020_02,29.60214,-99.73007,436.7784,6/28/21,p,2021,05/15/2021 06:30 CDT,97303,20.25,86.8,3.83,9.63,0,102355.39
TWB14,Uvalde_2020_02,29.60214,-99.73007,436.7784,6/28/21,p,2021,05/15/2021 06:35 CDT,97281,20.22,86.6,3.545,9.63,0.03,102332.78
TWB14,Uvalde_2020_02,29.60214,-99.73007,436.7784,6/28/21,p,2021,05/15/2021 06:40 CDT,97288,20.24,86.3,3.29,9.63,0,102340.15
TWB14,Uvalde_2020_02,29.60214,-99.73007,436.7784,6/28/21,p,2021,05/15/2021 06:45 CDT,97300,20.28,86.2,4.165,9.63,0,102352.06
TWB14,Uvalde_2020_02,29.60214,-99.73007,436.7784,6/28/21,p,2021,05/15/2021 06:50 CDT,97306,20.3,86.4,3.04,9.05,0,102357.85
TWB14,Uvalde_2020_02,29.60214,-99.73007,436.7784,6/28/21,p,2021,05/15/2021 06:55 CDT,97320,20.3,86.4,3.8,9.05,0.16,102372.4
TWB14,Uvalde_2020_02,29.60214,-99.73007,436.7784,6/28/21,p,2021,05/15/2021 07:00 CDT,97326,20.29,86.4,3.27,9.05,0.83,102378.71
TWB14,Uvalde_2020_02,29.60214,-99.73007,436.7784,6/28/21,p,2021,05/15/2021 07:05 CDT,97334,20.3,86.6,3.015,9.05,1.5,102387.12
TWB14,Uvalde_2020_02,29.60214,-99.73007,436.7784,6/28/21,p,2021,05/15/2021 07:10 CDT,97340,20.28,86.8,3.01,9.05,2.18,102393.61
TWB14,Uvalde_2020_02,29.60214,-99.73007,436.7784,6/28/21,p,2021,05/15/2021 07:15 CDT,97345,20.28,86.7,3.525,9.05,4.37,102399.05
TWB14,Uvalde_2020_02,29.60214,-99.73007,436.7784,6/28/21,p,2021,05/15/2021 07:20 CDT,97348,20.29,86.6,2.77,8.55,7.25,102402.03
TWB14,Uvalde_2020_02,29.60214,-99.73007,436.7784,6/28/21,p,2021,05/15/2021 07:25 CDT,97357,20.32,86.4,3.45,8.55,7.17,102411.14
TWB14,Uvalde_2020_02,29.60214,-99.73007,436.7784,6/28/21,p,2021,05/15/2021 07:30 CDT,97369,20.35,86.3,2.68,8.55,6.65,102423.06
TWB14,Uvalde_2020_02,29.60214,-99.73007,436.7784,6/28/21,p,2021,05/15/2021 07:35 CDT,97370,20.35,86.3,3.44,8.55,7.69,102423.94
TWB14,Uvalde_2020_02,29.60214,-99.73007,436.7784,6/28/21,p,2021,05/15/2021 07:40 CDT,97378,20.35,86.6,2.875,8.55,8.14,102432.35
TWB14,Uvalde_2020_02,29.60214,-99.73007,436.7784,6/28/21,p,2021,05/15/2021 07:45 CDT,97380,20.35,86.5,3.245,9.05,12.86,102434.46
TWB14,Uvalde_2020_02,29.60214,-99.73007,436.7784,6/28/21,p,2021,05/15/2021 07:50 CDT,97387,20.35,86.6,3.125,8.8,18.12,102441.82
TWB14,Uvalde_2020_02,29.60214,-99.73007,436.7784,6/28/21,p,2021,05/15/2021 07:55 CDT,97394,20.37,86.6,2.6,8.8,23.73,102448.83
TWB14,Uvalde_2020_02,29.60214,-99.73007,436.7784,6/28/21,p,2021,05/15/2021 08:00 CDT,97393,20.4,86.4,2.15,8.8,25.52,102447.25
TWB14,Uvalde_2020_02,29.60214,-99.73007,436.7784,6/28/21,p,2021,05/15/2021 08:05 CDT,97394,20.44,85.8,3.17,8.8,49.13,102447.95
TWB14,Uvalde_2020_02,29.60214,-99.73007,436.7784,6/28/21,p,2021,05/15/2021 08:10 CDT,97404,20.52,85.3,3.115,8.8,62.18,102457.07
TWB14,Uvalde_2020_02,29.60214,-99.73007,436.7784,6/28/21,p,2021,05/15/2021 08:15 CDT,97416,20.61,85.1,2.515,8.8,48.58,102467.93
TWB14,Uvalde_2020_02,29.60214,-99.73007,436.7784,6/28/21,p,2021,05/15/2021 08:20 CDT,97420,20.65,84.9,2.985,8.8,51.25,102471.08
TWB14,Uvalde_2020_02,29.60214,-99.73007,436.7784,6/28/21,p,2021,05/15/2021 08:25 CDT,97432,20.71,84.7,1.975,8.8,45.71,102483.01
TWB14,Uvalde_2020_02,29.60214,-99.73007,436.7784,6/28/21,p,2021,05/15/2021 08:30 CDT,97433,20.71,84.6,2.405,8.8,27.19,102483.53
TWB14,Uvalde_2020_02,29.60214,-99.73007,436.7784,6/28/21,p,2021,05/15/2021 08:35 CDT,97433,20.66,85.4,2.365,8.8,15.71,102484.05
TWB14,Uvalde_2020_02,29.60214,-99.73007,436.7784,6/28/21,p,2021,05/15/2021 08:40 CDT,97437,20.6,85.6,2.105,8.8,10.43,102488.96
TWB14,Uvalde_2020_02,29.60214,-99.73007,436.7784,6/28/21,p,2021,05/15/2021 08:45 CDT,97452,20.56,85.8,2.075,8.8,11.48,102505.62
TWB14,Uvalde_2020_02,29.60214,-99.73007,436.7784,6/28/21,p,2021,05/15/2021 08:50 CDT,97453,20.54,85.5,2.59,8.8,24.94,102507.55
TWB14,Uvalde_2020_02,29.60214,-99.73007,436.7784,6/28/21,p,2021,05/15/2021 08:55 CDT,97448,20.57,85.2,3.61,8.8,34.91,102502.12
TWB14,Uvalde_2020_02,29.60214,-99.73007,436.7784,6/28/21,p,2021,05/15/2021 09:00 CDT,97451,20.61,85,2.67,8.8,40.83,102504.57
TWB14,Uvalde_2020_02,29.60214,-99.73007,436.7784,6/28/21,p,2021,05/15/2021 09:05 CDT,97458,20.64,85.1,2.91,8.8,23.77,102511.23
TWB14,Uvalde_2020_02,29.60214,-99.73007,436.7784,6/28/21,p,2021,05/15/2021 09:10 CDT,97457,20.63,85.4,2.74,8.8,29.88,102510.18
TWB14,Uvalde_2020_02,29.60214,-99.73007,436.7784,6/28/21,p,2021,05/15/2021 09:15 CDT,97459,20.62,85.5,3.225,8.8,34.72,102512.63
TWB14,Uvalde_2020_02,29.60214,-99.73007,436.7784,6/28/21,p,2021,05/15/2021 09:20 CDT,97474,20.66,85.9,1.89,8.8,38.41,102527.7
TWB14,Uvalde_2020_02,29.60214,-99.73007,436.7784,6/28/21,p,2021,05/15/2021 09:25 CDT,97481,20.68,85.5,2.385,8.8,36.61,102534.54
TWB14,Uvalde_2020_02,29.60214,-99.73007,436.7784,6/28/21,p,2021,05/15/2021 09:30 CDT,97473,20.69,85.2,2.625,8.8,41.44,102526.13
TWB14,Uvalde_2020_02,29.60214,-99.73007,436.7784,6/28/21,p,2021,05/15/2021 09:35 CDT,97473,20.72,85.3,2.86,8.8,54.12,102525.6
TWB14,Uvalde_2020_02,29.60214,-99.73007,436.7784,6/28/21,p,2021,05/15/2021 09:40 CDT,97474,20.72,85.1,2.475,8.8,56.96,102526.48
TWB14,Uvalde_2020_02,29.60214,-99.73007,436.7784,6/28/21,p,2021,05/15/2021 09:45 CDT,97475,20.73,84.9,2.94,8.8,65.07,102527.35
TWB14,Uvalde_2020_02,29.60214,-99.73007,436.7784,6/28/21,p,2021,05/15/2021 09:50 CDT,97474,20.72,85.9,2.18,8.8,52.83,102526.3
TWB14,Uvalde_2020_02,29.60214,-99.73007,436.7784,6/28/21,p,2021,05/15/2021 09:55 CDT,97472,20.72,86,1.9,8.8,54.59,102524.19
TWB14,Uvalde_2020_02,29.60214,-99.73007,436.7784,6/28/21,p,2021,05/15/2021 10:00 CDT,97462,20.76,84.7,3.075,8.8,71.31,102513.33
TWB14,Uvalde_2020_02,29.60214,-99.73007,436.7784,6/28/21,p,2021,05/15/2021 10:05 CDT,97449,20.78,84.5,3.305,8.13,89.59,102498.95
TWB14,Uvalde_2020_02,29.60214,-99.73007,436.7784,6/28/21,p,2021,05/15/2021 10:10 CDT,97451,20.83,84.3,2.885,8.13,68.8,102500.36
TWB14,Uvalde_2020_02,29.60214,-99.73007,436.7784,6/28/21,p,2021,05/15/2021 10:15 CDT,97459,20.81,84.5,3.585,8.965,60.62,102508.59
TWB14,Uvalde_2020_02,29.60214,-99.73007,436.7784,6/28/21,p,2021,05/15/2021 10:20 CDT,97467,20.75,84.7,3.165,8.635,59.12,102518.24
TWB14,Uvalde_2020_02,29.60214,-99.73007,436.7784,6/28/21,p,2021,05/15/2021 10:25 CDT,97472,20.72,85.1,2.31,8.635,57.75,102524.2
TWB14,Uvalde_2020_02,29.60214,-99.73007,436.7784,6/28/21,p,2021,05/15/2021 10:30 CDT,97462,20.74,85.5,2.745,8.635,84.84,102513.5
TWB14,Uvalde_2020_02,29.60214,-99.73007,436.7784,6/28/21,p,2021,05/15/2021 10:35 CDT,97458,20.77,86.6,3.075,8.635,136.93,102507.7
TWB14,Uvalde_2020_02,29.60214,-99.73007,436.7784,6/28/21,p,2021,05/15/2021 10:40 CDT,97448,20.6,88.7,2.735,8.635,123.6,102499.46
TWB14,Uvalde_2020_02,29.60214,-99.73007,436.7784,6/28/21,p,2021,05/15/2021 10:45 CDT,97432,20.43,90.2,2.505,8.635,132.05,102484.73
TWB14,Uvalde_2020_02,29.60214,-99.73007,436.7784,6/28/21,p,2021,05/15/2021 10:50 CDT,97429,20.24,91.4,3.115,8.635,142.21,102485.09
TWB14,Uvalde_2020_02,29.60214,-99.73007,436.7784,6/28/21,p,2021,05/15/2021 10:55 CDT,97428,20.12,92.7,3.055,8.635,127.8,102487.02
TWB14,Uvalde_2020_02,29.60214,-99.73007,436.7784,6/28/21,p,2021,05/15/2021 11:00 CDT,97424,20.12,93.1,2.355,8.635,170.77,102482.99
TWB14,Uvalde_2020_02,29.60214,-99.73007,436.7784,6/28/21,p,2021,05/15/2021 11:05 CDT,97412,20.25,93,2.305,8.635,213.81,102468.78
TWB14,Uvalde_2020_02,29.60214,-99.73007,436.7784,6/28/21,p,2021,05/15/2021 11:10 CDT,97405,20.36,93,2.225,8.635,163.36,102459.12
TWB14,Uvalde_2020_02,29.60214,-99.73007,436.7784,6/28/21,p,2021,05/15/2021 11:15 CDT,97396,20.35,92.8,2.705,8.635,126.35,102449.84
TWB14,Uvalde_2020_02,29.60214,-99.73007,436.7784,6/28/21,p,2021,05/15/2021 11:20 CDT,97386,20.33,92.1,2.55,8.635,143.21,102439.85
TWB14,Uvalde_2020_02,29.60214,-99.73007,436.7784,6/28/21,p,2021,05/15/2021 11:25 CDT,97394,20.37,92.6,1.92,8.635,105.6,102447.91
TWB14,Uvalde_2020_02,29.60214,-99.73007,436.7784,6/28/21,p,2021,05/15/2021 11:30 CDT,97395,20.33,92,2.785,8.635,105.48,102449.32
TWB14,Uvalde_2020_02,29.60214,-99.73007,436.7784,6/28/21,p,2021,05/15/2021 11:35 CDT,97391,20.34,90.8,2.6,8.635,140.9,102445.29
TWB14,Uvalde_2020_02,29.60214,-99.73007,436.7784,6/28/21,p,2021,05/15/2021 11:40 CDT,97386,20.4,90.8,3.47,8.635,204.46,102439.86
TWB14,Uvalde_2020_02,29.60214,-99.73007,436.7784,6/28/21,p,2021,05/15/2021 11:45 CDT,97379,20.6,89.9,2.63,8.635,191.9,102428.98
TWB14,Uvalde_2020_02,29.60214,-99.73007,436.7784,6/28/21,p,2021,05/15/2021 11:50 CDT,97376,20.75,89.5,2.63,8.635,274.73,102423.02
TWB14,Uvalde_2020_02,29.60214,-99.73007,436.7784,6/28/21,p,2021,05/15/2021 11:55 CDT,97374,21,87.2,3.285,8.635,396.04,102416.01
TWB14,Uvalde_2020_02,29.60214,-99.73007,436.7784,6/28/21,p,2021,05/15/2021 12:00 CDT,97367,21.25,85.6,2.74,8.635,297.7,102404.28
TWB14,Uvalde_2020_02,29.60214,-99.73007,436.7784,6/28/21,p,2021,05/15/2021 12:05 CDT,97353,21.31,84.9,3.215,8.635,268.57,102387.12
TWB14,Uvalde_2020_02,29.60214,-99.73007,436.7784,6/28/21,p,2021,05/15/2021 12:10 CDT,97356,21.25,84.9,3.18,8.635,184.4,102389.92
TWB14,Uvalde_2020_02,29.60214,-99.73007,436.7784,6/28/21,p,2021,05/15/2021 12:15 CDT,97362,21.1,86.3,2.895,8.635,176.95,102399.9
TWB14,Uvalde_2020_02,29.60214,-99.73007,436.7784,6/28/21,p,2021,05/15/2021 12:20 CDT,97372,21.23,85.1,3.14,8.635,283.96,102408.85
TWB14,Uvalde_2020_02,29.60214,-99.73007,436.7784,6/28/21,p,2021,05/15/2021 12:25 CDT,97359,21.38,85.3,3.185,8.635,220.87,102392.72
TWB14,Uvalde_2020_02,29.60214,-99.73007,436.7784,6/28/21,p,2021,05/15/2021 12:30 CDT,97353,21.36,85.5,2.385,8.635,135.29,102386.06
TWB14,Uvalde_2020_02,29.60214,-99.73007,436.7784,6/28/21,p,2021,05/15/2021 12:35 CDT,97359,21.28,86.7,2.37,8.635,170.51,102393.41
TWB14,Uvalde_2020_02,29.60214,-99.73007,436.7784,6/28/21,p,2021,05/15/2021 12:40 CDT,97361,21.18,85.7,3.03,8.635,110.65,102397.1
TWB14,Uvalde_2020_02,29.60214,-99.73007,436.7784,6/28/21,p,2021,05/15/2021 12:45 CDT,97360,21.02,87.1,2.69,8.635,154.11,102399.19
TWB14,Uvalde_2020_02,29.60214,-99.73007,436.7784,6/28/21,p,2021,05/15/2021 12:50 CDT,97361,21.11,86.2,2.58,8.635,123.9,102399.02
TWB14,Uvalde_2020_02,29.60214,-99.73007,436.7784,6/28/21,p,2021,05/15/2021 12:55 CDT,97369,21.14,86.5,2.225,8.635,138.52,102407.08
TWB14,Uvalde_2020_02,29.60214,-99.73007,436.7784,6/28/21,p,2021,05/15/2021 13:00 CDT,97369,21.1,86.5,2.26,8.635,90.76,102406.91
TWB14,Uvalde_2020_02,29.60214,-99.73007,436.7784,6/28/21,p,2021,05/15/2021 13:05 CDT,97363,21.08,85.4,2.805,8.635,176.92,102401.65
TWB14,Uvalde_2020_02,29.60214,-99.73007,436.7784,6/28/21,p,2021,05/15/2021 13:10 CDT,97360,21.08,86.3,2.465,8.635,82.94,102398.14
TWB14,Uvalde_2020_02,29.60214,-99.73007,436.7784,6/28/21,p,2021,05/15/2021 13:15 CDT,97356,21.05,85.8,2.41,8.635,100.92,102394.64
TWB14,Uvalde_2020_02,29.60214,-99.73007,436.7784,6/28/21,p,2021,05/15/2021 13:20 CDT,97342,21.04,86.7,2.48,8.635,129.51,102380.61
TWB14,Uvalde_2020_02,29.60214,-99.73007,436.7784,6/28/21,p,2021,05/15/2021 13:25 CDT,97330,21.11,87,2.845,8.635,140.93,102366.76
TWB14,Uvalde_2020_02,29.60214,-99.73007,436.7784,6/28/21,p,2021,05/15/2021 13:30 CDT,97319,21.08,87.5,2.08,8.635,207.88,102356.06
TWB14,Uvalde_2020_02,29.60214,-99.73007,436.7784,6/28/21,p,2021,05/15/2021 13:35 CDT,97319,21.34,85.9,2.35,8.635,237.02,102352.57
TWB14,Uvalde_2020_02,29.60214,-99.73007,436.7784,6/28/21,p,2021,05/15/2021 13:40 CDT,97317,21.47,85.7,2.79,8.635,138.82,102347.33
TWB14,Uvalde_2020_02,29.60214,-99.73007,436.7784,6/28/21,p,2021,05/15/2021 13:45 CDT,97314,21.38,86.6,2.59,8.635,234.52,102345.21
TWB14,Uvalde_2020_02,29.60214,-99.73007,436.7784,6/28/21,p,2021,05/15/2021 13:50 CDT,97317,21.56,84.5,2.635,8.635,134.09,102345.94
TWB14,Uvalde_2020_02,29.60214,-99.73007,436.7784,6/28/21,p,2021,05/15/2021 13:55 CDT,97314,21.42,84.1,3.67,8.635,97.93,102343.49
TWB14,Uvalde_2020_02,29.60214,-99.73007,436.7784,6/28/21,p,2021,05/15/2021 14:00 CDT,97317,20.95,87.6,3.345,8.635,85.93,102353.96
TWB14,Uvalde_2020_02,29.60214,-99.73007,436.7784,6/28/21,p,2021,05/15/2021 14:05 CDT,97316,20.35,90.2,2.975,8.635,110.92,102363.06
TWB14,Uvalde_2020_02,29.60214,-99.73007,436.7784,6/28/21,p,2021,05/15/2021 14:10 CDT,97309,20.03,91.1,3.045,8.635,96.35,102362.73
TWB14,Uvalde_2020_02,29.60214,-99.73007,436.7784,6/28/21,p,2021,05/15/2021 14:15 CDT,97295,19.94,91.6,3.08,8.635,162.39,102351
TWB14,Uvalde_2020_02,29.60214,-99.73007,436.7784,6/28/21,p,2021,05/15/2021 14:20 CDT,97285,20.03,92.5,2.755,8.635,313.63,102339.95
TWB14,Uvalde_2020_02,29.60214,-99.73007,436.7784,6/28/21,p,2021,05/15/2021 14:25 CDT,97277,20.36,89.4,2.635,8.635,245.84,102325.91
TWB14,Uvalde_2020_02,29.60214,-99.73007,436.7784,6/28/21,p,2021,05/15/2021 14:30 CDT,97284,20.22,89.7,2.42,8.635,148.9,102334.33
TWB14,Uvalde_2020_02,29.60214,-99.73007,436.7784,6/28/21,p,2021,05/15/2021 14:35 CDT,97288,20.05,89.8,2.875,8.635,127.56,102341.36
TWB14,Uvalde_2020_02,29.60214,-99.73007,436.7784,6/28/21,p,2021,05/15/2021 14:40 CDT,97290,19.94,88,3.515,8.635,99.93,102345.41
TWB14,Uvalde_2020_02,29.60214,-99.73007,436.7784,6/28/21,p,2021,05/15/2021 14:45 CDT,97276,19.8,87.1,3.865,8.635,189.19,102334.57
TWB14,Uvalde_2020_02,29.60214,-99.73007,436.7784,6/28/21,p,2021,05/15/2021 14:50 CDT,97276,20.03,86.5,3.385,8.635,204.36,102331.05
TWB14,Uvalde_2020_02,29.60214,-99.73007,436.7784,6/28/21,p,2021,05/15/2021 14:55 CDT,97268,20.32,82,2.915,8.635,274.44,102317.37
TWB14,Uvalde_2020_02,29.60214,-99.73007,436.7784,6/28/21,p,2021,05/15/2021 15:00 CDT,97259,20.7,80.9,2.44,8.635,265.81,102301.76
TWB14,Uvalde_2020_02,29.60214,-99.73007,436.7784,6/28/21,p,2021,05/15/2021 15:05 CDT,97241,20.81,78.19,2.88,8.635,216.47,102279.34
TWB14,Uvalde_2020_02,29.60214,-99.73007,436.7784,6/28/21,p,2021,05/15/2021 15:10 CDT,97235,20.84,78.6,3.02,8.635,197.27,102271.98
TWB14,Uvalde_2020_02,29.60214,-99.73007,436.7784,6/28/21,p,2021,05/15/2021 15:15 CDT,97237,20.86,78.33,2.72,8.635,178.08,102274.08
TWB14,Uvalde_2020_02,29.60214,-99.73007,436.7784,6/28/21,p,2021,05/15/2021 15:20 CDT,97247,20.72,77.79,3.405,8.635,181.58,102284.95
TWB14,Uvalde_2020_02,29.60214,-99.73007,436.7784,6/28/21,p,2021,05/15/2021 15:25 CDT,97246,20.56,78.29,3.325,8.635,375.71,102287.58
TWB14,Uvalde_2020_02,29.60214,-99.73007,436.7784,6/28/21,p,2021,05/15/2021 15:30 CDT,97234,20.88,75.09,2.92,8.635,478.63,102269.72
TWB14,Uvalde_2020_02,29.60214,-99.73007,436.7784,6/28/21,p,2021,05/15/2021 15:35 CDT,97235,21.22,73.27,3.135,8.635,569.77,102264.14
TWB14,Uvalde_2020_02,29.60214,-99.73007,436.7784,6/28/21,p,2021,05/15/2021 15:40 CDT,97237,21.63,71.85,3.22,8.635,474.86,102256.84
TWB14,Uvalde_2020_02,29.60214,-99.73007,436.7784,6/28/21,p,2021,05/15/2021 15:45 CDT,97220,21.82,71.51,2.71,8.635,594.04,102236.01
TWB14,Uvalde_2020_02,29.60214,-99.73007,436.7784,6/28/21,p,2021,05/15/2021 15:50 CDT,97222,21.79,73.74,3.67,8.635,380.76,102235.84
TWB14,Uvalde_2020_02,29.60214,-99.73007,436.7784,6/28/21,p,2021,05/15/2021 15:55 CDT,97217,21.77,71.52,3.465,8.635,400,102233.73
TWB14,Uvalde_2020_02,29.60214,-99.73007,436.7784,6/28/21,p,2021,05/15/2021 16:00 CDT,97209,21.9,69.56,2.915,8.635,359.73,102224.29
TWB14,Uvalde_2020_02,29.60214,-99.73007,436.7784,6/28/21,p,2021,05/15/2021 16:05 CDT,97205,21.8,72.04,3.465,8.635,285.5,102220.76
TWB14,Uvalde_2020_02,29.60214,-99.73007,436.7784,6/28/21,p,2021,05/15/2021 16:10 CDT,97201,21.67,71.06,3.635,8.635,474.64,102218.82
TWB14,Uvalde_2020_02,29.60214,-99.73007,436.7784,6/28/21,p,2021,05/15/2021 16:15 CDT,97193,21.7,71.83,3.505,8.635,609.05,102209.7
TWB14,Uvalde_2020_02,29.60214,-99.73007,436.7784,6/28/21,p,2021,05/15/2021 16:20 CDT,97191,21.88,71.83,2.99,8.635,569.39,102204.82
TWB14,Uvalde_2020_02,29.60214,-99.73007,436.7784,6/28/21,p,2021,05/15/2021 16:25 CDT,97179,22,67.48,3.01,8.635,323.44,102189.63
TWB14,Uvalde_2020_02,29.60214,-99.73007,436.7784,6/28/21,p,2021,05/15/2021 16:30 CDT,97179,21.73,69.91,3.615,8.635,357.17,102194.65
TWB14,Uvalde_2020_02,29.60214,-99.73007,436.7784,6/28/21,p,2021,05/15/2021 16:35 CDT,97168,21.81,67.62,3.375,8.635,544.6,102182.4
TWB14,Uvalde_2020_02,29.60214,-99.73007,436.7784,6/28/21,p,2021,05/15/2021 16:40 CDT,97154,22.2,68.93,2.87,8.635,407.6,102159.35
TWB14,Uvalde_2020_02,29.60214,-99.73007,436.7784,6/28/21,p,2021,05/15/2021 16:45 CDT,97145,21.97,69.6,2.72,8.635,245.62,102152.82
TWB14,Uvalde_2020_02,29.60214,-99.73007,436.7784,6/28/21,p,2021,05/15/2021 16:50 CDT,97142,21.95,69.87,2.34,8.635,191.33,102152.44
TWB14,Uvalde_2020_02,29.60214,-99.73007,436.7784,6/28/21,p,2021,05/15/2021 16:55 CDT,97138,21.89,69.8,2.29,8.635,241.73,102148.93
TWB14,Uvalde_2020_02,29.60214,-99.73007,436.7784,6/28/21,p,2021,05/15/2021 17:00 CDT,97121,21.87,68.65,2.325,8.635,207.72,102132.45
TWB14,Uvalde_2020_02,29.60214,-99.73007,436.7784,6/28/21,p,2021,05/15/2021 17:05 CDT,97112,21.68,68.38,2.835,8.635,179.04,102125.76
TWB14,Uvalde_2020_02,29.60214,-99.73007,436.7784,6/28/21,p,2021,05/15/2021 17:10 CDT,97098,21.6,69.46,2.765,8.635,212.46,102112.77
TWB14,Uvalde_2020_02,29.60214,-99.73007,436.7784,6/28/21,p,2021,05/15/2021 17:15 CDT,97088,21.66,67.91,2.01,8.635,213.58,102102.61
TWB14,Uvalde_2020_02,29.60214,-99.73007,436.7784,6/28/21,p,2021,05/15/2021 17:20 CDT,97094,21.78,68.45,1.96,8.635,194.1,102107.01
TWB14,Uvalde_2020_02,29.60214,-99.73007,436.7784,6/28/21,p,2021,05/15/2021 17:25 CDT,97086,21.84,67.24,1.525,8.635,206.94,102096.34
TWB14,Uvalde_2020_02,29.60214,-99.73007,436.7784,6/28/21,p,2021,05/15/2021 17:30 CDT,97075,21.96,66.29,2.2,8.635,178.64,102083.74
TWB14,Uvalde_2020_02,29.60214,-99.73007,436.7784,6/28/21,p,2021,05/15/2021 17:35 CDT,97062,21.97,67.84,1.62,8.635,142.14,102070.23
TWB14,Uvalde_2020_02,29.60214,-99.73007,436.7784,6/28/21,p,2021,05/15/2021 17:40 CDT,97068,21.9,67,1.94,8.635,107.31,102077.07
TWB14,Uvalde_2020_02,29.60214,-99.73007,436.7784,6/28/21,p,2021,05/15/2021 17:45 CDT,97063,21.82,64.28,2.075,8.635,121.86,102073.57
TWB14,Uvalde_2020_02,29.60214,-99.73007,436.7784,6/28/21,p,2021,05/15/2021 17:50 CDT,97060,21.69,66.03,2.645,8.635,160.59,102072.66
TWB14,Uvalde_2020_02,29.60214,-99.73007,436.7784,6/28/21,p,2021,05/15/2021 17:55 CDT,97057,21.69,64.75,2.4,8.635,175.78,102070.21
TWB14,Uvalde_2020_02,29.60214,-99.73007,436.7784,6/28/21,p,2021,05/15/2021 18:00 CDT,97061,21.69,65.16,2.125,8.635,164.43,102074.06
TWB14,Uvalde_2020_02,29.60214,-99.73007,436.7784,6/28/21,p,2021,05/15/2021 18:05 CDT,97063,21.77,66,1.495,8.635,317.94,102075.81
TWB14,Uvalde_2020_02,29.60214,-99.73007,436.7784,6/28/21,p,2021,05/15/2021 18:10 CDT,97053,22.13,64.01,1.73,8.635,163.08,102059.24
TWB14,Uvalde_2020_02,29.60214,-99.73007,436.7784,6/28/21,p,2021,05/15/2021 18:15 CDT,97050,22.15,64.28,1.955,8.635,265.43,102054.87
TWB14,Uvalde_2020_02,29.60214,-99.73007,436.7784,6/28/21,p,2021,05/15/2021 18:20 CDT,97044,22.19,63.74,2.49,8.635,235.65,102047
TWB14,Uvalde_2020_02,29.60214,-99.73007,436.7784,6/28/21,p,2021,05/15/2021 18:25 CDT,97038,22.31,64.41,1.81,8.635,144.97,102039.82
TWB14,Uvalde_2020_02,29.60214,-99.73007,436.7784,6/28/21,p,2021,05/15/2021 18:30 CDT,97036,22.01,66.44,2.54,8.635,101.5,102040.48
TWB14,Uvalde_2020_02,29.60214,-99.73007,436.7784,6/28/21,p,2021,05/15/2021 18:35 CDT,97037,21.83,66.3,1.655,8.635,76.55,102045.52
TWB14,Uvalde_2020_02,29.60214,-99.73007,436.7784,6/28/21,p,2021,05/15/2021 18:40 CDT,97037,21.78,66.03,1.955,8.635,75.07,102046.91
TWB14,Uvalde_2020_02,29.60214,-99.73007,436.7784,6/28/21,p,2021,05/15/2021 18:45 CDT,97041,21.72,65.29,2.115,8.635,84.97,102052.68
TWB14,Uvalde_2020_02,29.60214,-99.73007,436.7784,6/28/21,p,2021,05/15/2021 18:50 CDT,97047,21.71,65.29,2.945,8.635,90.71,102059.34
TWB14,Uvalde_2020_02,29.60214,-99.73007,436.7784,6/28/21,p,2021,05/15/2021 18:55 CDT,97039,21.67,66.03,2.68,8.635,94.66,102051.79
TWB14,Uvalde_2020_02,29.60214,-99.73007,436.7784,6/28/21,p,2021,05/15/2021 19:00 CDT,97048,21.69,67.18,2.775,8.635,156.82,102061.42
TWB14,Uvalde_2020_02,29.60214,-99.73007,436.7784,6/28/21,p,2021,05/15/2021 19:05 CDT,97041,21.66,67.48,3.505,8.635,105.41,102053.71
TWB14,Uvalde_2020_02,29.60214,-99.73007,436.7784,6/28/21,p,2021,05/15/2021 19:10 CDT,97054,21.55,68.12,2.775,8.385,111,102069.11
TWB14,Uvalde_2020_02,29.60214,-99.73007,436.7784,6/28/21,p,2021,05/15/2021 19:15 CDT,97063,21.63,67.82,1.97,8.385,120.31,102078.23
TWB14,Uvalde_2020_02,29.60214,-99.73007,436.7784,6/28/21,p,2021,05/15/2021 19:20 CDT,97069,21.61,67.86,2.465,8.385,55.68,102083.67
TWB14,Uvalde_2020_02,29.60214,-99.73007,436.7784,6/28/21,p,2021,05/15/2021 19:25 CDT,97078,21.43,68.64,2.03,8.385,32.91,102096.09
TWB14,Uvalde_2020_02,29.60214,-99.73007,436.7784,6/28/21,p,2021,05/15/2021 19:30 CDT,97080,21.28,70.09,1.625,8.385,24.11,102100.45
TWB14,Uvalde_2020_02,29.60214,-99.73007,436.7784,6/28/21,p,2021,05/15/2021 19:35 CDT,97077,21.15,70.19,1.625,8.385,22.99,102099.91
TWB14,Uvalde_2020_02,29.60214,-99.73007,436.7784,6/28/21,p,2021,05/15/2021 19:40 CDT,97066,21.06,70.5,2.13,8.385,26.82,102090.61
TWB14,Uvalde_2020_02,29.60214,-99.73007,436.7784,6/28/21,p,2021,05/15/2021 19:45 CDT,97049,20.99,71.01,1.47,8.385,26.58,102074.64
TWB14,Uvalde_2020_02,29.60214,-99.73007,436.7784,6/28/21,p,2021,05/15/2021 19:50 CDT,97048,20.91,71.28,1.115,8.385,27.83,102074.64
TWB14,Uvalde_2020_02,29.60214,-99.73007,436.7784,6/28/21,p,2021,05/15/2021 19:55 CDT,97043,20.81,71.14,1.31,8.385,24.73,102071.65
TWB14,Uvalde_2020_02,29.60214,-99.73007,436.7784,6/28/21,p,2021,05/15/2021 20:00 CDT,97043,20.72,71.45,1.42,8.385,18.75,102073.58
TWB14,Uvalde_2020_02,29.60214,-99.73007,436.7784,6/28/21,p,2021,05/15/2021 20:05 CDT,97039,20.64,72.09,1.08,8.385,13.68,102070.59
TWB14,Uvalde_2020_02,29.60214,-99.73007,436.7784,6/28/21,p,2021,05/15/2021 20:10 CDT,97049,20.5,72.26,0.955,8.385,10.31,102083.38
TWB14,Uvalde_2020_02,29.60214,-99.73007,436.7784,6/28/21,p,2021,05/15/2021 20:15 CDT,97052,20.4,72.12,1.195,8.385,6.88,102089
TWB14,Uvalde_2020_02,29.60214,-99.73007,436.7784,6/28/21,p,2021,05/15/2021 20:20 CDT,97063,20.37,72.66,1.35,8.385,3.66,102101.97
TWB14,Uvalde_2020_02,29.60214,-99.73007,436.7784,6/28/21,p,2021,05/15/2021 20:25 CDT,97060,20.24,73.27,0.935,8.385,1.74,102101.09
TWB14,Uvalde_2020_02,29.60214,-99.73007,436.7784,6/28/21,p,2021,05/15/2021 20:30 CDT,97081,20.15,73.34,1.29,8.385,0.36,102124.94
TWB14,Uvalde_2020_02,29.60214,-99.73007,436.7784,6/28/21,p,2021,05/15/2021 20:35 CDT,97092,20.12,72.94,1.23,8.385,0.12,102137.39
TWB14,Uvalde_2020_02,29.60214,-99.73007,436.7784,6/28/21,p,2021,05/15/2021 20:40 CDT,97101,20.2,72.6,1.695,8.385,0,102146.34
TWB14,Uvalde_2020_02,29.60214,-99.73007,436.7784,6/28/21,p,2021,05/15/2021 20:45 CDT,97104,20.17,73.01,1.035,8.385,0,102149.14
TWB14,Uvalde_2020_02,29.60214,-99.73007,436.7784,6/28/21,p,2021,05/15/2021 20:50 CDT,97104,20.08,73.28,1.11,8.385,0,102150.72
TWB14,Uvalde_2020_02,29.60214,-99.73007,436.7784,6/28/21,p,2021,05/15/2021 20:55 CDT,97099,20.04,73.11,1.605,8.385,0,102146.87
TWB14,Uvalde_2020_02,29.60214,-99.73007,436.7784,6/28/21,p,2021,05/15/2021 21:00 CDT,97086,20.1,72.88,1.74,8.385,0,102132.31
TWB14,Uvalde_2020_02,29.60214,-99.73007,436.7784,6/28/21,p,2021,05/15/2021 21:05 CDT,97075,20.2,72.47,2.375,8.385,0,102118.99
TWB14,Uvalde_2020_02,29.60214,-99.73007,436.7784,6/28/21,p,2021,05/15/2021 21:10 CDT,97057,20.2,72.58,1.82,8.385,0,102099.52
TWB14,Uvalde_2020_02,29.60214,-99.73007,436.7784,6/28/21,p,2021,05/15/2021 21:15 CDT,97057,20.17,72.91,1.69,8.385,0,102099.52
TWB14,Uvalde_2020_02,29.60214,-99.73007,436.7784,6/28/21,p,2021,05/15/2021 21:20 CDT,97059,20.18,73.96,1.795,8.385,0,102101.44
TWB14,Uvalde_2020_02,29.60214,-99.73007,436.7784,6/28/21,p,2021,05/15/2021 21:25 CDT,97081,20.26,73.76,2.35,8.385,0,102124.06
TWB14,Uvalde_2020_02,29.60214,-99.73007,436.7784,6/28/21,p,2021,05/15/2021 21:30 CDT,97103,20.34,74.17,2.22,8.385,0,102145.09
TWB14,Uvalde_2020_02,29.60214,-99.73007,436.7784,6/28/21,p,2021,05/15/2021 21:35 CDT,97103,20.32,75.59,2.205,8.385,0,102145.26
TWB14,Uvalde_2020_02,29.60214,-99.73007,436.7784,6/28/21,p,2021,05/15/2021 21:40 CDT,97117,20.38,75.45,2.615,8.385,0,102159.46
TWB14,Uvalde_2020_02,29.60214,-99.73007,436.7784,6/28/21,p,2021,05/15/2021 21:45 CDT,97121,20.45,76.06,1.995,8.385,0,102161.9
TWB14,Uvalde_2020_02,29.60214,-99.73007,436.7784,6/28/21,p,2021,05/15/2021 21:50 CDT,97119,20.47,76.87,2.36,8.385,0,102159.27
TWB14,Uvalde_2020_02,29.60214,-99.73007,436.7784,6/28/21,p,2021,05/15/2021 21:55 CDT,97115,20.45,77.88,2.29,8.385,0,102155.4
TWB14,Uvalde_2020_02,29.60214,-99.73007,436.7784,6/28/21,p,2021,05/15/2021 22:00 CDT,97119,20.51,78.38,2.825,8.385,0,102158.91
TWB14,Uvalde_2020_02,29.60214,-99.73007,436.7784,6/28/21,p,2021,05/15/2021 22:05 CDT,97139,20.57,78.35,2.57,8.385,0,102178.89
TWB14,Uvalde_2020_02,29.60214,-99.73007,436.7784,6/28/21,p,2021,05/15/2021 22:10 CDT,97138,20.55,78.89,2.24,8.385,0,102177.84
TWB14,Uvalde_2020_02,29.60214,-99.73007,436.7784,6/28/21,p,2021,05/15/2021 22:15 CDT,97141,20.47,79.56,1.67,8.385,0,102181.86
TWB14,Uvalde_2020_02,29.60214,-99.73007,436.7784,6/28/21,p,2021,05/15/2021 22:20 CDT,97155,20.45,80.2,2.095,8.385,0,102197.29
TWB14,Uvalde_2020_02,29.60214,-99.73007,436.7784,6/28/21,p,2021,05/15/2021 22:25 CDT,97185,20.5,79.94,1.845,8.385,0,102228.5
TWB14,Uvalde_2020_02,29.60214,-99.73007,436.7784,6/28/21,p,2021,05/15/2021 22:30 CDT,97211,20.53,80.1,1.29,8.385,0,102254.44
TWB14,Uvalde_2020_02,29.60214,-99.73007,436.7784,6/28/21,p,2021,05/15/2021 22:35 CDT,97233,20.53,80.4,2.07,8.385,0,102277.4
TWB14,Uvalde_2020_02,29.60214,-99.73007,436.7784,6/28/21,p,2021,05/15/2021 22:40 CDT,97237,20.59,80.2,1.955,8.385,0,102280.73
TWB14,Uvalde_2020_02,29.60214,-99.73007,436.7784,6/28/21,p,2021,05/15/2021 22:45 CDT,97236,20.65,80.3,1.81,8.385,0,102278.45
TWB14,Uvalde_2020_02,29.60214,-99.73007,436.7784,6/28/21,p,2021,05/15/2021 22:50 CDT,97237,20.71,80.6,2.16,8.385,0,102278.62
TWB14,Uvalde_2020_02,29.60214,-99.73007,436.7784,6/28/21,p,2021,05/15/2021 22:55 CDT,97229,20.77,80.9,2.735,8.385,0,102269.33
TWB14,Uvalde_2020_02,29.60214,-99.73007,436.7784,6/28/21,p,2021,05/15/2021 23:00 CDT,97247,20.83,81.1,2.94,8.385,0,102287.03
TWB14,Uvalde_2020_02,29.60214,-99.73007,436.7784,6/28/21,p,2021,05/15/2021 23:05 CDT,97255,20.82,81.8,2.71,8.385,0,102295.09
TWB14,Uvalde_2020_02,29.60214,-99.73007,436.7784,6/28/21,p,2021,05/15/2021 23:10 CDT,97258,20.81,82.5,3.325,8.385,0,102298.07
TWB14,Uvalde_2020_02,29.60214,-99.73007,436.7784,6/28/21,p,2021,05/15/2021 23:15 CDT,97220,20.75,83,2.91,8.385,0.04,102258.97
TWB14,Uvalde_2020_02,29.60214,-99.73007,436.7784,6/28/21,p,2021,05/15/2021 23:20 CDT,97212,20.72,83.1,2.415,8.385,0.01,102251.43
TWB14,Uvalde_2020_02,29.60214,-99.73007,436.7784,6/28/21,p,2021,05/15/2021 23:25 CDT,97203,20.71,83.2,3.34,8.385,0,102242.32
TWB14,Uvalde_2020_02,29.60214,-99.73007,436.7784,6/28/21,p,2021,05/15/2021 23:30 CDT,97196,20.7,83.5,2.66,8.385,0,102234.95
TWB14,Uvalde_2020_02,29.60214,-99.73007,436.7784,6/28/21,p,2021,05/15/2021 23:35 CDT,97204,20.69,84,2.495,8.385,0,102243.36
TWB14,Uvalde_2020_02,29.60214,-99.73007,436.7784,6/28/21,p,2021,05/15/2021 23:40 CDT,97204,20.68,84.4,2.985,8.385,0,102243.54
TWB14,Uvalde_2020_02,29.60214,-99.73007,436.7784,6/28/21,p,2021,05/15/2021 23:45 CDT,97197,20.67,84.8,3.615,8.385,0,102236.17
TWB14,Uvalde_2020_02,29.60214,-99.73007,436.7784,6/28/21,p,2021,05/15/2021 23:50 CDT,97203,20.67,85.1,3.105,8.385,0,102242.48
TWB14,Uvalde_2020_02,29.60214,-99.73007,436.7784,6/28/21,p,2021,05/15/2021 23:55 CDT,97207,20.66,85.5,3.225,8.385,0,102246.69
TWB14,Uvalde_2020_02,29.60214,-99.73007,436.7784,6/28/21,p,2021,05/16/2021 00:00 CDT,97202,20.64,86,3.1,8.385,0,102241.95
TWB14,Uvalde_2020_02,29.60214,-99.73007,436.7784,6/28/21,p,2021,05/16/2021 00:05 CDT,97206,20.62,86.3,3.09,8.385,0,102246.51
TWB14,Uvalde_2020_02,29.60214,-99.73007,436.7784,6/28/21,p,2021,05/16/2021 00:10 CDT,97217,20.62,86.4,3.105,8.385,0,102258.25
TWB14,Uvalde_2020_02,29.60214,-99.73007,436.7784,6/28/21,p,2021,05/16/2021 00:15 CDT,97217,20.61,86.5,3.56,8.385,0,102258.25
TWB14,Uvalde_2020_02,29.60214,-99.73007,436.7784,6/28/21,p,2021,05/16/2021 00:20 CDT,97218,20.6,86.6,2.185,8.385,0,102259.3
TWB14,Uvalde_2020_02,29.60214,-99.73007,436.7784,6/28/21,p,2021,05/16/2021 00:25 CDT,97217,20.59,86.9,2.105,8.385,0,102258.25
TWB14,Uvalde_2020_02,29.60214,-99.73007,436.7784,6/28/21,p,2021,05/16/2021 00:30 CDT,97220,20.61,87,2.785,8.385,0,102261.4
TWB14,Uvalde_2020_02,29.60214,-99.73007,436.7784,6/28/21,p,2021,05/16/2021 00:35 CDT,97219,20.61,87.2,2.425,8.385,0,102260.35
TWB14,Uvalde_2020_02,29.60214,-99.73007,436.7784,6/28/21,p,2021,05/16/2021 00:40 CDT,97227,20.6,87.6,2.09,8.385,0,102268.76
TWB14,Uvalde_2020_02,29.60214,-99.73007,436.7784,6/28/21,p,2021,05/16/2021 00:45 CDT,97236,20.6,87.8,2.295,8.385,0,102278.23
TWB14,Uvalde_2020_02,29.60214,-99.73007,436.7784,6/28/21,p,2021,05/16/2021 00:50 CDT,97234,20.61,87.8,2.5,8.385,0,102276.12
TWB14,Uvalde_2020_02,29.60214,-99.73007,436.7784,6/28/21,p,2021,05/16/2021 00:55 CDT,97235,20.64,87.8,2.305,8.385,0,102276.82
TWB14,Uvalde_2020_02,29.60214,-99.73007,436.7784,6/28/21,p,2021,05/16/2021 01:00 CDT,97244,20.67,87.8,2.91,8.385,0,102285.94
TWB14,Uvalde_2020_02,29.60214,-99.73007,436.7784,6/28/21,p,2021,05/16/2021 01:05 CDT,97255,20.68,88,2.615,8.385,0,102297.16
TWB14,Uvalde_2020_02,29.60214,-99.73007,436.7784,6/28/21,p,2021,05/16/2021 01:10 CDT,97264,20.67,88.3,2.27,8.385,0,102306.62
TWB14,Uvalde_2020_02,29.60214,-99.73007,436.7784,6/28/21,p,2021,05/16/2021 01:15 CDT,97271,20.67,88.5,1.76,8.385,0,102313.98
TWB14,Uvalde_2020_02,29.60214,-99.73007,436.7784,6/28/21,p,2021,05/16/2021 01:20 CDT,97272,20.68,88.6,2.025,8.385,0,102314.86
TWB14,Uvalde_2020_02,29.60214,-99.73007,436.7784,6/28/21,p,2021,05/16/2021 01:25 CDT,97272,20.68,88.9,2.855,8.385,0,102314.86
TWB14,Uvalde_2020_02,29.60214,-99.73007,436.7784,6/28/21,p,2021,05/16/2021 01:30 CDT,97271,20.67,89.1,2.79,8.3,0,102313.98
TWB14,Uvalde_2020_02,29.60214,-99.73007,436.7784,6/28/21,p,2021,05/16/2021 01:35 CDT,97272,20.66,89.2,1.53,8.3,0,102314.86
TWB14,Uvalde_2020_02,29.60214,-99.73007,436.7784,6/28/21,p,2021,05/16/2021 01:40 CDT,97272,20.66,89.3,1.965,8.3,0,102314.85
TWB14,Uvalde_2020_02,29.60214,-99.73007,436.7784,6/28/21,p,2021,05/16/2021 01:45 CDT,97274,20.67,89.3,1.97,8.3,0,102317.13
TWB14,Uvalde_2020_02,29.60214,-99.73007,436.7784,6/28/21,p,2021,05/16/2021 01:50 CDT,97283,20.71,89,2.125,8.3,0,102326.43
TWB14,Uvalde_2020_02,29.60214,-99.73007,436.7784,6/28/21,p,2021,05/16/2021 01:55 CDT,97293,20.74,88.8,1.32,8.3,0,102336.42
TWB14,Uvalde_2020_02,29.60214,-99.73007,436.7784,6/28/21,p,2021,05/16/2021 02:00 CDT,97302,20.76,88.8,0.69,8.3,0,102345.36
TWB14,Uvalde_2020_02,29.60214,-99.73007,436.7784,6/28/21,p,2021,05/16/2021 02:05 CDT,97300,20.78,88.8,1.28,8.3,0.02,102342.91
TWB14,Uvalde_2020_02,29.60214,-99.73007,436.7784,6/28/21,p,2021,05/16/2021 02:10 CDT,97320,20.81,88.7,0.885,8.3,0,102363.24
TWB14,Uvalde_2020_02,29.60214,-99.73007,436.7784,6/28/21,p,2021,05/16/2021 02:15 CDT,97331,20.85,88.6,0.46,8.3,0,102373.93
TWB14,Uvalde_2020_02,29.60214,-99.73007,436.7784,6/28/21,p,2021,05/16/2021 02:20 CDT,97326,20.85,88.7,0.445,8.3,0,102368.15
TWB14,Uvalde_2020_02,29.60214,-99.73007,436.7784,6/28/21,p,2021,05/16/2021 02:25 CDT,97325,20.83,89,0.635,8.3,0.12,102367.45
TWB14,Uvalde_2020_02,29.60214,-99.73007,436.7784,6/28/21,p,2021,05/16/2021 02:30 CDT,97326,20.81,89.5,0.96,8.3,0.74,102369.02
TWB14,Uvalde_2020_02,29.60214,-99.73007,436.7784,6/28/21,p,2021,05/16/2021 02:35 CDT,97324,20.77,89.9,0.87,8.3,0.24,102367.79
TWB14,Uvalde_2020_02,29.60214,-99.73007,436.7784,6/28/21,p,2021,05/16/2021 02:40 CDT,97317,20.71,90.5,1.04,8.3,0.02,102361.3
TWB14,Uvalde_2020_02,29.60214,-99.73007,436.7784,6/28/21,p,2021,05/16/2021 02:45 CDT,97303,20.64,90.9,0.75,8.3,0,102347.63
TWB14,Uvalde_2020_02,29.60214,-99.73007,436.7784,6/28/21,p,2021,05/16/2021 02:50 CDT,97297,20.62,91,0.8,8.3,0,102341.84
TWB14,Uvalde_2020_02,29.60214,-99.73007,436.7784,6/28/21,p,2021,05/16/2021 02:55 CDT,97290,20.58,91.3,1.02,8.3,0,102335
TWB14,Uvalde_2020_02,29.60214,-99.73007,436.7784,6/28/21,p,2021,05/16/2021 03:00 CDT,97258,20.53,91.6,1.5,8.3,0.01,102302.22
TWB14,Uvalde_2020_02,29.60214,-99.73007,436.7784,6/28/21,p,2021,05/16/2021 03:05 CDT,97257,20.49,91.8,1.22,8.3,0,102302.57
TWB14,Uvalde_2020_02,29.60214,-99.73007,436.7784,6/28/21,p,2021,05/16/2021 03:10 CDT,97270,20.48,92,1.22,8.3,0.03,102316.6
TWB14,Uvalde_2020_02,29.60214,-99.73007,436.7784,6/28/21,p,2021,05/16/2021 03:15 CDT,97271,20.44,92.4,1.125,8.3,0.59,102318.53
TWB14,Uvalde_2020_02,29.60214,-99.73007,436.7784,6/28/21,p,2021,05/16/2021 03:20 CDT,97276,20.39,93,1.85,8.3,0.35,102324.13
TWB14,Uvalde_2020_02,29.60214,-99.73007,436.7784,6/28/21,p,2021,05/16/2021 03:25 CDT,97293,20.31,93.6,0.98,8.3,0,102342.89
TWB14,Uvalde_2020_02,29.60214,-99.73007,436.7784,6/28/21,p,2021,05/16/2021 03:30 CDT,97286,20.22,94.4,0.555,8.3,0,102336.58
TWB14,Uvalde_2020_02,29.60214,-99.73007,436.7784,6/28/21,p,2021,05/16/2021 03:35 CDT,97279,20.16,94.8,0.4,8.3,0,102330.09
TWB14,Uvalde_2020_02,29.60214,-99.73007,436.7784,6/28/21,p,2021,05/16/2021 03:40 CDT,97266,20.11,95.2,0.58,8.3,0,102317.12
TWB14,Uvalde_2020_02,29.60214,-99.73007,436.7784,6/28/21,p,2021,05/16/2021 03:45 CDT,97258,20.07,95.5,0.78,8.3,0,102309.41
TWB14,Uvalde_2020_02,29.60214,-99.73007,436.7784,6/28/21,p,2021,05/16/2021 03:50 CDT,97264,20.05,95.7,0.505,8.3,0,102316.25
TWB14,Uvalde_2020_02,29.60214,-99.73007,436.7784,6/28/21,p,2021,05/16/2021 03:55 CDT,97272,20.02,95.7,0.43,8.3,0,102325.37
TWB14,Uvalde_2020_02,29.60214,-99.73007,436.7784,6/28/21,p,2021,05/16/2021 04:00 CDT,97274,20.03,95.8,0.095,8.3,0,102327.65
TWB14,Uvalde_2020_02,29.60214,-99.73007,436.7784,6/28/21,p,2021,05/16/2021 04:05 CDT,97274,20.03,95.9,0.115,8.3,0,102327.47
TWB14,Uvalde_2020_02,29.60214,-99.73007,436.7784,6/28/21,p,2021,05/16/2021 04:10 CDT,97265,20.03,96,0.495,8.3,0,102318
TWB14,Uvalde_2020_02,29.60214,-99.73007,436.7784,6/28/21,p,2021,05/16/2021 04:15 CDT,97242,19.98,96.1,0.44,8.3,0,102294.51
TWB14,Uvalde_2020_02,29.60214,-99.73007,436.7784,6/28/21,p,2021,05/16/2021 04:20 CDT,97223,19.93,96.2,0.29,8.3,0,102275.58
TWB14,Uvalde_2020_02,29.60214,-99.73007,436.7784,6/28/21,p,2021,05/16/2021 04:25 CDT,97214,19.88,96.3,0.305,8.3,0,102267
TWB14,Uvalde_2020_02,29.60214,-99.73007,436.7784,6/28/21,p,2021,05/16/2021 04:30 CDT,97193,19.84,96.3,0.325,8.3,0.03,102245.79
TWB14,Uvalde_2020_02,29.60214,-99.73007,436.7784,6/28/21,p,2021,05/16/2021 04:35 CDT,97161,19.81,96.4,1.095,8.3,0,102213
TWB14,Uvalde_2020_02,29.60214,-99.73007,436.7784,6/28/21,p,2021,05/16/2021 04:40 CDT,97146,19.81,96.3,0.7,8.3,0.12,102197.75
TWB14,Uvalde_2020_02,29.60214,-99.73007,436.7784,6/28/21,p,2021,05/16/2021 04:45 CDT,97135,19.81,96.3,0.53,8.3,0.06,102186.18
TWB14,Uvalde_2020_02,29.60214,-99.73007,436.7784,6/28/21,p,2021,05/16/2021 04:50 CDT,97109,19.78,96.3,0.83,8.3,0.02,102159.53
TWB14,Uvalde_2020_02,29.60214,-99.73007,436.7784,6/28/21,p,2021,05/16/2021 04:55 CDT,97101,19.73,96.3,0.785,8.3,0.05,102152.53
TWB14,Uvalde_2020_02,29.60214,-99.73007,436.7784,6/28/21,p,2021,05/16/2021 05:00 CDT,97111,19.73,96.4,0.24,8.3,0,102163.23
TWB14,Uvalde_2020_02,29.60214,-99.73007,436.7784,6/28/21,p,2021,05/16/2021 05:05 CDT,97115,19.72,96.2,0.05,8.3,0,102167.44
TWB14,Uvalde_2020_02,29.60214,-99.73007,436.7784,6/28/21,p,2021,05/16/2021 05:10 CDT,97105,19.67,96.3,0.215,8.3,0.13,102157.97
TWB14,Uvalde_2020_02,29.60214,-99.73007,436.7784,6/28/21,p,2021,05/16/2021 05:15 CDT,97077,19.6,96.4,0.585,8.3,0,102129.58
TWB14,Uvalde_2020_02,29.60214,-99.73007,436.7784,6/28/21,p,2021,05/16/2021 05:20 CDT,97057,19.49,96.4,0.64,8.3,0,102109.59
TWB14,Uvalde_2020_02,29.60214,-99.73007,436.7784,6/28/21,p,2021,05/16/2021 05:25 CDT,97023,19.34,96.6,1.64,8.3,0,102076.65
TWB14,Uvalde_2020_02,29.60214,-99.73007,436.7784,6/28/21,p,2021,05/16/2021 05:30 CDT,97013,19.27,96.8,1.16,8.3,0.06,102067.36
TWB14,Uvalde_2020_02,29.60214,-99.73007,436.7784,6/28/21,p,2021,05/16/2021 05:35 CDT,97012,19.2,96.9,1.045,8.3,0.05,102067.55
TWB14,Uvalde_2020_02,29.60214,-99.73007,436.7784,6/28/21,p,2021,05/16/2021 05:40 CDT,97009,19.11,97,0.985,8.3,0,102065.99
TWB14,Uvalde_2020_02,29.60214,-99.73007,436.7784,6/28/21,p,2021,05/16/2021 05:45 CDT,97014,19.05,97.1,1.685,8.3,0,102072.48
TWB14,Uvalde_2020_02,29.60214,-99.73007,436.7784,6/28/21,p,2021,05/16/2021 05:50 CDT,97021,19.06,97.3,1.725,8.3,0,102080.38
TWB14,Uvalde_2020_02,29.60214,-99.73007,436.7784,6/28/21,p,2021,05/16/2021 05:55 CDT,97021,19.05,97.3,1.655,8.3,0,102080.38
TWB14,Uvalde_2020_02,29.60214,-99.73007,436.7784,6/28/21,p,2021,05/16/2021 06:00 CDT,97010,19.01,97.4,1.62,8.3,0,102068.98
TWB14,Uvalde_2020_02,29.60214,-99.73007,436.7784,6/28/21,p,2021,05/16/2021 06:05 CDT,96991,18.95,97.4,1.75,8.3,0,102050.23
TWB14,Uvalde_2020_02,29.60214,-99.73007,436.7784,6/28/21,p,2021,05/16/2021 06:10 CDT,96979,18.93,97.4,1.62,8.3,0,102038.49
TWB14,Uvalde_2020_02,29.60214,-99.73007,436.7784,6/28/21,p,2021,05/16/2021 06:15 CDT,96959,18.89,97.6,1.94,8.3,0,102018.51
TWB14,Uvalde_2020_02,29.60214,-99.73007,436.7784,6/28/21,p,2021,05/16/2021 06:20 CDT,96933,19.03,97.8,2.865,8.3,0,101989.56
TWB14,Uvalde_2020_02,29.60214,-99.73007,436.7784,6/28/21,p,2021,05/16/2021 06:25 CDT,96923,19.31,97.4,2.945,8.3,0,101974.97
TWB14,Uvalde_2020_02,29.60214,-99.73007,436.7784,6/28/21,p,2021,05/16/2021 06:30 CDT,96952,19.41,97.3,1.85,8.3,0,102003.01
TWB14,Uvalde_2020_02,29.60214,-99.73007,436.7784,6/28/21,p,2021,05/16/2021 06:35 CDT,96980,19.45,97.2,2.355,8.3,0,102032.11
TWB14,Uvalde_2020_02,29.60214,-99.73007,436.7784,6/28/21,p,2021,05/16/2021 06:40 CDT,96987,19.47,97.1,2.52,8.3,0,102038.59
TWB14,Uvalde_2020_02,29.60214,-99.73007,436.7784,6/28/21,p,2021,05/16/2021 06:45 CDT,96984,19.5,97.1,2.83,8.3,0,102034.55
TWB14,Uvalde_2020_02,29.60214,-99.73007,436.7784,6/28/21,p,2021,05/16/2021 06:50 CDT,96993,19.54,97.1,2.625,8.3,0.29,102042.96
TWB14,Uvalde_2020_02,29.60214,-99.73007,436.7784,6/28/21,p,2021,05/16/2021 06:55 CDT,97009,19.59,97.1,2.535,8.3,0.83,102058.74
TWB14,Uvalde_2020_02,29.60214,-99.73007,436.7784,6/28/21,p,2021,05/16/2021 07:00 CDT,97042,19.66,97,2.96,8.3,0.81,102092.93
TWB14,Uvalde_2020_02,29.60214,-99.73007,436.7784,6/28/21,p,2021,05/16/2021 07:05 CDT,97067,19.7,96.8,2.14,8.3,1.44,102118.35
TWB14,Uvalde_2020_02,29.60214,-99.73007,436.7784,6/28/21,p,2021,05/16/2021 07:10 CDT,97075,19.72,96.8,1.88,8.3,5.43,102126.23
TWB14,Uvalde_2020_02,29.60214,-99.73007,436.7784,6/28/21,p,2021,05/16/2021 07:15 CDT,97085,19.74,96.6,1.795,8.3,8.78,102136.05
TWB14,Uvalde_2020_02,29.60214,-99.73007,436.7784,6/28/21,p,2021,05/16/2021 07:20 CDT,97088,19.77,96.6,1.655,8.3,6.82,102138.85
TWB14,Uvalde_2020_02,29.60214,-99.73007,436.7784,6/28/21,p,2021,05/16/2021 07:25 CDT,97099,19.83,96.5,1.51,8.3,4.8,102149.37
TWB14,Uvalde_2020_02,29.60214,-99.73007,436.7784,6/28/21,p,2021,05/16/2021 07:30 CDT,97099,19.86,96.4,1.955,8.3,5.46,102148.66
TWB14,Uvalde_2020_02,29.60214,-99.73007,436.7784,6/28/21,p,2021,05/16/2021 07:35 CDT,97098,19.91,96.3,1.785,8.3,9.56,102147.08
TWB14,Uvalde_2020_02,29.60214,-99.73007,436.7784,6/28/21,p,2021,05/16/2021 07:40 CDT,97101,19.96,95.9,1.825,8.3,11.59,102150.24
TWB14,Uvalde_2020_02,29.60214,-99.73007,436.7784,6/28/21,p,2021,05/16/2021 07:45 CDT,97099,19.98,95.7,1.6,8.3,12.16,102147.25
TWB14,Uvalde_2020_02,29.60214,-99.73007,436.7784,6/28/21,p,2021,05/16/2021 07:50 CDT,97104,19.99,95.8,1.31,8.3,17.75,102152.16
TWB14,Uvalde_2020_02,29.60214,-99.73007,436.7784,6/28/21,p,2021,05/16/2021 07:55 CDT,97097,20.01,95.7,1.715,8.3,24.77,102143.92
TWB14,Uvalde_2020_02,29.60214,-99.73007,436.7784,6/28/21,p,2021,05/16/2021 08:00 CDT,97087,20.02,95.5,1.67,8.3,35.39,102133.05
TWB14,Uvalde_2020_02,29.60214,-99.73007,436.7784,6/28/21,p,2021,05/16/2021 08:05 CDT,97072,20.05,95.6,1.51,8.3,54.58,102116.39
TWB14,Uvalde_2020_02,29.60214,-99.73007,436.7784,6/28/21,p,2021,05/16/2021 08:10 CDT,97061,20.1,95.6,1.15,8.3,50.57,102103.58
TWB14,Uvalde_2020_02,29.60214,-99.73007,436.7784,6/28/21,p,2021,05/16/2021 08:15 CDT,97071,20.16,95.5,0.72,8.3,39,102113.05
TWB14,Uvalde_2020_02,29.60214,-99.73007,436.7784,6/28/21,p,2021,05/16/2021 08:20 CDT,97068,20.17,95.6,0.84,8.3,36.75,102109.19
TWB14,Uvalde_2020_02,29.60214,-99.73007,436.7784,6/28/21,p,2021,05/16/2021 08:25 CDT,97064,20.2,95.5,0.975,8.3,57.79,102104.28
TWB14,Uvalde_2020_02,29.60214,-99.73007,436.7784,6/28/21,p,2021,05/16/2021 08:30 CDT,97060,20.29,95.7,1.005,8.3,80.21,102098.49
TWB14,Uvalde_2020_02,29.60214,-99.73007,436.7784,6/28/21,p,2021,05/16/2021 08:35 CDT,97059,20.38,95.3,1.095,8.3,85.85,102095.86
TWB14,Uvalde_2020_02,29.60214,-99.73007,436.7784,6/28/21,p,2021,05/16/2021 08:40 CDT,97059,20.44,95.3,0.93,8.3,84.46,102094.98
TWB14,Uvalde_2020_02,29.60214,-99.73007,436.7784,6/28/21,p,2021,05/16/2021 08:45 CDT,97057,20.56,95.3,1.03,8.3,68.94,102090.42
TWB14,Uvalde_2020_02,29.60214,-99.73007,436.7784,6/28/21,p,2021,05/16/2021 08:50 CDT,97061,20.59,95,1.165,8.3,44.7,102093.58
TWB14,Uvalde_2020_02,29.60214,-99.73007,436.7784,6/28/21,p,2021,05/16/2021 08:55 CDT,97069,20.59,94.8,1.435,8.3,42,102101.82
TWB14,Uvalde_2020_02,29.60214,-99.73007,436.7784,6/28/21,p,2021,05/16/2021 09:00 CDT,97061,20.61,95,1.52,8.3,50.98,102093.23
TWB14,Uvalde_2020_02,29.60214,-99.73007,436.7784,6/28/21,p,2021,05/16/2021 09:05 CDT,97060,20.63,94.5,2.265,8.3,44.66,102092
TWB14,Uvalde_2020_02,29.60214,-99.73007,436.7784,6/28/21,p,2021,05/16/2021 09:10 CDT,97064,20.6,94.5,2.53,8.3,33.94,102096.91
TWB14,Uvalde_2020_02,29.60214,-99.73007,436.7784,6/28/21,p,2021,05/16/2021 09:15 CDT,97062,20.59,94.8,1.7,8.3,46.88,102095.16
TWB14,Uvalde_2020_02,29.60214,-99.73007,436.7784,6/28/21,p,2021,05/16/2021 09:20 CDT,97086,20.65,94.6,1.895,8.3,59.67,102119.7
TWB14,Uvalde_2020_02,29.60214,-99.73007,436.7784,6/28/21,p,2021,05/16/2021 09:25 CDT,97098,20.73,94.4,1.92,8.3,65.99,102131.27
TWB14,Uvalde_2020_02,29.60214,-99.73007,436.7784,6/28/21,p,2021,05/16/2021 09:30 CDT,97096,20.78,94,2.275,8.3,67.37,102127.77
TWB14,Uvalde_2020_02,29.60214,-99.73007,436.7784,6/28/21,p,2021,05/16/2021 09:35 CDT,97102,20.76,94.2,2.425,8.3,57.61,102134.08
TWB14,Uvalde_2020_02,29.60214,-99.73007,436.7784,6/28/21,p,2021,05/16/2021 09:40 CDT,97102,20.79,94.2,2.295,8.3,64.68,102133.38
TWB14,Uvalde_2020_02,29.60214,-99.73007,436.7784,6/28/21,p,2021,05/16/2021 09:45 CDT,97101,20.83,94.5,2.07,8.3,64.77,102131.63
TWB14,Uvalde_2020_02,29.60214,-99.73007,436.7784,6/28/21,p,2021,05/16/2021 09:50 CDT,97095,20.85,94.4,2.06,8.3,62.53,102124.97
TWB14,Uvalde_2020_02,29.60214,-99.73007,436.7784,6/28/21,p,2021,05/16/2021 09:55 CDT,97083,20.85,94.1,2.885,8.3,50.61,102112.17
TWB14,Uvalde_2020_02,29.60214,-99.73007,436.7784,6/28/21,p,2021,05/16/2021 10:00 CDT,97083,20.84,94.5,1.65,8.3,56.48,102112.69
TWB14,Uvalde_2020_02,29.60214,-99.73007,436.7784,6/28/21,p,2021,05/16/2021 10:05 CDT,97082,20.92,94.2,1.295,8.3,57.32,102110.42
TWB14,Uvalde_2020_02,29.60214,-99.73007,436.7784,6/28/21,p,2021,05/16/2021 10:10 CDT,97081,20.95,94.2,2.21,8.3,55.59,102108.67
TWB14,Uvalde_2020_02,29.60214,-99.73007,436.7784,6/28/21,p,2021,05/16/2021 10:15 CDT,97081,20.92,94.2,2.33,8.3,65.42,102108.84
TWB14,Uvalde_2020_02,29.60214,-99.73007,436.7784,6/28/21,p,2021,05/16/2021 10:20 CDT,97079,20.93,94.1,2.405,8.3,100.96,102106.91
TWB14,Uvalde_2020_02,29.60214,-99.73007,436.7784,6/28/21,p,2021,05/16/2021 10:25 CDT,97079,21.07,94.1,1.85,8.3,118.76,102104.99
TWB14,Uvalde_2020_02,29.60214,-99.73007,436.7784,6/28/21,p,2021,05/16/2021 10:30 CDT,97081,21.21,92.7,2.25,8.3,89.87,102104.66
TWB14,Uvalde_2020_02,29.60214,-99.73007,436.7784,6/28/21,p,2021,05/16/2021 10:35 CDT,97087,21.3,92.5,2.065,8.3,79.78,102109.57
TWB14,Uvalde_2020_02,29.60214,-99.73007,436.7784,6/28/21,p,2021,05/16/2021 10:40 CDT,97090,21.38,92.5,1.29,8.3,78.31,102111.16
TWB14,Uvalde_2020_02,29.60214,-99.73007,436.7784,6/28/21,p,2021,05/16/2021 10:45 CDT,97092,21.52,92.6,0.845,8.3,98.41,102110.82
TWB14,Uvalde_2020_02,29.60214,-99.73007,436.7784,6/28/21,p,2021,05/16/2021 10:50 CDT,97084,21.71,91.4,0.73,8.3,110.58,102099.28
TWB14,Uvalde_2020_02,29.60214,-99.73007,436.7784,6/28/21,p,2021,05/16/2021 10:55 CDT,97079,21.8,91.3,1.485,8.3,119.81,102091.94
TWB14,Uvalde_2020_02,29.60214,-99.73007,436.7784,6/28/21,p,2021,05/16/2021 11:00 CDT,97093,21.93,90.3,1.055,8.3,86.78,102103.89
TWB14,Uvalde_2020_02,29.60214,-99.73007,436.7784,6/28/21,p,2021,05/16/2021 11:05 CDT,97092,21.91,90,1.355,8.3,79.57,102102.49
TWB14,Uvalde_2020_02,29.60214,-99.73007,436.7784,6/28/21,p,2021,05/16/2021 11:10 CDT,97091,21.91,90,1.375,8.3,66.3,102101.44
TWB14,Uvalde_2020_02,29.60214,-99.73007,436.7784,6/28/21,p,2021,05/16/2021 11:15 CDT,97081,21.86,90.1,1.2,8.3,74.42,102091.62
TWB14,Uvalde_2020_02,29.60214,-99.73007,436.7784,6/28/21,p,2021,05/16/2021 11:20 CDT,97077,21.87,90.8,0.995,8.3,76.43,102087.58
TWB14,Uvalde_2020_02,29.60214,-99.73007,436.7784,6/28/21,p,2021,05/16/2021 11:25 CDT,97076,21.88,90.2,1.065,8.3,70.56,102086.18
TWB14,Uvalde_2020_02,29.60214,-99.73007,436.7784,6/28/21,p,2021,05/16/2021 11:30 CDT,97077,21.9,90.9,0.755,8.3,67.13,102086.71
TWB14,Uvalde_2020_02,29.60214,-99.73007,436.7784,6/28/21,p,2021,05/16/2021 11:35 CDT,97076,21.87,91.5,0.845,8.3,80.41,102085.48
TWB14,Uvalde_2020_02,29.60214,-99.73007,436.7784,6/28/21,p,2021,05/16/2021 11:40 CDT,97076,21.84,91.5,1.43,8.3,89.37,102086.18
TWB14,Uvalde_2020_02,29.60214,-99.73007,436.7784,6/28/21,p,2021,05/16/2021 11:45 CDT,97076,21.9,91.8,0.63,8.3,79.93,102085.65
TWB14,Uvalde_2020_02,29.60214,-99.73007,436.7784,6/28/21,p,2021,05/16/2021 11:50 CDT,97070,21.95,92.2,1.055,8.3,119.76,102078.65
TWB14,Uvalde_2020_02,29.60214,-99.73007,436.7784,6/28/21,p,2021,05/16/2021 11:55 CDT,97062,22.08,92,1,8.3,171.51,102068.33
TWB14,Uvalde_2020_02,29.60214,-99.73007,436.7784,6/28/21,p,2021,05/16/2021 12:00 CDT,97051,22.24,91,0.845,8.3,253.12,102053.99
TWB14,Uvalde_2020_02,29.60214,-99.73007,436.7784,6/28/21,p,2021,05/16/2021 12:05 CDT,97041,22.67,90.9,0.755,8.3,351.84,102038.46
TWB14,Uvalde_2020_02,29.60214,-99.73007,436.7784,6/28/21,p,2021,05/16/2021 12:10 CDT,97028,23.2,87.2,1.415,8.3,473.52,102017.05
TWB14,Uvalde_2020_02,29.60214,-99.73007,436.7784,6/28/21,p,2021,05/16/2021 12:15 CDT,97028,23.49,86.5,1.12,8.3,502.03,102008.97
TWB14,Uvalde_2020_02,29.60214,-99.73007,436.7784,6/28/21,p,2021,05/16/2021 12:20 CDT,97034,23.96,83.2,1.28,8.3,362.01,102006.05
TWB14,Uvalde_2020_02,29.60214,-99.73007,436.7784,6/28/21,p,2021,05/16/2021 12:25 CDT,97036,23.9,82,1.595,8.3,279.87,102007.82
TWB14,Uvalde_2020_02,29.60214,-99.73007,436.7784,6/28/21,p,2021,05/16/2021 12:30 CDT,97038,23.76,85.6,1.7,8.3,224.87,102010.92
TWB14,Uvalde_2020_02,29.60214,-99.73007,436.7784,6/28/21,p,2021,05/16/2021 12:35 CDT,97039,23.83,82.9,1.295,8.3,225.64,102011.82
TWB14,Uvalde_2020_02,29.60214,-99.73007,436.7784,6/28/21,p,2021,05/16/2021 12:40 CDT,97038,23.8,82.6,1.175,8.3,106.3,102010.43
TWB14,Uvalde_2020_02,29.60214,-99.73007,436.7784,6/28/21,p,2021,05/16/2021 12:45 CDT,97042,23.64,84.3,1.45,8.3,57.27,102017.19
TWB14,Uvalde_2020_02,29.60214,-99.73007,436.7784,6/28/21,p,2021,05/16/2021 12:50 CDT,97037,23.34,86.1,1.965,8.3,173.54,102017.58
TWB14,Uvalde_2020_02,29.60214,-99.73007,436.7784,6/28/21,p,2021,05/16/2021 12:55 CDT,97027,23.36,86,1.29,8.3,210.02,102009.3
TWB14,Uvalde_2020_02,29.60214,-99.73007,436.7784,6/28/21,p,2021,05/16/2021 13:00 CDT,97019,23.64,82.5,1.99,8.3,277.24,101996.79
TWB14,Uvalde_2020_02,29.60214,-99.73007,436.7784,6/28/21,p,2021,05/16/2021 13:05 CDT,97010,23.87,81.7,2.325,8.3,328.16,101982.37
TWB14,Uvalde_2020_02,29.60214,-99.73007,436.7784,6/28/21,p,2021,05/16/2021 13:10 CDT,97005,24.04,81,2.29,8.3,341.27,101973.53
TWB14,Uvalde_2020_02,29.60214,-99.73007,436.7784,6/28/21,p,2021,05/16/2021 13:15 CDT,97001,24.24,79.5,2.355,8.3,259.56,101966.26
TWB14,Uvalde_2020_02,29.60214,-99.73007,436.7784,6/28/21,p,2021,05/16/2021 13:20 CDT,96999,24.3,80.2,2.085,8.3,275.49,101962.45
TWB14,Uvalde_2020_02,29.60214,-99.73007,436.7784,6/28/21,p,2021,05/16/2021 13:25 CDT,96992,24.43,78.56,2.015,8.3,232.65,101953.4
TWB14,Uvalde_2020_02,29.60214,-99.73007,436.7784,6/28/21,p,2021,05/16/2021 13:30 CDT,96990,24.44,80.2,1.565,8.3,124.76,101950.77
TWB14,Uvalde_2020_02,29.60214,-99.73007,436.7784,6/28/21,p,2021,05/16/2021 13:35 CDT,96991,24.41,80.4,1.66,8.3,166.91,101952.33
TWB14,Uvalde_2020_02,29.60214,-99.73007,436.7784,6/28/21,p,2021,05/16/2021 13:40 CDT,96991,24.55,77.48,1.71,8.3,217.5,101950.82
TWB14,Uvalde_2020_02,29.60214,-99.73007,436.7784,6/28/21,p,2021,05/16/2021 13:45 CDT,96985,24.6,78.93,2.17,8.3,221.21,101943.14
TWB14,Uvalde_2020_02,29.60214,-99.73007,436.7784,6/28/21,p,2021,05/16/2021 13:50 CDT,96984,24.65,78.32,1.83,8.3,206.16,101941.07
TWB14,Uvalde_2020_02,29.60214,-99.73007,436.7784,6/28/21,p,2021,05/16/2021 13:55 CDT,96978,24.58,79.23,2.16,8.3,192.28,101935.27
TWB14,Uvalde_2020_02,29.60214,-99.73007,436.7784,6/28/21,p,2021,05/16/2021 14:00 CDT,96976,24.64,79.43,1.73,8.3,216.68,101932.48
TWB14,Uvalde_2020_02,29.60214,-99.73007,436.7784,6/28/21,p,2021,05/16/2021 14:05 CDT,96974,24.72,76.33,2.12,8.3,303.44,101929.05
TWB14,Uvalde_2020_02,29.60214,-99.73007,436.7784,6/28/21,p,2021,05/16/2021 14:10 CDT,96962,24.86,78.21,1.42,8.3,306.18,101914.89
TWB14,Uvalde_2020_02,29.60214,-99.73007,436.7784,6/28/21,p,2021,05/16/2021 14:15 CDT,96956,25.07,75.52,1.885,8.3,249.3,101904.53
TWB14,Uvalde_2020_02,29.60214,-99.73007,436.7784,6/28/21,p,2021,05/16/2021 14:20 CDT,96954,24.97,75.11,2.33,8.3,199.63,101903.11
TWB14,Uvalde_2020_02,29.60214,-99.73007,436.7784,6/28/21,p,2021,05/16/2021 14:25 CDT,96949,24.99,76.46,1.58,8.3,185.16,101898.52
TWB14,Uvalde_2020_02,29.60214,-99.73007,436.7784,6/28/21,p,2021,05/16/2021 14:30 CDT,96950,24.99,76.39,1.925,8.3,135.01,101899.4
TWB14,Uvalde_2020_02,29.60214,-99.73007,436.7784,6/28/21,p,2021,05/16/2021 14:35 CDT,96947,24.87,76.45,1.745,8.3,137.55,101897.78
TWB14,Uvalde_2020_02,29.60214,-99.73007,436.7784,6/28/21,p,2021,05/16/2021 14:40 CDT,96944,24.91,75.64,1.485,8.3,154.15,101895.31
TWB14,Uvalde_2020_02,29.60214,-99.73007,436.7784,6/28/21,p,2021,05/16/2021 14:45 CDT,96942,25.02,73.29,2.19,8.3,199.7,101891.7
TWB14,Uvalde_2020_02,29.60214,-99.73007,436.7784,6/28/21,p,2021,05/16/2021 14:50 CDT,96928,25.08,72.71,2.105,8.3,346.11,101876.82
TWB14,Uvalde_2020_02,29.60214,-99.73007,436.7784,6/28/21,p,2021,05/16/2021 14:55 CDT,96918,25.38,72.21,1.635,8.3,431.84,101861.91
TWB14,Uvalde_2020_02,29.60214,-99.73007,436.7784,6/28/21,p,2021,05/16/2021 15:00 CDT,96907,25.59,71.43,1.71,8.3,360.68,101845.11
TWB14,Uvalde_2020_02,29.60214,-99.73007,436.7784,6/28/21,p,2021,05/16/2021 15:05 CDT,96895,25.86,69.21,1.895,8.3,436.02,101827.79
TWB14,Uvalde_2020_02,29.60214,-99.73007,436.7784,6/28/21,p,2021,05/16/2021 15:10 CDT,96890,26.12,68.2,1.725,8.3,532.56,101817.83
TWB14,Uvalde_2020_02,29.60214,-99.73007,436.7784,6/28/21,p,2021,05/16/2021 15:15 CDT,96874,26.35,66.95,2.02,8.3,514.33,101796.48
TWB14,Uvalde_2020_02,29.60214,-99.73007,436.7784,6/28/21,p,2021,05/16/2021 15:20 CDT,96865,26.35,69.82,2.545,8.3,569.32,101786.16
TWB14,Uvalde_2020_02,29.60214,-99.73007,436.7784,6/28/21,p,2021,05/16/2021 15:25 CDT,96865,26.53,68.81,2.03,8.3,495.79,101782.81
TWB14,Uvalde_2020_02,29.60214,-99.73007,436.7784,6/28/21,p,2021,05/16/2021 15:30 CDT,96861,26.96,67.12,1.55,8.3,600.76,101773.27
TWB14,Uvalde_2020_02,29.60214,-99.73007,436.7784,6/28/21,p,2021,05/16/2021 15:35 CDT,96847,27.28,66.38,1.835,8.3,548.5,101752.88
TWB14,Uvalde_2020_02,29.60214,-99.73007,436.7784,6/28/21,p,2021,05/16/2021 15:40 CDT,96836,27.63,63.27,1.705,8.3,634.45,101735.19
TWB14,Uvalde_2020_02,29.60214,-99.73007,436.7784,6/28/21,p,2021,05/16/2021 15:45 CDT,96833,27.66,63.51,3.205,8.3,747.85,101728.37
TWB14,Uvalde_2020_02,29.60214,-99.73007,436.7784,6/28/21,p,2021,05/16/2021 15:50 CDT,96828,27.59,63.94,2.52,8.3,372.97,101724.28
TWB14,Uvalde_2020_02,29.60214,-99.73007,436.7784,6/28/21,p,2021,05/16/2021 15:55 CDT,96825,27.39,62.42,2.935,8.3,470.34,101724.64
TWB14,Uvalde_2020_02,29.60214,-99.73007,436.7784,6/28/21,p,2021,05/16/2021 16:00 CDT,96815,27.43,62.76,2.805,8.3,682.57,101714.96
TWB14,Uvalde_2020_02,29.60214,-99.73007,436.7784,6/28/21,p,2021,05/16/2021 16:05 CDT,96798,27.88,60.73,2.23,8.3,624.28,101690.47
TWB14,Uvalde_2020_02,29.60214,-99.73007,436.7784,6/28/21,p,2021,05/16/2021 16:10 CDT,96792,28.18,60.84,2.32,8.3,599.42,101678.03
TWB14,Uvalde_2020_02,29.60214,-99.73007,436.7784,6/28/21,p,2021,05/16/2021 16:15 CDT,96794,28.01,60.12,2.735,8.3,594.68,101681.13
TWB14,Uvalde_2020_02,29.60214,-99.73007,436.7784,6/28/21,p,2021,05/16/2021 16:20 CDT,96788,27.89,59.04,2.86,8.3,568.2,101677.82
TWB14,Uvalde_2020_02,29.60214,-99.73007,436.7784,6/28/21,p,2021,05/16/2021 16:25 CDT,96779,28.31,59.78,2.495,8.3,591.56,101663.89
TWB14,Uvalde_2020_02,29.60214,-99.73007,436.7784,6/28/21,p,2021,05/16/2021 16:30 CDT,96780,28.26,56.72,2.675,8.3,542.24,101663.48
TWB14,Uvalde_2020_02,29.60214,-99.73007,436.7784,6/28/21,p,2021,05/16/2021 16:35 CDT,96772,28.19,57.83,2.615,8.3,524.75,101656.72
TWB14,Uvalde_2020_02,29.60214,-99.73007,436.7784,6/28/21,p,2021,05/16/2021 16:40 CDT,96764,28.38,58.91,2.98,8.3,564.6,101646.32
TWB14,Uvalde_2020_02,29.60214,-99.73007,436.7784,6/28/21,p,2021,05/16/2021 16:45 CDT,96761,28.56,57.05,2.495,8.3,532.06,101640.54
TWB14,Uvalde_2020_02,29.60214,-99.73007,436.7784,6/28/21,p,2021,05/16/2021 16:50 CDT,96752,28.49,56.35,2.195,8.3,517.8,101630.93
TWB14,Uvalde_2020_02,29.60214,-99.73007,436.7784,6/28/21,p,2021,05/16/2021 16:55 CDT,96746,28.8,55.47,2.51,8.3,533,101620.67
TWB14,Uvalde_2020_02,29.60214,-99.73007,436.7784,6/28/21,p,2021,05/16/2021 17:00 CDT,96751,28.61,57.12,3.74,8.3,545.03,101627.23
TWB14,Uvalde_2020_02,29.60214,-99.73007,436.7784,6/28/21,p,2021,05/16/2021 17:05 CDT,96754,28.46,56.89,3.97,8.3,378.45,101633.69
TWB14,Uvalde_2020_02,29.60214,-99.73007,436.7784,6/28/21,p,2021,05/16/2021 17:10 CDT,96754,27.79,58.64,3.23,8.3,195.97,101644.6
TWB14,Uvalde_2020_02,29.60214,-99.73007,436.7784,6/28/21,p,2021,05/16/2021 17:15 CDT,96757,27.84,60.02,2.215,8.3,277.52,101650.39
TWB14,Uvalde_2020_02,29.60214,-99.73007,436.7784,6/28/21,p,2021,05/16/2021 17:20 CDT,96760,28.09,61.4,2.98,8.3,178.36,101648.55
TWB14,Uvalde_2020_02,29.60214,-99.73007,436.7784,6/28/21,p,2021,05/16/2021 17:25 CDT,96763,27.82,63.52,3.415,8.3,308.41,101654.67
TWB14,Uvalde_2020_02,29.60214,-99.73007,436.7784,6/28/21,p,2021,05/16/2021 17:30 CDT,96765,27.26,67.83,4.27,8.3,123.18,101664.88
TWB14,Uvalde_2020_02,29.60214,-99.73007,436.7784,6/28/21,p,2021,05/16/2021 17:35 CDT,96764,26.75,69.31,3.065,8.3,199.78,101674.34
TWB14,Uvalde_2020_02,29.60214,-99.73007,436.7784,6/28/21,p,2021,05/16/2021 17:40 CDT,96749,27.13,67.73,2.705,8.3,393.43,101654.74
TWB14,Uvalde_2020_02,29.60214,-99.73007,436.7784,6/28/21,p,2021,05/16/2021 17:45 CDT,96737,27.51,65.64,3.615,8.3,405.32,101635.32
TWB14,Uvalde_2020_02,29.60214,-99.73007,436.7784,6/28/21,p,2021,05/16/2021 17:50 CDT,96736,27.49,66.72,4.065,8.3,260.02,101631.59
TWB14,Uvalde_2020_02,29.60214,-99.73007,436.7784,6/28/21,p,2021,05/16/2021 17:55 CDT,96734,27.42,64.76,3.31,8.3,357.55,101631.84
TWB14,Uvalde_2020_02,29.60214,-99.73007,436.7784,6/28/21,p,2021,05/16/2021 18:00 CDT,96729,27.56,64.76,2.895,8.3,184.54,101624.26
TWB14,Uvalde_2020_02,29.60214,-99.73007,436.7784,6/28/21,p,2021,05/16/2021 18:05 CDT,96719,27.13,67.09,2.9,8.3,187.14,101619.06
TWB14,Uvalde_2020_02,29.60214,-99.73007,436.7784,6/28/21,p,2021,05/16/2021 18:10 CDT,96717,27.29,65.98,3.845,8.3,190.11,101616.63
TWB14,Uvalde_2020_02,29.60214,-99.73007,436.7784,6/28/21,p,2021,05/16/2021 18:15 CDT,96717,26.83,68.54,3.455,8.3,76.63,101622.95
TWB14,Uvalde_2020_02,29.60214,-99.73007,436.7784,6/28/21,p,2021,05/16/2021 18:20 CDT,96719,26.58,69.05,2.65,8.3,146.72,101630.57
TWB14,Uvalde_2020_02,29.60214,-99.73007,436.7784,6/28/21,p,2021,05/16/2021 18:25 CDT,96717,26.83,68.04,2.78,8.3,278.71,101626.64
TWB14,Uvalde_2020_02,29.60214,-99.73007,436.7784,6/28/21,p,2021,05/16/2021 18:30 CDT,96718,27.24,66.53,3.175,8.3,208.99,101620.35
TWB14,Uvalde_2020_02,29.60214,-99.73007,436.7784,6/28/21,p,2021,05/16/2021 18:35 CDT,96720,27.02,66.36,3.54,8.3,196.9,101623.62
TWB14,Uvalde_2020_02,29.60214,-99.73007,436.7784,6/28/21,p,2021,05/16/2021 18:40 CDT,96731,26.95,67,3.71,8.3,138.09,101636.84
TWB14,Uvalde_2020_02,29.60214,-99.73007,436.7784,6/28/21,p,2021,05/16/2021 18:45 CDT,96734,26.63,67.91,4.215,8.3,92.57,101644.84
TWB14,Uvalde_2020_02,29.60214,-99.73007,436.7784,6/28/21,p,2021,05/16/2021 18:50 CDT,96744,26.34,68.41,3.96,8.3,81.88,101661.04
TWB14,Uvalde_2020_02,29.60214,-99.73007,436.7784,6/28/21,p,2021,05/16/2021 18:55 CDT,96752,26.15,68.95,3.69,8.3,68.01,101673.14
TWB14,Uvalde_2020_02,29.60214,-99.73007,436.7784,6/28/21,p,2021,05/16/2021 19:00 CDT,96764,25.98,69.32,3.605,8.3,81.52,101688.6
TWB14,Uvalde_2020_02,29.60214,-99.73007,436.7784,6/28/21,p,2021,05/16/2021 19:05 CDT,96773,25.9,69.7,3.44,8.3,60.53,101700.25
TWB14,Uvalde_2020_02,29.60214,-99.73007,436.7784,6/28/21,p,2021,05/16/2021 19:10 CDT,96774,25.82,69.5,3.145,8.3,70.72,101702.82
TWB14,Uvalde_2020_02,29.60214,-99.73007,436.7784,6/28/21,p,2021,05/16/2021 19:15 CDT,96776,25.9,69.1,4.115,8.3,156.72,101704.42
TWB14,Uvalde_2020_02,29.60214,-99.73007,436.7784,6/28/21,p,2021,05/16/2021 19:20 CDT,96775,25.95,68.63,3.87,8.3,141.01,101702.02
TWB14,Uvalde_2020_02,29.60214,-99.73007,436.7784,6/28/21,p,2021,05/16/2021 19:25 CDT,96779,25.81,69.75,3.36,8.3,85.25,101707.39
TWB14,Uvalde_2020_02,29.60214,-99.73007,436.7784,6/28/21,p,2021,05/16/2021 19:30 CDT,96781,25.44,70.46,3.18,8.3,61.43,101715.06
TWB14,Uvalde_2020_02,29.60214,-99.73007,436.7784,6/28/21,p,2021,05/16/2021 19:35 CDT,96785,25.34,70.73,2.5,8.3,67.14,101721.96
TWB14,Uvalde_2020_02,29.60214,-99.73007,436.7784,6/28/21,p,2021,05/16/2021 19:40 CDT,96784,25.2,71.13,2.68,8.3,57.75,101723.28
TWB14,Uvalde_2020_02,29.60214,-99.73007,436.7784,6/28/21,p,2021,05/16/2021 19:45 CDT,96780,25.04,72.07,2.82,8.3,30.32,101721.61
TWB14,Uvalde_2020_02,29.60214,-99.73007,436.7784,6/28/21,p,2021,05/16/2021 19:50 CDT,96769,24.85,72.85,2.06,8.3,27.82,101713.43
TWB14,Uvalde_2020_02,29.60214,-99.73007,436.7784,6/28/21,p,2021,05/16/2021 19:55 CDT,96774,24.76,73.08,2.335,8.3,33.67,101720.72
TWB14,Uvalde_2020_02,29.60214,-99.73007,436.7784,6/28/21,p,2021,05/16/2021 20:00 CDT,96773,24.77,73.25,2.74,8.3,30.18,101720.35
TWB14,Uvalde_2020_02,29.60214,-99.73007,436.7784,6/28/21,p,2021,05/16/2021 20:05 CDT,96774,24.77,73.02,3.205,8.3,14.07,101721.4
TWB14,Uvalde_2020_02,29.60214,-99.73007,436.7784,6/28/21,p,2021,05/16/2021 20:10 CDT,96770,24.7,73.29,2.6,8.3,9.47,101717.87
TWB14,Uvalde_2020_02,29.60214,-99.73007,436.7784,6/28/21,p,2021,05/16/2021 20:15 CDT,96767,24.59,73.4,2.8,8.3,6.23,101716.59
TWB14,Uvalde_2020_02,29.60214,-99.73007,436.7784,6/28/21,p,2021,05/16/2021 20:20 CDT,96771,24.51,73.97,2.375,8.3,5.15,101721.81
TWB14,Uvalde_2020_02,29.60214,-99.73007,436.7784,6/28/21,p,2021,05/16/2021 20:25 CDT,96764,24.38,74.48,2.035,8.3,4,101716.66
TWB14,Uvalde_2020_02,29.60214,-99.73007,436.7784,6/28/21,p,2021,05/16/2021 20:30 CDT,96761,24.25,74.78,2.185,8.3,3.38,101715.89
TWB14,Uvalde_2020_02,29.60214,-99.73007,436.7784,6/28/21,p,2021,05/16/2021 20:35 CDT,96762,24.15,74.45,2.57,8.3,1,101719.16
TWB14,Uvalde_2020_02,29.60214,-99.73007,436.7784,6/28/21,p,2021,05/16/2021 20:40 CDT,96763,24.07,74.25,2.925,8.3,0,101721.74
TWB14,Uvalde_2020_02,29.60214,-99.73007,436.7784,6/28/21,p,2021,05/16/2021 20:45 CDT,96764,23.97,74.96,2.32,8.3,0.11,101724.33
TWB14,Uvalde_2020_02,29.60214,-99.73007,436.7784,6/28/21,p,2021,05/16/2021 20:50 CDT,96765,23.84,74.62,2.495,8.3,0.01,101728.11
TWB14,Uvalde_2020_02,29.60214,-99.73007,436.7784,6/28/21,p,2021,05/16/2021 20:55 CDT,96770,23.77,74.52,2.575,8.3,0,101734.74
TWB14,Uvalde_2020_02,29.60214,-99.73007,436.7784,6/28/21,p,2021,05/16/2021 21:00 CDT,96775,23.67,74.66,2.135,8.3,0.01,101741.53
TWB14,Uvalde_2020_02,29.60214,-99.73007,436.7784,6/28/21,p,2021,05/16/2021 21:05 CDT,96783,23.59,74.59,2.12,8.3,0,101751.66
TWB14,Uvalde_2020_02,29.60214,-99.73007,436.7784,6/28/21,p,2021,05/16/2021 21:10 CDT,96792,23.57,73.98,2.645,8.3,0,101761.81
TWB14,Uvalde_2020_02,29.60214,-99.73007,436.7784,6/28/21,p,2021,05/16/2021 21:15 CDT,96798,23.55,74.12,2.09,8.3,0,101768.12
TWB14,Uvalde_2020_02,29.60214,-99.73007,436.7784,6/28/21,p,2021,05/16/2021 21:20 CDT,96814,23.49,74.13,2.485,8.3,0,101785.79
TWB14,Uvalde_2020_02,29.60214,-99.73007,436.7784,6/28/21,p,2021,05/16/2021 21:25 CDT,96826,23.43,73.73,2.59,8.3,0,101799.61
TWB14,Uvalde_2020_02,29.60214,-99.73007,436.7784,6/28/21,p,2021,05/16/2021 21:30 CDT,96831,23.34,74.41,1.94,8.3,0,101806.41
TWB14,Uvalde_2020_02,29.60214,-99.73007,436.7784,6/28/21,p,2021,05/16/2021 21:35 CDT,96839,23.21,74.34,2.38,8.3,0,101816.71
TWB14,Uvalde_2020_02,29.60214,-99.73007,436.7784,6/28/21,p,2021,05/16/2021 21:40 CDT,96860,23.16,74.11,2.52,8.3,0,101839.82
TWB14,Uvalde_2020_02,29.60214,-99.73007,436.7784,6/28/21,p,2021,05/16/2021 21:45 CDT,96871,23.13,74.18,2.255,8.3,0,101852.42
TWB14,Uvalde_2020_02,29.60214,-99.73007,436.7784,6/28/21,p,2021,05/16/2021 21:50 CDT,96884,23.07,74.68,2.045,8.3,0,101867.12
TWB14,Uvalde_2020_02,29.60214,-99.73007,436.7784,6/28/21,p,2021,05/16/2021 21:55 CDT,96886,23.03,74.14,2.2,8.3,0,101870.09
TWB14,Uvalde_2020_02,29.60214,-99.73007,436.7784,6/28/21,p,2021,05/16/2021 22:00 CDT,96887,23.04,74.28,2.07,8.3,0,101870.45
TWB14,Uvalde_2020_02,29.60214,-99.73007,436.7784,6/28/21,p,2021,05/16/2021 22:05 CDT,96895,23.1,74.08,2.67,8.3,0,101878.34
TWB14,Uvalde_2020_02,29.60214,-99.73007,436.7784,6/28/21,p,2021,05/16/2021 22:10 CDT,96890,23.13,74.14,1.875,8.3,0,101871.88
TWB14,Uvalde_2020_02,29.60214,-99.73007,436.7784,6/28/21,p,2021,05/16/2021 22:15 CDT,96886,23.14,73.81,2.49,8.3,0,101867.16
TWB14,Uvalde_2020_02,29.60214,-99.73007,436.7784,6/28/21,p,2021,05/16/2021 22:20 CDT,96886,23.19,73.84,2.74,8.3,0,101866.48
TWB14,Uvalde_2020_02,29.60214,-99.73007,436.7784,6/28/21,p,2021,05/16/2021 22:25 CDT,96887,23.22,73.74,2.87,8.3,0,101867.01
TWB14,Uvalde_2020_02,29.60214,-99.73007,436.7784,6/28/21,p,2021,05/16/2021 22:30 CDT,96887,23.23,74.31,2.85,8.3,0,101866.84
TWB14,Uvalde_2020_02,29.60214,-99.73007,436.7784,6/28/21,p,2021,05/16/2021 22:35 CDT,96887,23.23,74.82,3.305,8.3,0,101866.83
TWB14,Uvalde_2020_02,29.60214,-99.73007,436.7784,6/28/21,p,2021,05/16/2021 22:40 CDT,96889,23.21,76.1,2.77,8.3,0,101868.92
TWB14,Uvalde_2020_02,29.60214,-99.73007,436.7784,6/28/21,p,2021,05/16/2021 22:45 CDT,96895,23.19,76.17,2.34,8.3,0,101875.4
TWB14,Uvalde_2020_02,29.60214,-99.73007,436.7784,6/28/21,p,2021,05/16/2021 22:50 CDT,96892,23.17,77.52,2.15,8.3,0,101872.24
TWB14,Uvalde_2020_02,29.60214,-99.73007,436.7784,6/28/21,p,2021,05/16/2021 22:55 CDT,96905,23.16,78.73,2.01,8.3,0.01,101886.07
TWB14,Uvalde_2020_02,29.60214,-99.73007,436.7784,6/28/21,p,2021,05/16/2021 23:00 CDT,96913,23.15,79.47,2.385,8.3,0,101894.65
TWB14,Uvalde_2020_02,29.60214,-99.73007,436.7784,6/28/21,p,2021,05/16/2021 23:05 CDT,96912,23.13,80.1,2.4,8.3,0,101893.94
TWB14,Uvalde_2020_02,29.60214,-99.73007,436.7784,6/28/21,p,2021,05/16/2021 23:10 CDT,96903,23.11,81,2.65,8.3,0,101884.81
TWB14,Uvalde_2020_02,29.60214,-99.73007,436.7784,6/28/21,p,2021,05/16/2021 23:15 CDT,96900,23.09,81.6,2.49,8.3,0,101881.82
TWB14,Uvalde_2020_02,29.60214,-99.73007,436.7784,6/28/21,p,2021,05/16/2021 23:20 CDT,96909,23.08,82.1,3.455,8.3,0,101891.63
TWB14,Uvalde_2020_02,29.60214,-99.73007,436.7784,6/28/21,p,2021,05/16/2021 23:25 CDT,96915,23.07,82.6,3.515,8.3,0,101898.28
TWB14,Uvalde_2020_02,29.60214,-99.73007,436.7784,6/28/21,p,2021,05/16/2021 23:30 CDT,96924,23.06,83,3.595,8.3,0,101907.91
TWB14,Uvalde_2020_02,29.60214,-99.73007,436.7784,6/28/21,p,2021,05/16/2021 23:35 CDT,96919,23.06,83.4,3.185,8.3,0,101902.65
TWB14,Uvalde_2020_02,29.60214,-99.73007,436.7784,6/28/21,p,2021,05/16/2021 23:40 CDT,96913,23.04,83.8,3.28,8.3,0,101896.68
TWB14,Uvalde_2020_02,29.60214,-99.73007,436.7784,6/28/21,p,2021,05/16/2021 23:45 CDT,96912,23,84.6,3.635,8.3,0.05,101895.97
TWB14,Uvalde_2020_02,29.60214,-99.73007,436.7784,6/28/21,p,2021,05/16/2021 23:50 CDT,96900,22.95,84.9,3.175,8.3,0.03,101884.38
TWB14,Uvalde_2020_02,29.60214,-99.73007,436.7784,6/28/21,p,2021,05/16/2021 23:55 CDT,96892,22.92,85.1,2.935,8.3,0,101876.66
TWB14,Uvalde_2020_02,29.60214,-99.73007,436.7784,6/28/21,p,2021,05/17/2021 00:00 CDT,96894,22.93,85.3,2.485,8.3,0,101878.76
TWB14,Uvalde_2020_02,29.60214,-99.73007,436.7784,6/28/21,p,2021,05/17/2021 00:05 CDT,96891,22.96,85.6,3.35,8.3,0,101875.08
TWB14,Uvalde_2020_02,29.60214,-99.73007,436.7784,6/28/21,p,2021,05/17/2021 00:10 CDT,96887,22.99,86.1,3.03,8.3,0,101870.36
TWB14,Uvalde_2020_02,29.60214,-99.73007,436.7784,6/28/21,p,2021,05/17/2021 00:15 CDT,96886,22.99,86.5,2.875,8.3,0,101869.13
TWB14,Uvalde_2020_02,29.60214,-99.73007,436.7784,6/28/21,p,2021,05/17/2021 00:20 CDT,96886,22.96,87.7,3.415,8.3,0,101869.29
TWB14,Uvalde_2020_02,29.60214,-99.73007,436.7784,6/28/21,p,2021,05/17/2021 00:25 CDT,96886,22.9,88.2,3.52,8.3,0.06,101870.15
TWB14,Uvalde_2020_02,29.60214,-99.73007,436.7784,6/28/21,p,2021,05/17/2021 00:30 CDT,96886,22.86,88.6,3.265,8.3,0.09,101870.67
TWB14,Uvalde_2020_02,29.60214,-99.73007,436.7784,6/28/21,p,2021,05/17/2021 00:35 CDT,96876,22.81,89.3,2.675,8.3,0.39,101860.66
TWB14,Uvalde_2020_02,29.60214,-99.73007,436.7784,6/28/21,p,2021,05/17/2021 00:40 CDT,96872,22.74,90.1,2.67,8.3,0.65,101857.66
TWB14,Uvalde_2020_02,29.60214,-99.73007,436.7784,6/28/21,p,2021,05/17/2021 00:45 CDT,96879,22.66,90.9,2.57,8.3,0.87,101866.56
TWB14,Uvalde_2020_02,29.60214,-99.73007,436.7784,6/28/21,p,2021,05/17/2021 00:50 CDT,96871,22.58,91.9,2.885,8.3,2.31,101859.52
TWB14,Uvalde_2020_02,29.60214,-99.73007,436.7784,6/28/21,p,2021,05/17/2021 00:55 CDT,96865,22.47,92.9,2.635,8.3,0.94,101854.93
TWB14,Uvalde_2020_02,29.60214,-99.73007,436.7784,6/28/21,p,2021,05/17/2021 01:00 CDT,96859,22.43,93.3,3.18,8.3,0.01,101850
TWB14,Uvalde_2020_02,29.60214,-99.73007,436.7784,6/28/21,p,2021,05/17/2021 01:05 CDT,96847,22.43,93.4,3.065,8.3,0,101837.73
TWB14,Uvalde_2020_02,29.60214,-99.73007,436.7784,6/28/21,p,2021,05/17/2021 01:10 CDT,96843,22.44,93.6,2.95,8.3,0,101833.52
TWB14,Uvalde_2020_02,29.60214,-99.73007,436.7784,6/28/21,p,2021,05/17/2021 01:15 CDT,96842,22.44,93.9,2.92,8.3,0,101832.47
TWB14,Uvalde_2020_02,29.60214,-99.73007,436.7784,6/28/21,p,2021,05/17/2021 01:20 CDT,96844,22.5,93.7,3.53,8.3,0,101834.05
TWB14,Uvalde_2020_02,29.60214,-99.73007,436.7784,6/28/21,p,2021,05/17/2021 01:25 CDT,96844,22.53,93.8,3.01,8.3,0,101833.36
TWB14,Uvalde_2020_02,29.60214,-99.73007,436.7784,6/28/21,p,2021,05/17/2021 01:30 CDT,96846,22.56,93.8,3.14,8.3,0,101835.12
TWB14,Uvalde_2020_02,29.60214,-99.73007,436.7784,6/28/21,p,2021,05/17/2021 01:35 CDT,96847,22.59,93.8,3.255,8.3,0,101835.31
TWB14,Uvalde_2020_02,29.60214,-99.73007,436.7784,6/28/21,p,2021,05/17/2021 01:40 CDT,96846,22.61,93.7,3.235,8.3,0,101834.09
TWB14,Uvalde_2020_02,29.60214,-99.73007,436.7784,6/28/21,p,2021,05/17/2021 01:45 CDT,96846,22.67,93.5,2.755,8.3,0,101833.4
TWB14,Uvalde_2020_02,29.60214,-99.73007,436.7784,6/28/21,p,2021,05/17/2021 01:50 CDT,96836,22.68,93.5,2.745,8.3,0,101822.54
TWB14,Uvalde_2020_02,29.60214,-99.73007,436.7784,6/28/21,p,2021,05/17/2021 01:55 CDT,96838,22.71,93.2,3.175,8.3,0,101824.47
TWB14,Uvalde_2020_02,29.60214,-99.73007,436.7784,6/28/21,p,2021,05/17/2021 02:00 CDT,96841,22.79,92.8,3.185,8.3,0,101826.25
TWB14,Uvalde_2020_02,29.60214,-99.73007,436.7784,6/28/21,p,2021,05/17/2021 02:05 CDT,96836,22.82,92.6,2.95,8.3,0,101820.13
TWB14,Uvalde_2020_02,29.60214,-99.73007,436.7784,6/28/21,p,2021,05/17/2021 02:10 CDT,96834,22.82,92.6,3.01,8.3,0,101817.85
TWB14,Uvalde_2020_02,29.60214,-99.73007,436.7784,6/28/21,p,2021,05/17/2021 02:15 CDT,96832,22.87,92.1,3.75,8.3,0,101814.89
TWB14,Uvalde_2020_02,29.60214,-99.73007,436.7784,6/28/21,p,2021,05/17/2021 02:20 CDT,96829,22.92,91.9,2.955,8.3,0,101811.05
TWB14,Uvalde_2020_02,29.60214,-99.73007,436.7784,6/28/21,p,2021,05/17/2021 02:25 CDT,96815,22.94,91.7,3.14,8.3,0,101795.82
TWB14,Uvalde_2020_02,29.60214,-99.73007,436.7784,6/28/21,p,2021,05/17/2021 02:30 CDT,96803,22.96,91.4,3.155,8.3,0,101783.2
TWB14,Uvalde_2020_02,29.60214,-99.73007,436.7784,6/28/21,p,2021,05/17/2021 02:35 CDT,96790,22.96,91.3,2.635,8.3,0,101769.36
TWB14,Uvalde_2020_02,29.60214,-99.73007,436.7784,6/28/21,p,2021,05/17/2021 02:40 CDT,96779,22.96,91.3,2.275,8.3,0,101757.62
TWB14,Uvalde_2020_02,29.60214,-99.73007,436.7784,6/28/21,p,2021,05/17/2021 02:45 CDT,96771,22.95,91.2,2.525,8.3,0,101749.38
TWB14,Uvalde_2020_02,29.60214,-99.73007,436.7784,6/28/21,p,2021,05/17/2021 02:50 CDT,96754,22.97,90.9,3.065,8.3,0,101731.17
TWB14,Uvalde_2020_02,29.60214,-99.73007,436.7784,6/28/21,p,2021,05/17/2021 02:55 CDT,96746,22.99,90.9,2.525,8.3,0,101722.41
TWB14,Uvalde_2020_02,29.60214,-99.73007,436.7784,6/28/21,p,2021,05/17/2021 03:00 CDT,96736,22.97,90.7,2.97,8.3,0.01,101712.07
TWB14,Uvalde_2020_02,29.60214,-99.73007,436.7784,6/28/21,p,2021,05/17/2021 03:05 CDT,96731,22.96,90.6,3.645,8.3,0.01,101707.16
TWB14,Uvalde_2020_02,29.60214,-99.73007,436.7784,6/28/21,p,2021,05/17/2021 03:10 CDT,96727,22.96,90.7,2.65,8.3,0.04,101702.61
TWB14,Uvalde_2020_02,29.60214,-99.73007,436.7784,6/28/21,p,2021,05/17/2021 03:15 CDT,96727,22.94,90.7,2.725,8.3,0.08,101703.12
TWB14,Uvalde_2020_02,29.60214,-99.73007,436.7784,6/28/21,p,2021,05/17/2021 03:20 CDT,96727,22.93,90.4,2.82,8.3,0.12,101703.3
TWB14,Uvalde_2020_02,29.60214,-99.73007,436.7784,6/28/21,p,2021,05/17/2021 03:25 CDT,96725,22.96,90.3,2.535,8.3,0.07,101700.85
TWB14,Uvalde_2020_02,29.60214,-99.73007,436.7784,6/28/21,p,2021,05/17/2021 03:30 CDT,96720,22.95,90.2,2.26,8.3,0.14,101695.42
TWB14,Uvalde_2020_02,29.60214,-99.73007,436.7784,6/28/21,p,2021,05/17/2021 03:35 CDT,96711,22.94,90.2,2.445,8.3,0.27,101686.3
TWB14,Uvalde_2020_02,29.60214,-99.73007,436.7784,6/28/21,p,2021,05/17/2021 03:40 CDT,96699,22.93,90.2,2.325,8.3,0.21,101673.69
TWB14,Uvalde_2020_02,29.60214,-99.73007,436.7784,6/28/21,p,2021,05/17/2021 03:45 CDT,96698,22.94,89.9,2.76,8.3,0.15,101672.64
TWB14,Uvalde_2020_02,29.60214,-99.73007,436.7784,6/28/21,p,2021,05/17/2021 03:50 CDT,96699,22.95,89.6,2.86,8.3,0.11,101673.69
TWB14,Uvalde_2020_02,29.60214,-99.73007,436.7784,6/28/21,p,2021,05/17/2021 03:55 CDT,96696,22.96,89.3,2.4,8.3,0.12,101670.37
TWB14,Uvalde_2020_02,29.60214,-99.73007,436.7784,6/28/21,p,2021,05/17/2021 04:00 CDT,96697,22.96,88.7,3.08,8.3,0.25,101671.42
TWB14,Uvalde_2020_02,29.60214,-99.73007,436.7784,6/28/21,p,2021,05/17/2021 04:05 CDT,96697,22.94,89.1,2.54,8.3,0.29,101671.59
TWB14,Uvalde_2020_02,29.60214,-99.73007,436.7784,6/28/21,p,2021,05/17/2021 04:10 CDT,96697,22.91,89.2,2.17,8.3,0.3,101671.76
TWB14,Uvalde_2020_02,29.60214,-99.73007,436.7784,6/28/21,p,2021,05/17/2021 04:15 CDT,96690,22.92,89.3,2.405,8.3,0,101664.4
TWB14,Uvalde_2020_02,29.60214,-99.73007,436.7784,6/28/21,p,2021,05/17/2021 04:20 CDT,96684,22.9,89.6,2.235,8.3,0,101658.09
TWB14,Uvalde_2020_02,29.60214,-99.73007,436.7784,6/28/21,p,2021,05/17/2021 04:25 CDT,96673,22.88,89.8,2.45,8.3,0.03,101646.7
TWB14,Uvalde_2020_02,29.60214,-99.73007,436.7784,6/28/21,p,2021,05/17/2021 04:30 CDT,96671,22.89,89.8,2.36,8.3,0.23,101644.59
TWB14,Uvalde_2020_02,29.60214,-99.73007,436.7784,6/28/21,p,2021,05/17/2021 04:35 CDT,96671,22.87,90.1,2.485,8.3,0.4,101644.76
TWB14,Uvalde_2020_02,29.60214,-99.73007,436.7784,6/28/21,p,2021,05/17/2021 04:40 CDT,96673,22.82,90.4,1.985,8.3,0.16,101647.38
TWB14,Uvalde_2020_02,29.60214,-99.73007,436.7784,6/28/21,p,2021,05/17/2021 04:45 CDT,96677,22.84,89.8,2.675,8.3,0,101651.93
TWB14,Uvalde_2020_02,29.60214,-99.73007,436.7784,6/28/21,p,2021,05/17/2021 04:50 CDT,96684,22.89,89.6,2.305,8.3,0,101658.95
TWB14,Uvalde_2020_02,29.60214,-99.73007,436.7784,6/28/21,p,2021,05/17/2021 04:55 CDT,96686,22.86,90.3,1.73,8.3,1.16,101660.53
TWB14,Uvalde_2020_02,29.60214,-99.73007,436.7784,6/28/21,p,2021,05/17/2021 05:00 CDT,96675,22.77,90.6,2.115,8.3,0.32,101650.17
TWB14,Uvalde_2020_02,29.60214,-99.73007,436.7784,6/28/21,p,2021,05/17/2021 05:05 CDT,96671,22.74,90.7,1.92,8.3,0,101646.82
TWB14,Uvalde_2020_02,29.60214,-99.73007,436.7784,6/28/21,p,2021,05/17/2021 05:10 CDT,96671,22.73,90.8,2.05,8.3,0,101647.17
TWB14,Uvalde_2020_02,29.60214,-99.73007,436.7784,6/28/21,p,2021,05/17/2021 05:15 CDT,96671,22.71,90.9,2.045,8.3,0,101647.68
TWB14,Uvalde_2020_02,29.60214,-99.73007,436.7784,6/28/21,p,2021,05/17/2021 05:20 CDT,96670,22.69,90.8,1.985,8.3,0,101646.8
TWB14,Uvalde_2020_02,29.60214,-99.73007,436.7784,6/28/21,p,2021,05/17/2021 05:25 CDT,96670,22.7,90.5,2.065,8.3,0,101647.15
TWB14,Uvalde_2020_02,29.60214,-99.73007,436.7784,6/28/21,p,2021,05/17/2021 05:30 CDT,96671,22.72,89.9,2.01,8.3,0,101648.03
TWB14,Uvalde_2020_02,29.60214,-99.73007,436.7784,6/28/21,p,2021,05/17/2021 05:35 CDT,96672,22.77,88.9,2.67,8.3,0,101648.75
TWB14,Uvalde_2020_02,29.60214,-99.73007,436.7784,6/28/21,p,2021,05/17/2021 05:40 CDT,96672,22.82,88.7,2.72,8.3,0,101647.89
TWB14,Uvalde_2020_02,29.60214,-99.73007,436.7784,6/28/21,p,2021,05/17/2021 05:45 CDT,96672,22.8,88.8,2.115,8.3,0,101647.72
TWB14,Uvalde_2020_02,29.60214,-99.73007,436.7784,6/28/21,p,2021,05/17/2021 05:50 CDT,96671,22.79,88.5,2.56,8.3,0,101646.67
TWB14,Uvalde_2020_02,29.60214,-99.73007,436.7784,6/28/21,p,2021,05/17/2021 05:55 CDT,96671,22.79,88,3.005,8.3,0,101646.84
TWB14,Uvalde_2020_02,29.60214,-99.73007,436.7784,6/28/21,p,2021,05/17/2021 06:00 CDT,96672,22.8,88,2.355,8.3,0,101647.72
TWB14,Uvalde_2020_02,29.60214,-99.73007,436.7784,6/28/21,p,2021,05/17/2021 06:05 CDT,96672,22.8,88.2,2.675,8.3,0,101647.55
TWB14,Uvalde_2020_02,29.60214,-99.73007,436.7784,6/28/21,p,2021,05/17/2021 06:10 CDT,96671,22.79,88.6,2.56,8.3,0,101646.49
TWB14,Uvalde_2020_02,29.60214,-99.73007,436.7784,6/28/21,p,2021,05/17/2021 06:15 CDT,96675,22.77,88.8,2.59,8.3,0,101651.04
TWB14,Uvalde_2020_02,29.60214,-99.73007,436.7784,6/28/21,p,2021,05/17/2021 06:20 CDT,96679,22.76,88.8,2.545,8.3,0,101655.42
TWB14,Uvalde_2020_02,29.60214,-99.73007,436.7784,6/28/21,p,2021,05/17/2021 06:25 CDT,96681,22.76,88.8,2.58,8.3,0,101657.52
TWB14,Uvalde_2020_02,29.60214,-99.73007,436.7784,6/28/21,p,2021,05/17/2021 06:30 CDT,96683,22.75,88.7,2.23,8.3,0,101659.8
TWB14,Uvalde_2020_02,29.60214,-99.73007,436.7784,6/28/21,p,2021,05/17/2021 06:35 CDT,96687,22.72,88.8,2.48,8.3,0.03,101664.35
TWB14,Uvalde_2020_02,29.60214,-99.73007,436.7784,6/28/21,p,2021,05/17/2021 06:40 CDT,96692,22.7,89.1,2.42,8.3,0.07,101669.95
TWB14,Uvalde_2020_02,29.60214,-99.73007,436.7784,6/28/21,p,2021,05/17/2021 06:45 CDT,96693,22.68,87.6,3.28,8.3,0.26,101671.7
TWB14,Uvalde_2020_02,29.60214,-99.73007,436.7784,6/28/21,p,2021,05/17/2021 06:50 CDT,96697,22.67,87.5,2.33,8.3,0.81,101676.25
TWB14,Uvalde_2020_02,29.60214,-99.73007,436.7784,6/28/21,p,2021,05/17/2021 06:55 CDT,96697,22.67,86.7,2.865,8.3,1,101676.43
TWB14,Uvalde_2020_02,29.60214,-99.73007,436.7784,6/28/21,p,2021,05/17/2021 07:00 CDT,96700,22.68,86.5,3.005,8.3,1.16,101679.41
TWB14,Uvalde_2020_02,29.60214,-99.73007,436.7784,6/28/21,p,2021,05/17/2021 07:05 CDT,96702,22.7,86.4,3.215,8.3,1.56,101681.34
TWB14,Uvalde_2020_02,29.60214,-99.73007,436.7784,6/28/21,p,2021,05/17/2021 07:10 CDT,96707,22.68,86.9,2.18,8.3,2.02,101686.43
TWB14,Uvalde_2020_02,29.60214,-99.73007,436.7784,6/28/21,p,2021,05/17/2021 07:15 CDT,96710,22.66,87.3,2.53,8.3,2.57,101689.92
TWB14,Uvalde_2020_02,29.60214,-99.73007,436.7784,6/28/21,p,2021,05/17/2021 07:20 CDT,96714,22.63,87.7,2.13,8.3,3.4,101694.3
TWB14,Uvalde_2020_02,29.60214,-99.73007,436.7784,6/28/21,p,2021,05/17/2021 07:25 CDT,96716,22.64,87.7,3.365,8.3,3.63,101696.4
TWB14,Uvalde_2020_02,29.60214,-99.73007,436.7784,6/28/21,p,2021,05/17/2021 07:30 CDT,96717,22.63,88,2.205,8.3,4.5,101697.45
TWB14,Uvalde_2020_02,29.60214,-99.73007,436.7784,6/28/21,p,2021,05/17/2021 07:35 CDT,96716,22.62,88.2,3.085,8.3,5.39,101696.57
TWB14,Uvalde_2020_02,29.60214,-99.73007,436.7784,6/28/21,p,2021,05/17/2021 07:40 CDT,96718,22.59,88.8,2.13,8.3,7.65,101699.01
TWB14,Uvalde_2020_02,29.60214,-99.73007,436.7784,6/28/21,p,2021,05/17/2021 07:45 CDT,96724,22.54,89.2,2.105,8.3,11.15,101706.01
TWB14,Uvalde_2020_02,29.60214,-99.73007,436.7784,6/28/21,p,2021,05/17/2021 07:50 CDT,96724,22.52,89.4,2.685,8.3,11.18,101706.52
TWB14,Uvalde_2020_02,29.60214,-99.73007,436.7784,6/28/21,p,2021,05/17/2021 07:55 CDT,96725,22.49,89.7,2.615,8.3,11.01,101708.09
TWB14,Uvalde_2020_02,29.60214,-99.73007,436.7784,6/28/21,p,2021,05/17/2021 08:00 CDT,96725,22.48,89.8,2.08,8.3,13.1,101708.26
TWB14,Uvalde_2020_02,29.60214,-99.73007,436.7784,6/28/21,p,2021,05/17/2021 08:05 CDT,96725,22.48,89.7,2.54,8.3,14.3,101708.26
TWB14,Uvalde_2020_02,29.60214,-99.73007,436.7784,6/28/21,p,2021,05/17/2021 08:10 CDT,96726,22.48,90.1,2.145,8.3,15.6,101709.31
TWB14,Uvalde_2020_02,29.60214,-99.73007,436.7784,6/28/21,p,2021,05/17/2021 08:15 CDT,96730,22.46,90.3,2.165,8.3,16.09,101713.51
TWB14,Uvalde_2020_02,29.60214,-99.73007,436.7784,6/28/21,p,2021,05/17/2021 08:20 CDT,96737,22.44,90.6,2.015,8.3,20.26,101721.39
TWB14,Uvalde_2020_02,29.60214,-99.73007,436.7784,6/28/21,p,2021,05/17/2021 08:25 CDT,96743,22.44,90.7,1.97,8.3,20.34,101727.87
TWB14,Uvalde_2020_02,29.60214,-99.73007,436.7784,6/28/21,p,2021,05/17/2021 08:30 CDT,96751,22.44,90.7,2.31,8.3,22.2,101735.94
TWB14,Uvalde_2020_02,29.60214,-99.73007,436.7784,6/28/21,p,2021,05/17/2021 08:35 CDT,96753,22.44,90.8,2.22,8.3,23.2,101738.39
TWB14,Uvalde_2020_02,29.60214,-99.73007,436.7784,6/28/21,p,2021,05/17/2021 08:40 CDT,96757,22.47,91,2.14,8.3,28.56,101741.9
TWB14,Uvalde_2020_02,29.60214,-99.73007,436.7784,6/28/21,p,2021,05/17/2021 08:45 CDT,96753,22.47,90.9,2.045,8.3,34.29,101737.69
TWB14,Uvalde_2020_02,29.60214,-99.73007,436.7784,6/28/21,p,2021,05/17/2021 08:50 CDT,96752,22.5,90.7,2.045,8.3,36.13,101736.3
TWB14,Uvalde_2020_02,29.60214,-99.73007,436.7784,6/28/21,p,2021,05/17/2021 08:55 CDT,96752,22.52,90.5,2.285,8.3,57.65,101735.78
TWB14,Uvalde_2020_02,29.60214,-99.73007,436.7784,6/28/21,p,2021,05/17/2021 09:00 CDT,96752,22.57,90,2.135,8.3,38.42,101735.27
TWB14,Uvalde_2020_02,29.60214,-99.73007,436.7784,6/28/21,p,2021,05/17/2021 09:05 CDT,96753,22.61,89.7,2.265,8.3,35.6,101735.63
TWB14,Uvalde_2020_02,29.60214,-99.73007,436.7784,6/28/21,p,2021,05/17/2021 09:10 CDT,96753,22.61,90.2,2.2,8.3,37.58,101735.29
TWB14,Uvalde_2020_02,29.60214,-99.73007,436.7784,6/28/21,p,2021,05/17/2021 09:15 CDT,96763,22.61,90.3,2.425,8.3,40.82,101745.8
TWB14,Uvalde_2020_02,29.60214,-99.73007,436.7784,6/28/21,p,2021,05/17/2021 09:20 CDT,96769,22.59,90.6,1.935,8.3,42.11,101752.11
TWB14,Uvalde_2020_02,29.60214,-99.73007,436.7784,6/28/21,p,2021,05/17/2021 09:25 CDT,96778,22.55,91,2.82,8.3,44.05,101762.09
TWB14,Uvalde_2020_02,29.60214,-99.73007,436.7784,6/28/21,p,2021,05/17/2021 09:30 CDT,96778,22.51,91.4,2.7,8.3,44.84,101762.77
TWB14,Uvalde_2020_02,29.60214,-99.73007,436.7784,6/28/21,p,2021,05/17/2021 09:35 CDT,96778,22.48,91.5,2.795,8.3,43.67,101763.46
TWB14,Uvalde_2020_02,29.60214,-99.73007,436.7784,6/28/21,p,2021,05/17/2021 09:40 CDT,96779,22.47,91.9,1.79,8.3,46.18,101764.85
TWB14,Uvalde_2020_02,29.60214,-99.73007,436.7784,6/28/21,p,2021,05/17/2021 09:45 CDT,96780,22.45,92.5,2.435,8.3,47.03,101765.73
TWB14,Uvalde_2020_02,29.60214,-99.73007,436.7784,6/28/21,p,2021,05/17/2021 09:50 CDT,96778,22.37,92.9,1.94,8.3,57.7,101764.83
TWB14,Uvalde_2020_02,29.60214,-99.73007,436.7784,6/28/21,p,2021,05/17/2021 09:55 CDT,96777,22.32,93.7,2.02,8.3,54.72,101764.81
TWB14,Uvalde_2020_02,29.60214,-99.73007,436.7784,6/28/21,p,2021,05/17/2021 10:00 CDT,96776,22.3,93.8,1.965,8.3,52.77,101764.1
TWB14,Uvalde_2020_02,29.60214,-99.73007,436.7784,6/28/21,p,2021,05/17/2021 10:05 CDT,96779,22.28,94,2.125,8.3,50.88,101767.43
TWB14,Uvalde_2020_02,29.60214,-99.73007,436.7784,6/28/21,p,2021,05/17/2021 10:10 CDT,96779,22.28,94.6,1.755,8.3,53.41,101767.77
TWB14,Uvalde_2020_02,29.60214,-99.73007,436.7784,6/28/21,p,2021,05/17/2021 10:15 CDT,96779,22.28,94.6,1.5,8.3,50.96,101767.42
TWB14,Uvalde_2020_02,29.60214,-99.73007,436.7784,6/28/21,p,2021,05/17/2021 10:20 CDT,96780,22.29,94.6,2.11,8.3,52.57,101768.48
TWB14,Uvalde_2020_02,29.60214,-99.73007,436.7784,6/28/21,p,2021,05/17/2021 10:25 CDT,96780,22.28,94.8,2.17,8.3,50.86,101768.82
TWB14,Uvalde_2020_02,29.60214,-99.73007,436.7784,6/28/21,p,2021,05/17/2021 10:30 CDT,96780,22.29,95.2,1.54,8.3,64.51,101768.99
TWB14,Uvalde_2020_02,29.60214,-99.73007,436.7784,6/28/21,p,2021,05/17/2021 10:35 CDT,96783,22.32,95,1.68,8.3,76.93,101771.45
TWB14,Uvalde_2020_02,29.60214,-99.73007,436.7784,6/28/21,p,2021,05/17/2021 10:40 CDT,96788,22.33,95.2,2.135,8.3,104.77,101776.71
TWB14,Uvalde_2020_02,29.60214,-99.73007,436.7784,6/28/21,p,2021,05/17/2021 10:45 CDT,96787,22.4,94.9,1.69,8.3,104.85,101774.28
TWB14,Uvalde_2020_02,29.60214,-99.73007,436.7784,6/28/21,p,2021,05/17/2021 10:50 CDT,96781,22.43,95.4,1.445,8.3,84.63,101767.1
TWB14,Uvalde_2020_02,29.60214,-99.73007,436.7784,6/28/21,p,2021,05/17/2021 10:55 CDT,96779,22.45,95.1,1.805,8.3,97.99,101764.83
TWB14,Uvalde_2020_02,29.60214,-99.73007,436.7784,6/28/21,p,2021,05/17/2021 11:00 CDT,96778,22.46,94.6,1.83,8.3,81.75,101763.78
TWB14,Uvalde_2020_02,29.60214,-99.73007,436.7784,6/28/21,p,2021,05/17/2021 11:05 CDT,96776,22.46,94.9,1.945,8.3,80.2,101761.51
TWB14,Uvalde_2020_02,29.60214,-99.73007,436.7784,6/28/21,p,2021,05/17/2021 11:10 CDT,96777,22.48,95.3,1.515,8.3,76.83,101762.38
TWB14,Uvalde_2020_02,29.60214,-99.73007,436.7784,6/28/21,p,2021,05/17/2021 11:15 CDT,96773,22.46,94.9,1.94,8.3,81.69,101758.18
TWB14,Uvalde_2020_02,29.60214,-99.73007,436.7784,6/28/21,p,2021,05/17/2021 11:20 CDT,96766,22.43,95.2,2.585,8.3,98.83,101751.33
TWB14,Uvalde_2020_02,29.60214,-99.73007,436.7784,6/28/21,p,2021,05/17/2021 11:25 CDT,96765,22.49,95.4,1.72,8.3,112.67,101749.59
TWB14,Uvalde_2020_02,29.60214,-99.73007,436.7784,6/28/21,p,2021,05/17/2021 11:30 CDT,96766,22.54,95.9,1.69,8.3,130.9,101749.43
TWB14,Uvalde_2020_02,29.60214,-99.73007,436.7784,6/28/21,p,2021,05/17/2021 11:35 CDT,96764,22.63,95.9,1.7,8.3,169.63,101745.95
TWB14,Uvalde_2020_02,29.60214,-99.73007,436.7784,6/28/21,p,2021,05/17/2021 11:40 CDT,96756,22.67,95.4,2.13,8.3,163.41,101736.33
TWB14,Uvalde_2020_02,29.60214,-99.73007,436.7784,6/28/21,p,2021,05/17/2021 11:45 CDT,96745,22.75,95.1,2.395,8.3,244.56,101723.74
TWB14,Uvalde_2020_02,29.60214,-99.73007,436.7784,6/28/21,p,2021,05/17/2021 11:50 CDT,96743,22.87,95.1,2.04,8.3,194.39,101720.43
TWB14,Uvalde_2020_02,29.60214,-99.73007,436.7784,6/28/21,p,2021,05/17/2021 11:55 CDT,96736,23.02,94.6,2.225,8.3,218.19,101711.35
TWB14,Uvalde_2020_02,29.60214,-99.73007,436.7784,6/28/21,p,2021,05/17/2021 12:00 CDT,96737,23.11,93,2.32,8.3,118.02,101710.01
TWB14,Uvalde_2020_02,29.60214,-99.73007,436.7784,6/28/21,p,2021,05/17/2021 12:05 CDT,96739,23.09,92.8,1.985,8.3,119.08,101712.12
TWB14,Uvalde_2020_02,29.60214,-99.73007,436.7784,6/28/21,p,2021,05/17/2021 12:10 CDT,96733,23.15,91.7,2.23,8.3,148.64,101704.96
TWB14,Uvalde_2020_02,29.60214,-99.73007,436.7784,6/28/21,p,2021,05/17/2021 12:15 CDT,96724,23.25,91.8,2.145,8.3,169.33,101694.12
TWB14,Uvalde_2020_02,29.60214,-99.73007,436.7784,6/28/21,p,2021,05/17/2021 12:20 CDT,96722,23.39,91.5,1.69,8.3,120.77,101689.11
TWB14,Uvalde_2020_02,29.60214,-99.73007,436.7784,6/28/21,p,2021,05/17/2021 12:25 CDT,96721,23.38,90.4,2.55,8.3,159.33,101687.89
TWB14,Uvalde_2020_02,29.60214,-99.73007,436.7784,6/28/21,p,2021,05/17/2021 12:30 CDT,96718,23.43,91.1,2.015,8.3,148.93,101684.22
TWB14,Uvalde_2020_02,29.60214,-99.73007,436.7784,6/28/21,p,2021,05/17/2021 12:35 CDT,96715,23.57,90,2.255,8.3,184.14,101678.16
TWB14,Uvalde_2020_02,29.60214,-99.73007,436.7784,6/28/21,p,2021,05/17/2021 12:40 CDT,96715,23.63,89,2.095,8.3,164.24,101677.14
TWB14,Uvalde_2020_02,29.60214,-99.73007,436.7784,6/28/21,p,2021,05/17/2021 12:45 CDT,96714,23.67,88.5,1.99,8.3,82.76,101674.9
TWB14,Uvalde_2020_02,29.60214,-99.73007,436.7784,6/28/21,p,2021,05/17/2021 12:50 CDT,96713,23.59,89.8,2.165,8.3,202.53,101675.04
TWB14,Uvalde_2020_02,29.60214,-99.73007,436.7784,6/28/21,p,2021,05/17/2021 12:55 CDT,96714,23.74,88,2.605,8.3,149.82,101674.73
TWB14,Uvalde_2020_02,29.60214,-99.73007,436.7784,6/28/21,p,2021,05/17/2021 13:00 CDT,96713,23.78,87.3,2.31,8.3,95.93,101672.83
TWB14,Uvalde_2020_02,29.60214,-99.73007,436.7784,6/28/21,p,2021,05/17/2021 13:05 CDT,96712,23.77,87.4,2.7,8.3,111.87,101671.61
TWB14,Uvalde_2020_02,29.60214,-99.73007,436.7784,6/28/21,p,2021,05/17/2021 13:10 CDT,96713,23.89,87.3,1.855,8.3,143.82,101671.12
TWB14,Uvalde_2020_02,29.60214,-99.73007,436.7784,6/28/21,p,2021,05/17/2021 13:15 CDT,96713,24.11,86.2,1.99,8.3,225,101668.06
TWB14,Uvalde_2020_02,29.60214,-99.73007,436.7784,6/28/21,p,2021,05/17/2021 13:20 CDT,96712,24.2,86.3,2.315,8.3,186.09,101664.45
TWB14,Uvalde_2020_02,29.60214,-99.73007,436.7784,6/28/21,p,2021,05/17/2021 13:25 CDT,96708,24.38,84.9,1.675,8.3,181.78,101657.71
TWB14,Uvalde_2020_02,29.60214,-99.73007,436.7784,6/28/21,p,2021,05/17/2021 13:30 CDT,96709,24.54,83.2,1.54,8.3,155.22,101655.88
TWB14,Uvalde_2020_02,29.60214,-99.73007,436.7784,6/28/21,p,2021,05/17/2021 13:35 CDT,96709,24.56,83.7,1.435,8.3,85.93,101654.86
TWB14,Uvalde_2020_02,29.60214,-99.73007,436.7784,6/28/21,p,2021,05/17/2021 13:40 CDT,96711,24.46,84.8,1.25,8.3,68.97,101657.46
TWB14,Uvalde_2020_02,29.60214,-99.73007,436.7784,6/28/21,p,2021,05/17/2021 13:45 CDT,96711,24.31,85.5,1.565,8.3,110.99,101659.49
TWB14,Uvalde_2020_02,29.60214,-99.73007,436.7784,6/28/21,p,2021,05/17/2021 13:50 CDT,96710,24.23,85.3,2.3,8.3,75.92,101660.66
TWB14,Uvalde_2020_02,29.60214,-99.73007,436.7784,6/28/21,p,2021,05/17/2021 13:55 CDT,96710,24.2,84.7,1.545,8.3,70.99,101661.68
TWB14,Uvalde_2020_02,29.60214,-99.73007,436.7784,6/28/21,p,2021,05/17/2021 14:00 CDT,96710,24.23,86.1,2.06,8.3,156.84,101661.5
TWB14,Uvalde_2020_02,29.60214,-99.73007,436.7784,6/28/21,p,2021,05/17/2021 14:05 CDT,96709,24.45,84.9,1.52,8.3,152.6,101657.74
TWB14,Uvalde_2020_02,29.60214,-99.73007,436.7784,6/28/21,p,2021,05/17/2021 14:10 CDT,96700,24.58,84.2,1.96,8.3,363.32,101645.73
TWB14,Uvalde_2020_02,29.60214,-99.73007,436.7784,6/28/21,p,2021,05/17/2021 14:15 CDT,96688,24.92,83,2.185,8.3,569.75,101627.7
TWB14,Uvalde_2020_02,29.60214,-99.73007,436.7784,6/28/21,p,2021,05/17/2021 14:20 CDT,96681,25.52,79.03,2.565,8.3,600.98,101610.56
TWB14,Uvalde_2020_02,29.60214,-99.73007,436.7784,6/28/21,p,2021,05/17/2021 14:25 CDT,96678,25.46,79.6,2.405,8.3,230.25,101605.04
TWB14,Uvalde_2020_02,29.60214,-99.73007,436.7784,6/28/21,p,2021,05/17/2021 14:30 CDT,96677,25.28,80.5,1.91,8.3,171.95,101606.85
TWB14,Uvalde_2020_02,29.60214,-99.73007,436.7784,6/28/21,p,2021,05/17/2021 14:35 CDT,96675,25.37,81.2,1.765,8.3,279.72,101604.91
TWB14,Uvalde_2020_02,29.60214,-99.73007,436.7784,6/28/21,p,2021,05/17/2021 14:40 CDT,96664,25.47,79.77,1.82,8.3,244.81,101591.51
TWB14,Uvalde_2020_02,29.60214,-99.73007,436.7784,6/28/21,p,2021,05/17/2021 14:45 CDT,96651,25.63,78.81,2.16,8.3,299.12,101575.83
TWB14,Uvalde_2020_02,29.60214,-99.73007,436.7784,6/28/21,p,2021,05/17/2021 14:50 CDT,96647,25.57,79.69,2.49,8.3,175.05,101571.45
TWB14,Uvalde_2020_02,29.60214,-99.73007,436.7784,6/28/21,p,2021,05/17/2021 14:55 CDT,96638,25.3,80.2,2.48,8.3,221.68,101566.03
TWB14,Uvalde_2020_02,29.60214,-99.73007,436.7784,6/28/21,p,2021,05/17/2021 15:00 CDT,96622,25.52,78.34,1.65,8.3,464.71,101547.88
TWB14,Uvalde_2020_02,29.60214,-99.73007,436.7784,6/28/21,p,2021,05/17/2021 15:05 CDT,96611,26.13,77.4,2.19,8.3,473.48,101525.39
TWB14,Uvalde_2020_02,29.60214,-99.73007,436.7784,6/28/21,p,2021,05/17/2021 15:10 CDT,96597,26.16,76.65,3.31,8.3,286.21,101508.5
TWB14,Uvalde_2020_02,29.60214,-99.73007,436.7784,6/28/21,p,2021,05/17/2021 15:15 CDT,96586,26.03,76.72,2.42,8.3,452.29,101499.63
TWB14,Uvalde_2020_02,29.60214,-99.73007,436.7784,6/28/21,p,2021,05/17/2021 15:20 CDT,96570,26.75,75.68,1.605,8.3,516.19,101472.94
TWB14,Uvalde_2020_02,29.60214,-99.73007,436.7784,6/28/21,p,2021,05/17/2021 15:25 CDT,96568,26.94,75.95,2.23,8.3,520.81,101464.99
TWB14,Uvalde_2020_02,29.60214,-99.73007,436.7784,6/28/21,p,2021,05/17/2021 15:30 CDT,96567,26.88,75.54,2.085,8.3,231.9,101464.11
TWB14,Uvalde_2020_02,29.60214,-99.73007,436.7784,6/28/21,p,2021,05/17/2021 15:35 CDT,96559,26.66,73.55,2.7,8.3,238.26,101458.73
TWB14,Uvalde_2020_02,29.60214,-99.73007,436.7784,6/28/21,p,2021,05/17/2021 15:40 CDT,96539,26.28,74.49,4.04,8.3,179.86,101444.73
TWB14,Uvalde_2020_02,29.60214,-99.73007,436.7784,6/28/21,p,2021,05/17/2021 15:45 CDT,96534,26.16,75.16,2.325,8.3,166.67,101443.49
TWB14,Uvalde_2020_02,29.60214,-99.73007,436.7784,6/28/21,p,2021,05/17/2021 15:50 CDT,96532,26.32,74.49,2.455,8.3,487.21,101439.71
TWB14,Uvalde_2020_02,29.60214,-99.73007,436.7784,6/28/21,p,2021,05/17/2021 15:55 CDT,96524,27.16,72.36,1.59,8.3,571.51,101419.29
TWB14,Uvalde_2020_02,29.60214,-99.73007,436.7784,6/28/21,p,2021,05/17/2021 16:00 CDT,96523,27.36,71.96,2.925,8.3,346.43,101411.08
TWB14,Uvalde_2020_02,29.60214,-99.73007,436.7784,6/28/21,p,2021,05/17/2021 16:05 CDT,96513,27.15,71.32,2.685,8.3,322.4,101403.91
TWB14,Uvalde_2020_02,29.60214,-99.73007,436.7784,6/28/21,p,2021,05/17/2021 16:10 CDT,96501,27.23,71.72,3.005,8.3,367.06,101390.3
TWB14,Uvalde_2020_02,29.60214,-99.73007,436.7784,6/28/21,p,2021,05/17/2021 16:15 CDT,96497,27.23,71.32,2.46,8.3,159.32,101385.93
TWB14,Uvalde_2020_02,29.60214,-99.73007,436.7784,6/28/21,p,2021,05/17/2021 16:20 CDT,96493,26.92,72.32,2.905,8.3,144.02,101385.89
TWB14,Uvalde_2020_02,29.60214,-99.73007,436.7784,6/28/21,p,2021,05/17/2021 16:25 CDT,96482,26.85,73.53,1.855,8.3,261.89,101377.48
TWB14,Uvalde_2020_02,29.60214,-99.73007,436.7784,6/28/21,p,2021,05/17/2021 16:30 CDT,96474,27.38,69.9,2.225,8.3,484.29,101362.61
TWB14,Uvalde_2020_02,29.60214,-99.73007,436.7784,6/28/21,p,2021,05/17/2021 16:35 CDT,96467,27.63,69.9,3.01,8.3,248.1,101348.12
TWB14,Uvalde_2020_02,29.60214,-99.73007,436.7784,6/28/21,p,2021,05/17/2021 16:40 CDT,96469,27.29,70.97,2.455,7.965,100.17,101354.03
TWB14,Uvalde_2020_02,29.60214,-99.73007,436.7784,6/28/21,p,2021,05/17/2021 16:45 CDT,96473,27.06,71.17,2.035,7.965,117.18,101362.88
TWB14,Uvalde_2020_02,29.60214,-99.73007,436.7784,6/28/21,p,2021,05/17/2021 16:50 CDT,96459,27,70.57,2.4,7.965,161.92,101350.51
TWB14,Uvalde_2020_02,29.60214,-99.73007,436.7784,6/28/21,p,2021,05/17/2021 16:55 CDT,96448,27.08,70.43,2.345,7.965,206.49,101338.62
TWB14,Uvalde_2020_02,29.60214,-99.73007,436.7784,6/28/21,p,2021,05/17/2021 17:00 CDT,96446,27.21,70.3,2.91,7.965,216.99,101333.86
TWB14,Uvalde_2020_02,29.60214,-99.73007,436.7784,6/28/21,p,2021,05/17/2021 17:05 CDT,96441,27.17,71.04,2.515,7.965,106.75,101328.76
TWB14,Uvalde_2020_02,29.60214,-99.73007,436.7784,6/28/21,p,2021,05/17/2021 17:10 CDT,96435,27.06,72.19,2.705,7.965,103.38,101324.28
TWB14,Uvalde_2020_02,29.60214,-99.73007,436.7784,6/28/21,p,2021,05/17/2021 17:15 CDT,96433,26.97,71.79,1.95,7.965,147.25,101323.85
TWB14,Uvalde_2020_02,29.60214,-99.73007,436.7784,6/28/21,p,2021,05/17/2021 17:20 CDT,96431,27.12,71.49,1.82,7.965,260.52,101320.75
TWB14,Uvalde_2020_02,29.60214,-99.73007,436.7784,6/28/21,p,2021,05/17/2021 17:25 CDT,96426,27.2,71.66,2.695,7.965,325.66,101312.5
TWB14,Uvalde_2020_02,29.60214,-99.73007,436.7784,6/28/21,p,2021,05/17/2021 17:30 CDT,96406,27.27,71.93,3.17,7.965,499.64,101290.32
TWB14,Uvalde_2020_02,29.60214,-99.73007,436.7784,6/28/21,p,2021,05/17/2021 17:35 CDT,96398,27.53,69.57,3.03,7.965,390.02,101277.78
TWB14,Uvalde_2020_02,29.60214,-99.73007,436.7784,6/28/21,p,2021,05/17/2021 17:40 CDT,96385,27.65,70.44,2.17,7.965,345.62,101261.96
TWB14,Uvalde_2020_02,29.60214,-99.73007,436.7784,6/28/21,p,2021,05/17/2021 17:45 CDT,96379,27.87,68.99,2.26,7.965,423.07,101251.86
TWB14,Uvalde_2020_02,29.60214,-99.73007,436.7784,6/28/21,p,2021,05/17/2021 17:50 CDT,96385,28.18,66.56,2.235,7.965,333.57,101253.23
TWB14,Uvalde_2020_02,29.60214,-99.73007,436.7784,6/28/21,p,2021,05/17/2021 17:55 CDT,96392,28.04,67.54,2.39,7.965,231.19,101260.08
TWB14,Uvalde_2020_02,29.60214,-99.73007,436.7784,6/28/21,p,2021,05/17/2021 18:00 CDT,96383,27.88,67.23,2.67,7.965,208.91,101254.59
TWB14,Uvalde_2020_02,29.60214,-99.73007,436.7784,6/28/21,p,2021,05/17/2021 18:05 CDT,96382,27.86,67.74,2.465,7.965,189.66,101254.53
TWB14,Uvalde_2020_02,29.60214,-99.73007,436.7784,6/28/21,p,2021,05/17/2021 18:10 CDT,96376,27.82,67.54,2.25,7.965,180.35,101249.39
TWB14,Uvalde_2020_02,29.60214,-99.73007,436.7784,6/28/21,p,2021,05/17/2021 18:15 CDT,96366,27.81,67.94,2.11,7.965,147.35,101239.37
TWB14,Uvalde_2020_02,29.60214,-99.73007,436.7784,6/28/21,p,2021,05/17/2021 18:20 CDT,96359,27.81,68.14,1.945,7.965,130.85,101232.02
TWB14,Uvalde_2020_02,29.60214,-99.73007,436.7784,6/28/21,p,2021,05/17/2021 18:25 CDT,96349,27.71,68.21,2.365,7.965,122.04,101223.17
TWB14,Uvalde_2020_02,29.60214,-99.73007,436.7784,6/28/21,p,2021,05/17/2021 18:30 CDT,96343,27.62,69.02,2.435,7.965,121.01,101218.84
TWB14,Uvalde_2020_02,29.60214,-99.73007,436.7784,6/28/21,p,2021,05/17/2021 18:35 CDT,96351,27.63,68.72,2.32,7.965,113.38,101227.58
TWB14,Uvalde_2020_02,29.60214,-99.73007,436.7784,6/28/21,p,2021,05/17/2021 18:40 CDT,96357,27.65,67.67,2.63,7.965,126.16,101233.9
TWB14,Uvalde_2020_02,29.60214,-99.73007,436.7784,6/28/21,p,2021,05/17/2021 18:45 CDT,96357,27.78,67.94,2.67,7.965,243.91,101232.4
TWB14,Uvalde_2020_02,29.60214,-99.73007,436.7784,6/28/21,p,2021,05/17/2021 18:50 CDT,96355,28.1,65.58,2.315,7.965,267.97,101225.19
TWB14,Uvalde_2020_02,29.60214,-99.73007,436.7784,6/28/21,p,2021,05/17/2021 18:55 CDT,96361,28.24,66.93,2.445,7.965,266.44,101227.52
TWB14,Uvalde_2020_02,29.60214,-99.73007,436.7784,6/28/21,p,2021,05/17/2021 19:00 CDT,96368,28.32,64.85,2.675,7.965,260.05,101232.42
TWB14,Uvalde_2020_02,29.60214,-99.73007,436.7784,6/28/21,p,2021,05/17/2021 19:05 CDT,96392,28.24,65.49,3.625,7.965,258.41,101258.61
TWB14,Uvalde_2020_02,29.60214,-99.73007,436.7784,6/28/21,p,2021,05/17/2021 19:10 CDT,96398,28.24,65.05,2.64,7.965,228.68,101266.08
TWB14,Uvalde_2020_02,29.60214,-99.73007,436.7784,6/28/21,p,2021,05/17/2021 19:15 CDT,96415,28.26,65.85,2.76,7.965,202.63,101283.1
TWB14,Uvalde_2020_02,29.60214,-99.73007,436.7784,6/28/21,p,2021,05/17/2021 19:20 CDT,96406,28.32,66.8,2.18,7.965,154.77,101273.31
TWB14,Uvalde_2020_02,29.60214,-99.73007,436.7784,6/28/21,p,2021,05/17/2021 19:25 CDT,96384,28.15,65.79,3.045,7.965,187.66,101252.02
TWB14,Uvalde_2020_02,29.60214,-99.73007,436.7784,6/28/21,p,2021,05/17/2021 19:30 CDT,96365,27.93,67.13,2.905,7.965,123.84,101235.35
TWB14,Uvalde_2020_02,29.60214,-99.73007,436.7784,6/28/21,p,2021,05/17/2021 19:35 CDT,96365,27.63,67.87,3.055,7.965,89.02,101240.48
TWB14,Uvalde_2020_02,29.60214,-99.73007,436.7784,6/28/21,p,2021,05/17/2021 19:40 CDT,96351,27.36,69.36,4.29,8.635,75.09,101230.73
TWB14,Uvalde_2020_02,29.60214,-99.73007,436.7784,6/28/21,p,2021,05/17/2021 19:45 CDT,96353,27.19,69.83,3.245,8.635,63.42,101236.31
TWB14,Uvalde_2020_02,29.60214,-99.73007,436.7784,6/28/21,p,2021,05/17/2021 19:50 CDT,96351,27.05,70.9,3.54,8.635,48.54,101236.86
TWB14,Uvalde_2020_02,29.60214,-99.73007,436.7784,6/28/21,p,2021,05/17/2021 19:55 CDT,96350,26.93,71.51,3.485,8.635,54.84,101237.81
TWB14,Uvalde_2020_02,29.60214,-99.73007,436.7784,6/28/21,p,2021,05/17/2021 20:00 CDT,96342,26.79,72.19,3.565,8.635,41.25,101232.06
TWB14,Uvalde_2020_02,29.60214,-99.73007,436.7784,6/28/21,p,2021,05/17/2021 20:05 CDT,96339,26.65,72.73,4.33,8.8,33.56,101231.07
TWB14,Uvalde_2020_02,29.60214,-99.73007,436.7784,6/28/21,p,2021,05/17/2021 20:10 CDT,96342,26.49,73.54,3.765,8.8,19.36,101237.05
TWB14,Uvalde_2020_02,29.60214,-99.73007,436.7784,6/28/21,p,2021,05/17/2021 20:15 CDT,96359,26.38,74.08,4.24,8.8,10.92,101257.09
TWB14,Uvalde_2020_02,29.60214,-99.73007,436.7784,6/28/21,p,2021,05/17/2021 20:20 CDT,96368,26.28,74.35,3.695,8.8,8.28,101268.38
TWB14,Uvalde_2020_02,29.60214,-99.73007,436.7784,6/28/21,p,2021,05/17/2021 20:25 CDT,96381,26.16,74.69,4.925,9.715,3.67,101283.71
TWB14,Uvalde_2020_02,29.60214,-99.73007,436.7784,6/28/21,p,2021,05/17/2021 20:30 CDT,96378,25.97,75.57,3.81,8.965,2.36,101283.74
TWB14,Uvalde_2020_02,29.60214,-99.73007,436.7784,6/28/21,p,2021,05/17/2021 20:35 CDT,96398,25.84,76.45,3.8,9.45,1.25,101306.76
TWB14,Uvalde_2020_02,29.60214,-99.73007,436.7784,6/28/21,p,2021,05/17/2021 20:40 CDT,96428,25.72,76.92,4.39,10.015,0.33,101340.81
TWB14,Uvalde_2020_02,29.60214,-99.73007,436.7784,6/28/21,p,2021,05/17/2021 20:45 CDT,96440,25.67,77.16,3.57,9.85,0.13,101354.43
TWB14,Uvalde_2020_02,29.60214,-99.73007,436.7784,6/28/21,p,2021,05/17/2021 20:50 CDT,96454,25.65,77.26,3.555,9.85,0,101369.47
TWB14,Uvalde_2020_02,29.60214,-99.73007,436.7784,6/28/21,p,2021,05/17/2021 20:55 CDT,96452,25.62,77.46,2.96,9.85,0.01,101367.88
TWB14,Uvalde_2020_02,29.60214,-99.73007,436.7784,6/28/21,p,2021,05/17/2021 21:00 CDT,96451,25.57,77.4,2.64,9.85,0.02,101367.5
TWB14,Uvalde_2020_02,29.60214,-99.73007,436.7784,6/28/21,p,2021,05/17/2021 21:05 CDT,96435,25.51,77.73,4.055,9.85,0.06,101351.69
TWB14,Uvalde_2020_02,29.60214,-99.73007,436.7784,6/28/21,p,2021,05/17/2021 21:10 CDT,96432,25.43,77.87,3.4,9.35,0.12,101350.05
TWB14,Uvalde_2020_02,29.60214,-99.73007,436.7784,6/28/21,p,2021,05/17/2021 21:15 CDT,96442,25.4,77.88,2.655,9.35,0.07,101360.9
TWB14,Uvalde_2020_02,29.60214,-99.73007,436.7784,6/28/21,p,2021,05/17/2021 21:20 CDT,96464,25.36,78.22,2.89,9.35,0.01,101384.69
TWB14,Uvalde_2020_02,29.60214,-99.73007,436.7784,6/28/21,p,2021,05/17/2021 21:25 CDT,96488,25.31,78.22,3.495,9.515,0.02,101410.76
TWB14,Uvalde_2020_02,29.60214,-99.73007,436.7784,6/28/21,p,2021,05/17/2021 21:30 CDT,96492,25.27,78.45,4.38,10.015,0,101415.81
TWB14,Uvalde_2020_02,29.60214,-99.73007,436.7784,6/28/21,p,2021,05/17/2021 21:35 CDT,96497,25.21,78.76,4.15,9.935,0.01,101422.07
TWB14,Uvalde_2020_02,29.60214,-99.73007,436.7784,6/28/21,p,2021,05/17/2021 21:40 CDT,96493,25.17,78.96,3.115,9.935,0.08,101418.88
TWB14,Uvalde_2020_02,29.60214,-99.73007,436.7784,6/28/21,p,2021,05/17/2021 21:45 CDT,96488,25.12,78.96,3.185,9.935,0.23,101413.79
TWB14,Uvalde_2020_02,29.60214,-99.73007,436.7784,6/28/21,p,2021,05/17/2021 21:50 CDT,96495,25.09,78.69,4.025,9.935,0.01,101422
TWB14,Uvalde_2020_02,29.60214,-99.73007,436.7784,6/28/21,p,2021,05/17/2021 21:55 CDT,96495,25.04,78.96,4.605,10.185,0,101422.84
TWB14,Uvalde_2020_02,29.60214,-99.73007,436.7784,6/28/21,p,2021,05/17/2021 22:00 CDT,96509,24.98,79.09,4.005,9.935,0.08,101438.57
TWB14,Uvalde_2020_02,29.60214,-99.73007,436.7784,6/28/21,p,2021,05/17/2021 22:05 CDT,96511,24.94,78.82,4.165,9.935,0,101441.69
TWB14,Uvalde_2020_02,29.60214,-99.73007,436.7784,6/28/21,p,2021,05/17/2021 22:10 CDT,96499,24.87,79.3,4.395,11.515,0.33,101429.92
TWB14,Uvalde_2020_02,29.60214,-99.73007,436.7784,6/28/21,p,2021,05/17/2021 22:15 CDT,96494,24.77,79.77,4.18,10.935,0.7,101425.84
TWB14,Uvalde_2020_02,29.60214,-99.73007,436.7784,6/28/21,p,2021,05/17/2021 22:20 CDT,96477,24.52,82.1,3.78,9.935,6.52,101411.68
TWB14,Uvalde_2020_02,29.60214,-99.73007,436.7784,6/28/21,p,2021,05/17/2021 22:25 CDT,96477,24.23,82.7,3.195,9.935,1.15,101416.77
TWB14,Uvalde_2020_02,29.60214,-99.73007,436.7784,6/28/21,p,2021,05/17/2021 22:30 CDT,96485,24.16,82.6,3.58,9.935,0,101427.05
TWB14,Uvalde_2020_02,29.60214,-99.73007,436.7784,6/28/21,p,2021,05/17/2021 22:35 CDT,96487,24.15,82.4,3.505,10.515,0,101429.83
TWB14,Uvalde_2020_02,29.60214,-99.73007,436.7784,6/28/21,p,2021,05/17/2021 22:40 CDT,96509,24.19,81.5,4.07,9.115,0,101452.63
TWB14,Uvalde_2020_02,29.60214,-99.73007,436.7784,6/28/21,p,2021,05/17/2021 22:45 CDT,96551,24.25,80.7,3.385,9.115,0,101495.93
TWB14,Uvalde_2020_02,29.60214,-99.73007,436.7784,6/28/21,p,2021,05/17/2021 22:50 CDT,96550,24.28,80.4,4.3,9.115,0,101494.2
TWB14,Uvalde_2020_02,29.60214,-99.73007,436.7784,6/28/21,p,2021,05/17/2021 22:55 CDT,96542,24.3,80.8,4.715,11.68,0.82,101485.28
TWB14,Uvalde_2020_02,29.60214,-99.73007,436.7784,6/28/21,p,2021,05/17/2021 23:00 CDT,96513,24.23,81.1,4.555,10.265,0.29,101455.47
TWB14,Uvalde_2020_02,29.60214,-99.73007,436.7784,6/28/21,p,2021,05/17/2021 23:05 CDT,96507,24.14,81.9,4.04,10.265,1.5,101450.69
TWB14,Uvalde_2020_02,29.60214,-99.73007,436.7784,6/28/21,p,2021,05/17/2021 23:10 CDT,96504,24.07,81.8,4.99,10.765,0.17,101449.07
TWB14,Uvalde_2020_02,29.60214,-99.73007,436.7784,6/28/21,p,2021,05/17/2021 23:15 CDT,96495,24.01,82.9,3.02,9.85,1.33,101440.28
TWB14,Uvalde_2020_02,29.60214,-99.73007,436.7784,6/28/21,p,2021,05/17/2021 23:20 CDT,96487,23.93,82.8,3.97,9.85,0,101433.23
TWB14,Uvalde_2020_02,29.60214,-99.73007,436.7784,6/28/21,p,2021,05/17/2021 23:25 CDT,96486,23.93,82.7,3.78,9.6,0,101432.52
TWB14,Uvalde_2020_02,29.60214,-99.73007,436.7784,6/28/21,p,2021,05/17/2021 23:30 CDT,96491,23.94,82.3,3.16,9.6,0,101437.61
TWB14,Uvalde_2020_02,29.60214,-99.73007,436.7784,6/28/21,p,2021,05/17/2021 23:35 CDT,96498,23.96,81.7,3.565,9.6,0,101444.63
TWB14,Uvalde_2020_02,29.60214,-99.73007,436.7784,6/28/21,p,2021,05/17/2021 23:40 CDT,96511,23.91,81.8,2.62,9.6,0.06,101459.15
TWB14,Uvalde_2020_02,29.60214,-99.73007,436.7784,6/28/21,p,2021,05/17/2021 23:45 CDT,96526,23.87,81.3,3.35,9.6,0.02,101476.12
TWB14,Uvalde_2020_02,29.60214,-99.73007,436.7784,6/28/21,p,2021,05/17/2021 23:50 CDT,96531,23.84,81.5,2.815,9.6,0,101481.71
TWB14,Uvalde_2020_02,29.60214,-99.73007,436.7784,6/28/21,p,2021,05/17/2021 23:55 CDT,96529,23.78,80.7,3.685,9.6,0,101480.64
TWB14,Uvalde_2020_02,29.60214,-99.73007,436.7784,6/28/21,p,2021,05/18/2021 00:00 CDT,96519,23.79,80.4,2.985,9.6,0,101470.13
TWB14,Uvalde_2020_02,29.60214,-99.73007,436.7784,6/28/21,p,2021,05/18/2021 00:05 CDT,96506,23.75,80.1,3.255,9.6,0,101456.98
TWB14,Uvalde_2020_02,29.60214,-99.73007,436.7784,6/28/21,p,2021,05/18/2021 00:10 CDT,96504,23.71,80.1,2.96,9.6,0,101455.39
TWB14,Uvalde_2020_02,29.60214,-99.73007,436.7784,6/28/21,p,2021,05/18/2021 00:15 CDT,96493,23.65,79.8,2.665,9.6,0,101445.02
TWB14,Uvalde_2020_02,29.60214,-99.73007,436.7784,6/28/21,p,2021,05/18/2021 00:20 CDT,96503,23.64,79.77,3.2,9.6,0,101456.39
TWB14,Uvalde_2020_02,29.60214,-99.73007,436.7784,6/28/21,p,2021,05/18/2021 00:25 CDT,96483,23.63,80.1,2.055,9.265,0,101435.19
TWB14,Uvalde_2020_02,29.60214,-99.73007,436.7784,6/28/21,p,2021,05/18/2021 00:30 CDT,96478,23.55,80.3,2.605,9.265,0,101431.12
TWB14,Uvalde_2020_02,29.60214,-99.73007,436.7784,6/28/21,p,2021,05/18/2021 00:35 CDT,96454,23.48,81.1,2.28,9.265,0,101406.74
TWB14,Uvalde_2020_02,29.60214,-99.73007,436.7784,6/28/21,p,2021,05/18/2021 00:40 CDT,96432,23.34,81.6,1.615,9.265,0.06,101385.66
TWB14,Uvalde_2020_02,29.60214,-99.73007,436.7784,6/28/21,p,2021,05/18/2021 00:45 CDT,96434,23.26,81.6,2.14,9.265,0.03,101389.64
TWB14,Uvalde_2020_02,29.60214,-99.73007,436.7784,6/28/21,p,2021,05/18/2021 00:50 CDT,96431,23.23,81.6,1.86,9.265,0,101387.34
TWB14,Uvalde_2020_02,29.60214,-99.73007,436.7784,6/28/21,p,2021,05/18/2021 00:55 CDT,96425,23.15,82.2,1.68,9.265,0,101381.71
TWB14,Uvalde_2020_02,29.60214,-99.73007,436.7784,6/28/21,p,2021,05/18/2021 01:00 CDT,96410,23.04,82.9,1.415,9.265,0,101367.82
TWB14,Uvalde_2020_02,29.60214,-99.73007,436.7784,6/28/21,p,2021,05/18/2021 01:05 CDT,96412,22.9,83.1,1.58,9.265,0.05,101371.97
TWB14,Uvalde_2020_02,29.60214,-99.73007,436.7784,6/28/21,p,2021,05/18/2021 01:10 CDT,96411,22.84,83.3,1.515,9.265,0,101372.81
TWB14,Uvalde_2020_02,29.60214,-99.73007,436.7784,6/28/21,p,2021,05/18/2021 01:15 CDT,96401,22.77,83.7,1.245,9.265,0,101363.66
TWB14,Uvalde_2020_02,29.60214,-99.73007,436.7784,6/28/21,p,2021,05/18/2021 01:20 CDT,96403,22.67,83.9,1.125,9.265,0,101367.48
TWB14,Uvalde_2020_02,29.60214,-99.73007,436.7784,6/28/21,p,2021,05/18/2021 01:25 CDT,96399,22.54,84.8,0.97,9.265,0.04,101365.16
TWB14,Uvalde_2020_02,29.60214,-99.73007,436.7784,6/28/21,p,2021,05/18/2021 01:30 CDT,96377,22.42,85,0.67,9.265,0.29,101344.6
TWB14,Uvalde_2020_02,29.60214,-99.73007,436.7784,6/28/21,p,2021,05/18/2021 01:35 CDT,96356,22.33,85.3,0.91,9.265,0.04,101324.41
TWB14,Uvalde_2020_02,29.60214,-99.73007,436.7784,6/28/21,p,2021,05/18/2021 01:40 CDT,96350,22.3,85.3,0.55,9.265,0.11,101319.47
TWB14,Uvalde_2020_02,29.60214,-99.73007,436.7784,6/28/21,p,2021,05/18/2021 01:45 CDT,96320,22.12,85.7,0.03,9.265,0.57,101290.68
TWB14,Uvalde_2020_02,29.60214,-99.73007,436.7784,6/28/21,p,2021,05/18/2021 01:50 CDT,96296,21.89,86.8,0.16,9.265,0.76,101269.05
TWB14,Uvalde_2020_02,29.60214,-99.73007,436.7784,6/28/21,p,2021,05/18/2021 01:55 CDT,96306,21.68,88.3,0.525,9.265,0.35,101284.22
TWB14,Uvalde_2020_02,29.60214,-99.73007,436.7784,6/28/21,p,2021,05/18/2021 02:00 CDT,96315,21.49,88.3,0.01,9.265,1.12,101297.49
TWB14,Uvalde_2020_02,29.60214,-99.73007,436.7784,6/28/21,p,2021,05/18/2021 02:05 CDT,96347,21.2,89.6,0,9.265,0.84,101334.6
TWB14,Uvalde_2020_02,29.60214,-99.73007,436.7784,6/28/21,p,2021,05/18/2021 02:10 CDT,96374,20.96,90.1,0,9.265,0.78,101366.47
TWB14,Uvalde_2020_02,29.60214,-99.73007,436.7784,6/28/21,p,2021,05/18/2021 02:15 CDT,96379,20.75,89.9,0,9.265,0.94,101375.38
TWB14,Uvalde_2020_02,29.60214,-99.73007,436.7784,6/28/21,p,2021,05/18/2021 02:20 CDT,96373,20.6,91,0.015,9.265,0.28,101372.02
TWB14,Uvalde_2020_02,29.60214,-99.73007,436.7784,6/28/21,p,2021,05/18/2021 02:25 CDT,96374,20.45,91.6,0.025,9.265,0.09,101375.5
TWB14,Uvalde_2020_02,29.60214,-99.73007,436.7784,6/28/21,p,2021,05/18/2021 02:30 CDT,96369,20.49,92,0.215,9.265,0.02,101371.46
TWB14,Uvalde_2020_02,29.60214,-99.73007,436.7784,6/28/21,p,2021,05/18/2021 02:35 CDT,96369,20.52,91.6,0.14,9.265,0.28,101374.08
TWB14,Uvalde_2020_02,29.60214,-99.73007,436.7784,6/28/21,p,2021,05/18/2021 02:40 CDT,96355,20.32,91.9,0.35,9.265,0.48,101361.62
TWB14,Uvalde_2020_02,29.60214,-99.73007,436.7784,6/28/21,p,2021,05/18/2021 02:45 CDT,96347,20.06,91.4,0.045,9.265,1.13,101356.01
TWB14,Uvalde_2020_02,29.60214,-99.73007,436.7784,6/28/21,p,2021,05/18/2021 02:50 CDT,96338,19.85,91.4,0.73,9.265,0.33,101350.74
TWB14,Uvalde_2020_02,29.60214,-99.73007,436.7784,6/28/21,p,2021,05/18/2021 02:55 CDT,96340,19.57,92.4,0.56,9.265,0.13,101357.57
TWB14,Uvalde_2020_02,29.60214,-99.73007,436.7784,6/28/21,p,2021,05/18/2021 03:00 CDT,96337,19.49,92.4,0.28,9.265,0.19,101355.99
TWB14,Uvalde_2020_02,29.60214,-99.73007,436.7784,6/28/21,p,2021,05/18/2021 03:05 CDT,96337,19.39,91.8,0.355,9.265,0.08,101356.7
TWB14,Uvalde_2020_02,29.60214,-99.73007,436.7784,6/28/21,p,2021,05/18/2021 03:10 CDT,96353,19.29,92.4,0.36,9.265,0.22,101376.87
TWB14,Uvalde_2020_02,29.60214,-99.73007,436.7784,6/28/21,p,2021,05/18/2021 03:15 CDT,96341,19.33,92.8,0.615,9.265,0,101364.94
TWB14,Uvalde_2020_02,29.60214,-99.73007,436.7784,6/28/21,p,2021,05/18/2021 03:20 CDT,96334,19.2,92.6,0.06,9.265,0.22,101358.99
TWB14,Uvalde_2020_02,29.60214,-99.73007,436.7784,6/28/21,p,2021,05/18/2021 03:25 CDT,96334,18.96,92.4,0.115,9.265,0.41,101360.93
TWB14,Uvalde_2020_02,29.60214,-99.73007,436.7784,6/28/21,p,2021,05/18/2021 03:30 CDT,96332,18.83,92,0.065,9.265,0.37,101360.59
TWB14,Uvalde_2020_02,29.60214,-99.73007,436.7784,6/28/21,p,2021,05/18/2021 03:35 CDT,96309,18.66,92.7,0.61,9.265,0.06,101340.08
TWB14,Uvalde_2020_02,29.60214,-99.73007,436.7784,6/28/21,p,2021,05/18/2021 03:40 CDT,96305,18.73,92.1,0.46,9.265,0,101337.11
TWB14,Uvalde_2020_02,29.60214,-99.73007,436.7784,6/28/21,p,2021,05/18/2021 03:45 CDT,96316,18.48,92.9,0.915,9.265,0,101352.04
TWB14,Uvalde_2020_02,29.60214,-99.73007,436.7784,6/28/21,p,2021,05/18/2021 05:10 CDT,96548,18.79,92.6,0.28,9.265,0,101591.92
TWB14,Uvalde_2020_02,29.60214,-99.73007,436.7784,6/28/21,p,2021,05/18/2021 05:15 CDT,96564,18.74,93.8,0.52,9.265,0,101610.17
TWB14,Uvalde_2020_02,29.60214,-99.73007,436.7784,6/28/21,p,2021,05/18/2021 05:20 CDT,96561,18.74,93.7,1.09,9.265,0,101605.95
TWB14,Uvalde_2020_02,29.60214,-99.73007,436.7784,6/28/21,p,2021,05/18/2021 05:25 CDT,96562,18.59,92.8,0.775,9.265,0.03,101607.54
TWB14,Uvalde_2020_02,29.60214,-99.73007,436.7784,6/28/21,p,2021,05/18/2021 05:30 CDT,96574,18.48,92.2,0.23,9.265,0.27,101622.12
TWB14,Uvalde_2020_02,29.60214,-99.73007,436.7784,6/28/21,p,2021,05/18/2021 05:35 CDT,96588,18.53,92.4,0.765,9.265,0,101637.56
TWB14,Uvalde_2020_02,29.60214,-99.73007,436.7784,6/28/21,p,2021,05/18/2021 05:40 CDT,96603,18.61,91.9,0.44,9.265,0,101651.93
TWB14,Uvalde_2020_02,29.60214,-99.73007,436.7784,6/28/21,p,2021,05/18/2021 05:45 CDT,96590,18.55,91.7,0.385,9.265,0,101640.02
TWB14,Uvalde_2020_02,29.60214,-99.73007,436.7784,6/28/21,p,2021,05/18/2021 05:50 CDT,96598,18.43,92.3,0.855,9.265,0,101649.85
TWB14,Uvalde_2020_02,29.60214,-99.73007,436.7784,6/28/21,p,2021,05/18/2021 05:55 CDT,96590,18.38,92.3,0.31,9.265,0,101642.32
TWB14,Uvalde_2020_02,29.60214,-99.73007,436.7784,6/28/21,p,2021,05/18/2021 06:00 CDT,96595,18.35,92.6,0.245,9.265,0,101648.29
TWB14,Uvalde_2020_02,29.60214,-99.73007,436.7784,6/28/21,p,2021,05/18/2021 06:05 CDT,96589,18.26,92.6,0.21,9.265,0,101642.51
TWB14,Uvalde_2020_02,29.60214,-99.73007,436.7784,6/28/21,p,2021,05/18/2021 06:10 CDT,96599,18.27,92.7,0.035,9.265,0,101653.92
TWB14,Uvalde_2020_02,29.60214,-99.73007,436.7784,6/28/21,p,2021,05/18/2021 06:15 CDT,96589,18.23,92.8,0,9.265,0.14,101644.28
TWB14,Uvalde_2020_02,29.60214,-99.73007,436.7784,6/28/21,p,2021,05/18/2021 06:20 CDT,96599,18.13,92.7,0.025,9.265,0.38,101655.52
TWB14,Uvalde_2020_02,29.60214,-99.73007,436.7784,6/28/21,p,2021,05/18/2021 06:25 CDT,96610,17.99,92.9,0,9.265,0.28,101668.87
TWB14,Uvalde_2020_02,29.60214,-99.73007,436.7784,6/28/21,p,2021,05/18/2021 06:30 CDT,96618,17.87,93.1,0.085,9.265,0.07,101679.6
TWB14,Uvalde_2020_02,29.60214,-99.73007,436.7784,6/28/21,p,2021,05/18/2021 06:35 CDT,96625,17.7,93.2,0.02,9.265,0.73,101689.28
TWB14,Uvalde_2020_02,29.60214,-99.73007,436.7784,6/28/21,p,2021,05/18/2021 06:40 CDT,96629,17.51,93.5,0.075,9.265,1.27,101695.99
TWB14,Uvalde_2020_02,29.60214,-99.73007,436.7784,6/28/21,p,2021,05/18/2021 06:45 CDT,96628,17.43,94,0.345,9.265,0.48,101696
TWB14,Uvalde_2020_02,29.60214,-99.73007,436.7784,6/28/21,p,2021,05/18/2021 06:50 CDT,96640,17.27,94.3,0.355,9.265,1.29,101711.13
TWB14,Uvalde_2020_02,29.60214,-99.73007,436.7784,6/28/21,p,2021,05/18/2021 06:55 CDT,96646,17.35,94.8,0.52,9.265,1.94,101718.51
TWB14,Uvalde_2020_02,29.60214,-99.73007,436.7784,6/28/21,p,2021,05/18/2021 07:00 CDT,96660,17.52,95.1,0.06,9.265,2.56,101731.82
TWB14,Uvalde_2020_02,29.60214,-99.73007,436.7784,6/28/21,p,2021,05/18/2021 07:05 CDT,96662,17.64,95,0.03,9.265,5.26,101731.78
TWB14,Uvalde_2020_02,29.60214,-99.73007,436.7784,6/28/21,p,2021,05/18/2021 07:10 CDT,96670,17.72,94.9,0,9.265,7.8,101739.49
TWB14,Uvalde_2020_02,29.60214,-99.73007,436.7784,6/28/21,p,2021,05/18/2021 07:15 CDT,96676,17.67,95,0.22,9.265,9.68,101745.98
TWB14,Uvalde_2020_02,29.60214,-99.73007,436.7784,6/28/21,p,2021,05/18/2021 07:20 CDT,96693,17.57,94.9,0.605,9.265,8.87,101763.87
TWB14,Uvalde_2020_02,29.60214,-99.73007,436.7784,6/28/21,p,2021,05/18/2021 07:25 CDT,96693,17.47,94.7,0.42,9.265,11.5,101764.41
TWB14,Uvalde_2020_02,29.60214,-99.73007,436.7784,6/28/21,p,2021,05/18/2021 07:30 CDT,96693,17.51,94.6,0.375,9.265,16.51,101764.59
TWB14,Uvalde_2020_02,29.60214,-99.73007,436.7784,6/28/21,p,2021,05/18/2021 07:35 CDT,96699,17.53,94.4,0,9.265,21.04,101771.44
TWB14,Uvalde_2020_02,29.60214,-99.73007,436.7784,6/28/21,p,2021,05/18/2021 07:40 CDT,96697,17.55,94.7,0.025,9.265,29.63,101769.51
TWB14,Uvalde_2020_02,29.60214,-99.73007,436.7784,6/28/21,p,2021,05/18/2021 07:45 CDT,96690,17.7,94.8,0.185,9.265,62.97,101761.79
TWB14,Uvalde_2020_02,29.60214,-99.73007,436.7784,6/28/21,p,2021,05/18/2021 07:50 CDT,96670,17.89,95.2,0.645,9.265,70.3,101738.59
TWB14,Uvalde_2020_02,29.60214,-99.73007,436.7784,6/28/21,p,2021,05/18/2021 07:55 CDT,96663,18.2,95,0.39,9.265,61.66,101727.31
TWB14,Uvalde_2020_02,29.60214,-99.73007,436.7784,6/28/21,p,2021,05/18/2021 08:00 CDT,96662,18.5,94.8,0.155,9.265,101.91,101721.98
TWB14,Uvalde_2020_02,29.60214,-99.73007,436.7784,6/28/21,p,2021,05/18/2021 08:05 CDT,96669,18.94,94.4,0.14,9.265,133.96,101722.96
TWB14,Uvalde_2020_02,29.60214,-99.73007,436.7784,6/28/21,p,2021,05/18/2021 08:10 CDT,96672,19.46,91.7,0.1,9.265,143.03,101717.1
TWB14,Uvalde_2020_02,29.60214,-99.73007,436.7784,6/28/21,p,2021,05/18/2021 08:15 CDT,96681,19.8,89.7,0.605,9.265,156.75,101719.7
TWB14,Uvalde_2020_02,29.60214,-99.73007,436.7784,6/28/21,p,2021,05/18/2021 08:20 CDT,96682,20.15,87.3,0.235,9.265,163.48,101713.02
TWB14,Uvalde_2020_02,29.60214,-99.73007,436.7784,6/28/21,p,2021,05/18/2021 08:25 CDT,96684,20.93,82.2,0.18,9.265,174.21,101703.75
TWB14,Uvalde_2020_02,29.60214,-99.73007,436.7784,6/28/21,p,2021,05/18/2021 08:30 CDT,96676,21.45,79.49,0.08,9.265,187.89,101685.58
TWB14,Uvalde_2020_02,29.60214,-99.73007,436.7784,6/28/21,p,2021,05/18/2021 08:35 CDT,96649,21.62,77.3,0.39,9.265,204.71,101650.76
TWB14,Uvalde_2020_02,29.60214,-99.73007,436.7784,6/28/21,p,2021,05/18/2021 08:40 CDT,96641,21.94,73.25,0.205,9.265,220,101636.99
TWB14,Uvalde_2020_02,29.60214,-99.73007,436.7784,6/28/21,p,2021,05/18/2021 08:45 CDT,96683,22.41,66.29,0.215,9.265,240.84,101671.52
TWB14,Uvalde_2020_02,29.60214,-99.73007,436.7784,6/28/21,p,2021,05/18/2021 08:50 CDT,96703,22.54,66.83,0.47,9.265,256.95,101688.05
TWB14,Uvalde_2020_02,29.60214,-99.73007,436.7784,6/28/21,p,2021,05/18/2021 08:55 CDT,96724,22.53,67.6,0.82,9.265,302.47,101706.86
TWB14,Uvalde_2020_02,29.60214,-99.73007,436.7784,6/28/21,p,2021,05/18/2021 09:00 CDT,96710,22.59,67.6,0.575,9.265,320.7,101692.48
TWB14,Uvalde_2020_02,29.60214,-99.73007,436.7784,6/28/21,p,2021,05/18/2021 09:05 CDT,96688,22.78,64.86,0.87,9.265,328.24,101665.75
TWB14,Uvalde_2020_02,29.60214,-99.73007,436.7784,6/28/21,p,2021,05/18/2021 09:10 CDT,96681,22.92,64.99,0.56,9.265,90.51,101654.44
TWB14,Uvalde_2020_02,29.60214,-99.73007,436.7784,6/28/21,p,2021,05/18/2021 09:15 CDT,96673,22.62,67.55,0.44,9.265,93.49,101646.86
TWB14,Uvalde_2020_02,29.60214,-99.73007,436.7784,6/28/21,p,2021,05/18/2021 09:20 CDT,96678,22.44,69.3,0.545,9.265,82.8,101654.69
TWB14,Uvalde_2020_02,29.60214,-99.73007,436.7784,6/28/21,p,2021,05/18/2021 09:25 CDT,96678,22.26,68.76,0.61,9.265,72.89,101658.13
TWB14,Uvalde_2020_02,29.60214,-99.73007,436.7784,6/28/21,p,2021,05/18/2021 09:30 CDT,96677,22.19,71.79,0.175,9.265,127.72,101659.99
TWB14,Uvalde_2020_02,29.60214,-99.73007,436.7784,6/28/21,p,2021,05/18/2021 09:35 CDT,96685,22.42,66.6,0.195,9.265,132.24,101667.06
TWB14,Uvalde_2020_02,29.60214,-99.73007,436.7784,6/28/21,p,2021,05/18/2021 09:40 CDT,96666,22.39,68.89,0.705,9.265,177.76,101647.06
TWB14,Uvalde_2020_02,29.60214,-99.73007,436.7784,6/28/21,p,2021,05/18/2021 09:45 CDT,96704,22.62,67.84,0.69,9.265,206.6,101684.62
TWB14,Uvalde_2020_02,29.60214,-99.73007,436.7784,6/28/21,p,2021,05/18/2021 09:50 CDT,96735,22.81,65.58,0.205,9.265,76.8,101713.1
TWB14,Uvalde_2020_02,29.60214,-99.73007,436.7784,6/28/21,p,2021,05/18/2021 09:55 CDT,96751,22.6,69.19,0.505,9.265,45.62,101729.73
TWB14,Uvalde_2020_02,29.60214,-99.73007,436.7784,6/28/21,p,2021,05/18/2021 10:00 CDT,96726,22.17,77.92,0.285,9.265,63.2,101708.88
TWB14,Uvalde_2020_02,29.60214,-99.73007,436.7784,6/28/21,p,2021,05/18/2021 10:05 CDT,96725,21.4,80.2,0.325,9.265,66.96,101720.08
TWB14,Uvalde_2020_02,29.60214,-99.73007,436.7784,6/28/21,p,2021,05/18/2021 10:10 CDT,96717,21.15,83,0.105,9.265,50.17,101721.37
TWB14,Uvalde_2020_02,29.60214,-99.73007,436.7784,6/28/21,p,2021,05/18/2021 10:15 CDT,96714,21.04,85.1,0.035,9.265,39.44,101720.11
TWB14,Uvalde_2020_02,29.60214,-99.73007,436.7784,6/28/21,p,2021,05/18/2021 10:20 CDT,96712,20.75,88.4,0.325,9.265,44.81,101721.64
TWB14,Uvalde_2020_02,29.60214,-99.73007,436.7784,6/28/21,p,2021,05/18/2021 10:25 CDT,96737,20.63,89.4,0.13,9.265,48.14,101751.07
TWB14,Uvalde_2020_02,29.60214,-99.73007,436.7784,6/28/21,p,2021,05/18/2021 10:30 CDT,96731,20.56,89.2,0.215,9.265,89.99,101746.16
TWB14,Uvalde_2020_02,29.60214,-99.73007,436.7784,6/28/21,p,2021,05/18/2021 10:35 CDT,96715,20.65,88.7,0.745,9.265,234.59,101728.98
TWB14,Uvalde_2020_02,29.60214,-99.73007,436.7784,6/28/21,p,2021,05/18/2021 10:40 CDT,96715,20.9,84.2,0.795,9.265,300.64,101727.09
TWB14,Uvalde_2020_02,29.60214,-99.73007,436.7784,6/28/21,p,2021,05/18/2021 10:45 CDT,96706,21.59,77.62,0.505,9.265,319.54,101709.31
TWB14,Uvalde_2020_02,29.60214,-99.73007,436.7784,6/28/21,p,2021,05/18/2021 10:50 CDT,96718,22.2,67.47,0.295,9.265,305.74,101711.94
TWB14,Uvalde_2020_02,29.60214,-99.73007,436.7784,6/28/21,p,2021,05/18/2021 10:55 CDT,96715,22.57,71.55,0.565,9.265,267.43,101701.85
TWB14,Uvalde_2020_02,29.60214,-99.73007,436.7784,6/28/21,p,2021,05/18/2021 11:00 CDT,96698,22.71,71.65,0.83,9.265,283.08,101677.94
TWB14,Uvalde_2020_02,29.60214,-99.73007,436.7784,6/28/21,p,2021,05/18/2021 11:05 CDT,96700,22.93,71.21,0.565,9.265,299.46,101675.57
TWB14,Uvalde_2020_02,29.60214,-99.73007,436.7784,6/28/21,p,2021,05/18/2021 11:10 CDT,96714,23.2,70.44,1.29,9.265,514.9,101685.83
TWB14,Uvalde_2020_02,29.60214,-99.73007,436.7784,6/28/21,p,2021,05/18/2021 11:15 CDT,96719,23.18,68.62,1.25,9.265,516.64,101688.36
TWB14,Uvalde_2020_02,29.60214,-99.73007,436.7784,6/28/21,p,2021,05/18/2021 11:20 CDT,96731,23.47,68.45,1.04,9.265,276.91,101696.52
TWB14,Uvalde_2020_02,29.60214,-99.73007,436.7784,6/28/21,p,2021,05/18/2021 11:25 CDT,96751,23.49,65.92,1.56,9.265,269.71,101714.66
TWB14,Uvalde_2020_02,29.60214,-99.73007,436.7784,6/28/21,p,2021,05/18/2021 11:30 CDT,96759,23.4,65.91,1.41,9.265,227.84,101724.44
TWB14,Uvalde_2020_02,29.60214,-99.73007,436.7784,6/28/21,p,2021,05/18/2021 11:35 CDT,96759,23.45,66.44,1.93,9.265,257.82,101723.75
TWB14,Uvalde_2020_02,29.60214,-99.73007,436.7784,6/28/21,p,2021,05/18/2021 11:40 CDT,96765,23.35,68.33,2.67,9.265,183.9,101731.07
TWB14,Uvalde_2020_02,29.60214,-99.73007,436.7784,6/28/21,p,2021,05/18/2021 11:45 CDT,96769,22.8,72.17,4.125,9.265,145.72,101743.47
TWB14,Uvalde_2020_02,29.60214,-99.73007,436.7784,6/28/21,p,2021,05/18/2021 11:50 CDT,96768,21.87,75.97,4.48,9.265,237.99,101758.76
TWB14,Uvalde_2020_02,29.60214,-99.73007,436.7784,6/28/21,p,2021,05/18/2021 11:55 CDT,96754,21.4,78.6,4.715,8.865,161.53,101753.88
TWB14,Uvalde_2020_02,29.60214,-99.73007,436.7784,6/28/21,p,2021,05/18/2021 12:00 CDT,96751,21.35,78.3,4.03,8.865,129.38,101752.81
TWB14,Uvalde_2020_02,29.60214,-99.73007,436.7784,6/28/21,p,2021,05/18/2021 12:05 CDT,96767,21.25,78.13,4.745,8.865,168.01,101771.55
TWB14,Uvalde_2020_02,29.60214,-99.73007,436.7784,6/28/21,p,2021,05/18/2021 12:10 CDT,96767,21.15,76.95,4.955,8.865,139.55,101773.13
TWB14,Uvalde_2020_02,29.60214,-99.73007,436.7784,6/28/21,p,2021,05/18/2021 12:15 CDT,96774,20.96,77.35,4.96,8.865,71.15,101784.49
TWB14,Uvalde_2020_02,29.60214,-99.73007,436.7784,6/28/21,p,2021,05/18/2021 12:20 CDT,96769,20.76,78.5,5.06,8.865,59.69,101782.88
TWB14,Uvalde_2020_02,29.60214,-99.73007,436.7784,6/28/21,p,2021,05/18/2021 12:25 CDT,96798,20.31,81,4.55,8.865,62.64,101821.05
TWB14,Uvalde_2020_02,29.60214,-99.73007,436.7784,6/28/21,p,2021,05/18/2021 12:30 CDT,96805,19.81,85.3,4.17,8.865,89.69,101837.68
TWB14,Uvalde_2020_02,29.60214,-99.73007,436.7784,6/28/21,p,2021,05/18/2021 12:35 CDT,96805,19.5,85.8,3.805,8.865,110.84,101843.48
TWB14,Uvalde_2020_02,29.60214,-99.73007,436.7784,6/28/21,p,2021,05/18/2021 12:40 CDT,96803,19.36,86.1,3.775,8.865,79.65,101843.84
TWB14,Uvalde_2020_02,29.60214,-99.73007,436.7784,6/28/21,p,2021,05/18/2021 12:45 CDT,96800,19.17,88.4,3.31,8.865,147.11,101843.49
TWB14,Uvalde_2020_02,29.60214,-99.73007,436.7784,6/28/21,p,2021,05/18/2021 12:50 CDT,96790,19.12,89.9,2.215,8.865,156.36,101833.49
TWB14,Uvalde_2020_02,29.60214,-99.73007,436.7784,6/28/21,p,2021,05/18/2021 12:55 CDT,96755,19.17,88.8,3.01,8.865,308.39,101796.15
TWB14,Uvalde_2020_02,29.60214,-99.73007,436.7784,6/28/21,p,2021,05/18/2021 13:00 CDT,96732,19.39,90.1,3.235,8.865,402.08,101769.12
TWB14,Uvalde_2020_02,29.60214,-99.73007,436.7784,6/28/21,p,2021,05/18/2021 13:05 CDT,96741,19.46,87.7,3.21,8.865,162.8,101775.96
TWB14,Uvalde_2020_02,29.60214,-99.73007,436.7784,6/28/21,p,2021,05/18/2021 13:10 CDT,96709,19.38,88.3,1.83,8.865,285.62,101744.23
TWB14,Uvalde_2020_02,29.60214,-99.73007,436.7784,6/28/21,p,2021,05/18/2021 13:15 CDT,96724,19.54,85.6,0.825,8.865,195.08,101758.97
TWB14,Uvalde_2020_02,29.60214,-99.73007,436.7784,6/28/21,p,2021,05/18/2021 13:20 CDT,96722,19.67,85.4,0.76,8.865,149.58,101755.29
TWB14,Uvalde_2020_02,29.60214,-99.73007,436.7784,6/28/21,p,2021,05/18/2021 13:25 CDT,96711,19.75,87.2,1.47,8.865,266.21,101741.07
TWB14,Uvalde_2020_02,29.60214,-99.73007,436.7784,6/28/21,p,2021,05/18/2021 13:30 CDT,96698,19.9,89.5,1.565,8.865,309.18,101724.04
TWB14,Uvalde_2020_02,29.60214,-99.73007,436.7784,6/28/21,p,2021,05/18/2021 13:35 CDT,96694,20.23,87,1.56,8.865,401.35,101714.59
TWB14,Uvalde_2020_02,29.60214,-99.73007,436.7784,6/28/21,p,2021,05/18/2021 13:40 CDT,96683,20.28,85.2,1.8,8.865,230.57,101701.28
TWB14,Uvalde_2020_02,29.60214,-99.73007,436.7784,6/28/21,p,2021,05/18/2021 13:45 CDT,96682,20.26,86.6,1.855,8.865,196.89,101700.05
TWB14,Uvalde_2020_02,29.60214,-99.73007,436.7784,6/28/21,p,2021,05/18/2021 13:50 CDT,96684,20.38,85.5,1.515,8.865,181.31,101700.06
TWB14,Uvalde_2020_02,29.60214,-99.73007,436.7784,6/28/21,p,2021,05/18/2021 13:55 CDT,96687,20.36,86.3,1.945,8.865,211,101703.21
TWB14,Uvalde_2020_02,29.60214,-99.73007,436.7784,6/28/21,p,2021,05/18/2021 14:00 CDT,96677,20.41,85.5,1.805,8.865,232.61,101692
TWB14,Uvalde_2020_02,29.60214,-99.73007,436.7784,6/28/21,p,2021,05/18/2021 14:05 CDT,96672,20.49,84.7,1.565,8.865,164.45,101685.17
TWB14,Uvalde_2020_02,29.60214,-99.73007,436.7784,6/28/21,p,2021,05/18/2021 14:10 CDT,96683,20.5,83.8,1.905,8.865,164.75,101695.88
TWB14,Uvalde_2020_02,29.60214,-99.73007,436.7784,6/28/21,p,2021,05/18/2021 14:15 CDT,96675,20.46,83.2,1.72,8.865,163.47,101688.51
TWB14,Uvalde_2020_02,29.60214,-99.73007,436.7784,6/28/21,p,2021,05/18/2021 14:20 CDT,96671,20.48,83.2,2.005,8.865,174.42,101684.13
TWB14,Uvalde_2020_02,29.60214,-99.73007,436.7784,6/28/21,p,2021,05/18/2021 14:25 CDT,96670,20.52,82.6,1.955,8.865,172.55,101682.91
TWB14,Uvalde_2020_02,29.60214,-99.73007,436.7784,6/28/21,p,2021,05/18/2021 14:30 CDT,96669,20.62,82.8,1.71,8.865,168.67,101680.46
TWB14,Uvalde_2020_02,29.60214,-99.73007,436.7784,6/28/21,p,2021,05/18/2021 14:35 CDT,96672,20.8,81.4,1.095,8.865,127.56,101680.66
TWB14,Uvalde_2020_02,29.60214,-99.73007,436.7784,6/28/21,p,2021,05/18/2021 14:40 CDT,96671,20.82,80.6,1.175,8.865,191.34,101678.74
TWB14,Uvalde_2020_02,29.60214,-99.73007,436.7784,6/28/21,p,2021,05/18/2021 14:45 CDT,96669,20.83,82.3,1.67,8.865,195.67,101676.45
TWB14,Uvalde_2020_02,29.60214,-99.73007,436.7784,6/28/21,p,2021,05/18/2021 14:50 CDT,96669,20.8,81.1,1.55,8.865,210.84,101676.29
TWB14,Uvalde_2020_02,29.60214,-99.73007,436.7784,6/28/21,p,2021,05/18/2021 14:55 CDT,96657,20.92,78.02,1.375,8.865,256.48,101662.47
TWB14,Uvalde_2020_02,29.60214,-99.73007,436.7784,6/28/21,p,2021,05/18/2021 15:00 CDT,96648,20.88,79.2,2.115,8.865,224.63,101652.65
TWB14,Uvalde_2020_02,29.60214,-99.73007,436.7784,6/28/21,p,2021,05/18/2021 15:05 CDT,96640,20.91,78.73,1.255,8.865,259.59,101644.93
TWB14,Uvalde_2020_02,29.60214,-99.73007,436.7784,6/28/21,p,2021,05/18/2021 15:10 CDT,96624,21.12,78.36,1.625,8.865,347.54,101624.98
TWB14,Uvalde_2020_02,29.60214,-99.73007,436.7784,6/28/21,p,2021,05/18/2021 15:15 CDT,96619,21.31,76.64,2.405,8.865,399.27,101615.74
TWB14,Uvalde_2020_02,29.60214,-99.73007,436.7784,6/28/21,p,2021,05/18/2021 15:20 CDT,96619,21.54,77.25,1.47,8.865,283.22,101612.26
TWB14,Uvalde_2020_02,29.60214,-99.73007,436.7784,6/28/21,p,2021,05/18/2021 15:25 CDT,96609,21.77,73.98,1.755,8.865,291.24,101597.96
TWB14,Uvalde_2020_02,29.60214,-99.73007,436.7784,6/28/21,p,2021,05/18/2021 15:30 CDT,96592,21.61,76.23,2.23,8.865,357.27,101581.11
TWB14,Uvalde_2020_02,29.60214,-99.73007,436.7784,6/28/21,p,2021,05/18/2021 15:35 CDT,96576,22.02,73.5,1.295,8.865,343.71,101559.98
TWB14,Uvalde_2020_02,29.60214,-99.73007,436.7784,6/28/21,p,2021,05/18/2021 15:40 CDT,96584,21.99,72.85,2.035,8.865,315.4,101565.98
TWB14,Uvalde_2020_02,29.60214,-99.73007,436.7784,6/28/21,p,2021,05/18/2021 15:45 CDT,96576,22.06,71.8,1.99,8.865,365.44,101557.4
TWB14,Uvalde_2020_02,29.60214,-99.73007,436.7784,6/28/21,p,2021,05/18/2021 15:50 CDT,96557,22.25,72.77,1.82,8.865,427.92,101534.48
TWB14,Uvalde_2020_02,29.60214,-99.73007,436.7784,6/28/21,p,2021,05/18/2021 15:55 CDT,96535,22.55,71.53,1.84,8.865,551.79,101506.2
TWB14,Uvalde_2020_02,29.60214,-99.73007,436.7784,6/28/21,p,2021,05/18/2021 16:00 CDT,96512,23.12,69,1.72,8.865,612.82,101473.28
TWB14,Uvalde_2020_02,29.60214,-99.73007,436.7784,6/28/21,p,2021,05/18/2021 16:05 CDT,96501,23.47,67.92,2.82,8.865,620.75,101454.38
TWB14,Uvalde_2020_02,29.60214,-99.73007,436.7784,6/28/21,p,2021,05/18/2021 16:10 CDT,96497,23.71,66.87,2.92,8.865,605.36,101444.04
TWB14,Uvalde_2020_02,29.60214,-99.73007,436.7784,6/28/21,p,2021,05/18/2021 16:15 CDT,96490,23.29,68.29,2.895,8.615,592.73,101441.79
TWB14,Uvalde_2020_02,29.60214,-99.73007,436.7784,6/28/21,p,2021,05/18/2021 16:20 CDT,96477,23.48,70.67,2.85,8.615,571.77,101426.91
TWB14,Uvalde_2020_02,29.60214,-99.73007,436.7784,6/28/21,p,2021,05/18/2021 16:25 CDT,96467,23.86,66.26,2.22,8.615,554.75,101412.34
TWB14,Uvalde_2020_02,29.60214,-99.73007,436.7784,6/28/21,p,2021,05/18/2021 16:30 CDT,96454,23.92,66.12,2.47,8.615,546.12,101394.42
TWB14,Uvalde_2020_02,29.60214,-99.73007,436.7784,6/28/21,p,2021,05/18/2021 16:35 CDT,96448,23.71,66.22,2.89,8.615,514.92,101391
TWB14,Uvalde_2020_02,29.60214,-99.73007,436.7784,6/28/21,p,2021,05/18/2021 16:40 CDT,96449,23.69,66.62,2.35,8.615,444.58,101392.73
TWB14,Uvalde_2020_02,29.60214,-99.73007,436.7784,6/28/21,p,2021,05/18/2021 16:45 CDT,96430,23.87,66.96,1.805,8.615,359.87,101371.74
TWB14,Uvalde_2020_02,29.60214,-99.73007,436.7784,6/28/21,p,2021,05/18/2021 16:50 CDT,96417,23.94,67.49,1.075,8.615,168.07,101357.39
TWB14,Uvalde_2020_02,29.60214,-99.73007,436.7784,6/28/21,p,2021,05/18/2021 16:55 CDT,96415,23.83,67.63,1.435,8.615,162.72,101355.62
TWB14,Uvalde_2020_02,29.60214,-99.73007,436.7784,6/28/21,p,2021,05/18/2021 17:00 CDT,96399,23.67,68.13,1.415,8.615,163.96,101341.69
TWB14,Uvalde_2020_02,29.60214,-99.73007,436.7784,6/28/21,p,2021,05/18/2021 17:05 CDT,96378,23.74,68.91,0.835,8.615,185.38,101319.61
TWB14,Uvalde_2020_02,29.60214,-99.73007,436.7784,6/28/21,p,2021,05/18/2021 17:10 CDT,96359,23.95,66.42,0.96,8.615,173.17,101297.61
TWB14,Uvalde_2020_02,29.60214,-99.73007,436.7784,6/28/21,p,2021,05/18/2021 17:15 CDT,96346,23.92,66.55,0.67,8.615,115.53,101283.43
TWB14,Uvalde_2020_02,29.60214,-99.73007,436.7784,6/28/21,p,2021,05/18/2021 17:20 CDT,96336,23.84,67.23,0.86,8.615,92.09,101274.11
TWB14,Uvalde_2020_02,29.60214,-99.73007,436.7784,6/28/21,p,2021,05/18/2021 17:25 CDT,96350,23.8,68.24,0.82,8.615,86.79,101289.5
TWB14,Uvalde_2020_02,29.60214,-99.73007,436.7784,6/28/21,p,2021,05/18/2021 17:30 CDT,96355,23.83,66.96,0.62,8.615,93.16,101294.76
TWB14,Uvalde_2020_02,29.60214,-99.73007,436.7784,6/28/21,p,2021,05/18/2021 17:35 CDT,96357,23.86,69.66,0.5,8.615,98,101296.67
TWB14,Uvalde_2020_02,29.60214,-99.73007,436.7784,6/28/21,p,2021,05/18/2021 17:40 CDT,96359,23.82,68.72,1.51,8.615,98.37,101299.12
TWB14,Uvalde_2020_02,29.60214,-99.73007,436.7784,6/28/21,p,2021,05/18/2021 17:45 CDT,96371,23.72,69.63,1.24,8.615,91.26,101313.94
TWB14,Uvalde_2020_02,29.60214,-99.73007,436.7784,6/28/21,p,2021,05/18/2021 17:50 CDT,96383,23.71,70.2,1.205,8.615,83.49,101326.72
TWB14,Uvalde_2020_02,29.60214,-99.73007,436.7784,6/28/21,p,2021,05/18/2021 17:55 CDT,96376,23.66,69.66,1.33,8.615,78.86,101320.22
TWB14,Uvalde_2020_02,29.60214,-99.73007,436.7784,6/28/21,p,2021,05/18/2021 18:00 CDT,96358,23.62,71.28,1.535,8.615,78.09,101301.97
TWB14,Uvalde_2020_02,29.60214,-99.73007,436.7784,6/28/21,p,2021,05/18/2021 18:05 CDT,96375,23.56,71.62,1.83,8.615,85.18,101320.86
TWB14,Uvalde_2020_02,29.60214,-99.73007,436.7784,6/28/21,p,2021,05/18/2021 18:10 CDT,96387,23.52,71.35,1.87,8.615,107.57,101334.84
TWB14,Uvalde_2020_02,29.60214,-99.73007,436.7784,6/28/21,p,2021,05/18/2021 18:15 CDT,96399,23.63,71.55,1.47,8.615,91.61,101345.92
TWB14,Uvalde_2020_02,29.60214,-99.73007,436.7784,6/28/21,p,2021,05/18/2021 18:20 CDT,96406,23.64,72.3,2.055,8.615,99.83,101352.42
TWB14,Uvalde_2020_02,29.60214,-99.73007,436.7784,6/28/21,p,2021,05/18/2021 18:25 CDT,96415,23.67,71.49,1.405,8.615,95.61,101361.72
TWB14,Uvalde_2020_02,29.60214,-99.73007,436.7784,6/28/21,p,2021,05/18/2021 18:30 CDT,96411,23.69,70.65,1.55,8.615,95.14,101357.35
TWB14,Uvalde_2020_02,29.60214,-99.73007,436.7784,6/28/21,p,2021,05/18/2021 18:35 CDT,96397,23.68,71.29,1.445,8.615,90.83,101342.63
TWB14,Uvalde_2020_02,29.60214,-99.73007,436.7784,6/28/21,p,2021,05/18/2021 18:40 CDT,96382,23.68,71.49,1.655,8.615,87.9,101326.68
TWB14,Uvalde_2020_02,29.60214,-99.73007,436.7784,6/28/21,p,2021,05/18/2021 18:45 CDT,96368,23.66,71.96,1.14,8.615,82.31,101312.13
TWB14,Uvalde_2020_02,29.60214,-99.73007,436.7784,6/28/21,p,2021,05/18/2021 18:50 CDT,96394,23.63,72.37,1.435,8.615,63.14,101339.8
TWB14,Uvalde_2020_02,29.60214,-99.73007,436.7784,6/28/21,p,2021,05/18/2021 18:55 CDT,96395,23.52,72.1,1.77,8.615,63.19,101342.22
TWB14,Uvalde_2020_02,29.60214,-99.73007,436.7784,6/28/21,p,2021,05/18/2021 19:00 CDT,96390,23.42,73.24,1.495,8.615,62.74,101339
TWB14,Uvalde_2020_02,29.60214,-99.73007,436.7784,6/28/21,p,2021,05/18/2021 19:05 CDT,96382,23.31,72.97,1.905,8.615,63.94,101332.47
TWB14,Uvalde_2020_02,29.60214,-99.73007,436.7784,6/28/21,p,2021,05/18/2021 19:10 CDT,96382,23.17,73.45,2.34,8.615,68.94,101335.03
TWB14,Uvalde_2020_02,29.60214,-99.73007,436.7784,6/28/21,p,2021,05/18/2021 19:15 CDT,96388,23.14,73.95,2.035,8.615,111.3,101342.7
TWB14,Uvalde_2020_02,29.60214,-99.73007,436.7784,6/28/21,p,2021,05/18/2021 19:20 CDT,96374,23.23,73.24,2.3,8.615,124.78,101326.96
TWB14,Uvalde_2020_02,29.60214,-99.73007,436.7784,6/28/21,p,2021,05/18/2021 19:25 CDT,96379,23.27,73.41,1.585,8.615,113.94,101331.02
TWB14,Uvalde_2020_02,29.60214,-99.73007,436.7784,6/28/21,p,2021,05/18/2021 19:30 CDT,96392,23.29,73.72,1.78,8.615,115.28,101344.17
TWB14,Uvalde_2020_02,29.60214,-99.73007,436.7784,6/28/21,p,2021,05/18/2021 19:35 CDT,96398,23.37,72.37,1.01,8.615,95.96,101349.64
TWB14,Uvalde_2020_02,29.60214,-99.73007,436.7784,6/28/21,p,2021,05/18/2021 19:40 CDT,96400,23.4,72.44,0.915,8.615,78.82,101350.72
TWB14,Uvalde_2020_02,29.60214,-99.73007,436.7784,6/28/21,p,2021,05/18/2021 19:45 CDT,96403,23.33,73.72,1.26,8.615,62.94,101353.86
TWB14,Uvalde_2020_02,29.60214,-99.73007,436.7784,6/28/21,p,2021,05/18/2021 19:50 CDT,96401,23.22,73.51,1.46,8.615,48.31,101353.81
TWB14,Uvalde_2020_02,29.60214,-99.73007,436.7784,6/28/21,p,2021,05/18/2021 19:55 CDT,96390,23.08,73.92,0.56,8.615,30.19,101344.29
TWB14,Uvalde_2020_02,29.60214,-99.73007,436.7784,6/28/21,p,2021,05/18/2021 20:00 CDT,96390,22.96,74.86,0.605,8.615,27.19,101346.17
TWB14,Uvalde_2020_02,29.60214,-99.73007,436.7784,6/28/21,p,2021,05/18/2021 20:05 CDT,96392,22.84,75.27,0.28,8.615,19.83,101350.83
TWB14,Uvalde_2020_02,29.60214,-99.73007,436.7784,6/28/21,p,2021,05/18/2021 20:10 CDT,96385,22.73,76.22,0.31,8.615,15.42,101345.87
TWB14,Uvalde_2020_02,29.60214,-99.73007,436.7784,6/28/21,p,2021,05/18/2021 20:15 CDT,96377,22.52,76.63,0.905,8.615,11.77,101340.88
TWB14,Uvalde_2020_02,29.60214,-99.73007,436.7784,6/28/21,p,2021,05/18/2021 20:20 CDT,96369,22.33,77.17,0.81,8.615,8.23,101335.38
TWB14,Uvalde_2020_02,29.60214,-99.73007,436.7784,6/28/21,p,2021,05/18/2021 20:25 CDT,96381,22.14,78.52,0.6,8.615,5.32,101351.26
TWB14,Uvalde_2020_02,29.60214,-99.73007,436.7784,6/28/21,p,2021,05/18/2021 20:30 CDT,96410,21.95,79.54,0.85,8.615,3.22,101386.23
TWB14,Uvalde_2020_02,29.60214,-99.73007,436.7784,6/28/21,p,2021,05/18/2021 20:35 CDT,96433,21.83,79.6,0.88,8.615,1.72,101413.52
TWB14,Uvalde_2020_02,29.60214,-99.73007,436.7784,6/28/21,p,2021,05/18/2021 20:40 CDT,96440,21.73,81.2,0.575,8.615,0.94,101423.47
TWB14,Uvalde_2020_02,29.60214,-99.73007,436.7784,6/28/21,p,2021,05/18/2021 20:45 CDT,96435,21.48,81.5,0.565,8.615,0.86,101422.7
TWB14,Uvalde_2020_02,29.60214,-99.73007,436.7784,6/28/21,p,2021,05/18/2021 20:50 CDT,96424,21.42,80.4,0.71,8.615,0.26,101413.74
TWB14,Uvalde_2020_02,29.60214,-99.73007,436.7784,6/28/21,p,2021,05/18/2021 20:55 CDT,96436,21.35,80.5,0.445,8.615,0,101426.36
TWB14,Uvalde_2020_02,29.60214,-99.73007,436.7784,6/28/21,p,2021,05/18/2021 21:00 CDT,96443,21.27,82.5,0.63,8.615,0.11,101435.79
TWB14,Uvalde_2020_02,29.60214,-99.73007,436.7784,6/28/21,p,2021,05/18/2021 21:05 CDT,96443,21.09,82.8,0.28,8.615,0.25,101440.48
TWB14,Uvalde_2020_02,29.60214,-99.73007,436.7784,6/28/21,p,2021,05/18/2021 21:10 CDT,96434,20.93,84,0.405,8.615,0.47,101434.49
TWB14,Uvalde_2020_02,29.60214,-99.73007,436.7784,6/28/21,p,2021,05/18/2021 21:15 CDT,96433,20.57,85.4,0.485,8.615,0.54,101438.3
TWB14,Uvalde_2020_02,29.60214,-99.73007,436.7784,6/28/21,p,2021,05/18/2021 21:20 CDT,96434,20.28,86.6,0.64,8.615,0.3,101443.19
TWB14,Uvalde_2020_02,29.60214,-99.73007,436.7784,6/28/21,p,2021,05/18/2021 21:25 CDT,96433,20.14,88.2,0.98,8.615,0.02,101447.9
TWB14,Uvalde_2020_02,29.60214,-99.73007,436.7784,6/28/21,p,2021,05/18/2021 21:30 CDT,96421,20.07,87.8,0.28,8.615,0.08,101435.63
TWB14,Uvalde_2020_02,29.60214,-99.73007,436.7784,6/28/21,p,2021,05/18/2021 21:35 CDT,96413,19.88,88.4,0.695,8.615,0.02,101429.66
TWB14,Uvalde_2020_02,29.60214,-99.73007,436.7784,6/28/21,p,2021,05/18/2021 21:40 CDT,96432,19.76,88.9,0.03,8.615,0.15,101451.22
TWB14,Uvalde_2020_02,29.60214,-99.73007,436.7784,6/28/21,p,2021,05/18/2021 21:45 CDT,96426,19.71,88.9,0.22,8.615,0.13,101446.49
TWB14,Uvalde_2020_02,29.60214,-99.73007,436.7784,6/28/21,p,2021,05/18/2021 21:50 CDT,96435,19.48,89.5,0.11,8.615,0.25,101458.94
TWB14,Uvalde_2020_02,29.60214,-99.73007,436.7784,6/28/21,p,2021,05/18/2021 21:55 CDT,96441,19.28,89.9,0.15,8.615,0.57,101468.24
TWB14,Uvalde_2020_02,29.60214,-99.73007,436.7784,6/28/21,p,2021,05/18/2021 22:00 CDT,96463,19.12,90.4,0.085,8.615,0.75,101493.32
TWB14,Uvalde_2020_02,29.60214,-99.73007,436.7784,6/28/21,p,2021,05/18/2021 22:05 CDT,96485,19.09,90.7,0.155,8.615,0.17,101518.76
TWB14,Uvalde_2020_02,29.60214,-99.73007,436.7784,6/28/21,p,2021,05/18/2021 22:10 CDT,96488,19.01,91.4,0.565,8.615,0.04,101524.2
TWB14,Uvalde_2020_02,29.60214,-99.73007,436.7784,6/28/21,p,2021,05/18/2021 22:15 CDT,96496,18.79,92.2,0.01,8.615,0.33,101536.33
TWB14,Uvalde_2020_02,29.60214,-99.73007,436.7784,6/28/21,p,2021,05/18/2021 22:20 CDT,96496,18.75,92.9,0.17,8.615,0,101537.2
TWB14,Uvalde_2020_02,29.60214,-99.73007,436.7784,6/28/21,p,2021,05/18/2021 22:25 CDT,96498,18.82,92.8,0.345,8.615,0,101539.49
TWB14,Uvalde_2020_02,29.60214,-99.73007,436.7784,6/28/21,p,2021,05/18/2021 22:30 CDT,96502,18.75,93.4,0.42,8.615,0,101545.46
TWB14,Uvalde_2020_02,29.60214,-99.73007,436.7784,6/28/21,p,2021,05/18/2021 22:35 CDT,96499,18.61,93.5,0.19,8.615,0,101543.54
TWB14,Uvalde_2020_02,29.60214,-99.73007,436.7784,6/28/21,p,2021,05/18/2021 22:40 CDT,96510,18.54,93.9,0.115,8.615,0,101555.47
TWB14,Uvalde_2020_02,29.60214,-99.73007,436.7784,6/28/21,p,2021,05/18/2021 22:45 CDT,96526,18.5,93.7,0.155,8.615,0.02,101573.02
TWB14,Uvalde_2020_02,29.60214,-99.73007,436.7784,6/28/21,p,2021,05/18/2021 22:50 CDT,96550,18.43,94.1,0,8.615,0.05,101598.98
TWB14,Uvalde_2020_02,29.60214,-99.73007,436.7784,6/28/21,p,2021,05/18/2021 22:55 CDT,96558,18.38,94,0.015,8.615,0.29,101608.11
TWB14,Uvalde_2020_02,29.60214,-99.73007,436.7784,6/28/21,p,2021,05/18/2021 23:00 CDT,96560,18.47,94,0.35,8.615,0,101610.03
TWB14,Uvalde_2020_02,29.60214,-99.73007,436.7784,6/28/21,p,2021,05/18/2021 23:05 CDT,96574,18.51,94,0.245,8.615,0,101625.3
TWB14,Uvalde_2020_02,29.60214,-99.73007,436.7784,6/28/21,p,2021,05/18/2021 23:10 CDT,96586,18.41,93.8,0.045,8.615,0.12,101639.35
TWB14,Uvalde_2020_02,29.60214,-99.73007,436.7784,6/28/21,p,2021,05/18/2021 23:15 CDT,96593,18.27,94.4,0.015,8.615,0.04,101648.66
TWB14,Uvalde_2020_02,29.60214,-99.73007,436.7784,6/28/21,p,2021,05/18/2021 23:20 CDT,96589,18.2,94.4,0.34,8.615,0.21,101644.63
TWB14,Uvalde_2020_02,29.60214,-99.73007,436.7784,6/28/21,p,2021,05/18/2021 23:25 CDT,96587,18.18,94.4,0.36,8.615,0,101645.01
TWB14,Uvalde_2020_02,29.60214,-99.73007,436.7784,6/28/21,p,2021,05/18/2021 23:30 CDT,96587,17.98,94.6,0.18,8.615,0.04,101647.33
TWB14,Uvalde_2020_02,29.60214,-99.73007,436.7784,6/28/21,p,2021,05/18/2021 23:35 CDT,96588,17.92,94.7,0.36,8.615,0.11,101650.51
TWB14,Uvalde_2020_02,29.60214,-99.73007,436.7784,6/28/21,p,2021,05/18/2021 23:40 CDT,96582,17.8,95.1,0.19,8.615,0,101646.69
TWB14,Uvalde_2020_02,29.60214,-99.73007,436.7784,6/28/21,p,2021,05/18/2021 23:45 CDT,96574,17.72,95.2,0.015,8.615,0.25,101638.45
TWB14,Uvalde_2020_02,29.60214,-99.73007,436.7784,6/28/21,p,2021,05/18/2021 23:50 CDT,96572,17.68,95.4,0,8.615,0.3,101636.88
TWB14,Uvalde_2020_02,29.60214,-99.73007,436.7784,6/28/21,p,2021,05/18/2021 23:55 CDT,96574,17.77,95.6,0.15,8.615,0,101638.63
TWB14,Uvalde_2020_02,29.60214,-99.73007,436.7784,6/28/21,p,2021,05/19/2021 00:00 CDT,96578,17.73,95.4,0.015,8.615,0,101642.66
TWB14,Uvalde_2020_02,29.60214,-99.73007,436.7784,6/28/21,p,2021,05/19/2021 00:05 CDT,96585,17.68,95.8,0.075,8.615,0,101650.92
TWB14,Uvalde_2020_02,29.60214,-99.73007,436.7784,6/28/21,p,2021,05/19/2021 00:10 CDT,96590,17.72,96,0.115,8.615,0,101656
TWB14,Uvalde_2020_02,29.60214,-99.73007,436.7784,6/28/21,p,2021,05/19/2021 00:15 CDT,96593,17.72,95.9,0.09,8.615,0,101658.62
TWB14,Uvalde_2020_02,29.60214,-99.73007,436.7784,6/28/21,p,2021,05/19/2021 00:20 CDT,96613,17.62,95.8,0,8.615,0.27,101680.38
TWB14,Uvalde_2020_02,29.60214,-99.73007,436.7784,6/28/21,p,2021,05/19/2021 00:25 CDT,96634,17.55,96.1,0.01,8.615,0.02,101702.84
TWB14,Uvalde_2020_02,29.60214,-99.73007,436.7784,6/28/21,p,2021,05/19/2021 00:30 CDT,96638,17.57,96.3,0,8.615,0,101706.87
TWB14,Uvalde_2020_02,29.60214,-99.73007,436.7784,6/28/21,p,2021,05/19/2021 00:35 CDT,96628,17.56,96.1,0,8.615,0,101695.81
TWB14,Uvalde_2020_02,29.60214,-99.73007,436.7784,6/28/21,p,2021,05/19/2021 00:40 CDT,96613,17.57,96.1,0.365,8.615,0,101681.28
TWB14,Uvalde_2020_02,29.60214,-99.73007,436.7784,6/28/21,p,2021,05/19/2021 00:45 CDT,96600,17.6,95.8,0.4,8.615,0,101669.2
TWB14,Uvalde_2020_02,29.60214,-99.73007,436.7784,6/28/21,p,2021,05/19/2021 00:50 CDT,96588,17.36,96,0.33,8.615,0.02,101658.54
TWB14,Uvalde_2020_02,29.60214,-99.73007,436.7784,6/28/21,p,2021,05/19/2021 00:55 CDT,96579,17.37,96,0.445,8.615,0,101650.49
TWB14,Uvalde_2020_02,29.60214,-99.73007,436.7784,6/28/21,p,2021,05/19/2021 01:00 CDT,96565,17.22,96.3,0.425,8.615,0,101637.9
TWB14,Uvalde_2020_02,29.60214,-99.73007,436.7784,6/28/21,p,2021,05/19/2021 01:05 CDT,96559,17.17,96.5,0.37,8.615,0,101630.69
TWB14,Uvalde_2020_02,29.60214,-99.73007,436.7784,6/28/21,p,2021,05/19/2021 01:10 CDT,96537,17.08,96.5,0.88,8.615,0.1,101607.89
TWB14,Uvalde_2020_02,29.60214,-99.73007,436.7784,6/28/21,p,2021,05/19/2021 01:15 CDT,96513,17.04,96.9,0.355,8.615,0.1,101584.06
TWB14,Uvalde_2020_02,29.60214,-99.73007,436.7784,6/28/21,p,2021,05/19/2021 01:20 CDT,96506,17.15,97,0.615,8.615,0,101574.91
TWB14,Uvalde_2020_02,29.60214,-99.73007,436.7784,6/28/21,p,2021,05/19/2021 01:25 CDT,96512,17.26,96.9,0.59,8.615,0,101579.26
TWB14,Uvalde_2020_02,29.60214,-99.73007,436.7784,6/28/21,p,2021,05/19/2021 01:30 CDT,96515,17.26,97,0.025,8.615,0.07,101582.41
TWB14,Uvalde_2020_02,29.60214,-99.73007,436.7784,6/28/21,p,2021,05/19/2021 01:35 CDT,96483,17.25,96.5,0.525,8.615,0,101549.27
TWB14,Uvalde_2020_02,29.60214,-99.73007,436.7784,6/28/21,p,2021,05/19/2021 01:40 CDT,96486,17.18,97.2,0.08,8.615,0,101553.32
TWB14,Uvalde_2020_02,29.60214,-99.73007,436.7784,6/28/21,p,2021,05/19/2021 01:45 CDT,96509,17.33,97.3,0.52,8.615,0,101575.2
TWB14,Uvalde_2020_02,29.60214,-99.73007,436.7784,6/28/21,p,2021,05/19/2021 01:50 CDT,96527,17.35,97.5,0.6,8.615,0,101592.72
TWB14,Uvalde_2020_02,29.60214,-99.73007,436.7784,6/28/21,p,2021,05/19/2021 01:55 CDT,96534,17.5,97.5,0.37,8.615,0,101596.88
TWB14,Uvalde_2020_02,29.60214,-99.73007,436.7784,6/28/21,p,2021,05/19/2021 02:00 CDT,96546,17.6,97.4,0.18,8.615,0,101606.83
TWB14,Uvalde_2020_02,29.60214,-99.73007,436.7784,6/28/21,p,2021,05/19/2021 02:05 CDT,96567,17.73,97.5,0.555,8.615,0,101627.15
TWB14,Uvalde_2020_02,29.60214,-99.73007,436.7784,6/28/21,p,2021,05/19/2021 02:10 CDT,96571,17.88,97.3,0.925,8.615,0,101628.52
TWB14,Uvalde_2020_02,29.60214,-99.73007,436.7784,6/28/21,p,2021,05/19/2021 02:15 CDT,96559,17.94,97.1,0.605,8.615,0,101614.11
TWB14,Uvalde_2020_02,29.60214,-99.73007,436.7784,6/28/21,p,2021,05/19/2021 02:20 CDT,96560,17.99,97,0.04,8.615,0,101614.28
TWB14,Uvalde_2020_02,29.60214,-99.73007,436.7784,6/28/21,p,2021,05/19/2021 02:25 CDT,96550,18.01,96.8,0.185,8.615,0.12,101603.58
TWB14,Uvalde_2020_02,29.60214,-99.73007,436.7784,6/28/21,p,2021,05/19/2021 02:30 CDT,96531,18,96.5,0.535,8.615,0.45,101583.58
TWB14,Uvalde_2020_02,29.60214,-99.73007,436.7784,6/28/21,p,2021,05/19/2021 02:35 CDT,96497,17.91,96.5,0.53,8.615,0.18,101549.22
TWB14,Uvalde_2020_02,29.60214,-99.73007,436.7784,6/28/21,p,2021,05/19/2021 02:40 CDT,96463,17.84,96.5,0.13,8.615,0.45,101514.69
TWB14,Uvalde_2020_02,29.60214,-99.73007,436.7784,6/28/21,p,2021,05/19/2021 02:45 CDT,96412,17.83,96.7,1.16,8.615,0,101461.55
TWB14,Uvalde_2020_02,29.60214,-99.73007,436.7784,6/28/21,p,2021,05/19/2021 02:50 CDT,96399,17.89,96.5,0.935,8.615,0,101447.16
TWB14,Uvalde_2020_02,29.60214,-99.73007,436.7784,6/28/21,p,2021,05/19/2021 02:55 CDT,96409,17.9,96.4,1.715,8.615,0,101457.5
TWB14,Uvalde_2020_02,29.60214,-99.73007,436.7784,6/28/21,p,2021,05/19/2021 03:00 CDT,96424,17.88,96.4,1.515,8.615,0,101473.29
TWB14,Uvalde_2020_02,29.60214,-99.73007,436.7784,6/28/21,p,2021,05/19/2021 03:05 CDT,96425,17.85,96.2,1.405,8.615,0,101474.7
TWB14,Uvalde_2020_02,29.60214,-99.73007,436.7784,6/28/21,p,2021,05/19/2021 03:10 CDT,96423,17.78,96.2,2.67,8.615,0,101473.84
TWB14,Uvalde_2020_02,29.60214,-99.73007,436.7784,6/28/21,p,2021,05/19/2021 03:15 CDT,96410,17.72,96.1,2.655,8.615,0,101461.04
TWB14,Uvalde_2020_02,29.60214,-99.73007,436.7784,6/28/21,p,2021,05/19/2021 03:20 CDT,96387,17.72,96.2,2.925,8.615,0,101436.84
TWB14,Uvalde_2020_02,29.60214,-99.73007,436.7784,6/28/21,p,2021,05/19/2021 03:25 CDT,96378,17.75,96,2.935,8.615,0,101427.37
TWB14,Uvalde_2020_02,29.60214,-99.73007,436.7784,6/28/21,p,2021,05/19/2021 03:30 CDT,96400,17.74,96.1,2.805,8.615,0,101450.52
TWB14,Uvalde_2020_02,29.60214,-99.73007,436.7784,6/28/21,p,2021,05/19/2021 03:35 CDT,96429,17.75,95.9,2.525,8.615,0,101481.04
TWB14,Uvalde_2020_02,29.60214,-99.73007,436.7784,6/28/21,p,2021,05/19/2021 03:40 CDT,96467,17.76,95.7,1.84,8.615,0,101521.03
TWB14,Uvalde_2020_02,29.60214,-99.73007,436.7784,6/28/21,p,2021,05/19/2021 03:45 CDT,96486,17.74,95.6,1.56,8.615,0,101541.03
TWB14,Uvalde_2020_02,29.60214,-99.73007,436.7784,6/28/21,p,2021,05/19/2021 03:50 CDT,96503,17.71,95.7,1.295,8.615,0,101559.1
TWB14,Uvalde_2020_02,29.60214,-99.73007,436.7784,6/28/21,p,2021,05/19/2021 03:55 CDT,96510,17.72,95.9,1.185,8.615,0,101566.46
TWB14,Uvalde_2020_02,29.60214,-99.73007,436.7784,6/28/21,p,2021,05/19/2021 04:00 CDT,96503,17.74,95.9,1.735,8.615,0,101558.92
TWB14,Uvalde_2020_02,29.60214,-99.73007,436.7784,6/28/21,p,2021,05/19/2021 04:05 CDT,96518,17.82,95.7,1.57,8.615,0,101573.1
TWB14,Uvalde_2020_02,29.60214,-99.73007,436.7784,6/28/21,p,2021,05/19/2021 04:10 CDT,96518,17.87,95.7,1.48,8.615,0,101571.86
TWB14,Uvalde_2020_02,29.60214,-99.73007,436.7784,6/28/21,p,2021,05/19/2021 04:15 CDT,96525,17.91,95.6,1.18,8.615,0,101578.34
TWB14,Uvalde_2020_02,29.60214,-99.73007,436.7784,6/28/21,p,2021,05/19/2021 04:20 CDT,96526,17.94,95.5,1.915,8.615,0,101578.5
TWB14,Uvalde_2020_02,29.60214,-99.73007,436.7784,6/28/21,p,2021,05/19/2021 04:25 CDT,96544,17.97,95.5,1.245,8.615,0,101597.27
TWB14,Uvalde_2020_02,29.60214,-99.73007,436.7784,6/28/21,p,2021,05/19/2021 04:30 CDT,96541,18.05,95.4,1.165,8.615,0,101593.22
TWB14,Uvalde_2020_02,29.60214,-99.73007,436.7784,6/28/21,p,2021,05/19/2021 04:35 CDT,96549,18.17,95.2,0.85,8.615,0,101599.52
TWB14,Uvalde_2020_02,29.60214,-99.73007,436.7784,6/28/21,p,2021,05/19/2021 04:40 CDT,96558,18.25,94.8,0.665,8.615,0,101607.57
TWB14,Uvalde_2020_02,29.60214,-99.73007,436.7784,6/28/21,p,2021,05/19/2021 04:45 CDT,96581,18.28,94.8,0.065,8.615,0,101631.42
TWB14,Uvalde_2020_02,29.60214,-99.73007,436.7784,6/28/21,p,2021,05/19/2021 04:50 CDT,96612,18.32,94.7,0.365,8.615,0,101662.98
TWB14,Uvalde_2020_02,29.60214,-99.73007,436.7784,6/28/21,p,2021,05/19/2021 04:55 CDT,96631,18.34,94.8,0.395,8.615,0,101682.08
TWB14,Uvalde_2020_02,29.60214,-99.73007,436.7784,6/28/21,p,2021,05/19/2021 05:00 CDT,96601,18.27,95.4,1.52,8.615,0.01,101651.04
TWB14,Uvalde_2020_02,29.60214,-99.73007,436.7784,6/28/21,p,2021,05/19/2021 05:05 CDT,96578,18.2,96,1.395,8.615,0.08,101628.08
TWB14,Uvalde_2020_02,29.60214,-99.73007,436.7784,6/28/21,p,2021,05/19/2021 05:10 CDT,96606,18.23,96.2,0.505,8.615,0,101657.54
TWB14,Uvalde_2020_02,29.60214,-99.73007,436.7784,6/28/21,p,2021,05/19/2021 05:15 CDT,96635,18.28,96.4,0.08,8.615,0,101687.17
TWB14,Uvalde_2020_02,29.60214,-99.73007,436.7784,6/28/21,p,2021,05/19/2021 05:20 CDT,96642,18.35,96.7,0.375,8.615,0,101693.29
TWB14,Uvalde_2020_02,29.60214,-99.73007,436.7784,6/28/21,p,2021,05/19/2021 05:25 CDT,96664,18.35,96.5,0.995,8.615,0.08,101715.38
TWB14,Uvalde_2020_02,29.60214,-99.73007,436.7784,6/28/21,p,2021,05/19/2021 05:30 CDT,96681,18.34,96.5,0.425,8.615,0.08,101734.15
TWB14,Uvalde_2020_02,29.60214,-99.73007,436.7784,6/28/21,p,2021,05/19/2021 05:35 CDT,96670,18.4,96.7,0.43,8.615,0,101721.87
TWB14,Uvalde_2020_02,29.60214,-99.73007,436.7784,6/28/21,p,2021,05/19/2021 05:40 CDT,96693,18.44,96.7,0.135,8.615,0,101744.83
TWB14,Uvalde_2020_02,29.60214,-99.73007,436.7784,6/28/21,p,2021,05/19/2021 05:45 CDT,96693,18.67,97.2,0.54,8.615,0,101743.06
TWB14,Uvalde_2020_02,29.60214,-99.73007,436.7784,6/28/21,p,2021,05/19/2021 05:50 CDT,96698,18.94,97,1.155,8.615,0,101743.89
TWB14,Uvalde_2020_02,29.60214,-99.73007,436.7784,6/28/21,p,2021,05/19/2021 05:55 CDT,96703,19.14,96.4,1.355,8.615,0,101745.62
TWB14,Uvalde_2020_02,29.60214,-99.73007,436.7784,6/28/21,p,2021,05/19/2021 06:00 CDT,96692,19.23,96,1.47,8.615,0,101732.29
TWB14,Uvalde_2020_02,29.60214,-99.73007,436.7784,6/28/21,p,2021,05/19/2021 06:05 CDT,96662,19.28,95.5,1.43,8.615,0.08,101699.49
TWB14,Uvalde_2020_02,29.60214,-99.73007,436.7784,6/28/21,p,2021,05/19/2021 06:10 CDT,96636,19.29,95.1,0.925,8.615,0.49,101671.61
TWB14,Uvalde_2020_02,29.60214,-99.73007,436.7784,6/28/21,p,2021,05/19/2021 06:15 CDT,96635,19.28,94.8,0.44,8.615,0.49,101670.74
TWB14,Uvalde_2020_02,29.60214,-99.73007,436.7784,6/28/21,p,2021,05/19/2021 06:20 CDT,96636,19.29,94.4,1.19,8.615,0,101671.79
TWB14,Uvalde_2020_02,29.60214,-99.73007,436.7784,6/28/21,p,2021,05/19/2021 06:25 CDT,96635,19.24,94.4,0.585,8.615,0,101671.27
TWB14,Uvalde_2020_02,29.60214,-99.73007,436.7784,6/28/21,p,2021,05/19/2021 06:30 CDT,96631,19.14,94.7,0.26,8.615,0.03,101668.65
TWB14,Uvalde_2020_02,29.60214,-99.73007,436.7784,6/28/21,p,2021,05/19/2021 06:35 CDT,96632,19.06,94.8,0.02,8.615,0.13,101670.76
TWB14,Uvalde_2020_02,29.60214,-99.73007,436.7784,6/28/21,p,2021,05/19/2021 06:40 CDT,96634,19.02,95.1,0.125,8.615,0.11,101673.21
TWB14,Uvalde_2020_02,29.60214,-99.73007,436.7784,6/28/21,p,2021,05/19/2021 06:45 CDT,96634,18.96,94.8,0,8.615,1.64,101674.45
TWB14,Uvalde_2020_02,29.60214,-99.73007,436.7784,6/28/21,p,2021,05/19/2021 06:50 CDT,96634,18.87,95.2,0.01,8.615,2.2,101676.56
TWB14,Uvalde_2020_02,29.60214,-99.73007,436.7784,6/28/21,p,2021,05/19/2021 06:55 CDT,96627,18.81,95.8,0.585,8.615,2.36,101670.26
TWB14,Uvalde_2020_02,29.60214,-99.73007,436.7784,6/28/21,p,2021,05/19/2021 07:00 CDT,96609,18.81,95.8,0.22,8.615,5.27,101651.49
TWB14,Uvalde_2020_02,29.60214,-99.73007,436.7784,6/28/21,p,2021,05/19/2021 07:05 CDT,96586,18.78,95.9,0.28,8.615,9.78,101628.18
TWB14,Uvalde_2020_02,29.60214,-99.73007,436.7784,6/28/21,p,2021,05/19/2021 07:10 CDT,96574,18.7,96.4,0.8,8.615,13.78,101617.49
TWB14,Uvalde_2020_02,29.60214,-99.73007,436.7784,6/28/21,p,2021,05/19/2021 07:15 CDT,96575,18.63,96.4,0.45,8.615,16.34,101619.25
TWB14,Uvalde_2020_02,29.60214,-99.73007,436.7784,6/28/21,p,2021,05/19/2021 07:20 CDT,96582,18.58,96.7,0.865,8.615,18.46,101626.97
TWB14,Uvalde_2020_02,29.60214,-99.73007,436.7784,6/28/21,p,2021,05/19/2021 07:25 CDT,96598,18.54,96.7,0.565,8.615,23.06,101644.51
TWB14,Uvalde_2020_02,29.60214,-99.73007,436.7784,6/28/21,p,2021,05/19/2021 07:30 CDT,96590,18.57,96.8,0.165,8.615,28.28,101635.39
TWB14,Uvalde_2020_02,29.60214,-99.73007,436.7784,6/28/21,p,2021,05/19/2021 07:35 CDT,96590,18.56,96.7,0.435,8.615,36.72,101635.21
TWB14,Uvalde_2020_02,29.60214,-99.73007,436.7784,6/28/21,p,2021,05/19/2021 07:40 CDT,96584,18.56,96.9,0.555,8.615,54.04,101628.72
TWB14,Uvalde_2020_02,29.60214,-99.73007,436.7784,6/28/21,p,2021,05/19/2021 07:45 CDT,96583,18.62,97.3,0.765,8.615,92,101626.6
TWB14,Uvalde_2020_02,29.60214,-99.73007,436.7784,6/28/21,p,2021,05/19/2021 07:50 CDT,96583,18.8,97.6,1.205,8.615,97.72,101623.42
TWB14,Uvalde_2020_02,29.60214,-99.73007,436.7784,6/28/21,p,2021,05/19/2021 07:55 CDT,96564,19.01,96.9,1.58,8.615,91.69,101599.55
TWB14,Uvalde_2020_02,29.60214,-99.73007,436.7784,6/28/21,p,2021,05/19/2021 08:00 CDT,96557,19.14,97,1.73,8.615,75.12,101590.42
TWB14,Uvalde_2020_02,29.60214,-99.73007,436.7784,6/28/21,p,2021,05/19/2021 08:05 CDT,96567,19.31,96.3,1.325,8.615,48.52,101597.95
TWB14,Uvalde_2020_02,29.60214,-99.73007,436.7784,6/28/21,p,2021,05/19/2021 08:10 CDT,96577,19.37,95.7,0.705,8.615,28.88,101607.77
TWB14,Uvalde_2020_02,29.60214,-99.73007,436.7784,6/28/21,p,2021,05/19/2021 08:15 CDT,96584,19.46,95.1,1.01,8.615,29.26,101613.91
TWB14,Uvalde_2020_02,29.60214,-99.73007,436.7784,6/28/21,p,2021,05/19/2021 08:20 CDT,96588,19.55,94.8,0.425,8.615,38.04,101616.71
TWB14,Uvalde_2020_02,29.60214,-99.73007,436.7784,6/28/21,p,2021,05/19/2021 08:25 CDT,96578,19.64,94.4,0.56,8.615,42.73,101604.61
TWB14,Uvalde_2020_02,29.60214,-99.73007,436.7784,6/28/21,p,2021,05/19/2021 08:30 CDT,96572,19.73,94.3,0.685,8.615,55.68,101596.37
TWB14,Uvalde_2020_02,29.60214,-99.73007,436.7784,6/28/21,p,2021,05/19/2021 08:35 CDT,96561,19.8,94,0.74,8.615,70.94,101583.22
TWB14,Uvalde_2020_02,29.60214,-99.73007,436.7784,6/28/21,p,2021,05/19/2021 08:40 CDT,96563,19.9,93.2,0.64,8.615,78.38,101583.58
TWB14,Uvalde_2020_02,29.60214,-99.73007,436.7784,6/28/21,p,2021,05/19/2021 08:45 CDT,96572,19.95,92.6,1.04,8.615,59.58,101591.65
TWB14,Uvalde_2020_02,29.60214,-99.73007,436.7784,6/28/21,p,2021,05/19/2021 08:50 CDT,96576,19.95,92.7,1.23,8.615,60.82,101595.68
TWB14,Uvalde_2020_02,29.60214,-99.73007,436.7784,6/28/21,p,2021,05/19/2021 08:55 CDT,96575,20.05,92.2,0.765,8.615,52.12,101592.88
TWB14,Uvalde_2020_02,29.60214,-99.73007,436.7784,6/28/21,p,2021,05/19/2021 09:00 CDT,96582,20.11,92.1,0.985,8.615,45.21,101599.19
TWB14,Uvalde_2020_02,29.60214,-99.73007,436.7784,6/28/21,p,2021,05/19/2021 09:05 CDT,96591,20.15,92,1.065,8.615,39.1,101607.79
TWB14,Uvalde_2020_02,29.60214,-99.73007,436.7784,6/28/21,p,2021,05/19/2021 09:10 CDT,96577,20.13,91.3,1.725,8.615,40.26,101592.71
TWB14,Uvalde_2020_02,29.60214,-99.73007,436.7784,6/28/21,p,2021,05/19/2021 09:15 CDT,96577,20.13,91.3,1.46,8.615,46.23,101593.24
TWB14,Uvalde_2020_02,29.60214,-99.73007,436.7784,6/28/21,p,2021,05/19/2021 09:20 CDT,96599,20.2,91.7,1.225,8.615,47.87,101615.5
TWB14,Uvalde_2020_02,29.60214,-99.73007,436.7784,6/28/21,p,2021,05/19/2021 09:25 CDT,96607,20.26,91,1.44,8.615,58.5,101622.52
TWB14,Uvalde_2020_02,29.60214,-99.73007,436.7784,6/28/21,p,2021,05/19/2021 09:30 CDT,96618,20.28,90.7,1.715,8.615,59.51,101634.1
TWB14,Uvalde_2020_02,29.60214,-99.73007,436.7784,6/28/21,p,2021,05/19/2021 09:35 CDT,96612,20.32,89.9,1.845,8.615,56.86,101627.09
TWB14,Uvalde_2020_02,29.60214,-99.73007,436.7784,6/28/21,p,2021,05/19/2021 09:40 CDT,96596,20.35,90.1,1.765,8.615,54.91,101609.74
TWB14,Uvalde_2020_02,29.60214,-99.73007,436.7784,6/28/21,p,2021,05/19/2021 09:45 CDT,96605,20.35,89.6,1.34,8.615,51.99,101619.21
TWB14,Uvalde_2020_02,29.60214,-99.73007,436.7784,6/28/21,p,2021,05/19/2021 09:50 CDT,96608,20.37,90.1,1.55,8.615,53.22,101622.01
TWB14,Uvalde_2020_02,29.60214,-99.73007,436.7784,6/28/21,p,2021,05/19/2021 09:55 CDT,96621,20.38,90.5,1.36,8.615,54.14,101635.33
TWB14,Uvalde_2020_02,29.60214,-99.73007,436.7784,6/28/21,p,2021,05/19/2021 10:00 CDT,96625,20.44,89.7,0.32,8.615,53.1,101639.02
TWB14,Uvalde_2020_02,29.60214,-99.73007,436.7784,6/28/21,p,2021,05/19/2021 10:05 CDT,96641,20.52,89.9,0.61,8.615,36.35,101654.28
TWB14,Uvalde_2020_02,29.60214,-99.73007,436.7784,6/28/21,p,2021,05/19/2021 10:10 CDT,96654,20.59,90.1,0.28,8.615,47.18,101666.2
TWB14,Uvalde_2020_02,29.60214,-99.73007,436.7784,6/28/21,p,2021,05/19/2021 10:15 CDT,96666,20.68,89.5,0.295,8.615,35.82,101677.43
TWB14,Uvalde_2020_02,29.60214,-99.73007,436.7784,6/28/21,p,2021,05/19/2021 10:20 CDT,96660,20.7,88.3,0.8,8.615,29.32,101670.43
TWB14,Uvalde_2020_02,29.60214,-99.73007,436.7784,6/28/21,p,2021,05/19/2021 10:25 CDT,96665,20.74,86.5,1.265,8.615,30.92,101675.7
TWB14,Uvalde_2020_02,29.60214,-99.73007,436.7784,6/28/21,p,2021,05/19/2021 10:30 CDT,96677,20.78,88.1,1.1,8.615,29.6,101687.97
TWB14,Uvalde_2020_02,29.60214,-99.73007,436.7784,6/28/21,p,2021,05/19/2021 10:35 CDT,96684,20.81,88.9,0.92,8.615,22.9,101693.23
TWB14,Uvalde_2020_02,29.60214,-99.73007,436.7784,6/28/21,p,2021,05/19/2021 10:40 CDT,96696,20.75,87.5,1.025,8.615,37.95,101706.56
TWB14,Uvalde_2020_02,29.60214,-99.73007,436.7784,6/28/21,p,2021,05/19/2021 10:45 CDT,96687,20.81,85.8,1.89,8.615,43.37,101697.98
TWB14,Uvalde_2020_02,29.60214,-99.73007,436.7784,6/28/21,p,2021,05/19/2021 10:50 CDT,96677,20.85,83.6,2.315,8.615,46.96,101686.25
TWB14,Uvalde_2020_02,29.60214,-99.73007,436.7784,6/28/21,p,2021,05/19/2021 10:55 CDT,96680,20.64,83.5,3.45,8.615,38.17,101692.2
TWB14,Uvalde_2020_02,29.60214,-99.73007,436.7784,6/28/21,p,2021,05/19/2021 11:00 CDT,96697,20.46,82.9,3.3,8.615,47.31,101713.4
TWB14,Uvalde_2020_02,29.60214,-99.73007,436.7784,6/28/21,p,2021,05/19/2021 11:05 CDT,96700,20.27,83.2,3.61,8.615,52.92,101719.53
TWB14,Uvalde_2020_02,29.60214,-99.73007,436.7784,6/28/21,p,2021,05/19/2021 11:10 CDT,96704,20.09,83.3,2.845,8.615,48.89,101727.06
TWB14,Uvalde_2020_02,29.60214,-99.73007,436.7784,6/28/21,p,2021,05/19/2021 11:15 CDT,96697,19.87,83.6,3.875,8.615,75.32,101723.2
TWB14,Uvalde_2020_02,29.60214,-99.73007,436.7784,6/28/21,p,2021,05/19/2021 11:20 CDT,96704,19.76,82.5,2.745,8.615,100.6,101732.85
TWB14,Uvalde_2020_02,29.60214,-99.73007,436.7784,6/28/21,p,2021,05/19/2021 11:25 CDT,96701,19.58,81.7,3.59,8.615,114.89,101732.34
TWB14,Uvalde_2020_02,29.60214,-99.73007,436.7784,6/28/21,p,2021,05/19/2021 11:30 CDT,96713,19.48,82.7,2.955,8.615,90.23,101747.07
TWB14,Uvalde_2020_02,29.60214,-99.73007,436.7784,6/28/21,p,2021,05/19/2021 11:35 CDT,96731,19.43,82.5,2.62,8.615,67.66,101767.06
TWB14,Uvalde_2020_02,29.60214,-99.73007,436.7784,6/28/21,p,2021,05/19/2021 11:40 CDT,96726,19.38,82.9,2.15,8.615,67.43,101762.68
TWB14,Uvalde_2020_02,29.60214,-99.73007,436.7784,6/28/21,p,2021,05/19/2021 11:45 CDT,96718,19.37,82.5,1.85,8.615,86.49,101754.79
TWB14,Uvalde_2020_02,29.60214,-99.73007,436.7784,6/28/21,p,2021,05/19/2021 11:50 CDT,96722,19.42,83.3,1.535,8.615,90.19,101758.64
TWB14,Uvalde_2020_02,29.60214,-99.73007,436.7784,6/28/21,p,2021,05/19/2021 11:55 CDT,96734,19.54,82.3,1.53,8.615,87.41,101768.98
TWB14,Uvalde_2020_02,29.60214,-99.73007,436.7784,6/28/21,p,2021,05/19/2021 12:00 CDT,96754,19.53,82,1.8,8.615,83.42,101789.68
TWB14,Uvalde_2020_02,29.60214,-99.73007,436.7784,6/28/21,p,2021,05/19/2021 12:05 CDT,96773,19.6,82.5,1.06,8.615,85.79,101808.61
TWB14,Uvalde_2020_02,29.60214,-99.73007,436.7784,6/28/21,p,2021,05/19/2021 12:10 CDT,96771,19.76,81.7,0.735,8.615,96.93,101804.05
TWB14,Uvalde_2020_02,29.60214,-99.73007,436.7784,6/28/21,p,2021,05/19/2021 12:15 CDT,96760,19.79,80.4,1.085,8.615,115.63,101791.78
TWB14,Uvalde_2020_02,29.60214,-99.73007,436.7784,6/28/21,p,2021,05/19/2021 12:20 CDT,96759,19.92,77.93,1.63,8.615,140.64,101788.99
TWB14,Uvalde_2020_02,29.60214,-99.73007,436.7784,6/28/21,p,2021,05/19/2021 12:25 CDT,96772,20.04,78.34,1.625,8.615,152.6,101800.03
TWB14,Uvalde_2020_02,29.60214,-99.73007,436.7784,6/28/21,p,2021,05/19/2021 12:30 CDT,96792,20.14,77.83,1.5,8.615,159.9,101818.79
TWB14,Uvalde_2020_02,29.60214,-99.73007,436.7784,6/28/21,p,2021,05/19/2021 12:35 CDT,96815,20.29,78.91,1.24,8.615,163.57,101840.18
TWB14,Uvalde_2020_02,29.60214,-99.73007,436.7784,6/28/21,p,2021,05/19/2021 12:40 CDT,96839,20.39,74.7,2.015,8.615,145.74,101863.52
TWB14,Uvalde_2020_02,29.60214,-99.73007,436.7784,6/28/21,p,2021,05/19/2021 12:45 CDT,96862,20.31,76.52,2.01,8.615,120.25,101888.23
TWB14,Uvalde_2020_02,29.60214,-99.73007,436.7784,6/28/21,p,2021,05/19/2021 12:50 CDT,96880,20.09,76.92,2.03,8.615,104.77,101909.79
TWB14,Uvalde_2020_02,29.60214,-99.73007,436.7784,6/28/21,p,2021,05/19/2021 12:55 CDT,96881,19.99,77.9,1.83,8.615,101.04,101913.47
TWB14,Uvalde_2020_02,29.60214,-99.73007,436.7784,6/28/21,p,2021,05/19/2021 13:00 CDT,96870,19.83,78,2.545,8.615,138.48,101904.18
TWB14,Uvalde_2020_02,29.60214,-99.73007,436.7784,6/28/21,p,2021,05/19/2021 13:05 CDT,96864,19.72,79.45,2.075,8.615,140.9,101900.49
TWB14,Uvalde_2020_02,29.60214,-99.73007,436.7784,6/28/21,p,2021,05/19/2021 13:10 CDT,96868,19.86,79.11,1.765,8.615,156.41,101902.59
TWB14,Uvalde_2020_02,29.60214,-99.73007,436.7784,6/28/21,p,2021,05/19/2021 13:15 CDT,96856,19.91,78.17,1.775,8.615,209.37,101888.75
TWB14,Uvalde_2020_02,29.60214,-99.73007,436.7784,6/28/21,p,2021,05/19/2021 13:20 CDT,96861,19.93,77.46,1.9,8.615,200.16,101892.78
TWB14,Uvalde_2020_02,29.60214,-99.73007,436.7784,6/28/21,p,2021,05/19/2021 13:25 CDT,96845,20.06,77.02,2.345,8.615,240.29,101874.55
TWB14,Uvalde_2020_02,29.60214,-99.73007,436.7784,6/28/21,p,2021,05/19/2021 13:30 CDT,96809,20.02,77.52,2.45,8.615,253.84,101835.98
TWB14,Uvalde_2020_02,29.60214,-99.73007,436.7784,6/28/21,p,2021,05/19/2021 13:35 CDT,96807,20.13,75.7,2.345,8.615,291.06,101833.36
TWB14,Uvalde_2020_02,29.60214,-99.73007,436.7784,6/28/21,p,2021,05/19/2021 13:40 CDT,96811,20.13,75.7,3.035,8.615,264.11,101836.34
TWB14,Uvalde_2020_02,29.60214,-99.73007,436.7784,6/28/21,p,2021,05/19/2021 13:45 CDT,96838,20.05,76.51,2.685,8.615,160.15,101866.49
TWB14,Uvalde_2020_02,29.60214,-99.73007,436.7784,6/28/21,p,2021,05/19/2021 13:50 CDT,96878,19.93,75.39,1.915,8.615,111.28,101910.15
TWB14,Uvalde_2020_02,29.60214,-99.73007,436.7784,6/28/21,p,2021,05/19/2021 13:55 CDT,96905,19.9,77.41,1.76,8.615,87.87,101939.95
TWB14,Uvalde_2020_02,29.60214,-99.73007,436.7784,6/28/21,p,2021,05/19/2021 14:00 CDT,96907,19.82,77.72,1.645,8.615,104.34,101943.45
TWB14,Uvalde_2020_02,29.60214,-99.73007,436.7784,6/28/21,p,2021,05/19/2021 14:05 CDT,96895,19.95,76.17,1.335,8.615,181.32,101929.43
TWB14,Uvalde_2020_02,29.60214,-99.73007,436.7784,6/28/21,p,2021,05/19/2021 14:10 CDT,96913,20.06,76.17,1.475,8.615,174.35,101946.26
TWB14,Uvalde_2020_02,29.60214,-99.73007,436.7784,6/28/21,p,2021,05/19/2021 14:15 CDT,96910,20.17,74.92,1.7,8.615,189.95,101940.66
TWB14,Uvalde_2020_02,29.60214,-99.73007,436.7784,6/28/21,p,2021,05/19/2021 14:20 CDT,96921,20.29,75.39,1.01,8.615,132.71,101951.18
TWB14,Uvalde_2020_02,29.60214,-99.73007,436.7784,6/28/21,p,2021,05/19/2021 14:25 CDT,96938,20.35,74.89,1.885,8.615,119.75,101966.78
TWB14,Uvalde_2020_02,29.60214,-99.73007,436.7784,6/28/21,p,2021,05/19/2021 14:30 CDT,96939,20.29,75.66,1.705,8.615,162.1,101968.71
TWB14,Uvalde_2020_02,29.60214,-99.73007,436.7784,6/28/21,p,2021,05/19/2021 14:35 CDT,96925,20.41,73.87,1.72,8.615,201.01,101952.42
TWB14,Uvalde_2020_02,29.60214,-99.73007,436.7784,6/28/21,p,2021,05/19/2021 14:40 CDT,96909,20.48,72.49,1.605,8.615,199.94,101934.55
TWB14,Uvalde_2020_02,29.60214,-99.73007,436.7784,6/28/21,p,2021,05/19/2021 14:45 CDT,96891,20.57,73.4,1.91,8.615,171.37,101914.38
TWB14,Uvalde_2020_02,29.60214,-99.73007,436.7784,6/28/21,p,2021,05/19/2021 14:50 CDT,96879,20.51,75.19,1.515,8.615,217.37,101902.27
TWB14,Uvalde_2020_02,29.60214,-99.73007,436.7784,6/28/21,p,2021,05/19/2021 14:55 CDT,96859,20.69,73,1.83,8.615,269.2,101879.15
TWB14,Uvalde_2020_02,29.60214,-99.73007,436.7784,6/28/21,p,2021,05/19/2021 15:00 CDT,96850,20.79,71.55,1.52,8.615,294.03,101868.65
TWB14,Uvalde_2020_02,29.60214,-99.73007,436.7784,6/28/21,p,2021,05/19/2021 15:05 CDT,96844,21.08,69.83,1.135,8.615,310.01,101858.16
TWB14,Uvalde_2020_02,29.60214,-99.73007,436.7784,6/28/21,p,2021,05/19/2021 15:10 CDT,96850,21.36,69.29,0.97,8.615,332.33,101859.43
TWB14,Uvalde_2020_02,29.60214,-99.73007,436.7784,6/28/21,p,2021,05/19/2021 15:15 CDT,96876,21.58,70.37,2.075,8.615,323.07,101881.21
TWB14,Uvalde_2020_02,29.60214,-99.73007,436.7784,6/28/21,p,2021,05/19/2021 15:20 CDT,96887,21.61,69.69,2.315,8.615,293.86,101889.83
TWB14,Uvalde_2020_02,29.60214,-99.73007,436.7784,6/28/21,p,2021,05/19/2021 15:25 CDT,96887,21.54,71.28,2.64,8.615,276.69,101891.73
TWB14,Uvalde_2020_02,29.60214,-99.73007,436.7784,6/28/21,p,2021,05/19/2021 15:30 CDT,96892,21.52,69.69,3.18,8.615,252.66,101896.82
TWB14,Uvalde_2020_02,29.60214,-99.73007,436.7784,6/28/21,p,2021,05/19/2021 15:35 CDT,96888,21.46,70.47,3.41,8.615,255.24,101894.17
TWB14,Uvalde_2020_02,29.60214,-99.73007,436.7784,6/28/21,p,2021,05/19/2021 15:40 CDT,96876,21.44,69.93,3.32,8.615,262.59,101882.77
TWB14,Uvalde_2020_02,29.60214,-99.73007,436.7784,6/28/21,p,2021,05/19/2021 15:45 CDT,96859,21.42,69.29,3.205,8.615,280.62,101865.42
TWB14,Uvalde_2020_02,29.60214,-99.73007,436.7784,6/28/21,p,2021,05/19/2021 15:50 CDT,96837,21.58,68.51,2.64,8.615,272.69,101840.38
TWB14,Uvalde_2020_02,29.60214,-99.73007,436.7784,6/28/21,p,2021,05/19/2021 15:55 CDT,96823,21.86,68.91,1.505,8.615,266.93,101821.84
TWB14,Uvalde_2020_02,29.60214,-99.73007,436.7784,6/28/21,p,2021,05/19/2021 16:00 CDT,96795,22.03,68.51,1.455,8.615,278.71,101788.24
TWB14,Uvalde_2020_02,29.60214,-99.73007,436.7784,6/28/21,p,2021,05/19/2021 16:05 CDT,96770,22.22,65.81,0.565,8.615,265.77,101759.03
TWB14,Uvalde_2020_02,29.60214,-99.73007,436.7784,6/28/21,p,2021,05/19/2021 16:10 CDT,96733,22.52,66.38,0.48,8.615,263.81,101717.19
TWB14,Uvalde_2020_02,29.60214,-99.73007,436.7784,6/28/21,p,2021,05/19/2021 16:15 CDT,96714,22.54,67.46,1.03,8.615,263.24,101694.96
TWB14,Uvalde_2020_02,29.60214,-99.73007,436.7784,6/28/21,p,2021,05/19/2021 16:20 CDT,96707,22.6,67.11,1.075,8.615,244.88,101684.85
TWB14,Uvalde_2020_02,29.60214,-99.73007,436.7784,6/28/21,p,2021,05/19/2021 16:25 CDT,96703,22.85,64.28,2.035,8.615,239.29,101676.03
TWB14,Uvalde_2020_02,29.60214,-99.73007,436.7784,6/28/21,p,2021,05/19/2021 16:30 CDT,96706,22.89,63.51,2.415,8.615,241.84,101678.67
TWB14,Uvalde_2020_02,29.60214,-99.73007,436.7784,6/28/21,p,2021,05/19/2021 16:35 CDT,96706,22.96,62.8,1.77,8.615,226.03,101678.51
TWB14,Uvalde_2020_02,29.60214,-99.73007,436.7784,6/28/21,p,2021,05/19/2021 16:40 CDT,96704,22.93,64.28,2.65,8.615,218.9,101676.56
TWB14,Uvalde_2020_02,29.60214,-99.73007,436.7784,6/28/21,p,2021,05/19/2021 16:45 CDT,96695,22.86,63.91,2.725,8.615,224.77,101667.45
TWB14,Uvalde_2020_02,29.60214,-99.73007,436.7784,6/28/21,p,2021,05/19/2021 16:50 CDT,96705,22.8,64.75,2.265,8.615,249.13,101679.67
TWB14,Uvalde_2020_02,29.60214,-99.73007,436.7784,6/28/21,p,2021,05/19/2021 16:55 CDT,96704,22.91,64.55,2.25,8.615,285.49,101677.42
TWB14,Uvalde_2020_02,29.60214,-99.73007,436.7784,6/28/21,p,2021,05/19/2021 17:00 CDT,96674,23.12,64.62,2.21,8.615,307.16,101642.45
TWB14,Uvalde_2020_02,29.60214,-99.73007,436.7784,6/28/21,p,2021,05/19/2021 17:05 CDT,96640,23.23,65.86,3.21,8.615,313.52,101603.61
TWB14,Uvalde_2020_02,29.60214,-99.73007,436.7784,6/28/21,p,2021,05/19/2021 17:10 CDT,96608,23.11,66.57,2.745,8.615,286.93,101571.67
TWB14,Uvalde_2020_02,29.60214,-99.73007,436.7784,6/28/21,p,2021,05/19/2021 17:15 CDT,96616,23.13,64.62,2.665,8.615,281.78,101580.27
TWB14,Uvalde_2020_02,29.60214,-99.73007,436.7784,6/28/21,p,2021,05/19/2021 17:20 CDT,96613,23.18,65.7,2.63,8.615,294.2,101577.1
TWB14,Uvalde_2020_02,29.60214,-99.73007,436.7784,6/28/21,p,2021,05/19/2021 17:25 CDT,96616,23.43,64.25,2.155,8.615,288.1,101575.82
TWB14,Uvalde_2020_02,29.60214,-99.73007,436.7784,6/28/21,p,2021,05/19/2021 17:30 CDT,96643,23.49,62.9,2.45,8.615,333.57,101602
TWB14,Uvalde_2020_02,29.60214,-99.73007,436.7784,6/28/21,p,2021,05/19/2021 17:35 CDT,96667,23.62,63.24,2.385,8.615,411.14,101625.69
TWB14,Uvalde_2020_02,29.60214,-99.73007,436.7784,6/28/21,p,2021,05/19/2021 17:40 CDT,96679,23.84,61.58,2.505,8.615,408.79,101634.22
TWB14,Uvalde_2020_02,29.60214,-99.73007,436.7784,6/28/21,p,2021,05/19/2021 17:45 CDT,96692,23.85,61.82,2.025,8.615,361.13,101646.69
TWB14,Uvalde_2020_02,29.60214,-99.73007,436.7784,6/28/21,p,2021,05/19/2021 17:50 CDT,96708,23.8,61.98,2.16,8.615,296.49,101663.68
TWB14,Uvalde_2020_02,29.60214,-99.73007,436.7784,6/28/21,p,2021,05/19/2021 17:55 CDT,96733,23.77,60.13,1.855,8.615,332.99,101691.17
TWB14,Uvalde_2020_02,29.60214,-99.73007,436.7784,6/28/21,p,2021,05/19/2021 18:00 CDT,96749,23.6,59.15,2.57,8.615,340.78,101710.05
TWB14,Uvalde_2020_02,29.60214,-99.73007,436.7784,6/28/21,p,2021,05/19/2021 18:05 CDT,96762,23.57,62.38,2.56,8.615,300.92,101725.91
TWB14,Uvalde_2020_02,29.60214,-99.73007,436.7784,6/28/21,p,2021,05/19/2021 18:10 CDT,96775,23.64,58.95,2.545,8.615,300.34,101737.73
TWB14,Uvalde_2020_02,29.60214,-99.73007,436.7784,6/28/21,p,2021,05/19/2021 18:15 CDT,96782,23.62,55.24,2.575,8.615,285.69,101746.99
TWB14,Uvalde_2020_02,29.60214,-99.73007,436.7784,6/28/21,p,2021,05/19/2021 18:20 CDT,96773,23.57,58.95,2.1,8.615,256.96,101737.33
TWB14,Uvalde_2020_02,29.60214,-99.73007,436.7784,6/28/21,p,2021,05/19/2021 18:25 CDT,96778,23.58,60.16,1.44,8.615,234.4,101743.26
TWB14,Uvalde_2020_02,29.60214,-99.73007,436.7784,6/28/21,p,2021,05/19/2021 18:30 CDT,96766,23.58,58.47,1.99,8.615,212.55,101729.63
TWB14,Uvalde_2020_02,29.60214,-99.73007,436.7784,6/28/21,p,2021,05/19/2021 18:35 CDT,96770,23.47,55.91,1.995,8.615,186.34,101735.4
TWB14,Uvalde_2020_02,29.60214,-99.73007,436.7784,6/28/21,p,2021,05/19/2021 18:40 CDT,96763,23.37,57.29,1.7,8.615,153.32,101730.08
TWB14,Uvalde_2020_02,29.60214,-99.73007,436.7784,6/28/21,p,2021,05/19/2021 18:45 CDT,96771,23.29,56.69,1.385,8.615,172.91,101740.38
TWB14,Uvalde_2020_02,29.60214,-99.73007,436.7784,6/28/21,p,2021,05/19/2021 18:50 CDT,96775,23.31,57.56,0.965,8.615,164.63,101744.58
TWB14,Uvalde_2020_02,29.60214,-99.73007,436.7784,6/28/21,p,2021,05/19/2021 18:55 CDT,96762,23.35,56.52,1.215,8.615,175.94,101730.58
TWB14,Uvalde_2020_02,29.60214,-99.73007,436.7784,6/28/21,p,2021,05/19/2021 19:00 CDT,96764,23.26,58.1,1.995,8.615,144.53,101733.52
TWB14,Uvalde_2020_02,29.60214,-99.73007,436.7784,6/28/21,p,2021,05/19/2021 19:05 CDT,96764,22.99,57.97,2.09,8.615,123.52,101738.15
TWB14,Uvalde_2020_02,29.60214,-99.73007,436.7784,6/28/21,p,2021,05/19/2021 19:10 CDT,96774,22.85,58.14,1.635,8.615,96.96,101751.93
TWB14,Uvalde_2020_02,29.60214,-99.73007,436.7784,6/28/21,p,2021,05/19/2021 19:15 CDT,96784,22.81,58.24,1.42,8.615,85.05,101763.47
TWB14,Uvalde_2020_02,29.60214,-99.73007,436.7784,6/28/21,p,2021,05/19/2021 19:20 CDT,96787,22.74,58.41,1.205,8.615,70.66,101767.83
TWB14,Uvalde_2020_02,29.60214,-99.73007,436.7784,6/28/21,p,2021,05/19/2021 19:25 CDT,96789,22.63,59.55,0.895,8.615,65.59,101772.33
TWB14,Uvalde_2020_02,29.60214,-99.73007,436.7784,6/28/21,p,2021,05/19/2021 19:30 CDT,96782,22.61,58.14,0.08,8.615,62.88,101765.5
TWB14,Uvalde_2020_02,29.60214,-99.73007,436.7784,6/28/21,p,2021,05/19/2021 19:35 CDT,96777,22.57,61.45,0.45,8.615,62.02,101760.91
TWB14,Uvalde_2020_02,29.60214,-99.73007,436.7784,6/28/21,p,2021,05/19/2021 19:40 CDT,96780,22.46,60.44,0.575,8.615,65.83,101766.48
TWB14,Uvalde_2020_02,29.60214,-99.73007,436.7784,6/28/21,p,2021,05/19/2021 19:45 CDT,96788,22.47,58.38,0.24,8.615,56.24,101775.43
TWB14,Uvalde_2020_02,29.60214,-99.73007,436.7784,6/28/21,p,2021,05/19/2021 19:50 CDT,96815,22.49,62.46,0.37,8.615,47.79,101804.65
TWB14,Uvalde_2020_02,29.60214,-99.73007,436.7784,6/28/21,p,2021,05/19/2021 19:55 CDT,96821,22.29,68.59,0.515,8.615,48.8,101813.85
TWB14,Uvalde_2020_02,29.60214,-99.73007,436.7784,6/28/21,p,2021,05/19/2021 20:00 CDT,96819,22.15,66.37,0.075,8.615,43.35,101814.53
TWB14,Uvalde_2020_02,29.60214,-99.73007,436.7784,6/28/21,p,2021,05/19/2021 20:05 CDT,96807,22.09,68.47,0.11,8.615,29.14,101803.11
TWB14,Uvalde_2020_02,29.60214,-99.73007,436.7784,6/28/21,p,2021,05/19/2021 20:10 CDT,96799,21.8,70.77,0.03,8.615,20.7,101799.36
TWB14,Uvalde_2020_02,29.60214,-99.73007,436.7784,6/28/21,p,2021,05/19/2021 20:15 CDT,96787,21.44,70.9,0.08,8.615,14.91,101793.51
TWB14,Uvalde_2020_02,29.60214,-99.73007,436.7784,6/28/21,p,2021,05/19/2021 20:20 CDT,96773,20.97,72.72,0.1,8.615,9.39,101785.91
TWB14,Uvalde_2020_02,29.60214,-99.73007,436.7784,6/28/21,p,2021,05/19/2021 20:25 CDT,96764,20.58,75.15,0.035,8.615,6.34,101781.66
TWB14,Uvalde_2020_02,29.60214,-99.73007,436.7784,6/28/21,p,2021,05/19/2021 20:30 CDT,96773,20.2,76.5,0.6,8.615,4.51,101799.16
TWB14,Uvalde_2020_02,29.60214,-99.73007,436.7784,6/28/21,p,2021,05/19/2021 20:35 CDT,96789,19.93,77.78,0.625,8.615,2.87,101823.18
TWB14,Uvalde_2020_02,29.60214,-99.73007,436.7784,6/28/21,p,2021,05/19/2021 20:40 CDT,96789,19.65,79.47,0.715,8.615,2.02,101829.33
TWB14,Uvalde_2020_02,29.60214,-99.73007,436.7784,6/28/21,p,2021,05/19/2021 20:45 CDT,96800,19.4,79.47,0.765,8.615,0.89,101843.9
TWB14,Uvalde_2020_02,29.60214,-99.73007,436.7784,6/28/21,p,2021,05/19/2021 20:50 CDT,96798,19.25,81,0.615,8.615,0.79,101844.44
TWB14,Uvalde_2020_02,29.60214,-99.73007,436.7784,6/28/21,p,2021,05/19/2021 20:55 CDT,96805,18.79,84,0.805,8.615,0.79,101859.57
TWB14,Uvalde_2020_02,29.60214,-99.73007,436.7784,6/28/21,p,2021,05/19/2021 21:00 CDT,96812,18.43,84.2,0.19,8.615,0.76,101872.43
TWB14,Uvalde_2020_02,29.60214,-99.73007,436.7784,6/28/21,p,2021,05/19/2021 21:05 CDT,96812,18.24,84.9,0,8.615,0.77,101876.15
TWB14,Uvalde_2020_02,29.60214,-99.73007,436.7784,6/28/21,p,2021,05/19/2021 21:10 CDT,96801,18.08,84.7,0.085,8.615,0.86,101869.03
TWB14,Uvalde_2020_02,29.60214,-99.73007,436.7784,6/28/21,p,2021,05/19/2021 21:15 CDT,96802,17.92,86.3,0.205,8.615,0.85,101873.46
TWB14,Uvalde_2020_02,29.60214,-99.73007,436.7784,6/28/21,p,2021,05/19/2021 21:20 CDT,96811,17.79,86.4,0.17,8.615,0.79,101885.96
TWB14,Uvalde_2020_02,29.60214,-99.73007,436.7784,6/28/21,p,2021,05/19/2021 21:25 CDT,96817,17.56,87.1,0.185,8.615,0.01,101895.49
TWB14,Uvalde_2020_02,29.60214,-99.73007,436.7784,6/28/21,p,2021,05/19/2021 21:30 CDT,96811,17.42,87,1.075,8.615,0,101892.75
TWB14,Uvalde_2020_02,29.60214,-99.73007,436.7784,6/28/21,p,2021,05/19/2021 21:35 CDT,96799,17.69,85.1,0.99,8.615,0,101881.39
TWB14,Uvalde_2020_02,29.60214,-99.73007,436.7784,6/28/21,p,2021,05/19/2021 21:40 CDT,96808,17.64,85.5,0.2,8.615,0,101889.78
TWB14,Uvalde_2020_02,29.60214,-99.73007,436.7784,6/28/21,p,2021,05/19/2021 21:45 CDT,96811,17.45,86,0.075,8.615,0.01,101893.12
TWB14,Uvalde_2020_02,29.60214,-99.73007,436.7784,6/28/21,p,2021,05/19/2021 21:50 CDT,96823,17.33,86.2,0,8.615,0.35,101908.97
TWB14,Uvalde_2020_02,29.60214,-99.73007,436.7784,6/28/21,p,2021,05/19/2021 21:55 CDT,96827,17.19,86.7,0.33,8.615,0.15,101915.33
TWB14,Uvalde_2020_02,29.60214,-99.73007,436.7784,6/28/21,p,2021,05/19/2021 22:00 CDT,96821,17.58,85.4,1.225,8.615,0,101909.92
TWB14,Uvalde_2020_02,29.60214,-99.73007,436.7784,6/28/21,p,2021,05/19/2021 22:05 CDT,96807,18.11,80,1.065,8.615,0,101886.97
TWB14,Uvalde_2020_02,29.60214,-99.73007,436.7784,6/28/21,p,2021,05/19/2021 22:10 CDT,96809,18.16,82.6,0.55,8.615,0,101883.7
TWB14,Uvalde_2020_02,29.60214,-99.73007,436.7784,6/28/21,p,2021,05/19/2021 22:15 CDT,96817,17.76,84.4,0.54,8.615,0.02,101894.79
TWB14,Uvalde_2020_02,29.60214,-99.73007,436.7784,6/28/21,p,2021,05/19/2021 22:20 CDT,96822,17.25,84.9,0.28,8.615,0.32,101904.52
TWB14,Uvalde_2020_02,29.60214,-99.73007,436.7784,6/28/21,p,2021,05/19/2021 22:25 CDT,96828,16.77,86.5,1.14,8.615,0.58,101918
TWB14,Uvalde_2020_02,29.60214,-99.73007,436.7784,6/28/21,p,2021,05/19/2021 22:30 CDT,96850,16.51,88.6,0.995,8.615,0.25,101946.9
TWB14,Uvalde_2020_02,29.60214,-99.73007,436.7784,6/28/21,p,2021,05/19/2021 22:35 CDT,96862,16.57,89.9,1.495,8.615,0,101960.25
TWB14,Uvalde_2020_02,29.60214,-99.73007,436.7784,6/28/21,p,2021,05/19/2021 22:40 CDT,96879,16.6,89.7,1.25,8.615,0.01,101979.4
TWB14,Uvalde_2020_02,29.60214,-99.73007,436.7784,6/28/21,p,2021,05/19/2021 22:45 CDT,96876,16.45,90.4,0.915,8.615,0.01,101978.77
TWB14,Uvalde_2020_02,29.60214,-99.73007,436.7784,6/28/21,p,2021,05/19/2021 22:50 CDT,96875,16.44,90,0.16,8.615,0.04,101976.45
TWB14,Uvalde_2020_02,29.60214,-99.73007,436.7784,6/28/21,p,2021,05/19/2021 22:55 CDT,96879,16.42,90.1,0.745,8.615,0.18,101981.21
TWB14,Uvalde_2020_02,29.60214,-99.73007,436.7784,6/28/21,p,2021,05/19/2021 23:00 CDT,96880,16.41,89.6,1.105,8.615,0,101981.54
TWB14,Uvalde_2020_02,29.60214,-99.73007,436.7784,6/28/21,p,2021,05/19/2021 23:05 CDT,96879,16.33,89.2,0.835,8.615,0,101981.21
TWB14,Uvalde_2020_02,29.60214,-99.73007,436.7784,6/28/21,p,2021,05/19/2021 23:10 CDT,96883,16.35,89,0.58,8.615,0,101986.14
TWB14,Uvalde_2020_02,29.60214,-99.73007,436.7784,6/28/21,p,2021,05/19/2021 23:15 CDT,96881,16.34,89.2,0.05,8.615,0.06,101985.48
TWB14,Uvalde_2020_02,29.60214,-99.73007,436.7784,6/28/21,p,2021,05/19/2021 23:20 CDT,96873,16.2,89,0,8.615,0.9,101979.41
TWB14,Uvalde_2020_02,29.60214,-99.73007,436.7784,6/28/21,p,2021,05/19/2021 23:25 CDT,96866,16,89.9,0,8.615,0.89,101974.56
TWB14,Uvalde_2020_02,29.60214,-99.73007,436.7784,6/28/21,p,2021,05/19/2021 23:30 CDT,96876,15.72,90.6,0,8.615,0.09,101988.71
TWB14,Uvalde_2020_02,29.60214,-99.73007,436.7784,6/28/21,p,2021,05/19/2021 23:35 CDT,96878,15.5,90.4,0,8.615,0.72,101993.89
TWB14,Uvalde_2020_02,29.60214,-99.73007,436.7784,6/28/21,p,2021,05/19/2021 23:40 CDT,96868,15.39,91.5,0.045,8.615,0.1,101985.9
TWB14,Uvalde_2020_02,29.60214,-99.73007,436.7784,6/28/21,p,2021,05/19/2021 23:45 CDT,96869,15.29,91.4,0,8.615,0.61,101988.95
TWB14,Uvalde_2020_02,29.60214,-99.73007,436.7784,6/28/21,p,2021,05/19/2021 23:50 CDT,96869,15.11,91.6,0,8.615,0.62,101992.22
TWB14,Uvalde_2020_02,29.60214,-99.73007,436.7784,6/28/21,p,2021,05/19/2021 23:55 CDT,96864,15,92.1,0,8.615,0.25,101989.5
TWB14,Uvalde_2020_02,29.60214,-99.73007,436.7784,6/28/21,p,2021,05/20/2021 00:00 CDT,96867,14.81,92.2,0,8.615,0.61,101995.39
TWB14,Uvalde_2020_02,29.60214,-99.73007,436.7784,6/28/21,p,2021,05/20/2021 00:05 CDT,96861,14.72,92.9,0,8.615,0.14,101991.44
TWB14,Uvalde_2020_02,29.60214,-99.73007,436.7784,6/28/21,p,2021,05/20/2021 00:10 CDT,96868,14.6,93.6,0,8.615,0,102001.18
TWB14,Uvalde_2020_02,29.60214,-99.73007,436.7784,6/28/21,p,2021,05/20/2021 00:15 CDT,96870,14.46,93.5,0,8.615,0.03,102005.84
TWB14,Uvalde_2020_02,29.60214,-99.73007,436.7784,6/28/21,p,2021,05/20/2021 00:20 CDT,96870,14.43,93.8,0,8.615,0.01,102008.58
TWB14,Uvalde_2020_02,29.60214,-99.73007,436.7784,6/28/21,p,2021,05/20/2021 00:25 CDT,96869,14.38,94.1,0,8.615,0.23,102009.36
TWB14,Uvalde_2020_02,29.60214,-99.73007,436.7784,6/28/21,p,2021,05/20/2021 00:30 CDT,96869,14.26,94.2,0.055,8.615,0.07,102011.01
TWB14,Uvalde_2020_02,29.60214,-99.73007,436.7784,6/28/21,p,2021,05/20/2021 00:35 CDT,96855,14.19,93.7,0,8.615,0.66,101998.1
TWB14,Uvalde_2020_02,29.60214,-99.73007,436.7784,6/28/21,p,2021,05/20/2021 00:40 CDT,96865,14,94.3,0.015,8.615,0.26,102011.19
TWB14,Uvalde_2020_02,29.60214,-99.73007,436.7784,6/28/21,p,2021,05/20/2021 00:45 CDT,96871,13.94,94.4,0,8.615,0.51,102018.98
TWB14,Uvalde_2020_02,29.60214,-99.73007,436.7784,6/28/21,p,2021,05/20/2021 00:50 CDT,96874,13.9,95,0.35,8.615,0,102022.87
TWB14,Uvalde_2020_02,29.60214,-99.73007,436.7784,6/28/21,p,2021,05/20/2021 00:55 CDT,96875,14.11,96.6,0.9,8.615,0,102022.82
TWB14,Uvalde_2020_02,29.60214,-99.73007,436.7784,6/28/21,p,2021,05/20/2021 01:00 CDT,96881,14.47,96.1,0.465,8.615,0,102022.54
TWB14,Uvalde_2020_02,29.60214,-99.73007,436.7784,6/28/21,p,2021,05/20/2021 01:05 CDT,96894,14.48,95.1,0.025,8.615,0.02,102035.31
TWB14,Uvalde_2020_02,29.60214,-99.73007,436.7784,6/28/21,p,2021,05/20/2021 01:10 CDT,96904,14.27,95.5,0.23,8.615,0,102049.51
TWB14,Uvalde_2020_02,29.60214,-99.73007,436.7784,6/28/21,p,2021,05/20/2021 01:15 CDT,96906,14.13,95.3,0.25,8.615,0.31,102052.35
TWB14,Uvalde_2020_02,29.60214,-99.73007,436.7784,6/28/21,p,2021,05/20/2021 01:20 CDT,96907,14.15,95.4,0.48,8.615,0.24,102055.24
TWB14,Uvalde_2020_02,29.60214,-99.73007,436.7784,6/28/21,p,2021,05/20/2021 01:25 CDT,96905,14.29,96.8,1.13,8.615,0,102053.67
TWB14,Uvalde_2020_02,29.60214,-99.73007,436.7784,6/28/21,p,2021,05/20/2021 01:30 CDT,96905,14.68,95.8,0.86,8.615,0,102047.81
TWB14,Uvalde_2020_02,29.60214,-99.73007,436.7784,6/28/21,p,2021,05/20/2021 01:35 CDT,96908,14.8,96,0.75,8.615,0,102049.32
TWB14,Uvalde_2020_02,29.60214,-99.73007,436.7784,6/28/21,p,2021,05/20/2021 01:40 CDT,96907,14.86,96,0.49,8.615,0,102046.44
TWB14,Uvalde_2020_02,29.60214,-99.73007,436.7784,6/28/21,p,2021,05/20/2021 01:45 CDT,96904,14.88,95.9,0.45,8.615,0.01,102043.1
TWB14,Uvalde_2020_02,29.60214,-99.73007,436.7784,6/28/21,p,2021,05/20/2021 01:50 CDT,96908,14.85,96,0.23,8.615,0.1,102047.31
TWB14,Uvalde_2020_02,29.60214,-99.73007,436.7784,6/28/21,p,2021,05/20/2021 01:55 CDT,96911,14.91,95.9,0.365,8.615,0.13,102049
TWB14,Uvalde_2020_02,29.60214,-99.73007,436.7784,6/28/21,p,2021,05/20/2021 02:00 CDT,96911,14.9,95.6,0.07,8.615,0.05,102048.82
TWB14,Uvalde_2020_02,29.60214,-99.73007,436.7784,6/28/21,p,2021,05/20/2021 02:05 CDT,96920,14.75,95.4,0,8.615,0.01,102060.13
TWB14,Uvalde_2020_02,29.60214,-99.73007,436.7784,6/28/21,p,2021,05/20/2021 02:10 CDT,96913,14.61,95.4,0,8.615,0.29,102054.77
TWB14,Uvalde_2020_02,29.60214,-99.73007,436.7784,6/28/21,p,2021,05/20/2021 02:15 CDT,96907,14.44,95.4,0,8.615,0.3,102050.65
TWB14,Uvalde_2020_02,29.60214,-99.73007,436.7784,6/28/21,p,2021,05/20/2021 02:20 CDT,96905,14.26,95.4,0,8.615,0.96,102050.38
TWB14,Uvalde_2020_02,29.60214,-99.73007,436.7784,6/28/21,p,2021,05/20/2021 02:25 CDT,96908,14.1,95.2,0,8.615,1.06,102055.19
TWB14,Uvalde_2020_02,29.60214,-99.73007,436.7784,6/28/21,p,2021,05/20/2021 02:30 CDT,96907,14.03,95.7,0,8.615,0,102056.52
TWB14,Uvalde_2020_02,29.60214,-99.73007,436.7784,6/28/21,p,2021,05/20/2021 02:35 CDT,96894,13.99,95.6,0,8.615,0.14,102043.38
TWB14,Uvalde_2020_02,29.60214,-99.73007,436.7784,6/28/21,p,2021,05/20/2021 02:40 CDT,96882,13.82,95.6,0,8.615,0.63,102032.58
TWB14,Uvalde_2020_02,29.60214,-99.73007,436.7784,6/28/21,p,2021,05/20/2021 02:45 CDT,96880,13.67,95.6,0,8.615,0.03,102032.68
TWB14,Uvalde_2020_02,29.60214,-99.73007,436.7784,6/28/21,p,2021,05/20/2021 02:50 CDT,96885,13.54,95.3,0.205,8.615,0,102040.89
TWB14,Uvalde_2020_02,29.60214,-99.73007,436.7784,6/28/21,p,2021,05/20/2021 02:55 CDT,96899,13.37,95.8,0.365,8.615,0,102060.98
TWB14,Uvalde_2020_02,29.60214,-99.73007,436.7784,6/28/21,p,2021,05/20/2021 03:00 CDT,96907,13.24,96.2,0,8.615,0,102071.06
TWB14,Uvalde_2020_02,29.60214,-99.73007,436.7784,6/28/21,p,2021,05/20/2021 03:05 CDT,96905,13.22,95.9,0,8.615,0.26,102069.14
TWB14,Uvalde_2020_02,29.60214,-99.73007,436.7784,6/28/21,p,2021,05/20/2021 03:10 CDT,96903,13.15,96.1,0.205,8.615,0.19,102068.33
TWB14,Uvalde_2020_02,29.60214,-99.73007,436.7784,6/28/21,p,2021,05/20/2021 03:15 CDT,96908,12.92,96.3,0.69,8.615,0,102076.74
TWB14,Uvalde_2020_02,29.60214,-99.73007,436.7784,6/28/21,p,2021,05/20/2021 03:20 CDT,96897,12.9,96.3,0.05,8.615,0.04,102066.26
TWB14,Uvalde_2020_02,29.60214,-99.73007,436.7784,6/28/21,p,2021,05/20/2021 03:25 CDT,96898,12.87,96.7,0,8.615,0.39,102068.42
TWB14,Uvalde_2020_02,29.60214,-99.73007,436.7784,6/28/21,p,2021,05/20/2021 03:30 CDT,96898,12.89,96.3,0.155,8.615,0.03,102068.24
TWB14,Uvalde_2020_02,29.60214,-99.73007,436.7784,6/28/21,p,2021,05/20/2021 03:35 CDT,96897,12.75,96.5,0,8.615,0.07,102069.22
TWB14,Uvalde_2020_02,29.60214,-99.73007,436.7784,6/28/21,p,2021,05/20/2021 03:40 CDT,96896,12.75,96.5,0,8.615,0.02,102069.65
TWB14,Uvalde_2020_02,29.60214,-99.73007,436.7784,6/28/21,p,2021,05/20/2021 03:45 CDT,96893,12.73,96.8,0,8.615,0,102066.86
TWB14,Uvalde_2020_02,29.60214,-99.73007,436.7784,6/28/21,p,2021,05/20/2021 03:50 CDT,96897,12.71,96.7,0.225,8.615,0,102071.08
TWB14,Uvalde_2020_02,29.60214,-99.73007,436.7784,6/28/21,p,2021,05/20/2021 03:55 CDT,96888,12.65,96.9,0.1,8.615,0.01,102061.78
TWB14,Uvalde_2020_02,29.60214,-99.73007,436.7784,6/28/21,p,2021,05/20/2021 04:00 CDT,96891,12.58,96.9,0.08,8.615,0,102064.75
TWB14,Uvalde_2020_02,29.60214,-99.73007,436.7784,6/28/21,p,2021,05/20/2021 04:05 CDT,96902,12.49,96.8,0.07,8.615,0,102078.01
TWB14,Uvalde_2020_02,29.60214,-99.73007,436.7784,6/28/21,p,2021,05/20/2021 04:10 CDT,96900,12.43,96.7,0.255,8.615,0.26,102078.13
TWB14,Uvalde_2020_02,29.60214,-99.73007,436.7784,6/28/21,p,2021,05/20/2021 04:15 CDT,96886,12.43,96.7,0.1,8.615,0.41,102064.5
TWB14,Uvalde_2020_02,29.60214,-99.73007,436.7784,6/28/21,p,2021,05/20/2021 04:20 CDT,96884,12.34,96.3,0.195,8.615,0.24,102063.69
TWB14,Uvalde_2020_02,29.60214,-99.73007,436.7784,6/28/21,p,2021,05/20/2021 04:25 CDT,96886,12.22,96.8,0.51,8.615,0,102069.14
TWB14,Uvalde_2020_02,29.60214,-99.73007,436.7784,6/28/21,p,2021,05/20/2021 04:30 CDT,96886,12.16,97,0.27,8.615,0,102069.52
TWB14,Uvalde_2020_02,29.60214,-99.73007,436.7784,6/28/21,p,2021,05/20/2021 04:35 CDT,96886,12.16,97.2,0.18,8.615,0.04,102069.7
TWB14,Uvalde_2020_02,29.60214,-99.73007,436.7784,6/28/21,p,2021,05/20/2021 04:40 CDT,96885,12.07,97.1,0.375,8.615,0.12,102069.39
TWB14,Uvalde_2020_02,29.60214,-99.73007,436.7784,6/28/21,p,2021,05/20/2021 04:45 CDT,96884,12.04,97.7,0.565,8.615,0,102067.78
TWB14,Uvalde_2020_02,29.60214,-99.73007,436.7784,6/28/21,p,2021,05/20/2021 04:50 CDT,96888,12.06,96.9,0.32,8.615,0,102070.32
TWB14,Uvalde_2020_02,29.60214,-99.73007,436.7784,6/28/21,p,2021,05/20/2021 04:55 CDT,96889,11.92,97.4,0.175,8.615,0,102073.79
TWB14,Uvalde_2020_02,29.60214,-99.73007,436.7784,6/28/21,p,2021,05/20/2021 05:00 CDT,96903,11.84,97.7,0.46,8.615,0,102089.28
TWB14,Uvalde_2020_02,29.60214,-99.73007,436.7784,6/28/21,p,2021,05/20/2021 05:05 CDT,96910,11.88,97.3,0.695,8.615,0,102095.36
TWB14,Uvalde_2020_02,29.60214,-99.73007,436.7784,6/28/21,p,2021,05/20/2021 05:10 CDT,96905,11.88,97.5,0.475,8.615,0,102090.27
TWB14,Uvalde_2020_02,29.60214,-99.73007,436.7784,6/28/21,p,2021,05/20/2021 05:15 CDT,96902,11.96,97.1,0.34,8.615,0,102087.67
TWB14,Uvalde_2020_02,29.60214,-99.73007,436.7784,6/28/21,p,2021,05/20/2021 05:20 CDT,96897,11.82,97.5,0.07,8.615,0,102084.83
TWB14,Uvalde_2020_02,29.60214,-99.73007,436.7784,6/28/21,p,2021,05/20/2021 05:25 CDT,96895,11.75,97.1,0.05,8.615,0.39,102083.28
TWB14,Uvalde_2020_02,29.60214,-99.73007,436.7784,6/28/21,p,2021,05/20/2021 05:30 CDT,96897,11.64,97.2,0,8.615,0.56,102086.88
TWB14,Uvalde_2020_02,29.60214,-99.73007,436.7784,6/28/21,p,2021,05/20/2021 05:35 CDT,96897,11.57,97.4,0,8.615,0.11,102088.37
TWB14,Uvalde_2020_02,29.60214,-99.73007,436.7784,6/28/21,p,2021,05/20/2021 05:40 CDT,96895,11.62,97.2,0,8.615,0.04,102086.26
TWB14,Uvalde_2020_02,29.60214,-99.73007,436.7784,6/28/21,p,2021,05/20/2021 05:45 CDT,96888,11.56,97.3,0,8.615,0.29,102079.82
TWB14,Uvalde_2020_02,29.60214,-99.73007,436.7784,6/28/21,p,2021,05/20/2021 05:50 CDT,96887,11.51,97.2,0,8.615,0.08,102080.26
TWB14,Uvalde_2020_02,29.60214,-99.73007,436.7784,6/28/21,p,2021,05/20/2021 05:55 CDT,96882,11.54,97.8,0.105,8.615,0.22,102076.3
TWB14,Uvalde_2020_02,29.60214,-99.73007,436.7784,6/28/21,p,2021,05/20/2021 06:00 CDT,96884,11.56,97.9,0.385,8.615,0,102076.72
TWB14,Uvalde_2020_02,29.60214,-99.73007,436.7784,6/28/21,p,2021,05/20/2021 06:05 CDT,96883,11.6,97.6,0.235,8.615,0,102073.06
TWB14,Uvalde_2020_02,29.60214,-99.73007,436.7784,6/28/21,p,2021,05/20/2021 06:10 CDT,96877,11.56,97.3,0.205,8.615,0,102067.86
TWB14,Uvalde_2020_02,29.60214,-99.73007,436.7784,6/28/21,p,2021,05/20/2021 06:15 CDT,96882,11.48,97.5,0.115,8.615,0,102075.18
TWB14,Uvalde_2020_02,29.60214,-99.73007,436.7784,6/28/21,p,2021,05/20/2021 06:20 CDT,96892,11.35,97.7,0.065,8.615,0.16,102087.21
TWB14,Uvalde_2020_02,29.60214,-99.73007,436.7784,6/28/21,p,2021,05/20/2021 06:25 CDT,96892,11.33,97.7,0.145,8.615,0,102087.96
TWB14,Uvalde_2020_02,29.60214,-99.73007,436.7784,6/28/21,p,2021,05/20/2021 06:30 CDT,96893,11.32,97.9,0.01,8.615,0.15,102089.2
TWB14,Uvalde_2020_02,29.60214,-99.73007,436.7784,6/28/21,p,2021,05/20/2021 06:35 CDT,96893,11.26,97.4,0,8.615,0.78,102089.95
TWB14,Uvalde_2020_02,29.60214,-99.73007,436.7784,6/28/21,p,2021,05/20/2021 06:40 CDT,96897,11.14,97.4,0,8.615,1.5,102096.78
TWB14,Uvalde_2020_02,29.60214,-99.73007,436.7784,6/28/21,p,2021,05/20/2021 06:45 CDT,96901,11.08,97.8,0,8.615,1.54,102102.49
TWB14,Uvalde_2020_02,29.60214,-99.73007,436.7784,6/28/21,p,2021,05/20/2021 06:50 CDT,96896,11.14,97.7,0,8.615,2.54,102095.91
TWB14,Uvalde_2020_02,29.60214,-99.73007,436.7784,6/28/21,p,2021,05/20/2021 06:55 CDT,96896,11.05,97.2,0.03,8.615,5.41,102096.85
TWB14,Uvalde_2020_02,29.60214,-99.73007,436.7784,6/28/21,p,2021,05/20/2021 07:00 CDT,96905,11.09,98.4,0.39,8.615,8.42,102108.39
TWB14,Uvalde_2020_02,29.60214,-99.73007,436.7784,6/28/21,p,2021,05/20/2021 07:05 CDT,96918,11.29,98.4,0.465,8.615,10.62,102116.85
TWB14,Uvalde_2020_02,29.60214,-99.73007,436.7784,6/28/21,p,2021,05/20/2021 07:10 CDT,96932,11.36,98,0.19,8.615,15.02,102128.42
TWB14,Uvalde_2020_02,29.60214,-99.73007,436.7784,6/28/21,p,2021,05/20/2021 07:15 CDT,96947,11.41,97.9,0.125,8.615,20.2,102143.66
TWB14,Uvalde_2020_02,29.60214,-99.73007,436.7784,6/28/21,p,2021,05/20/2021 07:20 CDT,96948,11.53,98.2,0,8.615,25.21,102144.71
TWB14,Uvalde_2020_02,29.60214,-99.73007,436.7784,6/28/21,p,2021,05/20/2021 07:25 CDT,96956,11.71,98.6,0,8.615,27.38,102151.27
TWB14,Uvalde_2020_02,29.60214,-99.73007,436.7784,6/28/21,p,2021,05/20/2021 07:30 CDT,96954,12.1,99.3,0,8.615,30.66,102142.08
TWB14,Uvalde_2020_02,29.60214,-99.73007,436.7784,6/28/21,p,2021,05/20/2021 07:35 CDT,96965,12.38,98.4,0,8.615,39.49,102147.71
TWB14,Uvalde_2020_02,29.60214,-99.73007,436.7784,6/28/21,p,2021,05/20/2021 07:40 CDT,96983,12.51,98.4,0,8.615,91.21,102166.3
TWB14,Uvalde_2020_02,29.60214,-99.73007,436.7784,6/28/21,p,2021,05/20/2021 07:45 CDT,96999,12.83,98,0,8.615,96.53,102176.85
TWB14,Uvalde_2020_02,29.60214,-99.73007,436.7784,6/28/21,p,2021,05/20/2021 07:50 CDT,97002,12.85,97.6,0,8.615,55.22,102177.6
TWB14,Uvalde_2020_02,29.60214,-99.73007,436.7784,6/28/21,p,2021,05/20/2021 07:55 CDT,97005,12.82,97.6,0,8.615,59.14,102179.65
TWB14,Uvalde_2020_02,29.60214,-99.73007,436.7784,6/28/21,p,2021,05/20/2021 08:00 CDT,97007,12.93,97.9,0.105,8.615,135.28,102179.35
TWB14,Uvalde_2020_02,29.60214,-99.73007,436.7784,6/28/21,p,2021,05/20/2021 08:05 CDT,97010,13.28,98,0.765,8.615,135.73,102176.77
TWB14,Uvalde_2020_02,29.60214,-99.73007,436.7784,6/28/21,p,2021,05/20/2021 08:10 CDT,97017,13.53,97.8,1.035,8.615,142.04,102177.69
TWB14,Uvalde_2020_02,29.60214,-99.73007,436.7784,6/28/21,p,2021,05/20/2021 08:15 CDT,97019,13.79,97.8,0.86,8.615,174.08,102174.83
TWB14,Uvalde_2020_02,29.60214,-99.73007,436.7784,6/28/21,p,2021,05/20/2021 08:20 CDT,97014,14.25,97,0.355,8.615,182.23,102163.14
TWB14,Uvalde_2020_02,29.60214,-99.73007,436.7784,6/28/21,p,2021,05/20/2021 08:25 CDT,97003,14.65,96.9,0.27,8.615,195.68,102144.78
TWB14,Uvalde_2020_02,29.60214,-99.73007,436.7784,6/28/21,p,2021,05/20/2021 08:30 CDT,96999,15.2,95.6,0.035,8.615,209.6,102132.36
TWB14,Uvalde_2020_02,29.60214,-99.73007,436.7784,6/28/21,p,2021,05/20/2021 08:35 CDT,97009,15.72,95.4,0,8.615,195.1,102136.69
TWB14,Uvalde_2020_02,29.60214,-99.73007,436.7784,6/28/21,p,2021,05/20/2021 08:40 CDT,97015,16.03,93.7,0.02,8.615,161.8,102136.48
TWB14,Uvalde_2020_02,29.60214,-99.73007,436.7784,6/28/21,p,2021,05/20/2021 08:45 CDT,97023,16.17,93,0.08,8.615,170.36,102140.55
TWB14,Uvalde_2020_02,29.60214,-99.73007,436.7784,6/28/21,p,2021,05/20/2021 08:50 CDT,97033,16.29,93.3,0.03,8.615,182.03,102147.28
TWB14,Uvalde_2020_02,29.60214,-99.73007,436.7784,6/28/21,p,2021,05/20/2021 08:55 CDT,97040,16.51,91.8,0.09,8.615,169.9,102150.32
TWB14,Uvalde_2020_02,29.60214,-99.73007,436.7784,6/28/21,p,2021,05/20/2021 09:00 CDT,97036,16.74,91.3,0.115,8.615,190.84,102141.42
TWB14,Uvalde_2020_02,29.60214,-99.73007,436.7784,6/28/21,p,2021,05/20/2021 09:05 CDT,97048,17.1,91.3,0.115,8.615,189.71,102149
TWB14,Uvalde_2020_02,29.60214,-99.73007,436.7784,6/28/21,p,2021,05/20/2021 09:10 CDT,97053,17.35,89.2,0.645,8.615,196.92,102148.52
TWB14,Uvalde_2020_02,29.60214,-99.73007,436.7784,6/28/21,p,2021,05/20/2021 09:15 CDT,97059,17.41,87.2,1.19,8.615,175.89,102151.62
TWB14,Uvalde_2020_02,29.60214,-99.73007,436.7784,6/28/21,p,2021,05/20/2021 09:20 CDT,97065,17.59,87,1.375,8.615,233.09,102152.74
TWB14,Uvalde_2020_02,29.60214,-99.73007,436.7784,6/28/21,p,2021,05/20/2021 09:25 CDT,97069,17.91,86.5,0.725,8.615,219.51,102151.05
TWB14,Uvalde_2020_02,29.60214,-99.73007,436.7784,6/28/21,p,2021,05/20/2021 09:30 CDT,97069,18.27,84.9,1.04,8.615,201.91,102144.46
TWB14,Uvalde_2020_02,29.60214,-99.73007,436.7784,6/28/21,p,2021,05/20/2021 09:35 CDT,97071,18.37,84.2,1.45,8.615,238.76,102142.83
TWB14,Uvalde_2020_02,29.60214,-99.73007,436.7784,6/28/21,p,2021,05/20/2021 09:40 CDT,97076,18.5,83.1,1.19,8.615,230.74,102145.25
TWB14,Uvalde_2020_02,29.60214,-99.73007,436.7784,6/28/21,p,2021,05/20/2021 09:45 CDT,97085,18.62,83.1,1.49,8.615,269.69,102153.13
TWB14,Uvalde_2020_02,29.60214,-99.73007,436.7784,6/28/21,p,2021,05/20/2021 09:50 CDT,97088,18.83,81.3,1.61,8.615,314.39,102152.21
TWB14,Uvalde_2020_02,29.60214,-99.73007,436.7784,6/28/21,p,2021,05/20/2021 09:55 CDT,97087,19.13,81.5,0.77,8.615,262.77,102148.15
TWB14,Uvalde_2020_02,29.60214,-99.73007,436.7784,6/28/21,p,2021,05/20/2021 10:00 CDT,97088,19.67,80.5,0.93,8.615,362.21,102141.95
TWB14,Uvalde_2020_02,29.60214,-99.73007,436.7784,6/28/21,p,2021,05/20/2021 10:05 CDT,97097,20.05,77.73,1.635,8.615,472.89,102142.45
TWB14,Uvalde_2020_02,29.60214,-99.73007,436.7784,6/28/21,p,2021,05/20/2021 10:10 CDT,97096,20.13,77.99,1.435,8.615,469.34,102138.4
TWB14,Uvalde_2020_02,29.60214,-99.73007,436.7784,6/28/21,p,2021,05/20/2021 10:15 CDT,97094,20.26,79.97,1.48,8.615,418.65,102133.3
TWB14,Uvalde_2020_02,29.60214,-99.73007,436.7784,6/28/21,p,2021,05/20/2021 10:20 CDT,97098,20.41,76.36,1.93,8.615,503.48,102132.97
TWB14,Uvalde_2020_02,29.60214,-99.73007,436.7784,6/28/21,p,2021,05/20/2021 10:25 CDT,97102,20.42,76.06,1.67,8.615,524.73,102136.13
TWB14,Uvalde_2020_02,29.60214,-99.73007,436.7784,6/28/21,p,2021,05/20/2021 10:30 CDT,97088,20.91,73.59,1.39,8.615,499.65,102114.42
TWB14,Uvalde_2020_02,29.60214,-99.73007,436.7784,6/28/21,p,2021,05/20/2021 10:35 CDT,97090,21.05,73.86,1.59,8.615,527.25,102113.38
TWB14,Uvalde_2020_02,29.60214,-99.73007,436.7784,6/28/21,p,2021,05/20/2021 10:40 CDT,97096,21.47,73.62,1.425,8.615,534.13,102114.29
TWB14,Uvalde_2020_02,29.60214,-99.73007,436.7784,6/28/21,p,2021,05/20/2021 10:45 CDT,97092,21.38,71.52,1.865,8.615,550.13,102107.49
TWB14,Uvalde_2020_02,29.60214,-99.73007,436.7784,6/28/21,p,2021,05/20/2021 10:50 CDT,97080,21.39,74.35,1.18,8.615,552.7,102095.54
TWB14,Uvalde_2020_02,29.60214,-99.73007,436.7784,6/28/21,p,2021,05/20/2021 10:55 CDT,97085,21.91,70.24,1.49,8.615,561.41,102094.92
TWB14,Uvalde_2020_02,29.60214,-99.73007,436.7784,6/28/21,p,2021,05/20/2021 11:00 CDT,97091,22.08,69.9,1.345,8.615,571.7,102095.17
TWB14,Uvalde_2020_02,29.60214,-99.73007,436.7784,6/28/21,p,2021,05/20/2021 11:05 CDT,97097,22.24,69.93,2.15,8.615,589.35,102097.5
TWB14,Uvalde_2020_02,29.60214,-99.73007,436.7784,6/28/21,p,2021,05/20/2021 11:10 CDT,97087,22.36,67.87,1.745,8.615,596.35,102085.1
TWB14,Uvalde_2020_02,29.60214,-99.73007,436.7784,6/28/21,p,2021,05/20/2021 11:15 CDT,97075,22.86,66.11,1.955,8.615,605.95,102065.42
TWB14,Uvalde_2020_02,29.60214,-99.73007,436.7784,6/28/21,p,2021,05/20/2021 11:20 CDT,97070,23.05,64.62,1.58,8.615,613.33,102057.08
TWB14,Uvalde_2020_02,29.60214,-99.73007,436.7784,6/28/21,p,2021,05/20/2021 11:25 CDT,97075,23.12,62.6,2.025,8.615,628.29,102059.77
TWB14,Uvalde_2020_02,29.60214,-99.73007,436.7784,6/28/21,p,2021,05/20/2021 11:30 CDT,97074,23.24,64.55,2.16,8.615,634.13,102056.82
TWB14,Uvalde_2020_02,29.60214,-99.73007,436.7784,6/28/21,p,2021,05/20/2021 11:35 CDT,97071,23.71,58.62,2.245,8.615,640.16,102045.66
TWB14,Uvalde_2020_02,29.60214,-99.73007,436.7784,6/28/21,p,2021,05/20/2021 11:40 CDT,97075,23.56,57.13,2.01,8.615,652.86,102051.07
TWB14,Uvalde_2020_02,29.60214,-99.73007,436.7784,6/28/21,p,2021,05/20/2021 11:45 CDT,97081,23.69,55.38,2.565,8.615,660.83,102056.88
TWB14,Uvalde_2020_02,29.60214,-99.73007,436.7784,6/28/21,p,2021,05/20/2021 11:50 CDT,97080,23.79,59.49,1.58,8.615,659.53,102053.06
TWB14,Uvalde_2020_02,29.60214,-99.73007,436.7784,6/28/21,p,2021,05/20/2021 11:55 CDT,97068,24.38,56.72,1.305,8.615,660.22,102032.95
TWB14,Uvalde_2020_02,29.60214,-99.73007,436.7784,6/28/21,p,2021,05/20/2021 12:00 CDT,97061,24.86,53.96,1.69,8.615,675.24,102018.47
TWB14,Uvalde_2020_02,29.60214,-99.73007,436.7784,6/28/21,p,2021,05/20/2021 12:05 CDT,97059,24.93,52.34,1.535,8.615,680.27,102011.97
TWB14,Uvalde_2020_02,29.60214,-99.73007,436.7784,6/28/21,p,2021,05/20/2021 12:10 CDT,97060,25.07,52.03,1.375,8.615,680.94,102012.17
TWB14,Uvalde_2020_02,29.60214,-99.73007,436.7784,6/28/21,p,2021,05/20/2021 12:15 CDT,97057,25.34,50.45,2.445,8.615,684.84,102004.12
TWB14,Uvalde_2020_02,29.60214,-99.73007,436.7784,6/28/21,p,2021,05/20/2021 12:20 CDT,97054,25.2,50.58,1.575,8.615,692.3,102001.14
TWB14,Uvalde_2020_02,29.60214,-99.73007,436.7784,6/28/21,p,2021,05/20/2021 12:25 CDT,97053,25.7,46.27,1.865,8.615,706.32,101995.22
TWB14,Uvalde_2020_02,29.60214,-99.73007,436.7784,6/28/21,p,2021,05/20/2021 12:30 CDT,97052,25.94,46.03,2.305,8.615,712.3,101987.43
TWB14,Uvalde_2020_02,29.60214,-99.73007,436.7784,6/28/21,p,2021,05/20/2021 12:35 CDT,97049,26.14,46.91,1.8,8.615,711.17,101980.9
TWB14,Uvalde_2020_02,29.60214,-99.73007,436.7784,6/28/21,p,2021,05/20/2021 12:40 CDT,97048,26.1,46.57,2.635,8.615,728.2,101977.5
TWB14,Uvalde_2020_02,29.60214,-99.73007,436.7784,6/28/21,p,2021,05/20/2021 12:45 CDT,97041,26.22,49.46,1.445,8.615,717.82,101969.61
TWB14,Uvalde_2020_02,29.60214,-99.73007,436.7784,6/28/21,p,2021,05/20/2021 12:50 CDT,97040,26.55,42.93,1.96,8.615,728.83,101966.77
TWB14,Uvalde_2020_02,29.60214,-99.73007,436.7784,6/28/21,p,2021,05/20/2021 12:55 CDT,97043,26.8,40.91,2.08,8.615,734.03,101962.24
TWB14,Uvalde_2020_02,29.60214,-99.73007,436.7784,6/28/21,p,2021,05/20/2021 13:00 CDT,97036,26.75,42.89,2.77,8.615,738.91,101954.36
TWB14,Uvalde_2020_02,29.60214,-99.73007,436.7784,6/28/21,p,2021,05/20/2021 13:05 CDT,97031,26.74,43.6,1.965,8.615,738.68,101949.27
TWB14,Uvalde_2020_02,29.60214,-99.73007,436.7784,6/28/21,p,2021,05/20/2021 13:10 CDT,97021,27.05,42.39,1.77,8.615,735.11,101937.6
TWB14,Uvalde_2020_02,29.60214,-99.73007,436.7784,6/28/21,p,2021,05/20/2021 13:15 CDT,97030,27.04,40.4,2.36,8.615,746.1,101945.24
TWB14,Uvalde_2020_02,29.60214,-99.73007,436.7784,6/28/21,p,2021,05/20/2021 13:20 CDT,97028,26.98,41.07,1.72,8.615,738.63,101944.8
TWB14,Uvalde_2020_02,29.60214,-99.73007,436.7784,6/28/21,p,2021,05/20/2021 13:25 CDT,97027,27.15,41.34,2.285,8.615,743.86,101938.91
TWB14,Uvalde_2020_02,29.60214,-99.73007,436.7784,6/28/21,p,2021,05/20/2021 13:30 CDT,97017,27.34,43.86,1.475,8.615,735.7,101927.04
TWB14,Uvalde_2020_02,29.60214,-99.73007,436.7784,6/28/21,p,2021,05/20/2021 13:35 CDT,97015,27.75,40.36,2.55,8.615,747.31,101917.48
TWB14,Uvalde_2020_02,29.60214,-99.73007,436.7784,6/28/21,p,2021,05/20/2021 13:40 CDT,97014,27.37,38.58,2.145,8.615,751.52,101920.44
TWB14,Uvalde_2020_02,29.60214,-99.73007,436.7784,6/28/21,p,2021,05/20/2021 13:45 CDT,97011,27.56,39.79,2.37,8.615,751.64,101917.61
TWB14,Uvalde_2020_02,29.60214,-99.73007,436.7784,6/28/21,p,2021,05/20/2021 13:50 CDT,97005,27.63,39.96,2.125,8.615,743.55,101908.31
TWB14,Uvalde_2020_02,29.60214,-99.73007,436.7784,6/28/21,p,2021,05/20/2021 13:55 CDT,96993,27.77,39.38,2.265,8.615,743.97,101893.88
TWB14,Uvalde_2020_02,29.60214,-99.73007,436.7784,6/28/21,p,2021,05/20/2021 14:00 CDT,96985,28.08,38,2.99,8.615,749.67,101880.51
TWB14,Uvalde_2020_02,29.60214,-99.73007,436.7784,6/28/21,p,2021,05/20/2021 14:05 CDT,96978,28.26,38.68,1.81,8.615,738.45,101870
TWB14,Uvalde_2020_02,29.60214,-99.73007,436.7784,6/28/21,p,2021,05/20/2021 14:10 CDT,96975,28.33,38.68,2.43,8.615,744.44,101866.85
TWB14,Uvalde_2020_02,29.60214,-99.73007,436.7784,6/28/21,p,2021,05/20/2021 14:15 CDT,96971,28.26,40.46,2.43,8.615,741.51,101860.64
TWB14,Uvalde_2020_02,29.60214,-99.73007,436.7784,6/28/21,p,2021,05/20/2021 14:20 CDT,96956,28.19,37.53,2.525,8.615,740.6,101845.75
TWB14,Uvalde_2020_02,29.60214,-99.73007,436.7784,6/28/21,p,2021,05/20/2021 14:25 CDT,96943,28.24,38.23,2.215,8.615,736.72,101832.74
TWB14,Uvalde_2020_02,29.60214,-99.73007,436.7784,6/28/21,p,2021,05/20/2021 14:30 CDT,96933,28.5,35.94,2.465,8.615,729.3,101817.8
TWB14,Uvalde_2020_02,29.60214,-99.73007,436.7784,6/28/21,p,2021,05/20/2021 14:35 CDT,96929,28.6,35.54,2.23,8.365,728.14,101812.94
TWB14,Uvalde_2020_02,29.60214,-99.73007,436.7784,6/28/21,p,2021,05/20/2021 14:40 CDT,96926,28.76,37.12,2.91,8.365,731.56,101807.46
TWB14,Uvalde_2020_02,29.60214,-99.73007,436.7784,6/28/21,p,2021,05/20/2021 14:45 CDT,96928,28.89,33.92,2.39,8.365,723.47,101806.63
TWB14,Uvalde_2020_02,29.60214,-99.73007,436.7784,6/28/21,p,2021,05/20/2021 14:50 CDT,96924,28.76,33.79,2.765,8.365,720.67,101804.08
TWB14,Uvalde_2020_02,29.60214,-99.73007,436.7784,6/28/21,p,2021,05/20/2021 14:55 CDT,96919,28.86,32.51,2.77,8.365,716.55,101798.02
TWB14,Uvalde_2020_02,29.60214,-99.73007,436.7784,6/28/21,p,2021,05/20/2021 15:00 CDT,96921,28.61,36.38,3.13,8.365,717.52,101803.21
TWB14,Uvalde_2020_02,29.60214,-99.73007,436.7784,6/28/21,p,2021,05/20/2021 15:05 CDT,96915,28.64,33.65,2.6,8.365,703.57,101798.59
TWB14,Uvalde_2020_02,29.60214,-99.73007,436.7784,6/28/21,p,2021,05/20/2021 15:10 CDT,96911,28.99,35.94,2.545,8.365,696.89,101788.26
TWB14,Uvalde_2020_02,29.60214,-99.73007,436.7784,6/28/21,p,2021,05/20/2021 15:15 CDT,96909,28.93,34.9,2.265,8.365,689.89,101786.5
TWB14,Uvalde_2020_02,29.60214,-99.73007,436.7784,6/28/21,p,2021,05/20/2021 15:20 CDT,96907,28.88,35.54,2.995,8.365,691.81,101784.56
TWB14,Uvalde_2020_02,29.60214,-99.73007,436.7784,6/28/21,p,2021,05/20/2021 15:25 CDT,96909,28.94,34.23,2.4,8.365,679.23,101786.34
TWB14,Uvalde_2020_02,29.60214,-99.73007,436.7784,6/28/21,p,2021,05/20/2021 15:30 CDT,96905,28.91,33.42,3.04,8.365,677.39,101781.82
TWB14,Uvalde_2020_02,29.60214,-99.73007,436.7784,6/28/21,p,2021,05/20/2021 15:35 CDT,96901,28.78,34.46,2.255,8.365,663.94,101780.57
TWB14,Uvalde_2020_02,29.60214,-99.73007,436.7784,6/28/21,p,2021,05/20/2021 15:40 CDT,96897,28.84,34.26,2.65,8.365,656.8,101776.04
TWB14,Uvalde_2020_02,29.60214,-99.73007,436.7784,6/28/21,p,2021,05/20/2021 15:45 CDT,96896,29.07,35.57,2.235,8.365,646.28,101772.51
TWB14,Uvalde_2020_02,29.60214,-99.73007,436.7784,6/28/21,p,2021,05/20/2021 15:50 CDT,96893,29.16,34.36,2.45,8.365,640.28,101767.4
TWB14,Uvalde_2020_02,29.60214,-99.73007,436.7784,6/28/21,p,2021,05/20/2021 15:55 CDT,96882,29.23,36.04,2.24,8.365,630.08,101754.02
TWB14,Uvalde_2020_02,29.60214,-99.73007,436.7784,6/28/21,p,2021,05/20/2021 16:00 CDT,96878,29.2,32.07,2.645,8.365,628.01,101749.36
TWB14,Uvalde_2020_02,29.60214,-99.73007,436.7784,6/28/21,p,2021,05/20/2021 16:05 CDT,96871,28.93,35.23,2.155,8.365,616.95,101745.1
TWB14,Uvalde_2020_02,29.60214,-99.73007,436.7784,6/28/21,p,2021,05/20/2021 16:10 CDT,96867,28.85,34.86,2.57,8.365,607.96,101743.54
TWB14,Uvalde_2020_02,29.60214,-99.73007,436.7784,6/28/21,p,2021,05/20/2021 16:15 CDT,96867,29.18,37.39,1.985,8.365,591.23,101739.89
TWB14,Uvalde_2020_02,29.60214,-99.73007,436.7784,6/28/21,p,2021,05/20/2021 16:20 CDT,96865,29.03,34.93,3.045,8.365,592.18,101738.97
TWB14,Uvalde_2020_02,29.60214,-99.73007,436.7784,6/28/21,p,2021,05/20/2021 16:25 CDT,96861,28.98,35.57,2.605,8.365,577.4,101735.58
TWB14,Uvalde_2020_02,29.60214,-99.73007,436.7784,6/28/21,p,2021,05/20/2021 16:30 CDT,96854,28.88,36.24,2.95,8.365,569.48,101729.21
TWB14,Uvalde_2020_02,29.60214,-99.73007,436.7784,6/28/21,p,2021,05/20/2021 16:35 CDT,96846,28.96,35.63,2.225,8.365,553.02,101721.14
TWB14,Uvalde_2020_02,29.60214,-99.73007,436.7784,6/28/21,p,2021,05/20/2021 16:40 CDT,96840,28.96,35.7,2.35,8.365,542.91,101714.84
TWB14,Uvalde_2020_02,29.60214,-99.73007,436.7784,6/28/21,p,2021,05/20/2021 16:45 CDT,96839,28.78,38.36,3.17,8.365,537.23,101716.23
TWB14,Uvalde_2020_02,29.60214,-99.73007,436.7784,6/28/21,p,2021,05/20/2021 16:50 CDT,96839,28.91,36.74,2.405,8.365,519.34,101714.27
TWB14,Uvalde_2020_02,29.60214,-99.73007,436.7784,6/28/21,p,2021,05/20/2021 16:55 CDT,96838,28.79,37.18,2.12,8.365,505.12,101715.03
TWB14,Uvalde_2020_02,29.60214,-99.73007,436.7784,6/28/21,p,2021,05/20/2021 17:00 CDT,96834,29,38.09,2.34,8.365,495.56,101707.86
TWB14,Uvalde_2020_02,29.60214,-99.73007,436.7784,6/28/21,p,2021,05/20/2021 17:05 CDT,96825,29,38.8,3.07,8.365,490.5,101699.05
TWB14,Uvalde_2020_02,29.60214,-99.73007,436.7784,6/28/21,p,2021,05/20/2021 17:10 CDT,96820,28.98,38.29,2.3,8.365,471.72,101694.96
TWB14,Uvalde_2020_02,29.60214,-99.73007,436.7784,6/28/21,p,2021,05/20/2021 17:15 CDT,96815,29.18,37.99,2.15,8.365,454.94,101685.6
TWB14,Uvalde_2020_02,29.60214,-99.73007,436.7784,6/28/21,p,2021,05/20/2021 17:20 CDT,96818,29.23,35.97,1.75,8.365,442.63,101686.63
TWB14,Uvalde_2020_02,29.60214,-99.73007,436.7784,6/28/21,p,2021,05/20/2021 17:25 CDT,96814,29.37,37.18,1.875,8.365,433.87,101681.93
TWB14,Uvalde_2020_02,29.60214,-99.73007,436.7784,6/28/21,p,2021,05/20/2021 17:30 CDT,96812,29.41,34.29,2.435,8.365,425.68,101678.54
TWB14,Uvalde_2020_02,29.60214,-99.73007,436.7784,6/28/21,p,2021,05/20/2021 17:35 CDT,96809,29.04,36.91,2.305,8.365,414.84,101679.47
TWB14,Uvalde_2020_02,29.60214,-99.73007,436.7784,6/28/21,p,2021,05/20/2021 17:40 CDT,96803,28.97,39.71,2.345,8.365,398.04,101676.1
TWB14,Uvalde_2020_02,29.60214,-99.73007,436.7784,6/28/21,p,2021,05/20/2021 17:45 CDT,96800,29.15,38.87,2.715,8.365,385.71,101670.65
TWB14,Uvalde_2020_02,29.60214,-99.73007,436.7784,6/28/21,p,2021,05/20/2021 17:50 CDT,96795,29.16,34.89,2.525,8.365,370.82,101665.61
TWB14,Uvalde_2020_02,29.60214,-99.73007,436.7784,6/28/21,p,2021,05/20/2021 17:55 CDT,96798,29.12,34.52,2.215,8.365,359.63,101668.27
TWB14,Uvalde_2020_02,29.60214,-99.73007,436.7784,6/28/21,p,2021,05/20/2021 18:00 CDT,96801,29.19,37.92,2.11,8.365,332.9,101671.06
TWB14,Uvalde_2020_02,29.60214,-99.73007,436.7784,6/28/21,p,2021,05/20/2021 18:05 CDT,96799,29.11,38.46,2.13,8.365,312.53,101670.27
TWB14,Uvalde_2020_02,29.60214,-99.73007,436.7784,6/28/21,p,2021,05/20/2021 18:10 CDT,96798,29.03,38.16,3.245,8.365,325.35,101671.19
TWB14,Uvalde_2020_02,29.60214,-99.73007,436.7784,6/28/21,p,2021,05/20/2021 18:15 CDT,96798,28.95,37.01,2.77,8.365,306.59,101673.68
TWB14,Uvalde_2020_02,29.60214,-99.73007,436.7784,6/28/21,p,2021,05/20/2021 18:20 CDT,96796,29.03,39.17,1.725,8.365,286.09,101669.25
TWB14,Uvalde_2020_02,29.60214,-99.73007,436.7784,6/28/21,p,2021,05/20/2021 18:25 CDT,96800,29.11,39.57,2.085,8.365,276.11,101672.62
TWB14,Uvalde_2020_02,29.60214,-99.73007,436.7784,6/28/21,p,2021,05/20/2021 18:30 CDT,96804,29.12,38.03,2.29,8.365,263.13,101676.35
TWB14,Uvalde_2020_02,29.60214,-99.73007,436.7784,6/28/21,p,2021,05/20/2021 18:35 CDT,96810,28.97,38.36,2.31,8.365,251.33,101684.46
TWB14,Uvalde_2020_02,29.60214,-99.73007,436.7784,6/28/21,p,2021,05/20/2021 18:40 CDT,96814,28.97,39.81,1.825,8.365,234.23,101690.62
TWB14,Uvalde_2020_02,29.60214,-99.73007,436.7784,6/28/21,p,2021,05/20/2021 18:45 CDT,96815,28.92,39.65,2.705,8.365,224.83,101691.67
TWB14,Uvalde_2020_02,29.60214,-99.73007,436.7784,6/28/21,p,2021,05/20/2021 18:50 CDT,96814,28.63,42.14,2.515,8.365,210.79,101695.54
TWB14,Uvalde_2020_02,29.60214,-99.73007,436.7784,6/28/21,p,2021,05/20/2021 18:55 CDT,96816,28.75,41.67,2.505,8.365,195.04,101697.65
TWB14,Uvalde_2020_02,29.60214,-99.73007,436.7784,6/28/21,p,2021,05/20/2021 19:00 CDT,96817,28.59,41.4,2.995,8.365,183.61,101699.2
TWB14,Uvalde_2020_02,29.60214,-99.73007,436.7784,6/28/21,p,2021,05/20/2021 19:05 CDT,96817,28.46,43.82,2.33,8.365,168.48,101702.15
TWB14,Uvalde_2020_02,29.60214,-99.73007,436.7784,6/28/21,p,2021,05/20/2021 19:10 CDT,96818,28.46,42.24,2,8.365,153.72,101703.71
TWB14,Uvalde_2020_02,29.60214,-99.73007,436.7784,6/28/21,p,2021,05/20/2021 19:15 CDT,96822,28.33,42.68,2.485,8.365,142.41,101709.4
TWB14,Uvalde_2020_02,29.60214,-99.73007,436.7784,6/28/21,p,2021,05/20/2021 19:20 CDT,96828,28.13,43.22,2.825,8.365,130.79,101719.01
TWB14,Uvalde_2020_02,29.60214,-99.73007,436.7784,6/28/21,p,2021,05/20/2021 19:25 CDT,96825,28.02,42.68,2.7,8.365,118.07,101718.19
TWB14,Uvalde_2020_02,29.60214,-99.73007,436.7784,6/28/21,p,2021,05/20/2021 19:30 CDT,96828,27.88,43.38,2.875,8.365,106.31,101723.99
TWB14,Uvalde_2020_02,29.60214,-99.73007,436.7784,6/28/21,p,2021,05/20/2021 19:35 CDT,96835,27.75,43.15,2.555,8.365,93.32,101734
TWB14,Uvalde_2020_02,29.60214,-99.73007,436.7784,6/28/21,p,2021,05/20/2021 19:40 CDT,96835,27.61,43.22,2.52,8.365,81.24,101736.5
TWB14,Uvalde_2020_02,29.60214,-99.73007,436.7784,6/28/21,p,2021,05/20/2021 19:45 CDT,96833,27.45,43.42,2.805,8.365,70.25,101737.56
TWB14,Uvalde_2020_02,29.60214,-99.73007,436.7784,6/28/21,p,2021,05/20/2021 19:50 CDT,96837,27.32,44.6,2.39,8.365,58.69,101743.92
TWB14,Uvalde_2020_02,29.60214,-99.73007,436.7784,6/28/21,p,2021,05/20/2021 19:55 CDT,96849,27.16,44.91,2.18,8.365,48.27,101759.2
TWB14,Uvalde_2020_02,29.60214,-99.73007,436.7784,6/28/21,p,2021,05/20/2021 20:00 CDT,96850,27.02,45.24,2.285,8.365,38.69,101762.75
TWB14,Uvalde_2020_02,29.60214,-99.73007,436.7784,6/28/21,p,2021,05/20/2021 20:05 CDT,96851,26.83,45.85,1.94,8.365,27.81,101767.31
TWB14,Uvalde_2020_02,29.60214,-99.73007,436.7784,6/28/21,p,2021,05/20/2021 20:10 CDT,96853,26.66,46.26,2.455,8.365,16.64,101772.59
TWB14,Uvalde_2020_02,29.60214,-99.73007,436.7784,6/28/21,p,2021,05/20/2021 20:15 CDT,96856,26.46,47.27,2.03,8.365,12.81,101778.76
TWB14,Uvalde_2020_02,29.60214,-99.73007,436.7784,6/28/21,p,2021,05/20/2021 20:20 CDT,96863,26.25,48.28,2.005,8.365,9.3,101789.8
TWB14,Uvalde_2020_02,29.60214,-99.73007,436.7784,6/28/21,p,2021,05/20/2021 20:25 CDT,96868,26.05,49.4,1.94,8.365,6.24,101798.41
TWB14,Uvalde_2020_02,29.60214,-99.73007,436.7784,6/28/21,p,2021,05/20/2021 20:30 CDT,96873,25.84,49.7,1.735,8.365,3.93,101807.54
TWB14,Uvalde_2020_02,29.60214,-99.73007,436.7784,6/28/21,p,2021,05/20/2021 20:35 CDT,96880,25.69,50.48,1.295,8.365,2.43,101817.76
TWB14,Uvalde_2020_02,29.60214,-99.73007,436.7784,6/28/21,p,2021,05/20/2021 20:40 CDT,96887,25.51,50.92,1.43,8.365,1.04,101829
TWB14,Uvalde_2020_02,29.60214,-99.73007,436.7784,6/28/21,p,2021,05/20/2021 20:45 CDT,96890,25.35,52.33,1.295,8.365,0.41,101834.51
TWB14,Uvalde_2020_02,29.60214,-99.73007,436.7784,6/28/21,p,2021,05/20/2021 20:50 CDT,96899,25.1,53.15,1.31,8.365,0.44,101849.39
TWB14,Uvalde_2020_02,29.60214,-99.73007,436.7784,6/28/21,p,2021,05/20/2021 20:55 CDT,96911,24.94,54.09,1.075,8.365,0.05,101864.88
TWB14,Uvalde_2020_02,29.60214,-99.73007,436.7784,6/28/21,p,2021,05/20/2021 21:00 CDT,96921,24.88,54.5,1.53,8.365,0.08,101877.6
TWB14,Uvalde_2020_02,29.60214,-99.73007,436.7784,6/28/21,p,2021,05/20/2021 21:05 CDT,96921,24.85,54.84,1.37,8.365,0,101878.11
TWB14,Uvalde_2020_02,29.60214,-99.73007,436.7784,6/28/21,p,2021,05/20/2021 21:10 CDT,96923,24.78,55.18,1.645,8.365,0,101880.89
TWB14,Uvalde_2020_02,29.60214,-99.73007,436.7784,6/28/21,p,2021,05/20/2021 21:15 CDT,96925,24.74,55.65,1.67,8.365,0,101883.33
TWB14,Uvalde_2020_02,29.60214,-99.73007,436.7784,6/28/21,p,2021,05/20/2021 21:20 CDT,96926,24.72,56.16,1.925,8.365,0,101884.37
TWB14,Uvalde_2020_02,29.60214,-99.73007,436.7784,6/28/21,p,2021,05/20/2021 21:25 CDT,96929,24.67,56.9,1.425,8.365,0,101888.2
TWB14,Uvalde_2020_02,29.60214,-99.73007,436.7784,6/28/21,p,2021,05/20/2021 21:30 CDT,96933,24.57,57.2,1.74,8.365,0,101894.45
TWB14,Uvalde_2020_02,29.60214,-99.73007,436.7784,6/28/21,p,2021,05/20/2021 21:35 CDT,96944,24.52,57.41,2.215,8.365,0,101906.86
TWB14,Uvalde_2020_02,29.60214,-99.73007,436.7784,6/28/21,p,2021,05/20/2021 21:40 CDT,96951,24.59,57.68,2.07,8.365,0,101912.52
TWB14,Uvalde_2020_02,29.60214,-99.73007,436.7784,6/28/21,p,2021,05/20/2021 21:45 CDT,96958,24.48,58.43,1.49,8.365,0.02,101921.23
TWB14,Uvalde_2020_02,29.60214,-99.73007,436.7784,6/28/21,p,2021,05/20/2021 21:50 CDT,96965,24.29,58.64,1.435,8.365,0.09,101932
TWB14,Uvalde_2020_02,29.60214,-99.73007,436.7784,6/28/21,p,2021,05/20/2021 21:55 CDT,96969,24.25,58.3,1.8,8.365,0,101937.4
TWB14,Uvalde_2020_02,29.60214,-99.73007,436.7784,6/28/21,p,2021,05/20/2021 22:00 CDT,96977,24.22,58.64,1.745,8.365,0,101945.98
TWB14,Uvalde_2020_02,29.60214,-99.73007,436.7784,6/28/21,p,2021,05/20/2021 22:05 CDT,96983,24.16,59.04,1.775,8.365,0,101953.48
TWB14,Uvalde_2020_02,29.60214,-99.73007,436.7784,6/28/21,p,2021,05/20/2021 22:10 CDT,96993,24.12,59.11,1.875,8.365,0,101964.68
TWB14,Uvalde_2020_02,29.60214,-99.73007,436.7784,6/28/21,p,2021,05/20/2021 22:15 CDT,96996,24.08,59.85,1.78,8.365,0,101968.34
TWB14,Uvalde_2020_02,29.60214,-99.73007,436.7784,6/28/21,p,2021,05/20/2021 22:20 CDT,96997,23.99,60.46,1.805,8.365,0,101970.93
TWB14,Uvalde_2020_02,29.60214,-99.73007,436.7784,6/28/21,p,2021,05/20/2021 22:25 CDT,97001,23.96,61.2,1.635,8.365,0,101975.47
TWB14,Uvalde_2020_02,29.60214,-99.73007,436.7784,6/28/21,p,2021,05/20/2021 22:30 CDT,97008,23.91,61.54,1.945,8.365,0,101984.02
TWB14,Uvalde_2020_02,29.60214,-99.73007,436.7784,6/28/21,p,2021,05/20/2021 22:35 CDT,97016,23.86,61.81,2.25,8.365,0,101993.29
TWB14,Uvalde_2020_02,29.60214,-99.73007,436.7784,6/28/21,p,2021,05/20/2021 22:40 CDT,97022,23.86,62.35,1.755,8.365,0,101999.59
TWB14,Uvalde_2020_02,29.60214,-99.73007,436.7784,6/28/21,p,2021,05/20/2021 22:45 CDT,97031,23.77,63.09,1.63,8.365,0,102009.91
TWB14,Uvalde_2020_02,29.60214,-99.73007,436.7784,6/28/21,p,2021,05/20/2021 22:50 CDT,97041,23.69,62.95,2.085,8.365,0,102022.31
TWB14,Uvalde_2020_02,29.60214,-99.73007,436.7784,6/28/21,p,2021,05/20/2021 22:55 CDT,97048,23.72,63.09,2.2,8.365,0,102029.32
TWB14,Uvalde_2020_02,29.60214,-99.73007,436.7784,6/28/21,p,2021,05/20/2021 23:00 CDT,97049,23.73,63.83,2.415,8.365,0,102029.85
TWB14,Uvalde_2020_02,29.60214,-99.73007,436.7784,6/28/21,p,2021,05/20/2021 23:05 CDT,97049,23.74,63.76,2.685,8.365,0,102030.03
TWB14,Uvalde_2020_02,29.60214,-99.73007,436.7784,6/28/21,p,2021,05/20/2021 23:10 CDT,97049,23.7,64.3,2.165,8.365,0,102030.02
TWB14,Uvalde_2020_02,29.60214,-99.73007,436.7784,6/28/21,p,2021,05/20/2021 23:15 CDT,97049,23.63,64.71,1.82,8.365,0,102031.39
TWB14,Uvalde_2020_02,29.60214,-99.73007,436.7784,6/28/21,p,2021,05/20/2021 23:20 CDT,97050,23.54,65.23,1.595,8.365,0,102033.81
TWB14,Uvalde_2020_02,29.60214,-99.73007,436.7784,6/28/21,p,2021,05/20/2021 23:25 CDT,97051,23.5,65.18,1.99,8.365,0,102036.07
TWB14,Uvalde_2020_02,29.60214,-99.73007,436.7784,6/28/21,p,2021,05/20/2021 23:30 CDT,97050,23.53,65.65,1.995,8.365,0,102034.15
TWB14,Uvalde_2020_02,29.60214,-99.73007,436.7784,6/28/21,p,2021,05/20/2021 23:35 CDT,97052,23.51,65.92,1.72,8.365,0,102036.43
TWB14,Uvalde_2020_02,29.60214,-99.73007,436.7784,6/28/21,p,2021,05/20/2021 23:40 CDT,97050,23.44,66.33,2.04,8.365,0,102035.87
TWB14,Uvalde_2020_02,29.60214,-99.73007,436.7784,6/28/21,p,2021,05/20/2021 23:45 CDT,97050,23.45,66.39,1.94,8.365,0,102035.69
TWB14,Uvalde_2020_02,29.60214,-99.73007,436.7784,6/28/21,p,2021,05/20/2021 23:50 CDT,97049,23.35,67,1.915,8.365,0,102036.01
TWB14,Uvalde_2020_02,29.60214,-99.73007,436.7784,6/28/21,p,2021,05/20/2021 23:55 CDT,97054,23.3,66.87,2.16,8.365,0,102042.48
TWB14,Uvalde_2020_02,29.60214,-99.73007,436.7784,6/28/21,p,2021,05/21/2021 00:00 CDT,97060,23.29,67.2,1.98,8.365,0,102048.61
TWB14,Uvalde_2020_02,29.60214,-99.73007,436.7784,6/28/21,p,2021,05/21/2021 00:05 CDT,97062,23.21,67.61,1.87,8.365,0,102051.74
TWB14,Uvalde_2020_02,29.60214,-99.73007,436.7784,6/28/21,p,2021,05/21/2021 00:10 CDT,97059,23.16,68.28,1.815,8.365,0,102049.44
TWB14,Uvalde_2020_02,29.60214,-99.73007,436.7784,6/28/21,p,2021,05/21/2021 00:15 CDT,97060,23.04,68.76,1.615,8.365,0,102053.25
TWB14,Uvalde_2020_02,29.60214,-99.73007,436.7784,6/28/21,p,2021,05/21/2021 00:20 CDT,97064,23.01,68.93,2.06,8.365,0,102057.97
TWB14,Uvalde_2020_02,29.60214,-99.73007,436.7784,6/28/21,p,2021,05/21/2021 00:25 CDT,97060,22.98,69.23,1.915,8.365,0,102053.94
TWB14,Uvalde_2020_02,29.60214,-99.73007,436.7784,6/28/21,p,2021,05/21/2021 00:30 CDT,97057,22.75,70.11,1.34,8.365,0.18,102053.88
TWB14,Uvalde_2020_02,29.60214,-99.73007,436.7784,6/28/21,p,2021,05/21/2021 00:35 CDT,97060,22.67,70.71,1.87,8.365,0.02,102059.11
TWB14,Uvalde_2020_02,29.60214,-99.73007,436.7784,6/28/21,p,2021,05/21/2021 00:40 CDT,97069,22.75,70.24,2.71,8.365,0,102068.57
TWB14,Uvalde_2020_02,29.60214,-99.73007,436.7784,6/28/21,p,2021,05/21/2021 00:45 CDT,97079,22.72,71.46,2.345,8.365,0,102078.39
TWB14,Uvalde_2020_02,29.60214,-99.73007,436.7784,6/28/21,p,2021,05/21/2021 00:50 CDT,97081,22.65,71.8,2.235,8.365,0,102081.35
TWB14,Uvalde_2020_02,29.60214,-99.73007,436.7784,6/28/21,p,2021,05/21/2021 00:55 CDT,97082,22.62,72.37,2.425,8.365,0,102082.92
TWB14,Uvalde_2020_02,29.60214,-99.73007,436.7784,6/28/21,p,2021,05/21/2021 01:00 CDT,97081,22.68,72.94,2.815,8.365,0,102080.83
TWB14,Uvalde_2020_02,29.60214,-99.73007,436.7784,6/28/21,p,2021,05/21/2021 01:05 CDT,97081,22.63,73.75,1.96,8.365,0,102080.82
TWB14,Uvalde_2020_02,29.60214,-99.73007,436.7784,6/28/21,p,2021,05/21/2021 01:10 CDT,97082,22.55,74.29,2.215,8.365,0,102082.9
TWB14,Uvalde_2020_02,29.60214,-99.73007,436.7784,6/28/21,p,2021,05/21/2021 01:15 CDT,97086,22.47,75.34,2.15,8.365,0.04,102088.66
TWB14,Uvalde_2020_02,29.60214,-99.73007,436.7784,6/28/21,p,2021,05/21/2021 01:20 CDT,97095,22.41,75.84,2.245,8.365,0,102099.5
TWB14,Uvalde_2020_02,29.60214,-99.73007,436.7784,6/28/21,p,2021,05/21/2021 01:25 CDT,97103,22.33,76.96,2.39,8.365,0.01,102108.78
TWB14,Uvalde_2020_02,29.60214,-99.73007,436.7784,6/28/21,p,2021,05/21/2021 01:30 CDT,97093,22.24,77.53,2.52,8.365,0.03,102099.99
TWB14,Uvalde_2020_02,29.60214,-99.73007,436.7784,6/28/21,p,2021,05/21/2021 01:35 CDT,97084,22.12,78.07,2.525,8.365,0.01,102092.78
TWB14,Uvalde_2020_02,29.60214,-99.73007,436.7784,6/28/21,p,2021,05/21/2021 01:40 CDT,97089,21.99,78.67,1.69,8.365,0.16,102099.94
TWB14,Uvalde_2020_02,29.60214,-99.73007,436.7784,6/28/21,p,2021,05/21/2021 01:45 CDT,97095,21.88,79.69,1.755,8.365,0.08,102108.5
TWB14,Uvalde_2020_02,29.60214,-99.73007,436.7784,6/28/21,p,2021,05/21/2021 01:50 CDT,97092,21.83,79.96,1.925,8.365,0,102106.56
TWB14,Uvalde_2020_02,29.60214,-99.73007,436.7784,6/28/21,p,2021,05/21/2021 01:55 CDT,97082,21.75,80.6,1.315,8.365,0,102097.08
TWB14,Uvalde_2020_02,29.60214,-99.73007,436.7784,6/28/21,p,2021,05/21/2021 02:00 CDT,97080,21.7,81.2,2.325,8.365,0,102096.71
TWB14,Uvalde_2020_02,29.60214,-99.73007,436.7784,6/28/21,p,2021,05/21/2021 02:05 CDT,97078,21.7,81.3,2.06,8.365,0,102094.61
TWB14,Uvalde_2020_02,29.60214,-99.73007,436.7784,6/28/21,p,2021,05/21/2021 02:10 CDT,97077,21.7,81.5,2.29,8.365,0,102093.91
TWB14,Uvalde_2020_02,29.60214,-99.73007,436.7784,6/28/21,p,2021,05/21/2021 02:15 CDT,97068,21.7,81.3,2.655,8.365,0,102084.44
TWB14,Uvalde_2020_02,29.60214,-99.73007,436.7784,6/28/21,p,2021,05/21/2021 02:20 CDT,97065,21.69,81.8,2.375,8.365,0,102081.11
TWB14,Uvalde_2020_02,29.60214,-99.73007,436.7784,6/28/21,p,2021,05/21/2021 02:25 CDT,97058,21.64,81.9,2.32,8.365,0,102074.44
TWB14,Uvalde_2020_02,29.60214,-99.73007,436.7784,6/28/21,p,2021,05/21/2021 02:30 CDT,97056,21.58,82.5,1.915,8.365,0,102072.86
TWB14,Uvalde_2020_02,29.60214,-99.73007,436.7784,6/28/21,p,2021,05/21/2021 02:35 CDT,97056,21.44,83.5,1.785,8.365,0,102074.94
TWB14,Uvalde_2020_02,29.60214,-99.73007,436.7784,6/28/21,p,2021,05/21/2021 02:40 CDT,97058,21.34,84.4,2.15,8.365,0,102079.13
TWB14,Uvalde_2020_02,29.60214,-99.73007,436.7784,6/28/21,p,2021,05/21/2021 02:45 CDT,97067,21.39,84.6,2.805,8.365,0,102087.9
TWB14,Uvalde_2020_02,29.60214,-99.73007,436.7784,6/28/21,p,2021,05/21/2021 02:50 CDT,97062,21.43,85.1,2.77,8.365,0,102081.24
TWB14,Uvalde_2020_02,29.60214,-99.73007,436.7784,6/28/21,p,2021,05/21/2021 02:55 CDT,97067,21.44,85.1,2.455,8.365,0,102086.32
TWB14,Uvalde_2020_02,29.60214,-99.73007,436.7784,6/28/21,p,2021,05/21/2021 03:00 CDT,97072,21.43,85.5,3.265,8.365,0,102091.58
TWB14,Uvalde_2020_02,29.60214,-99.73007,436.7784,6/28/21,p,2021,05/21/2021 03:05 CDT,97071,21.4,85.7,2.73,8.365,0,102090.7
TWB14,Uvalde_2020_02,29.60214,-99.73007,436.7784,6/28/21,p,2021,05/21/2021 03:10 CDT,97080,21.34,86,2.44,8.365,0.01,102101.04
TWB14,Uvalde_2020_02,29.60214,-99.73007,436.7784,6/28/21,p,2021,05/21/2021 03:15 CDT,97082,21.26,86.1,2.23,8.365,0.34,102104.53
TWB14,Uvalde_2020_02,29.60214,-99.73007,436.7784,6/28/21,p,2021,05/21/2021 03:20 CDT,97077,21.18,86,2.685,8.365,0.56,102100.32
TWB14,Uvalde_2020_02,29.60214,-99.73007,436.7784,6/28/21,p,2021,05/21/2021 03:25 CDT,97070,21.07,86.2,2.32,8.365,0.28,102094.88
TWB14,Uvalde_2020_02,29.60214,-99.73007,436.7784,6/28/21,p,2021,05/21/2021 03:30 CDT,97070,20.99,86.2,2.41,8.365,0.09,102096.63
TWB14,Uvalde_2020_02,29.60214,-99.73007,436.7784,6/28/21,p,2021,05/21/2021 03:35 CDT,97070,20.93,86.3,2.1,8.365,0,102097.68
TWB14,Uvalde_2020_02,29.60214,-99.73007,436.7784,6/28/21,p,2021,05/21/2021 03:40 CDT,97071,20.88,86.6,1.565,8.365,0,102099.6
TWB14,Uvalde_2020_02,29.60214,-99.73007,436.7784,6/28/21,p,2021,05/21/2021 03:45 CDT,97082,20.85,86.7,1.675,8.365,0,102111.52
TWB14,Uvalde_2020_02,29.60214,-99.73007,436.7784,6/28/21,p,2021,05/21/2021 03:50 CDT,97083,20.84,86.7,2.075,8.365,0,102112.75
TWB14,Uvalde_2020_02,29.60214,-99.73007,436.7784,6/28/21,p,2021,05/21/2021 03:55 CDT,97084,20.81,86.1,1.93,8.365,0,102114.5
TWB14,Uvalde_2020_02,29.60214,-99.73007,436.7784,6/28/21,p,2021,05/21/2021 04:00 CDT,97083,20.76,86,1.735,8.365,0.14,102114.85
TWB14,Uvalde_2020_02,29.60214,-99.73007,436.7784,6/28/21,p,2021,05/21/2021 04:05 CDT,97091,20.66,85.5,1.52,8.365,0.62,102124.67
TWB14,Uvalde_2020_02,29.60214,-99.73007,436.7784,6/28/21,p,2021,05/21/2021 04:10 CDT,97104,20.54,85.6,1.46,8.365,0.47,102140.62
TWB14,Uvalde_2020_02,29.60214,-99.73007,436.7784,6/28/21,p,2021,05/21/2021 04:15 CDT,97109,20.39,85.6,1.46,8.365,0.2,102148.52
TWB14,Uvalde_2020_02,29.60214,-99.73007,436.7784,6/28/21,p,2021,05/21/2021 04:20 CDT,97109,20.26,85.8,1.525,8.365,0.03,102150.8
TWB14,Uvalde_2020_02,29.60214,-99.73007,436.7784,6/28/21,p,2021,05/21/2021 04:25 CDT,97114,20.16,86.2,1.965,8.365,0,102158.34
TWB14,Uvalde_2020_02,29.60214,-99.73007,436.7784,6/28/21,p,2021,05/21/2021 04:30 CDT,97118,20.1,86.6,1.715,8.365,0,102163.6
TWB14,Uvalde_2020_02,29.60214,-99.73007,436.7784,6/28/21,p,2021,05/21/2021 04:35 CDT,97112,20.12,86.7,1.945,8.365,0,102157.47
TWB14,Uvalde_2020_02,29.60214,-99.73007,436.7784,6/28/21,p,2021,05/21/2021 04:40 CDT,97110,20.08,86.8,1.43,8.365,0,102155.71
TWB14,Uvalde_2020_02,29.60214,-99.73007,436.7784,6/28/21,p,2021,05/21/2021 04:45 CDT,97110,20.02,86.7,2.01,8.365,0,102157.12
TWB14,Uvalde_2020_02,29.60214,-99.73007,436.7784,6/28/21,p,2021,05/21/2021 04:50 CDT,97112,19.97,86.8,1.54,8.365,0,102160.11
TWB14,Uvalde_2020_02,29.60214,-99.73007,436.7784,6/28/21,p,2021,05/21/2021 04:55 CDT,97115,19.86,87.4,1.19,8.365,0.13,102164.67
TWB14,Uvalde_2020_02,29.60214,-99.73007,436.7784,6/28/21,p,2021,05/21/2021 05:00 CDT,97113,19.84,87.5,2.15,8.365,0,102163.27
TWB14,Uvalde_2020_02,29.60214,-99.73007,436.7784,6/28/21,p,2021,05/21/2021 05:05 CDT,97114,19.81,87.8,1.505,8.365,0,102165.2
TWB14,Uvalde_2020_02,29.60214,-99.73007,436.7784,6/28/21,p,2021,05/21/2021 05:10 CDT,97116,19.74,87.8,0.78,8.365,0.01,102168.36
TWB14,Uvalde_2020_02,29.60214,-99.73007,436.7784,6/28/21,p,2021,05/21/2021 05:15 CDT,97124,19.65,88.4,0.58,8.365,0.14,102178.01
TWB14,Uvalde_2020_02,29.60214,-99.73007,436.7784,6/28/21,p,2021,05/21/2021 05:20 CDT,97130,19.65,88.4,1.29,8.365,0,102185.38
TWB14,Uvalde_2020_02,29.60214,-99.73007,436.7784,6/28/21,p,2021,05/21/2021 05:25 CDT,97131,19.72,88.2,0.855,8.365,0,102185.55
TWB14,Uvalde_2020_02,29.60214,-99.73007,436.7784,6/28/21,p,2021,05/21/2021 05:30 CDT,97136,19.65,88.7,0.565,8.365,0,102191.34
TWB14,Uvalde_2020_02,29.60214,-99.73007,436.7784,6/28/21,p,2021,05/21/2021 05:35 CDT,97131,19.61,88.6,0.795,8.365,0,102186.61
TWB14,Uvalde_2020_02,29.60214,-99.73007,436.7784,6/28/21,p,2021,05/21/2021 05:40 CDT,97129,19.6,88.6,0.895,8.365,0,102184.68
TWB14,Uvalde_2020_02,29.60214,-99.73007,436.7784,6/28/21,p,2021,05/21/2021 05:45 CDT,97132,19.54,88.9,0.495,8.365,0.08,102189.25
TWB14,Uvalde_2020_02,29.60214,-99.73007,436.7784,6/28/21,p,2021,05/21/2021 05:50 CDT,97138,19.43,89.2,0.425,8.365,0.23,102197.51
TWB14,Uvalde_2020_02,29.60214,-99.73007,436.7784,6/28/21,p,2021,05/21/2021 05:55 CDT,97137,19.27,89.3,0.11,8.365,1.3,102198.93
TWB14,Uvalde_2020_02,29.60214,-99.73007,436.7784,6/28/21,p,2021,05/21/2021 06:00 CDT,97135,19.11,89.8,0.055,8.365,1.12,102199.66
TWB14,Uvalde_2020_02,29.60214,-99.73007,436.7784,6/28/21,p,2021,05/21/2021 06:05 CDT,97133,18.99,91.2,0.635,8.365,0.49,102201.27
TWB14,Uvalde_2020_02,29.60214,-99.73007,436.7784,6/28/21,p,2021,05/21/2021 06:10 CDT,97130,19.01,91.2,0.865,8.365,0,102199.54
TWB14,Uvalde_2020_02,29.60214,-99.73007,436.7784,6/28/21,p,2021,05/21/2021 06:15 CDT,97125,19.03,91.4,0.835,8.365,0,102193.92
TWB14,Uvalde_2020_02,29.60214,-99.73007,436.7784,6/28/21,p,2021,05/21/2021 06:20 CDT,97125,19.05,90.9,1.02,8.365,0,102193.57
TWB14,Uvalde_2020_02,29.60214,-99.73007,436.7784,6/28/21,p,2021,05/21/2021 06:25 CDT,97131,19.01,90.2,0.995,8.365,0.02,102199.53
TWB14,Uvalde_2020_02,29.60214,-99.73007,436.7784,6/28/21,p,2021,05/21/2021 06:30 CDT,97138,18.9,90.3,0.47,8.365,0.31,102208.32
TWB14,Uvalde_2020_02,29.60214,-99.73007,436.7784,6/28/21,p,2021,05/21/2021 06:35 CDT,97147,18.77,90.3,0.13,8.365,1.02,102220.63
TWB14,Uvalde_2020_02,29.60214,-99.73007,436.7784,6/28/21,p,2021,05/21/2021 06:40 CDT,97153,18.58,90.5,0.015,8.365,2.3,102230.5
TWB14,Uvalde_2020_02,29.60214,-99.73007,436.7784,6/28/21,p,2021,05/21/2021 06:45 CDT,97158,18.36,90.9,0.155,8.365,2.72,102239.86
TWB14,Uvalde_2020_02,29.60214,-99.73007,436.7784,6/28/21,p,2021,05/21/2021 06:50 CDT,97168,18.27,92,0.41,8.365,2.29,102253.59
TWB14,Uvalde_2020_02,29.60214,-99.73007,436.7784,6/28/21,p,2021,05/21/2021 06:55 CDT,97169,18.22,92.9,0.075,8.365,3.51,102256.25
TWB14,Uvalde_2020_02,29.60214,-99.73007,436.7784,6/28/21,p,2021,05/21/2021 07:00 CDT,97178,18.2,93.6,0.265,8.365,3.58,102265.72
TWB14,Uvalde_2020_02,29.60214,-99.73007,436.7784,6/28/21,p,2021,05/21/2021 07:05 CDT,97181,18.25,94.1,0.225,8.365,6.5,102267.8
TWB14,Uvalde_2020_02,29.60214,-99.73007,436.7784,6/28/21,p,2021,05/21/2021 07:10 CDT,97181,18.51,94.8,0.855,8.365,6.79,102264.58
TWB14,Uvalde_2020_02,29.60214,-99.73007,436.7784,6/28/21,p,2021,05/21/2021 07:15 CDT,97188,18.88,94.2,1.025,8.365,9.83,102264.64
TWB14,Uvalde_2020_02,29.60214,-99.73007,436.7784,6/28/21,p,2021,05/21/2021 07:20 CDT,97202,19.19,92.3,1.82,8.365,12.18,102272.62
TWB14,Uvalde_2020_02,29.60214,-99.73007,436.7784,6/28/21,p,2021,05/21/2021 07:25 CDT,97205,19.37,91.6,1.74,8.365,14.08,102270.64
TWB14,Uvalde_2020_02,29.60214,-99.73007,436.7784,6/28/21,p,2021,05/21/2021 07:30 CDT,97208,19.46,91.1,1.755,8.365,21.9,102271.32
TWB14,Uvalde_2020_02,29.60214,-99.73007,436.7784,6/28/21,p,2021,05/21/2021 07:35 CDT,97218,19.56,91,1.96,8.365,26.58,102279.19
TWB14,Uvalde_2020_02,29.60214,-99.73007,436.7784,6/28/21,p,2021,05/21/2021 07:40 CDT,97226,19.64,90.9,1.83,8.365,27.25,102285.83
TWB14,Uvalde_2020_02,29.60214,-99.73007,436.7784,6/28/21,p,2021,05/21/2021 07:45 CDT,97233,19.69,90.5,1.665,8.365,30.6,102291.96
TWB14,Uvalde_2020_02,29.60214,-99.73007,436.7784,6/28/21,p,2021,05/21/2021 07:50 CDT,97235,19.77,90.3,1.725,8.365,44.09,102292.48
TWB14,Uvalde_2020_02,29.60214,-99.73007,436.7784,6/28/21,p,2021,05/21/2021 07:55 CDT,97236,19.83,89.7,1.97,8.365,45.83,102292.12
TWB14,Uvalde_2020_02,29.60214,-99.73007,436.7784,6/28/21,p,2021,05/21/2021 08:00 CDT,97245,19.86,89,1.98,8.365,46.58,102301.07
TWB14,Uvalde_2020_02,29.60214,-99.73007,436.7784,6/28/21,p,2021,05/21/2021 08:05 CDT,97253,19.91,88.6,1.755,8.365,43.7,102308.78
TWB14,Uvalde_2020_02,29.60214,-99.73007,436.7784,6/28/21,p,2021,05/21/2021 08:10 CDT,97257,19.95,88.3,2.25,8.365,43.46,102311.93
TWB14,Uvalde_2020_02,29.60214,-99.73007,436.7784,6/28/21,p,2021,05/21/2021 08:15 CDT,97266,19.94,88.8,1.805,8.365,55.06,102321.57
TWB14,Uvalde_2020_02,29.60214,-99.73007,436.7784,6/28/21,p,2021,05/21/2021 08:20 CDT,97272,20.01,87.9,1.62,8.365,63.83,102326.48
TWB14,Uvalde_2020_02,29.60214,-99.73007,436.7784,6/28/21,p,2021,05/21/2021 08:25 CDT,97277,20.08,87.7,1.915,8.365,70.04,102330.5
TWB14,Uvalde_2020_02,29.60214,-99.73007,436.7784,6/28/21,p,2021,05/21/2021 08:30 CDT,97278,20.14,87.3,1.96,8.365,75.12,102330.32
TWB14,Uvalde_2020_02,29.60214,-99.73007,436.7784,6/28/21,p,2021,05/21/2021 08:35 CDT,97278,20.25,86.9,1.025,8.365,87.88,102328.57
TWB14,Uvalde_2020_02,29.60214,-99.73007,436.7784,6/28/21,p,2021,05/21/2021 08:40 CDT,97289,20.32,87.1,1.915,8.365,102.61,102338.55
TWB14,Uvalde_2020_02,29.60214,-99.73007,436.7784,6/28/21,p,2021,05/21/2021 08:45 CDT,97300,20.39,87.1,1.315,8.365,117.34,102348.89
TWB14,Uvalde_2020_02,29.60214,-99.73007,436.7784,6/28/21,p,2021,05/21/2021 08:50 CDT,97304,20.51,85.9,1.545,8.365,139.67,102350.29
TWB14,Uvalde_2020_02,29.60214,-99.73007,436.7784,6/28/21,p,2021,05/21/2021 08:55 CDT,97304,20.71,84.5,1.61,8.365,300.1,102348.37
TWB14,Uvalde_2020_02,29.60214,-99.73007,436.7784,6/28/21,p,2021,05/21/2021 09:00 CDT,97304,21.3,81.3,2.005,8.365,288.4,102338.75
TWB14,Uvalde_2020_02,29.60214,-99.73007,436.7784,6/28/21,p,2021,05/21/2021 09:05 CDT,97306,21.31,82.7,1.685,8.365,145.55,102336.65
TWB14,Uvalde_2020_02,29.60214,-99.73007,436.7784,6/28/21,p,2021,05/21/2021 09:10 CDT,97306,21.11,83,1.795,8.365,215.49,102338.57
TWB14,Uvalde_2020_02,29.60214,-99.73007,436.7784,6/28/21,p,2021,05/21/2021 09:15 CDT,97313,21.41,80.6,1.91,8.365,315.51,102344.38
TWB14,Uvalde_2020_02,29.60214,-99.73007,436.7784,6/28/21,p,2021,05/21/2021 09:20 CDT,97316,21.54,79.51,1.98,8.365,225.73,102343
TWB14,Uvalde_2020_02,29.60214,-99.73007,436.7784,6/28/21,p,2021,05/21/2021 09:25 CDT,97320,21.48,79.81,1.88,8.365,210.03,102348.08
TWB14,Uvalde_2020_02,29.60214,-99.73007,436.7784,6/28/21,p,2021,05/21/2021 09:30 CDT,97319,21.69,78.06,1.69,8.365,248.69,102344.77
TWB14,Uvalde_2020_02,29.60214,-99.73007,436.7784,6/28/21,p,2021,05/21/2021 09:35 CDT,97320,21.68,78.26,1.605,8.365,160.57,102343.91
TWB14,Uvalde_2020_02,29.60214,-99.73007,436.7784,6/28/21,p,2021,05/21/2021 09:40 CDT,97327,21.62,78.59,1.835,8.365,159.49,102352.31
TWB14,Uvalde_2020_02,29.60214,-99.73007,436.7784,6/28/21,p,2021,05/21/2021 09:45 CDT,97334,21.65,79.1,1.96,8.365,302.65,102360.19
TWB14,Uvalde_2020_02,29.60214,-99.73007,436.7784,6/28/21,p,2021,05/21/2021 09:50 CDT,97336,22.25,77.51,1.895,8.365,430.25,102353.09
TWB14,Uvalde_2020_02,29.60214,-99.73007,436.7784,6/28/21,p,2021,05/21/2021 09:55 CDT,97336,22.55,75.49,1.575,8.365,323.38,102345.65
TWB14,Uvalde_2020_02,29.60214,-99.73007,436.7784,6/28/21,p,2021,05/21/2021 10:00 CDT,97345,22.55,72.83,2.105,8.365,490.52,102355.82
TWB14,Uvalde_2020_02,29.60214,-99.73007,436.7784,6/28/21,p,2021,05/21/2021 10:05 CDT,97348,22.85,73.47,1.97,8.365,415.62,102352.57
TWB14,Uvalde_2020_02,29.60214,-99.73007,436.7784,6/28/21,p,2021,05/21/2021 10:10 CDT,97357,22.89,73.46,1.795,8.365,377.19,102361.35
TWB14,Uvalde_2020_02,29.60214,-99.73007,436.7784,6/28/21,p,2021,05/21/2021 10:15 CDT,97352,22.79,71.4,2.695,8.365,465.26,102357.49
TWB14,Uvalde_2020_02,29.60214,-99.73007,436.7784,6/28/21,p,2021,05/21/2021 10:20 CDT,97353,23.15,71.46,2.075,8.365,252.82,102352.67
TWB14,Uvalde_2020_02,29.60214,-99.73007,436.7784,6/28/21,p,2021,05/21/2021 10:25 CDT,97360,22.92,71.49,2.975,8.365,228,102363.31
TWB14,Uvalde_2020_02,29.60214,-99.73007,436.7784,6/28/21,p,2021,05/21/2021 10:30 CDT,97361,23.17,71.36,2.785,8.365,517.35,102363.5
TWB14,Uvalde_2020_02,29.60214,-99.73007,436.7784,6/28/21,p,2021,05/21/2021 10:35 CDT,97361,23.67,70.48,2.445,8.365,466.65,102354.2
TWB14,Uvalde_2020_02,29.60214,-99.73007,436.7784,6/28/21,p,2021,05/21/2021 10:40 CDT,97361,23.24,72.43,2.5,8.365,276.52,102357.28
TWB14,Uvalde_2020_02,29.60214,-99.73007,436.7784,6/28/21,p,2021,05/21/2021 10:45 CDT,97364,23.12,71.99,2.61,8.365,293.76,102363.71
TWB14,Uvalde_2020_02,29.60214,-99.73007,436.7784,6/28/21,p,2021,05/21/2021 10:50 CDT,97376,23.11,73.43,2.46,8.365,299.41,102377.53
TWB14,Uvalde_2020_02,29.60214,-99.73007,436.7784,6/28/21,p,2021,05/21/2021 10:55 CDT,97381,23.1,73.03,2.11,8.365,221.98,102382.79
TWB14,Uvalde_2020_02,29.60214,-99.73007,436.7784,6/28/21,p,2021,05/21/2021 11:00 CDT,97386,22.97,72.96,3.015,8.365,275.77,102390.11
TWB14,Uvalde_2020_02,29.60214,-99.73007,436.7784,6/28/21,p,2021,05/21/2021 11:05 CDT,97391,23.02,73.74,1.9,8.365,239.99,102395.54
TWB14,Uvalde_2020_02,29.60214,-99.73007,436.7784,6/28/21,p,2021,05/21/2021 11:10 CDT,97398,22.9,74.65,3.035,8.365,175.85,102403.58
TWB14,Uvalde_2020_02,29.60214,-99.73007,436.7784,6/28/21,p,2021,05/21/2021 11:15 CDT,97407,22.65,76.33,2.88,8.365,189.58,102418.05
TWB14,Uvalde_2020_02,29.60214,-99.73007,436.7784,6/28/21,p,2021,05/21/2021 11:20 CDT,97408,22.49,78.49,2.71,8.365,266.94,102421.68
TWB14,Uvalde_2020_02,29.60214,-99.73007,436.7784,6/28/21,p,2021,05/21/2021 11:25 CDT,97414,22.68,75.19,2.65,8.365,268.74,102427.32
TWB14,Uvalde_2020_02,29.60214,-99.73007,436.7784,6/28/21,p,2021,05/21/2021 11:30 CDT,97412,22.84,74.68,2.695,8.365,303.71,102421.41
TWB14,Uvalde_2020_02,29.60214,-99.73007,436.7784,6/28/21,p,2021,05/21/2021 11:35 CDT,97410,22.92,73.16,2.79,8.365,249.22,102416.56
TWB14,Uvalde_2020_02,29.60214,-99.73007,436.7784,6/28/21,p,2021,05/21/2021 11:40 CDT,97411,22.86,73.23,2.425,8.365,186.76,102418.99
TWB14,Uvalde_2020_02,29.60214,-99.73007,436.7784,6/28/21,p,2021,05/21/2021 11:45 CDT,97421,22.84,74.08,2.45,8.365,190.43,102429.84
TWB14,Uvalde_2020_02,29.60214,-99.73007,436.7784,6/28/21,p,2021,05/21/2021 11:50 CDT,97432,22.82,74.65,1.94,8.365,214.31,102442.44
TWB14,Uvalde_2020_02,29.60214,-99.73007,436.7784,6/28/21,p,2021,05/21/2021 11:55 CDT,97434,22.94,74.11,1.89,8.365,263.12,102442.13
TWB14,Uvalde_2020_02,29.60214,-99.73007,436.7784,6/28/21,p,2021,05/21/2021 12:00 CDT,97434,22.92,75.22,1.73,8.365,182.48,102441.95
TWB14,Uvalde_2020_02,29.60214,-99.73007,436.7784,6/28/21,p,2021,05/21/2021 12:05 CDT,97434,22.9,74.82,2.11,8.365,160.52,102441.95
TWB14,Uvalde_2020_02,29.60214,-99.73007,436.7784,6/28/21,p,2021,05/21/2021 12:10 CDT,97430,22.84,75.69,2.135,8.365,226.38,102438.77
TWB14,Uvalde_2020_02,29.60214,-99.73007,436.7784,6/28/21,p,2021,05/21/2021 12:15 CDT,97427,22.91,73.7,2.475,8.365,336.15,102435.46
TWB14,Uvalde_2020_02,29.60214,-99.73007,436.7784,6/28/21,p,2021,05/21/2021 12:20 CDT,97418,23.29,73.3,2.12,8.365,395.39,102420.48
TWB14,Uvalde_2020_02,29.60214,-99.73007,436.7784,6/28/21,p,2021,05/21/2021 12:25 CDT,97410,23.59,71.41,1.7,8.365,250.06,102406.91
TWB14,Uvalde_2020_02,29.60214,-99.73007,436.7784,6/28/21,p,2021,05/21/2021 12:30 CDT,97411,23.56,71.01,2.35,8.365,218.62,102407.11
TWB14,Uvalde_2020_02,29.60214,-99.73007,436.7784,6/28/21,p,2021,05/21/2021 12:35 CDT,97413,23.43,70.13,2.57,8.365,234.68,102410.59
TWB14,Uvalde_2020_02,29.60214,-99.73007,436.7784,6/28/21,p,2021,05/21/2021 12:40 CDT,97410,23.38,71.55,2.785,8.365,234.74,102408.46
TWB14,Uvalde_2020_02,29.60214,-99.73007,436.7784,6/28/21,p,2021,05/21/2021 12:45 CDT,97409,23.4,70.33,2.095,8.365,379.07,102408.8
TWB14,Uvalde_2020_02,29.60214,-99.73007,436.7784,6/28/21,p,2021,05/21/2021 12:50 CDT,97408,23.87,67.06,2.485,8.365,415.94,102399.86
TWB14,Uvalde_2020_02,29.60214,-99.73007,436.7784,6/28/21,p,2021,05/21/2021 12:55 CDT,97408,23.89,68.04,2.99,8.365,325.33,102397.62
TWB14,Uvalde_2020_02,29.60214,-99.73007,436.7784,6/28/21,p,2021,05/21/2021 13:00 CDT,97400,23.89,68.17,2.96,8.365,317.1,102389.55
TWB14,Uvalde_2020_02,29.60214,-99.73007,436.7784,6/28/21,p,2021,05/21/2021 13:05 CDT,97392,24.03,67.6,2.375,8.365,341.05,102379.77
TWB14,Uvalde_2020_02,29.60214,-99.73007,436.7784,6/28/21,p,2021,05/21/2021 13:10 CDT,97389,24.1,68.34,2.86,8.365,368.02,102375.41
TWB14,Uvalde_2020_02,29.60214,-99.73007,436.7784,6/28/21,p,2021,05/21/2021 13:15 CDT,97380,24.15,67.29,1.93,8.365,419.05,102366.48
TWB14,Uvalde_2020_02,29.60214,-99.73007,436.7784,6/28/21,p,2021,05/21/2021 13:20 CDT,97379,24.33,66.68,2.23,8.365,368.01,102359.95
TWB14,Uvalde_2020_02,29.60214,-99.73007,436.7784,6/28/21,p,2021,05/21/2021 13:25 CDT,97375,24.51,66.58,2.535,8.365,641.76,102352.84
TWB14,Uvalde_2020_02,29.60214,-99.73007,436.7784,6/28/21,p,2021,05/21/2021 13:30 CDT,97366,24.77,63.85,2.88,8.365,552.64,102336.41
TWB14,Uvalde_2020_02,29.60214,-99.73007,436.7784,6/28/21,p,2021,05/21/2021 13:35 CDT,97351,24.95,64.26,1.795,8.365,703.09,102319.11
TWB14,Uvalde_2020_02,29.60214,-99.73007,436.7784,6/28/21,p,2021,05/21/2021 13:40 CDT,97347,25.38,63.01,2.56,8.365,825.02,102307.44
TWB14,Uvalde_2020_02,29.60214,-99.73007,436.7784,6/28/21,p,2021,05/21/2021 13:45 CDT,97348,25.48,62.98,2.57,8.365,553.54,102306.28
TWB14,Uvalde_2020_02,29.60214,-99.73007,436.7784,6/28/21,p,2021,05/21/2021 13:50 CDT,97347,25.36,64.59,2.415,8.365,632.34,102304.71
TWB14,Uvalde_2020_02,29.60214,-99.73007,436.7784,6/28/21,p,2021,05/21/2021 13:55 CDT,97334,25.43,60.21,2.33,8.365,557.61,102292.1
TWB14,Uvalde_2020_02,29.60214,-99.73007,436.7784,6/28/21,p,2021,05/21/2021 14:00 CDT,97324,25.31,60.92,2.84,8.365,686.57,102282.6
TWB14,Uvalde_2020_02,29.60214,-99.73007,436.7784,6/28/21,p,2021,05/21/2021 14:05 CDT,97316,25.54,61.96,2.155,8.365,797.63,102272.83
TWB14,Uvalde_2020_02,29.60214,-99.73007,436.7784,6/28/21,p,2021,05/21/2021 14:10 CDT,97314,25.74,63.2,2.18,8.365,455.54,102265.97
TWB14,Uvalde_2020_02,29.60214,-99.73007,436.7784,6/28/21,p,2021,05/21/2021 14:15 CDT,97312,25.95,62.13,1.935,8.365,516.19,102262.7
TWB14,Uvalde_2020_02,29.60214,-99.73007,436.7784,6/28/21,p,2021,05/21/2021 14:20 CDT,97314,26.28,61.21,2.645,8.365,371.38,102257.55
TWB14,Uvalde_2020_02,29.60214,-99.73007,436.7784,6/28/21,p,2021,05/21/2021 14:25 CDT,97303,25.88,59.76,2.53,8.365,601.32,102251.91
TWB14,Uvalde_2020_02,29.60214,-99.73007,436.7784,6/28/21,p,2021,05/21/2021 14:30 CDT,97296,25.93,59.05,3.185,8.365,399.76,102244.22
TWB14,Uvalde_2020_02,29.60214,-99.73007,436.7784,6/28/21,p,2021,05/21/2021 14:35 CDT,97295,25.77,60.03,2.525,8.365,562.85,102245.87
TWB14,Uvalde_2020_02,29.60214,-99.73007,436.7784,6/28/21,p,2021,05/21/2021 14:40 CDT,97293,26.47,60.8,2.3,8.365,709.55,102234.3
TWB14,Uvalde_2020_02,29.60214,-99.73007,436.7784,6/28/21,p,2021,05/21/2021 14:45 CDT,97288,26.97,57.67,2.525,8.365,655,102221.34
TWB14,Uvalde_2020_02,29.60214,-99.73007,436.7784,6/28/21,p,2021,05/21/2021 14:50 CDT,97283,26.73,58.21,3.05,8.365,538.03,102215.75
TWB14,Uvalde_2020_02,29.60214,-99.73007,436.7784,6/28/21,p,2021,05/21/2021 14:55 CDT,97287,26.56,57.43,3.045,8.365,538.48,102222.98
TWB14,Uvalde_2020_02,29.60214,-99.73007,436.7784,6/28/21,p,2021,05/21/2021 15:00 CDT,97284,26.49,58.34,2.675,8.365,564.93,102222.51
TWB14,Uvalde_2020_02,29.60214,-99.73007,436.7784,6/28/21,p,2021,05/21/2021 15:05 CDT,97278,27.19,57.06,2.075,8.365,712.61,102206.65
TWB14,Uvalde_2020_02,29.60214,-99.73007,436.7784,6/28/21,p,2021,05/21/2021 15:10 CDT,97279,27.31,55.48,3.13,8.365,624.81,102203.02
TWB14,Uvalde_2020_02,29.60214,-99.73007,436.7784,6/28/21,p,2021,05/21/2021 15:15 CDT,97279,27.12,55.48,3.225,8.365,668.72,102205.03
TWB14,Uvalde_2020_02,29.60214,-99.73007,436.7784,6/28/21,p,2021,05/21/2021 15:20 CDT,97278,27.38,54.74,3.045,8.365,693.16,102199.14
TWB14,Uvalde_2020_02,29.60214,-99.73007,436.7784,6/28/21,p,2021,05/21/2021 15:25 CDT,97268,27.28,56.82,2.39,8.365,691.84,102189.28
TWB14,Uvalde_2020_02,29.60214,-99.73007,436.7784,6/28/21,p,2021,05/21/2021 15:30 CDT,97253,27.67,53.92,2.95,8.365,635.05,102168.71
TWB14,Uvalde_2020_02,29.60214,-99.73007,436.7784,6/28/21,p,2021,05/21/2021 15:35 CDT,97248,27.62,55.61,3.095,8.365,660.56,102163.44
TWB14,Uvalde_2020_02,29.60214,-99.73007,436.7784,6/28/21,p,2021,05/21/2021 15:40 CDT,97249,27.6,55.34,3.515,8.365,587.94,102165.66
TWB14,Uvalde_2020_02,29.60214,-99.73007,436.7784,6/28/21,p,2021,05/21/2021 15:45 CDT,97248,26.85,55.03,3.65,8.365,325.19,102175.82
TWB14,Uvalde_2020_02,29.60214,-99.73007,436.7784,6/28/21,p,2021,05/21/2021 15:50 CDT,97244,26.83,54.9,2.64,8.365,386.7,102176.31
TWB14,Uvalde_2020_02,29.60214,-99.73007,436.7784,6/28/21,p,2021,05/21/2021 15:55 CDT,97246,27.26,53.38,2.58,8.365,623.09,102170.55
TWB14,Uvalde_2020_02,29.60214,-99.73007,436.7784,6/28/21,p,2021,05/21/2021 16:00 CDT,97237,27.51,51.36,3.19,8.365,657.04,102153.76
TWB14,Uvalde_2020_02,29.60214,-99.73007,436.7784,6/28/21,p,2021,05/21/2021 16:05 CDT,97227,27.65,51.94,2.42,8.365,644.93,102141.91
TWB14,Uvalde_2020_02,29.60214,-99.73007,436.7784,6/28/21,p,2021,05/21/2021 16:10 CDT,97225,28.11,51.94,2.585,8.365,461.29,102132.81
TWB14,Uvalde_2020_02,29.60214,-99.73007,436.7784,6/28/21,p,2021,05/21/2021 16:15 CDT,97226,27.52,51.97,2.675,8.365,388.31,102142.86
TWB14,Uvalde_2020_02,29.60214,-99.73007,436.7784,6/28/21,p,2021,05/21/2021 16:20 CDT,97222,27.9,52.98,2.19,8.365,460.67,102136.15
TWB14,Uvalde_2020_02,29.60214,-99.73007,436.7784,6/28/21,p,2021,05/21/2021 16:25 CDT,97222,27.83,53.92,3.17,8.365,420.37,102135.14
TWB14,Uvalde_2020_02,29.60214,-99.73007,436.7784,6/28/21,p,2021,05/21/2021 16:30 CDT,97220,27.8,53.11,2.32,8.365,586.91,102133.04
TWB14,Uvalde_2020_02,29.60214,-99.73007,436.7784,6/28/21,p,2021,05/21/2021 16:35 CDT,97215,28.07,52.74,2.49,8.365,566.95,102123.63
TWB14,Uvalde_2020_02,29.60214,-99.73007,436.7784,6/28/21,p,2021,05/21/2021 16:40 CDT,97220,27.87,53.79,3.09,8.365,257.36,102129.87
TWB14,Uvalde_2020_02,29.60214,-99.73007,436.7784,6/28/21,p,2021,05/21/2021 16:45 CDT,97214,27.69,51.84,3.32,8.365,576.38,102129.42
TWB14,Uvalde_2020_02,29.60214,-99.73007,436.7784,6/28/21,p,2021,05/21/2021 16:50 CDT,97205,28.15,53.18,2.635,8.365,413.53,102111.79
TWB14,Uvalde_2020_02,29.60214,-99.73007,436.7784,6/28/21,p,2021,05/21/2021 16:55 CDT,97213,27.73,52.64,3.16,8.365,245.78,102125.2
TWB14,Uvalde_2020_02,29.60214,-99.73007,436.7784,6/28/21,p,2021,05/21/2021 17:00 CDT,97206,27.59,53.72,2.64,8.365,489.91,102123.67
TWB14,Uvalde_2020_02,29.60214,-99.73007,436.7784,6/28/21,p,2021,05/21/2021 17:05 CDT,97199,28.03,52.91,2.885,8.365,459.68,102109.15
TWB14,Uvalde_2020_02,29.60214,-99.73007,436.7784,6/28/21,p,2021,05/21/2021 17:10 CDT,97196,27.75,55.51,2.72,8.365,445.97,102107.97
TWB14,Uvalde_2020_02,29.60214,-99.73007,436.7784,6/28/21,p,2021,05/21/2021 17:15 CDT,97195,27.87,52.21,2.87,8.365,467.07,102106.96
TWB14,Uvalde_2020_02,29.60214,-99.73007,436.7784,6/28/21,p,2021,05/21/2021 17:20 CDT,97198,27.99,53.28,3.19,8.365,469.93,102106.27
TWB14,Uvalde_2020_02,29.60214,-99.73007,436.7784,6/28/21,p,2021,05/21/2021 17:25 CDT,97198,28.13,51.57,3.41,8.365,454.31,102105.45
TWB14,Uvalde_2020_02,29.60214,-99.73007,436.7784,6/28/21,p,2021,05/21/2021 17:30 CDT,97197,28.17,52.74,2.715,8.365,438.86,102103.56
TWB14,Uvalde_2020_02,29.60214,-99.73007,436.7784,6/28/21,p,2021,05/21/2021 17:35 CDT,97194,28.22,52.61,3.23,8.365,429.91,102098.58
TWB14,Uvalde_2020_02,29.60214,-99.73007,436.7784,6/28/21,p,2021,05/21/2021 17:40 CDT,97194,28.12,53.45,2.705,8.365,437.98,102100.73
TWB14,Uvalde_2020_02,29.60214,-99.73007,436.7784,6/28/21,p,2021,05/21/2021 17:45 CDT,97196,28.33,49.65,3.81,8.365,421.59,102099.55
TWB14,Uvalde_2020_02,29.60214,-99.73007,436.7784,6/28/21,p,2021,05/21/2021 17:50 CDT,97195,28.22,51.7,3.275,8.365,383.15,102100.97
TWB14,Uvalde_2020_02,29.60214,-99.73007,436.7784,6/28/21,p,2021,05/21/2021 17:55 CDT,97193,28.11,52.51,2.56,8.365,397.34,102101.19
TWB14,Uvalde_2020_02,29.60214,-99.73007,436.7784,6/28/21,p,2021,05/21/2021 18:00 CDT,97193,28.35,50.45,3.395,8.865,340.24,102097.72
TWB14,Uvalde_2020_02,29.60214,-99.73007,436.7784,6/28/21,p,2021,05/21/2021 18:05 CDT,97186,27.97,52.91,3.22,8.865,320.65,102095.33
TWB14,Uvalde_2020_02,29.60214,-99.73007,436.7784,6/28/21,p,2021,05/21/2021 18:10 CDT,97173,28.08,51.97,3.235,8.865,339.51,102082.02
TWB14,Uvalde_2020_02,29.60214,-99.73007,436.7784,6/28/21,p,2021,05/21/2021 18:15 CDT,97182,28.02,52.27,3.745,8.865,224.04,102091.13
TWB14,Uvalde_2020_02,29.60214,-99.73007,436.7784,6/28/21,p,2021,05/21/2021 18:20 CDT,97184,27.86,52.98,3.145,8.865,297.26,102097.06
TWB14,Uvalde_2020_02,29.60214,-99.73007,436.7784,6/28/21,p,2021,05/21/2021 18:25 CDT,97182,28.15,51.94,2.82,8.865,295.19,102091.8
TWB14,Uvalde_2020_02,29.60214,-99.73007,436.7784,6/28/21,p,2021,05/21/2021 18:30 CDT,97179,28.17,51.3,2.915,8.865,234.76,102086.49
TWB14,Uvalde_2020_02,29.60214,-99.73007,436.7784,6/28/21,p,2021,05/21/2021 18:35 CDT,97175,28.12,52.1,2.88,8.865,223.45,102083.62
TWB14,Uvalde_2020_02,29.60214,-99.73007,436.7784,6/28/21,p,2021,05/21/2021 18:40 CDT,97183,27.73,56.11,3.165,8.865,153.78,102096.15
TWB14,Uvalde_2020_02,29.60214,-99.73007,436.7784,6/28/21,p,2021,05/21/2021 18:45 CDT,97184,27.54,55.61,3.38,8.865,239.34,102102.04
TWB14,Uvalde_2020_02,29.60214,-99.73007,436.7784,6/28/21,p,2021,05/21/2021 18:50 CDT,97189,27.63,55.4,3.545,8.865,225.02,102106.63
TWB14,Uvalde_2020_02,29.60214,-99.73007,436.7784,6/28/21,p,2021,05/21/2021 18:55 CDT,97189,27.59,56.25,2.68,8.865,202.99,102107.62
TWB14,Uvalde_2020_02,29.60214,-99.73007,436.7784,6/28/21,p,2021,05/21/2021 19:00 CDT,97183,27.59,55.54,2.645,8.865,172.84,102101.49
TWB14,Uvalde_2020_02,29.60214,-99.73007,436.7784,6/28/21,p,2021,05/21/2021 19:05 CDT,97183,27.36,54.73,3.605,8.865,160.07,102104.01
TWB14,Uvalde_2020_02,29.60214,-99.73007,436.7784,6/28/21,p,2021,05/21/2021 19:10 CDT,97184,27.22,53.79,3.655,8.865,159.53,102108.42
TWB14,Uvalde_2020_02,29.60214,-99.73007,436.7784,6/28/21,p,2021,05/21/2021 19:15 CDT,97184,27.16,53.72,2.725,8.865,145.4,102110.09
TWB14,Uvalde_2020_02,29.60214,-99.73007,436.7784,6/28/21,p,2021,05/21/2021 19:20 CDT,97190,27.07,53.56,3.535,8.865,135.32,102118.24
TWB14,Uvalde_2020_02,29.60214,-99.73007,436.7784,6/28/21,p,2021,05/21/2021 19:25 CDT,97194,26.94,53.12,3.46,8.865,123.63,102124.3
TWB14,Uvalde_2020_02,29.60214,-99.73007,436.7784,6/28/21,p,2021,05/21/2021 19:30 CDT,97198,26.91,53.73,3.32,8.865,110.1,102129.84
TWB14,Uvalde_2020_02,29.60214,-99.73007,436.7784,6/28/21,p,2021,05/21/2021 19:35 CDT,97200,26.84,54.57,2.925,8.465,97.74,102133.28
TWB14,Uvalde_2020_02,29.60214,-99.73007,436.7784,6/28/21,p,2021,05/21/2021 19:40 CDT,97201,26.77,55.58,2.465,8.465,84.88,102135.66
TWB14,Uvalde_2020_02,29.60214,-99.73007,436.7784,6/28/21,p,2021,05/21/2021 19:45 CDT,97203,26.72,55.95,2.62,8.465,72.91,102138.77
TWB14,Uvalde_2020_02,29.60214,-99.73007,436.7784,6/28/21,p,2021,05/21/2021 19:50 CDT,97205,26.57,56.29,2.965,8.465,63.58,102143.39
TWB14,Uvalde_2020_02,29.60214,-99.73007,436.7784,6/28/21,p,2021,05/21/2021 19:55 CDT,97213,26.49,56.96,2.94,8.465,51.93,102153.31
TWB14,Uvalde_2020_02,29.60214,-99.73007,436.7784,6/28/21,p,2021,05/21/2021 20:00 CDT,97215,26.4,57.41,2.495,8.465,41.44,102157.09
TWB14,Uvalde_2020_02,29.60214,-99.73007,436.7784,6/28/21,p,2021,05/21/2021 20:05 CDT,97212,26.3,58.32,2.34,8.465,31.3,102155.79
TWB14,Uvalde_2020_02,29.60214,-99.73007,436.7784,6/28/21,p,2021,05/21/2021 20:10 CDT,97220,26.21,59.06,2.525,8.465,17.86,102165.54
TWB14,Uvalde_2020_02,29.60214,-99.73007,436.7784,6/28/21,p,2021,05/21/2021 20:15 CDT,97225,26.11,60.21,2.89,8.465,12.35,102172.64
TWB14,Uvalde_2020_02,29.60214,-99.73007,436.7784,6/28/21,p,2021,05/21/2021 20:20 CDT,97236,26,60.89,2.915,8.465,7.89,102186.22
TWB14,Uvalde_2020_02,29.60214,-99.73007,436.7784,6/28/21,p,2021,05/21/2021 20:25 CDT,97239,25.89,62.03,2.28,8.465,4.68,102190.89
TWB14,Uvalde_2020_02,29.60214,-99.73007,436.7784,6/28/21,p,2021,05/21/2021 20:30 CDT,97240,25.76,62.84,2.26,8.465,2.33,102194.64
TWB14,Uvalde_2020_02,29.60214,-99.73007,436.7784,6/28/21,p,2021,05/21/2021 20:35 CDT,97240,25.64,63.75,1.935,8.465,1.03,102196.16
TWB14,Uvalde_2020_02,29.60214,-99.73007,436.7784,6/28/21,p,2021,05/21/2021 20:40 CDT,97242,25.45,64.63,2.045,8.465,0.47,102201.65
TWB14,Uvalde_2020_02,29.60214,-99.73007,436.7784,6/28/21,p,2021,05/21/2021 20:45 CDT,97242,25.45,65.27,2.67,8.465,0,102202.16
TWB14,Uvalde_2020_02,29.60214,-99.73007,436.7784,6/28/21,p,2021,05/21/2021 20:50 CDT,97244,25.38,65.88,2.005,8.465,0,102205.44
TWB14,Uvalde_2020_02,29.60214,-99.73007,436.7784,6/28/21,p,2021,05/21/2021 20:55 CDT,97252,25.34,65.62,2.545,8.465,0,102215.55
TWB14,Uvalde_2020_02,29.60214,-99.73007,436.7784,6/28/21,p,2021,05/21/2021 21:00 CDT,97263,25.3,65.95,1.89,8.465,0.01,102226.94
TWB14,Uvalde_2020_02,29.60214,-99.73007,436.7784,6/28/21,p,2021,05/21/2021 21:05 CDT,97271,25.26,65.08,2.56,8.465,0,102236.72
TWB14,Uvalde_2020_02,29.60214,-99.73007,436.7784,6/28/21,p,2021,05/21/2021 21:10 CDT,97274,25.23,64.67,2.375,8.465,0,102240.05
TWB14,Uvalde_2020_02,29.60214,-99.73007,436.7784,6/28/21,p,2021,05/21/2021 21:15 CDT,97276,25.25,64.81,2.175,8.465,0,102242.15
TWB14,Uvalde_2020_02,29.60214,-99.73007,436.7784,6/28/21,p,2021,05/21/2021 21:20 CDT,97282,25.13,64.48,1.985,8.465,0,102249.99
TWB14,Uvalde_2020_02,29.60214,-99.73007,436.7784,6/28/21,p,2021,05/21/2021 21:25 CDT,97285,25.11,64.41,2.15,8.465,0,102254.16
TWB14,Uvalde_2020_02,29.60214,-99.73007,436.7784,6/28/21,p,2021,05/21/2021 21:30 CDT,97282,25.03,64.89,1.565,8.465,0,102251.69
TWB14,Uvalde_2020_02,29.60214,-99.73007,436.7784,6/28/21,p,2021,05/21/2021 21:35 CDT,97279,24.98,64.28,2.715,8.465,0,102250.42
TWB14,Uvalde_2020_02,29.60214,-99.73007,436.7784,6/28/21,p,2021,05/21/2021 21:40 CDT,97279,25,64.65,2.465,8.465,0,102249.56
TWB14,Uvalde_2020_02,29.60214,-99.73007,436.7784,6/28/21,p,2021,05/21/2021 21:45 CDT,97278,24.92,65.16,2.36,8.3,0,102249.53
TWB14,Uvalde_2020_02,29.60214,-99.73007,436.7784,6/28/21,p,2021,05/21/2021 21:50 CDT,97279,24.86,66.17,1.89,8.3,0,102251.42
TWB14,Uvalde_2020_02,29.60214,-99.73007,436.7784,6/28/21,p,2021,05/21/2021 21:55 CDT,97289,24.81,66.41,1.74,8.3,0,102263.13
TWB14,Uvalde_2020_02,29.60214,-99.73007,436.7784,6/28/21,p,2021,05/21/2021 22:00 CDT,97306,24.71,66.98,1.845,8.3,0,102282.53
TWB14,Uvalde_2020_02,29.60214,-99.73007,436.7784,6/28/21,p,2021,05/21/2021 22:05 CDT,97318,24.69,66.98,1.785,8.3,0,102295.83
TWB14,Uvalde_2020_02,29.60214,-99.73007,436.7784,6/28/21,p,2021,05/21/2021 22:10 CDT,97336,24.61,67.43,1.705,8.3,0.04,102315.6
TWB14,Uvalde_2020_02,29.60214,-99.73007,436.7784,6/28/21,p,2021,05/21/2021 22:15 CDT,97347,24.49,67.94,1.7,8.3,0.03,102329.21
TWB14,Uvalde_2020_02,29.60214,-99.73007,436.7784,6/28/21,p,2021,05/21/2021 22:20 CDT,97356,24.43,67.87,1.96,8.3,0,102340.39
TWB14,Uvalde_2020_02,29.60214,-99.73007,436.7784,6/28/21,p,2021,05/21/2021 22:25 CDT,97366,24.34,68.78,1.4,8.3,0.08,102351.75
TWB14,Uvalde_2020_02,29.60214,-99.73007,436.7784,6/28/21,p,2021,05/21/2021 22:30 CDT,97372,24.21,68.51,1.575,8.3,0,102360.97
TWB14,Uvalde_2020_02,29.60214,-99.73007,436.7784,6/28/21,p,2021,05/21/2021 22:35 CDT,97381,24.19,68.82,1.16,8.3,0.04,102371.12
TWB14,Uvalde_2020_02,29.60214,-99.73007,436.7784,6/28/21,p,2021,05/21/2021 22:40 CDT,97394,24.16,69.76,1.125,8.3,0.01,102385.98
TWB14,Uvalde_2020_02,29.60214,-99.73007,436.7784,6/28/21,p,2021,05/21/2021 22:45 CDT,97402,24.02,70.17,1.115,8.3,0.03,102396.79
TWB14,Uvalde_2020_02,29.60214,-99.73007,436.7784,6/28/21,p,2021,05/21/2021 22:50 CDT,97409,23.76,71.31,1.25,8.3,0.08,102407.07
TWB14,Uvalde_2020_02,29.60214,-99.73007,436.7784,6/28/21,p,2021,05/21/2021 22:55 CDT,97413,23.73,71.24,1.89,8.3,0,102414.03
TWB14,Uvalde_2020_02,29.60214,-99.73007,436.7784,6/28/21,p,2021,05/21/2021 23:00 CDT,97417,23.76,71.52,1.615,8.3,0,102417.54
TWB14,Uvalde_2020_02,29.60214,-99.73007,436.7784,6/28/21,p,2021,05/21/2021 23:05 CDT,97426,23.79,71.31,1.85,8.3,0,102425.97
TWB14,Uvalde_2020_02,29.60214,-99.73007,436.7784,6/28/21,p,2021,05/21/2021 23:10 CDT,97425,23.82,71.72,2.215,8.3,0,102424.4
TWB14,Uvalde_2020_02,29.60214,-99.73007,436.7784,6/28/21,p,2021,05/21/2021 23:15 CDT,97426,23.85,71.58,2.09,8.3,0,102424.42
TWB14,Uvalde_2020_02,29.60214,-99.73007,436.7784,6/28/21,p,2021,05/21/2021 23:20 CDT,97426,23.84,71.78,2.46,8.3,0,102424.42
TWB14,Uvalde_2020_02,29.60214,-99.73007,436.7784,6/28/21,p,2021,05/21/2021 23:25 CDT,97427,23.83,72.19,2.11,8.3,0,102424.78
TWB14,Uvalde_2020_02,29.60214,-99.73007,436.7784,6/28/21,p,2021,05/21/2021 23:30 CDT,97430,23.75,72.66,1.595,8.3,0,102428.96
TWB14,Uvalde_2020_02,29.60214,-99.73007,436.7784,6/28/21,p,2021,05/21/2021 23:35 CDT,97438,23.64,73.5,1.38,8.3,0.03,102439.26
TWB14,Uvalde_2020_02,29.60214,-99.73007,436.7784,6/28/21,p,2021,05/21/2021 23:40 CDT,97443,23.63,73.07,2.515,8.3,0,102446.07
TWB14,Uvalde_2020_02,29.60214,-99.73007,436.7784,6/28/21,p,2021,05/21/2021 23:45 CDT,97441,23.65,73.27,2.445,8.3,0,102443.28
TWB14,Uvalde_2020_02,29.60214,-99.73007,436.7784,6/28/21,p,2021,05/21/2021 23:50 CDT,97432,23.62,73.61,2.34,8.3,0,102433.81
TWB14,Uvalde_2020_02,29.60214,-99.73007,436.7784,6/28/21,p,2021,05/21/2021 23:55 CDT,97428,23.53,74.11,2.5,8.3,0,102430.81
TWB14,Uvalde_2020_02,29.60214,-99.73007,436.7784,6/28/21,p,2021,05/22/2021 00:00 CDT,97426,23.48,74.55,2.19,8.3,0,102429.22
TWB14,Uvalde_2020_02,29.60214,-99.73007,436.7784,6/28/21,p,2021,05/22/2021 00:05 CDT,97425,23.49,74.08,3.27,8.635,0,102428.87
TWB14,Uvalde_2020_02,29.60214,-99.73007,436.7784,6/28/21,p,2021,05/22/2021 00:10 CDT,97421,23.47,74.55,2.605,8.465,0,102424.14
TWB14,Uvalde_2020_02,29.60214,-99.73007,436.7784,6/28/21,p,2021,05/22/2021 00:15 CDT,97418,23.45,74.42,2.945,8.465,0,102421.68
TWB14,Uvalde_2020_02,29.60214,-99.73007,436.7784,6/28/21,p,2021,05/22/2021 00:20 CDT,97419,23.39,75.09,2.385,8.465,0,102423.41
TWB14,Uvalde_2020_02,29.60214,-99.73007,436.7784,6/28/21,p,2021,05/22/2021 00:25 CDT,97419,23.34,75.19,2.92,8.465,0,102424.45
TWB14,Uvalde_2020_02,29.60214,-99.73007,436.7784,6/28/21,p,2021,05/22/2021 00:30 CDT,97418,23.33,75.36,2.855,8.465,0,102423.57
TWB14,Uvalde_2020_02,29.60214,-99.73007,436.7784,6/28/21,p,2021,05/22/2021 00:35 CDT,97420,23.29,75.26,2.82,8.465,0,102426.53
TWB14,Uvalde_2020_02,29.60214,-99.73007,436.7784,6/28/21,p,2021,05/22/2021 00:40 CDT,97423,23.23,75.36,2.45,8.465,0,102430.55
TWB14,Uvalde_2020_02,29.60214,-99.73007,436.7784,6/28/21,p,2021,05/22/2021 00:45 CDT,97427,23.18,75.73,2.405,8.465,0,102435.45
TWB14,Uvalde_2020_02,29.60214,-99.73007,436.7784,6/28/21,p,2021,05/22/2021 00:50 CDT,97426,23.14,76.2,2.545,8.465,0,102435.08
TWB14,Uvalde_2020_02,29.60214,-99.73007,436.7784,6/28/21,p,2021,05/22/2021 00:55 CDT,97424,23.08,76.44,2.175,8.465,0,102434.19
TWB14,Uvalde_2020_02,29.60214,-99.73007,436.7784,6/28/21,p,2021,05/22/2021 01:00 CDT,97426,23.01,76.91,2.05,8.465,0,102437.5
TWB14,Uvalde_2020_02,29.60214,-99.73007,436.7784,6/28/21,p,2021,05/22/2021 01:05 CDT,97424,22.97,77.18,3.145,8.465,0,102436.26
TWB14,Uvalde_2020_02,29.60214,-99.73007,436.7784,6/28/21,p,2021,05/22/2021 01:10 CDT,97423,22.94,77.92,2.7,8.465,0,102435.38
TWB14,Uvalde_2020_02,29.60214,-99.73007,436.7784,6/28/21,p,2021,05/22/2021 01:15 CDT,97419,22.9,78.06,2.25,8.465,0.02,102431.52
TWB14,Uvalde_2020_02,29.60214,-99.73007,436.7784,6/28/21,p,2021,05/22/2021 01:20 CDT,97422,22.77,78.73,2.32,8.465,0.04,102437.26
TWB14,Uvalde_2020_02,29.60214,-99.73007,436.7784,6/28/21,p,2021,05/22/2021 01:25 CDT,97419,22.72,78.59,2.57,8.465,0,102435.5
TWB14,Uvalde_2020_02,29.60214,-99.73007,436.7784,6/28/21,p,2021,05/22/2021 01:30 CDT,97417,22.71,78.73,3.075,8.465,0,102433.57
TWB14,Uvalde_2020_02,29.60214,-99.73007,436.7784,6/28/21,p,2021,05/22/2021 01:35 CDT,97415,22.74,78.23,3.47,8.465,0,102431.12
TWB14,Uvalde_2020_02,29.60214,-99.73007,436.7784,6/28/21,p,2021,05/22/2021 01:40 CDT,97408,22.73,78.67,2.4,8.465,0,102423.24
TWB14,Uvalde_2020_02,29.60214,-99.73007,436.7784,6/28/21,p,2021,05/22/2021 01:45 CDT,97408,22.63,79.37,2.13,8.465,0,102424.62
TWB14,Uvalde_2020_02,29.60214,-99.73007,436.7784,6/28/21,p,2021,05/22/2021 01:50 CDT,97406,22.57,79.54,2.345,8.465,0,102423.73
TWB14,Uvalde_2020_02,29.60214,-99.73007,436.7784,6/28/21,p,2021,05/22/2021 01:55 CDT,97401,22.55,79.95,2.025,8.465,0,102418.99
TWB14,Uvalde_2020_02,29.60214,-99.73007,436.7784,6/28/21,p,2021,05/22/2021 02:00 CDT,97401,22.56,79.91,2.435,8.465,0,102418.99
TWB14,Uvalde_2020_02,29.60214,-99.73007,436.7784,6/28/21,p,2021,05/22/2021 02:05 CDT,97405,22.56,80.2,2.29,8.465,0,102423.02
TWB14,Uvalde_2020_02,29.60214,-99.73007,436.7784,6/28/21,p,2021,05/22/2021 02:10 CDT,97403,22.6,80.2,2.28,8.465,0,102420.05
TWB14,Uvalde_2020_02,29.60214,-99.73007,436.7784,6/28/21,p,2021,05/22/2021 02:15 CDT,97402,22.6,80.1,2.485,8.465,0,102418.65
TWB14,Uvalde_2020_02,29.60214,-99.73007,436.7784,6/28/21,p,2021,05/22/2021 02:20 CDT,97399,22.59,80.5,1.8,8.465,0,102415.49
TWB14,Uvalde_2020_02,29.60214,-99.73007,436.7784,6/28/21,p,2021,05/22/2021 02:25 CDT,97395,22.58,80.5,2.395,8.465,0,102411.46
TWB14,Uvalde_2020_02,29.60214,-99.73007,436.7784,6/28/21,p,2021,05/22/2021 02:30 CDT,97385,22.59,80.4,2.9,8.465,0,102400.95
TWB14,Uvalde_2020_02,29.60214,-99.73007,436.7784,6/28/21,p,2021,05/22/2021 02:35 CDT,97379,22.6,80.3,2.91,8.465,0,102394.47
TWB14,Uvalde_2020_02,29.60214,-99.73007,436.7784,6/28/21,p,2021,05/22/2021 02:40 CDT,97374,22.59,80.5,2.21,8.465,0,102389.21
TWB14,Uvalde_2020_02,29.60214,-99.73007,436.7784,6/28/21,p,2021,05/22/2021 02:45 CDT,97370,22.59,80.3,2.43,8.465,0,102385
TWB14,Uvalde_2020_02,29.60214,-99.73007,436.7784,6/28/21,p,2021,05/22/2021 02:50 CDT,97362,22.57,80.5,2.035,8.465,0,102376.76
TWB14,Uvalde_2020_02,29.60214,-99.73007,436.7784,6/28/21,p,2021,05/22/2021 02:55 CDT,97356,22.56,80,2.965,8.465,0,102370.63
TWB14,Uvalde_2020_02,29.60214,-99.73007,436.7784,6/28/21,p,2021,05/22/2021 03:00 CDT,97350,22.58,79.94,2.62,8.465,0,102364.32
TWB14,Uvalde_2020_02,29.60214,-99.73007,436.7784,6/28/21,p,2021,05/22/2021 03:05 CDT,97353,22.58,79.88,2.16,8.465,0,102367.3
TWB14,Uvalde_2020_02,29.60214,-99.73007,436.7784,6/28/21,p,2021,05/22/2021 03:10 CDT,97354,22.59,80,2.29,8.465,0,102368.18
TWB14,Uvalde_2020_02,29.60214,-99.73007,436.7784,6/28/21,p,2021,05/22/2021 03:15 CDT,97351,22.6,80.2,2.295,8.465,0,102364.85
TWB14,Uvalde_2020_02,29.60214,-99.73007,436.7784,6/28/21,p,2021,05/22/2021 03:20 CDT,97346,22.58,80.4,2.135,8.465,0,102359.77
TWB14,Uvalde_2020_02,29.60214,-99.73007,436.7784,6/28/21,p,2021,05/22/2021 03:25 CDT,97341,22.56,80.3,2.525,8.465,0.01,102355.03
TWB14,Uvalde_2020_02,29.60214,-99.73007,436.7784,6/28/21,p,2021,05/22/2021 03:30 CDT,97341,22.54,80.2,2.66,8.465,0,102355.55
TWB14,Uvalde_2020_02,29.60214,-99.73007,436.7784,6/28/21,p,2021,05/22/2021 03:35 CDT,97342,22.53,80.7,1.515,8.465,0,102356.6
TWB14,Uvalde_2020_02,29.60214,-99.73007,436.7784,6/28/21,p,2021,05/22/2021 03:40 CDT,97340,22.48,81,2.005,8.465,0,102355.19
TWB14,Uvalde_2020_02,29.60214,-99.73007,436.7784,6/28/21,p,2021,05/22/2021 03:45 CDT,97339,22.43,81,1.02,8.465,0.06,102355
TWB14,Uvalde_2020_02,29.60214,-99.73007,436.7784,6/28/21,p,2021,05/22/2021 03:50 CDT,97342,22.36,81.2,0.99,8.465,0.12,102359.02
TWB14,Uvalde_2020_02,29.60214,-99.73007,436.7784,6/28/21,p,2021,05/22/2021 03:55 CDT,97337,22.31,81.6,0.885,8.465,0,102354.46
TWB14,Uvalde_2020_02,29.60214,-99.73007,436.7784,6/28/21,p,2021,05/22/2021 04:00 CDT,97333,22.3,81.7,0.93,8.465,0,102350.95
TWB14,Uvalde_2020_02,29.60214,-99.73007,436.7784,6/28/21,p,2021,05/22/2021 04:05 CDT,97335,22.3,81.8,0.875,8.465,0,102353.05
TWB14,Uvalde_2020_02,29.60214,-99.73007,436.7784,6/28/21,p,2021,05/22/2021 04:10 CDT,97333,22.29,82,0.715,8.465,0,102350.94
TWB14,Uvalde_2020_02,29.60214,-99.73007,436.7784,6/28/21,p,2021,05/22/2021 04:15 CDT,97337,22.29,82,1.18,8.465,0,102355.15
TWB14,Uvalde_2020_02,29.60214,-99.73007,436.7784,6/28/21,p,2021,05/22/2021 04:20 CDT,97340,22.27,82.1,0.855,8.465,0,102358.48
TWB14,Uvalde_2020_02,29.60214,-99.73007,436.7784,6/28/21,p,2021,05/22/2021 04:25 CDT,97344,22.27,81.7,1.42,8.465,0,102363.03
TWB14,Uvalde_2020_02,29.60214,-99.73007,436.7784,6/28/21,p,2021,05/22/2021 04:30 CDT,97346,22.32,81,1.62,8.465,0,102364.79
TWB14,Uvalde_2020_02,29.60214,-99.73007,436.7784,6/28/21,p,2021,05/22/2021 04:35 CDT,97355,22.38,80.8,1.7,8.465,0,102373.39
TWB14,Uvalde_2020_02,29.60214,-99.73007,436.7784,6/28/21,p,2021,05/22/2021 04:40 CDT,97358,22.39,80.8,1.085,8.465,0,102376.2
TWB14,Uvalde_2020_02,29.60214,-99.73007,436.7784,6/28/21,p,2021,05/22/2021 04:45 CDT,97360,22.36,80.8,1.125,8.465,0,102378.3
TWB14,Uvalde_2020_02,29.60214,-99.73007,436.7784,6/28/21,p,2021,05/22/2021 04:50 CDT,97364,22.36,80.7,0.83,8.465,0,102382.51
TWB14,Uvalde_2020_02,29.60214,-99.73007,436.7784,6/28/21,p,2021,05/22/2021 04:55 CDT,97363,22.35,80.7,1.45,8.465,0,102381.63
TWB14,Uvalde_2020_02,29.60214,-99.73007,436.7784,6/28/21,p,2021,05/22/2021 05:00 CDT,97359,22.35,80.8,1.295,8.465,0,102377.6
TWB14,Uvalde_2020_02,29.60214,-99.73007,436.7784,6/28/21,p,2021,05/22/2021 05:05 CDT,97362,22.35,80.9,1.25,8.465,0,102380.75
TWB14,Uvalde_2020_02,29.60214,-99.73007,436.7784,6/28/21,p,2021,05/22/2021 05:10 CDT,97363,22.32,81.1,0.85,8.465,0,102381.98
TWB14,Uvalde_2020_02,29.60214,-99.73007,436.7784,6/28/21,p,2021,05/22/2021 05:15 CDT,97359,22.29,81,1.19,8.465,0,102378.29
TWB14,Uvalde_2020_02,29.60214,-99.73007,436.7784,6/28/21,p,2021,05/22/2021 05:20 CDT,97359,22.3,81.3,0.885,8.465,0,102378.29
TWB14,Uvalde_2020_02,29.60214,-99.73007,436.7784,6/28/21,p,2021,05/22/2021 05:25 CDT,97359,22.28,81.3,0.63,8.465,0,102378.46
TWB14,Uvalde_2020_02,29.60214,-99.73007,436.7784,6/28/21,p,2021,05/22/2021 05:30 CDT,97358,22.25,81.6,0.505,8.465,0,102377.93
TWB14,Uvalde_2020_02,29.60214,-99.73007,436.7784,6/28/21,p,2021,05/22/2021 05:35 CDT,97357,22.2,81.9,0.01,8.465,0.22,102377.4
TWB14,Uvalde_2020_02,29.60214,-99.73007,436.7784,6/28/21,p,2021,05/22/2021 05:40 CDT,97354,22.18,82,0.365,8.465,0.16,102374.76
TWB14,Uvalde_2020_02,29.60214,-99.73007,436.7784,6/28/21,p,2021,05/22/2021 05:45 CDT,97358,22.15,82,0.26,8.465,0.09,102380.01
TWB14,Uvalde_2020_02,29.60214,-99.73007,436.7784,6/28/21,p,2021,05/22/2021 05:50 CDT,97358,22.12,82,0.13,8.465,0.16,102380.71
TWB14,Uvalde_2020_02,29.60214,-99.73007,436.7784,6/28/21,p,2021,05/22/2021 05:55 CDT,97353,22.07,82.6,0.245,8.465,0.26,102375.97
TWB14,Uvalde_2020_02,29.60214,-99.73007,436.7784,6/28/21,p,2021,05/22/2021 06:00 CDT,97346,22.01,82.9,0.41,8.465,0.32,102370.35
TWB14,Uvalde_2020_02,29.60214,-99.73007,436.7784,6/28/21,p,2021,05/22/2021 06:05 CDT,97346,21.89,83.5,0.005,8.465,0.6,102372.61
TWB14,Uvalde_2020_02,29.60214,-99.73007,436.7784,6/28/21,p,2021,05/22/2021 06:10 CDT,97346,21.74,84.5,0.135,8.465,0.63,102375.04
TWB14,Uvalde_2020_02,29.60214,-99.73007,436.7784,6/28/21,p,2021,05/22/2021 06:15 CDT,97345,21.6,84.3,0.025,8.465,0.77,102377.13
TWB14,Uvalde_2020_02,29.60214,-99.73007,436.7784,6/28/21,p,2021,05/22/2021 06:20 CDT,97346,21.49,85,0,8.465,0.6,102379.93
TWB14,Uvalde_2020_02,29.60214,-99.73007,436.7784,6/28/21,p,2021,05/22/2021 06:25 CDT,97346,21.4,85.8,0,8.465,0.39,102382.9
TWB14,Uvalde_2020_02,29.60214,-99.73007,436.7784,6/28/21,p,2021,05/22/2021 06:30 CDT,97347,21.34,87.1,0.17,8.465,0,102386.74
TWB14,Uvalde_2020_02,29.60214,-99.73007,436.7784,6/28/21,p,2021,05/22/2021 06:35 CDT,97350,21.16,87.7,0.015,8.465,0.14,102392.35
TWB14,Uvalde_2020_02,29.60214,-99.73007,436.7784,6/28/21,p,2021,05/22/2021 06:40 CDT,97358,21.13,87.6,0.02,8.465,0.59,102401.46
TWB14,Uvalde_2020_02,29.60214,-99.73007,436.7784,6/28/21,p,2021,05/22/2021 06:45 CDT,97367,21.28,87.7,0.215,8.465,0.82,102410.75
TWB14,Uvalde_2020_02,29.60214,-99.73007,436.7784,6/28/21,p,2021,05/22/2021 06:50 CDT,97377,21.37,87.5,0.085,8.465,1.8,102420.75
TWB14,Uvalde_2020_02,29.60214,-99.73007,436.7784,6/28/21,p,2021,05/22/2021 06:55 CDT,97378,21.41,87.4,0.015,8.465,1.9,102421.27
TWB14,Uvalde_2020_02,29.60214,-99.73007,436.7784,6/28/21,p,2021,05/22/2021 07:00 CDT,97379,21.47,87.2,0,8.465,5.13,102420.4
TWB14,Uvalde_2020_02,29.60214,-99.73007,436.7784,6/28/21,p,2021,05/22/2021 07:05 CDT,97378,21.51,87,0.325,8.465,16.06,102417.59
TWB14,Uvalde_2020_02,29.60214,-99.73007,436.7784,6/28/21,p,2021,05/22/2021 07:10 CDT,97378,21.43,87.1,0.285,8.465,23.01,102416.37
TWB14,Uvalde_2020_02,29.60214,-99.73007,436.7784,6/28/21,p,2021,05/22/2021 07:15 CDT,97378,21.43,86.8,0.25,8.465,20.14,102415.67
TWB14,Uvalde_2020_02,29.60214,-99.73007,436.7784,6/28/21,p,2021,05/22/2021 07:20 CDT,97378,21.47,86.9,0.425,8.465,22.88,102415.67
TWB14,Uvalde_2020_02,29.60214,-99.73007,436.7784,6/28/21,p,2021,05/22/2021 07:25 CDT,97378,21.6,86.8,0.615,8.465,26.96,102415.67
TWB14,Uvalde_2020_02,29.60214,-99.73007,436.7784,6/28/21,p,2021,05/22/2021 07:30 CDT,97379,21.74,86.1,0.52,8.465,28.82,102415.33
TWB14,Uvalde_2020_02,29.60214,-99.73007,436.7784,6/28/21,p,2021,05/22/2021 07:35 CDT,97379,21.87,85.1,0.51,8.465,27.44,102412.89
TWB14,Uvalde_2020_02,29.60214,-99.73007,436.7784,6/28/21,p,2021,05/22/2021 07:40 CDT,97381,21.88,84.5,0.325,8.465,54.1,102412.72
TWB14,Uvalde_2020_02,29.60214,-99.73007,436.7784,6/28/21,p,2021,05/22/2021 07:45 CDT,97380,21.87,84.7,0.515,8.465,44.32,102409.92
TWB14,Uvalde_2020_02,29.60214,-99.73007,436.7784,6/28/21,p,2021,05/22/2021 07:50 CDT,97382,21.82,85.4,0.945,8.465,40.49,102411.15
TWB14,Uvalde_2020_02,29.60214,-99.73007,436.7784,6/28/21,p,2021,05/22/2021 07:55 CDT,97391,21.72,85.1,0.95,8.465,46.19,102422.19
TWB14,Uvalde_2020_02,29.60214,-99.73007,436.7784,6/28/21,p,2021,05/22/2021 08:00 CDT,97393,21.8,84.5,0.35,8.465,65.76,102422.9
TWB14,Uvalde_2020_02,29.60214,-99.73007,436.7784,6/28/21,p,2021,05/22/2021 08:05 CDT,97397,21.93,84.7,0.28,8.465,59.6,102425.01
TWB14,Uvalde_2020_02,29.60214,-99.73007,436.7784,6/28/21,p,2021,05/22/2021 08:10 CDT,97402,22.09,83.6,0.175,8.465,58.15,102427.49
TWB14,Uvalde_2020_02,29.60214,-99.73007,436.7784,6/28/21,p,2021,05/22/2021 08:15 CDT,97401,22.26,82.9,0.52,8.465,92.52,102423.83
TWB14,Uvalde_2020_02,29.60214,-99.73007,436.7784,6/28/21,p,2021,05/22/2021 08:20 CDT,97401,22.58,80.1,0.525,8.465,85.95,102419.51
TWB14,Uvalde_2020_02,29.60214,-99.73007,436.7784,6/28/21,p,2021,05/22/2021 08:25 CDT,97406,22.87,78.64,0.415,8.465,89.95,102420.09
TWB14,Uvalde_2020_02,29.60214,-99.73007,436.7784,6/28/21,p,2021,05/22/2021 08:30 CDT,97409,23.05,77.39,0.545,8.465,69.23,102419.45
TWB14,Uvalde_2020_02,29.60214,-99.73007,436.7784,6/28/21,p,2021,05/22/2021 08:35 CDT,97408,23.05,77.72,1.245,8.465,63.28,102416.84
TWB14,Uvalde_2020_02,29.60214,-99.73007,436.7784,6/28/21,p,2021,05/22/2021 08:40 CDT,97412,23.01,78.46,1.235,8.465,88.79,102420.35
TWB14,Uvalde_2020_02,29.60214,-99.73007,436.7784,6/28/21,p,2021,05/22/2021 08:45 CDT,97420,22.95,79.13,0.985,8.465,76.52,102429.62
TWB14,Uvalde_2020_02,29.60214,-99.73007,436.7784,6/28/21,p,2021,05/22/2021 08:50 CDT,97413,23.08,79.27,0.87,8.465,150.96,102421.22
TWB14,Uvalde_2020_02,29.60214,-99.73007,436.7784,6/28/21,p,2021,05/22/2021 08:55 CDT,97401,23.43,75.83,1.815,8.465,184.33,102403.1
TWB14,Uvalde_2020_02,29.60214,-99.73007,436.7784,6/28/21,p,2021,05/22/2021 09:00 CDT,97404,23.38,77.72,2.14,8.465,149.35,102404.69
TWB14,Uvalde_2020_02,29.60214,-99.73007,436.7784,6/28/21,p,2021,05/22/2021 09:05 CDT,97411,23.36,77.18,1.255,8.465,110.32,102412.05
TWB14,Uvalde_2020_02,29.60214,-99.73007,436.7784,6/28/21,p,2021,05/22/2021 09:10 CDT,97414,23.38,76.3,0.915,8.465,161.17,102415.39
TWB14,Uvalde_2020_02,29.60214,-99.73007,436.7784,6/28/21,p,2021,05/22/2021 09:15 CDT,97413,23.6,76.77,0.92,8.465,165.2,102412.09
TWB14,Uvalde_2020_02,29.60214,-99.73007,436.7784,6/28/21,p,2021,05/22/2021 09:20 CDT,97408,23.75,75.9,0.515,8.465,170.67,102403.91
TWB14,Uvalde_2020_02,29.60214,-99.73007,436.7784,6/28/21,p,2021,05/22/2021 09:25 CDT,97402,24.35,72.12,0.13,8.465,374.97,102390.76
TWB14,Uvalde_2020_02,29.60214,-99.73007,436.7784,6/28/21,p,2021,05/22/2021 09:30 CDT,97398,24.94,69.55,0.905,8.465,232.95,102377.67
TWB14,Uvalde_2020_02,29.60214,-99.73007,436.7784,6/28/21,p,2021,05/22/2021 09:35 CDT,97394,24.52,70.83,0.71,8.465,95.15,102374.49
TWB14,Uvalde_2020_02,29.60214,-99.73007,436.7784,6/28/21,p,2021,05/22/2021 09:40 CDT,97394,24.26,70.92,1.27,8.465,99.61,102377.74
TWB14,Uvalde_2020_02,29.60214,-99.73007,436.7784,6/28/21,p,2021,05/22/2021 09:45 CDT,97401,24.2,70.95,0.455,8.465,77.02,102387.66
TWB14,Uvalde_2020_02,29.60214,-99.73007,436.7784,6/28/21,p,2021,05/22/2021 09:50 CDT,97402,24.21,71.36,0.605,8.465,71.22,102388.37
TWB14,Uvalde_2020_02,29.60214,-99.73007,436.7784,6/28/21,p,2021,05/22/2021 09:55 CDT,97404,24.21,71.49,0.41,8.465,93.68,102390.98
TWB14,Uvalde_2020_02,29.60214,-99.73007,436.7784,6/28/21,p,2021,05/22/2021 10:00 CDT,97407,24.28,71.15,0.875,8.465,120.57,102393.28
TWB14,Uvalde_2020_02,29.60214,-99.73007,436.7784,6/28/21,p,2021,05/22/2021 10:05 CDT,97413,24.41,71.19,0.555,8.465,178.27,102397.88
TWB14,Uvalde_2020_02,29.60214,-99.73007,436.7784,6/28/21,p,2021,05/22/2021 10:10 CDT,97414,24.44,70.41,1.42,8.465,152.3,102397.57
TWB14,Uvalde_2020_02,29.60214,-99.73007,436.7784,6/28/21,p,2021,05/22/2021 10:15 CDT,97414,24.37,70.75,0.965,8.465,150.15,102398.59
TWB14,Uvalde_2020_02,29.60214,-99.73007,436.7784,6/28/21,p,2021,05/22/2021 10:20 CDT,97413,24.5,69.67,0.83,8.465,176.09,102396.35
TWB14,Uvalde_2020_02,29.60214,-99.73007,436.7784,6/28/21,p,2021,05/22/2021 10:25 CDT,97410,24.64,71.42,0.78,8.465,206.8,102390.61
TWB14,Uvalde_2020_02,29.60214,-99.73007,436.7784,6/28/21,p,2021,05/22/2021 10:30 CDT,97412,24.89,67.81,0.69,8.465,244.55,102388.48
TWB14,Uvalde_2020_02,29.60214,-99.73007,436.7784,6/28/21,p,2021,05/22/2021 10:35 CDT,97410,25.01,68.21,0.855,8.465,322.98,102384.15
TWB14,Uvalde_2020_02,29.60214,-99.73007,436.7784,6/28/21,p,2021,05/22/2021 10:40 CDT,97408,25.27,68.89,0.2,8.465,221.74,102378.81
TWB14,Uvalde_2020_02,29.60214,-99.73007,436.7784,6/28/21,p,2021,05/22/2021 10:45 CDT,97405,25.21,69.86,1.485,8.465,168.23,102372.07
TWB14,Uvalde_2020_02,29.60214,-99.73007,436.7784,6/28/21,p,2021,05/22/2021 10:50 CDT,97407,24.78,70.47,2.015,8.465,149.86,102379.96
TWB14,Uvalde_2020_02,29.60214,-99.73007,436.7784,6/28/21,p,2021,05/22/2021 10:55 CDT,97407,24.56,72.93,2.585,8.465,254.68,102384.71
TWB14,Uvalde_2020_02,29.60214,-99.73007,436.7784,6/28/21,p,2021,05/22/2021 11:00 CDT,97403,24.71,71.31,2.265,8.465,274.98,102379.67
TWB14,Uvalde_2020_02,29.60214,-99.73007,436.7784,6/28/21,p,2021,05/22/2021 11:05 CDT,97400,24.89,70.4,1.885,8.465,240.45,102373.79
TWB14,Uvalde_2020_02,29.60214,-99.73007,436.7784,6/28/21,p,2021,05/22/2021 11:10 CDT,97401,24.9,69.12,2.275,8.465,278.56,102373.66
TWB14,Uvalde_2020_02,29.60214,-99.73007,436.7784,6/28/21,p,2021,05/22/2021 11:15 CDT,97394,24.89,69.99,1.93,8.465,328.75,102366.64
TWB14,Uvalde_2020_02,29.60214,-99.73007,436.7784,6/28/21,p,2021,05/22/2021 11:20 CDT,97392,25.07,70.19,1.755,8.465,382.55,102362.15
TWB14,Uvalde_2020_02,29.60214,-99.73007,436.7784,6/28/21,p,2021,05/22/2021 11:25 CDT,97392,25.24,69.25,1.155,8.465,261.7,102359.6
TWB14,Uvalde_2020_02,29.60214,-99.73007,436.7784,6/28/21,p,2021,05/22/2021 11:30 CDT,97399,25.15,70.05,1.34,8.465,123.7,102367.63
TWB14,Uvalde_2020_02,29.60214,-99.73007,436.7784,6/28/21,p,2021,05/22/2021 11:35 CDT,97398,25.05,70.83,1.03,8.465,112.96,102368.45
TWB14,Uvalde_2020_02,29.60214,-99.73007,436.7784,6/28/21,p,2021,05/22/2021 11:40 CDT,97393,25.16,69.04,0.38,8.465,103.8,102362.02
TWB14,Uvalde_2020_02,29.60214,-99.73007,436.7784,6/28/21,p,2021,05/22/2021 11:45 CDT,97395,25.29,69.98,0.67,8.465,114.39,102362.75
TWB14,Uvalde_2020_02,29.60214,-99.73007,436.7784,6/28/21,p,2021,05/22/2021 11:50 CDT,97400,25.38,68.06,0.535,8.465,127.56,102367.85
TWB14,Uvalde_2020_02,29.60214,-99.73007,436.7784,6/28/21,p,2021,05/22/2021 11:55 CDT,97396,25.52,68.13,0.505,8.465,149.52,102361.27
TWB14,Uvalde_2020_02,29.60214,-99.73007,436.7784,6/28/21,p,2021,05/22/2021 12:00 CDT,97390,25.75,68.44,0.24,8.465,189.21,102351.9
TWB14,Uvalde_2020_02,29.60214,-99.73007,436.7784,6/28/21,p,2021,05/22/2021 12:05 CDT,97387,26.05,68.33,0.66,8.465,408.1,102344
TWB14,Uvalde_2020_02,29.60214,-99.73007,436.7784,6/28/21,p,2021,05/22/2021 12:10 CDT,97386,26.6,62.78,1.11,8.465,405.04,102333.87
TWB14,Uvalde_2020_02,29.60214,-99.73007,436.7784,6/28/21,p,2021,05/22/2021 12:15 CDT,97387,26.51,64.33,0.935,8.465,244.71,102333.05
TWB14,Uvalde_2020_02,29.60214,-99.73007,436.7784,6/28/21,p,2021,05/22/2021 12:20 CDT,97388,26.61,60.22,0.5,8.465,259.81,102332.62
TWB14,Uvalde_2020_02,29.60214,-99.73007,436.7784,6/28/21,p,2021,05/22/2021 12:25 CDT,97385,26.63,61.02,0.955,8.465,259.25,102328.95
TWB14,Uvalde_2020_02,29.60214,-99.73007,436.7784,6/28/21,p,2021,05/22/2021 12:30 CDT,97378,26.88,63.92,0.365,8.465,373.79,102320.05
TWB14,Uvalde_2020_02,29.60214,-99.73007,436.7784,6/28/21,p,2021,05/22/2021 12:35 CDT,97375,27.23,59.27,1.46,8.465,640.45,102309.55
TWB14,Uvalde_2020_02,29.60214,-99.73007,436.7784,6/28/21,p,2021,05/22/2021 12:40 CDT,97375,27.08,57.92,1.76,8.465,434.03,102309.22
TWB14,Uvalde_2020_02,29.60214,-99.73007,436.7784,6/28/21,p,2021,05/22/2021 12:45 CDT,97374,27.07,57.79,1.405,8.465,321.82,102307.34
TWB14,Uvalde_2020_02,29.60214,-99.73007,436.7784,6/28/21,p,2021,05/22/2021 12:50 CDT,97371,27.22,56.94,0.605,8.465,274.1,102303.18
TWB14,Uvalde_2020_02,29.60214,-99.73007,436.7784,6/28/21,p,2021,05/22/2021 12:55 CDT,97369,27.21,57.51,1.145,8.465,255.06,102301.08
TWB14,Uvalde_2020_02,29.60214,-99.73007,436.7784,6/28/21,p,2021,05/22/2021 13:00 CDT,97368,27.09,57.17,1.34,8.465,235.52,102302.38
TWB14,Uvalde_2020_02,29.60214,-99.73007,436.7784,6/28/21,p,2021,05/22/2021 13:05 CDT,97366,27.13,59.43,0.63,8.465,260.58,102300.93
TWB14,Uvalde_2020_02,29.60214,-99.73007,436.7784,6/28/21,p,2021,05/22/2021 13:10 CDT,97360,27.4,58.01,0.585,8.465,315.58,102291.62
TWB14,Uvalde_2020_02,29.60214,-99.73007,436.7784,6/28/21,p,2021,05/22/2021 13:15 CDT,97357,27.57,58.95,0.785,8.465,407.08,102285.27
TWB14,Uvalde_2020_02,29.60214,-99.73007,436.7784,6/28/21,p,2021,05/22/2021 13:20 CDT,97344,28.11,53.73,1.365,8.465,873.58,102263.47
TWB14,Uvalde_2020_02,29.60214,-99.73007,436.7784,6/28/21,p,2021,05/22/2021 13:25 CDT,97338,28.3,54.07,1.84,8.465,862.57,102250.17
TWB14,Uvalde_2020_02,29.60214,-99.73007,436.7784,6/28/21,p,2021,05/22/2021 13:30 CDT,97336,28.51,53.6,1.445,8.465,542.1,102242.42
TWB14,Uvalde_2020_02,29.60214,-99.73007,436.7784,6/28/21,p,2021,05/22/2021 13:35 CDT,97335,28.33,55.45,1.145,8.465,243.54,102242.01
TWB14,Uvalde_2020_02,29.60214,-99.73007,436.7784,6/28/21,p,2021,05/22/2021 13:40 CDT,97324,28.36,52.18,1.805,8.465,907.16,102232.49
TWB14,Uvalde_2020_02,29.60214,-99.73007,436.7784,6/28/21,p,2021,05/22/2021 13:45 CDT,97314,28.99,51.78,1.71,8.465,848.37,102213.69
TWB14,Uvalde_2020_02,29.60214,-99.73007,436.7784,6/28/21,p,2021,05/22/2021 13:50 CDT,97309,29.47,55.41,1.515,8.465,862.98,102199.8
TWB14,Uvalde_2020_02,29.60214,-99.73007,436.7784,6/28/21,p,2021,05/22/2021 13:55 CDT,97305,29.79,49.99,1.945,8.465,888.88,102188.9
TWB14,Uvalde_2020_02,29.60214,-99.73007,436.7784,6/28/21,p,2021,05/22/2021 14:00 CDT,97304,29.45,50.42,1.245,8.465,786.29,102194.93
TWB14,Uvalde_2020_02,29.60214,-99.73007,436.7784,6/28/21,p,2021,05/22/2021 14:05 CDT,97297,29.28,53.32,1.72,8.465,766.4,102188.38
TWB14,Uvalde_2020_02,29.60214,-99.73007,436.7784,6/28/21,p,2021,05/22/2021 14:10 CDT,97293,29.54,52.04,2,8.465,861.09,102178.91
TWB14,Uvalde_2020_02,29.60214,-99.73007,436.7784,6/28/21,p,2021,05/22/2021 14:15 CDT,97291,30.08,52.57,1.765,8.465,858.12,102169.89
TWB14,Uvalde_2020_02,29.60214,-99.73007,436.7784,6/28/21,p,2021,05/22/2021 14:20 CDT,97283,30.16,52.7,2.095,8.465,838.09,102156.24
TWB14,Uvalde_2020_02,29.60214,-99.73007,436.7784,6/28/21,p,2021,05/22/2021 14:25 CDT,97290,29.94,52.97,2.325,8.465,863.39,102166.21
TWB14,Uvalde_2020_02,29.60214,-99.73007,436.7784,6/28/21,p,2021,05/22/2021 14:30 CDT,97294,29.76,53.14,2.505,8.465,747.98,102173.53
TWB14,Uvalde_2020_02,29.60214,-99.73007,436.7784,6/28/21,p,2021,05/22/2021 14:35 CDT,97290,29.36,52.47,2,8.465,786.39,102176.91
TWB14,Uvalde_2020_02,29.60214,-99.73007,436.7784,6/28/21,p,2021,05/22/2021 14:40 CDT,97283,29.54,51.96,2.31,8.465,811.36,102168.08
TWB14,Uvalde_2020_02,29.60214,-99.73007,436.7784,6/28/21,p,2021,05/22/2021 14:45 CDT,97289,29.43,51.79,2.15,8.465,795.27,102175.04
TWB14,Uvalde_2020_02,29.60214,-99.73007,436.7784,6/28/21,p,2021,05/22/2021 14:50 CDT,97279,29.39,56.4,2.51,8.465,654.96,102163.01
TWB14,Uvalde_2020_02,29.60214,-99.73007,436.7784,6/28/21,p,2021,05/22/2021 14:55 CDT,97269,28.7,57.08,2.895,8.465,797.06,102161.24
TWB14,Uvalde_2020_02,29.60214,-99.73007,436.7784,6/28/21,p,2021,05/22/2021 15:00 CDT,97269,28.78,57.21,2.61,8.465,779.2,102163.88
TWB14,Uvalde_2020_02,29.60214,-99.73007,436.7784,6/28/21,p,2021,05/22/2021 15:05 CDT,97266,28.41,58.92,3.315,8.465,712.31,102166.18
TWB14,Uvalde_2020_02,29.60214,-99.73007,436.7784,6/28/21,p,2021,05/22/2021 15:10 CDT,97266,28.6,57.07,2.49,8.465,630.1,102167.36
TWB14,Uvalde_2020_02,29.60214,-99.73007,436.7784,6/28/21,p,2021,05/22/2021 15:15 CDT,97263,28.65,56.6,2.89,8.465,711.61,102160.9
TWB14,Uvalde_2020_02,29.60214,-99.73007,436.7784,6/28/21,p,2021,05/22/2021 15:20 CDT,97260,28.73,59.39,2.75,8.465,780.17,102158.05
TWB14,Uvalde_2020_02,29.60214,-99.73007,436.7784,6/28/21,p,2021,05/22/2021 15:25 CDT,97263,28.9,57.68,2.685,8.465,533.48,102157.24
TWB14,Uvalde_2020_02,29.60214,-99.73007,436.7784,6/28/21,p,2021,05/22/2021 15:30 CDT,97257,28.89,57.27,2.355,8.465,705.68,102151.77
TWB14,Uvalde_2020_02,29.60214,-99.73007,436.7784,6/28/21,p,2021,05/22/2021 15:35 CDT,97242,28.89,57.47,2.38,8.465,326.49,102133.7
TWB14,Uvalde_2020_02,29.60214,-99.73007,436.7784,6/28/21,p,2021,05/22/2021 15:40 CDT,97237,28.59,57.14,2.375,8.465,651.92,102135.07
TWB14,Uvalde_2020_02,29.60214,-99.73007,436.7784,6/28/21,p,2021,05/22/2021 15:45 CDT,97235,29.22,55.99,2.44,8.465,718.78,102124.88
TWB14,Uvalde_2020_02,29.60214,-99.73007,436.7784,6/28/21,p,2021,05/22/2021 15:50 CDT,97226,29.37,56.27,2.045,8.465,689.12,102110.97
TWB14,Uvalde_2020_02,29.60214,-99.73007,436.7784,6/28/21,p,2021,05/22/2021 15:55 CDT,97216,29.51,54.65,2.325,8.465,651.34,102098.18
TWB14,Uvalde_2020_02,29.60214,-99.73007,436.7784,6/28/21,p,2021,05/22/2021 16:00 CDT,97214,29.69,52.26,2.38,8.465,643.5,102092.98
TWB14,Uvalde_2020_02,29.60214,-99.73007,436.7784,6/28/21,p,2021,05/22/2021 16:05 CDT,97212,29.71,53.03,2.685,8.465,506.66,102088.57
TWB14,Uvalde_2020_02,29.60214,-99.73007,436.7784,6/28/21,p,2021,05/22/2021 16:10 CDT,97210,29.05,54.78,2.56,8.465,303.82,102097.98
TWB14,Uvalde_2020_02,29.60214,-99.73007,436.7784,6/28/21,p,2021,05/22/2021 16:15 CDT,97201,29.07,54.58,1.89,8.465,288.27,102091.83
TWB14,Uvalde_2020_02,29.60214,-99.73007,436.7784,6/28/21,p,2021,05/22/2021 16:20 CDT,97192,28.99,55.26,1.755,8.465,234.04,102083.69
TWB14,Uvalde_2020_02,29.60214,-99.73007,436.7784,6/28/21,p,2021,05/22/2021 16:25 CDT,97190,28.86,54.25,2.715,8.465,129.11,102083.58
TWB14,Uvalde_2020_02,29.60214,-99.73007,436.7784,6/28/21,p,2021,05/22/2021 16:30 CDT,97192,28.52,55.33,2.795,8.465,257.58,102092.13
TWB14,Uvalde_2020_02,29.60214,-99.73007,436.7784,6/28/21,p,2021,05/22/2021 16:35 CDT,97189,28.71,57.48,2.57,8.465,343.34,102087.8
TWB14,Uvalde_2020_02,29.60214,-99.73007,436.7784,6/28/21,p,2021,05/22/2021 16:40 CDT,97188,29.01,53.31,3.09,8.465,586.89,102081.82
TWB14,Uvalde_2020_02,29.60214,-99.73007,436.7784,6/28/21,p,2021,05/22/2021 16:45 CDT,97188,29.27,55.29,2.595,8.465,479.75,102075.85
TWB14,Uvalde_2020_02,29.60214,-99.73007,436.7784,6/28/21,p,2021,05/22/2021 16:50 CDT,97188,28.99,55.26,2.665,8.465,182.41,102077.51
TWB14,Uvalde_2020_02,29.60214,-99.73007,436.7784,6/28/21,p,2021,05/22/2021 16:55 CDT,97189,28.66,53.61,2.69,8.465,403.59,102086.85
TWB14,Uvalde_2020_02,29.60214,-99.73007,436.7784,6/28/21,p,2021,05/22/2021 17:00 CDT,97188,28.81,53.54,3.015,8.465,367.35,102083.97
TWB14,Uvalde_2020_02,29.60214,-99.73007,436.7784,6/28/21,p,2021,05/22/2021 17:05 CDT,97184,28.9,52.84,3.02,8.465,400.18,102078.79
TWB14,Uvalde_2020_02,29.60214,-99.73007,436.7784,6/28/21,p,2021,05/22/2021 17:10 CDT,97179,29.23,51.32,2.91,8.465,472.43,102068.92
TWB14,Uvalde_2020_02,29.60214,-99.73007,436.7784,6/28/21,p,2021,05/22/2021 17:15 CDT,97179,29.45,50.78,3.54,8.465,465.76,102063.98
TWB14,Uvalde_2020_02,29.60214,-99.73007,436.7784,6/28/21,p,2021,05/22/2021 17:20 CDT,97169,29.32,51.83,3.03,8.465,451.18,102054.29
TWB14,Uvalde_2020_02,29.60214,-99.73007,436.7784,6/28/21,p,2021,05/22/2021 17:25 CDT,97164,29.44,51.42,3.1,8.465,325.99,102046.73
TWB14,Uvalde_2020_02,29.60214,-99.73007,436.7784,6/28/21,p,2021,05/22/2021 17:30 CDT,97162,29.12,52.36,3.32,8.465,342.09,102050.72
TWB14,Uvalde_2020_02,29.60214,-99.73007,436.7784,6/28/21,p,2021,05/22/2021 17:35 CDT,97163,29.02,52.97,3.425,8.465,233.54,102053.09
TWB14,Uvalde_2020_02,29.60214,-99.73007,436.7784,6/28/21,p,2021,05/22/2021 17:40 CDT,97167,29.08,53.61,2.63,8.465,409.82,102058.94
TWB14,Uvalde_2020_02,29.60214,-99.73007,436.7784,6/28/21,p,2021,05/22/2021 17:45 CDT,97162,29.36,51.09,2.85,8.465,398.69,102047.93
TWB14,Uvalde_2020_02,29.60214,-99.73007,436.7784,6/28/21,p,2021,05/22/2021 17:50 CDT,97162,29.5,52.36,2.585,8.465,397.98,102045.28
TWB14,Uvalde_2020_02,29.60214,-99.73007,436.7784,6/28/21,p,2021,05/22/2021 17:55 CDT,97164,29.55,52.6,2.805,8.465,326.23,102045.07
TWB14,Uvalde_2020_02,29.60214,-99.73007,436.7784,6/28/21,p,2021,05/22/2021 18:00 CDT,97174,29.05,52.53,2.825,8.465,299.46,102062.83
TWB14,Uvalde_2020_02,29.60214,-99.73007,436.7784,6/28/21,p,2021,05/22/2021 18:05 CDT,97167,29.07,54.32,2.93,8.465,245.7,102056.78
TWB14,Uvalde_2020_02,29.60214,-99.73007,436.7784,6/28/21,p,2021,05/22/2021 18:10 CDT,97164,28.83,54.79,2.6,8.465,244.91,102058.26
TWB14,Uvalde_2020_02,29.60214,-99.73007,436.7784,6/28/21,p,2021,05/22/2021 18:15 CDT,97167,28.88,53.17,2.585,8.465,314.68,102061.92
TWB14,Uvalde_2020_02,29.60214,-99.73007,436.7784,6/28/21,p,2021,05/22/2021 18:20 CDT,97165,28.96,52.84,2.795,8.465,311.19,102058.33
TWB14,Uvalde_2020_02,29.60214,-99.73007,436.7784,6/28/21,p,2021,05/22/2021 18:25 CDT,97166,28.93,53.38,2.375,8.465,248.16,102059.54
TWB14,Uvalde_2020_02,29.60214,-99.73007,436.7784,6/28/21,p,2021,05/22/2021 18:30 CDT,97169,28.84,54.05,2.425,8.465,254.64,102063.51
TWB14,Uvalde_2020_02,29.60214,-99.73007,436.7784,6/28/21,p,2021,05/22/2021 18:35 CDT,97174,29.04,54.39,3.065,8.465,298.11,102066.61
TWB14,Uvalde_2020_02,29.60214,-99.73007,436.7784,6/28/21,p,2021,05/22/2021 18:40 CDT,97180,28.87,54.62,3.32,8.465,281.4,102074.4
TWB14,Uvalde_2020_02,29.60214,-99.73007,436.7784,6/28/21,p,2021,05/22/2021 18:45 CDT,97191,28.44,57.55,3.235,8.465,154.49,102091.89
TWB14,Uvalde_2020_02,29.60214,-99.73007,436.7784,6/28/21,p,2021,05/22/2021 18:50 CDT,97204,28.18,57.59,3.505,8.465,168,102110.86
TWB14,Uvalde_2020_02,29.60214,-99.73007,436.7784,6/28/21,p,2021,05/22/2021 18:55 CDT,97215,28.08,58.7,3.2,8.465,207.51,102125.9
TWB14,Uvalde_2020_02,29.60214,-99.73007,436.7784,6/28/21,p,2021,05/22/2021 19:00 CDT,97220,28.07,59.27,2.875,8.465,106.08,102131.15
TWB14,Uvalde_2020_02,29.60214,-99.73007,436.7784,6/28/21,p,2021,05/22/2021 19:05 CDT,97227,27.81,59.92,3.135,8.465,95.84,102142.67
TWB14,Uvalde_2020_02,29.60214,-99.73007,436.7784,6/28/21,p,2021,05/22/2021 19:10 CDT,97223,27.79,59.61,2.73,8.465,173.87,102140.47
TWB14,Uvalde_2020_02,29.60214,-99.73007,436.7784,6/28/21,p,2021,05/22/2021 19:15 CDT,97230,27.94,59.34,3.96,8.465,127.5,102145.66
TWB14,Uvalde_2020_02,29.60214,-99.73007,436.7784,6/28/21,p,2021,05/22/2021 19:20 CDT,97246,27.71,59.65,3.34,8.465,81.09,102165.13
TWB14,Uvalde_2020_02,29.60214,-99.73007,436.7784,6/28/21,p,2021,05/22/2021 19:25 CDT,97248,27.61,59.92,3.135,8.465,126.38,102170.07
TWB14,Uvalde_2020_02,29.60214,-99.73007,436.7784,6/28/21,p,2021,05/22/2021 19:30 CDT,97248,27.57,60.29,3.47,8.465,102.23,102170.41
TWB14,Uvalde_2020_02,29.60214,-99.73007,436.7784,6/28/21,p,2021,05/22/2021 19:35 CDT,97249,27.44,61.13,3.44,8.465,97.56,102173.46
TWB14,Uvalde_2020_02,29.60214,-99.73007,436.7784,6/28/21,p,2021,05/22/2021 19:40 CDT,97260,27.36,62.35,3.41,8.465,71.83,102186.51
TWB14,Uvalde_2020_02,29.60214,-99.73007,436.7784,6/28/21,p,2021,05/22/2021 19:45 CDT,97279,27.1,63.02,3.24,8.465,66.39,102210.32
TWB14,Uvalde_2020_02,29.60214,-99.73007,436.7784,6/28/21,p,2021,05/22/2021 19:50 CDT,97281,26.98,63.83,3.56,8.465,65.06,102215.27
TWB14,Uvalde_2020_02,29.60214,-99.73007,436.7784,6/28/21,p,2021,05/22/2021 19:55 CDT,97303,26.83,64.57,3.375,8.465,36.85,102240.74
TWB14,Uvalde_2020_02,29.60214,-99.73007,436.7784,6/28/21,p,2021,05/22/2021 20:00 CDT,97312,26.67,64.67,3.71,8.465,18.35,102252.72
TWB14,Uvalde_2020_02,29.60214,-99.73007,436.7784,6/28/21,p,2021,05/22/2021 20:05 CDT,97332,26.48,65.45,3.635,8.465,15.09,102277.1
TWB14,Uvalde_2020_02,29.60214,-99.73007,436.7784,6/28/21,p,2021,05/22/2021 20:10 CDT,97336,26.35,66.09,3.655,8.465,15.93,102283.66
TWB14,Uvalde_2020_02,29.60214,-99.73007,436.7784,6/28/21,p,2021,05/22/2021 20:15 CDT,97345,26.2,67.41,3.32,8.465,14.1,102295.98
TWB14,Uvalde_2020_02,29.60214,-99.73007,436.7784,6/28/21,p,2021,05/22/2021 20:20 CDT,97363,26.03,69.6,2.61,8.465,9.77,102317.41
TWB14,Uvalde_2020_02,29.60214,-99.73007,436.7784,6/28/21,p,2021,05/22/2021 20:25 CDT,97367,25.8,70.71,4.04,8.465,7.37,102325.16
TWB14,Uvalde_2020_02,29.60214,-99.73007,436.7784,6/28/21,p,2021,05/22/2021 20:30 CDT,97368,25.63,71.12,3.33,8.465,4.81,102329.77
TWB14,Uvalde_2020_02,29.60214,-99.73007,436.7784,6/28/21,p,2021,05/22/2021 20:35 CDT,97373,25.54,71.53,3.4,8.465,1.79,102336.72
TWB14,Uvalde_2020_02,29.60214,-99.73007,436.7784,6/28/21,p,2021,05/22/2021 20:40 CDT,97387,25.42,72,3.22,8.465,0.6,102353.81
TWB14,Uvalde_2020_02,29.60214,-99.73007,436.7784,6/28/21,p,2021,05/22/2021 20:45 CDT,97395,25.36,72.38,3.19,8.465,0.01,102363.24
TWB14,Uvalde_2020_02,29.60214,-99.73007,436.7784,6/28/21,p,2021,05/22/2021 20:50 CDT,97404,25.3,72.88,3,8.465,0,102373.55
TWB14,Uvalde_2020_02,29.60214,-99.73007,436.7784,6/28/21,p,2021,05/22/2021 20:55 CDT,97407,25.19,73.69,2.37,8.465,0.03,102378.56
TWB14,Uvalde_2020_02,29.60214,-99.73007,436.7784,6/28/21,p,2021,05/22/2021 21:00 CDT,97423,25.11,73.69,2.535,8.465,0,102396.75
TWB14,Uvalde_2020_02,29.60214,-99.73007,436.7784,6/28/21,p,2021,05/22/2021 21:05 CDT,97430,25.04,72.72,3.485,8.465,0,102405.13
TWB14,Uvalde_2020_02,29.60214,-99.73007,436.7784,6/28/21,p,2021,05/22/2021 21:10 CDT,97435,24.95,72.08,3.44,8.465,0.06,102411.93
TWB14,Uvalde_2020_02,29.60214,-99.73007,436.7784,6/28/21,p,2021,05/22/2021 21:15 CDT,97440,24.82,72.49,3.19,8.465,0.72,102419.4
TWB14,Uvalde_2020_02,29.60214,-99.73007,436.7784,6/28/21,p,2021,05/22/2021 21:20 CDT,97454,24.68,73.3,3.095,8.465,0.43,102436.51
TWB14,Uvalde_2020_02,29.60214,-99.73007,436.7784,6/28/21,p,2021,05/22/2021 21:25 CDT,97462,24.53,74.51,3.545,8.885,0.13,102447.47
TWB14,Uvalde_2020_02,29.60214,-99.73007,436.7784,6/28/21,p,2021,05/22/2021 21:30 CDT,97471,24.41,75.56,3.64,8.55,0.04,102459.15
TWB14,Uvalde_2020_02,29.60214,-99.73007,436.7784,6/28/21,p,2021,05/22/2021 21:35 CDT,97486,24.32,75.83,3.42,8.55,0,102476.8
TWB14,Uvalde_2020_02,29.60214,-99.73007,436.7784,6/28/21,p,2021,05/22/2021 21:40 CDT,97492,24.28,75.66,3.195,8.55,0,102483.8
TWB14,Uvalde_2020_02,29.60214,-99.73007,436.7784,6/28/21,p,2021,05/22/2021 21:45 CDT,97511,24.23,75.05,4.365,8.55,0,102504.46
TWB14,Uvalde_2020_02,29.60214,-99.73007,436.7784,6/28/21,p,2021,05/22/2021 21:50 CDT,97518,24.2,74.11,3.96,8.55,0,102512.52
TWB14,Uvalde_2020_02,29.60214,-99.73007,436.7784,6/28/21,p,2021,05/22/2021 21:55 CDT,97524,24.12,73.98,2.75,8.55,0.39,102520.2
TWB14,Uvalde_2020_02,29.60214,-99.73007,436.7784,6/28/21,p,2021,05/22/2021 22:00 CDT,97539,24,71.49,3.92,8.55,0.17,102537.88
TWB14,Uvalde_2020_02,29.60214,-99.73007,436.7784,6/28/21,p,2021,05/22/2021 22:05 CDT,97555,23.89,71.29,3.575,8.715,0,102556.77
TWB14,Uvalde_2020_02,29.60214,-99.73007,436.7784,6/28/21,p,2021,05/22/2021 22:10 CDT,97571,23.77,71.63,2.815,8.715,0.06,102575.83
TWB14,Uvalde_2020_02,29.60214,-99.73007,436.7784,6/28/21,p,2021,05/22/2021 22:15 CDT,97570,23.67,72.3,2.865,8.715,0.05,102576.32
TWB14,Uvalde_2020_02,29.60214,-99.73007,436.7784,6/28/21,p,2021,05/22/2021 22:20 CDT,97575,23.56,73.11,3.28,8.715,0,102583.64
TWB14,Uvalde_2020_02,29.60214,-99.73007,436.7784,6/28/21,p,2021,05/22/2021 22:25 CDT,97588,23.47,73.58,2.94,8.715,0,102599.03
TWB14,Uvalde_2020_02,29.60214,-99.73007,436.7784,6/28/21,p,2021,05/22/2021 22:30 CDT,97596,23.41,74.15,2.275,8.715,0,102608.13
TWB14,Uvalde_2020_02,29.60214,-99.73007,436.7784,6/28/21,p,2021,05/22/2021 22:35 CDT,97601,23.36,74.66,2.59,8.715,0,102614.42
TWB14,Uvalde_2020_02,29.60214,-99.73007,436.7784,6/28/21,p,2021,05/22/2021 22:40 CDT,97597,23.27,75.2,2.71,8.715,0,102611.94
TWB14,Uvalde_2020_02,29.60214,-99.73007,436.7784,6/28/21,p,2021,05/22/2021 22:45 CDT,97598,23.19,76.01,2.3,8.715,0,102614.37
TWB14,Uvalde_2020_02,29.60214,-99.73007,436.7784,6/28/21,p,2021,05/22/2021 22:50 CDT,97599,23.15,76.59,3.16,8.715,0,102616.11
TWB14,Uvalde_2020_02,29.60214,-99.73007,436.7784,6/28/21,p,2021,05/22/2021 22:55 CDT,97611,23.11,77.03,2.155,8.715,0.02,102629.42
TWB14,Uvalde_2020_02,29.60214,-99.73007,436.7784,6/28/21,p,2021,05/22/2021 23:00 CDT,97620,23.01,77.81,2.21,8.715,0,102640.43
TWB14,Uvalde_2020_02,29.60214,-99.73007,436.7784,6/28/21,p,2021,05/22/2021 23:05 CDT,97635,22.97,77.88,3.26,8.715,0,102657.42
TWB14,Uvalde_2020_02,29.60214,-99.73007,436.7784,6/28/21,p,2021,05/22/2021 23:10 CDT,97640,22.94,78.46,2.415,8.315,0,102663.02
TWB14,Uvalde_2020_02,29.60214,-99.73007,436.7784,6/28/21,p,2021,05/22/2021 23:15 CDT,97641,22.88,78.83,2.465,8.315,0,102664.76
TWB14,Uvalde_2020_02,29.60214,-99.73007,436.7784,6/28/21,p,2021,05/22/2021 23:20 CDT,97641,22.83,79.13,2.75,8.315,0,102665.8
TWB14,Uvalde_2020_02,29.60214,-99.73007,436.7784,6/28/21,p,2021,05/22/2021 23:25 CDT,97643,22.8,79.54,2.965,8.315,0,102668.59
TWB14,Uvalde_2020_02,29.60214,-99.73007,436.7784,6/28/21,p,2021,05/22/2021 23:30 CDT,97642,22.76,80,2.53,8.315,0,102668.06
TWB14,Uvalde_2020_02,29.60214,-99.73007,436.7784,6/28/21,p,2021,05/22/2021 23:35 CDT,97640,22.72,80.3,2.895,8.315,0,102666.82
TWB14,Uvalde_2020_02,29.60214,-99.73007,436.7784,6/28/21,p,2021,05/22/2021 23:40 CDT,97636,22.69,80.6,2.695,8.315,0,102663.31
TWB14,Uvalde_2020_02,29.60214,-99.73007,436.7784,6/28/21,p,2021,05/22/2021 23:45 CDT,97633,22.66,80.8,2.53,8.315,0,102660.68
TWB14,Uvalde_2020_02,29.60214,-99.73007,436.7784,6/28/21,p,2021,05/22/2021 23:50 CDT,97623,22.66,81,2.915,8.315,0,102650.16
TWB14,Uvalde_2020_02,29.60214,-99.73007,436.7784,6/28/21,p,2021,05/22/2021 23:55 CDT,97618,22.66,80.9,3.355,8.4,0,102644.9
TWB14,Uvalde_2020_02,29.60214,-99.73007,436.7784,6/28/21,p,2021,05/23/2021 00:00 CDT,97620,22.66,81.3,2.97,8.4,0,102647
TWB14,Uvalde_2020_02,29.60214,-99.73007,436.7784,6/28/21,p,2021,05/23/2021 00:05 CDT,97626,22.65,81.3,2.805,8.4,0,102653.49
TWB14,Uvalde_2020_02,29.60214,-99.73007,436.7784,6/28/21,p,2021,05/23/2021 00:10 CDT,97625,22.64,81.3,2.52,8.4,0,102652.26
TWB14,Uvalde_2020_02,29.60214,-99.73007,436.7784,6/28/21,p,2021,05/23/2021 00:15 CDT,97620,22.63,81,2.785,8.4,0,102647.35
TWB14,Uvalde_2020_02,29.60214,-99.73007,436.7784,6/28/21,p,2021,05/23/2021 00:20 CDT,97615,22.64,80.7,3.13,8.4,0,102641.92
TWB14,Uvalde_2020_02,29.60214,-99.73007,436.7784,6/28/21,p,2021,05/23/2021 00:25 CDT,97607,22.64,80.3,3.5,8.235,0,102633.34
TWB14,Uvalde_2020_02,29.60214,-99.73007,436.7784,6/28/21,p,2021,05/23/2021 00:30 CDT,97599,22.59,79.34,4.155,8.65,0,102625.46
TWB14,Uvalde_2020_02,29.60214,-99.73007,436.7784,6/28/21,p,2021,05/23/2021 00:35 CDT,97604,22.54,78.36,4.205,8.65,0,102631.77
TWB14,Uvalde_2020_02,29.60214,-99.73007,436.7784,6/28/21,p,2021,05/23/2021 00:40 CDT,97603,22.47,79.74,3.805,8.65,0,102631.75
TWB14,Uvalde_2020_02,29.60214,-99.73007,436.7784,6/28/21,p,2021,05/23/2021 00:45 CDT,97595,22.42,80.3,3.105,8.65,0,102624.2
TWB14,Uvalde_2020_02,29.60214,-99.73007,436.7784,6/28/21,p,2021,05/23/2021 00:50 CDT,97591,22.39,81.2,4.105,8.65,0,102620.68
TWB14,Uvalde_2020_02,29.60214,-99.73007,436.7784,6/28/21,p,2021,05/23/2021 00:55 CDT,97587,22.4,81.3,3.54,8.565,0,102616.65
TWB14,Uvalde_2020_02,29.60214,-99.73007,436.7784,6/28/21,p,2021,05/23/2021 01:00 CDT,97588,22.42,81.3,2.96,8.565,0,102617.01
TWB14,Uvalde_2020_02,29.60214,-99.73007,436.7784,6/28/21,p,2021,05/23/2021 01:05 CDT,97585,22.41,81.1,3.99,8.565,0,102614.2
TWB14,Uvalde_2020_02,29.60214,-99.73007,436.7784,6/28/21,p,2021,05/23/2021 01:10 CDT,97587,22.43,80.5,4.265,9.065,0,102616.31
TWB14,Uvalde_2020_02,29.60214,-99.73007,436.7784,6/28/21,p,2021,05/23/2021 01:15 CDT,97587,22.44,80.6,3.54,8.735,0,102615.79
TWB14,Uvalde_2020_02,29.60214,-99.73007,436.7784,6/28/21,p,2021,05/23/2021 01:20 CDT,97589,22.41,80.5,3.81,8.735,0,102618.24
TWB14,Uvalde_2020_02,29.60214,-99.73007,436.7784,6/28/21,p,2021,05/23/2021 01:25 CDT,97592,22.39,80.6,3.495,8.735,0,102621.91
TWB14,Uvalde_2020_02,29.60214,-99.73007,436.7784,6/28/21,p,2021,05/23/2021 01:30 CDT,97590,22.35,81.1,3.15,8.735,0,102620.16
TWB14,Uvalde_2020_02,29.60214,-99.73007,436.7784,6/28/21,p,2021,05/23/2021 01:35 CDT,97588,22.32,81.4,2.805,8.735,0,102618.22
TWB14,Uvalde_2020_02,29.60214,-99.73007,436.7784,6/28/21,p,2021,05/23/2021 01:40 CDT,97588,22.3,81.7,2.87,8.735,0,102618.4
TWB14,Uvalde_2020_02,29.60214,-99.73007,436.7784,6/28/21,p,2021,05/23/2021 01:45 CDT,97585,22.29,81.7,3.14,8.735,0,102615.76
TWB14,Uvalde_2020_02,29.60214,-99.73007,436.7784,6/28/21,p,2021,05/23/2021 01:50 CDT,97574,22.28,82.1,3.19,8.735,0.11,102604.37
TWB14,Uvalde_2020_02,29.60214,-99.73007,436.7784,6/28/21,p,2021,05/23/2021 01:55 CDT,97563,22.19,83.7,2.755,8.735,3.17,102593.83
TWB14,Uvalde_2020_02,29.60214,-99.73007,436.7784,6/28/21,p,2021,05/23/2021 02:00 CDT,97561,22.06,83.6,2.425,8.735,0.12,102594.17
TWB14,Uvalde_2020_02,29.60214,-99.73007,436.7784,6/28/21,p,2021,05/23/2021 02:05 CDT,97553,22.06,82.3,3.655,8.735,0,102586.82
TWB14,Uvalde_2020_02,29.60214,-99.73007,436.7784,6/28/21,p,2021,05/23/2021 02:10 CDT,97538,22.12,82.2,3.34,8.735,0,102570.34
TWB14,Uvalde_2020_02,29.60214,-99.73007,436.7784,6/28/21,p,2021,05/23/2021 02:15 CDT,97531,22.12,82.3,3.26,8.735,0,102562.81
TWB14,Uvalde_2020_02,29.60214,-99.73007,436.7784,6/28/21,p,2021,05/23/2021 02:20 CDT,97522,22.11,82.1,3.215,8.735,0,102553.35
TWB14,Uvalde_2020_02,29.60214,-99.73007,436.7784,6/28/21,p,2021,05/23/2021 02:25 CDT,97510,22.11,81.8,4.25,8.735,0,102540.9
TWB14,Uvalde_2020_02,29.60214,-99.73007,436.7784,6/28/21,p,2021,05/23/2021 02:30 CDT,97499,22.06,81.9,3.025,8.485,0,102529.86
TWB14,Uvalde_2020_02,29.60214,-99.73007,436.7784,6/28/21,p,2021,05/23/2021 02:35 CDT,97493,22.04,81.6,3.37,8.485,0,102524.07
TWB14,Uvalde_2020_02,29.60214,-99.73007,436.7784,6/28/21,p,2021,05/23/2021 02:40 CDT,97490,22.09,81.8,3.27,8.485,0,102520.39
TWB14,Uvalde_2020_02,29.60214,-99.73007,436.7784,6/28/21,p,2021,05/23/2021 02:45 CDT,97481,22.08,82,2.85,8.485,0,102510.4
TWB14,Uvalde_2020_02,29.60214,-99.73007,436.7784,6/28/21,p,2021,05/23/2021 02:50 CDT,97477,22.08,82.1,3.165,8.485,0,102506.37
TWB14,Uvalde_2020_02,29.60214,-99.73007,436.7784,6/28/21,p,2021,05/23/2021 02:55 CDT,97464,22.08,82.5,2.96,8.485,0,102492.52
TWB14,Uvalde_2020_02,29.60214,-99.73007,436.7784,6/28/21,p,2021,05/23/2021 03:00 CDT,97456,22.08,82.5,3.12,8.485,0,102484.11
TWB14,Uvalde_2020_02,29.60214,-99.73007,436.7784,6/28/21,p,2021,05/23/2021 03:05 CDT,97453,22.1,82.1,3.54,8.485,0,102480.96
TWB14,Uvalde_2020_02,29.60214,-99.73007,436.7784,6/28/21,p,2021,05/23/2021 03:10 CDT,97440,22.1,82.2,3.955,8.485,0.04,102467.29
TWB14,Uvalde_2020_02,29.60214,-99.73007,436.7784,6/28/21,p,2021,05/23/2021 03:15 CDT,97438,22.04,82.6,3.61,8.485,0,102465.88
TWB14,Uvalde_2020_02,29.60214,-99.73007,436.7784,6/28/21,p,2021,05/23/2021 03:20 CDT,97447,22.03,83.2,3.615,8.485,0,102475.69
TWB14,Uvalde_2020_02,29.60214,-99.73007,436.7784,6/28/21,p,2021,05/23/2021 03:25 CDT,97450,22.03,83.5,3.12,8.565,0,102478.84
TWB14,Uvalde_2020_02,29.60214,-99.73007,436.7784,6/28/21,p,2021,05/23/2021 03:30 CDT,97450,22.03,84,2.585,8.565,0.36,102478.66
TWB14,Uvalde_2020_02,29.60214,-99.73007,436.7784,6/28/21,p,2021,05/23/2021 03:35 CDT,97452,22,84.3,3.105,8.565,0.38,102481.11
TWB14,Uvalde_2020_02,29.60214,-99.73007,436.7784,6/28/21,p,2021,05/23/2021 03:40 CDT,97447,21.94,84.9,3.31,8.565,0.31,102476.9
TWB14,Uvalde_2020_02,29.60214,-99.73007,436.7784,6/28/21,p,2021,05/23/2021 03:45 CDT,97439,21.89,84.9,2.545,8.565,0,102469.53
TWB14,Uvalde_2020_02,29.60214,-99.73007,436.7784,6/28/21,p,2021,05/23/2021 03:50 CDT,97438,21.91,84.6,3.375,8.565,0.87,102468.65
TWB14,Uvalde_2020_02,29.60214,-99.73007,436.7784,6/28/21,p,2021,05/23/2021 03:55 CDT,97449,21.92,84.7,2.975,8.565,0,102480.05
TWB14,Uvalde_2020_02,29.60214,-99.73007,436.7784,6/28/21,p,2021,05/23/2021 04:00 CDT,97448,21.92,84.4,2.935,8.565,0,102479
TWB14,Uvalde_2020_02,29.60214,-99.73007,436.7784,6/28/21,p,2021,05/23/2021 04:05 CDT,97452,21.9,84.1,2.55,8.565,0,102483.38
TWB14,Uvalde_2020_02,29.60214,-99.73007,436.7784,6/28/21,p,2021,05/23/2021 04:10 CDT,97457,21.91,84.3,2.32,8.565,0,102488.46
TWB14,Uvalde_2020_02,29.60214,-99.73007,436.7784,6/28/21,p,2021,05/23/2021 04:15 CDT,97467,21.92,84.5,1.97,8.565,0,102498.63
TWB14,Uvalde_2020_02,29.60214,-99.73007,436.7784,6/28/21,p,2021,05/23/2021 04:20 CDT,97472,21.95,84.4,2.145,8.565,0,102503.36
TWB14,Uvalde_2020_02,29.60214,-99.73007,436.7784,6/28/21,p,2021,05/23/2021 04:25 CDT,97471,21.95,84.4,1.875,8.565,0,102502.14
TWB14,Uvalde_2020_02,29.60214,-99.73007,436.7784,6/28/21,p,2021,05/23/2021 04:30 CDT,,21.96,84.3,2.095,8.565,0.03,
TWB14,Uvalde_2020_02,29.60214,-99.73007,436.7784,6/28/21,p,2021,05/23/2021 04:35 CDT,97481,21.94,84.6,2.35,8.565,0,102512.65
TWB14,Uvalde_2020_02,29.60214,-99.73007,436.7784,6/28/21,p,2021,05/23/2021 04:40 CDT,97483,21.86,84.5,2.915,8.565,0,102516.15
TWB14,Uvalde_2020_02,29.60214,-99.73007,436.7784,6/28/21,p,2021,05/23/2021 04:45 CDT,97491,21.83,84.1,3.1,8.565,0,102525.44
TWB14,Uvalde_2020_02,29.60214,-99.73007,436.7784,6/28/21,p,2021,05/23/2021 04:50 CDT,97497,21.83,83.6,2.69,8.565,0,102531.75
TWB14,Uvalde_2020_02,29.60214,-99.73007,436.7784,6/28/21,p,2021,05/23/2021 04:55 CDT,97496,21.83,83.9,2.87,8.565,0,102530.7
TWB14,Uvalde_2020_02,29.60214,-99.73007,436.7784,6/28/21,p,2021,05/23/2021 05:00 CDT,97493,21.8,83.7,2.475,8.565,0,102527.9
TWB14,Uvalde_2020_02,29.60214,-99.73007,436.7784,6/28/21,p,2021,05/23/2021 05:05 CDT,97498,21.8,83.7,2.805,8.565,0,102533.33
TWB14,Uvalde_2020_02,29.60214,-99.73007,436.7784,6/28/21,p,2021,05/23/2021 05:10 CDT,97506,21.81,82.9,3.29,8.565,0,102541.75
TWB14,Uvalde_2020_02,29.60214,-99.73007,436.7784,6/28/21,p,2021,05/23/2021 05:15 CDT,97508,21.83,83.1,2.925,8.565,0,102543.33
TWB14,Uvalde_2020_02,29.60214,-99.73007,436.7784,6/28/21,p,2021,05/23/2021 05:20 CDT,97517,21.79,83.5,2.215,8.565,0.11,102553.14
TWB14,Uvalde_2020_02,29.60214,-99.73007,436.7784,6/28/21,p,2021,05/23/2021 05:25 CDT,97521,21.76,83.6,2.555,8.565,0.12,102557.69
TWB14,Uvalde_2020_02,29.60214,-99.73007,436.7784,6/28/21,p,2021,05/23/2021 05:30 CDT,97525,21.74,83.1,2.83,8.565,0,102562.43
TWB14,Uvalde_2020_02,29.60214,-99.73007,436.7784,6/28/21,p,2021,05/23/2021 05:35 CDT,97529,21.71,83.2,3.03,8.565,0,102567.16
TWB14,Uvalde_2020_02,29.60214,-99.73007,436.7784,6/28/21,p,2021,05/23/2021 05:40 CDT,97525,21.68,83.4,2.87,8.565,0,102563.47
TWB14,Uvalde_2020_02,29.60214,-99.73007,436.7784,6/28/21,p,2021,05/23/2021 05:45 CDT,97521,21.63,83.7,2.535,8.565,0,102560.31
TWB14,Uvalde_2020_02,29.60214,-99.73007,436.7784,6/28/21,p,2021,05/23/2021 05:50 CDT,97513,21.6,83.9,2.485,8.565,0,102552.42
TWB14,Uvalde_2020_02,29.60214,-99.73007,436.7784,6/28/21,p,2021,05/23/2021 05:55 CDT,97513,21.56,84.3,2.33,8.565,0,102553.12
TWB14,Uvalde_2020_02,29.60214,-99.73007,436.7784,6/28/21,p,2021,05/23/2021 06:00 CDT,97508,21.54,84.4,2.455,8.565,0,102548.21
TWB14,Uvalde_2020_02,29.60214,-99.73007,436.7784,6/28/21,p,2021,05/23/2021 06:05 CDT,97495,21.51,84.4,3.205,8.565,0,102535.06
TWB14,Uvalde_2020_02,29.60214,-99.73007,436.7784,6/28/21,p,2021,05/23/2021 06:10 CDT,97501,21.51,84.2,2.79,8.565,0,102541.72
TWB14,Uvalde_2020_02,29.60214,-99.73007,436.7784,6/28/21,p,2021,05/23/2021 06:15 CDT,97507,21.52,83.9,2.755,8.565,0,102548.04
TWB14,Uvalde_2020_02,29.60214,-99.73007,436.7784,6/28/21,p,2021,05/23/2021 06:20 CDT,97499,21.54,83.5,2.215,8.565,0,102539.63
TWB14,Uvalde_2020_02,29.60214,-99.73007,436.7784,6/28/21,p,2021,05/23/2021 06:25 CDT,97499,21.49,84.7,2.32,8.565,0,102539.62
TWB14,Uvalde_2020_02,29.60214,-99.73007,436.7784,6/28/21,p,2021,05/23/2021 06:30 CDT,97501,21.39,85.7,2.685,8.565,0.12,102543.11
TWB14,Uvalde_2020_02,29.60214,-99.73007,436.7784,6/28/21,p,2021,05/23/2021 06:35 CDT,97506,21.28,86.5,2.875,8.565,0.34,102550.29
TWB14,Uvalde_2020_02,29.60214,-99.73007,436.7784,6/28/21,p,2021,05/23/2021 06:40 CDT,97510,21.22,86.7,2.995,8.565,0.33,102555.9
TWB14,Uvalde_2020_02,29.60214,-99.73007,436.7784,6/28/21,p,2021,05/23/2021 06:45 CDT,97518,21.2,86.7,2.445,8.565,2.37,102564.67
TWB14,Uvalde_2020_02,29.60214,-99.73007,436.7784,6/28/21,p,2021,05/23/2021 06:50 CDT,97526,21.18,86.6,2.42,8.565,3.94,102573.78
TWB14,Uvalde_2020_02,29.60214,-99.73007,436.7784,6/28/21,p,2021,05/23/2021 06:55 CDT,97523,21.23,86.2,2.515,8.565,4.12,102569.93
TWB14,Uvalde_2020_02,29.60214,-99.73007,436.7784,6/28/21,p,2021,05/23/2021 07:00 CDT,97529,21.26,86.1,2.685,8.565,6.82,102575.71
TWB14,Uvalde_2020_02,29.60214,-99.73007,436.7784,6/28/21,p,2021,05/23/2021 07:05 CDT,97539,21.29,85.9,2.61,8.565,10.9,102585.71
TWB14,Uvalde_2020_02,29.60214,-99.73007,436.7784,6/28/21,p,2021,05/23/2021 07:10 CDT,97542,21.29,86.1,2.06,8.565,14.34,102588.51
TWB14,Uvalde_2020_02,29.60214,-99.73007,436.7784,6/28/21,p,2021,05/23/2021 07:15 CDT,97540,21.26,86.2,2.33,8.565,16.71,102587.11
TWB14,Uvalde_2020_02,29.60214,-99.73007,436.7784,6/28/21,p,2021,05/23/2021 07:20 CDT,97550,21.26,86.4,2.58,8.565,16.35,102597.62
TWB14,Uvalde_2020_02,29.60214,-99.73007,436.7784,6/28/21,p,2021,05/23/2021 07:25 CDT,97553,21.25,86.4,2.295,8.565,15.94,102600.78
TWB14,Uvalde_2020_02,29.60214,-99.73007,436.7784,6/28/21,p,2021,05/23/2021 07:30 CDT,97557,21.26,86.2,2.765,8.565,19.5,102604.99
TWB14,Uvalde_2020_02,29.60214,-99.73007,436.7784,6/28/21,p,2021,05/23/2021 07:35 CDT,97563,21.3,86.3,2.385,8.565,21.78,102610.42
TWB14,Uvalde_2020_02,29.60214,-99.73007,436.7784,6/28/21,p,2021,05/23/2021 07:40 CDT,97565,21.3,86.4,2.505,8.565,27.13,102612.52
TWB14,Uvalde_2020_02,29.60214,-99.73007,436.7784,6/28/21,p,2021,05/23/2021 07:45 CDT,97567,21.34,86.3,2.23,8.565,32.19,102613.75
TWB14,Uvalde_2020_02,29.60214,-99.73007,436.7784,6/28/21,p,2021,05/23/2021 07:50 CDT,97570,21.35,86.2,1.735,8.565,34.12,102616.56
TWB14,Uvalde_2020_02,29.60214,-99.73007,436.7784,6/28/21,p,2021,05/23/2021 07:55 CDT,97585,21.37,86,1.55,8.565,32.23,102632.16
TWB14,Uvalde_2020_02,29.60214,-99.73007,436.7784,6/28/21,p,2021,05/23/2021 08:00 CDT,97595,21.41,85.7,2.155,8.565,37.78,102641.8
TWB14,Uvalde_2020_02,29.60214,-99.73007,436.7784,6/28/21,p,2021,05/23/2021 08:05 CDT,97598,21.44,85.5,2.01,8.565,46.27,102644.43
TWB14,Uvalde_2020_02,29.60214,-99.73007,436.7784,6/28/21,p,2021,05/23/2021 08:10 CDT,97602,21.47,85.5,2.555,8.565,38.72,102647.94
TWB14,Uvalde_2020_02,29.60214,-99.73007,436.7784,6/28/21,p,2021,05/23/2021 08:15 CDT,97605,21.49,85.6,2.105,8.565,49.58,102650.92
TWB14,Uvalde_2020_02,29.60214,-99.73007,436.7784,6/28/21,p,2021,05/23/2021 08:20 CDT,97609,21.54,85.3,1.67,8.565,47.73,102654.07
TWB14,Uvalde_2020_02,29.60214,-99.73007,436.7784,6/28/21,p,2021,05/23/2021 08:25 CDT,97619,21.58,85,2.06,8.565,90,102663.89
TWB14,Uvalde_2020_02,29.60214,-99.73007,436.7784,6/28/21,p,2021,05/23/2021 08:30 CDT,97620,21.7,85,1.695,8.565,97.16,102662.85
TWB14,Uvalde_2020_02,29.60214,-99.73007,436.7784,6/28/21,p,2021,05/23/2021 08:35 CDT,97631,21.82,84,2.115,8.565,98.45,102671.97
TWB14,Uvalde_2020_02,29.60214,-99.73007,436.7784,6/28/21,p,2021,05/23/2021 08:40 CDT,97631,21.82,84.1,2.075,8.565,77.38,102671.27
TWB14,Uvalde_2020_02,29.60214,-99.73007,436.7784,6/28/21,p,2021,05/23/2021 08:45 CDT,97633,21.88,83.7,1.48,8.565,69.79,102672.51
TWB14,Uvalde_2020_02,29.60214,-99.73007,436.7784,6/28/21,p,2021,05/23/2021 08:50 CDT,97630,21.92,84.2,1.64,8.565,66.84,102668.3
TWB14,Uvalde_2020_02,29.60214,-99.73007,436.7784,6/28/21,p,2021,05/23/2021 08:55 CDT,97630,21.9,83.9,2.235,8.565,89.85,102669
TWB14,Uvalde_2020_02,29.60214,-99.73007,436.7784,6/28/21,p,2021,05/23/2021 09:00 CDT,97639,22.05,83.4,1.47,8.565,102.32,102676.72
TWB14,Uvalde_2020_02,29.60214,-99.73007,436.7784,6/28/21,p,2021,05/23/2021 09:05 CDT,97643,22.11,83.2,1.83,8.565,130.4,102678.84
TWB14,Uvalde_2020_02,29.60214,-99.73007,436.7784,6/28/21,p,2021,05/23/2021 09:10 CDT,97644,22.28,82.1,1.815,8.565,152.68,102677.63
TWB14,Uvalde_2020_02,29.60214,-99.73007,436.7784,6/28/21,p,2021,05/23/2021 09:15 CDT,97640,22.33,82.2,2.115,8.565,144.49,102671.51
TWB14,Uvalde_2020_02,29.60214,-99.73007,436.7784,6/28/21,p,2021,05/23/2021 09:20 CDT,97639,22.49,81.6,1.96,8.565,256.83,102668.37
TWB14,Uvalde_2020_02,29.60214,-99.73007,436.7784,6/28/21,p,2021,05/23/2021 09:25 CDT,97639,22.83,79.88,2.54,8.565,340.97,102662.13
TWB14,Uvalde_2020_02,29.60214,-99.73007,436.7784,6/28/21,p,2021,05/23/2021 09:30 CDT,97632,23.12,77.71,2.515,8.565,344.54,102648.55
TWB14,Uvalde_2020_02,29.60214,-99.73007,436.7784,6/28/21,p,2021,05/23/2021 09:35 CDT,97626,23.25,77.82,2.9,8.565,322.26,102639.12
TWB14,Uvalde_2020_02,29.60214,-99.73007,436.7784,6/28/21,p,2021,05/23/2021 09:40 CDT,97627,23.21,75.86,2.715,8.565,342.99,102641.05
TWB14,Uvalde_2020_02,29.60214,-99.73007,436.7784,6/28/21,p,2021,05/23/2021 09:45 CDT,97618,23.43,74.78,2.465,8.565,454.78,102628.32
TWB14,Uvalde_2020_02,29.60214,-99.73007,436.7784,6/28/21,p,2021,05/23/2021 09:50 CDT,97610,24.04,73.39,2.26,8.565,423.95,102610.27
TWB14,Uvalde_2020_02,29.60214,-99.73007,436.7784,6/28/21,p,2021,05/23/2021 09:55 CDT,97606,24.06,74.22,2.92,8.565,310.31,102603.13
TWB14,Uvalde_2020_02,29.60214,-99.73007,436.7784,6/28/21,p,2021,05/23/2021 10:00 CDT,97604,23.87,73.08,2.96,8.565,430.21,102604.82
TWB14,Uvalde_2020_02,29.60214,-99.73007,436.7784,6/28/21,p,2021,05/23/2021 10:05 CDT,97603,24.22,71.9,1.87,8.565,329.2,102598.8
TWB14,Uvalde_2020_02,29.60214,-99.73007,436.7784,6/28/21,p,2021,05/23/2021 10:10 CDT,97600,24.46,70.44,1.855,8.565,400.17,102592.05
TWB14,Uvalde_2020_02,29.60214,-99.73007,436.7784,6/28/21,p,2021,05/23/2021 10:15 CDT,97587,24.5,69.53,2.56,8.565,355.41,102574.97
TWB14,Uvalde_2020_02,29.60214,-99.73007,436.7784,6/28/21,p,2021,05/23/2021 10:20 CDT,97579,24.49,70.87,1.59,8.565,236.66,102567.06
TWB14,Uvalde_2020_02,29.60214,-99.73007,436.7784,6/28/21,p,2021,05/23/2021 10:25 CDT,97579,24.37,71.14,2.685,8.565,333.3,102568.6
TWB14,Uvalde_2020_02,29.60214,-99.73007,436.7784,6/28/21,p,2021,05/23/2021 10:30 CDT,97580,24.3,70.94,2.805,8.565,333.28,102570.34
TWB14,Uvalde_2020_02,29.60214,-99.73007,436.7784,6/28/21,p,2021,05/23/2021 10:35 CDT,97571,24.37,69.39,2.985,8.565,426.05,102561.41
TWB14,Uvalde_2020_02,29.60214,-99.73007,436.7784,6/28/21,p,2021,05/23/2021 10:40 CDT,97567,24.62,68.41,2.57,8.565,301.33,102552.76
TWB14,Uvalde_2020_02,29.60214,-99.73007,436.7784,6/28/21,p,2021,05/23/2021 10:45 CDT,97561,24.59,68.64,2.13,8.565,224.87,102546.79
TWB14,Uvalde_2020_02,29.60214,-99.73007,436.7784,6/28/21,p,2021,05/23/2021 10:50 CDT,97554,24.59,68,2.56,8.565,220.03,102539.95
TWB14,Uvalde_2020_02,29.60214,-99.73007,436.7784,6/28/21,p,2021,05/23/2021 10:55 CDT,97545,24.69,65.98,3.09,8.565,524.67,102529.48
TWB14,Uvalde_2020_02,29.60214,-99.73007,436.7784,6/28/21,p,2021,05/23/2021 11:00 CDT,97538,25.22,63.85,3.245,8.565,373.36,102512.42
TWB14,Uvalde_2020_02,29.60214,-99.73007,436.7784,6/28/21,p,2021,05/23/2021 11:05 CDT,97536,25.16,64.86,2.46,8.565,550.27,102510.82
TWB14,Uvalde_2020_02,29.60214,-99.73007,436.7784,6/28/21,p,2021,05/23/2021 11:10 CDT,97528,25.86,64.66,2.575,8.565,589.49,102492.55
TWB14,Uvalde_2020_02,29.60214,-99.73007,436.7784,6/28/21,p,2021,05/23/2021 11:15 CDT,97526,25.75,65.37,2.695,8.565,517.68,102488.07
TWB14,Uvalde_2020_02,29.60214,-99.73007,436.7784,6/28/21,p,2021,05/23/2021 11:20 CDT,97523,25.94,63.08,2.135,8.565,603.36,102482.39
TWB14,Uvalde_2020_02,29.60214,-99.73007,436.7784,6/28/21,p,2021,05/23/2021 11:25 CDT,97521,26.17,63.45,1.94,8.565,331.43,102477.92
TWB14,Uvalde_2020_02,29.60214,-99.73007,436.7784,6/28/21,p,2021,05/23/2021 11:30 CDT,97510,26.01,64.05,3.335,8.565,529.04,102468.05
TWB14,Uvalde_2020_02,29.60214,-99.73007,436.7784,6/28/21,p,2021,05/23/2021 11:35 CDT,97506,26.34,59.4,2.325,8.565,573.05,102460.33
TWB14,Uvalde_2020_02,29.60214,-99.73007,436.7784,6/28/21,p,2021,05/23/2021 11:40 CDT,97504,26.38,59.16,3.415,8.565,673.04,102456.21
TWB14,Uvalde_2020_02,29.60214,-99.73007,436.7784,6/28/21,p,2021,05/23/2021 11:45 CDT,97503,26.24,62.19,2.81,8.565,314.99,102454.96
TWB14,Uvalde_2020_02,29.60214,-99.73007,436.7784,6/28/21,p,2021,05/23/2021 11:50 CDT,97493,26.23,57.2,3.495,8.565,633.78,102446.69
TWB14,Uvalde_2020_02,29.60214,-99.73007,436.7784,6/28/21,p,2021,05/23/2021 11:55 CDT,97488,26.52,61.31,2.73,8.565,579.47,102436.34
TWB14,Uvalde_2020_02,29.60214,-99.73007,436.7784,6/28/21,p,2021,05/23/2021 12:00 CDT,97485,26.35,59.73,3.42,8.565,514.46,102433.2
TWB14,Uvalde_2020_02,29.60214,-99.73007,436.7784,6/28/21,p,2021,05/23/2021 12:05 CDT,97482,26.04,62.25,3.19,8.565,522.65,102436.95
TWB14,Uvalde_2020_02,29.60214,-99.73007,436.7784,6/28/21,p,2021,05/23/2021 12:10 CDT,97472,26.21,63.13,2.39,8.565,305.78,102425.25
TWB14,Uvalde_2020_02,29.60214,-99.73007,436.7784,6/28/21,p,2021,05/23/2021 12:15 CDT,97471,26.12,61,3,8.565,314.78,102425.23
TWB14,Uvalde_2020_02,29.60214,-99.73007,436.7784,6/28/21,p,2021,05/23/2021 12:20 CDT,97470,26.23,61,2.13,8.565,304.47,102423.84
TWB14,Uvalde_2020_02,29.60214,-99.73007,436.7784,6/28/21,p,2021,05/23/2021 12:25 CDT,97469,26.26,61.98,2.81,8.565,321.81,102421.94
TWB14,Uvalde_2020_02,29.60214,-99.73007,436.7784,6/28/21,p,2021,05/23/2021 12:30 CDT,97460,26.24,61.44,3.185,8.565,516.83,102412.65
TWB14,Uvalde_2020_02,29.60214,-99.73007,436.7784,6/28/21,p,2021,05/23/2021 12:35 CDT,97446,26.5,59.39,2.805,8.565,483.75,102394.75
TWB14,Uvalde_2020_02,29.60214,-99.73007,436.7784,6/28/21,p,2021,05/23/2021 12:40 CDT,97444,26.56,59.12,3.365,8.565,520.07,102390.63
TWB14,Uvalde_2020_02,29.60214,-99.73007,436.7784,6/28/21,p,2021,05/23/2021 12:45 CDT,97439,26.95,53.33,2.51,8.565,573.43,102379.54
TWB14,Uvalde_2020_02,29.60214,-99.73007,436.7784,6/28/21,p,2021,05/23/2021 12:50 CDT,97430,26.97,56.96,2.79,8.565,562.17,102367.19
TWB14,Uvalde_2020_02,29.60214,-99.73007,436.7784,6/28/21,p,2021,05/23/2021 12:55 CDT,97419,27.11,58.98,2.38,8.565,509.38,102353.6
TWB14,Uvalde_2020_02,29.60214,-99.73007,436.7784,6/28/21,p,2021,05/23/2021 13:00 CDT,97416,27.17,56.93,2.26,8.565,392.88,102350.46
TWB14,Uvalde_2020_02,29.60214,-99.73007,436.7784,6/28/21,p,2021,05/23/2021 13:05 CDT,97416,27.1,59.12,2.85,8.565,394.7,102351.11
TWB14,Uvalde_2020_02,29.60214,-99.73007,436.7784,6/28/21,p,2021,05/23/2021 13:10 CDT,97400,27.08,58.85,1.99,8.565,432.1,102336.15
TWB14,Uvalde_2020_02,29.60214,-99.73007,436.7784,6/28/21,p,2021,05/23/2021 13:15 CDT,97390,27.15,57.67,2.41,8.565,393.89,102323.98
TWB14,Uvalde_2020_02,29.60214,-99.73007,436.7784,6/28/21,p,2021,05/23/2021 13:20 CDT,97389,27.23,54.87,2.49,8.565,601.61,102321.45
TWB14,Uvalde_2020_02,29.60214,-99.73007,436.7784,6/28/21,p,2021,05/23/2021 13:25 CDT,97381,27.39,58.14,2.3,8.565,601.95,102308.15
TWB14,Uvalde_2020_02,29.60214,-99.73007,436.7784,6/28/21,p,2021,05/23/2021 13:30 CDT,97375,27.7,58.04,2.485,8.565,499.77,102297.67
TWB14,Uvalde_2020_02,29.60214,-99.73007,436.7784,6/28/21,p,2021,05/23/2021 13:35 CDT,97367,27.59,55.28,2.42,8.565,443.95,102290.46
TWB14,Uvalde_2020_02,29.60214,-99.73007,436.7784,6/28/21,p,2021,05/23/2021 13:40 CDT,97364,27.53,55.61,2.1,8.565,415.71,102288.47
TWB14,Uvalde_2020_02,29.60214,-99.73007,436.7784,6/28/21,p,2021,05/23/2021 13:45 CDT,97360,27.57,57.29,2.62,8.565,352.59,102284.42
TWB14,Uvalde_2020_02,29.60214,-99.73007,436.7784,6/28/21,p,2021,05/23/2021 13:50 CDT,97355,27.94,55.54,3.39,8.565,844.55,102275.51
TWB14,Uvalde_2020_02,29.60214,-99.73007,436.7784,6/28/21,p,2021,05/23/2021 13:55 CDT,97344,28.44,52.68,2.945,8.565,785.38,102253.32
TWB14,Uvalde_2020_02,29.60214,-99.73007,436.7784,6/28/21,p,2021,05/23/2021 14:00 CDT,97334,28.33,53.59,2.38,8.565,375.01,102241.31
TWB14,Uvalde_2020_02,29.60214,-99.73007,436.7784,6/28/21,p,2021,05/23/2021 14:05 CDT,97332,28.02,56.65,2.345,8.565,593.32,102245.67
TWB14,Uvalde_2020_02,29.60214,-99.73007,436.7784,6/28/21,p,2021,05/23/2021 14:10 CDT,97331,28.76,52.91,2.405,8.565,464.84,102235.84
TWB14,Uvalde_2020_02,29.60214,-99.73007,436.7784,6/28/21,p,2021,05/23/2021 14:15 CDT,97330,28.4,52.61,2.755,8.565,593.86,102237.79
TWB14,Uvalde_2020_02,29.60214,-99.73007,436.7784,6/28/21,p,2021,05/23/2021 14:20 CDT,97329,28.37,53.48,3.235,8.565,370.17,102237.56
TWB14,Uvalde_2020_02,29.60214,-99.73007,436.7784,6/28/21,p,2021,05/23/2021 14:25 CDT,97320,28.08,53.55,2.615,8.565,321.47,102232.59
TWB14,Uvalde_2020_02,29.60214,-99.73007,436.7784,6/28/21,p,2021,05/23/2021 14:30 CDT,97316,28.11,54.66,2.815,8.565,404.87,102229.88
TWB14,Uvalde_2020_02,29.60214,-99.73007,436.7784,6/28/21,p,2021,05/23/2021 14:35 CDT,97313,27.93,52.21,3.57,8.565,248.14,102228.59
TWB14,Uvalde_2020_02,29.60214,-99.73007,436.7784,6/28/21,p,2021,05/23/2021 14:40 CDT,97304,27.76,51.97,3.18,8.565,307.27,102224.31
TWB14,Uvalde_2020_02,29.60214,-99.73007,436.7784,6/28/21,p,2021,05/23/2021 14:45 CDT,97294,28.29,51.3,3.72,8.565,670.23,102206.97
TWB14,Uvalde_2020_02,29.60214,-99.73007,436.7784,6/28/21,p,2021,05/23/2021 14:50 CDT,97283,28.35,51.43,3.25,8.565,366.59,102190.92
TWB14,Uvalde_2020_02,29.60214,-99.73007,436.7784,6/28/21,p,2021,05/23/2021 14:55 CDT,97277,28.43,50.32,3.305,8.565,687.1,102183.8
TWB14,Uvalde_2020_02,29.60214,-99.73007,436.7784,6/28/21,p,2021,05/23/2021 15:00 CDT,97276,29.03,49.65,3.11,8.565,699.92,102172.81
TWB14,Uvalde_2020_02,29.60214,-99.73007,436.7784,6/28/21,p,2021,05/23/2021 15:05 CDT,97272,28.71,52,3.55,8.565,303.89,102170.57
TWB14,Uvalde_2020_02,29.60214,-99.73007,436.7784,6/28/21,p,2021,05/23/2021 15:10 CDT,97259,28.3,51.73,3.025,8.565,383.17,102165.37
TWB14,Uvalde_2020_02,29.60214,-99.73007,436.7784,6/28/21,p,2021,05/23/2021 15:15 CDT,97246,28.85,49.34,2.525,8.565,730.31,102145.77
TWB14,Uvalde_2020_02,29.60214,-99.73007,436.7784,6/28/21,p,2021,05/23/2021 15:20 CDT,97229,29.41,49.78,2.37,8.565,550.76,102117.99
TWB14,Uvalde_2020_02,29.60214,-99.73007,436.7784,6/28/21,p,2021,05/23/2021 15:25 CDT,97230,29.36,48.06,3.435,8.565,474.86,102116.42
TWB14,Uvalde_2020_02,29.60214,-99.73007,436.7784,6/28/21,p,2021,05/23/2021 15:30 CDT,97222,29.04,51.23,2.845,8.565,596.28,102113.09
TWB14,Uvalde_2020_02,29.60214,-99.73007,436.7784,6/28/21,p,2021,05/23/2021 15:35 CDT,97220,29.25,50.89,2.315,8.565,258.07,102108.85
TWB14,Uvalde_2020_02,29.60214,-99.73007,436.7784,6/28/21,p,2021,05/23/2021 15:40 CDT,97220,28.84,51.43,2.85,8.565,349.11,102115.29
TWB14,Uvalde_2020_02,29.60214,-99.73007,436.7784,6/28/21,p,2021,05/23/2021 15:45 CDT,97218,28.55,52.84,3.325,8.565,299.95,102117.81
TWB14,Uvalde_2020_02,29.60214,-99.73007,436.7784,6/28/21,p,2021,05/23/2021 15:50 CDT,97217,28.11,54.99,2.84,8.565,186.62,102124.05
TWB14,Uvalde_2020_02,29.60214,-99.73007,436.7784,6/28/21,p,2021,05/23/2021 15:55 CDT,97216,27.95,55.8,2.56,8.565,232.58,102127.82
TWB14,Uvalde_2020_02,29.60214,-99.73007,436.7784,6/28/21,p,2021,05/23/2021 16:00 CDT,97207,28.12,54.09,2.905,8.565,282.59,102117.55
TWB14,Uvalde_2020_02,29.60214,-99.73007,436.7784,6/28/21,p,2021,05/23/2021 16:05 CDT,97198,27.97,54.05,3.465,8.565,190.84,102109.42
TWB14,Uvalde_2020_02,29.60214,-99.73007,436.7784,6/28/21,p,2021,05/23/2021 16:10 CDT,97196,28.05,52.3,2.56,8.565,228.79,102107.34
TWB14,Uvalde_2020_02,29.60214,-99.73007,436.7784,6/28/21,p,2021,05/23/2021 16:15 CDT,97188,28.05,52.37,3.135,8.565,229.42,102098.27
TWB14,Uvalde_2020_02,29.60214,-99.73007,436.7784,6/28/21,p,2021,05/23/2021 16:20 CDT,97177,28.15,52.07,3.07,8.565,605.75,102085.88
TWB14,Uvalde_2020_02,29.60214,-99.73007,436.7784,6/28/21,p,2021,05/23/2021 16:25 CDT,97168,28.75,53.05,3.155,8.565,660.76,102066.78
TWB14,Uvalde_2020_02,29.60214,-99.73007,436.7784,6/28/21,p,2021,05/23/2021 16:30 CDT,97167,29.14,47.59,2.965,8.565,677.85,102056.19
TWB14,Uvalde_2020_02,29.60214,-99.73007,436.7784,6/28/21,p,2021,05/23/2021 16:35 CDT,97165,29.3,51.03,3.57,8.565,656.97,102048.61
TWB14,Uvalde_2020_02,29.60214,-99.73007,436.7784,6/28/21,p,2021,05/23/2021 16:40 CDT,97160,29.19,53.45,3.86,8.4,555.43,102043.83
TWB14,Uvalde_2020_02,29.60214,-99.73007,436.7784,6/28/21,p,2021,05/23/2021 16:45 CDT,97162,28.59,55.57,3.215,8.4,242.71,102057.14
TWB14,Uvalde_2020_02,29.60214,-99.73007,436.7784,6/28/21,p,2021,05/23/2021 16:50 CDT,97165,28.48,55.34,3.045,8.4,519.15,102065.27
TWB14,Uvalde_2020_02,29.60214,-99.73007,436.7784,6/28/21,p,2021,05/23/2021 16:55 CDT,97167,28.54,54.93,4.15,8.8,476.28,102064.88
TWB14,Uvalde_2020_02,29.60214,-99.73007,436.7784,6/28/21,p,2021,05/23/2021 17:00 CDT,97163,28.04,58.16,3.715,8.8,181.38,102068.62
TWB14,Uvalde_2020_02,29.60214,-99.73007,436.7784,6/28/21,p,2021,05/23/2021 17:05 CDT,97166,27.59,60.28,3.69,8.8,201.64,102080.41
TWB14,Uvalde_2020_02,29.60214,-99.73007,436.7784,6/28/21,p,2021,05/23/2021 17:10 CDT,97165,27.5,58.5,4.27,8.8,185.4,102082.39
TWB14,Uvalde_2020_02,29.60214,-99.73007,436.7784,6/28/21,p,2021,05/23/2021 17:15 CDT,97165,27.23,58.73,3.97,8.8,196.68,102087.57
TWB14,Uvalde_2020_02,29.60214,-99.73007,436.7784,6/28/21,p,2021,05/23/2021 17:20 CDT,97165,27.48,59.21,3.38,8.8,454.77,102085.05
TWB14,Uvalde_2020_02,29.60214,-99.73007,436.7784,6/28/21,p,2021,05/23/2021 17:25 CDT,97157,27.82,59.68,3.4,8.8,405.58,102070.3
TWB14,Uvalde_2020_02,29.60214,-99.73007,436.7784,6/28/21,p,2021,05/23/2021 17:30 CDT,97158,28.31,56.55,2.71,8.8,349.38,102062.88
TWB14,Uvalde_2020_02,29.60214,-99.73007,436.7784,6/28/21,p,2021,05/23/2021 17:35 CDT,97163,27.76,58.43,3.755,8.8,252.06,102073.44
TWB14,Uvalde_2020_02,29.60214,-99.73007,436.7784,6/28/21,p,2021,05/23/2021 17:40 CDT,97165,27.43,58.97,3.55,8.8,193.27,102082.55
TWB14,Uvalde_2020_02,29.60214,-99.73007,436.7784,6/28/21,p,2021,05/23/2021 17:45 CDT,97167,27.19,59.58,3.55,8.8,383.35,102089.49
TWB14,Uvalde_2020_02,29.60214,-99.73007,436.7784,6/28/21,p,2021,05/23/2021 17:50 CDT,97168,27.26,59.18,3.095,8.8,258.96,102090.21
TWB14,Uvalde_2020_02,29.60214,-99.73007,436.7784,6/28/21,p,2021,05/23/2021 17:55 CDT,97168,27.12,59.81,3.17,8.8,130.53,102091.88
TWB14,Uvalde_2020_02,29.60214,-99.73007,436.7784,6/28/21,p,2021,05/23/2021 18:00 CDT,97168,26.84,60.66,2.855,8.8,107.64,102097.24
TWB14,Uvalde_2020_02,29.60214,-99.73007,436.7784,6/28/21,p,2021,05/23/2021 18:05 CDT,97168,26.73,60.66,1.985,8.8,154.84,102099.93
TWB14,Uvalde_2020_02,29.60214,-99.73007,436.7784,6/28/21,p,2021,05/23/2021 18:10 CDT,97164,26.89,59.04,2.835,8.8,202.29,102093.73
TWB14,Uvalde_2020_02,29.60214,-99.73007,436.7784,6/28/21,p,2021,05/23/2021 18:15 CDT,97157,26.86,59.14,3.52,8.8,188.03,102085.87
TWB14,Uvalde_2020_02,29.60214,-99.73007,436.7784,6/28/21,p,2021,05/23/2021 18:20 CDT,97156,26.82,59.65,3.05,8.8,182.05,102085.65
TWB14,Uvalde_2020_02,29.60214,-99.73007,436.7784,6/28/21,p,2021,05/23/2021 18:25 CDT,97152,26.82,59.52,2.735,8.8,217.26,102082.12
TWB14,Uvalde_2020_02,29.60214,-99.73007,436.7784,6/28/21,p,2021,05/23/2021 18:30 CDT,97152,27.01,59.86,2.995,8.8,239.34,102078.76
TWB14,Uvalde_2020_02,29.60214,-99.73007,436.7784,6/28/21,p,2021,05/23/2021 18:35 CDT,97158,26.96,61.17,3.17,8.8,127.66,102084.55
TWB14,Uvalde_2020_02,29.60214,-99.73007,436.7784,6/28/21,p,2021,05/23/2021 18:40 CDT,97163,26.56,62.15,3.005,8.8,90.43,102096.01
TWB14,Uvalde_2020_02,29.60214,-99.73007,436.7784,6/28/21,p,2021,05/23/2021 18:45 CDT,97161,26.28,62.89,2.88,8.8,175.23,102100.3
TWB14,Uvalde_2020_02,29.60214,-99.73007,436.7784,6/28/21,p,2021,05/23/2021 18:50 CDT,97167,26.44,62.05,2.96,8.8,134.52,102104.76
TWB14,Uvalde_2020_02,29.60214,-99.73007,436.7784,6/28/21,p,2021,05/23/2021 18:55 CDT,97174,26.1,63.63,3.25,8.715,98.59,102115.98
TWB14,Uvalde_2020_02,29.60214,-99.73007,436.7784,6/28/21,p,2021,05/23/2021 19:00 CDT,97177,25.84,64.58,3.785,8.465,121.8,102124.53
TWB14,Uvalde_2020_02,29.60214,-99.73007,436.7784,6/28/21,p,2021,05/23/2021 19:05 CDT,97177,25.79,64.95,3.91,8.715,123.7,102125.88
TWB14,Uvalde_2020_02,29.60214,-99.73007,436.7784,6/28/21,p,2021,05/23/2021 19:10 CDT,97179,25.73,64.85,3.61,8.715,115.54,102129.67
TWB14,Uvalde_2020_02,29.60214,-99.73007,436.7784,6/28/21,p,2021,05/23/2021 19:15 CDT,97184,25.63,65.93,3.65,9.55,105.46,102135.93
TWB14,Uvalde_2020_02,29.60214,-99.73007,436.7784,6/28/21,p,2021,05/23/2021 19:20 CDT,97188,25.64,65.66,3.185,9.465,125.87,102140.82
TWB14,Uvalde_2020_02,29.60214,-99.73007,436.7784,6/28/21,p,2021,05/23/2021 19:25 CDT,97187,25.51,66.54,3.845,9.465,129.61,102141.11
TWB14,Uvalde_2020_02,29.60214,-99.73007,436.7784,6/28/21,p,2021,05/23/2021 19:30 CDT,97186,25.33,66.95,3.325,9.465,127.98,102143.11
TWB14,Uvalde_2020_02,29.60214,-99.73007,436.7784,6/28/21,p,2021,05/23/2021 19:35 CDT,97190,25.24,66.95,3.49,9.465,107.06,102149.19
TWB14,Uvalde_2020_02,29.60214,-99.73007,436.7784,6/28/21,p,2021,05/23/2021 19:40 CDT,97203,25.17,67.32,3.14,9.465,93.58,102164.04
TWB14,Uvalde_2020_02,29.60214,-99.73007,436.7784,6/28/21,p,2021,05/23/2021 19:45 CDT,97213,25.08,67.09,2.57,9.465,75.68,102176.08
TWB14,Uvalde_2020_02,29.60214,-99.73007,436.7784,6/28/21,p,2021,05/23/2021 19:50 CDT,97224,25.07,66.85,2.285,9.465,74.87,102187.98
TWB14,Uvalde_2020_02,29.60214,-99.73007,436.7784,6/28/21,p,2021,05/23/2021 19:55 CDT,97227,24.93,67.22,2.875,9.465,50.04,102193.18
TWB14,Uvalde_2020_02,29.60214,-99.73007,436.7784,6/28/21,p,2021,05/23/2021 20:00 CDT,97229,24.79,67.63,3.035,9.465,35.53,102197.49
TWB14,Uvalde_2020_02,29.60214,-99.73007,436.7784,6/28/21,p,2021,05/23/2021 20:05 CDT,97232,24.71,66.35,2.47,9.465,35.28,102202.53
TWB14,Uvalde_2020_02,29.60214,-99.73007,436.7784,6/28/21,p,2021,05/23/2021 20:10 CDT,97229,24.61,67.22,3.34,9.465,25.55,102201.25
TWB14,Uvalde_2020_02,29.60214,-99.73007,436.7784,6/28/21,p,2021,05/23/2021 20:15 CDT,97228,24.5,67.9,2.855,9.465,14.45,102201.9
TWB14,Uvalde_2020_02,29.60214,-99.73007,436.7784,6/28/21,p,2021,05/23/2021 20:20 CDT,97229,24.38,68.34,3.075,9.465,8.17,102205
TWB14,Uvalde_2020_02,29.60214,-99.73007,436.7784,6/28/21,p,2021,05/23/2021 20:25 CDT,97231,24.25,69.05,1.835,9.465,5.51,102209.32
TWB14,Uvalde_2020_02,29.60214,-99.73007,436.7784,6/28/21,p,2021,05/23/2021 20:30 CDT,97242,24.11,69.62,1.925,9.465,3.18,102223.44
TWB14,Uvalde_2020_02,29.60214,-99.73007,436.7784,6/28/21,p,2021,05/23/2021 20:35 CDT,97246,23.96,70.4,1.615,9.465,1.82,102230.22
TWB14,Uvalde_2020_02,29.60214,-99.73007,436.7784,6/28/21,p,2021,05/23/2021 20:40 CDT,97248,23.84,70.98,2.45,9.465,0.21,102234.72
TWB14,Uvalde_2020_02,29.60214,-99.73007,436.7784,6/28/21,p,2021,05/23/2021 20:45 CDT,97261,23.72,71.62,2.87,9.465,0,102250.61
TWB14,Uvalde_2020_02,29.60214,-99.73007,436.7784,6/28/21,p,2021,05/23/2021 20:50 CDT,97277,23.64,72.02,2.245,9.465,0,102268.8
TWB14,Uvalde_2020_02,29.60214,-99.73007,436.7784,6/28/21,p,2021,05/23/2021 20:55 CDT,97291,23.54,73.07,2.04,9.465,0,102285.23
TWB14,Uvalde_2020_02,29.60214,-99.73007,436.7784,6/28/21,p,2021,05/23/2021 21:00 CDT,97306,23.45,73.44,2.055,9.465,0,102302.72
TWB14,Uvalde_2020_02,29.60214,-99.73007,436.7784,6/28/21,p,2021,05/23/2021 21:05 CDT,97327,23.4,73.18,2.92,9.465,0,102325.49
TWB14,Uvalde_2020_02,29.60214,-99.73007,436.7784,6/28/21,p,2021,05/23/2021 21:10 CDT,97327,23.29,73.24,2.635,7.965,0,102327.22
TWB14,Uvalde_2020_02,29.60214,-99.73007,436.7784,6/28/21,p,2021,05/23/2021 21:15 CDT,97313,23.12,73.92,2.97,7.965,0.03,102315.25
TWB14,Uvalde_2020_02,29.60214,-99.73007,436.7784,6/28/21,p,2021,05/23/2021 21:20 CDT,97313,22.99,74.39,3.12,7.965,0,102317.84
TWB14,Uvalde_2020_02,29.60214,-99.73007,436.7784,6/28/21,p,2021,05/23/2021 21:25 CDT,97328,22.91,74.53,2.34,7.965,0,102335.17
TWB14,Uvalde_2020_02,29.60214,-99.73007,436.7784,6/28/21,p,2021,05/23/2021 21:30 CDT,97335,22.85,75.07,2.66,7.965,0,102343.39
TWB14,Uvalde_2020_02,29.60214,-99.73007,436.7784,6/28/21,p,2021,05/23/2021 21:35 CDT,97336,22.79,75.48,2.415,7.965,0,102345.82
TWB14,Uvalde_2020_02,29.60214,-99.73007,436.7784,6/28/21,p,2021,05/23/2021 21:40 CDT,97340,22.74,75.62,1.81,7.965,0,102350.89
TWB14,Uvalde_2020_02,29.60214,-99.73007,436.7784,6/28/21,p,2021,05/23/2021 21:45 CDT,97352,22.69,75.83,1.475,7.965,0.03,102364.38
TWB14,Uvalde_2020_02,29.60214,-99.73007,436.7784,6/28/21,p,2021,05/23/2021 21:50 CDT,97362,22.7,75.83,2.965,7.965,0,102375.24
TWB14,Uvalde_2020_02,29.60214,-99.73007,436.7784,6/28/21,p,2021,05/23/2021 21:55 CDT,97353,22.69,76.03,2.79,7.965,0,102365.95
TWB14,Uvalde_2020_02,29.60214,-99.73007,436.7784,6/28/21,p,2021,05/23/2021 22:00 CDT,97349,22.74,76.07,3.115,8.8,0,102360.87
TWB14,Uvalde_2020_02,29.60214,-99.73007,436.7784,6/28/21,p,2021,05/23/2021 22:05 CDT,97359,22.77,76.17,2.575,8.8,0,102370.35
TWB14,Uvalde_2020_02,29.60214,-99.73007,436.7784,6/28/21,p,2021,05/23/2021 22:10 CDT,97361,22.78,76.37,2.595,8.8,0,102372.28
TWB14,Uvalde_2020_02,29.60214,-99.73007,436.7784,6/28/21,p,2021,05/23/2021 22:15 CDT,97366,22.79,76.44,2.365,8.8,0,102377.36
TWB14,Uvalde_2020_02,29.60214,-99.73007,436.7784,6/28/21,p,2021,05/23/2021 22:20 CDT,97372,22.8,76.67,2.225,8.8,0,102383.15
TWB14,Uvalde_2020_02,29.60214,-99.73007,436.7784,6/28/21,p,2021,05/23/2021 22:25 CDT,97373,22.81,76.84,2.965,8.05,0,102384.02
TWB14,Uvalde_2020_02,29.60214,-99.73007,436.7784,6/28/21,p,2021,05/23/2021 22:30 CDT,97378,22.79,77.17,1.875,8.05,0,102389.8
TWB14,Uvalde_2020_02,29.60214,-99.73007,436.7784,6/28/21,p,2021,05/23/2021 22:35 CDT,97385,22.76,77.55,2.39,8.05,0,102397.5
TWB14,Uvalde_2020_02,29.60214,-99.73007,436.7784,6/28/21,p,2021,05/23/2021 22:40 CDT,97374,22.74,77.78,2.095,8.05,0,102386.11
TWB14,Uvalde_2020_02,29.60214,-99.73007,436.7784,6/28/21,p,2021,05/23/2021 22:45 CDT,97363,22.73,77.92,2.105,8.05,0,102374.71
TWB14,Uvalde_2020_02,29.60214,-99.73007,436.7784,6/28/21,p,2021,05/23/2021 22:50 CDT,97353,22.7,78.22,2.39,8.05,0,102364.89
TWB14,Uvalde_2020_02,29.60214,-99.73007,436.7784,6/28/21,p,2021,05/23/2021 22:55 CDT,97345,22.66,78.69,3.22,8.05,0,102357.17
TWB14,Uvalde_2020_02,29.60214,-99.73007,436.7784,6/28/21,p,2021,05/23/2021 23:00 CDT,97333,22.61,79.13,2.725,8.05,0.01,102345.24
TWB14,Uvalde_2020_02,29.60214,-99.73007,436.7784,6/28/21,p,2021,05/23/2021 23:05 CDT,97321,22.56,79.54,2.9,8.05,0,102333.48
TWB14,Uvalde_2020_02,29.60214,-99.73007,436.7784,6/28/21,p,2021,05/23/2021 23:10 CDT,97325,22.53,79.67,2.625,8.05,0,102338.04
TWB14,Uvalde_2020_02,29.60214,-99.73007,436.7784,6/28/21,p,2021,05/23/2021 23:15 CDT,97323,22.52,80,3.415,8.05,0,102336.28
TWB14,Uvalde_2020_02,29.60214,-99.73007,436.7784,6/28/21,p,2021,05/23/2021 23:20 CDT,97317,22.49,80.2,2.87,8.05,0,102330.66
TWB14,Uvalde_2020_02,29.60214,-99.73007,436.7784,6/28/21,p,2021,05/23/2021 23:25 CDT,97321,22.48,80.4,2.465,8.05,0,102335.04
TWB14,Uvalde_2020_02,29.60214,-99.73007,436.7784,6/28/21,p,2021,05/23/2021 23:30 CDT,97349,22.48,80.5,2.545,8.05,0,102364.48
TWB14,Uvalde_2020_02,29.60214,-99.73007,436.7784,6/28/21,p,2021,05/23/2021 23:35 CDT,97368,22.49,80.6,2.92,8.05,0,102384.46
TWB14,Uvalde_2020_02,29.60214,-99.73007,436.7784,6/28/21,p,2021,05/23/2021 23:40 CDT,97371,22.49,80.8,2.265,8.05,0,102387.44
TWB14,Uvalde_2020_02,29.60214,-99.73007,436.7784,6/28/21,p,2021,05/23/2021 23:45 CDT,97378,22.47,81.2,2.82,8.05,0,102394.97
TWB14,Uvalde_2020_02,29.60214,-99.73007,436.7784,6/28/21,p,2021,05/23/2021 23:50 CDT,97390,22.47,81.2,2.05,8.05,0,102407.59
TWB14,Uvalde_2020_02,29.60214,-99.73007,436.7784,6/28/21,p,2021,05/23/2021 23:55 CDT,97396,22.48,81.2,1.88,8.05,0,102413.9
TWB14,Uvalde_2020_02,29.60214,-99.73007,436.7784,6/28/21,p,2021,05/24/2021 00:00 CDT,97398,22.49,81.2,2.8,8.05,0,102416
TWB14,Uvalde_2020_02,29.60214,-99.73007,436.7784,6/28/21,p,2021,05/24/2021 00:05 CDT,97403,22.49,81.2,3.28,8.215,0,102421.26
TWB14,Uvalde_2020_02,29.60214,-99.73007,436.7784,6/28/21,p,2021,05/24/2021 00:10 CDT,97415,22.5,81.1,3.98,8.215,0,102433.7
TWB14,Uvalde_2020_02,29.60214,-99.73007,436.7784,6/28/21,p,2021,05/24/2021 00:15 CDT,97420,22.49,81.3,3.395,8.215,0,102438.96
TWB14,Uvalde_2020_02,29.60214,-99.73007,436.7784,6/28/21,p,2021,05/24/2021 00:20 CDT,97426,22.48,81.3,2.84,8.215,0,102445.44
TWB14,Uvalde_2020_02,29.60214,-99.73007,436.7784,6/28/21,p,2021,05/24/2021 00:25 CDT,97432,22.47,81.3,3.165,8.215,0,102451.92
TWB14,Uvalde_2020_02,29.60214,-99.73007,436.7784,6/28/21,p,2021,05/24/2021 00:30 CDT,97428,22.42,82.1,3.45,8.215,1.45,102448.41
TWB14,Uvalde_2020_02,29.60214,-99.73007,436.7784,6/28/21,p,2021,05/24/2021 00:35 CDT,97426,22.28,83.3,2.55,8.215,0.02,102448.03
TWB14,Uvalde_2020_02,29.60214,-99.73007,436.7784,6/28/21,p,2021,05/24/2021 00:40 CDT,97432,22.11,85.3,2.56,8.215,3.09,102457.11
TWB14,Uvalde_2020_02,29.60214,-99.73007,436.7784,6/28/21,p,2021,05/24/2021 00:45 CDT,97428,21.91,86.1,2.41,8.215,0.58,102456.38
TWB14,Uvalde_2020_02,29.60214,-99.73007,436.7784,6/28/21,p,2021,05/24/2021 00:50 CDT,97443,21.8,86.3,2.135,8.215,0,102474.6
TWB14,Uvalde_2020_02,29.60214,-99.73007,436.7784,6/28/21,p,2021,05/24/2021 00:55 CDT,97453,21.73,88,2.775,8.215,1.94,102486.32
TWB14,Uvalde_2020_02,29.60214,-99.73007,436.7784,6/28/21,p,2021,05/24/2021 01:00 CDT,97457,21.54,89,2.52,8.215,1.12,102493.49
TWB14,Uvalde_2020_02,29.60214,-99.73007,436.7784,6/28/21,p,2021,05/24/2021 01:05 CDT,97463,21.44,89.4,2.455,8.215,0.04,102501.72
TWB14,Uvalde_2020_02,29.60214,-99.73007,436.7784,6/28/21,p,2021,05/24/2021 01:10 CDT,97462,21.36,90.3,1.855,8.215,0,102502.07
TWB14,Uvalde_2020_02,29.60214,-99.73007,436.7784,6/28/21,p,2021,05/24/2021 01:15 CDT,97443,21.26,90.6,2.55,8.215,0,102484.01
TWB14,Uvalde_2020_02,29.60214,-99.73007,436.7784,6/28/21,p,2021,05/24/2021 01:20 CDT,97427,21.21,91,1.9,8.215,0,102468.23
TWB14,Uvalde_2020_02,29.60214,-99.73007,436.7784,6/28/21,p,2021,05/24/2021 01:25 CDT,97426,21.21,91.1,2.43,8.215,0,102467.7
TWB14,Uvalde_2020_02,29.60214,-99.73007,436.7784,6/28/21,p,2021,05/24/2021 01:30 CDT,97426,21.22,91,2.17,8.215,0,102467.7
TWB14,Uvalde_2020_02,29.60214,-99.73007,436.7784,6/28/21,p,2021,05/24/2021 01:35 CDT,97422,21.26,90.5,2.73,8.215,0,102463.32
TWB14,Uvalde_2020_02,29.60214,-99.73007,436.7784,6/28/21,p,2021,05/24/2021 01:40 CDT,97428,21.28,90.5,1.83,8.215,0,102469.11
TWB14,Uvalde_2020_02,29.60214,-99.73007,436.7784,6/28/21,p,2021,05/24/2021 01:45 CDT,97426,21.3,90.5,1.74,8.215,0,102466.48
TWB14,Uvalde_2020_02,29.60214,-99.73007,436.7784,6/28/21,p,2021,05/24/2021 01:50 CDT,97414,21.29,90.6,2.19,8.215,0,102453.86
TWB14,Uvalde_2020_02,29.60214,-99.73007,436.7784,6/28/21,p,2021,05/24/2021 01:55 CDT,97406,21.29,90.6,1.74,8.215,0,102445.44
TWB14,Uvalde_2020_02,29.60214,-99.73007,436.7784,6/28/21,p,2021,05/24/2021 02:00 CDT,97404,21.31,90.6,2.19,8.215,0,102443.34
TWB14,Uvalde_2020_02,29.60214,-99.73007,436.7784,6/28/21,p,2021,05/24/2021 02:05 CDT,97408,21.33,90.3,2.9,8.215,0,102447.37
TWB14,Uvalde_2020_02,29.60214,-99.73007,436.7784,6/28/21,p,2021,05/24/2021 02:10 CDT,97402,21.34,89.9,2.71,8.215,0,102440.72
TWB14,Uvalde_2020_02,29.60214,-99.73007,436.7784,6/28/21,p,2021,05/24/2021 02:15 CDT,97401,21.37,89.9,2.305,8.215,0,102438.96
TWB14,Uvalde_2020_02,29.60214,-99.73007,436.7784,6/28/21,p,2021,05/24/2021 02:20 CDT,97403,21.37,89.7,2.44,8.215,0,102441.07
TWB14,Uvalde_2020_02,29.60214,-99.73007,436.7784,6/28/21,p,2021,05/24/2021 02:25 CDT,97401,21.37,89.7,2.5,8.215,0,102438.79
TWB14,Uvalde_2020_02,29.60214,-99.73007,436.7784,6/28/21,p,2021,05/24/2021 02:30 CDT,97393,21.32,90,1.875,8.215,0,102431.07
TWB14,Uvalde_2020_02,29.60214,-99.73007,436.7784,6/28/21,p,2021,05/24/2021 02:35 CDT,97391,21.29,90.2,1.8,8.215,0,102429.49
TWB14,Uvalde_2020_02,29.60214,-99.73007,436.7784,6/28/21,p,2021,05/24/2021 02:40 CDT,97380,21.29,90.2,1.905,8.215,0,102417.92
TWB14,Uvalde_2020_02,29.60214,-99.73007,436.7784,6/28/21,p,2021,05/24/2021 02:45 CDT,97381,21.3,89.9,1.695,8.215,0,102418.98
TWB14,Uvalde_2020_02,29.60214,-99.73007,436.7784,6/28/21,p,2021,05/24/2021 02:50 CDT,97378,21.32,90,1.75,8.215,0,102415.65
TWB14,Uvalde_2020_02,29.60214,-99.73007,436.7784,6/28/21,p,2021,05/24/2021 02:55 CDT,97375,21.33,89.7,2.225,8.215,0,102412.14
TWB14,Uvalde_2020_02,29.60214,-99.73007,436.7784,6/28/21,p,2021,05/24/2021 03:00 CDT,97355,21.37,89.7,2.01,8.215,0,102390.41
TWB14,Uvalde_2020_02,29.60214,-99.73007,436.7784,6/28/21,p,2021,05/24/2021 03:05 CDT,97334,21.36,89.6,2,8.215,0.01,102368.32
TWB14,Uvalde_2020_02,29.60214,-99.73007,436.7784,6/28/21,p,2021,05/24/2021 03:10 CDT,97325,21.35,89.7,1.815,8.215,0,102358.86
TWB14,Uvalde_2020_02,29.60214,-99.73007,436.7784,6/28/21,p,2021,05/24/2021 03:15 CDT,97320,21.33,89.8,2.235,8.215,0,102354.47
TWB14,Uvalde_2020_02,29.60214,-99.73007,436.7784,6/28/21,p,2021,05/24/2021 03:20 CDT,97302,21.31,89.9,1.34,8.215,0,102335.89
TWB14,Uvalde_2020_02,29.60214,-99.73007,436.7784,6/28/21,p,2021,05/24/2021 03:25 CDT,97278,21.32,89.7,2.21,8.215,0,102310.65
TWB14,Uvalde_2020_02,29.60214,-99.73007,436.7784,6/28/21,p,2021,05/24/2021 03:30 CDT,97270,21.33,89.7,1.7,8.215,0,102302.06
TWB14,Uvalde_2020_02,29.60214,-99.73007,436.7784,6/28/21,p,2021,05/24/2021 03:35 CDT,97269,21.29,90,1.4,8.215,0,102301.18
TWB14,Uvalde_2020_02,29.60214,-99.73007,436.7784,6/28/21,p,2021,05/24/2021 03:40 CDT,97269,21.29,90.1,1.26,8.215,0,102301.18
TWB14,Uvalde_2020_02,29.60214,-99.73007,436.7784,6/28/21,p,2021,05/24/2021 03:45 CDT,97257,21.26,90.4,1.515,8.215,0,102288.73
TWB14,Uvalde_2020_02,29.60214,-99.73007,436.7784,6/28/21,p,2021,05/24/2021 03:50 CDT,97244,21.23,90.7,1.5,8.215,0,102275.23
TWB14,Uvalde_2020_02,29.60214,-99.73007,436.7784,6/28/21,p,2021,05/24/2021 03:55 CDT,97228,21.22,90.7,1.81,8.215,0,102258.93
TWB14,Uvalde_2020_02,29.60214,-99.73007,436.7784,6/28/21,p,2021,05/24/2021 04:00 CDT,97228,21.24,90.6,1.83,8.215,0,102258.93
TWB14,Uvalde_2020_02,29.60214,-99.73007,436.7784,6/28/21,p,2021,05/24/2021 04:05 CDT,97219,21.24,90.5,1.75,8.215,0,102249.47
TWB14,Uvalde_2020_02,29.60214,-99.73007,436.7784,6/28/21,p,2021,05/24/2021 04:10 CDT,97214,21.24,90.5,1.59,8.215,0,102243.86
TWB14,Uvalde_2020_02,29.60214,-99.73007,436.7784,6/28/21,p,2021,05/24/2021 04:15 CDT,97211,21.23,90.3,2.065,8.215,0,102241.05
TWB14,Uvalde_2020_02,29.60214,-99.73007,436.7784,6/28/21,p,2021,05/24/2021 04:20 CDT,97215,21.25,90.2,2,8.215,0,102245.26
TWB14,Uvalde_2020_02,29.60214,-99.73007,436.7784,6/28/21,p,2021,05/24/2021 04:25 CDT,97212,21.27,89.9,2.24,8.215,0,102241.41
TWB14,Uvalde_2020_02,29.60214,-99.73007,436.7784,6/28/21,p,2021,05/24/2021 04:30 CDT,97216,21.28,89.9,2.05,8.215,0,102245.62
TWB14,Uvalde_2020_02,29.60214,-99.73007,436.7784,6/28/21,p,2021,05/24/2021 04:35 CDT,97221,21.31,89.7,2.1,8.215,0,102250.7
TWB14,Uvalde_2020_02,29.60214,-99.73007,436.7784,6/28/21,p,2021,05/24/2021 04:40 CDT,97242,21.35,89.8,1.94,8.215,0,102271.91
TWB14,Uvalde_2020_02,29.60214,-99.73007,436.7784,6/28/21,p,2021,05/24/2021 04:45 CDT,97259,21.37,89.9,1.79,8.215,0,102289.27
TWB14,Uvalde_2020_02,29.60214,-99.73007,436.7784,6/28/21,p,2021,05/24/2021 04:50 CDT,97269,21.4,90.1,1.84,8.215,0,102298.91
TWB14,Uvalde_2020_02,29.60214,-99.73007,436.7784,6/28/21,p,2021,05/24/2021 04:55 CDT,97267,21.4,90.2,1.81,8.215,0,102296.81
TWB14,Uvalde_2020_02,29.60214,-99.73007,436.7784,6/28/21,p,2021,05/24/2021 05:00 CDT,97265,21.42,90.2,1.765,8.215,0,102294.53
TWB14,Uvalde_2020_02,29.60214,-99.73007,436.7784,6/28/21,p,2021,05/24/2021 05:05 CDT,97268,21.46,89.8,2.365,8.215,0,102297.34
TWB14,Uvalde_2020_02,29.60214,-99.73007,436.7784,6/28/21,p,2021,05/24/2021 05:10 CDT,97266,21.5,89.6,2.195,8.215,0,102294.54
TWB14,Uvalde_2020_02,29.60214,-99.73007,436.7784,6/28/21,p,2021,05/24/2021 05:15 CDT,97266,21.51,89.5,2.375,8.215,0,102294.36
TWB14,Uvalde_2020_02,29.60214,-99.73007,436.7784,6/28/21,p,2021,05/24/2021 05:20 CDT,97261,21.49,89.5,1.795,8.215,0,102289.28
TWB14,Uvalde_2020_02,29.60214,-99.73007,436.7784,6/28/21,p,2021,05/24/2021 05:25 CDT,97260,21.49,89.3,2.06,8.215,0,102288.23
TWB14,Uvalde_2020_02,29.60214,-99.73007,436.7784,6/28/21,p,2021,05/24/2021 05:30 CDT,97266,21.5,89.3,1.475,8.215,0,102294.36
TWB14,Uvalde_2020_02,29.60214,-99.73007,436.7784,6/28/21,p,2021,05/24/2021 05:35 CDT,97267,21.49,89.8,1.725,8.215,1.04,102295.41
TWB14,Uvalde_2020_02,29.60214,-99.73007,436.7784,6/28/21,p,2021,05/24/2021 05:40 CDT,97268,21.36,91.7,2.345,8.215,4.39,102297.5
TWB14,Uvalde_2020_02,29.60214,-99.73007,436.7784,6/28/21,p,2021,05/24/2021 05:45 CDT,97278,21.15,92.8,1.915,8.215,1.92,102311.33
TWB14,Uvalde_2020_02,29.60214,-99.73007,436.7784,6/28/21,p,2021,05/24/2021 05:50 CDT,97290,21.09,93.2,1.805,8.215,0.8,102325.52
TWB14,Uvalde_2020_02,29.60214,-99.73007,436.7784,6/28/21,p,2021,05/24/2021 05:55 CDT,97297,21.05,93.6,1.895,8.215,0.4,102334.28
TWB14,Uvalde_2020_02,29.60214,-99.73007,436.7784,6/28/21,p,2021,05/24/2021 06:00 CDT,97312,21.03,93.7,2.02,8.215,0.07,102351.11
TWB14,Uvalde_2020_02,29.60214,-99.73007,436.7784,6/28/21,p,2021,05/24/2021 06:05 CDT,97323,21.01,93.9,1.65,8.215,0,102362.85
TWB14,Uvalde_2020_02,29.60214,-99.73007,436.7784,6/28/21,p,2021,05/24/2021 06:10 CDT,97334,20.98,94.2,1.165,8.215,0,102374.77
TWB14,Uvalde_2020_02,29.60214,-99.73007,436.7784,6/28/21,p,2021,05/24/2021 06:15 CDT,97331,20.98,94.3,1.21,8.215,0,102371.26
TWB14,Uvalde_2020_02,29.60214,-99.73007,436.7784,6/28/21,p,2021,05/24/2021 06:20 CDT,97323,20.97,94.6,1.095,8.215,0.01,102363.37
TWB14,Uvalde_2020_02,29.60214,-99.73007,436.7784,6/28/21,p,2021,05/24/2021 06:25 CDT,97326,20.96,94.5,1.34,8.215,0.23,102366.53
TWB14,Uvalde_2020_02,29.60214,-99.73007,436.7784,6/28/21,p,2021,05/24/2021 06:30 CDT,97339,20.95,94.6,1.385,8.215,0.07,102380.55
TWB14,Uvalde_2020_02,29.60214,-99.73007,436.7784,6/28/21,p,2021,05/24/2021 06:35 CDT,97344,20.96,94.5,2.13,8.215,0.28,102385.81
TWB14,Uvalde_2020_02,29.60214,-99.73007,436.7784,6/28/21,p,2021,05/24/2021 06:40 CDT,97338,20.97,94.6,1.69,8.215,0.61,102379.5
TWB14,Uvalde_2020_02,29.60214,-99.73007,436.7784,6/28/21,p,2021,05/24/2021 06:45 CDT,97327,20.95,94.5,1.63,8.215,2.01,102367.93
TWB14,Uvalde_2020_02,29.60214,-99.73007,436.7784,6/28/21,p,2021,05/24/2021 06:50 CDT,97334,20.91,94.5,1.37,8.215,3.62,102376.17
TWB14,Uvalde_2020_02,29.60214,-99.73007,436.7784,6/28/21,p,2021,05/24/2021 06:55 CDT,97339,20.88,94.5,1.21,8.215,5.9,102381.78
TWB14,Uvalde_2020_02,29.60214,-99.73007,436.7784,6/28/21,p,2021,05/24/2021 07:00 CDT,97338,20.85,94.2,1.45,8.215,9.21,102381.08
TWB14,Uvalde_2020_02,29.60214,-99.73007,436.7784,6/28/21,p,2021,05/24/2021 07:05 CDT,97347,20.8,94.1,1.115,8.215,13.01,102391.95
TWB14,Uvalde_2020_02,29.60214,-99.73007,436.7784,6/28/21,p,2021,05/24/2021 07:10 CDT,97352,20.76,94,1.29,8.215,15.45,102397.92
TWB14,Uvalde_2020_02,29.60214,-99.73007,436.7784,6/28/21,p,2021,05/24/2021 07:15 CDT,97355,20.76,93.8,1.64,8.215,20.77,102401.25
TWB14,Uvalde_2020_02,29.60214,-99.73007,436.7784,6/28/21,p,2021,05/24/2021 07:20 CDT,97367,20.76,93.6,1.52,8.215,20.69,102413.87
TWB14,Uvalde_2020_02,29.60214,-99.73007,436.7784,6/28/21,p,2021,05/24/2021 07:25 CDT,97376,20.79,93.7,1.505,8.215,24.63,102422.99
TWB14,Uvalde_2020_02,29.60214,-99.73007,436.7784,6/28/21,p,2021,05/24/2021 07:30 CDT,97377,20.84,93.7,1.07,8.215,36.15,102422.63
TWB14,Uvalde_2020_02,29.60214,-99.73007,436.7784,6/28/21,p,2021,05/24/2021 07:35 CDT,97379,20.88,93.5,0.935,8.215,38.14,102424.04
TWB14,Uvalde_2020_02,29.60214,-99.73007,436.7784,6/28/21,p,2021,05/24/2021 07:40 CDT,97379,20.94,93.4,0.785,8.215,36.6,102422.98
TWB14,Uvalde_2020_02,29.60214,-99.73007,436.7784,6/28/21,p,2021,05/24/2021 07:45 CDT,97379,20.99,92.9,1.495,8.215,44.31,102422.46
TWB14,Uvalde_2020_02,29.60214,-99.73007,436.7784,6/28/21,p,2021,05/24/2021 07:50 CDT,97386,21.07,92.3,1.48,8.215,56.11,102428.6
TWB14,Uvalde_2020_02,29.60214,-99.73007,436.7784,6/28/21,p,2021,05/24/2021 07:55 CDT,97397,21.12,91.7,1.68,8.215,63.78,102439.3
TWB14,Uvalde_2020_02,29.60214,-99.73007,436.7784,6/28/21,p,2021,05/24/2021 08:00 CDT,97405,21.19,90.9,2.22,8.215,68.8,102446.49
TWB14,Uvalde_2020_02,29.60214,-99.73007,436.7784,6/28/21,p,2021,05/24/2021 08:05 CDT,97407,21.24,90.9,1.375,8.215,45.59,102447.54
TWB14,Uvalde_2020_02,29.60214,-99.73007,436.7784,6/28/21,p,2021,05/24/2021 08:10 CDT,97410,21.28,90.3,1.78,8.215,50.36,102449.65
TWB14,Uvalde_2020_02,29.60214,-99.73007,436.7784,6/28/21,p,2021,05/24/2021 08:15 CDT,97416,21.32,89.9,1.955,8.215,49.09,102455.44
TWB14,Uvalde_2020_02,29.60214,-99.73007,436.7784,6/28/21,p,2021,05/24/2021 08:20 CDT,97408,21.33,89.9,2.005,8.215,38.42,102446.5
TWB14,Uvalde_2020_02,29.60214,-99.73007,436.7784,6/28/21,p,2021,05/24/2021 08:25 CDT,97409,21.37,89.7,2.195,8.215,54.22,102446.85
TWB14,Uvalde_2020_02,29.60214,-99.73007,436.7784,6/28/21,p,2021,05/24/2021 08:30 CDT,97408,21.41,89.2,2.28,8.215,43.98,102445.11
TWB14,Uvalde_2020_02,29.60214,-99.73007,436.7784,6/28/21,p,2021,05/24/2021 08:35 CDT,97406,21.44,88,2.055,8.215,68.22,102442.49
TWB14,Uvalde_2020_02,29.60214,-99.73007,436.7784,6/28/21,p,2021,05/24/2021 08:40 CDT,97400,21.52,88.9,1.645,8.215,90.33,102435.29
TWB14,Uvalde_2020_02,29.60214,-99.73007,436.7784,6/28/21,p,2021,05/24/2021 08:45 CDT,97394,21.63,87.9,1.9,8.215,104.05,102426.89
TWB14,Uvalde_2020_02,29.60214,-99.73007,436.7784,6/28/21,p,2021,05/24/2021 08:50 CDT,97388,21.7,87.4,1.795,8.215,98.57,102419.19
TWB14,Uvalde_2020_02,29.60214,-99.73007,436.7784,6/28/21,p,2021,05/24/2021 08:55 CDT,97395,21.79,86.3,1.76,8.215,109.02,102425.16
TWB14,Uvalde_2020_02,29.60214,-99.73007,436.7784,6/28/21,p,2021,05/24/2021 09:00 CDT,97398,22.06,86.1,1.815,8.215,288.8,102425.18
TWB14,Uvalde_2020_02,29.60214,-99.73007,436.7784,6/28/21,p,2021,05/24/2021 09:05 CDT,97380,22.54,81.8,2.335,8.215,263,102397.94
TWB14,Uvalde_2020_02,29.60214,-99.73007,436.7784,6/28/21,p,2021,05/24/2021 09:10 CDT,97375,22.54,82.8,2.775,8.215,328.34,102390.07
TWB14,Uvalde_2020_02,29.60214,-99.73007,436.7784,6/28/21,p,2021,05/24/2021 09:15 CDT,97374,22.76,82.5,2.845,8.215,309.76,102384.17
TWB14,Uvalde_2020_02,29.60214,-99.73007,436.7784,6/28/21,p,2021,05/24/2021 09:20 CDT,97378,22.86,80.2,2.64,8.215,375.06,102386.83
TWB14,Uvalde_2020_02,29.60214,-99.73007,436.7784,6/28/21,p,2021,05/24/2021 09:25 CDT,97375,22.98,81.3,2.715,8.215,325.09,102380.21
TWB14,Uvalde_2020_02,29.60214,-99.73007,436.7784,6/28/21,p,2021,05/24/2021 09:30 CDT,97365,23.13,78.25,3.29,8.215,343.39,102367.13
TWB14,Uvalde_2020_02,29.60214,-99.73007,436.7784,6/28/21,p,2021,05/24/2021 09:35 CDT,97346,23.08,77.41,2.51,8.215,350.43,102348.71
TWB14,Uvalde_2020_02,29.60214,-99.73007,436.7784,6/28/21,p,2021,05/24/2021 09:40 CDT,97342,23.4,77.18,2.385,8.215,380.24,102340.2
TWB14,Uvalde_2020_02,29.60214,-99.73007,436.7784,6/28/21,p,2021,05/24/2021 09:45 CDT,97344,23.68,77.27,2.17,8.215,232.74,102336.62
TWB14,Uvalde_2020_02,29.60214,-99.73007,436.7784,6/28/21,p,2021,05/24/2021 09:50 CDT,97356,23.64,75.61,2.2,8.215,218.36,102348.39
TWB14,Uvalde_2020_02,29.60214,-99.73007,436.7784,6/28/21,p,2021,05/24/2021 09:55 CDT,97360,23.56,75.17,2.19,8.215,182.85,102353.8
TWB14,Uvalde_2020_02,29.60214,-99.73007,436.7784,6/28/21,p,2021,05/24/2021 10:00 CDT,97362,23.5,74.76,3.025,8.215,275.09,102357.46
TWB14,Uvalde_2020_02,29.60214,-99.73007,436.7784,6/28/21,p,2021,05/24/2021 10:05 CDT,97370,23.45,75.57,2.95,8.215,255.79,102367.75
TWB14,Uvalde_2020_02,29.60214,-99.73007,436.7784,6/28/21,p,2021,05/24/2021 10:10 CDT,97380,23.66,75.23,2.01,8.215,230.53,102375.17
TWB14,Uvalde_2020_02,29.60214,-99.73007,436.7784,6/28/21,p,2021,05/24/2021 10:15 CDT,97385,23.78,73.75,1.935,8.215,258.61,102377.52
TWB14,Uvalde_2020_02,29.60214,-99.73007,436.7784,6/28/21,p,2021,05/24/2021 10:20 CDT,97386,23.91,73.04,2.295,8.215,227.3,102376.68
TWB14,Uvalde_2020_02,29.60214,-99.73007,436.7784,6/28/21,p,2021,05/24/2021 10:25 CDT,97385,23.86,74.11,2.17,8.215,256.97,102375.28
TWB14,Uvalde_2020_02,29.60214,-99.73007,436.7784,6/28/21,p,2021,05/24/2021 10:30 CDT,97379,24,72.76,2.88,8.215,324.04,102366.24
TWB14,Uvalde_2020_02,29.60214,-99.73007,436.7784,6/28/21,p,2021,05/24/2021 10:35 CDT,97374,23.93,74.65,2.8,8.215,192.67,102362
TWB14,Uvalde_2020_02,29.60214,-99.73007,436.7784,6/28/21,p,2021,05/24/2021 10:40 CDT,97373,23.78,76.87,2.875,8.215,248.57,102364.02
TWB14,Uvalde_2020_02,29.60214,-99.73007,436.7784,6/28/21,p,2021,05/24/2021 10:45 CDT,97370,24.13,72.76,2.435,8.215,338.58,102355.92
TWB14,Uvalde_2020_02,29.60214,-99.73007,436.7784,6/28/21,p,2021,05/24/2021 10:50 CDT,97379,24.26,71.48,3.085,8.215,369.45,102362.48
TWB14,Uvalde_2020_02,29.60214,-99.73007,436.7784,6/28/21,p,2021,05/24/2021 10:55 CDT,97378,24.3,72.49,3.23,8.215,415.94,102359.19
TWB14,Uvalde_2020_02,29.60214,-99.73007,436.7784,6/28/21,p,2021,05/24/2021 11:00 CDT,97379,24.39,70.54,3.165,8.215,392,102359.75
TWB14,Uvalde_2020_02,29.60214,-99.73007,436.7784,6/28/21,p,2021,05/24/2021 11:05 CDT,97386,24.44,70.84,3.15,8.215,304.3,102366.25
TWB14,Uvalde_2020_02,29.60214,-99.73007,436.7784,6/28/21,p,2021,05/24/2021 11:10 CDT,97389,24.29,72.32,3.195,8.215,229.59,102370.93
TWB14,Uvalde_2020_02,29.60214,-99.73007,436.7784,6/28/21,p,2021,05/24/2021 11:15 CDT,97390,24.32,71.1,3.14,8.215,244.11,102372.67
TWB14,Uvalde_2020_02,29.60214,-99.73007,436.7784,6/28/21,p,2021,05/24/2021 11:20 CDT,97391,24.48,69.01,3.305,8.215,295.26,102371.69
TWB14,Uvalde_2020_02,29.60214,-99.73007,436.7784,6/28/21,p,2021,05/24/2021 11:25 CDT,97393,24.48,69.48,2.915,8.215,215.63,102373.27
TWB14,Uvalde_2020_02,29.60214,-99.73007,436.7784,6/28/21,p,2021,05/24/2021 11:30 CDT,97399,24.55,69.25,2.385,8.215,228.03,102378.73
TWB14,Uvalde_2020_02,29.60214,-99.73007,436.7784,6/28/21,p,2021,05/24/2021 11:35 CDT,97399,24.58,70.59,2.82,8.215,289.39,102377.35
TWB14,Uvalde_2020_02,29.60214,-99.73007,436.7784,6/28/21,p,2021,05/24/2021 11:40 CDT,97396,24.6,71.23,2.86,8.215,362.33,102373.51
TWB14,Uvalde_2020_02,29.60214,-99.73007,436.7784,6/28/21,p,2021,05/24/2021 11:45 CDT,97396,24.83,68.37,2.195,8.215,258.59,102370.97
TWB14,Uvalde_2020_02,29.60214,-99.73007,436.7784,6/28/21,p,2021,05/24/2021 11:50 CDT,97388,24.7,69.65,2.645,8.215,275.27,102363.23
TWB14,Uvalde_2020_02,29.60214,-99.73007,436.7784,6/28/21,p,2021,05/24/2021 11:55 CDT,97379,24.74,68.44,2.95,8.215,340.78,102353.44
TWB14,Uvalde_2020_02,29.60214,-99.73007,436.7784,6/28/21,p,2021,05/24/2021 12:00 CDT,97383,24.8,68.2,3.275,8.215,337.87,102356.46
TWB14,Uvalde_2020_02,29.60214,-99.73007,436.7784,6/28/21,p,2021,05/24/2021 12:05 CDT,97376,24.85,68.71,2.62,8.215,319.85,102348.41
TWB14,Uvalde_2020_02,29.60214,-99.73007,436.7784,6/28/21,p,2021,05/24/2021 12:10 CDT,97376,24.87,68.81,2.605,8.215,244.49,102347.9
TWB14,Uvalde_2020_02,29.60214,-99.73007,436.7784,6/28/21,p,2021,05/24/2021 12:15 CDT,97377,24.64,69.18,3.565,8.215,188.56,102352.02
TWB14,Uvalde_2020_02,29.60214,-99.73007,436.7784,6/28/21,p,2021,05/24/2021 12:20 CDT,97376,24.68,69.31,2.345,8.215,213.8,102352.33
TWB14,Uvalde_2020_02,29.60214,-99.73007,436.7784,6/28/21,p,2021,05/24/2021 12:25 CDT,97375,24.78,68.23,2.855,8.215,233.78,102349.41
TWB14,Uvalde_2020_02,29.60214,-99.73007,436.7784,6/28/21,p,2021,05/24/2021 12:30 CDT,97370,24.79,69.18,2.355,8.215,237.08,102343.98
TWB14,Uvalde_2020_02,29.60214,-99.73007,436.7784,6/28/21,p,2021,05/24/2021 12:35 CDT,97362,24.94,68.44,2.545,8.215,223.59,102333.36
TWB14,Uvalde_2020_02,29.60214,-99.73007,436.7784,6/28/21,p,2021,05/24/2021 12:40 CDT,97348,25.03,66.85,2.37,8.215,325.37,102317.46
TWB14,Uvalde_2020_02,29.60214,-99.73007,436.7784,6/28/21,p,2021,05/24/2021 12:45 CDT,97343,25.32,66.82,2.545,8.215,381.61,102307.1
TWB14,Uvalde_2020_02,29.60214,-99.73007,436.7784,6/28/21,p,2021,05/24/2021 12:50 CDT,97336,25.28,66.68,2.595,8.215,213.69,102298.56
TWB14,Uvalde_2020_02,29.60214,-99.73007,436.7784,6/28/21,p,2021,05/24/2021 12:55 CDT,97336,25.02,68.84,2.905,8.215,160.83,102302.62
TWB14,Uvalde_2020_02,29.60214,-99.73007,436.7784,6/28/21,p,2021,05/24/2021 13:00 CDT,97333,24.99,69.58,2.71,8.215,222.08,102301.67
TWB14,Uvalde_2020_02,29.60214,-99.73007,436.7784,6/28/21,p,2021,05/24/2021 13:05 CDT,97324,25.07,70.42,2.09,8.215,208.35,102290.85
TWB14,Uvalde_2020_02,29.60214,-99.73007,436.7784,6/28/21,p,2021,05/24/2021 13:10 CDT,97322,25,71,2.495,8.215,209.82,102289.25
TWB14,Uvalde_2020_02,29.60214,-99.73007,436.7784,6/28/21,p,2021,05/24/2021 13:15 CDT,97320,25.13,67.36,2.46,8.215,355.91,102286.33
TWB14,Uvalde_2020_02,29.60214,-99.73007,436.7784,6/28/21,p,2021,05/24/2021 13:20 CDT,97305,25.5,67.12,2.685,8.215,414.2,102263.94
TWB14,Uvalde_2020_02,29.60214,-99.73007,436.7784,6/28/21,p,2021,05/24/2021 13:25 CDT,97299,25.86,64.26,3.235,8.215,462.98,102251.05
TWB14,Uvalde_2020_02,29.60214,-99.73007,436.7784,6/28/21,p,2021,05/24/2021 13:30 CDT,97294,26.05,68.03,2.63,8.215,505.54,102242.38
TWB14,Uvalde_2020_02,29.60214,-99.73007,436.7784,6/28/21,p,2021,05/24/2021 13:35 CDT,97293,26.49,61.73,2.635,8.215,577.73,102234.3
TWB14,Uvalde_2020_02,29.60214,-99.73007,436.7784,6/28/21,p,2021,05/24/2021 13:40 CDT,97283,26.71,63.38,2.2,8.215,407.64,102219.56
TWB14,Uvalde_2020_02,29.60214,-99.73007,436.7784,6/28/21,p,2021,05/24/2021 13:45 CDT,97278,26.71,61.97,3.03,8.215,331.76,102212.47
TWB14,Uvalde_2020_02,29.60214,-99.73007,436.7784,6/28/21,p,2021,05/24/2021 13:50 CDT,97274,26.24,64.32,3.43,8.215,473.14,102215.15
TWB14,Uvalde_2020_02,29.60214,-99.73007,436.7784,6/28/21,p,2021,05/24/2021 13:55 CDT,97265,26.66,60.55,2.32,8.215,396.16,102202.19
TWB14,Uvalde_2020_02,29.60214,-99.73007,436.7784,6/28/21,p,2021,05/24/2021 14:00 CDT,97261,26.57,61.45,3.43,8.3,351.83,102197.31
TWB14,Uvalde_2020_02,29.60214,-99.73007,436.7784,6/28/21,p,2021,05/24/2021 14:05 CDT,97251,26.35,61.96,3.535,8.3,409.83,102189.99
TWB14,Uvalde_2020_02,29.60214,-99.73007,436.7784,6/28/21,p,2021,05/24/2021 14:10 CDT,97242,26.69,61.89,2.23,8.3,291.27,102178.01
TWB14,Uvalde_2020_02,29.60214,-99.73007,436.7784,6/28/21,p,2021,05/24/2021 14:15 CDT,97243,26.63,61.55,2.98,8.3,303.25,102177.72
TWB14,Uvalde_2020_02,29.60214,-99.73007,436.7784,6/28/21,p,2021,05/24/2021 14:20 CDT,97236,26.54,61.01,2.9,8.3,495.01,102173.23
TWB14,Uvalde_2020_02,29.60214,-99.73007,436.7784,6/28/21,p,2021,05/24/2021 14:25 CDT,97230,27.02,60.33,2.845,8.3,521.89,102159.54
TWB14,Uvalde_2020_02,29.60214,-99.73007,436.7784,6/28/21,p,2021,05/24/2021 14:30 CDT,97224,27.24,60.1,3.08,8.3,308.67,102147.03
TWB14,Uvalde_2020_02,29.60214,-99.73007,436.7784,6/28/21,p,2021,05/24/2021 14:35 CDT,97213,26.77,61.04,2.85,8.3,312.71,102141.5
TWB14,Uvalde_2020_02,29.60214,-99.73007,436.7784,6/28/21,p,2021,05/24/2021 14:40 CDT,97205,26.83,59.29,2.81,8.3,235.04,102134.79
TWB14,Uvalde_2020_02,29.60214,-99.73007,436.7784,6/28/21,p,2021,05/24/2021 14:45 CDT,97201,26.76,59.39,2.16,8.3,206.16,102131.59
TWB14,Uvalde_2020_02,29.60214,-99.73007,436.7784,6/28/21,p,2021,05/24/2021 14:50 CDT,97198,26.76,60.33,2.325,8.3,225.8,102129.1
TWB14,Uvalde_2020_02,29.60214,-99.73007,436.7784,6/28/21,p,2021,05/24/2021 14:55 CDT,97188,26.75,61,2.63,8.3,358.69,102118.93
TWB14,Uvalde_2020_02,29.60214,-99.73007,436.7784,6/28/21,p,2021,05/24/2021 15:00 CDT,97175,27.05,60.26,2.86,8.3,516.26,102100.74
TWB14,Uvalde_2020_02,29.60214,-99.73007,436.7784,6/28/21,p,2021,05/24/2021 15:05 CDT,97171,27.41,56.83,2.42,8.3,611.06,102089.88
TWB14,Uvalde_2020_02,29.60214,-99.73007,436.7784,6/28/21,p,2021,05/24/2021 15:10 CDT,97159,27.52,56.93,3.195,8.3,609.33,102072.09
TWB14,Uvalde_2020_02,29.60214,-99.73007,436.7784,6/28/21,p,2021,05/24/2021 15:15 CDT,97148,27.56,56.73,2.75,8.3,454.77,102060.37
TWB14,Uvalde_2020_02,29.60214,-99.73007,436.7784,6/28/21,p,2021,05/24/2021 15:20 CDT,97142,27.55,58.51,2.375,8.3,512.81,102055.05
TWB14,Uvalde_2020_02,29.60214,-99.73007,436.7784,6/28/21,p,2021,05/24/2021 15:25 CDT,97130,27.68,55.21,2.64,8.3,386.08,102040.31
TWB14,Uvalde_2020_02,29.60214,-99.73007,436.7784,6/28/21,p,2021,05/24/2021 15:30 CDT,97124,27.57,53.02,3.2,8.3,612.82,102035.36
TWB14,Uvalde_2020_02,29.60214,-99.73007,436.7784,6/28/21,p,2021,05/24/2021 15:35 CDT,97119,28.06,54,2.72,8.3,657.43,102023.44
TWB14,Uvalde_2020_02,29.60214,-99.73007,436.7784,6/28/21,p,2021,05/24/2021 15:40 CDT,97108,28.2,53.83,2.43,8.3,670.96,102007.9
TWB14,Uvalde_2020_02,29.60214,-99.73007,436.7784,6/28/21,p,2021,05/24/2021 15:45 CDT,97092,28.47,54.8,2.62,8.3,635.53,101986.27
TWB14,Uvalde_2020_02,29.60214,-99.73007,436.7784,6/28/21,p,2021,05/24/2021 15:50 CDT,97093,28.8,51.97,2.82,8.3,543.11,101981.39
TWB14,Uvalde_2020_02,29.60214,-99.73007,436.7784,6/28/21,p,2021,05/24/2021 15:55 CDT,97097,28.46,53.32,2.745,8.3,450.27,101989.22
TWB14,Uvalde_2020_02,29.60214,-99.73007,436.7784,6/28/21,p,2021,05/24/2021 16:00 CDT,97091,28.01,54.12,2.73,8.3,522.88,101990.53
TWB14,Uvalde_2020_02,29.60214,-99.73007,436.7784,6/28/21,p,2021,05/24/2021 16:05 CDT,97088,28.24,56.04,2.485,8.3,650.5,101986.7
TWB14,Uvalde_2020_02,29.60214,-99.73007,436.7784,6/28/21,p,2021,05/24/2021 16:10 CDT,97087,28.83,52.95,2.6,8.3,613.01,101977.89
TWB14,Uvalde_2020_02,29.60214,-99.73007,436.7784,6/28/21,p,2021,05/24/2021 16:15 CDT,97087,28.45,53.96,2.97,8.3,389.14,101980.2
TWB14,Uvalde_2020_02,29.60214,-99.73007,436.7784,6/28/21,p,2021,05/24/2021 16:20 CDT,97082,28.31,56.14,1.9,8.3,534.35,101979.23
TWB14,Uvalde_2020_02,29.60214,-99.73007,436.7784,6/28/21,p,2021,05/24/2021 16:25 CDT,97085,28.87,54.06,3.015,8.3,530.18,101973.3
TWB14,Uvalde_2020_02,29.60214,-99.73007,436.7784,6/28/21,p,2021,05/24/2021 16:30 CDT,97086,28.5,54.06,2.955,8.3,433.59,101978.65
TWB14,Uvalde_2020_02,29.60214,-99.73007,436.7784,6/28/21,p,2021,05/24/2021 16:35 CDT,97087,28.45,54.7,2.47,8.3,426.17,101981.68
TWB14,Uvalde_2020_02,29.60214,-99.73007,436.7784,6/28/21,p,2021,05/24/2021 16:40 CDT,97087,28.31,55.87,2.665,8.3,218.78,101983.33
TWB14,Uvalde_2020_02,29.60214,-99.73007,436.7784,6/28/21,p,2021,05/24/2021 16:45 CDT,97090,28.23,55.53,2.21,8.3,360.71,101990.96
TWB14,Uvalde_2020_02,29.60214,-99.73007,436.7784,6/28/21,p,2021,05/24/2021 16:50 CDT,97081,28.25,55.74,2.11,8.3,423.7,101980.34
TWB14,Uvalde_2020_02,29.60214,-99.73007,436.7784,6/28/21,p,2021,05/24/2021 16:55 CDT,97072,28.63,51.56,2.495,8.3,524.41,101965.13
TWB14,Uvalde_2020_02,29.60214,-99.73007,436.7784,6/28/21,p,2021,05/24/2021 17:00 CDT,97069,29.12,51.86,2.435,8.3,560.3,101953.87
TWB14,Uvalde_2020_02,29.60214,-99.73007,436.7784,6/28/21,p,2021,05/24/2021 17:05 CDT,97057,29.09,53.01,2.815,8.3,532.01,101938.62
TWB14,Uvalde_2020_02,29.60214,-99.73007,436.7784,6/28/21,p,2021,05/24/2021 17:10 CDT,97048,28.98,54.08,2.54,8.3,515.48,101932.12
TWB14,Uvalde_2020_02,29.60214,-99.73007,436.7784,6/28/21,p,2021,05/24/2021 17:15 CDT,97031,28.99,52.03,2.85,8.3,478.77,101913.63
TWB14,Uvalde_2020_02,29.60214,-99.73007,436.7784,6/28/21,p,2021,05/24/2021 17:20 CDT,97032,28.95,52.4,2.415,8.3,452.07,101915.17
TWB14,Uvalde_2020_02,29.60214,-99.73007,436.7784,6/28/21,p,2021,05/24/2021 17:25 CDT,97033,29.07,51.69,2.61,8.3,380.9,101915.9
TWB14,Uvalde_2020_02,29.60214,-99.73007,436.7784,6/28/21,p,2021,05/24/2021 17:30 CDT,97027,28.93,52.23,2.095,8.3,267.63,101911.24
TWB14,Uvalde_2020_02,29.60214,-99.73007,436.7784,6/28/21,p,2021,05/24/2021 17:35 CDT,97024,28.86,52.6,2.44,8.3,219.48,101909.24
TWB14,Uvalde_2020_02,29.60214,-99.73007,436.7784,6/28/21,p,2021,05/24/2021 17:40 CDT,97019,28.7,52.84,2.795,8.3,275.76,101906.96
TWB14,Uvalde_2020_02,29.60214,-99.73007,436.7784,6/28/21,p,2021,05/24/2021 17:45 CDT,97025,28.63,51.62,2.165,8.3,172.03,101915.93
TWB14,Uvalde_2020_02,29.60214,-99.73007,436.7784,6/28/21,p,2021,05/24/2021 17:50 CDT,97026,28.38,52.84,2.62,8.3,176.14,101920.44
TWB14,Uvalde_2020_02,29.60214,-99.73007,436.7784,6/28/21,p,2021,05/24/2021 17:55 CDT,97027,28.25,53.31,1.76,8.3,125.79,101924.47
TWB14,Uvalde_2020_02,29.60214,-99.73007,436.7784,6/28/21,p,2021,05/24/2021 18:00 CDT,97024,28.24,54.12,1.52,8.3,137.31,101922.14
TWB14,Uvalde_2020_02,29.60214,-99.73007,436.7784,6/28/21,p,2021,05/24/2021 18:05 CDT,97019,28.3,53.99,1.83,8.3,135.79,101916.56
TWB14,Uvalde_2020_02,29.60214,-99.73007,436.7784,6/28/21,p,2021,05/24/2021 18:10 CDT,97017,28.34,55.03,1.695,8.3,151.94,101914.28
TWB14,Uvalde_2020_02,29.60214,-99.73007,436.7784,6/28/21,p,2021,05/24/2021 18:15 CDT,97011,28.34,54.33,2.085,8.3,146.91,101907.65
TWB14,Uvalde_2020_02,29.60214,-99.73007,436.7784,6/28/21,p,2021,05/24/2021 18:20 CDT,97017,28.22,54.06,2.855,8.3,137.32,101915.79
TWB14,Uvalde_2020_02,29.60214,-99.73007,436.7784,6/28/21,p,2021,05/24/2021 18:25 CDT,97021,28.19,53.86,2.375,8.3,148.88,101921.49
TWB14,Uvalde_2020_02,29.60214,-99.73007,436.7784,6/28/21,p,2021,05/24/2021 18:30 CDT,97020,28.18,53.92,2.065,8.3,155.45,101920.6
TWB14,Uvalde_2020_02,29.60214,-99.73007,436.7784,6/28/21,p,2021,05/24/2021 18:35 CDT,97026,28.24,53.86,2.055,8.3,182.32,101926.24
TWB14,Uvalde_2020_02,29.60214,-99.73007,436.7784,6/28/21,p,2021,05/24/2021 18:40 CDT,97024,28.32,55.34,2.33,8.3,192.21,101922.13
TWB14,Uvalde_2020_02,29.60214,-99.73007,436.7784,6/28/21,p,2021,05/24/2021 18:45 CDT,97023,28.41,54.43,2.445,8.3,188.19,101919.43
TWB14,Uvalde_2020_02,29.60214,-99.73007,436.7784,6/28/21,p,2021,05/24/2021 18:50 CDT,97029,28.37,55.44,2.67,8.3,133.47,101925.72
TWB14,Uvalde_2020_02,29.60214,-99.73007,436.7784,6/28/21,p,2021,05/24/2021 18:55 CDT,97029,28.21,54.81,2.32,8.3,132.96,101928.05
TWB14,Uvalde_2020_02,29.60214,-99.73007,436.7784,6/28/21,p,2021,05/24/2021 19:00 CDT,97018,28.13,55.68,3.13,8.3,123.98,101918.65
TWB14,Uvalde_2020_02,29.60214,-99.73007,436.7784,6/28/21,p,2021,05/24/2021 19:05 CDT,97019,28.05,55.55,2.79,8.3,100.65,101921.36
TWB14,Uvalde_2020_02,29.60214,-99.73007,436.7784,6/28/21,p,2021,05/24/2021 19:10 CDT,97021,27.94,56.09,2.725,8.3,96.72,101925.79
TWB14,Uvalde_2020_02,29.60214,-99.73007,436.7784,6/28/21,p,2021,05/24/2021 19:15 CDT,97020,27.9,56.36,3.17,8.3,93.53,101925.73
TWB14,Uvalde_2020_02,29.60214,-99.73007,436.7784,6/28/21,p,2021,05/24/2021 19:20 CDT,97018,27.87,57.1,2.63,8.3,89.26,101924.13
TWB14,Uvalde_2020_02,29.60214,-99.73007,436.7784,6/28/21,p,2021,05/24/2021 19:25 CDT,97013,27.87,57.23,2.26,8.3,86.08,101919.2
TWB14,Uvalde_2020_02,29.60214,-99.73007,436.7784,6/28/21,p,2021,05/24/2021 19:30 CDT,97016,27.81,57.03,2.625,8.3,83.13,101923.02
TWB14,Uvalde_2020_02,29.60214,-99.73007,436.7784,6/28/21,p,2021,05/24/2021 19:35 CDT,97025,27.73,57.5,2.695,8.3,79.37,101933.81
TWB14,Uvalde_2020_02,29.60214,-99.73007,436.7784,6/28/21,p,2021,05/24/2021 19:40 CDT,97030,27.63,57.77,2.845,8.3,67.03,101941.06
TWB14,Uvalde_2020_02,29.60214,-99.73007,436.7784,6/28/21,p,2021,05/24/2021 19:45 CDT,97020,27.53,58.18,2.81,8.3,55.55,101932.05
TWB14,Uvalde_2020_02,29.60214,-99.73007,436.7784,6/28/21,p,2021,05/24/2021 19:50 CDT,97034,27.4,58.38,3.17,8.3,44.39,101949.27
TWB14,Uvalde_2020_02,29.60214,-99.73007,436.7784,6/28/21,p,2021,05/24/2021 19:55 CDT,97042,27.32,58.99,2.95,8.3,35.27,101959.17
TWB14,Uvalde_2020_02,29.60214,-99.73007,436.7784,6/28/21,p,2021,05/24/2021 20:00 CDT,97044,27.25,59.5,2.82,8.3,32.52,101962.44
TWB14,Uvalde_2020_02,29.60214,-99.73007,436.7784,6/28/21,p,2021,05/24/2021 20:05 CDT,97045,27.21,59.87,2.66,8.3,22.7,101964.49
TWB14,Uvalde_2020_02,29.60214,-99.73007,436.7784,6/28/21,p,2021,05/24/2021 20:10 CDT,97048,27.1,62.77,2.52,8.3,13.81,101968.95
TWB14,Uvalde_2020_02,29.60214,-99.73007,436.7784,6/28/21,p,2021,05/24/2021 20:15 CDT,97064,26.82,66.34,3.57,8.55,11.98,101989.25
TWB14,Uvalde_2020_02,29.60214,-99.73007,436.7784,6/28/21,p,2021,05/24/2021 20:20 CDT,97075,26.5,67.15,3.14,8.55,8.78,102006.52
TWB14,Uvalde_2020_02,29.60214,-99.73007,436.7784,6/28/21,p,2021,05/24/2021 20:25 CDT,97078,26.31,67.52,3.13,8.55,4.89,102013.54
TWB14,Uvalde_2020_02,29.60214,-99.73007,436.7784,6/28/21,p,2021,05/24/2021 20:30 CDT,97099,26.18,68.27,3.16,8.55,2.37,102037.96
TWB14,Uvalde_2020_02,29.60214,-99.73007,436.7784,6/28/21,p,2021,05/24/2021 20:35 CDT,97113,26.04,68.91,2.645,8.55,1.27,102055.37
TWB14,Uvalde_2020_02,29.60214,-99.73007,436.7784,6/28/21,p,2021,05/24/2021 20:40 CDT,97130,25.92,69.65,2.495,8.55,0.62,102075.26
TWB14,Uvalde_2020_02,29.60214,-99.73007,436.7784,6/28/21,p,2021,05/24/2021 20:45 CDT,97123,25.78,69.38,2.805,8.55,0.25,102070.44
TWB14,Uvalde_2020_02,29.60214,-99.73007,436.7784,6/28/21,p,2021,05/24/2021 20:50 CDT,97122,25.66,69.65,3.25,8.3,0,102071.42
TWB14,Uvalde_2020_02,29.60214,-99.73007,436.7784,6/28/21,p,2021,05/24/2021 20:55 CDT,97123,25.52,70.32,2.725,8.3,0,102074.84
TWB14,Uvalde_2020_02,29.60214,-99.73007,436.7784,6/28/21,p,2021,05/24/2021 21:00 CDT,97133,25.4,70.59,2.955,8.3,0,102087.38
TWB14,Uvalde_2020_02,29.60214,-99.73007,436.7784,6/28/21,p,2021,05/24/2021 21:05 CDT,97136,25.29,70.26,2.375,8.3,0.02,102092.06
TWB14,Uvalde_2020_02,29.60214,-99.73007,436.7784,6/28/21,p,2021,05/24/2021 21:10 CDT,97149,25.16,69.05,3.65,8.3,0,102108.29
TWB14,Uvalde_2020_02,29.60214,-99.73007,436.7784,6/28/21,p,2021,05/24/2021 21:15 CDT,97162,25.04,69.86,2.685,8.3,0.11,102123.81
TWB14,Uvalde_2020_02,29.60214,-99.73007,436.7784,6/28/21,p,2021,05/24/2021 21:20 CDT,97166,24.92,70,3.29,8.3,0.01,102130.57
TWB14,Uvalde_2020_02,29.60214,-99.73007,436.7784,6/28/21,p,2021,05/24/2021 21:25 CDT,97164,24.83,70.74,3.46,8.3,0,102129.65
TWB14,Uvalde_2020_02,29.60214,-99.73007,436.7784,6/28/21,p,2021,05/24/2021 21:30 CDT,97160,24.74,71.51,2.65,8.3,0.03,102127.15
TWB14,Uvalde_2020_02,29.60214,-99.73007,436.7784,6/28/21,p,2021,05/24/2021 21:35 CDT,97165,24.66,71.75,3.64,8.3,0,102134.11
TWB14,Uvalde_2020_02,29.60214,-99.73007,436.7784,6/28/21,p,2021,05/24/2021 21:40 CDT,97165,24.61,72.16,3.145,8.3,0,102134.79
TWB14,Uvalde_2020_02,29.60214,-99.73007,436.7784,6/28/21,p,2021,05/24/2021 21:45 CDT,97170,24.56,72.36,3,8.3,0,102140.89
TWB14,Uvalde_2020_02,29.60214,-99.73007,436.7784,6/28/21,p,2021,05/24/2021 21:50 CDT,97170,24.49,73.17,2.215,8.3,0,102141.91
TWB14,Uvalde_2020_02,29.60214,-99.73007,436.7784,6/28/21,p,2021,05/24/2021 21:55 CDT,97171,24.41,74.25,2.87,8.3,0,102144.66
TWB14,Uvalde_2020_02,29.60214,-99.73007,436.7784,6/28/21,p,2021,05/24/2021 22:00 CDT,97174,24.35,75.33,2.815,8.3,0,102148.83
TWB14,Uvalde_2020_02,29.60214,-99.73007,436.7784,6/28/21,p,2021,05/24/2021 22:05 CDT,97186,24.31,76.01,2.135,8.3,0,102162.13
TWB14,Uvalde_2020_02,29.60214,-99.73007,436.7784,6/28/21,p,2021,05/24/2021 22:10 CDT,97187,24.26,76.98,2.69,8.3,0,102163.86
TWB14,Uvalde_2020_02,29.60214,-99.73007,436.7784,6/28/21,p,2021,05/24/2021 22:15 CDT,97187,24.21,77.73,2.4,8.3,0,102164.71
TWB14,Uvalde_2020_02,29.60214,-99.73007,436.7784,6/28/21,p,2021,05/24/2021 22:20 CDT,97195,24.19,78.03,2.88,8.3,0,102173.8
TWB14,Uvalde_2020_02,29.60214,-99.73007,436.7784,6/28/21,p,2021,05/24/2021 22:25 CDT,97199,24.26,78.4,3.13,8.3,0,102176.8
TWB14,Uvalde_2020_02,29.60214,-99.73007,436.7784,6/28/21,p,2021,05/24/2021 22:30 CDT,97198,24.29,78.84,3.965,8.3,0,102175.06
TWB14,Uvalde_2020_02,29.60214,-99.73007,436.7784,6/28/21,p,2021,05/24/2021 22:35 CDT,97196,24.3,79.24,3.35,8.3,0,102172.61
TWB14,Uvalde_2020_02,29.60214,-99.73007,436.7784,6/28/21,p,2021,05/24/2021 22:40 CDT,97199,24.27,79.71,3.71,8.3,0,102176.11
TWB14,Uvalde_2020_02,29.60214,-99.73007,436.7784,6/28/21,p,2021,05/24/2021 22:45 CDT,97206,24.22,79.92,3.885,8.3,0,102184.15
TWB14,Uvalde_2020_02,29.60214,-99.73007,436.7784,6/28/21,p,2021,05/24/2021 22:50 CDT,97222,24.21,80.3,3.905,8.3,0,102201.13
TWB14,Uvalde_2020_02,29.60214,-99.73007,436.7784,6/28/21,p,2021,05/24/2021 22:55 CDT,97226,24.18,80.3,3.365,8.3,0,102206.02
TWB14,Uvalde_2020_02,29.60214,-99.73007,436.7784,6/28/21,p,2021,05/24/2021 23:00 CDT,97228,24.15,80.5,3.28,8.3,0,102208.64
TWB14,Uvalde_2020_02,29.60214,-99.73007,436.7784,6/28/21,p,2021,05/24/2021 23:05 CDT,97243,24.12,80.3,2.545,8.3,0,102225.1
TWB14,Uvalde_2020_02,29.60214,-99.73007,436.7784,6/28/21,p,2021,05/24/2021 23:10 CDT,97250,24.1,80.3,2.78,8.385,0,102232.8
TWB14,Uvalde_2020_02,29.60214,-99.73007,436.7784,6/28/21,p,2021,05/24/2021 23:15 CDT,97251,24.09,80.5,2.88,8.385,0,102233.85
TWB14,Uvalde_2020_02,29.60214,-99.73007,436.7784,6/28/21,p,2021,05/24/2021 23:20 CDT,97250,24.1,80.3,3.33,8.385,0,102232.8
TWB14,Uvalde_2020_02,29.60214,-99.73007,436.7784,6/28/21,p,2021,05/24/2021 23:25 CDT,97252,24.11,80.5,3.35,8.385,0,102234.73
TWB14,Uvalde_2020_02,29.60214,-99.73007,436.7784,6/28/21,p,2021,05/24/2021 23:30 CDT,97255,24.1,80.8,3.225,8.385,0,102237.88
TWB14,Uvalde_2020_02,29.60214,-99.73007,436.7784,6/28/21,p,2021,05/24/2021 23:35 CDT,97270,24.08,81,3,8.385,0,102253.82
TWB14,Uvalde_2020_02,29.60214,-99.73007,436.7784,6/28/21,p,2021,05/24/2021 23:40 CDT,97279,24.06,81.4,3.165,8.715,0,102263.45
TWB14,Uvalde_2020_02,29.60214,-99.73007,436.7784,6/28/21,p,2021,05/24/2021 23:45 CDT,97277,24.01,81.7,3.54,8.715,0,102262.2
TWB14,Uvalde_2020_02,29.60214,-99.73007,436.7784,6/28/21,p,2021,05/24/2021 23:50 CDT,97268,23.97,81.9,3.425,8.715,0.01,102253.42
TWB14,Uvalde_2020_02,29.60214,-99.73007,436.7784,6/28/21,p,2021,05/24/2021 23:55 CDT,97261,23.93,82.1,3.875,8.715,0,102246.58
TWB14,Uvalde_2020_02,29.60214,-99.73007,436.7784,6/28/21,p,2021,05/25/2021 00:00 CDT,97258,23.88,82.2,3.485,8.715,0,102244.28
TWB14,Uvalde_2020_02,29.60214,-99.73007,436.7784,6/28/21,p,2021,05/25/2021 00:05 CDT,97255,23.84,82.3,3.015,8.715,0,102241.98
TWB14,Uvalde_2020_02,29.60214,-99.73007,436.7784,6/28/21,p,2021,05/25/2021 00:10 CDT,97271,23.81,82.3,2.65,8.715,0,102259.32
TWB14,Uvalde_2020_02,29.60214,-99.73007,436.7784,6/28/21,p,2021,05/25/2021 00:15 CDT,97264,23.77,82.3,3.065,8.715,0.01,102252.48
TWB14,Uvalde_2020_02,29.60214,-99.73007,436.7784,6/28/21,p,2021,05/25/2021 00:20 CDT,97270,23.7,81.9,3.53,8.885,0.2,102259.99
TWB14,Uvalde_2020_02,29.60214,-99.73007,436.7784,6/28/21,p,2021,05/25/2021 00:25 CDT,97275,23.65,81.3,3.445,8.465,0.14,102266.11
TWB14,Uvalde_2020_02,29.60214,-99.73007,436.7784,6/28/21,p,2021,05/25/2021 00:30 CDT,97276,23.56,81.5,2.93,8.465,0.34,102268.71
TWB14,Uvalde_2020_02,29.60214,-99.73007,436.7784,6/28/21,p,2021,05/25/2021 00:35 CDT,97266,23.48,81.2,4.125,8.465,0.1,102259.58
TWB14,Uvalde_2020_02,29.60214,-99.73007,436.7784,6/28/21,p,2021,05/25/2021 00:40 CDT,97263,23.42,81,3.65,8.465,0.06,102257.8
TWB14,Uvalde_2020_02,29.60214,-99.73007,436.7784,6/28/21,p,2021,05/25/2021 00:45 CDT,97268,23.39,81.1,3.415,8.465,0,102263.23
TWB14,Uvalde_2020_02,29.60214,-99.73007,436.7784,6/28/21,p,2021,05/25/2021 00:50 CDT,97274,23.36,81.4,3.295,8.465,0,102270.22
TWB14,Uvalde_2020_02,29.60214,-99.73007,436.7784,6/28/21,p,2021,05/25/2021 00:55 CDT,97273,23.34,81.5,2.785,8.465,0,102269.52
TWB14,Uvalde_2020_02,29.60214,-99.73007,436.7784,6/28/21,p,2021,05/25/2021 01:00 CDT,97275,23.32,81.5,3.43,8.465,0,102272.14
TWB14,Uvalde_2020_02,29.60214,-99.73007,436.7784,6/28/21,p,2021,05/25/2021 01:05 CDT,97275,23.31,81.6,3.035,8.465,0,102272.14
TWB14,Uvalde_2020_02,29.60214,-99.73007,436.7784,6/28/21,p,2021,05/25/2021 01:10 CDT,97271,23.29,81.9,3.265,8.465,0,102268.45
TWB14,Uvalde_2020_02,29.60214,-99.73007,436.7784,6/28/21,p,2021,05/25/2021 01:15 CDT,97260,23.27,81.9,2.87,8.635,0,102257.23
TWB14,Uvalde_2020_02,29.60214,-99.73007,436.7784,6/28/21,p,2021,05/25/2021 01:20 CDT,97258,23.24,82.1,2.835,8.635,0,102255.81
TWB14,Uvalde_2020_02,29.60214,-99.73007,436.7784,6/28/21,p,2021,05/25/2021 01:25 CDT,97258,23.23,82.1,2.56,8.635,0,102255.98
TWB14,Uvalde_2020_02,29.60214,-99.73007,436.7784,6/28/21,p,2021,05/25/2021 01:30 CDT,97260,23.2,82.2,2.475,8.635,0,102258.6
TWB14,Uvalde_2020_02,29.60214,-99.73007,436.7784,6/28/21,p,2021,05/25/2021 01:35 CDT,97271,23.2,82.2,2.445,8.635,0,102270.34
TWB14,Uvalde_2020_02,29.60214,-99.73007,436.7784,6/28/21,p,2021,05/25/2021 01:40 CDT,97277,23.22,82.1,2.74,8.635,0,102276.31
TWB14,Uvalde_2020_02,29.60214,-99.73007,436.7784,6/28/21,p,2021,05/25/2021 01:45 CDT,97280,23.22,82.3,1.96,8.635,0,102279.29
TWB14,Uvalde_2020_02,29.60214,-99.73007,436.7784,6/28/21,p,2021,05/25/2021 01:50 CDT,97284,23.21,82.3,2.545,8.635,0,102283.66
TWB14,Uvalde_2020_02,29.60214,-99.73007,436.7784,6/28/21,p,2021,05/25/2021 01:55 CDT,97278,23.18,82.3,2.835,8.635,0,102277.7
TWB14,Uvalde_2020_02,29.60214,-99.73007,436.7784,6/28/21,p,2021,05/25/2021 02:00 CDT,97272,23.17,82.7,3.3,8.635,0,102271.73
TWB14,Uvalde_2020_02,29.60214,-99.73007,436.7784,6/28/21,p,2021,05/25/2021 02:05 CDT,97265,23.14,83.2,4.05,9.385,0.05,102264.37
TWB14,Uvalde_2020_02,29.60214,-99.73007,436.7784,6/28/21,p,2021,05/25/2021 02:10 CDT,97263,23.09,83.5,4.18,8.965,0.64,102263.3
TWB14,Uvalde_2020_02,29.60214,-99.73007,436.7784,6/28/21,p,2021,05/25/2021 02:15 CDT,97262,23.01,84.4,3.96,8.965,1.29,102263.45
TWB14,Uvalde_2020_02,29.60214,-99.73007,436.7784,6/28/21,p,2021,05/25/2021 02:20 CDT,97250,22.85,86.2,3.66,8.965,4.25,102253.24
TWB14,Uvalde_2020_02,29.60214,-99.73007,436.7784,6/28/21,p,2021,05/25/2021 02:25 CDT,97239,22.71,86.5,3.36,8.965,0.36,102244.61
TWB14,Uvalde_2020_02,29.60214,-99.73007,436.7784,6/28/21,p,2021,05/25/2021 02:30 CDT,97238,22.71,86.3,2.72,8.965,0,102244.25
TWB14,Uvalde_2020_02,29.60214,-99.73007,436.7784,6/28/21,p,2021,05/25/2021 02:35 CDT,97238,22.72,86.1,3.125,8.965,0,102244.08
TWB14,Uvalde_2020_02,29.60214,-99.73007,436.7784,6/28/21,p,2021,05/25/2021 02:40 CDT,97237,22.73,86.4,2.895,8.965,0,102243.03
TWB14,Uvalde_2020_02,29.60214,-99.73007,436.7784,6/28/21,p,2021,05/25/2021 02:45 CDT,97234,22.66,87.7,3.03,8.965,1.97,102240.56
TWB14,Uvalde_2020_02,29.60214,-99.73007,436.7784,6/28/21,p,2021,05/25/2021 02:50 CDT,97224,22.54,88.5,2.745,8.965,0.67,102231.59
TWB14,Uvalde_2020_02,29.60214,-99.73007,436.7784,6/28/21,p,2021,05/25/2021 02:55 CDT,97225,22.48,88.8,2.415,8.965,0,102234.03
TWB14,Uvalde_2020_02,29.60214,-99.73007,436.7784,6/28/21,p,2021,05/25/2021 03:00 CDT,97229,22.46,88.8,2.65,8.965,0,102238.93
TWB14,Uvalde_2020_02,29.60214,-99.73007,436.7784,6/28/21,p,2021,05/25/2021 03:05 CDT,97225,22.43,88.9,2.24,8.965,0,102235.24
TWB14,Uvalde_2020_02,29.60214,-99.73007,436.7784,6/28/21,p,2021,05/25/2021 03:10 CDT,97231,22.39,89.4,2.56,8.965,0.02,102242.07
TWB14,Uvalde_2020_02,29.60214,-99.73007,436.7784,6/28/21,p,2021,05/25/2021 03:15 CDT,97228,22.29,90.5,2.55,8.965,0.58,102239.77
TWB14,Uvalde_2020_02,29.60214,-99.73007,436.7784,6/28/21,p,2021,05/25/2021 03:20 CDT,97218,22.15,91.5,2.4,8.965,0.26,102231.51
TWB14,Uvalde_2020_02,29.60214,-99.73007,436.7784,6/28/21,p,2021,05/25/2021 03:25 CDT,97211,22.08,91.9,2.16,8.965,0,102226.05
TWB14,Uvalde_2020_02,29.60214,-99.73007,436.7784,6/28/21,p,2021,05/25/2021 03:30 CDT,97211,22.04,92.3,2.33,8.965,0,102226.75
TWB14,Uvalde_2020_02,29.60214,-99.73007,436.7784,6/28/21,p,2021,05/25/2021 03:35 CDT,97211,22,92.6,2.655,8.965,0,102227.44
TWB14,Uvalde_2020_02,29.60214,-99.73007,436.7784,6/28/21,p,2021,05/25/2021 03:40 CDT,97209,21.97,92.9,2.545,8.965,0,102226.2
TWB14,Uvalde_2020_02,29.60214,-99.73007,436.7784,6/28/21,p,2021,05/25/2021 03:45 CDT,97203,21.97,93.1,2.465,8.965,0,102220.07
TWB14,Uvalde_2020_02,29.60214,-99.73007,436.7784,6/28/21,p,2021,05/25/2021 03:50 CDT,97192,21.93,93.4,2.01,8.965,0,102208.67
TWB14,Uvalde_2020_02,29.60214,-99.73007,436.7784,6/28/21,p,2021,05/25/2021 03:55 CDT,97183,21.9,93.5,2.095,8.965,0,102199.9
TWB14,Uvalde_2020_02,29.60214,-99.73007,436.7784,6/28/21,p,2021,05/25/2021 04:00 CDT,97181,21.92,93.4,2.25,8.965,0,102197.97
TWB14,Uvalde_2020_02,29.60214,-99.73007,436.7784,6/28/21,p,2021,05/25/2021 04:05 CDT,97183,21.97,92.9,2.715,8.965,0,102199.56
TWB14,Uvalde_2020_02,29.60214,-99.73007,436.7784,6/28/21,p,2021,05/25/2021 04:10 CDT,97176,22.02,92.5,2.935,8.965,0,102191.68
TWB14,Uvalde_2020_02,29.60214,-99.73007,436.7784,6/28/21,p,2021,05/25/2021 04:15 CDT,97173,22.05,92.1,2.79,8.965,0,102187.66
TWB14,Uvalde_2020_02,29.60214,-99.73007,436.7784,6/28/21,p,2021,05/25/2021 04:20 CDT,97168,22.11,91.4,3.41,8.965,0,102181.88
TWB14,Uvalde_2020_02,29.60214,-99.73007,436.7784,6/28/21,p,2021,05/25/2021 04:25 CDT,97173,22.15,90.7,2.935,8.965,0,102186.28
TWB14,Uvalde_2020_02,29.60214,-99.73007,436.7784,6/28/21,p,2021,05/25/2021 04:30 CDT,97181,22.18,90.2,2.745,8.965,0,102194.35
TWB14,Uvalde_2020_02,29.60214,-99.73007,436.7784,6/28/21,p,2021,05/25/2021 04:35 CDT,97173,22.25,89.7,3.315,8.965,0,102184.72
TWB14,Uvalde_2020_02,29.60214,-99.73007,436.7784,6/28/21,p,2021,05/25/2021 04:40 CDT,97167,22.27,89.9,2.735,8.965,0,102177.54
TWB14,Uvalde_2020_02,29.60214,-99.73007,436.7784,6/28/21,p,2021,05/25/2021 04:45 CDT,97164,22.26,90,3.05,8.965,0,102174.39
TWB14,Uvalde_2020_02,29.60214,-99.73007,436.7784,6/28/21,p,2021,05/25/2021 04:50 CDT,97166,22.22,90.4,2.335,8.965,0,102176.83
TWB14,Uvalde_2020_02,29.60214,-99.73007,436.7784,6/28/21,p,2021,05/25/2021 04:55 CDT,97174,22.2,90.4,2.095,8.965,0.01,102185.59
TWB14,Uvalde_2020_02,29.60214,-99.73007,436.7784,6/28/21,p,2021,05/25/2021 05:00 CDT,97181,22.26,89.9,2.85,8.965,0,102192.44
TWB14,Uvalde_2020_02,29.60214,-99.73007,436.7784,6/28/21,p,2021,05/25/2021 05:05 CDT,97184,22.31,89.7,2.4,8.385,0,102194.9
TWB14,Uvalde_2020_02,29.60214,-99.73007,436.7784,6/28/21,p,2021,05/25/2021 05:10 CDT,97186,22.3,90,2.51,8.385,0,102196.65
TWB14,Uvalde_2020_02,29.60214,-99.73007,436.7784,6/28/21,p,2021,05/25/2021 05:15 CDT,97185,22.29,89.8,2.96,8.385,0,102195.78
TWB14,Uvalde_2020_02,29.60214,-99.73007,436.7784,6/28/21,p,2021,05/25/2021 05:20 CDT,97185,22.32,89.3,2.79,8.385,0,102195.43
TWB14,Uvalde_2020_02,29.60214,-99.73007,436.7784,6/28/21,p,2021,05/25/2021 05:25 CDT,97193,22.36,89.5,2.955,8.385,0.85,102203.32
TWB14,Uvalde_2020_02,29.60214,-99.73007,436.7784,6/28/21,p,2021,05/25/2021 05:30 CDT,97191,22.21,91.7,2.52,8.385,4.06,102202.25
TWB14,Uvalde_2020_02,29.60214,-99.73007,436.7784,6/28/21,p,2021,05/25/2021 05:35 CDT,97191,21.99,92.7,2.705,8.385,1.36,102205.54
TWB14,Uvalde_2020_02,29.60214,-99.73007,436.7784,6/28/21,p,2021,05/25/2021 05:40 CDT,97203,21.9,93.1,2.625,8.385,0.66,102220.59
TWB14,Uvalde_2020_02,29.60214,-99.73007,436.7784,6/28/21,p,2021,05/25/2021 05:45 CDT,97205,21.81,93.5,2.14,8.385,0.34,102224.08
TWB14,Uvalde_2020_02,29.60214,-99.73007,436.7784,6/28/21,p,2021,05/25/2021 05:50 CDT,97195,21.75,93.8,2.37,8.385,0.48,102214.61
TWB14,Uvalde_2020_02,29.60214,-99.73007,436.7784,6/28/21,p,2021,05/25/2021 05:55 CDT,97196,21.7,94.1,2.625,8.385,0.38,102217.05
TWB14,Uvalde_2020_02,29.60214,-99.73007,436.7784,6/28/21,p,2021,05/25/2021 06:00 CDT,97210,21.7,94.5,2.405,8.385,0.09,102232.12
TWB14,Uvalde_2020_02,29.60214,-99.73007,436.7784,6/28/21,p,2021,05/25/2021 06:05 CDT,97211,21.68,94.8,2.29,8.385,0,102233.17
TWB14,Uvalde_2020_02,29.60214,-99.73007,436.7784,6/28/21,p,2021,05/25/2021 06:10 CDT,97210,21.69,94.9,2.525,8.385,0,102232.29
TWB14,Uvalde_2020_02,29.60214,-99.73007,436.7784,6/28/21,p,2021,05/25/2021 06:15 CDT,97210,21.7,94.9,2.005,8.385,0.09,102232.29
TWB14,Uvalde_2020_02,29.60214,-99.73007,436.7784,6/28/21,p,2021,05/25/2021 06:20 CDT,97219,21.73,94.8,2.175,8.385,0.03,102241.58
TWB14,Uvalde_2020_02,29.60214,-99.73007,436.7784,6/28/21,p,2021,05/25/2021 06:25 CDT,97227,21.73,94.9,2.26,8.385,0,102249.99
TWB14,Uvalde_2020_02,29.60214,-99.73007,436.7784,6/28/21,p,2021,05/25/2021 06:30 CDT,97229,21.73,95,1.95,8.385,0.06,102252.1
TWB14,Uvalde_2020_02,29.60214,-99.73007,436.7784,6/28/21,p,2021,05/25/2021 06:35 CDT,97228,21.73,94.9,1.985,8.385,0.44,102250.87
TWB14,Uvalde_2020_02,29.60214,-99.73007,436.7784,6/28/21,p,2021,05/25/2021 06:40 CDT,97239,21.76,94.8,2.045,8.385,0.57,102262.09
TWB14,Uvalde_2020_02,29.60214,-99.73007,436.7784,6/28/21,p,2021,05/25/2021 06:45 CDT,97251,21.81,94.5,2.185,8.385,1.24,102274.02
TWB14,Uvalde_2020_02,29.60214,-99.73007,436.7784,6/28/21,p,2021,05/25/2021 06:50 CDT,97267,21.82,94.5,1.505,8.385,1.55,102290.67
TWB14,Uvalde_2020_02,29.60214,-99.73007,436.7784,6/28/21,p,2021,05/25/2021 06:55 CDT,97282,21.83,94.4,1.395,8.385,2.19,102306.1
TWB14,Uvalde_2020_02,29.60214,-99.73007,436.7784,6/28/21,p,2021,05/25/2021 07:00 CDT,97287,21.83,94.4,1.595,8.385,3.45,102311.35
TWB14,Uvalde_2020_02,29.60214,-99.73007,436.7784,6/28/21,p,2021,05/25/2021 07:05 CDT,97284,21.83,94.2,1.72,8.385,4.1,102308.2
TWB14,Uvalde_2020_02,29.60214,-99.73007,436.7784,6/28/21,p,2021,05/25/2021 07:10 CDT,97282,21.87,94,2.21,8.385,5.09,102305.58
TWB14,Uvalde_2020_02,29.60214,-99.73007,436.7784,6/28/21,p,2021,05/25/2021 07:15 CDT,97286,21.88,93.8,1.8,8.385,5.91,102309.78
TWB14,Uvalde_2020_02,29.60214,-99.73007,436.7784,6/28/21,p,2021,05/25/2021 07:20 CDT,97291,21.87,93.7,1.645,8.385,9.19,102315.04
TWB14,Uvalde_2020_02,29.60214,-99.73007,436.7784,6/28/21,p,2021,05/25/2021 07:25 CDT,97295,21.91,93.4,1.82,8.385,10.29,102319.08
TWB14,Uvalde_2020_02,29.60214,-99.73007,436.7784,6/28/21,p,2021,05/25/2021 07:30 CDT,97303,21.93,93.4,1.005,8.385,13.16,102326.62
TWB14,Uvalde_2020_02,29.60214,-99.73007,436.7784,6/28/21,p,2021,05/25/2021 07:35 CDT,97305,21.94,93.5,1.31,8.385,18.54,102328.2
TWB14,Uvalde_2020_02,29.60214,-99.73007,436.7784,6/28/21,p,2021,05/25/2021 07:40 CDT,97302,21.97,93.2,1.505,8.385,25.74,102324.35
TWB14,Uvalde_2020_02,29.60214,-99.73007,436.7784,6/28/21,p,2021,05/25/2021 07:45 CDT,97306,22.01,93.2,1.54,8.385,25.53,102327.86
TWB14,Uvalde_2020_02,29.60214,-99.73007,436.7784,6/28/21,p,2021,05/25/2021 07:50 CDT,97315,22.09,92.6,2.355,8.385,32.45,102336.46
TWB14,Uvalde_2020_02,29.60214,-99.73007,436.7784,6/28/21,p,2021,05/25/2021 07:55 CDT,97313,22.17,92.2,2.48,8.385,37.45,102333.31
TWB14,Uvalde_2020_02,29.60214,-99.73007,436.7784,6/28/21,p,2021,05/25/2021 08:00 CDT,97310,22.24,91.6,2.085,8.385,45.73,102328.6
TWB14,Uvalde_2020_02,29.60214,-99.73007,436.7784,6/28/21,p,2021,05/25/2021 08:05 CDT,97309,22.33,90.8,3.045,8.385,74.08,102326.16
TWB14,Uvalde_2020_02,29.60214,-99.73007,436.7784,6/28/21,p,2021,05/25/2021 08:10 CDT,97309,22.42,90.4,2.92,8.385,107.91,102324.6
TWB14,Uvalde_2020_02,29.60214,-99.73007,436.7784,6/28/21,p,2021,05/25/2021 08:15 CDT,97315,22.55,90,2.685,8.385,98.14,102328.49
TWB14,Uvalde_2020_02,29.60214,-99.73007,436.7784,6/28/21,p,2021,05/25/2021 08:20 CDT,97318,22.61,89.1,2.68,8.385,111.11,102330.26
TWB14,Uvalde_2020_02,29.60214,-99.73007,436.7784,6/28/21,p,2021,05/25/2021 08:25 CDT,97319,22.69,89.2,2.08,8.385,95.66,102329.92
TWB14,Uvalde_2020_02,29.60214,-99.73007,436.7784,6/28/21,p,2021,05/25/2021 08:30 CDT,97318,22.76,88.6,2.105,8.385,72.48,102327.14
TWB14,Uvalde_2020_02,29.60214,-99.73007,436.7784,6/28/21,p,2021,05/25/2021 08:35 CDT,97318,22.77,88.3,2.525,8.385,93.87,102326.8
TWB14,Uvalde_2020_02,29.60214,-99.73007,436.7784,6/28/21,p,2021,05/25/2021 08:40 CDT,97311,22.8,88,2.895,8.385,79.72,102318.58
TWB14,Uvalde_2020_02,29.60214,-99.73007,436.7784,6/28/21,p,2021,05/25/2021 08:45 CDT,97308,22.82,87.4,3.09,8.385,75.87,102315.43
TWB14,Uvalde_2020_02,29.60214,-99.73007,436.7784,6/28/21,p,2021,05/25/2021 08:50 CDT,97318,22.81,88,2.625,8.385,48.02,102325.94
TWB14,Uvalde_2020_02,29.60214,-99.73007,436.7784,6/28/21,p,2021,05/25/2021 08:55 CDT,97320,22.79,88.2,2.425,8.385,73.36,102328.56
TWB14,Uvalde_2020_02,29.60214,-99.73007,436.7784,6/28/21,p,2021,05/25/2021 09:00 CDT,97332,22.88,87.5,1.915,8.385,108.69,102339.97
TWB14,Uvalde_2020_02,29.60214,-99.73007,436.7784,6/28/21,p,2021,05/25/2021 09:05 CDT,97348,22.99,86.4,2.46,8.385,108.87,102355.07
TWB14,Uvalde_2020_02,29.60214,-99.73007,436.7784,6/28/21,p,2021,05/25/2021 09:10 CDT,97353,23.09,86.2,2.045,8.385,85.51,102358.08
TWB14,Uvalde_2020_02,29.60214,-99.73007,436.7784,6/28/21,p,2021,05/25/2021 09:15 CDT,97347,23.12,85.9,2.4,8.385,58.06,102350.91
TWB14,Uvalde_2020_02,29.60214,-99.73007,436.7784,6/28/21,p,2021,05/25/2021 09:25 CDT,97368,23.03,87.2,1.905,8.385,43.64,102374.19
TWB14,Uvalde_2020_02,29.60214,-99.73007,436.7784,6/28/21,p,2021,05/25/2021 09:30 CDT,97369,23.02,87.4,1.86,8.385,90.88,102375.76
TWB14,Uvalde_2020_02,29.60214,-99.73007,436.7784,6/28/21,p,2021,05/25/2021 09:35 CDT,97372,23.11,87.4,1.945,8.385,83.71,102377.53
TWB14,Uvalde_2020_02,29.60214,-99.73007,436.7784,6/28/21,p,2021,05/25/2021 09:40 CDT,97372,23.14,86.5,2.005,8.385,79.37,102376.84
TWB14,Uvalde_2020_02,29.60214,-99.73007,436.7784,6/28/21,p,2021,05/25/2021 09:45 CDT,97372,23.26,86.8,2.005,8.385,178.98,102375.63
TWB14,Uvalde_2020_02,29.60214,-99.73007,436.7784,6/28/21,p,2021,05/25/2021 09:50 CDT,97371,23.56,84.3,2.27,8.385,180.34,102369.6
TWB14,Uvalde_2020_02,29.60214,-99.73007,436.7784,6/28/21,p,2021,05/25/2021 09:55 CDT,97362,23.71,84.2,1.755,8.385,133.23,102356.86
TWB14,Uvalde_2020_02,29.60214,-99.73007,436.7784,6/28/21,p,2021,05/25/2021 10:00 CDT,97366,23.71,84.3,1.925,8.385,59.14,102359.69
TWB14,Uvalde_2020_02,29.60214,-99.73007,436.7784,6/28/21,p,2021,05/25/2021 10:05 CDT,97369,23.64,84.5,1.35,8.385,50.89,102363.71
TWB14,Uvalde_2020_02,29.60214,-99.73007,436.7784,6/28/21,p,2021,05/25/2021 10:10 CDT,97367,23.59,84.5,2.03,8.385,96.56,102362.46
TWB14,Uvalde_2020_02,29.60214,-99.73007,436.7784,6/28/21,p,2021,05/25/2021 10:15 CDT,97364,23.65,83.3,2.41,8.385,158.41,102359.15
TWB14,Uvalde_2020_02,29.60214,-99.73007,436.7784,6/28/21,p,2021,05/25/2021 10:20 CDT,97362,23.72,83.1,2.37,8.385,110.44,102355.84
TWB14,Uvalde_2020_02,29.60214,-99.73007,436.7784,6/28/21,p,2021,05/25/2021 10:25 CDT,97361,23.65,83,2.485,8.385,65.62,102355.48
TWB14,Uvalde_2020_02,29.60214,-99.73007,436.7784,6/28/21,p,2021,05/25/2021 10:30 CDT,97365,23.6,84,2.13,8.385,81.08,102360.54
TWB14,Uvalde_2020_02,29.60214,-99.73007,436.7784,6/28/21,p,2021,05/25/2021 10:35 CDT,97378,23.63,84,1.8,8.385,113.39,102374.2
TWB14,Uvalde_2020_02,29.60214,-99.73007,436.7784,6/28/21,p,2021,05/25/2021 10:40 CDT,97386,23.74,83.6,2.13,8.385,152.12,102381.07
TWB14,Uvalde_2020_02,29.60214,-99.73007,436.7784,6/28/21,p,2021,05/25/2021 10:45 CDT,97389,23.89,82.7,2.455,8.385,172.67,102381.65
TWB14,Uvalde_2020_02,29.60214,-99.73007,436.7784,6/28/21,p,2021,05/25/2021 10:50 CDT,97394,24.03,81.8,1.955,8.385,163.75,102384.34
TWB14,Uvalde_2020_02,29.60214,-99.73007,436.7784,6/28/21,p,2021,05/25/2021 10:55 CDT,97398,24.16,81.7,2.07,8.385,138.02,102385.79
TWB14,Uvalde_2020_02,29.60214,-99.73007,436.7784,6/28/21,p,2021,05/25/2021 11:00 CDT,97397,24.18,80.6,2.375,8.385,196.04,102384.24
TWB14,Uvalde_2020_02,29.60214,-99.73007,436.7784,6/28/21,p,2021,05/25/2021 11:05 CDT,97399,24.32,78.87,2.985,8.385,227.56,102384.64
TWB14,Uvalde_2020_02,29.60214,-99.73007,436.7784,6/28/21,p,2021,05/25/2021 11:10 CDT,97399,24.39,79.04,2.715,8.385,222.62,102383.1
TWB14,Uvalde_2020_02,29.60214,-99.73007,436.7784,6/28/21,p,2021,05/25/2021 11:15 CDT,97389,24.54,78.7,2.355,8.385,227.03,102370.02
TWB14,Uvalde_2020_02,29.60214,-99.73007,436.7784,6/28/21,p,2021,05/25/2021 11:20 CDT,97388,24.6,78.53,1.88,8.385,161.55,102367.43
TWB14,Uvalde_2020_02,29.60214,-99.73007,436.7784,6/28/21,p,2021,05/25/2021 11:25 CDT,97389,24.65,78.5,2.12,8.385,89.28,102367.28
TWB14,Uvalde_2020_02,29.60214,-99.73007,436.7784,6/28/21,p,2021,05/25/2021 11:30 CDT,97397,24.34,80.8,2.495,8.385,98.75,102379.44
TWB14,Uvalde_2020_02,29.60214,-99.73007,436.7784,6/28/21,p,2021,05/25/2021 11:35 CDT,97403,24.29,78.9,2.185,8.385,118.42,102388.33
TWB14,Uvalde_2020_02,29.60214,-99.73007,436.7784,6/28/21,p,2021,05/25/2021 11:40 CDT,97406,24.41,79.9,1.98,8.385,139.91,102389.76
TWB14,Uvalde_2020_02,29.60214,-99.73007,436.7784,6/28/21,p,2021,05/25/2021 11:45 CDT,97404,24.47,78.59,2.2,8.385,148.09,102386.3
TWB14,Uvalde_2020_02,29.60214,-99.73007,436.7784,6/28/21,p,2021,05/25/2021 11:50 CDT,97401,24.55,77.95,2.025,8.385,215.57,102382.13
TWB14,Uvalde_2020_02,29.60214,-99.73007,436.7784,6/28/21,p,2021,05/25/2021 11:55 CDT,97397,24.86,76.53,1.695,8.385,289.36,102373.32
TWB14,Uvalde_2020_02,29.60214,-99.73007,436.7784,6/28/21,p,2021,05/25/2021 12:00 CDT,97396,25.12,76.13,2.55,8.385,260.75,102366.81
TWB14,Uvalde_2020_02,29.60214,-99.73007,436.7784,6/28/21,p,2021,05/25/2021 12:05 CDT,97399,25.27,74.72,2.35,8.385,299.33,102367.08
TWB14,Uvalde_2020_02,29.60214,-99.73007,436.7784,6/28/21,p,2021,05/25/2021 12:10 CDT,97398,25.39,75.02,2.48,8.385,218.75,102363.31
TWB14,Uvalde_2020_02,29.60214,-99.73007,436.7784,6/28/21,p,2021,05/25/2021 12:15 CDT,97398,25.32,75.76,2.335,8.385,263.2,102364.32
TWB14,Uvalde_2020_02,29.60214,-99.73007,436.7784,6/28/21,p,2021,05/25/2021 12:20 CDT,97398,25.52,75.46,1.69,8.385,209.31,102361.77
TWB14,Uvalde_2020_02,29.60214,-99.73007,436.7784,6/28/21,p,2021,05/25/2021 12:25 CDT,97397,25.51,75.22,1.85,8.385,230.19,102360.04
TWB14,Uvalde_2020_02,29.60214,-99.73007,436.7784,6/28/21,p,2021,05/25/2021 12:30 CDT,97391,25.78,75.52,1.75,8.385,427.05,102350.51
TWB14,Uvalde_2020_02,29.60214,-99.73007,436.7784,6/28/21,p,2021,05/25/2021 12:35 CDT,97384,26.12,72.08,1.915,8.385,413.36,102336.24
TWB14,Uvalde_2020_02,29.60214,-99.73007,436.7784,6/28/21,p,2021,05/25/2021 12:40 CDT,97381,26.02,73.42,1.845,8.385,213.06,102333.75
TWB14,Uvalde_2020_02,29.60214,-99.73007,436.7784,6/28/21,p,2021,05/25/2021 12:45 CDT,97381,26.01,72.78,2.75,8.385,307.32,102333.76
TWB14,Uvalde_2020_02,29.60214,-99.73007,436.7784,6/28/21,p,2021,05/25/2021 12:50 CDT,97379,26.22,72.17,1.82,8.385,298.27,102329.3
TWB14,Uvalde_2020_02,29.60214,-99.73007,436.7784,6/28/21,p,2021,05/25/2021 12:55 CDT,97378,26.27,70.83,2.285,8.385,211.61,102326.06
TWB14,Uvalde_2020_02,29.60214,-99.73007,436.7784,6/28/21,p,2021,05/25/2021 13:00 CDT,97375,26.21,72.04,1.74,8.385,229.93,102324.59
TWB14,Uvalde_2020_02,29.60214,-99.73007,436.7784,6/28/21,p,2021,05/25/2021 13:05 CDT,97374,26.2,71.97,2.21,8.385,201.56,102323.54
TWB14,Uvalde_2020_02,29.60214,-99.73007,436.7784,6/28/21,p,2021,05/25/2021 13:10 CDT,97375,26.09,71.7,2.68,8.385,238.26,102326.11
TWB14,Uvalde_2020_02,29.60214,-99.73007,436.7784,6/28/21,p,2021,05/25/2021 13:15 CDT,97375,26.07,72.54,2.22,8.385,269.57,102327.46
TWB14,Uvalde_2020_02,29.60214,-99.73007,436.7784,6/28/21,p,2021,05/25/2021 13:20 CDT,97374,26.2,71.8,2.24,8.385,253.98,102324.21
TWB14,Uvalde_2020_02,29.60214,-99.73007,436.7784,6/28/21,p,2021,05/25/2021 13:25 CDT,97374,26.27,70.52,1.945,8.385,308.94,102322.54
TWB14,Uvalde_2020_02,29.60214,-99.73007,436.7784,6/28/21,p,2021,05/25/2021 13:30 CDT,97372,26.44,70.85,1.67,8.385,266.72,102318.07
TWB14,Uvalde_2020_02,29.60214,-99.73007,436.7784,6/28/21,p,2021,05/25/2021 13:35 CDT,97371,26.46,72.2,1.65,8.385,164.44,102316.33
TWB14,Uvalde_2020_02,29.60214,-99.73007,436.7784,6/28/21,p,2021,05/25/2021 13:40 CDT,97369,26.57,70.01,1.665,8.385,206.31,102312.9
TWB14,Uvalde_2020_02,29.60214,-99.73007,436.7784,6/28/21,p,2021,05/25/2021 13:45 CDT,97355,26.71,71.83,1.525,8.385,385.69,102296.32
TWB14,Uvalde_2020_02,29.60214,-99.73007,436.7784,6/28/21,p,2021,05/25/2021 13:50 CDT,97345,27.01,69.6,2.27,8.385,324.86,102278.93
TWB14,Uvalde_2020_02,29.60214,-99.73007,436.7784,6/28/21,p,2021,05/25/2021 13:55 CDT,97341,27,67.21,2.605,8.385,381.2,102274.75
TWB14,Uvalde_2020_02,29.60214,-99.73007,436.7784,6/28/21,p,2021,05/25/2021 14:00 CDT,97324,27.17,67.82,2.055,8.385,546.27,102254.87
TWB14,Uvalde_2020_02,29.60214,-99.73007,436.7784,6/28/21,p,2021,05/25/2021 14:05 CDT,97306,27.57,64.48,2.875,8.385,720.64,102228.46
TWB14,Uvalde_2020_02,29.60214,-99.73007,436.7784,6/28/21,p,2021,05/25/2021 14:10 CDT,97287,27.79,65.73,2.13,8.385,566.52,102204.3
TWB14,Uvalde_2020_02,29.60214,-99.73007,436.7784,6/28/21,p,2021,05/25/2021 14:15 CDT,97269,28.16,62.45,2.595,8.385,666.79,102178.59
TWB14,Uvalde_2020_02,29.60214,-99.73007,436.7784,6/28/21,p,2021,05/25/2021 14:20 CDT,97255,28.38,62.22,3.095,8.385,823.29,102158.57
TWB14,Uvalde_2020_02,29.60214,-99.73007,436.7784,6/28/21,p,2021,05/25/2021 14:25 CDT,97240,28.52,61.95,2.88,8.385,610.25,102139.5
TWB14,Uvalde_2020_02,29.60214,-99.73007,436.7784,6/28/21,p,2021,05/25/2021 14:30 CDT,97228,28.54,60.13,3.28,8.385,788.11,102126.42
TWB14,Uvalde_2020_02,29.60214,-99.73007,436.7784,6/28/21,p,2021,05/25/2021 14:35 CDT,97226,28.67,62.58,2.61,8.385,576.69,102123.13
TWB14,Uvalde_2020_02,29.60214,-99.73007,436.7784,6/28/21,p,2021,05/25/2021 14:40 CDT,97227,28.34,60.09,3.225,8.385,575.07,102129.68
TWB14,Uvalde_2020_02,29.60214,-99.73007,436.7784,6/28/21,p,2021,05/25/2021 14:45 CDT,97232,28.11,63.15,3.59,8.385,329.83,102138.22
TWB14,Uvalde_2020_02,29.60214,-99.73007,436.7784,6/28/21,p,2021,05/25/2021 14:50 CDT,97218,28.22,63.01,2.125,8.385,528.71,102125.51
TWB14,Uvalde_2020_02,29.60214,-99.73007,436.7784,6/28/21,p,2021,05/25/2021 14:55 CDT,97202,28.74,60.62,2.395,8.385,531.74,102100.1
TWB14,Uvalde_2020_02,29.60214,-99.73007,436.7784,6/28/21,p,2021,05/25/2021 15:00 CDT,97203,28.54,60.22,2.43,8.385,449.34,102101.98
TWB14,Uvalde_2020_02,29.60214,-99.73007,436.7784,6/28/21,p,2021,05/25/2021 15:05 CDT,97193,28.6,59.41,2.23,8.385,381.94,102090.99
TWB14,Uvalde_2020_02,29.60214,-99.73007,436.7784,6/28/21,p,2021,05/25/2021 15:10 CDT,97184,28.39,60.86,3.255,8.385,422,102084.5
TWB14,Uvalde_2020_02,29.60214,-99.73007,436.7784,6/28/21,p,2021,05/25/2021 15:15 CDT,97173,28.36,63.11,2.525,8.385,384.85,102074.75
TWB14,Uvalde_2020_02,29.60214,-99.73007,436.7784,6/28/21,p,2021,05/25/2021 15:20 CDT,97167,28.82,59.11,2.3,8.385,432,102062.52
TWB14,Uvalde_2020_02,29.60214,-99.73007,436.7784,6/28/21,p,2021,05/25/2021 15:25 CDT,97166,28.81,60.69,3.21,8.385,462.69,102059.13
TWB14,Uvalde_2020_02,29.60214,-99.73007,436.7784,6/28/21,p,2021,05/25/2021 15:30 CDT,97157,28.97,59.31,3.09,8.385,308.66,102047.88
TWB14,Uvalde_2020_02,29.60214,-99.73007,436.7784,6/28/21,p,2021,05/25/2021 15:35 CDT,97147,28.6,59.92,3.37,8.385,232.12,102043.16
TWB14,Uvalde_2020_02,29.60214,-99.73007,436.7784,6/28/21,p,2021,05/25/2021 15:40 CDT,97131,28.62,58.8,3.37,8.385,568.07,102028.35
TWB14,Uvalde_2020_02,29.60214,-99.73007,436.7784,6/28/21,p,2021,05/25/2021 15:45 CDT,97114,29.21,57.49,2.7,8.385,505.06,102000.25
TWB14,Uvalde_2020_02,29.60214,-99.73007,436.7784,6/28/21,p,2021,05/25/2021 15:50 CDT,97110,29.3,58.3,3.22,8.385,368.84,101993.4
TWB14,Uvalde_2020_02,29.60214,-99.73007,436.7784,6/28/21,p,2021,05/25/2021 15:55 CDT,97106,29.21,57.76,3.335,8.385,596.25,101990.86
TWB14,Uvalde_2020_02,29.60214,-99.73007,436.7784,6/28/21,p,2021,05/25/2021 16:00 CDT,97098,29.6,55,3.59,8.385,706.74,101976.55
TWB14,Uvalde_2020_02,29.60214,-99.73007,436.7784,6/28/21,p,2021,05/25/2021 16:05 CDT,97087,30.03,53.48,2.96,8.385,741.42,101957.79
TWB14,Uvalde_2020_02,29.60214,-99.73007,436.7784,6/28/21,p,2021,05/25/2021 16:10 CDT,97087,30.34,55.5,3.175,8.385,546.63,101950.72
TWB14,Uvalde_2020_02,29.60214,-99.73007,436.7784,6/28/21,p,2021,05/25/2021 16:15 CDT,97083,29.61,57.01,3.195,8.385,348.07,101956.66
TWB14,Uvalde_2020_02,29.60214,-99.73007,436.7784,6/28/21,p,2021,05/25/2021 16:20 CDT,97075,29.37,57.55,3.07,8.385,382.52,101954.34
TWB14,Uvalde_2020_02,29.60214,-99.73007,436.7784,6/28/21,p,2021,05/25/2021 16:25 CDT,97060,29.27,58.19,3.15,8.385,314.42,101941.38
TWB14,Uvalde_2020_02,29.60214,-99.73007,436.7784,6/28/21,p,2021,05/25/2021 16:30 CDT,97050,29.66,57.21,2.345,8.385,644.27,101927.1
TWB14,Uvalde_2020_02,29.60214,-99.73007,436.7784,6/28/21,p,2021,05/25/2021 16:35 CDT,97044,30.1,56.57,2.98,8.385,365.7,101911.77
TWB14,Uvalde_2020_02,29.60214,-99.73007,436.7784,6/28/21,p,2021,05/25/2021 16:40 CDT,97038,29.61,58.02,3.53,8.8,254.62,101910.22
TWB14,Uvalde_2020_02,29.60214,-99.73007,436.7784,6/28/21,p,2021,05/25/2021 16:45 CDT,97042,29.15,58.05,3.6,8.8,313.13,101923.14
TWB14,Uvalde_2020_02,29.60214,-99.73007,436.7784,6/28/21,p,2021,05/25/2021 16:50 CDT,97037,29.25,57.78,3.57,8.8,369.8,101918.22
TWB14,Uvalde_2020_02,29.60214,-99.73007,436.7784,6/28/21,p,2021,05/25/2021 16:55 CDT,97043,29.39,57.95,2.71,8.8,249.49,101922.71
TWB14,Uvalde_2020_02,29.60214,-99.73007,436.7784,6/28/21,p,2021,05/25/2021 17:00 CDT,97054,29.48,56.98,2.48,8.8,449.96,101933.94
TWB14,Uvalde_2020_02,29.60214,-99.73007,436.7784,6/28/21,p,2021,05/25/2021 17:05 CDT,97050,29.93,55.33,1.93,8.8,462.03,101923.01
TWB14,Uvalde_2020_02,29.60214,-99.73007,436.7784,6/28/21,p,2021,05/25/2021 17:10 CDT,97052,30.28,54.08,2.805,8.8,396.38,101916.6
TWB14,Uvalde_2020_02,29.60214,-99.73007,436.7784,6/28/21,p,2021,05/25/2021 17:15 CDT,97049,30.15,55.83,2.805,8.3,504.89,101915.23
TWB14,Uvalde_2020_02,29.60214,-99.73007,436.7784,6/28/21,p,2021,05/25/2021 17:20 CDT,97053,30.13,55.13,2.9,8.3,486.19,101918.95
TWB14,Uvalde_2020_02,29.60214,-99.73007,436.7784,6/28/21,p,2021,05/25/2021 17:25 CDT,97052,30.29,54.01,3.185,8.3,501.57,101916.27
TWB14,Uvalde_2020_02,29.60214,-99.73007,436.7784,6/28/21,p,2021,05/25/2021 17:30 CDT,97049,30.54,55.87,2.445,8.3,324.42,101908.35
TWB14,Uvalde_2020_02,29.60214,-99.73007,436.7784,6/28/21,p,2021,05/25/2021 17:35 CDT,97046,29.88,56.1,2.92,8.3,172.46,101914.04
TWB14,Uvalde_2020_02,29.60214,-99.73007,436.7784,6/28/21,p,2021,05/25/2021 17:40 CDT,97042,29.59,56.81,2.685,8.3,266.01,101916.73
TWB14,Uvalde_2020_02,29.60214,-99.73007,436.7784,6/28/21,p,2021,05/25/2021 17:45 CDT,97030,29.66,56.37,2.445,8.3,315.76,101905.12
TWB14,Uvalde_2020_02,29.60214,-99.73007,436.7784,6/28/21,p,2021,05/25/2021 17:50 CDT,97033,29.88,58.09,2.175,8.3,397.96,101904.47
TWB14,Uvalde_2020_02,29.60214,-99.73007,436.7784,6/28/21,p,2021,05/25/2021 17:55 CDT,97036,30.14,54.89,3.135,8.3,427.4,101902.9
TWB14,Uvalde_2020_02,29.60214,-99.73007,436.7784,6/28/21,p,2021,05/25/2021 18:00 CDT,97039,30.23,54.52,3.11,8.3,294.67,101904.41
TWB14,Uvalde_2020_02,29.60214,-99.73007,436.7784,6/28/21,p,2021,05/25/2021 18:05 CDT,97040,29.97,56.51,2.085,8.3,243.17,101908.88
TWB14,Uvalde_2020_02,29.60214,-99.73007,436.7784,6/28/21,p,2021,05/25/2021 18:10 CDT,97042,29.89,55.36,2.195,8.3,247.62,101912.15
TWB14,Uvalde_2020_02,29.60214,-99.73007,436.7784,6/28/21,p,2021,05/25/2021 18:15 CDT,97029,29.9,56.37,2.93,8.3,306.18,101900.45
TWB14,Uvalde_2020_02,29.60214,-99.73007,436.7784,6/28/21,p,2021,05/25/2021 18:20 CDT,97022,30.02,55.39,3.565,8.3,274.26,101890.81
TWB14,Uvalde_2020_02,29.60214,-99.73007,436.7784,6/28/21,p,2021,05/25/2021 18:25 CDT,97013,29.88,56.74,2.32,8.3,181.39,101882.82
TWB14,Uvalde_2020_02,29.60214,-99.73007,436.7784,6/28/21,p,2021,05/25/2021 18:30 CDT,97009,29.77,56.74,2.01,8.3,123.95,101881.25
TWB14,Uvalde_2020_02,29.60214,-99.73007,436.7784,6/28/21,p,2021,05/25/2021 18:35 CDT,97005,29.62,57.01,2.255,8.3,103.44,101878.86
TWB14,Uvalde_2020_02,29.60214,-99.73007,436.7784,6/28/21,p,2021,05/25/2021 18:40 CDT,97005,29.36,57.92,2.88,8.3,89.8,101883.62
TWB14,Uvalde_2020_02,29.60214,-99.73007,436.7784,6/28/21,p,2021,05/25/2021 18:45 CDT,97014,29.24,58.96,1.84,8.3,79.4,101895.87
TWB14,Uvalde_2020_02,29.60214,-99.73007,436.7784,6/28/21,p,2021,05/25/2021 18:50 CDT,97032,29.16,59.54,2.04,8.3,86.23,101916.42
TWB14,Uvalde_2020_02,29.60214,-99.73007,436.7784,6/28/21,p,2021,05/25/2021 18:55 CDT,97034,29.07,58.97,2.31,8.3,91.47,101920.34
TWB14,Uvalde_2020_02,29.60214,-99.73007,436.7784,6/28/21,p,2021,05/25/2021 19:00 CDT,97032,29.04,58.6,1.75,8.3,92.18,101919.4
TWB14,Uvalde_2020_02,29.60214,-99.73007,436.7784,6/28/21,p,2021,05/25/2021 19:05 CDT,97031,29.02,59.78,1.935,8.3,85.94,101918.67
TWB14,Uvalde_2020_02,29.60214,-99.73007,436.7784,6/28/21,p,2021,05/25/2021 19:10 CDT,97032,28.97,59.24,2.3,8.3,76.55,101920.72
TWB14,Uvalde_2020_02,29.60214,-99.73007,436.7784,6/28/21,p,2021,05/25/2021 19:15 CDT,97033,28.89,59.85,2.345,8.3,70.4,101923.08
TWB14,Uvalde_2020_02,29.60214,-99.73007,436.7784,6/28/21,p,2021,05/25/2021 19:20 CDT,97032,28.8,60.12,2.145,8.3,66.26,101923.52
TWB14,Uvalde_2020_02,29.60214,-99.73007,436.7784,6/28/21,p,2021,05/25/2021 19:25 CDT,97047,28.72,60.39,2.295,8.3,58.89,101940.6
TWB14,Uvalde_2020_02,29.60214,-99.73007,436.7784,6/28/21,p,2021,05/25/2021 19:30 CDT,97059,28.67,61.1,2.235,8.3,53.41,101954.19
TWB14,Uvalde_2020_02,29.60214,-99.73007,436.7784,6/28/21,p,2021,05/25/2021 19:35 CDT,97073,28.6,61.07,1.815,8.3,48.34,101970.22
TWB14,Uvalde_2020_02,29.60214,-99.73007,436.7784,6/28/21,p,2021,05/25/2021 19:40 CDT,97088,28.53,61.44,2.015,8.3,45.12,101987.31
TWB14,Uvalde_2020_02,29.60214,-99.73007,436.7784,6/28/21,p,2021,05/25/2021 19:45 CDT,97097,28.48,61.07,1.85,8.3,38.94,101997.93
TWB14,Uvalde_2020_02,29.60214,-99.73007,436.7784,6/28/21,p,2021,05/25/2021 19:50 CDT,97107,28.43,62.35,2.355,8.3,32.16,102009.25
TWB14,Uvalde_2020_02,29.60214,-99.73007,436.7784,6/28/21,p,2021,05/25/2021 19:55 CDT,97110,28.3,62.49,1.795,8.3,26.37,102014.39
TWB14,Uvalde_2020_02,29.60214,-99.73007,436.7784,6/28/21,p,2021,05/25/2021 20:00 CDT,97115,28.23,62.92,2.525,8.3,21.34,102021.14
TWB14,Uvalde_2020_02,29.60214,-99.73007,436.7784,6/28/21,p,2021,05/25/2021 20:05 CDT,97131,28.14,62.89,2.235,8.3,17,102039.11
TWB14,Uvalde_2020_02,29.60214,-99.73007,436.7784,6/28/21,p,2021,05/25/2021 20:10 CDT,97137,28.07,63.37,2.225,8.3,13.22,102047.08
TWB14,Uvalde_2020_02,29.60214,-99.73007,436.7784,6/28/21,p,2021,05/25/2021 20:15 CDT,97128,27.99,63.37,2.58,8.3,9.56,102039.29
TWB14,Uvalde_2020_02,29.60214,-99.73007,436.7784,6/28/21,p,2021,05/25/2021 20:20 CDT,97125,27.94,63.81,2.74,8.3,6.75,102036.8
TWB14,Uvalde_2020_02,29.60214,-99.73007,436.7784,6/28/21,p,2021,05/25/2021 20:25 CDT,97126,27.83,64.52,2.055,8.3,5.86,102039.35
TWB14,Uvalde_2020_02,29.60214,-99.73007,436.7784,6/28/21,p,2021,05/25/2021 20:30 CDT,97128,27.73,64.79,2.405,8.3,3.1,102043.62
TWB14,Uvalde_2020_02,29.60214,-99.73007,436.7784,6/28/21,p,2021,05/25/2021 20:35 CDT,97132,27.72,65,2.31,8.3,1.97,102048.15
TWB14,Uvalde_2020_02,29.60214,-99.73007,436.7784,6/28/21,p,2021,05/25/2021 20:40 CDT,97153,27.63,65.23,1.945,8.3,1.72,102071.22
TWB14,Uvalde_2020_02,29.60214,-99.73007,436.7784,6/28/21,p,2021,05/25/2021 20:45 CDT,97159,27.58,65.5,2.225,8.3,0.04,102078.52
TWB14,Uvalde_2020_02,29.60214,-99.73007,436.7784,6/28/21,p,2021,05/25/2021 20:50 CDT,97159,27.49,65.87,2.245,8.3,0,102080.19
TWB14,Uvalde_2020_02,29.60214,-99.73007,436.7784,6/28/21,p,2021,05/25/2021 20:55 CDT,97160,27.39,66.21,2.385,8.3,0.02,102083.08
TWB14,Uvalde_2020_02,29.60214,-99.73007,436.7784,6/28/21,p,2021,05/25/2021 21:00 CDT,97174,27.41,66.35,2.175,8.3,0,102097.62
TWB14,Uvalde_2020_02,29.60214,-99.73007,436.7784,6/28/21,p,2021,05/25/2021 21:05 CDT,97185,27.41,66.41,2.54,8.3,0,102109.18
TWB14,Uvalde_2020_02,29.60214,-99.73007,436.7784,6/28/21,p,2021,05/25/2021 21:10 CDT,97188,27.4,66.62,2.665,8.3,0,102112.33
TWB14,Uvalde_2020_02,29.60214,-99.73007,436.7784,6/28/21,p,2021,05/25/2021 21:15 CDT,97210,27.36,66.92,2.36,8.3,0,102136.11
TWB14,Uvalde_2020_02,29.60214,-99.73007,436.7784,6/28/21,p,2021,05/25/2021 21:20 CDT,97211,27.33,67.09,2.655,8.3,0,102137.49
TWB14,Uvalde_2020_02,29.60214,-99.73007,436.7784,6/28/21,p,2021,05/25/2021 21:25 CDT,97214,27.28,67.69,2.45,8.3,0,102141.48
TWB14,Uvalde_2020_02,29.60214,-99.73007,436.7784,6/28/21,p,2021,05/25/2021 21:30 CDT,97223,27.21,68.44,2.35,8.3,0,102151.94
TWB14,Uvalde_2020_02,29.60214,-99.73007,436.7784,6/28/21,p,2021,05/25/2021 21:35 CDT,97234,27.14,69.38,2.935,8.3,0,102164.83
TWB14,Uvalde_2020_02,29.60214,-99.73007,436.7784,6/28/21,p,2021,05/25/2021 21:40 CDT,97241,27.09,70.09,3.235,8.3,0,102172.51
TWB14,Uvalde_2020_02,29.60214,-99.73007,436.7784,6/28/21,p,2021,05/25/2021 21:45 CDT,97242,27.03,70.8,3.135,8.3,0.03,102174.4
TWB14,Uvalde_2020_02,29.60214,-99.73007,436.7784,6/28/21,p,2021,05/25/2021 21:50 CDT,97242,26.9,72.01,2.73,8.3,0.22,102176.57
TWB14,Uvalde_2020_02,29.60214,-99.73007,436.7784,6/28/21,p,2021,05/25/2021 21:55 CDT,97240,26.77,72.89,2.92,8.3,0.12,102176.82
TWB14,Uvalde_2020_02,29.60214,-99.73007,436.7784,6/28/21,p,2021,05/25/2021 22:00 CDT,97244,26.66,73.5,2.755,8.3,0.02,102182.87
TWB14,Uvalde_2020_02,29.60214,-99.73007,436.7784,6/28/21,p,2021,05/25/2021 22:05 CDT,97256,26.55,74.44,3.065,8.3,0,102197.49
TWB14,Uvalde_2020_02,29.60214,-99.73007,436.7784,6/28/21,p,2021,05/25/2021 22:10 CDT,97264,26.5,74.85,2.735,8.3,0,102206.57
TWB14,Uvalde_2020_02,29.60214,-99.73007,436.7784,6/28/21,p,2021,05/25/2021 22:15 CDT,97276,26.44,75.39,2.14,8.3,0,102220.02
TWB14,Uvalde_2020_02,29.60214,-99.73007,436.7784,6/28/21,p,2021,05/25/2021 22:20 CDT,97291,26.39,76.13,2.805,8.3,0,102236.62
TWB14,Uvalde_2020_02,29.60214,-99.73007,436.7784,6/28/21,p,2021,05/25/2021 22:25 CDT,97299,26.35,76.53,2.295,8.3,0,102245.69
TWB14,Uvalde_2020_02,29.60214,-99.73007,436.7784,6/28/21,p,2021,05/25/2021 22:30 CDT,97301,26.29,76.94,2.64,8.3,0,102248.81
TWB14,Uvalde_2020_02,29.60214,-99.73007,436.7784,6/28/21,p,2021,05/25/2021 22:35 CDT,97303,26.23,77.75,3.275,8.3,0,102251.91
TWB14,Uvalde_2020_02,29.60214,-99.73007,436.7784,6/28/21,p,2021,05/25/2021 22:40 CDT,97303,26.1,78.69,3.855,8.3,0.58,102253.26
TWB14,Uvalde_2020_02,29.60214,-99.73007,436.7784,6/28/21,p,2021,05/25/2021 22:45 CDT,97308,25.91,79.4,4.035,8.3,1,102261.72
TWB14,Uvalde_2020_02,29.60214,-99.73007,436.7784,6/28/21,p,2021,05/25/2021 22:50 CDT,97324,25.81,79.63,3.245,8.3,0.4,102280.57
TWB14,Uvalde_2020_02,29.60214,-99.73007,436.7784,6/28/21,p,2021,05/25/2021 22:55 CDT,97328,25.74,79.97,3.14,8.3,0.05,102286.13
TWB14,Uvalde_2020_02,29.60214,-99.73007,436.7784,6/28/21,p,2021,05/25/2021 23:00 CDT,97329,25.66,80.3,3.55,8.3,0.32,102288.36
TWB14,Uvalde_2020_02,29.60214,-99.73007,436.7784,6/28/21,p,2021,05/25/2021 23:05 CDT,97334,25.57,80.7,3.84,8.3,0.12,102295.14
TWB14,Uvalde_2020_02,29.60214,-99.73007,436.7784,6/28/21,p,2021,05/25/2021 23:10 CDT,97339,25.5,80.8,3.66,8.3,0.02,102301.76
TWB14,Uvalde_2020_02,29.60214,-99.73007,436.7784,6/28/21,p,2021,05/25/2021 23:15 CDT,97354,25.46,81,3.18,8.3,0.02,102318.54
TWB14,Uvalde_2020_02,29.60214,-99.73007,436.7784,6/28/21,p,2021,05/25/2021 23:20 CDT,97355,25.42,80.9,3.41,8.3,0,102320.27
TWB14,Uvalde_2020_02,29.60214,-99.73007,436.7784,6/28/21,p,2021,05/25/2021 23:25 CDT,97354,25.4,81,3.11,8.3,0,102319.39
TWB14,Uvalde_2020_02,29.60214,-99.73007,436.7784,6/28/21,p,2021,05/25/2021 23:30 CDT,97358,25.36,81.4,3.165,8.3,0.03,102324.1
TWB14,Uvalde_2020_02,29.60214,-99.73007,436.7784,6/28/21,p,2021,05/25/2021 23:35 CDT,97365,25.27,81.7,3.82,8.3,0.33,102332.65
TWB14,Uvalde_2020_02,29.60214,-99.73007,436.7784,6/28/21,p,2021,05/25/2021 23:40 CDT,97363,25.2,81.9,2.815,8.3,0.11,102332.08
TWB14,Uvalde_2020_02,29.60214,-99.73007,436.7784,6/28/21,p,2021,05/25/2021 23:45 CDT,97361,25.14,82.1,3.23,8.3,0.21,102331
TWB14,Uvalde_2020_02,29.60214,-99.73007,436.7784,6/28/21,p,2021,05/25/2021 23:50 CDT,97356,25.08,82.2,2.915,8.3,0.18,102326.42
TWB14,Uvalde_2020_02,29.60214,-99.73007,436.7784,6/28/21,p,2021,05/25/2021 23:55 CDT,97353,25.03,82.4,2.91,8.3,0.03,102324.12
TWB14,Uvalde_2020_02,29.60214,-99.73007,436.7784,6/28/21,p,2021,05/26/2021 00:00 CDT,97355,24.98,82.7,2.28,8.3,0.01,102327.07
TWB14,Uvalde_2020_02,29.60214,-99.73007,436.7784,6/28/21,p,2021,05/26/2021 00:05 CDT,97359,24.92,83.1,3.435,8.3,0.12,102332.3
TWB14,Uvalde_2020_02,29.60214,-99.73007,436.7784,6/28/21,p,2021,05/26/2021 00:10 CDT,97363,24.85,83.4,3.255,8.3,0.01,102338.03
TWB14,Uvalde_2020_02,29.60214,-99.73007,436.7784,6/28/21,p,2021,05/26/2021 00:15 CDT,97363,24.8,83.5,3.32,8.3,0.08,102338.89
TWB14,Uvalde_2020_02,29.60214,-99.73007,436.7784,6/28/21,p,2021,05/26/2021 00:20 CDT,97378,24.75,83.9,3.25,8.3,0.03,102355.16
TWB14,Uvalde_2020_02,29.60214,-99.73007,436.7784,6/28/21,p,2021,05/26/2021 00:25 CDT,97383,24.71,84.2,2.495,8.3,0.01,102361.1
TWB14,Uvalde_2020_02,29.60214,-99.73007,436.7784,6/28/21,p,2021,05/26/2021 00:30 CDT,97394,24.67,84.4,3.04,8.3,0,102373.52
TWB14,Uvalde_2020_02,29.60214,-99.73007,436.7784,6/28/21,p,2021,05/26/2021 00:35 CDT,97399,24.63,84.6,2.815,8.3,0,102379.63
TWB14,Uvalde_2020_02,29.60214,-99.73007,436.7784,6/28/21,p,2021,05/26/2021 00:40 CDT,97410,24.6,84.8,2.755,8.3,0,102391.7
TWB14,Uvalde_2020_02,29.60214,-99.73007,436.7784,6/28/21,p,2021,05/26/2021 00:45 CDT,97411,24.54,85.1,3.475,8.3,0.06,102393.78
TWB14,Uvalde_2020_02,29.60214,-99.73007,436.7784,6/28/21,p,2021,05/26/2021 00:50 CDT,97409,24.5,85.3,2.99,8.3,0.03,102392.19
TWB14,Uvalde_2020_02,29.60214,-99.73007,436.7784,6/28/21,p,2021,05/26/2021 00:55 CDT,97405,24.47,85.4,3.33,8.3,0,102388.67
TWB14,Uvalde_2020_02,29.60214,-99.73007,436.7784,6/28/21,p,2021,05/26/2021 01:00 CDT,97407,24.43,85.6,3.34,8.3,0.01,102391.28
TWB14,Uvalde_2020_02,29.60214,-99.73007,436.7784,6/28/21,p,2021,05/26/2021 01:05 CDT,97401,24.39,85.6,2.785,8.3,0,102386
TWB14,Uvalde_2020_02,29.60214,-99.73007,436.7784,6/28/21,p,2021,05/26/2021 01:10 CDT,97407,24.35,85.6,2.825,8.3,0,102392.99
TWB14,Uvalde_2020_02,29.60214,-99.73007,436.7784,6/28/21,p,2021,05/26/2021 01:15 CDT,97413,24.33,85.8,2.845,8.3,0,102399.64
TWB14,Uvalde_2020_02,29.60214,-99.73007,436.7784,6/28/21,p,2021,05/26/2021 01:20 CDT,97415,24.29,85.8,3.005,8.3,0,102402.43
TWB14,Uvalde_2020_02,29.60214,-99.73007,436.7784,6/28/21,p,2021,05/26/2021 01:25 CDT,97426,24.29,85.8,2.23,8.3,0,102414.17
TWB14,Uvalde_2020_02,29.60214,-99.73007,436.7784,6/28/21,p,2021,05/26/2021 01:30 CDT,97433,24.27,85.9,2.71,8.3,0,102421.52
TWB14,Uvalde_2020_02,29.60214,-99.73007,436.7784,6/28/21,p,2021,05/26/2021 01:35 CDT,97439,24.22,86.3,2.465,8.3,0.09,102428.34
TWB14,Uvalde_2020_02,29.60214,-99.73007,436.7784,6/28/21,p,2021,05/26/2021 01:40 CDT,97439,24.1,86.9,2.665,8.3,0.66,102429.88
TWB14,Uvalde_2020_02,29.60214,-99.73007,436.7784,6/28/21,p,2021,05/26/2021 01:45 CDT,97437,24.02,87.2,2.97,8.3,0.4,102429.67
TWB14,Uvalde_2020_02,29.60214,-99.73007,436.7784,6/28/21,p,2021,05/26/2021 01:50 CDT,97430,23.94,87.6,3.39,8.3,0.39,102423.51
TWB14,Uvalde_2020_02,29.60214,-99.73007,436.7784,6/28/21,p,2021,05/26/2021 01:55 CDT,97426,23.9,87.7,2.37,8.3,0.1,102419.99
TWB14,Uvalde_2020_02,29.60214,-99.73007,436.7784,6/28/21,p,2021,05/26/2021 02:00 CDT,97420,23.83,88.3,3.8,8.715,0.18,102414.88
TWB14,Uvalde_2020_02,29.60214,-99.73007,436.7784,6/28/21,p,2021,05/26/2021 02:05 CDT,97414,23.74,88.6,3.16,8.715,0,102410.29
TWB14,Uvalde_2020_02,29.60214,-99.73007,436.7784,6/28/21,p,2021,05/26/2021 02:10 CDT,97407,23.69,88.8,3.445,8.715,0,102403.96
TWB14,Uvalde_2020_02,29.60214,-99.73007,436.7784,6/28/21,p,2021,05/26/2021 02:15 CDT,97409,23.64,89,2.93,8.715,0.02,102406.75
TWB14,Uvalde_2020_02,29.60214,-99.73007,436.7784,6/28/21,p,2021,05/26/2021 02:20 CDT,97406,23.6,89.1,2.76,8.715,0,102404.29
TWB14,Uvalde_2020_02,29.60214,-99.73007,436.7784,6/28/21,p,2021,05/26/2021 02:25 CDT,97404,23.58,89,3.095,8.715,0,102402.7
TWB14,Uvalde_2020_02,29.60214,-99.73007,436.7784,6/28/21,p,2021,05/26/2021 02:30 CDT,97402,23.56,89.1,3.505,8.715,0,102401.29
TWB14,Uvalde_2020_02,29.60214,-99.73007,436.7784,6/28/21,p,2021,05/26/2021 02:35 CDT,97401,23.53,89.2,3.26,8.715,0.01,102400.58
TWB14,Uvalde_2020_02,29.60214,-99.73007,436.7784,6/28/21,p,2021,05/26/2021 02:40 CDT,97401,23.52,89.4,3.115,8.715,0,102400.75
TWB14,Uvalde_2020_02,29.60214,-99.73007,436.7784,6/28/21,p,2021,05/26/2021 02:45 CDT,97401,23.47,89.6,3.36,8.715,0.14,102401.61
TWB14,Uvalde_2020_02,29.60214,-99.73007,436.7784,6/28/21,p,2021,05/26/2021 02:50 CDT,97404,23.45,89.4,2.96,8.715,0,102405.63
TWB14,Uvalde_2020_02,29.60214,-99.73007,436.7784,6/28/21,p,2021,05/26/2021 02:55 CDT,97401,23.49,88.7,2.6,8.715,0,102402.14
TWB14,Uvalde_2020_02,29.60214,-99.73007,436.7784,6/28/21,p,2021,05/26/2021 03:00 CDT,97401,23.55,88.2,2.175,8.715,0,102401.11
TWB14,Uvalde_2020_02,29.60214,-99.73007,436.7784,6/28/21,p,2021,05/26/2021 03:05 CDT,97401,23.62,87.7,2.365,8.715,0,102399.91
TWB14,Uvalde_2020_02,29.60214,-99.73007,436.7784,6/28/21,p,2021,05/26/2021 03:10 CDT,97399,23.65,87.4,2.375,8.715,0,102396.94
TWB14,Uvalde_2020_02,29.60214,-99.73007,436.7784,6/28/21,p,2021,05/26/2021 03:15 CDT,97395,23.68,87.2,2.445,8.715,0,102392.05
TWB14,Uvalde_2020_02,29.60214,-99.73007,436.7784,6/28/21,p,2021,05/26/2021 03:20 CDT,97392,23.68,87.2,2.31,8.715,0,102388.9
TWB14,Uvalde_2020_02,29.60214,-99.73007,436.7784,6/28/21,p,2021,05/26/2021 03:25 CDT,97396,23.69,86.7,2.845,8.715,0,102393.11
TWB14,Uvalde_2020_02,29.60214,-99.73007,436.7784,6/28/21,p,2021,05/26/2021 03:30 CDT,97391,23.71,86.7,3.065,8.715,0,102387.68
TWB14,Uvalde_2020_02,29.60214,-99.73007,436.7784,6/28/21,p,2021,05/26/2021 03:35 CDT,97390,23.7,86.5,2.49,8.715,0,102386.63
TWB14,Uvalde_2020_02,29.60214,-99.73007,436.7784,6/28/21,p,2021,05/26/2021 03:40 CDT,97383,23.7,86.7,2.47,8.715,0,102379.27
TWB14,Uvalde_2020_02,29.60214,-99.73007,436.7784,6/28/21,p,2021,05/26/2021 03:45 CDT,97376,23.7,86.3,2.875,8.715,0,102371.91
TWB14,Uvalde_2020_02,29.60214,-99.73007,436.7784,6/28/21,p,2021,05/26/2021 03:50 CDT,97376,23.71,86.3,2.385,8.715,0,102371.91
TWB14,Uvalde_2020_02,29.60214,-99.73007,436.7784,6/28/21,p,2021,05/26/2021 03:55 CDT,97383,23.7,86.4,2.4,8.715,0,102379.27
TWB14,Uvalde_2020_02,29.60214,-99.73007,436.7784,6/28/21,p,2021,05/26/2021 04:00 CDT,97382,23.7,86,3.05,8.715,0,102378.22
TWB14,Uvalde_2020_02,29.60214,-99.73007,436.7784,6/28/21,p,2021,05/26/2021 04:05 CDT,97388,23.7,85.8,3.295,8.715,0.21,102384.53
TWB14,Uvalde_2020_02,29.60214,-99.73007,436.7784,6/28/21,p,2021,05/26/2021 04:10 CDT,97393,23.7,85.4,2.415,8.715,0,102389.79
TWB14,Uvalde_2020_02,29.60214,-99.73007,436.7784,6/28/21,p,2021,05/26/2021 04:15 CDT,97402,23.72,85.2,2.945,8.715,0,102399.25
TWB14,Uvalde_2020_02,29.60214,-99.73007,436.7784,6/28/21,p,2021,05/26/2021 04:20 CDT,97404,23.71,85.1,3.175,8.715,0,102401.36
TWB14,Uvalde_2020_02,29.60214,-99.73007,436.7784,6/28/21,p,2021,05/26/2021 04:25 CDT,97403,23.68,85.4,2.285,8.715,0,102400.3
TWB14,Uvalde_2020_02,29.60214,-99.73007,436.7784,6/28/21,p,2021,05/26/2021 04:30 CDT,97398,23.66,85.4,1.975,8.715,0,102395.22
TWB14,Uvalde_2020_02,29.60214,-99.73007,436.7784,6/28/21,p,2021,05/26/2021 04:35 CDT,97397,23.65,84.8,3.175,8.715,0,102394.52
TWB14,Uvalde_2020_02,29.60214,-99.73007,436.7784,6/28/21,p,2021,05/26/2021 04:40 CDT,97403,23.64,84.9,2.375,8.715,0,102401.17
TWB14,Uvalde_2020_02,29.60214,-99.73007,436.7784,6/28/21,p,2021,05/26/2021 04:45 CDT,97405,23.62,85,2.29,8.715,0,102403.44
TWB14,Uvalde_2020_02,29.60214,-99.73007,436.7784,6/28/21,p,2021,05/26/2021 04:50 CDT,97407,23.62,84.6,2.265,8.715,0,102405.72
TWB14,Uvalde_2020_02,29.60214,-99.73007,436.7784,6/28/21,p,2021,05/26/2021 04:55 CDT,97418,23.64,84.4,2.24,8.715,0,102417.11
TWB14,Uvalde_2020_02,29.60214,-99.73007,436.7784,6/28/21,p,2021,05/26/2021 05:00 CDT,97424,23.64,84.6,1.965,8.715,0,102423.25
TWB14,Uvalde_2020_02,29.60214,-99.73007,436.7784,6/28/21,p,2021,05/26/2021 05:05 CDT,97440,23.64,84.7,1.86,8.715,0,102439.9
TWB14,Uvalde_2020_02,29.60214,-99.73007,436.7784,6/28/21,p,2021,05/26/2021 05:10 CDT,97448,23.63,84.4,1.9,8.715,0,102448.65
TWB14,Uvalde_2020_02,29.60214,-99.73007,436.7784,6/28/21,p,2021,05/26/2021 05:15 CDT,97446,23.63,83.9,2.125,8.715,0,102446.73
TWB14,Uvalde_2020_02,29.60214,-99.73007,436.7784,6/28/21,p,2021,05/26/2021 05:20 CDT,97445,23.63,83.4,2.105,8.715,0,102445.68
TWB14,Uvalde_2020_02,29.60214,-99.73007,436.7784,6/28/21,p,2021,05/26/2021 05:25 CDT,97447,23.63,83.3,2.11,8.715,0,102447.78
TWB14,Uvalde_2020_02,29.60214,-99.73007,436.7784,6/28/21,p,2021,05/26/2021 05:30 CDT,97453,23.62,83.4,2.26,8.715,0,102454.09
TWB14,Uvalde_2020_02,29.60214,-99.73007,436.7784,6/28/21,p,2021,05/26/2021 05:35 CDT,97450,23.59,83.6,1.9,8.715,0,102451.62
TWB14,Uvalde_2020_02,29.60214,-99.73007,436.7784,6/28/21,p,2021,05/26/2021 05:40 CDT,97452,23.58,83.7,1.895,8.715,0,102453.9
TWB14,Uvalde_2020_02,29.60214,-99.73007,436.7784,6/28/21,p,2021,05/26/2021 05:45 CDT,97458,23.59,83.3,2.085,8.715,0,102460.04
TWB14,Uvalde_2020_02,29.60214,-99.73007,436.7784,6/28/21,p,2021,05/26/2021 05:50 CDT,97449,23.58,83.4,1.85,8.715,0,102450.92
TWB14,Uvalde_2020_02,29.60214,-99.73007,436.7784,6/28/21,p,2021,05/26/2021 05:55 CDT,97449,23.55,83.1,2.38,8.715,0.06,102451.44
TWB14,Uvalde_2020_02,29.60214,-99.73007,436.7784,6/28/21,p,2021,05/26/2021 06:00 CDT,97442,23.46,83.8,1.955,8.715,0.13,102445.28
TWB14,Uvalde_2020_02,29.60214,-99.73007,436.7784,6/28/21,p,2021,05/26/2021 06:05 CDT,97443,23.43,83.4,2.38,8.715,0,102447.03
TWB14,Uvalde_2020_02,29.60214,-99.73007,436.7784,6/28/21,p,2021,05/26/2021 06:10 CDT,97446,23.42,83.5,2.07,8.715,0,102450.35
TWB14,Uvalde_2020_02,29.60214,-99.73007,436.7784,6/28/21,p,2021,05/26/2021 06:15 CDT,97443,23.41,83.3,2.59,8.715,0,102447.37
TWB14,Uvalde_2020_02,29.60214,-99.73007,436.7784,6/28/21,p,2021,05/26/2021 06:20 CDT,97450,23.42,83.4,2.39,8.715,0,102454.39
TWB14,Uvalde_2020_02,29.60214,-99.73007,436.7784,6/28/21,p,2021,05/26/2021 06:25 CDT,97458,23.43,83.5,1.95,8.715,0,102462.62
TWB14,Uvalde_2020_02,29.60214,-99.73007,436.7784,6/28/21,p,2021,05/26/2021 06:30 CDT,97466,23.42,83.4,2.395,8.715,0,102471.21
TWB14,Uvalde_2020_02,29.60214,-99.73007,436.7784,6/28/21,p,2021,05/26/2021 06:35 CDT,97473,23.41,83.7,2.495,8.715,0,102478.74
TWB14,Uvalde_2020_02,29.60214,-99.73007,436.7784,6/28/21,p,2021,05/26/2021 06:40 CDT,97477,23.37,84.2,2.74,8.715,0.33,102483.46
TWB14,Uvalde_2020_02,29.60214,-99.73007,436.7784,6/28/21,p,2021,05/26/2021 06:45 CDT,97479,23.34,84.4,2.16,8.715,1.03,102486.25
TWB14,Uvalde_2020_02,29.60214,-99.73007,436.7784,6/28/21,p,2021,05/26/2021 06:50 CDT,97480,23.32,84.7,2.45,8.715,1.2,102487.64
TWB14,Uvalde_2020_02,29.60214,-99.73007,436.7784,6/28/21,p,2021,05/26/2021 06:55 CDT,97488,23.3,85,2.37,8.715,1.13,102496.4
TWB14,Uvalde_2020_02,29.60214,-99.73007,436.7784,6/28/21,p,2021,05/26/2021 07:00 CDT,97495,23.28,85.1,2.045,8.715,1.5,102503.93
TWB14,Uvalde_2020_02,29.60214,-99.73007,436.7784,6/28/21,p,2021,05/26/2021 07:05 CDT,97499,23.23,85.1,3.07,8.715,3.2,102509.17
TWB14,Uvalde_2020_02,29.60214,-99.73007,436.7784,6/28/21,p,2021,05/26/2021 07:10 CDT,97499,23.19,84.7,2.905,8.715,4.95,102510.04
TWB14,Uvalde_2020_02,29.60214,-99.73007,436.7784,6/28/21,p,2021,05/26/2021 07:15 CDT,97502,23.17,84.7,2.78,8.715,8.2,102513.54
TWB14,Uvalde_2020_02,29.60214,-99.73007,436.7784,6/28/21,p,2021,05/26/2021 07:20 CDT,97515,23.17,84.8,2.51,8.715,9.17,102527.21
TWB14,Uvalde_2020_02,29.60214,-99.73007,436.7784,6/28/21,p,2021,05/26/2021 07:25 CDT,97529,23.16,84.8,2.73,8.715,7.58,102541.93
TWB14,Uvalde_2020_02,29.60214,-99.73007,436.7784,6/28/21,p,2021,05/26/2021 07:30 CDT,97533,23.15,84.9,2.535,8.715,9.37,102546.13
TWB14,Uvalde_2020_02,29.60214,-99.73007,436.7784,6/28/21,p,2021,05/26/2021 07:35 CDT,97530,23.13,85,1.815,8.715,11.16,102543.32
TWB14,Uvalde_2020_02,29.60214,-99.73007,436.7784,6/28/21,p,2021,05/26/2021 07:40 CDT,97533,23.13,85,2.25,8.715,11.56,102546.48
TWB14,Uvalde_2020_02,29.60214,-99.73007,436.7784,6/28/21,p,2021,05/26/2021 07:45 CDT,97534,23.13,85.1,2.58,8.715,13.2,102547.53
TWB14,Uvalde_2020_02,29.60214,-99.73007,436.7784,6/28/21,p,2021,05/26/2021 07:50 CDT,97535,23.13,85.3,2.16,8.715,14.9,102548.58
TWB14,Uvalde_2020_02,29.60214,-99.73007,436.7784,6/28/21,p,2021,05/26/2021 07:55 CDT,97534,23.12,85.7,2.2,8.715,15.8,102547.52
TWB14,Uvalde_2020_02,29.60214,-99.73007,436.7784,6/28/21,p,2021,05/26/2021 08:00 CDT,97540,23.11,85.8,2.65,8.715,18.07,102554.01
TWB14,Uvalde_2020_02,29.60214,-99.73007,436.7784,6/28/21,p,2021,05/26/2021 08:05 CDT,97547,23.08,86.1,1.93,8.715,17.23,102561.88
TWB14,Uvalde_2020_02,29.60214,-99.73007,436.7784,6/28/21,p,2021,05/26/2021 08:10 CDT,97539,23.07,86.4,2.01,8.715,20.52,102553.47
TWB14,Uvalde_2020_02,29.60214,-99.73007,436.7784,6/28/21,p,2021,05/26/2021 08:15 CDT,97535,23.06,86.4,2.085,8.715,25.15,102549.61
TWB14,Uvalde_2020_02,29.60214,-99.73007,436.7784,6/28/21,p,2021,05/26/2021 08:20 CDT,97540,23.06,86.8,2.725,8.715,22.1,102555.04
TWB14,Uvalde_2020_02,29.60214,-99.73007,436.7784,6/28/21,p,2021,05/26/2021 08:25 CDT,97537,22.99,87.6,1.81,8.715,25.24,102552.74
TWB14,Uvalde_2020_02,29.60214,-99.73007,436.7784,6/28/21,p,2021,05/26/2021 08:30 CDT,97539,22.97,87.8,2.075,8.715,24,102555.36
TWB14,Uvalde_2020_02,29.60214,-99.73007,436.7784,6/28/21,p,2021,05/26/2021 08:35 CDT,97546,22.95,87.7,2.045,8.715,26.28,102563.24
TWB14,Uvalde_2020_02,29.60214,-99.73007,436.7784,6/28/21,p,2021,05/26/2021 08:40 CDT,97551,22.99,87.4,2.13,8.715,30.08,102567.98
TWB14,Uvalde_2020_02,29.60214,-99.73007,436.7784,6/28/21,p,2021,05/26/2021 08:45 CDT,97561,22.99,88,2.36,8.715,36.12,102578.15
TWB14,Uvalde_2020_02,29.60214,-99.73007,436.7784,6/28/21,p,2021,05/26/2021 08:50 CDT,97568,22.97,88,2.525,8.715,34.64,102586.2
TWB14,Uvalde_2020_02,29.60214,-99.73007,436.7784,6/28/21,p,2021,05/26/2021 08:55 CDT,97573,22.96,88.3,2.45,8.715,40.12,102591.46
TWB14,Uvalde_2020_02,29.60214,-99.73007,436.7784,6/28/21,p,2021,05/26/2021 09:00 CDT,97570,22.96,88.7,2.37,8.715,41.35,102588.3
TWB14,Uvalde_2020_02,29.60214,-99.73007,436.7784,6/28/21,p,2021,05/26/2021 09:05 CDT,97563,22.89,89.4,2.3,8.715,42.86,102581.63
TWB14,Uvalde_2020_02,29.60214,-99.73007,436.7784,6/28/21,p,2021,05/26/2021 09:10 CDT,97565,22.84,89.2,2.79,8.715,53.58,102584.42
TWB14,Uvalde_2020_02,29.60214,-99.73007,436.7784,6/28/21,p,2021,05/26/2021 09:15 CDT,97575,22.88,89.9,2.37,8.715,54.33,102594.93
TWB14,Uvalde_2020_02,29.60214,-99.73007,436.7784,6/28/21,p,2021,05/26/2021 09:20 CDT,97582,22.86,89.9,2.32,8.715,52.66,102602.29
TWB14,Uvalde_2020_02,29.60214,-99.73007,436.7784,6/28/21,p,2021,05/26/2021 09:25 CDT,97587,22.87,89.8,2.445,8.715,60.08,102607.55
TWB14,Uvalde_2020_02,29.60214,-99.73007,436.7784,6/28/21,p,2021,05/26/2021 09:30 CDT,97588,22.93,89.4,2.27,8.715,71.26,102607.91
TWB14,Uvalde_2020_02,29.60214,-99.73007,436.7784,6/28/21,p,2021,05/26/2021 09:40 CDT,97588,23.06,88.8,2.21,8.715,95.48,102605.49
TWB14,Uvalde_2020_02,29.60214,-99.73007,436.7784,6/28/21,p,2021,05/26/2021 09:45 CDT,97589,23.23,87.8,2.575,8.715,107.81,102603.95
TWB14,Uvalde_2020_02,29.60214,-99.73007,436.7784,6/28/21,p,2021,05/26/2021 09:50 CDT,97589,23.37,87.4,2.635,8.715,105.77,102600.84
TWB14,Uvalde_2020_02,29.60214,-99.73007,436.7784,6/28/21,p,2021,05/26/2021 09:55 CDT,97591,23.45,87.3,2.4,8.715,95.34,102601.56
TWB14,Uvalde_2020_02,29.60214,-99.73007,436.7784,6/28/21,p,2021,05/26/2021 10:00 CDT,97595,23.53,86.6,2.085,8.715,103.86,102603.87
TWB14,Uvalde_2020_02,29.60214,-99.73007,436.7784,6/28/21,p,2021,05/26/2021 10:05 CDT,97594,23.6,86.1,2.48,8.715,122.09,102601.44
TWB14,Uvalde_2020_02,29.60214,-99.73007,436.7784,6/28/21,p,2021,05/26/2021 10:10 CDT,97592,23.65,85.2,2.775,8.715,136.03,102598.48
TWB14,Uvalde_2020_02,29.60214,-99.73007,436.7784,6/28/21,p,2021,05/26/2021 10:15 CDT,97594,23.76,84.8,2.84,8.715,185.42,102599.04
TWB14,Uvalde_2020_02,29.60214,-99.73007,436.7784,6/28/21,p,2021,05/26/2021 10:20 CDT,97601,24.03,84,2.1,8.715,180.34,102601.92
TWB14,Uvalde_2020_02,29.60214,-99.73007,436.7784,6/28/21,p,2021,05/26/2021 10:25 CDT,97603,24.17,82.2,2.64,8.715,157.99,102600.77
TWB14,Uvalde_2020_02,29.60214,-99.73007,436.7784,6/28/21,p,2021,05/26/2021 10:30 CDT,97603,24.23,82.9,2.405,8.715,182.92,102599.39
TWB14,Uvalde_2020_02,29.60214,-99.73007,436.7784,6/28/21,p,2021,05/26/2021 10:35 CDT,97602,24.32,81.5,2.53,8.715,180.38,102596.29
TWB14,Uvalde_2020_02,29.60214,-99.73007,436.7784,6/28/21,p,2021,05/26/2021 10:40 CDT,97602,24.24,82.1,3.695,8.715,177.92,102596.97
TWB14,Uvalde_2020_02,29.60214,-99.73007,436.7784,6/28/21,p,2021,05/26/2021 10:45 CDT,97601,24.27,81.4,3.345,8.715,213.35,102596.62
TWB14,Uvalde_2020_02,29.60214,-99.73007,436.7784,6/28/21,p,2021,05/26/2021 10:50 CDT,97603,24.37,82.1,2.995,8.715,159.46,102596.65
TWB14,Uvalde_2020_02,29.60214,-99.73007,436.7784,6/28/21,p,2021,05/26/2021 10:55 CDT,97599,24.45,81.4,2.495,8.715,153.87,102591.25
TWB14,Uvalde_2020_02,29.60214,-99.73007,436.7784,6/28/21,p,2021,05/26/2021 11:00 CDT,97601,24.44,81.5,2.87,8.715,119.93,102593.01
TWB14,Uvalde_2020_02,29.60214,-99.73007,436.7784,6/28/21,p,2021,05/26/2021 11:05 CDT,97601,24.4,81.4,2.565,8.715,112.57,102593.87
TWB14,Uvalde_2020_02,29.60214,-99.73007,436.7784,6/28/21,p,2021,05/26/2021 11:10 CDT,97600,24.43,81.2,2.67,8.715,99.29,102592.82
TWB14,Uvalde_2020_02,29.60214,-99.73007,436.7784,6/28/21,p,2021,05/26/2021 11:15 CDT,97600,24.5,81.2,1.97,8.715,91.4,102592.31
TWB14,Uvalde_2020_02,29.60214,-99.73007,436.7784,6/28/21,p,2021,05/26/2021 11:20 CDT,97604,24.55,80.7,2.475,8.715,105.06,102595.49
TWB14,Uvalde_2020_02,29.60214,-99.73007,436.7784,6/28/21,p,2021,05/26/2021 11:25 CDT,97608,24.51,80.5,2.92,8.715,113.89,102600.03
TWB14,Uvalde_2020_02,29.60214,-99.73007,436.7784,6/28/21,p,2021,05/26/2021 11:30 CDT,97610,24.51,81.4,2.335,8.715,95.4,102602.47
TWB14,Uvalde_2020_02,29.60214,-99.73007,436.7784,6/28/21,p,2021,05/26/2021 11:35 CDT,97613,24.52,81.8,1.835,8.715,90.64,102605.28
TWB14,Uvalde_2020_02,29.60214,-99.73007,436.7784,6/28/21,p,2021,05/26/2021 11:40 CDT,97618,24.49,82.2,2.405,8.715,113.32,102610.7
TWB14,Uvalde_2020_02,29.60214,-99.73007,436.7784,6/28/21,p,2021,05/26/2021 11:45 CDT,97624,24.47,81.5,2.78,8.715,108.96,102617.53
TWB14,Uvalde_2020_02,29.60214,-99.73007,436.7784,6/28/21,p,2021,05/26/2021 11:50 CDT,97624,24.46,82.2,2.31,8.715,87.16,102617.52
TWB14,Uvalde_2020_02,29.60214,-99.73007,436.7784,6/28/21,p,2021,05/26/2021 11:55 CDT,97625,24.45,82.2,2.185,8.715,96.38,102619.09
TWB14,Uvalde_2020_02,29.60214,-99.73007,436.7784,6/28/21,p,2021,05/26/2021 12:00 CDT,97625,24.44,82.9,2.48,8.715,105.29,102618.91
TWB14,Uvalde_2020_02,29.60214,-99.73007,436.7784,6/28/21,p,2021,05/26/2021 12:05 CDT,97625,24.25,83.3,2.665,8.715,101.56,102620.97
TWB14,Uvalde_2020_02,29.60214,-99.73007,436.7784,6/28/21,p,2021,05/26/2021 12:10 CDT,97627,24.23,84.4,2.205,8.715,79.06,102624.61
TWB14,Uvalde_2020_02,29.60214,-99.73007,436.7784,6/28/21,p,2021,05/26/2021 12:15 CDT,97638,24.22,85.2,2.04,8.715,100.53,102636.51
TWB14,Uvalde_2020_02,29.60214,-99.73007,436.7784,6/28/21,p,2021,05/26/2021 12:20 CDT,97642,24.13,86.2,1.965,8.715,131.32,102640.88
TWB14,Uvalde_2020_02,29.60214,-99.73007,436.7784,6/28/21,p,2021,05/26/2021 12:25 CDT,97640,24.02,87.2,2.13,8.715,115.87,102639.97
TWB14,Uvalde_2020_02,29.60214,-99.73007,436.7784,6/28/21,p,2021,05/26/2021 12:30 CDT,97639,23.99,86.9,1.72,8.715,110.33,102639.96
TWB14,Uvalde_2020_02,29.60214,-99.73007,436.7784,6/28/21,p,2021,05/26/2021 12:35 CDT,97639,23.95,87.1,1.79,8.715,109.67,102641.5
TWB14,Uvalde_2020_02,29.60214,-99.73007,436.7784,6/28/21,p,2021,05/26/2021 12:40 CDT,97637,24.06,86.3,1.83,8.715,131.3,102638.37
TWB14,Uvalde_2020_02,29.60214,-99.73007,436.7784,6/28/21,p,2021,05/26/2021 12:45 CDT,97634,24.29,85.6,1.45,8.715,123.18,102632.13
TWB14,Uvalde_2020_02,29.60214,-99.73007,436.7784,6/28/21,p,2021,05/26/2021 12:50 CDT,97626,24.5,83.5,1.635,8.715,141.12,102619.62
TWB14,Uvalde_2020_02,29.60214,-99.73007,436.7784,6/28/21,p,2021,05/26/2021 12:55 CDT,97625,24.61,83.5,1.965,8.715,132.72,102616.51
TWB14,Uvalde_2020_02,29.60214,-99.73007,436.7784,6/28/21,p,2021,05/26/2021 13:00 CDT,97623,24.65,84.1,1.94,8.715,113.9,102613.2
TWB14,Uvalde_2020_02,29.60214,-99.73007,436.7784,6/28/21,p,2021,05/26/2021 13:05 CDT,97612,24.67,83.2,2.58,8.715,155.57,102601.82
TWB14,Uvalde_2020_02,29.60214,-99.73007,436.7784,6/28/21,p,2021,05/26/2021 13:10 CDT,97610,24.87,82.2,2.59,8.715,218.68,102596.98
TWB14,Uvalde_2020_02,29.60214,-99.73007,436.7784,6/28/21,p,2021,05/26/2021 13:15 CDT,97610,25.07,82.1,2.52,8.715,141.62,102593.39
TWB14,Uvalde_2020_02,29.60214,-99.73007,436.7784,6/28/21,p,2021,05/26/2021 13:20 CDT,97610,25.04,81.4,2.575,8.715,137.47,102592.89
TWB14,Uvalde_2020_02,29.60214,-99.73007,436.7784,6/28/21,p,2021,05/26/2021 13:25 CDT,97610,24.85,83.7,2.91,8.715,125.18,102595.26
TWB14,Uvalde_2020_02,29.60214,-99.73007,436.7784,6/28/21,p,2021,05/26/2021 13:30 CDT,97603,24.88,80.7,2.795,8.715,276.22,102588.44
TWB14,Uvalde_2020_02,29.60214,-99.73007,436.7784,6/28/21,p,2021,05/26/2021 13:35 CDT,97598,25.2,79.23,2.43,8.715,378.44,102578.41
TWB14,Uvalde_2020_02,29.60214,-99.73007,436.7784,6/28/21,p,2021,05/26/2021 13:40 CDT,97593,25.61,78.49,2.65,8.715,325.53,102565.15
TWB14,Uvalde_2020_02,29.60214,-99.73007,436.7784,6/28/21,p,2021,05/26/2021 13:45 CDT,97584,25.8,76.63,2.785,8.715,243.28,102552.31
TWB14,Uvalde_2020_02,29.60214,-99.73007,436.7784,6/28/21,p,2021,05/26/2021 13:50 CDT,97573,25.89,76.09,2.085,8.715,216.04,102538.89
TWB14,Uvalde_2020_02,29.60214,-99.73007,436.7784,6/28/21,p,2021,05/26/2021 13:55 CDT,97567,25.9,76.93,2.47,8.715,112.25,102531.9
TWB14,Uvalde_2020_02,29.60214,-99.73007,436.7784,6/28/21,p,2021,05/26/2021 14:00 CDT,97566,25.69,78.41,2.755,8.715,125.06,102533.89
TWB14,Uvalde_2020_02,29.60214,-99.73007,436.7784,6/28/21,p,2021,05/26/2021 14:05 CDT,97564,25.59,77.73,2.55,8.715,166.36,102534.68
TWB14,Uvalde_2020_02,29.60214,-99.73007,436.7784,6/28/21,p,2021,05/26/2021 14:10 CDT,97564,25.65,77.73,2.705,8.715,194.68,102533.83
TWB14,Uvalde_2020_02,29.60214,-99.73007,436.7784,6/28/21,p,2021,05/26/2021 14:15 CDT,97561,25.72,78.14,2.255,8.715,99.83,102529.15
TWB14,Uvalde_2020_02,29.60214,-99.73007,436.7784,6/28/21,p,2021,05/26/2021 14:20 CDT,97562,25.66,78.54,2.1,8.715,107.09,102531.55
TWB14,Uvalde_2020_02,29.60214,-99.73007,436.7784,6/28/21,p,2021,05/26/2021 14:25 CDT,97557,25.51,78.27,3.14,8.715,169.36,102528.68
TWB14,Uvalde_2020_02,29.60214,-99.73007,436.7784,6/28/21,p,2021,05/26/2021 14:30 CDT,97551,25.53,78.34,2.915,8.715,269.75,102522.72
TWB14,Uvalde_2020_02,29.60214,-99.73007,436.7784,6/28/21,p,2021,05/26/2021 14:35 CDT,97543,25.92,75.81,1.915,8.715,289.32,102508.72
TWB14,Uvalde_2020_02,29.60214,-99.73007,436.7784,6/28/21,p,2021,05/26/2021 14:40 CDT,97536,26.18,75.48,2.815,8.715,239.41,102495.26
TWB14,Uvalde_2020_02,29.60214,-99.73007,436.7784,6/28/21,p,2021,05/26/2021 14:45 CDT,97533,26.16,76.28,2.785,8.715,278.34,102491.76
TWB14,Uvalde_2020_02,29.60214,-99.73007,436.7784,6/28/21,p,2021,05/26/2021 14:50 CDT,97527,26.43,74.5,2.395,8.715,291.95,102481.08
TWB14,Uvalde_2020_02,29.60214,-99.73007,436.7784,6/28/21,p,2021,05/26/2021 14:55 CDT,97519,26.41,74.6,2.505,8.715,262.1,102471.99
TWB14,Uvalde_2020_02,29.60214,-99.73007,436.7784,6/28/21,p,2021,05/26/2021 15:00 CDT,97510,26.54,75.68,2.25,8.715,348.54,102461.68
TWB14,Uvalde_2020_02,29.60214,-99.73007,436.7784,6/28/21,p,2021,05/26/2021 15:05 CDT,97509,26.91,74.06,2.03,8.715,342.89,102454.07
TWB14,Uvalde_2020_02,29.60214,-99.73007,436.7784,6/28/21,p,2021,05/26/2021 15:10 CDT,97499,27.06,71.77,2.6,8.715,430.46,102440.55
TWB14,Uvalde_2020_02,29.60214,-99.73007,436.7784,6/28/21,p,2021,05/26/2021 15:15 CDT,97489,27.16,72.57,2.19,8.715,530.16,102426.67
TWB14,Uvalde_2020_02,29.60214,-99.73007,436.7784,6/28/21,p,2021,05/26/2021 15:20 CDT,97478,27.61,70.92,1.895,8.715,600.33,102408.93
TWB14,Uvalde_2020_02,29.60214,-99.73007,436.7784,6/28/21,p,2021,05/26/2021 15:25 CDT,97471,27.75,70.65,2.24,8.715,361.48,102398.23
TWB14,Uvalde_2020_02,29.60214,-99.73007,436.7784,6/28/21,p,2021,05/26/2021 15:30 CDT,97465,27.57,70.91,2.84,8.715,236.57,102394.26
TWB14,Uvalde_2020_02,29.60214,-99.73007,436.7784,6/28/21,p,2021,05/26/2021 15:35 CDT,97454,27.4,69.43,2.79,8.715,340.45,102386.41
TWB14,Uvalde_2020_02,29.60214,-99.73007,436.7784,6/28/21,p,2021,05/26/2021 15:40 CDT,97446,27.37,70.84,2.69,8.715,177.7,102378.16
TWB14,Uvalde_2020_02,29.60214,-99.73007,436.7784,6/28/21,p,2021,05/26/2021 15:45 CDT,97444,27.41,70.33,2.57,8.715,206.1,102376.73
TWB14,Uvalde_2020_02,29.60214,-99.73007,436.7784,6/28/21,p,2021,05/26/2021 15:50 CDT,97441,27.35,72.32,2.34,8.715,223,102375.57
TWB14,Uvalde_2020_02,29.60214,-99.73007,436.7784,6/28/21,p,2021,05/26/2021 15:55 CDT,97435,27.52,70.97,2.22,8.715,193.86,102366.93
TWB14,Uvalde_2020_02,29.60214,-99.73007,436.7784,6/28/21,p,2021,05/26/2021 16:00 CDT,97424,27.41,70.33,2.475,8.715,437.5,102356.56
TWB14,Uvalde_2020_02,29.60214,-99.73007,436.7784,6/28/21,p,2021,05/26/2021 16:05 CDT,97417,27.93,68.07,3.02,8.715,411.83,102341.35
TWB14,Uvalde_2020_02,29.60214,-99.73007,436.7784,6/28/21,p,2021,05/26/2021 16:10 CDT,97413,28.02,68.65,2.525,8.715,435.59,102333.97
TWB14,Uvalde_2020_02,29.60214,-99.73007,436.7784,6/28/21,p,2021,05/26/2021 16:15 CDT,97400,28.26,66.46,2.68,8.715,366.07,102316.5
TWB14,Uvalde_2020_02,29.60214,-99.73007,436.7784,6/28/21,p,2021,05/26/2021 16:20 CDT,97391,28.05,66.05,2.35,8.715,194.31,102309.05
TWB14,Uvalde_2020_02,29.60214,-99.73007,436.7784,6/28/21,p,2021,05/26/2021 16:25 CDT,97388,28.06,65.11,3.45,8.715,593.57,102306.91
TWB14,Uvalde_2020_02,29.60214,-99.73007,436.7784,6/28/21,p,2021,05/26/2021 16:30 CDT,97375,28.56,65.81,2.385,8.715,618.86,102285.58
TWB14,Uvalde_2020_02,29.60214,-99.73007,436.7784,6/28/21,p,2021,05/26/2021 16:35 CDT,97361,29.18,61.54,2.15,8.715,390.74,102260.47
TWB14,Uvalde_2020_02,29.60214,-99.73007,436.7784,6/28/21,p,2021,05/26/2021 16:40 CDT,97348,28.85,63.35,3.305,8.715,362.43,102250.11
TWB14,Uvalde_2020_02,29.60214,-99.73007,436.7784,6/28/21,p,2021,05/26/2021 16:45 CDT,97331,28.88,60.72,3.135,8.715,482.43,102233.6
TWB14,Uvalde_2020_02,29.60214,-99.73007,436.7784,6/28/21,p,2021,05/26/2021 16:50 CDT,97325,29.18,62.04,2.815,8.715,525.06,102222.48
TWB14,Uvalde_2020_02,29.60214,-99.73007,436.7784,6/28/21,p,2021,05/26/2021 16:55 CDT,97317,29.33,60.86,3.075,8.715,503.38,102210.79
TWB14,Uvalde_2020_02,29.60214,-99.73007,436.7784,6/28/21,p,2021,05/26/2021 17:00 CDT,97310,29.34,61.23,2.75,8.715,492.93,102203.92
TWB14,Uvalde_2020_02,29.60214,-99.73007,436.7784,6/28/21,p,2021,05/26/2021 17:05 CDT,97303,29.23,60.32,3.56,8.715,418.35,102198.24
TWB14,Uvalde_2020_02,29.60214,-99.73007,436.7784,6/28/21,p,2021,05/26/2021 17:10 CDT,97300,29.41,59.34,3.515,8.715,408.94,102191.79
TWB14,Uvalde_2020_02,29.60214,-99.73007,436.7784,6/28/21,p,2021,05/26/2021 17:15 CDT,97289,29.62,59.04,2.395,8.715,472.85,102177.43
TWB14,Uvalde_2020_02,29.60214,-99.73007,436.7784,6/28/21,p,2021,05/26/2021 17:20 CDT,97289,29.82,60.39,2.895,8.715,419.84,102172.64
TWB14,Uvalde_2020_02,29.60214,-99.73007,436.7784,6/28/21,p,2021,05/26/2021 17:25 CDT,97279,29.99,58.56,2.535,8.715,370.4,102161.66
TWB14,Uvalde_2020_02,29.60214,-99.73007,436.7784,6/28/21,p,2021,05/26/2021 17:30 CDT,97286,29.75,57.82,3.535,8.715,234.62,102170.67
TWB14,Uvalde_2020_02,29.60214,-99.73007,436.7784,6/28/21,p,2021,05/26/2021 17:35 CDT,97286,29.38,59.03,3.11,8.3,180.97,102177.59
TWB14,Uvalde_2020_02,29.60214,-99.73007,436.7784,6/28/21,p,2021,05/26/2021 17:40 CDT,97275,29.48,59.17,2.165,8.3,243.01,102167.02
TWB14,Uvalde_2020_02,29.60214,-99.73007,436.7784,6/28/21,p,2021,05/26/2021 17:45 CDT,97268,29.56,59.06,2.125,8.3,279.05,102157.85
TWB14,Uvalde_2020_02,29.60214,-99.73007,436.7784,6/28/21,p,2021,05/26/2021 17:50 CDT,97262,30.04,57.99,1.855,8.3,397.83,102145.63
TWB14,Uvalde_2020_02,29.60214,-99.73007,436.7784,6/28/21,p,2021,05/26/2021 17:55 CDT,97260,30.53,56.4,2.775,8.3,393.3,102134.5
TWB14,Uvalde_2020_02,29.60214,-99.73007,436.7784,6/28/21,p,2021,05/26/2021 18:00 CDT,97264,30.29,55.39,3.595,8.3,216.89,102139.21
TWB14,Uvalde_2020_02,29.60214,-99.73007,436.7784,6/28/21,p,2021,05/26/2021 18:05 CDT,97264,29.87,56.67,3.765,8.3,234.6,102146.26
TWB14,Uvalde_2020_02,29.60214,-99.73007,436.7784,6/28/21,p,2021,05/26/2021 18:10 CDT,97260,29.46,58.12,2.875,8.3,83.23,102148.8
TWB14,Uvalde_2020_02,29.60214,-99.73007,436.7784,6/28/21,p,2021,05/26/2021 18:15 CDT,97249,29.42,58.32,2.165,8.3,241.02,102140.88
TWB14,Uvalde_2020_02,29.60214,-99.73007,436.7784,6/28/21,p,2021,05/26/2021 18:20 CDT,97240,30.02,57.45,2.98,8.3,303.37,102123.35
TWB14,Uvalde_2020_02,29.60214,-99.73007,436.7784,6/28/21,p,2021,05/26/2021 18:25 CDT,97232,30.18,56.81,3.49,8.3,310.57,102110.19
TWB14,Uvalde_2020_02,29.60214,-99.73007,436.7784,6/28/21,p,2021,05/26/2021 18:30 CDT,97228,30.37,53.44,3.315,8.3,275.78,102102.9
TWB14,Uvalde_2020_02,29.60214,-99.73007,436.7784,6/28/21,p,2021,05/26/2021 18:35 CDT,97233,30.05,56.68,3.305,8.3,112.4,102111.24
TWB14,Uvalde_2020_02,29.60214,-99.73007,436.7784,6/28/21,p,2021,05/26/2021 18:40 CDT,97223,29.69,58.16,2.53,8.3,195.84,102107.96
TWB14,Uvalde_2020_02,29.60214,-99.73007,436.7784,6/28/21,p,2021,05/26/2021 18:45 CDT,97218,29.9,57.65,2.3,8.3,217.73,102101.4
TWB14,Uvalde_2020_02,29.60214,-99.73007,436.7784,6/28/21,p,2021,05/26/2021 18:50 CDT,97217,30.03,57.29,2.645,8.3,187.51,102097.22
TWB14,Uvalde_2020_02,29.60214,-99.73007,436.7784,6/28/21,p,2021,05/26/2021 18:55 CDT,97219,29.99,56.88,3.275,8.3,173.02,102099.33
TWB14,Uvalde_2020_02,29.60214,-99.73007,436.7784,6/28/21,p,2021,05/26/2021 19:00 CDT,97213,29.88,58.23,2.455,8.3,160.12,102095.32
TWB14,Uvalde_2020_02,29.60214,-99.73007,436.7784,6/28/21,p,2021,05/26/2021 19:05 CDT,97212,29.82,56.85,3.035,8.3,152.86,102094.94
TWB14,Uvalde_2020_02,29.60214,-99.73007,436.7784,6/28/21,p,2021,05/26/2021 19:10 CDT,97216,29.76,57.36,3.34,8.3,97.16,102100.29
TWB14,Uvalde_2020_02,29.60214,-99.73007,436.7784,6/28/21,p,2021,05/26/2021 19:15 CDT,97204,29.47,57.22,2.905,8.3,56.61,102092.31
TWB14,Uvalde_2020_02,29.60214,-99.73007,436.7784,6/28/21,p,2021,05/26/2021 19:20 CDT,97201,29.22,58.67,2.57,8.3,45.8,102093.44
TWB14,Uvalde_2020_02,29.60214,-99.73007,436.7784,6/28/21,p,2021,05/26/2021 19:25 CDT,97203,29.1,59.24,2.775,8.3,67.87,102098.84
TWB14,Uvalde_2020_02,29.60214,-99.73007,436.7784,6/28/21,p,2021,05/26/2021 19:30 CDT,97210,29.21,59.11,2.375,8.3,98.82,102105.7
TWB14,Uvalde_2020_02,29.60214,-99.73007,436.7784,6/28/21,p,2021,05/26/2021 19:35 CDT,97206,29.31,58.6,2.895,8.3,81.49,102099.35
TWB14,Uvalde_2020_02,29.60214,-99.73007,436.7784,6/28/21,p,2021,05/26/2021 19:40 CDT,97204,29.23,58.91,2.7,8.3,74.7,102098.24
TWB14,Uvalde_2020_02,29.60214,-99.73007,436.7784,6/28/21,p,2021,05/26/2021 19:45 CDT,97196,29.16,59.78,2.255,8.3,65.11,102090.99
TWB14,Uvalde_2020_02,29.60214,-99.73007,436.7784,6/28/21,p,2021,05/26/2021 19:50 CDT,97195,29.08,59.31,2.975,8.3,56.53,102091.27
TWB14,Uvalde_2020_02,29.60214,-99.73007,436.7784,6/28/21,p,2021,05/26/2021 19:55 CDT,97196,29,60.12,2.28,8.3,38.65,102093.3
TWB14,Uvalde_2020_02,29.60214,-99.73007,436.7784,6/28/21,p,2021,05/26/2021 20:00 CDT,97199,28.8,60.73,1.845,8.3,27.26,102099.6
TWB14,Uvalde_2020_02,29.60214,-99.73007,436.7784,6/28/21,p,2021,05/26/2021 20:05 CDT,97200,28.67,61.14,1.99,8.3,22.42,102102.97
TWB14,Uvalde_2020_02,29.60214,-99.73007,436.7784,6/28/21,p,2021,05/26/2021 20:10 CDT,97205,28.61,60.73,2.885,8.3,14.57,102110.05
TWB14,Uvalde_2020_02,29.60214,-99.73007,436.7784,6/28/21,p,2021,05/26/2021 20:15 CDT,97222,28.57,60.8,2.795,8.3,9.38,102128.57
TWB14,Uvalde_2020_02,29.60214,-99.73007,436.7784,6/28/21,p,2021,05/26/2021 20:20 CDT,97227,28.46,61.61,2.21,8.3,6.91,102135.15
TWB14,Uvalde_2020_02,29.60214,-99.73007,436.7784,6/28/21,p,2021,05/26/2021 20:25 CDT,97237,28.34,62.15,1.97,8.3,4.67,102147.98
TWB14,Uvalde_2020_02,29.60214,-99.73007,436.7784,6/28/21,p,2021,05/26/2021 20:30 CDT,97246,28.21,62.63,2.39,8.3,2.47,102159.43
TWB14,Uvalde_2020_02,29.60214,-99.73007,436.7784,6/28/21,p,2021,05/26/2021 20:35 CDT,97254,28.11,63.5,1.62,8.3,1.76,102169.66
TWB14,Uvalde_2020_02,29.60214,-99.73007,436.7784,6/28/21,p,2021,05/26/2021 20:40 CDT,97260,27.94,64.11,1.555,8.3,0.83,102178.63
TWB14,Uvalde_2020_02,29.60214,-99.73007,436.7784,6/28/21,p,2021,05/26/2021 20:45 CDT,97266,27.82,64.92,1.81,8.3,0.31,102187.43
TWB14,Uvalde_2020_02,29.60214,-99.73007,436.7784,6/28/21,p,2021,05/26/2021 20:50 CDT,97284,27.83,65.06,2.66,8.3,0,102207.18
TWB14,Uvalde_2020_02,29.60214,-99.73007,436.7784,6/28/21,p,2021,05/26/2021 20:55 CDT,97291,27.79,65.74,2.08,8.3,0,102214.52
TWB14,Uvalde_2020_02,29.60214,-99.73007,436.7784,6/28/21,p,2021,05/26/2021 21:00 CDT,97294,27.71,66.14,2.005,8.3,0,102219.01
TWB14,Uvalde_2020_02,29.60214,-99.73007,436.7784,6/28/21,p,2021,05/26/2021 21:05 CDT,97298,27.59,66.62,2.085,8.3,0,102225.39
TWB14,Uvalde_2020_02,29.60214,-99.73007,436.7784,6/28/21,p,2021,05/26/2021 21:10 CDT,97309,27.52,67.26,1.925,8.3,0,102237.94
TWB14,Uvalde_2020_02,29.60214,-99.73007,436.7784,6/28/21,p,2021,05/26/2021 21:15 CDT,97312,27.49,67.32,2.22,8.3,0,102242.1
TWB14,Uvalde_2020_02,29.60214,-99.73007,436.7784,6/28/21,p,2021,05/26/2021 21:20 CDT,97316,27.43,68.03,2.275,8.3,0,102246.63
TWB14,Uvalde_2020_02,29.60214,-99.73007,436.7784,6/28/21,p,2021,05/26/2021 21:25 CDT,97315,27.39,68.5,2.765,8.3,0,102246.58
TWB14,Uvalde_2020_02,29.60214,-99.73007,436.7784,6/28/21,p,2021,05/26/2021 21:30 CDT,97306,27.31,69.21,2.25,8.3,0,102237.96
TWB14,Uvalde_2020_02,29.60214,-99.73007,436.7784,6/28/21,p,2021,05/26/2021 21:35 CDT,97294,27.22,69.78,2.87,8.3,0,102227.03
TWB14,Uvalde_2020_02,29.60214,-99.73007,436.7784,6/28/21,p,2021,05/26/2021 21:40 CDT,97290,27.19,70.26,2.59,8.3,0,102223.15
TWB14,Uvalde_2020_02,29.60214,-99.73007,436.7784,6/28/21,p,2021,05/26/2021 21:45 CDT,97293,27.13,71.13,3.12,8.3,0,102227.31
TWB14,Uvalde_2020_02,29.60214,-99.73007,436.7784,6/28/21,p,2021,05/26/2021 21:50 CDT,97297,27.08,71.84,3.45,8.3,0,102232.18
TWB14,Uvalde_2020_02,29.60214,-99.73007,436.7784,6/28/21,p,2021,05/26/2021 21:55 CDT,97310,27.03,72.72,3.675,9.05,0,102246.33
TWB14,Uvalde_2020_02,29.60214,-99.73007,436.7784,6/28/21,p,2021,05/26/2021 22:00 CDT,97328,26.95,73.43,3.74,8.715,0,102266.75
TWB14,Uvalde_2020_02,29.60214,-99.73007,436.7784,6/28/21,p,2021,05/26/2021 22:05 CDT,97342,26.87,74.31,3.325,8.715,0,102282.63
TWB14,Uvalde_2020_02,29.60214,-99.73007,436.7784,6/28/21,p,2021,05/26/2021 22:10 CDT,97344,26.8,74.85,3.57,8.8,0,102285.74
TWB14,Uvalde_2020_02,29.60214,-99.73007,436.7784,6/28/21,p,2021,05/26/2021 22:15 CDT,97353,26.73,75.79,3.34,8.8,0,102296.03
TWB14,Uvalde_2020_02,29.60214,-99.73007,436.7784,6/28/21,p,2021,05/26/2021 22:20 CDT,97355,26.61,76.5,2.885,8.8,0.01,102300.15
TWB14,Uvalde_2020_02,29.60214,-99.73007,436.7784,6/28/21,p,2021,05/26/2021 22:25 CDT,97371,26.53,77.17,3.245,8.8,0,102318.65
TWB14,Uvalde_2020_02,29.60214,-99.73007,436.7784,6/28/21,p,2021,05/26/2021 22:30 CDT,97376,26.49,77.54,3.435,8.8,0,102324.23
TWB14,Uvalde_2020_02,29.60214,-99.73007,436.7784,6/28/21,p,2021,05/26/2021 22:35 CDT,97368,26.41,78.09,2.46,8.635,0,102317.17
TWB14,Uvalde_2020_02,29.60214,-99.73007,436.7784,6/28/21,p,2021,05/26/2021 22:40 CDT,97381,26.34,78.29,2.965,8.635,0,102332.19
TWB14,Uvalde_2020_02,29.60214,-99.73007,436.7784,6/28/21,p,2021,05/26/2021 22:45 CDT,97381,26.27,78.62,3.1,8.635,0,102333.37
TWB14,Uvalde_2020_02,29.60214,-99.73007,436.7784,6/28/21,p,2021,05/26/2021 22:50 CDT,97378,26.22,79.03,2.855,8.635,0,102330.72
TWB14,Uvalde_2020_02,29.60214,-99.73007,436.7784,6/28/21,p,2021,05/26/2021 22:55 CDT,97386,26.15,79.36,3.895,8.635,0,102340.14
TWB14,Uvalde_2020_02,29.60214,-99.73007,436.7784,6/28/21,p,2021,05/26/2021 23:00 CDT,97398,26.08,79.63,2.68,8.635,0,102354.27
TWB14,Uvalde_2020_02,29.60214,-99.73007,436.7784,6/28/21,p,2021,05/26/2021 23:05 CDT,97394,26.01,79.84,3.45,8.635,0,102351.08
TWB14,Uvalde_2020_02,29.60214,-99.73007,436.7784,6/28/21,p,2021,05/26/2021 23:10 CDT,97384,25.94,80.1,3.945,8.635,0,102341.59
TWB14,Uvalde_2020_02,29.60214,-99.73007,436.7784,6/28/21,p,2021,05/26/2021 23:15 CDT,97376,25.88,80.6,3.58,8.635,0.24,102334.02
TWB14,Uvalde_2020_02,29.60214,-99.73007,436.7784,6/28/21,p,2021,05/26/2021 23:20 CDT,97364,25.77,80.8,3.85,8.635,0.39,102323.28
TWB14,Uvalde_2020_02,29.60214,-99.73007,436.7784,6/28/21,p,2021,05/26/2021 23:25 CDT,97360,25.66,80.8,4.44,9.3,0.44,102320.94
TWB14,Uvalde_2020_02,29.60214,-99.73007,436.7784,6/28/21,p,2021,05/26/2021 23:30 CDT,97361,25.54,81,4.52,9.465,0.8,102323.86
TWB14,Uvalde_2020_02,29.60214,-99.73007,436.7784,6/28/21,p,2021,05/26/2021 23:35 CDT,97359,25.43,81.1,4.655,9.865,0.24,102324.14
TWB14,Uvalde_2020_02,29.60214,-99.73007,436.7784,6/28/21,p,2021,05/26/2021 23:40 CDT,97372,25.4,81.1,4.02,9.865,0,102338.31
TWB14,Uvalde_2020_02,29.60214,-99.73007,436.7784,6/28/21,p,2021,05/26/2021 23:45 CDT,97370,25.37,81,3.51,9.865,0,102336.72
TWB14,Uvalde_2020_02,29.60214,-99.73007,436.7784,6/28/21,p,2021,05/26/2021 23:50 CDT,97358,25.33,80.8,3.44,9.865,0.01,102324.62
TWB14,Uvalde_2020_02,29.60214,-99.73007,436.7784,6/28/21,p,2021,05/26/2021 23:55 CDT,97347,25.25,80.9,4.46,9.865,0.29,102314.42
TWB14,Uvalde_2020_02,29.60214,-99.73007,436.7784,6/28/21,p,2021,05/27/2021 00:00 CDT,97346,25.16,80.3,4.07,9.285,0.4,102315.08
TWB14,Uvalde_2020_02,29.60214,-99.73007,436.7784,6/28/21,p,2021,05/27/2021 00:05 CDT,97351,25.1,80.9,5.03,10.265,0.34,102321.18
TWB14,Uvalde_2020_02,29.60214,-99.73007,436.7784,6/28/21,p,2021,05/27/2021 00:10 CDT,97350,25.02,81.1,4.675,10.2,0.05,102321.49
TWB14,Uvalde_2020_02,29.60214,-99.73007,436.7784,6/28/21,p,2021,05/27/2021 00:15 CDT,97350,24.96,81.6,4.095,10.2,0.16,102322.51
TWB14,Uvalde_2020_02,29.60214,-99.73007,436.7784,6/28/21,p,2021,05/27/2021 00:20 CDT,97354,24.9,81.3,5.465,10.785,0.03,102328.08
TWB14,Uvalde_2020_02,29.60214,-99.73007,436.7784,6/28/21,p,2021,05/27/2021 00:25 CDT,97357,24.86,81,4.75,10.285,0.1,102331.92
TWB14,Uvalde_2020_02,29.60214,-99.73007,436.7784,6/28/21,p,2021,05/27/2021 00:30 CDT,97356,24.82,81.2,4.575,10.285,0,102331.55
TWB14,Uvalde_2020_02,29.60214,-99.73007,436.7784,6/28/21,p,2021,05/27/2021 00:35 CDT,97356,24.8,81.8,3.28,9.95,0,102331.72
TWB14,Uvalde_2020_02,29.60214,-99.73007,436.7784,6/28/21,p,2021,05/27/2021 00:40 CDT,97357,24.76,82.2,3.68,9.95,0,102333.28
TWB14,Uvalde_2020_02,29.60214,-99.73007,436.7784,6/28/21,p,2021,05/27/2021 00:45 CDT,97358,24.75,82.2,2.875,9.95,0,102334.84
TWB14,Uvalde_2020_02,29.60214,-99.73007,436.7784,6/28/21,p,2021,05/27/2021 00:50 CDT,97357,24.74,82.5,2.955,9.95,0,102333.79
TWB14,Uvalde_2020_02,29.60214,-99.73007,436.7784,6/28/21,p,2021,05/27/2021 00:55 CDT,97357,24.68,82,3.205,9.95,0.01,102334.47
TWB14,Uvalde_2020_02,29.60214,-99.73007,436.7784,6/28/21,p,2021,05/27/2021 01:00 CDT,97359,24.67,81.5,3.205,9.95,0,102337.61
TWB14,Uvalde_2020_02,29.60214,-99.73007,436.7784,6/28/21,p,2021,05/27/2021 01:05 CDT,97349,24.62,82.4,2.815,9.95,0.23,102327.43
TWB14,Uvalde_2020_02,29.60214,-99.73007,436.7784,6/28/21,p,2021,05/27/2021 01:10 CDT,97333,24.53,83.1,2.695,9.95,0.03,102311.8
TWB14,Uvalde_2020_02,29.60214,-99.73007,436.7784,6/28/21,p,2021,05/27/2021 01:15 CDT,97331,24.51,83.1,3.22,9.95,0,102310.21
TWB14,Uvalde_2020_02,29.60214,-99.73007,436.7784,6/28/21,p,2021,05/27/2021 01:20 CDT,97326,24.49,83.4,2.89,9.95,0,102305.47
TWB14,Uvalde_2020_02,29.60214,-99.73007,436.7784,6/28/21,p,2021,05/27/2021 01:25 CDT,97332,24.44,83.3,3.275,9.95,0,102312.29
TWB14,Uvalde_2020_02,29.60214,-99.73007,436.7784,6/28/21,p,2021,05/27/2021 01:30 CDT,97333,24.39,82.7,3.29,9.95,0,102314.54
TWB14,Uvalde_2020_02,29.60214,-99.73007,436.7784,6/28/21,p,2021,05/27/2021 01:35 CDT,97342,24.35,82.2,3.81,9.95,0,102324.87
TWB14,Uvalde_2020_02,29.60214,-99.73007,436.7784,6/28/21,p,2021,05/27/2021 01:40 CDT,97344,24.32,82.7,3.28,9.95,0.04,102327.31
TWB14,Uvalde_2020_02,29.60214,-99.73007,436.7784,6/28/21,p,2021,05/27/2021 01:45 CDT,97350,24.22,83.5,3.205,9.95,0.55,102334.64
TWB14,Uvalde_2020_02,29.60214,-99.73007,436.7784,6/28/21,p,2021,05/27/2021 01:50 CDT,97348,24.09,83.5,3.44,9.95,0.73,102334.93
TWB14,Uvalde_2020_02,29.60214,-99.73007,436.7784,6/28/21,p,2021,05/27/2021 01:55 CDT,97355,23.99,82.6,3.345,9.95,0.67,102344.02
TWB14,Uvalde_2020_02,29.60214,-99.73007,436.7784,6/28/21,p,2021,05/27/2021 02:00 CDT,97359,23.89,83.2,2.71,9.95,0.71,102349.94
TWB14,Uvalde_2020_02,29.60214,-99.73007,436.7784,6/28/21,p,2021,05/27/2021 02:05 CDT,97353,23.76,83.4,3.27,9.95,0.48,102346.03
TWB14,Uvalde_2020_02,29.60214,-99.73007,436.7784,6/28/21,p,2021,05/27/2021 02:10 CDT,97343,23.64,82.8,3.905,9.95,0.31,102337.42
TWB14,Uvalde_2020_02,29.60214,-99.73007,436.7784,6/28/21,p,2021,05/27/2021 02:15 CDT,97343,23.56,82.8,3.73,9.95,0,102339.48
TWB14,Uvalde_2020_02,29.60214,-99.73007,436.7784,6/28/21,p,2021,05/27/2021 02:20 CDT,97347,23.51,83,3.045,9.95,0,102344.72
TWB14,Uvalde_2020_02,29.60214,-99.73007,436.7784,6/28/21,p,2021,05/27/2021 02:25 CDT,97355,23.48,83.5,2.97,9.95,0,102353.64
TWB14,Uvalde_2020_02,29.60214,-99.73007,436.7784,6/28/21,p,2021,05/27/2021 02:30 CDT,97352,23.45,83.4,2.785,9.95,0,102351.01
TWB14,Uvalde_2020_02,29.60214,-99.73007,436.7784,6/28/21,p,2021,05/27/2021 02:35 CDT,97343,23.43,83.6,2.52,9.95,0,102341.72
TWB14,Uvalde_2020_02,29.60214,-99.73007,436.7784,6/28/21,p,2021,05/27/2021 02:40 CDT,97341,23.4,83.5,2.51,9.95,0,102339.96
TWB14,Uvalde_2020_02,29.60214,-99.73007,436.7784,6/28/21,p,2021,05/27/2021 02:45 CDT,97337,23.4,83.2,2.8,9.95,0,102335.93
TWB14,Uvalde_2020_02,29.60214,-99.73007,436.7784,6/28/21,p,2021,05/27/2021 02:50 CDT,97340,23.37,83.4,2.915,9.95,0,102339.43
TWB14,Uvalde_2020_02,29.60214,-99.73007,436.7784,6/28/21,p,2021,05/27/2021 02:55 CDT,97338,23.31,83.4,3.59,9.95,0,102338.36
TWB14,Uvalde_2020_02,29.60214,-99.73007,436.7784,6/28/21,p,2021,05/27/2021 03:00 CDT,97339,23.24,83.9,2.805,9.95,0,102340.44
TWB14,Uvalde_2020_02,29.60214,-99.73007,436.7784,6/28/21,p,2021,05/27/2021 03:05 CDT,97338,23.18,84.1,3.315,9.95,0.02,102340.6
TWB14,Uvalde_2020_02,29.60214,-99.73007,436.7784,6/28/21,p,2021,05/27/2021 03:10 CDT,97335,23.14,84.1,3.155,9.95,0,102338.13
TWB14,Uvalde_2020_02,29.60214,-99.73007,436.7784,6/28/21,p,2021,05/27/2021 03:15 CDT,97327,23.09,84.4,2.675,9.95,0,102330.58
TWB14,Uvalde_2020_02,29.60214,-99.73007,436.7784,6/28/21,p,2021,05/27/2021 03:20 CDT,97323,23.03,84.3,3.025,9.95,0.07,102327.42
TWB14,Uvalde_2020_02,29.60214,-99.73007,436.7784,6/28/21,p,2021,05/27/2021 03:25 CDT,97314,22.94,84.7,2.83,9.95,0.05,102319.68
TWB14,Uvalde_2020_02,29.60214,-99.73007,436.7784,6/28/21,p,2021,05/27/2021 03:30 CDT,97314,22.89,84.7,2.685,9.95,0.02,102320.54
TWB14,Uvalde_2020_02,29.60214,-99.73007,436.7784,6/28/21,p,2021,05/27/2021 03:35 CDT,97317,22.84,85,2.255,9.95,0,102324.39
TWB14,Uvalde_2020_02,29.60214,-99.73007,436.7784,6/28/21,p,2021,05/27/2021 03:40 CDT,97330,22.8,84.9,2.19,9.95,0,102339.27
TWB14,Uvalde_2020_02,29.60214,-99.73007,436.7784,6/28/21,p,2021,05/27/2021 03:45 CDT,97344,22.8,84.8,2.155,9.95,0,102353.99
TWB14,Uvalde_2020_02,29.60214,-99.73007,436.7784,6/28/21,p,2021,05/27/2021 03:50 CDT,97344,22.8,84.8,3.09,9.95,0,102353.99
TWB14,Uvalde_2020_02,29.60214,-99.73007,436.7784,6/28/21,p,2021,05/27/2021 03:55 CDT,97346,22.79,84.7,2.65,9.95,0,102356.27
TWB14,Uvalde_2020_02,29.60214,-99.73007,436.7784,6/28/21,p,2021,05/27/2021 04:00 CDT,97337,22.77,84.1,2.505,9.95,0,102346.98
TWB14,Uvalde_2020_02,29.60214,-99.73007,436.7784,6/28/21,p,2021,05/27/2021 04:05 CDT,97323,22.79,83.9,2.75,9.95,0,102332.26
TWB14,Uvalde_2020_02,29.60214,-99.73007,436.7784,6/28/21,p,2021,05/27/2021 04:10 CDT,97318,22.8,83.3,3.225,9.95,0,102327.01
TWB14,Uvalde_2020_02,29.60214,-99.73007,436.7784,6/28/21,p,2021,05/27/2021 04:15 CDT,97313,22.84,83.6,2.485,9.95,0,102320.88
TWB14,Uvalde_2020_02,29.60214,-99.73007,436.7784,6/28/21,p,2021,05/27/2021 04:20 CDT,97305,22.82,83,3.05,9.95,0,102312.48
TWB14,Uvalde_2020_02,29.60214,-99.73007,436.7784,6/28/21,p,2021,05/27/2021 04:25 CDT,97302,22.84,83.2,3.05,9.95,0,102309.15
TWB14,Uvalde_2020_02,29.60214,-99.73007,436.7784,6/28/21,p,2021,05/27/2021 04:30 CDT,97296,22.8,83.4,3.305,9.95,0,102303.53
TWB14,Uvalde_2020_02,29.60214,-99.73007,436.7784,6/28/21,p,2021,05/27/2021 04:35 CDT,97293,22.78,83.7,3.32,9.95,0,102300.72
TWB14,Uvalde_2020_02,29.60214,-99.73007,436.7784,6/28/21,p,2021,05/27/2021 04:40 CDT,97292,22.74,84.2,2.46,9.95,0.01,102300.01
TWB14,Uvalde_2020_02,29.60214,-99.73007,436.7784,6/28/21,p,2021,05/27/2021 04:45 CDT,97291,22.69,84.6,3.145,9.95,0,102299.82
TWB14,Uvalde_2020_02,29.60214,-99.73007,436.7784,6/28/21,p,2021,05/27/2021 04:50 CDT,97285,22.66,84.9,3.055,9.95,0,102294.55
TWB14,Uvalde_2020_02,29.60214,-99.73007,436.7784,6/28/21,p,2021,05/27/2021 04:55 CDT,97278,22.64,84.8,3.57,9.95,0,102287.36
TWB14,Uvalde_2020_02,29.60214,-99.73007,436.7784,6/28/21,p,2021,05/27/2021 05:00 CDT,97275,22.64,85.1,3.09,9.95,0,102284.21
TWB14,Uvalde_2020_02,29.60214,-99.73007,436.7784,6/28/21,p,2021,05/27/2021 05:05 CDT,97270,22.62,85.3,3.11,9.95,0,102279.29
TWB14,Uvalde_2020_02,29.60214,-99.73007,436.7784,6/28/21,p,2021,05/27/2021 05:10 CDT,97267,22.6,84.9,3.06,9.95,0,102276.49
TWB14,Uvalde_2020_02,29.60214,-99.73007,436.7784,6/28/21,p,2021,05/27/2021 05:15 CDT,97269,22.62,85,2.98,9.95,0,102278.42
TWB14,Uvalde_2020_02,29.60214,-99.73007,436.7784,6/28/21,p,2021,05/27/2021 05:20 CDT,97265,22.62,85,3.21,9.95,0,102274.21
TWB14,Uvalde_2020_02,29.60214,-99.73007,436.7784,6/28/21,p,2021,05/27/2021 05:25 CDT,97264,22.6,85.3,3.39,9.95,0,102273.33
TWB14,Uvalde_2020_02,29.60214,-99.73007,436.7784,6/28/21,p,2021,05/27/2021 05:30 CDT,97264,22.59,85.1,2.86,9.95,0,102273.68
TWB14,Uvalde_2020_02,29.60214,-99.73007,436.7784,6/28/21,p,2021,05/27/2021 05:35 CDT,97263,22.57,85.4,2.785,9.95,0,102272.63
TWB14,Uvalde_2020_02,29.60214,-99.73007,436.7784,6/28/21,p,2021,05/27/2021 05:40 CDT,97260,22.54,85.3,2.865,9.95,0,102269.99
TWB14,Uvalde_2020_02,29.60214,-99.73007,436.7784,6/28/21,p,2021,05/27/2021 05:45 CDT,97261,22.52,85.5,3.225,9.95,0,102271.56
TWB14,Uvalde_2020_02,29.60214,-99.73007,436.7784,6/28/21,p,2021,05/27/2021 05:50 CDT,97259,22.51,85.1,2.67,9.95,0,102269.81
TWB14,Uvalde_2020_02,29.60214,-99.73007,436.7784,6/28/21,p,2021,05/27/2021 05:55 CDT,97253,22.52,85.1,2.515,9.95,0,102263.33
TWB14,Uvalde_2020_02,29.60214,-99.73007,436.7784,6/28/21,p,2021,05/27/2021 06:00 CDT,97247,22.5,85.2,2.455,9.95,0,102257.19
TWB14,Uvalde_2020_02,29.60214,-99.73007,436.7784,6/28/21,p,2021,05/27/2021 06:05 CDT,97238,22.48,84.8,3.37,9.95,0,102248.25
TWB14,Uvalde_2020_02,29.60214,-99.73007,436.7784,6/28/21,p,2021,05/27/2021 06:10 CDT,97239,22.53,84.6,3.715,9.95,0,102248.96
TWB14,Uvalde_2020_02,29.60214,-99.73007,436.7784,6/28/21,p,2021,05/27/2021 06:15 CDT,97238,22.51,85.1,3.205,8.8,0,102247.55
TWB14,Uvalde_2020_02,29.60214,-99.73007,436.7784,6/28/21,p,2021,05/27/2021 06:20 CDT,97235,22.43,85.6,2.595,8.8,0,102245.44
TWB14,Uvalde_2020_02,29.60214,-99.73007,436.7784,6/28/21,p,2021,05/27/2021 06:25 CDT,97233,22.38,85.4,2.735,8.8,0,102244.37
TWB14,Uvalde_2020_02,29.60214,-99.73007,436.7784,6/28/21,p,2021,05/27/2021 06:30 CDT,97235,22.38,85.5,2.34,8.385,0,102246.82
TWB14,Uvalde_2020_02,29.60214,-99.73007,436.7784,6/28/21,p,2021,05/27/2021 06:35 CDT,97233,22.38,85.3,2.48,8.385,0,102244.72
TWB14,Uvalde_2020_02,29.60214,-99.73007,436.7784,6/28/21,p,2021,05/27/2021 06:40 CDT,97235,22.43,85.2,3.53,8.385,0.07,102246.31
TWB14,Uvalde_2020_02,29.60214,-99.73007,436.7784,6/28/21,p,2021,05/27/2021 06:45 CDT,97237,22.45,84.9,3.185,8.385,0.65,102247.72
TWB14,Uvalde_2020_02,29.60214,-99.73007,436.7784,6/28/21,p,2021,05/27/2021 06:50 CDT,97240,22.45,85.1,2.795,8.385,1.73,102250.7
TWB14,Uvalde_2020_02,29.60214,-99.73007,436.7784,6/28/21,p,2021,05/27/2021 06:55 CDT,97249,22.43,85,2.575,8.385,2.74,102260.34
TWB14,Uvalde_2020_02,29.60214,-99.73007,436.7784,6/28/21,p,2021,05/27/2021 07:00 CDT,97263,22.43,85.1,3.04,8.385,4.54,102275.23
TWB14,Uvalde_2020_02,29.60214,-99.73007,436.7784,6/28/21,p,2021,05/27/2021 07:05 CDT,97265,22.43,85.2,2.835,8.385,8.16,102277.16
TWB14,Uvalde_2020_02,29.60214,-99.73007,436.7784,6/28/21,p,2021,05/27/2021 07:10 CDT,97266,22.43,85.7,3.515,8.385,8.89,102278.21
TWB14,Uvalde_2020_02,29.60214,-99.73007,436.7784,6/28/21,p,2021,05/27/2021 07:15 CDT,97270,22.41,85.4,2.68,8.385,18.6,102282.59
TWB14,Uvalde_2020_02,29.60214,-99.73007,436.7784,6/28/21,p,2021,05/27/2021 07:20 CDT,97275,22.44,85.3,2.825,8.385,26.38,102287.67
TWB14,Uvalde_2020_02,29.60214,-99.73007,436.7784,6/28/21,p,2021,05/27/2021 07:25 CDT,97278,22.45,85.7,2.455,8.385,22.86,102290.48
TWB14,Uvalde_2020_02,29.60214,-99.73007,436.7784,6/28/21,p,2021,05/27/2021 07:45 CDT,97287,22.5,85.5,2.53,8.3,33.31,102298.73
TWB14,Uvalde_2020_02,29.60214,-99.73007,436.7784,6/28/21,p,2021,05/27/2021 07:50 CDT,97291,22.53,85.5,2.955,8.3,58.27,102302.59
TWB14,Uvalde_2020_02,29.60214,-99.73007,436.7784,6/28/21,p,2021,05/27/2021 07:55 CDT,97287,22.58,84.8,2.33,8.3,41.08,102297.52
TWB14,Uvalde_2020_02,29.60214,-99.73007,436.7784,6/28/21,p,2021,05/27/2021 08:00 CDT,97289,22.59,84.5,2.425,8.3,59.52,102299.63
TWB14,Uvalde_2020_02,29.60214,-99.73007,436.7784,6/28/21,p,2021,05/27/2021 08:05 CDT,97292,22.68,83.5,3.25,8.3,117.77,102301.4
TWB14,Uvalde_2020_02,29.60214,-99.73007,436.7784,6/28/21,p,2021,05/27/2021 08:10 CDT,97295,22.83,82.2,3.605,8.715,83.17,102301.8
TWB14,Uvalde_2020_02,29.60214,-99.73007,436.7784,6/28/21,p,2021,05/27/2021 08:15 CDT,97291,22.85,82.8,2.67,8.715,52.01,102296.55
TWB14,Uvalde_2020_02,29.60214,-99.73007,436.7784,6/28/21,p,2021,05/27/2021 08:20 CDT,97302,22.79,83.5,2.715,8.715,45.53,102308.45
TWB14,Uvalde_2020_02,29.60214,-99.73007,436.7784,6/28/21,p,2021,05/27/2021 08:25 CDT,97312,22.73,84.1,2.355,8.715,79.24,102320.52
TWB14,Uvalde_2020_02,29.60214,-99.73007,436.7784,6/28/21,p,2021,05/27/2021 08:30 CDT,97312,22.82,82.7,2.185,8.715,83.11,102319.15
TWB14,Uvalde_2020_02,29.60214,-99.73007,436.7784,6/28/21,p,2021,05/27/2021 08:35 CDT,97318,22.89,81,3.07,8.715,143.88,102324.78
TWB14,Uvalde_2020_02,29.60214,-99.73007,436.7784,6/28/21,p,2021,05/27/2021 08:40 CDT,97317,23.02,81.2,3.58,8.715,128.83,102321.13
TWB14,Uvalde_2020_02,29.60214,-99.73007,436.7784,6/28/21,p,2021,05/27/2021 08:45 CDT,97318,23.08,80.8,3.31,8.715,129.52,102320.8
TWB14,Uvalde_2020_02,29.60214,-99.73007,436.7784,6/28/21,p,2021,05/27/2021 08:50 CDT,97317,23.12,81,3.575,8.715,162.47,102319.06
TWB14,Uvalde_2020_02,29.60214,-99.73007,436.7784,6/28/21,p,2021,05/27/2021 08:55 CDT,97314,23.3,79.4,3.135,8.715,191.14,102313.33
TWB14,Uvalde_2020_02,29.60214,-99.73007,436.7784,6/28/21,p,2021,05/27/2021 09:00 CDT,97318,23.41,79.57,3.52,8.715,177.05,102314.6
TWB14,Uvalde_2020_02,29.60214,-99.73007,436.7784,6/28/21,p,2021,05/27/2021 09:05 CDT,97318,23.46,78.32,2.855,8.715,207.47,102314.1
TWB14,Uvalde_2020_02,29.60214,-99.73007,436.7784,6/28/21,p,2021,05/27/2021 09:10 CDT,97319,23.69,77.04,3.62,8.715,322.01,102311.2
TWB14,Uvalde_2020_02,29.60214,-99.73007,436.7784,6/28/21,p,2021,05/27/2021 09:15 CDT,97327,23.87,77.16,3.04,8.715,185.67,102315.66
TWB14,Uvalde_2020_02,29.60214,-99.73007,436.7784,6/28/21,p,2021,05/27/2021 09:20 CDT,97323,23.92,77.5,2.44,8.715,291.17,102309.9
TWB14,Uvalde_2020_02,29.60214,-99.73007,436.7784,6/28/21,p,2021,05/27/2021 09:25 CDT,97316,24.09,75.34,3.18,8.715,278.11,102299.13
TWB14,Uvalde_2020_02,29.60214,-99.73007,436.7784,6/28/21,p,2021,05/27/2021 09:30 CDT,97310,24.05,74.36,4.09,8.315,344.16,102293.52
TWB14,Uvalde_2020_02,29.60214,-99.73007,436.7784,6/28/21,p,2021,05/27/2021 09:35 CDT,97307,24.25,73.78,3.315,8.315,390.77,102288.31
TWB14,Uvalde_2020_02,29.60214,-99.73007,436.7784,6/28/21,p,2021,05/27/2021 09:40 CDT,97307,24.38,74.66,3.1,8.315,282.41,102285.4
TWB14,Uvalde_2020_02,29.60214,-99.73007,436.7784,6/28/21,p,2021,05/27/2021 09:45 CDT,97316,24.31,74.05,3.29,8.315,205.65,102294.69
TWB14,Uvalde_2020_02,29.60214,-99.73007,436.7784,6/28/21,p,2021,05/27/2021 09:50 CDT,97328,24.18,73.71,3.375,8.315,285.02,102310.05
TWB14,Uvalde_2020_02,29.60214,-99.73007,436.7784,6/28/21,p,2021,05/27/2021 09:55 CDT,97322,24.56,71.69,3.955,8.315,520.16,102298.8
TWB14,Uvalde_2020_02,29.60214,-99.73007,436.7784,6/28/21,p,2021,05/27/2021 10:00 CDT,97307,24.87,71.04,4.045,8.315,472.42,102275.36
TWB14,Uvalde_2020_02,29.60214,-99.73007,436.7784,6/28/21,p,2021,05/27/2021 10:05 CDT,97309,25.06,68.72,3.195,8.315,488.64,102274.58
TWB14,Uvalde_2020_02,29.60214,-99.73007,436.7784,6/28/21,p,2021,05/27/2021 10:10 CDT,97308,25.3,67.64,3,8.315,496.73,102268.95
TWB14,Uvalde_2020_02,29.60214,-99.73007,436.7784,6/28/21,p,2021,05/27/2021 10:15 CDT,97301,25.39,65.78,4.175,8.315,542.43,102258.9
TWB14,Uvalde_2020_02,29.60214,-99.73007,436.7784,6/28/21,p,2021,05/27/2021 10:20 CDT,97299,25.17,69.96,4.145,8.315,488.24,102259.64
TWB14,Uvalde_2020_02,29.60214,-99.73007,436.7784,6/28/21,p,2021,05/27/2021 10:25 CDT,97296,25.42,69.75,2.645,8.315,381.86,102254.46
TWB14,Uvalde_2020_02,29.60214,-99.73007,436.7784,6/28/21,p,2021,05/27/2021 10:30 CDT,97295,25.66,68.47,2.8,8.315,527.49,102250.87
TWB14,Uvalde_2020_02,29.60214,-99.73007,436.7784,6/28/21,p,2021,05/27/2021 10:35 CDT,97296,26.04,67.8,3.07,8.315,593.87,102243.97
TWB14,Uvalde_2020_02,29.60214,-99.73007,436.7784,6/28/21,p,2021,05/27/2021 10:50 CDT,97293,25.95,63.01,3.84,8.315,599.31,102240.02
TWB14,Uvalde_2020_02,29.60214,-99.73007,436.7784,6/28/21,p,2021,05/27/2021 10:55 CDT,97291,26.07,63.31,3.185,8.315,616.61,102236.56
TWB14,Uvalde_2020_02,29.60214,-99.73007,436.7784,6/28/21,p,2021,05/27/2021 11:00 CDT,97291,26.37,63.64,3.725,8.315,632.42,102232.68
TWB14,Uvalde_2020_02,29.60214,-99.73007,436.7784,6/28/21,p,2021,05/27/2021 11:05 CDT,97289,26.33,64.18,3.42,8.315,608.72,102228.72
TWB14,Uvalde_2020_02,29.60214,-99.73007,436.7784,6/28/21,p,2021,05/27/2021 11:10 CDT,97282,26.49,64.11,3.355,8.315,577.21,102219.52
TWB14,Uvalde_2020_02,29.60214,-99.73007,436.7784,6/28/21,p,2021,05/27/2021 11:15 CDT,97274,26.7,62.89,2.71,8.315,613.64,102208.26
TWB14,Uvalde_2020_02,29.60214,-99.73007,436.7784,6/28/21,p,2021,05/27/2021 11:20 CDT,97272,26.69,62.86,2.82,8.315,544.97,102204.98
TWB14,Uvalde_2020_02,29.60214,-99.73007,436.7784,6/28/21,p,2021,05/27/2021 11:25 CDT,97272,26.78,61.64,3.21,8.315,451.7,102203.65
TWB14,Uvalde_2020_02,29.60214,-99.73007,436.7784,6/28/21,p,2021,05/27/2021 11:30 CDT,97268,26.77,65.28,2.93,8.315,630.65,102200.76
TWB14,Uvalde_2020_02,29.60214,-99.73007,436.7784,6/28/21,p,2021,05/27/2021 11:35 CDT,97266,27.33,60.2,2.725,8.315,688.48,102189.65
TWB14,Uvalde_2020_02,29.60214,-99.73007,436.7784,6/28/21,p,2021,05/27/2021 11:40 CDT,97263,27.51,59.62,2.995,8.315,661.48,102181.99
TWB14,Uvalde_2020_02,29.60214,-99.73007,436.7784,6/28/21,p,2021,05/27/2021 11:45 CDT,97257,27.25,60.53,3.195,8.315,567.45,102179.52
TWB14,Uvalde_2020_02,29.60214,-99.73007,436.7784,6/28/21,p,2021,05/27/2021 11:50 CDT,97252,27.2,59.04,3.4,8.315,487.16,102175.29
TWB14,Uvalde_2020_02,29.60214,-99.73007,436.7784,6/28/21,p,2021,05/27/2021 11:55 CDT,97249,27.14,62.21,2.72,8.315,518.44,102174.62
TWB14,Uvalde_2020_02,29.60214,-99.73007,436.7784,6/28/21,p,2021,05/27/2021 12:00 CDT,97246,27.49,61.7,2.565,8.315,589.6,102166.28
TWB14,Uvalde_2020_02,29.60214,-99.73007,436.7784,6/28/21,p,2021,05/27/2021 12:05 CDT,97240,27.64,62.04,3.425,8.315,547.73,102156.13
TWB14,Uvalde_2020_02,29.60214,-99.73007,436.7784,6/28/21,p,2021,05/27/2021 12:10 CDT,97232,27.71,59.04,3.68,8.315,765.13,102145.76
TWB14,Uvalde_2020_02,29.60214,-99.73007,436.7784,6/28/21,p,2021,05/27/2021 12:15 CDT,97226,28.1,57.79,3.61,8.315,612.39,102133.47
TWB14,Uvalde_2020_02,29.60214,-99.73007,436.7784,6/28/21,p,2021,05/27/2021 12:20 CDT,97223,28.04,60.02,2.92,8.315,692.58,102130.63
TWB14,Uvalde_2020_02,29.60214,-99.73007,436.7784,6/28/21,p,2021,05/27/2021 12:25 CDT,97220,28.62,57.53,2.615,8.315,637.83,102118.54
TWB14,Uvalde_2020_02,29.60214,-99.73007,436.7784,6/28/21,p,2021,05/27/2021 12:30 CDT,97221,28.03,59.65,3.37,8.065,595.41,102125.71
TWB14,Uvalde_2020_02,29.60214,-99.73007,436.7784,6/28/21,p,2021,05/27/2021 12:35 CDT,97217,27.69,59.78,3.135,8.065,356.35,102128.99
TWB14,Uvalde_2020_02,29.60214,-99.73007,436.7784,6/28/21,p,2021,05/27/2021 12:40 CDT,97213,27.88,59.71,3.58,8.065,614.38,102124.29
TWB14,Uvalde_2020_02,29.60214,-99.73007,436.7784,6/28/21,p,2021,05/27/2021 12:45 CDT,97203,28.04,58.47,3,8.065,634.85,102111.97
TWB14,Uvalde_2020_02,29.60214,-99.73007,436.7784,6/28/21,p,2021,05/27/2021 12:50 CDT,97191,28.48,57.66,2.775,8.065,624.04,102092.22
TWB14,Uvalde_2020_02,29.60214,-99.73007,436.7784,6/28/21,p,2021,05/27/2021 12:55 CDT,97174,28.35,58.13,3.11,8.065,664.26,102074.69
TWB14,Uvalde_2020_02,29.60214,-99.73007,436.7784,6/28/21,p,2021,05/27/2021 13:00 CDT,97169,28.78,56.48,2.755,8.065,633.86,102063.32
TWB14,Uvalde_2020_02,29.60214,-99.73007,436.7784,6/28/21,p,2021,05/27/2021 13:05 CDT,97166,28.71,57.02,3.21,8.065,706.94,102060
TWB14,Uvalde_2020_02,29.60214,-99.73007,436.7784,6/28/21,p,2021,05/27/2021 13:10 CDT,97159,28.6,58.43,3.215,8.065,547.64,102052.63
TWB14,Uvalde_2020_02,29.60214,-99.73007,436.7784,6/28/21,p,2021,05/27/2021 13:15 CDT,97157,28.53,58.57,3.21,8.565,754.46,102053.84
TWB14,Uvalde_2020_02,29.60214,-99.73007,436.7784,6/28/21,p,2021,05/27/2021 13:20 CDT,97148,29.02,55.07,3.125,8.565,641.13,102037.15
TWB14,Uvalde_2020_02,29.60214,-99.73007,436.7784,6/28/21,p,2021,05/27/2021 13:25 CDT,97142,28.97,56.81,3.86,8.565,592.46,102029.83
TWB14,Uvalde_2020_02,29.60214,-99.73007,436.7784,6/28/21,p,2021,05/27/2021 13:30 CDT,97133,29,55.64,3.535,8.565,760.15,102020.56
TWB14,Uvalde_2020_02,29.60214,-99.73007,436.7784,6/28/21,p,2021,05/27/2021 13:35 CDT,97126,29.37,54.86,2.91,8.565,712.44,102009.59
TWB14,Uvalde_2020_02,29.60214,-99.73007,436.7784,6/28/21,p,2021,05/27/2021 13:40 CDT,97125,29.45,55.2,2.69,8.565,745.47,102004.74
TWB14,Uvalde_2020_02,29.60214,-99.73007,436.7784,6/28/21,p,2021,05/27/2021 13:45 CDT,97112,29.81,53.11,2.88,8.565,775.8,101985.19
TWB14,Uvalde_2020_02,29.60214,-99.73007,436.7784,6/28/21,p,2021,05/27/2021 13:50 CDT,97105,29.69,52.47,3.16,8.565,663.83,101978.01
TWB14,Uvalde_2020_02,29.60214,-99.73007,436.7784,6/28/21,p,2021,05/27/2021 13:55 CDT,97093,29.7,53.98,3.12,8.565,737.02,101965.89
TWB14,Uvalde_2020_02,29.60214,-99.73007,436.7784,6/28/21,p,2021,05/27/2021 14:00 CDT,97082,29.88,52.63,3.76,9.065,760.58,101951.4
TWB14,Uvalde_2020_02,29.60214,-99.73007,436.7784,6/28/21,p,2021,05/27/2021 14:05 CDT,97077,29.68,52.84,3.325,8.4,639.18,101949.26
TWB14,Uvalde_2020_02,29.60214,-99.73007,436.7784,6/28/21,p,2021,05/27/2021 14:10 CDT,97069,29.85,51.86,3.22,8.4,689.57,101939.39
TWB14,Uvalde_2020_02,29.60214,-99.73007,436.7784,6/28/21,p,2021,05/27/2021 14:15 CDT,97063,29.94,51.09,3.495,8.4,734.73,101930.8
TWB14,Uvalde_2020_02,29.60214,-99.73007,436.7784,6/28/21,p,2021,05/27/2021 14:20 CDT,97057,30.09,53.41,3.405,8.4,704.12,101922.18
TWB14,Uvalde_2020_02,29.60214,-99.73007,436.7784,6/28/21,p,2021,05/27/2021 14:25 CDT,97054,29.93,50.98,3.955,8.815,730.53,101920.53
TWB14,Uvalde_2020_02,29.60214,-99.73007,436.7784,6/28/21,p,2021,05/27/2021 14:30 CDT,97047,29.71,51.69,3.805,8.4,723.94,101916.62
TWB14,Uvalde_2020_02,29.60214,-99.73007,436.7784,6/28/21,p,2021,05/27/2021 14:35 CDT,97031,29.91,48.42,4.035,8.4,719.58,101898.05
TWB14,Uvalde_2020_02,29.60214,-99.73007,436.7784,6/28/21,p,2021,05/27/2021 14:40 CDT,97024,30.07,49.97,3.315,8.4,714.62,101889.37
TWB14,Uvalde_2020_02,29.60214,-99.73007,436.7784,6/28/21,p,2021,05/27/2021 14:45 CDT,97023,30.38,49.37,3.525,8.4,709.74,101882.27
TWB14,Uvalde_2020_02,29.60214,-99.73007,436.7784,6/28/21,p,2021,05/27/2021 14:50 CDT,97014,30.23,51.05,3.835,8.4,709.84,101873.29
TWB14,Uvalde_2020_02,29.60214,-99.73007,436.7784,6/28/21,p,2021,05/27/2021 14:55 CDT,97010,29.98,50.38,4.15,8.4,717.85,101876.14
TWB14,Uvalde_2020_02,29.60214,-99.73007,436.7784,6/28/21,p,2021,05/27/2021 15:00 CDT,97001,30.24,50.11,3.365,8.4,702,101862.6
TWB14,Uvalde_2020_02,29.60214,-99.73007,436.7784,6/28/21,p,2021,05/27/2021 15:05 CDT,96986,30.64,49.27,3.37,8.4,692.09,101839.67
TWB14,Uvalde_2020_02,29.60214,-99.73007,436.7784,6/28/21,p,2021,05/27/2021 15:10 CDT,96979,30.65,47.99,3.405,8.4,696.09,101832.49
TWB14,Uvalde_2020_02,29.60214,-99.73007,436.7784,6/28/21,p,2021,05/27/2021 15:15 CDT,96974,30.5,50.21,4,8.4,689.25,101828.52
TWB14,Uvalde_2020_02,29.60214,-99.73007,436.7784,6/28/21,p,2021,05/27/2021 15:20 CDT,96969,30.54,48.26,2.905,8.4,665.86,101822.97
TWB14,Uvalde_2020_02,29.60214,-99.73007,436.7784,6/28/21,p,2021,05/27/2021 15:25 CDT,96965,30.53,49.47,4.69,8.815,670.04,101816.31
TWB14,Uvalde_2020_02,29.60214,-99.73007,436.7784,6/28/21,p,2021,05/27/2021 15:30 CDT,96954,30.38,48.93,3.445,8.565,664.62,101809.5
TWB14,Uvalde_2020_02,29.60214,-99.73007,436.7784,6/28/21,p,2021,05/27/2021 15:35 CDT,96947,30.74,49.94,3.49,8.565,655.29,101796.91
TWB14,Uvalde_2020_02,29.60214,-99.73007,436.7784,6/28/21,p,2021,05/27/2021 15:40 CDT,96943,30.7,48.22,4.455,9.135,634.65,101791.43
TWB14,Uvalde_2020_02,29.60214,-99.73007,436.7784,6/28/21,p,2021,05/27/2021 15:45 CDT,96941,30.35,49.33,3.905,8.8,651.83,101795.68
TWB14,Uvalde_2020_02,29.60214,-99.73007,436.7784,6/28/21,p,2021,05/27/2021 15:50 CDT,96941,30.58,49.56,4.54,8.8,647.88,101793.39
TWB14,Uvalde_2020_02,29.60214,-99.73007,436.7784,6/28/21,p,2021,05/27/2021 15:55 CDT,96932,30.43,50.13,3.53,8.8,588.75,101786.05
TWB14,Uvalde_2020_02,29.60214,-99.73007,436.7784,6/28/21,p,2021,05/27/2021 16:00 CDT,96925,30.66,47.48,3.58,9.385,482.7,101777.1
TWB14,Uvalde_2020_02,29.60214,-99.73007,436.7784,6/28/21,p,2021,05/27/2021 16:05 CDT,96921,30.5,49.13,3.875,8.965,566.16,101772.88
TWB14,Uvalde_2020_02,29.60214,-99.73007,436.7784,6/28/21,p,2021,05/27/2021 16:10 CDT,96914,30.58,49.19,3.875,8.965,608.16,101765.04
TWB14,Uvalde_2020_02,29.60214,-99.73007,436.7784,6/28/21,p,2021,05/27/2021 16:15 CDT,96914,30.79,49.93,3.6,8.965,543.97,101761.94
TWB14,Uvalde_2020_02,29.60214,-99.73007,436.7784,6/28/21,p,2021,05/27/2021 16:20 CDT,96910,30.75,48.05,3.615,8.965,461.72,101758.25
TWB14,Uvalde_2020_02,29.60214,-99.73007,436.7784,6/28/21,p,2021,05/27/2021 16:25 CDT,96900,30.56,49.43,3.4,8.965,567.19,101751.48
TWB14,Uvalde_2020_02,29.60214,-99.73007,436.7784,6/28/21,p,2021,05/27/2021 16:30 CDT,96893,30.96,47.81,3.555,8.965,572.06,101736.98
TWB14,Uvalde_2020_02,29.60214,-99.73007,436.7784,6/28/21,p,2021,05/27/2021 16:35 CDT,96887,31,47.07,3.675,8.965,557.04,101730.85
TWB14,Uvalde_2020_02,29.60214,-99.73007,436.7784,6/28/21,p,2021,05/27/2021 16:40 CDT,96886,31.15,47.31,2.675,8.965,535.73,101727.2
TWB14,Uvalde_2020_02,29.60214,-99.73007,436.7784,6/28/21,p,2021,05/27/2021 16:45 CDT,96885,30.96,48.05,4.305,9.135,513.56,101726.95
TWB14,Uvalde_2020_02,29.60214,-99.73007,436.7784,6/28/21,p,2021,05/27/2021 16:50 CDT,96865,30.74,48.45,4.05,9.05,429.27,101710.67
TWB14,Uvalde_2020_02,29.60214,-99.73007,436.7784,6/28/21,p,2021,05/27/2021 16:55 CDT,96857,30.99,45.89,3.235,9.05,463.11,101700.51
TWB14,Uvalde_2020_02,29.60214,-99.73007,436.7784,6/28/21,p,2021,05/27/2021 17:00 CDT,96835,30.88,46.97,3.675,9.05,364.48,101677.39
TWB14,Uvalde_2020_02,29.60214,-99.73007,436.7784,6/28/21,p,2021,05/27/2021 17:05 CDT,96832,30.57,48.18,3.75,9.05,273.93,101679.76
TWB14,Uvalde_2020_02,29.60214,-99.73007,436.7784,6/28/21,p,2021,05/27/2021 17:10 CDT,96831,30.46,48.32,2.685,9.05,239.17,101681.81
TWB14,Uvalde_2020_02,29.60214,-99.73007,436.7784,6/28/21,p,2021,05/27/2021 17:15 CDT,96829,30.35,49.16,3.13,9.05,240.32,101681.66
TWB14,Uvalde_2020_02,29.60214,-99.73007,436.7784,6/28/21,p,2021,05/27/2021 17:20 CDT,96826,30.28,49.09,3.47,9.05,241.04,101680.47
TWB14,Uvalde_2020_02,29.60214,-99.73007,436.7784,6/28/21,p,2021,05/27/2021 17:25 CDT,96825,30.16,49.87,3.365,9.05,231.44,101681.21
TWB14,Uvalde_2020_02,29.60214,-99.73007,436.7784,6/28/21,p,2021,05/27/2021 17:30 CDT,96835,30.1,49.53,3.39,9.05,241.23,101693.68
TWB14,Uvalde_2020_02,29.60214,-99.73007,436.7784,6/28/21,p,2021,05/27/2021 17:35 CDT,96838,30.13,49.27,2.95,9.05,245.16,101696.67
TWB14,Uvalde_2020_02,29.60214,-99.73007,436.7784,6/28/21,p,2021,05/27/2021 17:40 CDT,96838,30.1,50.14,3.06,9.05,236.33,101696.66
TWB14,Uvalde_2020_02,29.60214,-99.73007,436.7784,6/28/21,p,2021,05/27/2021 17:45 CDT,96821,30.09,49.81,3.33,9.05,192.71,101679.3
TWB14,Uvalde_2020_02,29.60214,-99.73007,436.7784,6/28/21,p,2021,05/27/2021 17:50 CDT,96817,30.02,49.03,3.095,9.05,183.65,101676.09
TWB14,Uvalde_2020_02,29.60214,-99.73007,436.7784,6/28/21,p,2021,05/27/2021 17:55 CDT,96817,29.97,49.64,3.22,9.05,178.35,101677.23
TWB14,Uvalde_2020_02,29.60214,-99.73007,436.7784,6/28/21,p,2021,05/27/2021 18:00 CDT,96823,29.96,49.4,3.045,9.05,172.88,101684.35
TWB14,Uvalde_2020_02,29.60214,-99.73007,436.7784,6/28/21,p,2021,05/27/2021 18:05 CDT,96832,29.91,49.5,3.02,9.05,160.19,101694.62
TWB14,Uvalde_2020_02,29.60214,-99.73007,436.7784,6/28/21,p,2021,05/27/2021 18:10 CDT,96833,29.84,50.21,2.53,9.05,138.83,101696.65
TWB14,Uvalde_2020_02,29.60214,-99.73007,436.7784,6/28/21,p,2021,05/27/2021 18:15 CDT,96820,29.82,50.82,3.075,9.05,122.04,101683.15
TWB14,Uvalde_2020_02,29.60214,-99.73007,436.7784,6/28/21,p,2021,05/27/2021 18:20 CDT,96823,29.67,51.09,3.31,9.05,109.55,101688.76
TWB14,Uvalde_2020_02,29.60214,-99.73007,436.7784,6/28/21,p,2021,05/27/2021 18:25 CDT,96828,29.6,50.76,3.135,9.05,96.82,101695.82
TWB14,Uvalde_2020_02,29.60214,-99.73007,436.7784,6/28/21,p,2021,05/27/2021 18:30 CDT,96825,29.53,50.82,3.425,9.05,83.2,101693.82
TWB14,Uvalde_2020_02,29.60214,-99.73007,436.7784,6/28/21,p,2021,05/27/2021 18:35 CDT,96818,29.49,51.3,2.49,9.05,69.26,101687.45
TWB14,Uvalde_2020_02,29.60214,-99.73007,436.7784,6/28/21,p,2021,05/27/2021 18:40 CDT,96819,29.45,51.63,2.61,9.05,58.2,101689.32
TWB14,Uvalde_2020_02,29.60214,-99.73007,436.7784,6/28/21,p,2021,05/27/2021 18:45 CDT,96819,29.38,51.83,2.745,9.05,48.83,101690.47
TWB14,Uvalde_2020_02,29.60214,-99.73007,436.7784,6/28/21,p,2021,05/27/2021 18:50 CDT,96829,29.33,52.37,2.135,9.05,40.66,101701.96
TWB14,Uvalde_2020_02,29.60214,-99.73007,436.7784,6/28/21,p,2021,05/27/2021 18:55 CDT,96821,29.26,52.81,2.53,9.05,34.53,101694.7
TWB14,Uvalde_2020_02,29.60214,-99.73007,436.7784,6/28/21,p,2021,05/27/2021 19:00 CDT,96817,29.17,52.71,2.755,9.05,29.11,101692.15
TWB14,Uvalde_2020_02,29.60214,-99.73007,436.7784,6/28/21,p,2021,05/27/2021 19:05 CDT,96819,29.09,53.05,2.155,9.05,24.61,101695.56
TWB14,Uvalde_2020_02,29.60214,-99.73007,436.7784,6/28/21,p,2021,05/27/2021 19:10 CDT,96821,29.02,53.63,1.925,9.05,21.56,101698.81
TWB14,Uvalde_2020_02,29.60214,-99.73007,436.7784,6/28/21,p,2021,05/27/2021 19:15 CDT,96834,28.99,53.26,2.655,9.05,18.76,101713.3
TWB14,Uvalde_2020_02,29.60214,-99.73007,436.7784,6/28/21,p,2021,05/27/2021 19:20 CDT,96850,29.01,53.46,2.475,9.05,16.39,101729.94
TWB14,Uvalde_2020_02,29.60214,-99.73007,436.7784,6/28/21,p,2021,05/27/2021 19:25 CDT,96857,28.91,54,1.545,9.05,14.67,101738.77
TWB14,Uvalde_2020_02,29.60214,-99.73007,436.7784,6/28/21,p,2021,05/27/2021 19:30 CDT,96871,28.84,54.2,1.38,9.05,13.08,101754.8
TWB14,Uvalde_2020_02,29.60214,-99.73007,436.7784,6/28/21,p,2021,05/27/2021 19:35 CDT,96879,28.81,54.91,1.49,9.05,11.06,101764.18
TWB14,Uvalde_2020_02,29.60214,-99.73007,436.7784,6/28/21,p,2021,05/27/2021 19:40 CDT,96882,28.76,55.01,1.46,9.05,9.68,101767.67
TWB14,Uvalde_2020_02,29.60214,-99.73007,436.7784,6/28/21,p,2021,05/27/2021 19:45 CDT,96890,28.71,55.55,1.475,9.05,8.33,101777.06
TWB14,Uvalde_2020_02,29.60214,-99.73007,436.7784,6/28/21,p,2021,05/27/2021 19:50 CDT,96882,28.63,55.89,1.855,9.05,6.74,101769.97
TWB14,Uvalde_2020_02,29.60214,-99.73007,436.7784,6/28/21,p,2021,05/27/2021 19:55 CDT,96882,28.59,56.3,1.62,9.05,5.95,101770.8
TWB14,Uvalde_2020_02,29.60214,-99.73007,436.7784,6/28/21,p,2021,05/27/2021 20:00 CDT,96878,28.61,56.43,1.99,9.05,4.81,101766.76
TWB14,Uvalde_2020_02,29.60214,-99.73007,436.7784,6/28/21,p,2021,05/27/2021 20:05 CDT,96867,28.58,56.5,2.075,9.05,4.13,101755.54
TWB14,Uvalde_2020_02,29.60214,-99.73007,436.7784,6/28/21,p,2021,05/27/2021 20:10 CDT,96857,28.53,56.97,1.83,9.05,3.88,101745.52
TWB14,Uvalde_2020_02,29.60214,-99.73007,436.7784,6/28/21,p,2021,05/27/2021 20:15 CDT,96855,28.48,57.01,1.845,9.05,3.15,101744.25
TWB14,Uvalde_2020_02,29.60214,-99.73007,436.7784,6/28/21,p,2021,05/27/2021 20:20 CDT,96858,28.45,56.87,2,9.05,1.91,101747.73
TWB14,Uvalde_2020_02,29.60214,-99.73007,436.7784,6/28/21,p,2021,05/27/2021 20:25 CDT,96854,28.4,57.05,2.15,9.05,0.93,101744.19
TWB14,Uvalde_2020_02,29.60214,-99.73007,436.7784,6/28/21,p,2021,05/27/2021 20:30 CDT,96837,28.35,57.38,2.46,9.05,0.17,101727.49
TWB14,Uvalde_2020_02,29.60214,-99.73007,436.7784,6/28/21,p,2021,05/27/2021 20:35 CDT,96836,28.29,57.45,2.385,9.05,0.08,101727.6
TWB14,Uvalde_2020_02,29.60214,-99.73007,436.7784,6/28/21,p,2021,05/27/2021 20:40 CDT,96840,28.25,57.59,2.585,9.05,0,101732.3
TWB14,Uvalde_2020_02,29.60214,-99.73007,436.7784,6/28/21,p,2021,05/27/2021 20:45 CDT,96859,28.26,57.92,2.15,9.05,0,101752.42
TWB14,Uvalde_2020_02,29.60214,-99.73007,436.7784,6/28/21,p,2021,05/27/2021 20:50 CDT,96876,28.24,58.16,2.21,9.05,0,101770.45
TWB14,Uvalde_2020_02,29.60214,-99.73007,436.7784,6/28/21,p,2021,05/27/2021 20:55 CDT,96907,28.2,58.67,1.115,9.05,0,101803.17
TWB14,Uvalde_2020_02,29.60214,-99.73007,436.7784,6/28/21,p,2021,05/27/2021 21:00 CDT,96933,28.15,59.2,0.765,9.05,0.06,101831.31
TWB14,Uvalde_2020_02,29.60214,-99.73007,436.7784,6/28/21,p,2021,05/27/2021 21:05 CDT,96939,28.11,59.91,1.91,9.05,0,101838.94
TWB14,Uvalde_2020_02,29.60214,-99.73007,436.7784,6/28/21,p,2021,05/27/2021 21:10 CDT,96958,28.09,60.42,0.94,9.05,0,101858.89
TWB14,Uvalde_2020_02,29.60214,-99.73007,436.7784,6/28/21,p,2021,05/27/2021 21:15 CDT,96966,27.98,61.63,1.625,9.05,0.04,101869.12
TWB14,Uvalde_2020_02,29.60214,-99.73007,436.7784,6/28/21,p,2021,05/27/2021 21:20 CDT,96947,27.94,62.03,2.015,9.05,0,101849.98
TWB14,Uvalde_2020_02,29.60214,-99.73007,436.7784,6/28/21,p,2021,05/27/2021 21:25 CDT,96962,27.91,62.88,2.395,9.05,0,101866.23
TWB14,Uvalde_2020_02,29.60214,-99.73007,436.7784,6/28/21,p,2021,05/27/2021 21:30 CDT,96980,27.88,63.31,1.95,9.05,0,101885.47
TWB14,Uvalde_2020_02,29.60214,-99.73007,436.7784,6/28/21,p,2021,05/27/2021 21:35 CDT,96986,27.82,63.99,2.115,9.05,0,101892.77
TWB14,Uvalde_2020_02,29.60214,-99.73007,436.7784,6/28/21,p,2021,05/27/2021 21:40 CDT,96998,27.77,64.73,2.475,9.05,0,101906.2
TWB14,Uvalde_2020_02,29.60214,-99.73007,436.7784,6/28/21,p,2021,05/27/2021 21:45 CDT,97021,27.71,65.61,1.975,9.05,0,101931.19
TWB14,Uvalde_2020_02,29.60214,-99.73007,436.7784,6/28/21,p,2021,05/27/2021 21:50 CDT,97019,27.66,66.35,2.39,9.05,0,101929.75
TWB14,Uvalde_2020_02,29.60214,-99.73007,436.7784,6/28/21,p,2021,05/27/2021 21:55 CDT,97018,27.6,67.09,2.4,9.05,0,101929.86
TWB14,Uvalde_2020_02,29.60214,-99.73007,436.7784,6/28/21,p,2021,05/27/2021 22:00 CDT,97028,27.58,67.49,2.71,9.05,0,101940.7
TWB14,Uvalde_2020_02,29.60214,-99.73007,436.7784,6/28/21,p,2021,05/27/2021 22:05 CDT,97034,27.53,67.83,2.635,9.05,0,101947.67
TWB14,Uvalde_2020_02,29.60214,-99.73007,436.7784,6/28/21,p,2021,05/27/2021 22:10 CDT,97041,27.44,68.33,2.235,9.05,0,101956.52
TWB14,Uvalde_2020_02,29.60214,-99.73007,436.7784,6/28/21,p,2021,05/27/2021 22:15 CDT,97049,27.37,68.77,2.325,9.05,0,101966.1
TWB14,Uvalde_2020_02,29.60214,-99.73007,436.7784,6/28/21,p,2021,05/27/2021 22:20 CDT,97060,27.33,69.31,2.215,9.05,0,101978.32
TWB14,Uvalde_2020_02,29.60214,-99.73007,436.7784,6/28/21,p,2021,05/27/2021 22:25 CDT,97070,27.29,70.12,2.385,9.05,0,101989.15
TWB14,Uvalde_2020_02,29.60214,-99.73007,436.7784,6/28/21,p,2021,05/27/2021 22:30 CDT,97067,27.2,71.03,2.41,9.05,0,101987.67
TWB14,Uvalde_2020_02,29.60214,-99.73007,436.7784,6/28/21,p,2021,05/27/2021 22:35 CDT,97052,27.12,71.9,2.34,9.05,0,101973.24
TWB14,Uvalde_2020_02,29.60214,-99.73007,436.7784,6/28/21,p,2021,05/27/2021 22:40 CDT,97063,27.04,72.58,2.18,9.05,0,101985.96
TWB14,Uvalde_2020_02,29.60214,-99.73007,436.7784,6/28/21,p,2021,05/27/2021 22:45 CDT,97076,26.98,73.29,1.63,9.05,0,102000.29
TWB14,Uvalde_2020_02,29.60214,-99.73007,436.7784,6/28/21,p,2021,05/27/2021 22:50 CDT,97097,26.93,74.5,1.985,9.05,0.01,102023.52
TWB14,Uvalde_2020_02,29.60214,-99.73007,436.7784,6/28/21,p,2021,05/27/2021 22:55 CDT,97114,26.89,74.84,2.035,9.05,0,102042.21
TWB14,Uvalde_2020_02,29.60214,-99.73007,436.7784,6/28/21,p,2021,05/27/2021 23:00 CDT,97116,26.84,75.24,1.14,9.05,0,102044.98
TWB14,Uvalde_2020_02,29.60214,-99.73007,436.7784,6/28/21,p,2021,05/27/2021 23:05 CDT,97127,26.81,75.45,1.41,9.05,0,102057.05
TWB14,Uvalde_2020_02,29.60214,-99.73007,436.7784,6/28/21,p,2021,05/27/2021 23:10 CDT,97113,26.78,76.26,1.305,9.05,0.27,102042.66
TWB14,Uvalde_2020_02,29.60214,-99.73007,436.7784,6/28/21,p,2021,05/27/2021 23:15 CDT,97081,26.7,77.67,2.11,9.05,4.33,102010.03
TWB14,Uvalde_2020_02,29.60214,-99.73007,436.7784,6/28/21,p,2021,05/27/2021 23:20 CDT,97039,26.48,78.28,2.96,9.05,2.47,101969.6
TWB14,Uvalde_2020_02,29.60214,-99.73007,436.7784,6/28/21,p,2021,05/27/2021 23:25 CDT,97063,26.42,79.56,1.82,9.05,0.12,101996.49
TWB14,Uvalde_2020_02,29.60214,-99.73007,436.7784,6/28/21,p,2021,05/27/2021 23:30 CDT,97049,26.35,79.09,2.55,9.05,0.03,101983.47
TWB14,Uvalde_2020_02,29.60214,-99.73007,436.7784,6/28/21,p,2021,05/27/2021 23:35 CDT,97054,26.38,78.96,1.49,9.05,0,101988.55
TWB14,Uvalde_2020_02,29.60214,-99.73007,436.7784,6/28/21,p,2021,05/27/2021 23:40 CDT,97052,26.37,79.23,1.845,9.05,0,101986.11
TWB14,Uvalde_2020_02,29.60214,-99.73007,436.7784,6/28/21,p,2021,05/27/2021 23:45 CDT,97057,26.36,79.53,1.97,9.05,0,101991.36
TWB14,Uvalde_2020_02,29.60214,-99.73007,436.7784,6/28/21,p,2021,05/27/2021 23:50 CDT,97083,26.35,79.9,1.34,9.05,0,102018.85
TWB14,Uvalde_2020_02,29.60214,-99.73007,436.7784,6/28/21,p,2021,05/27/2021 23:55 CDT,97106,26.32,80.2,1.935,9.05,0,102043.35
TWB14,Uvalde_2020_02,29.60214,-99.73007,436.7784,6/28/21,p,2021,05/28/2021 00:00 CDT,97148,26.32,80.2,0.21,9.05,0,102087.49
TWB14,Uvalde_2020_02,29.60214,-99.73007,436.7784,6/28/21,p,2021,05/28/2021 00:05 CDT,97155,26.33,80.5,0.96,9.05,0.09,102094.34
TWB14,Uvalde_2020_02,29.60214,-99.73007,436.7784,6/28/21,p,2021,05/28/2021 00:10 CDT,97153,26.31,80.7,1.475,9.05,1.75,102092.74
TWB14,Uvalde_2020_02,29.60214,-99.73007,436.7784,6/28/21,p,2021,05/28/2021 00:15 CDT,97140,26.27,80.8,1.355,9.05,0.07,102079.92
TWB14,Uvalde_2020_02,29.60214,-99.73007,436.7784,6/28/21,p,2021,05/28/2021 00:20 CDT,97127,26.24,80.8,1.855,9.05,0,102066.93
TWB14,Uvalde_2020_02,29.60214,-99.73007,436.7784,6/28/21,p,2021,05/28/2021 00:25 CDT,97127,26.21,81.1,1.775,9.05,0,102067.1
TWB14,Uvalde_2020_02,29.60214,-99.73007,436.7784,6/28/21,p,2021,05/28/2021 00:30 CDT,97118,26.15,81.8,2.63,9.05,0.21,102058.48
TWB14,Uvalde_2020_02,29.60214,-99.73007,436.7784,6/28/21,p,2021,05/28/2021 00:35 CDT,97073,26.01,82.4,2.945,9.05,0.14,102013.55
TWB14,Uvalde_2020_02,29.60214,-99.73007,436.7784,6/28/21,p,2021,05/28/2021 00:40 CDT,97067,25.93,82.4,2.885,9.05,0,102008.93
TWB14,Uvalde_2020_02,29.60214,-99.73007,436.7784,6/28/21,p,2021,05/28/2021 00:45 CDT,97059,25.89,82.1,2.57,9.05,0,102001.21
TWB14,Uvalde_2020_02,29.60214,-99.73007,436.7784,6/28/21,p,2021,05/28/2021 00:50 CDT,97048,25.88,82.6,2.525,9.05,0,101989.81
TWB14,Uvalde_2020_02,29.60214,-99.73007,436.7784,6/28/21,p,2021,05/28/2021 00:55 CDT,97040,25.78,82.9,2.8,9.05,0,101983.09
TWB14,Uvalde_2020_02,29.60214,-99.73007,436.7784,6/28/21,p,2021,05/28/2021 01:00 CDT,97033,25.71,82.9,2.48,9.05,0,101977.09
TWB14,Uvalde_2020_02,29.60214,-99.73007,436.7784,6/28/21,p,2021,05/28/2021 01:05 CDT,97035,25.68,82.7,2.57,9.05,0,101979.87
TWB14,Uvalde_2020_02,29.60214,-99.73007,436.7784,6/28/21,p,2021,05/28/2021 01:10 CDT,97028,25.68,82.5,2.215,9.05,0,101972.51
TWB14,Uvalde_2020_02,29.60214,-99.73007,436.7784,6/28/21,p,2021,05/28/2021 01:15 CDT,97027,25.68,82.4,2.45,9.05,0,101971.46
TWB14,Uvalde_2020_02,29.60214,-99.73007,436.7784,6/28/21,p,2021,05/28/2021 01:20 CDT,97025,25.67,82.5,2.535,9.05,0,101969.36
TWB14,Uvalde_2020_02,29.60214,-99.73007,436.7784,6/28/21,p,2021,05/28/2021 01:25 CDT,96997,25.64,82.6,2.78,9.05,0,101940.27
TWB14,Uvalde_2020_02,29.60214,-99.73007,436.7784,6/28/21,p,2021,05/28/2021 01:30 CDT,96995,25.6,82.7,3.36,9.05,0,101938.68
TWB14,Uvalde_2020_02,29.60214,-99.73007,436.7784,6/28/21,p,2021,05/28/2021 01:35 CDT,96981,25.53,82.8,3.685,9.05,0,101924.98
TWB14,Uvalde_2020_02,29.60214,-99.73007,436.7784,6/28/21,p,2021,05/28/2021 01:40 CDT,96973,25.45,83,3.3,9.05,0.01,101918.09
TWB14,Uvalde_2020_02,29.60214,-99.73007,436.7784,6/28/21,p,2021,05/28/2021 01:45 CDT,96965,25.4,83.2,2.895,9.05,0,101910.53
TWB14,Uvalde_2020_02,29.60214,-99.73007,436.7784,6/28/21,p,2021,05/28/2021 01:50 CDT,96954,25.36,83.3,2.78,9.05,0,101899.48
TWB14,Uvalde_2020_02,29.60214,-99.73007,436.7784,6/28/21,p,2021,05/28/2021 01:55 CDT,96929,25.32,83.5,2.755,9.05,0,101873.71
TWB14,Uvalde_2020_02,29.60214,-99.73007,436.7784,6/28/21,p,2021,05/28/2021 02:00 CDT,96928,25.27,83.7,2.795,9.05,0,101873.67
TWB14,Uvalde_2020_02,29.60214,-99.73007,436.7784,6/28/21,p,2021,05/28/2021 02:05 CDT,96929,25.23,83.7,2.775,9.05,0,101875.57
TWB14,Uvalde_2020_02,29.60214,-99.73007,436.7784,6/28/21,p,2021,05/28/2021 02:10 CDT,96933,25.21,83.9,2.74,9.05,0,101880.11
TWB14,Uvalde_2020_02,29.60214,-99.73007,436.7784,6/28/21,p,2021,05/28/2021 02:15 CDT,96941,25.18,84.2,2.505,9.05,0,101888.86
TWB14,Uvalde_2020_02,29.60214,-99.73007,436.7784,6/28/21,p,2021,05/28/2021 02:20 CDT,96949,25.11,84.5,2.87,9.05,0.15,101898.11
TWB14,Uvalde_2020_02,29.60214,-99.73007,436.7784,6/28/21,p,2021,05/28/2021 02:25 CDT,96947,25.06,84.5,3.8,9.05,0.11,101896.86
TWB14,Uvalde_2020_02,29.60214,-99.73007,436.7784,6/28/21,p,2021,05/28/2021 02:30 CDT,96953,25.03,84.4,2.995,8.55,0,101904.02
TWB14,Uvalde_2020_02,29.60214,-99.73007,436.7784,6/28/21,p,2021,05/28/2021 02:35 CDT,96951,24.97,85.2,3.02,8.55,0.25,101902.59
TWB14,Uvalde_2020_02,29.60214,-99.73007,436.7784,6/28/21,p,2021,05/28/2021 02:40 CDT,96946,24.87,85.6,3.54,8.55,0.56,101899.03
TWB14,Uvalde_2020_02,29.60214,-99.73007,436.7784,6/28/21,p,2021,05/28/2021 02:45 CDT,96938,24.81,85.9,3.36,8.55,0,101892.15
TWB14,Uvalde_2020_02,29.60214,-99.73007,436.7784,6/28/21,p,2021,05/28/2021 02:50 CDT,96933,24.79,85.9,2.575,8.55,0,101887.06
TWB14,Uvalde_2020_02,29.60214,-99.73007,436.7784,6/28/21,p,2021,05/28/2021 02:55 CDT,96911,24.77,85.9,2.4,8.55,0,101864.11
TWB14,Uvalde_2020_02,29.60214,-99.73007,436.7784,6/28/21,p,2021,05/28/2021 03:00 CDT,96886,24.74,85.6,3.585,8.55,0,101838.68
TWB14,Uvalde_2020_02,29.60214,-99.73007,436.7784,6/28/21,p,2021,05/28/2021 03:05 CDT,96879,24.74,85.6,2.03,8.55,0,101831.32
TWB14,Uvalde_2020_02,29.60214,-99.73007,436.7784,6/28/21,p,2021,05/28/2021 03:10 CDT,96898,24.74,85.5,2.435,8.55,0,101851.29
TWB14,Uvalde_2020_02,29.60214,-99.73007,436.7784,6/28/21,p,2021,05/28/2021 03:15 CDT,96900,24.73,85.6,2.695,8.55,0,101853.4
TWB14,Uvalde_2020_02,29.60214,-99.73007,436.7784,6/28/21,p,2021,05/28/2021 03:20 CDT,96886,24.71,85.6,2.875,8.55,0,101839.02
TWB14,Uvalde_2020_02,29.60214,-99.73007,436.7784,6/28/21,p,2021,05/28/2021 03:25 CDT,96875,24.7,85.4,3.01,8.55,0,101827.8
TWB14,Uvalde_2020_02,29.60214,-99.73007,436.7784,6/28/21,p,2021,05/28/2021 03:30 CDT,96867,24.68,85.4,2.88,8.55,0,101819.73
TWB14,Uvalde_2020_02,29.60214,-99.73007,436.7784,6/28/21,p,2021,05/28/2021 03:35 CDT,96851,24.66,85,2.9,8.55,0,101803.43
TWB14,Uvalde_2020_02,29.60214,-99.73007,436.7784,6/28/21,p,2021,05/28/2021 03:40 CDT,96845,24.63,85.2,2.705,8.55,0,101797.63
TWB14,Uvalde_2020_02,29.60214,-99.73007,436.7784,6/28/21,p,2021,05/28/2021 03:45 CDT,96843,24.58,85.7,2.245,8.55,0.04,101795.86
TWB14,Uvalde_2020_02,29.60214,-99.73007,436.7784,6/28/21,p,2021,05/28/2021 03:50 CDT,96846,24.53,85.8,2.41,8.55,0.03,101799.87
TWB14,Uvalde_2020_02,29.60214,-99.73007,436.7784,6/28/21,p,2021,05/28/2021 03:55 CDT,96844,24.5,85.9,2.72,8.55,0,101798.27
TWB14,Uvalde_2020_02,29.60214,-99.73007,436.7784,6/28/21,p,2021,05/28/2021 04:00 CDT,96825,24.48,85.7,2.655,8.55,0,101778.98
TWB14,Uvalde_2020_02,29.60214,-99.73007,436.7784,6/28/21,p,2021,05/28/2021 04:05 CDT,96822,24.48,85.6,2.595,8.55,0,101775.83
TWB14,Uvalde_2020_02,29.60214,-99.73007,436.7784,6/28/21,p,2021,05/28/2021 04:10 CDT,96834,24.47,85.4,2.52,8.55,0,101788.45
TWB14,Uvalde_2020_02,29.60214,-99.73007,436.7784,6/28/21,p,2021,05/28/2021 04:15 CDT,96835,24.45,85,2.83,8.55,0,101789.84
TWB14,Uvalde_2020_02,29.60214,-99.73007,436.7784,6/28/21,p,2021,05/28/2021 04:20 CDT,96838,24.41,85,2.44,8.55,0,101794.02
TWB14,Uvalde_2020_02,29.60214,-99.73007,436.7784,6/28/21,p,2021,05/28/2021 04:25 CDT,96866,24.39,84.9,2.765,8.55,0,101823.96
TWB14,Uvalde_2020_02,29.60214,-99.73007,436.7784,6/28/21,p,2021,05/28/2021 04:30 CDT,96866,24.38,85,2.54,8.55,0,101823.96
TWB14,Uvalde_2020_02,29.60214,-99.73007,436.7784,6/28/21,p,2021,05/28/2021 04:35 CDT,96847,24.36,85.2,2.42,8.55,0,101804.16
TWB14,Uvalde_2020_02,29.60214,-99.73007,436.7784,6/28/21,p,2021,05/28/2021 04:40 CDT,96846,24.34,85,2.815,8.55,0,101803.45
TWB14,Uvalde_2020_02,29.60214,-99.73007,436.7784,6/28/21,p,2021,05/28/2021 04:45 CDT,96858,24.32,85,2.91,8.55,0,101816.41
TWB14,Uvalde_2020_02,29.60214,-99.73007,436.7784,6/28/21,p,2021,05/28/2021 04:50 CDT,96849,24.27,85.1,3.815,8.55,0,101807.8
TWB14,Uvalde_2020_02,29.60214,-99.73007,436.7784,6/28/21,p,2021,05/28/2021 04:55 CDT,96875,24.28,85,3.065,8.55,0,101835.13
TWB14,Uvalde_2020_02,29.60214,-99.73007,436.7784,6/28/21,p,2021,05/28/2021 05:00 CDT,96876,24.25,85.1,3.035,8.55,0,101836.52
TWB14,Uvalde_2020_02,29.60214,-99.73007,436.7784,6/28/21,p,2021,05/28/2021 05:05 CDT,96888,24.22,85.3,2.515,8.55,0,101849.47
TWB14,Uvalde_2020_02,29.60214,-99.73007,436.7784,6/28/21,p,2021,05/28/2021 05:10 CDT,96882,24.18,85.4,2.66,8.55,0,101843.68
TWB14,Uvalde_2020_02,29.60214,-99.73007,436.7784,6/28/21,p,2021,05/28/2021 05:15 CDT,96881,24.14,85.2,2.375,8.55,0,101843.31
TWB14,Uvalde_2020_02,29.60214,-99.73007,436.7784,6/28/21,p,2021,05/28/2021 05:20 CDT,96890,24.1,85,3.11,8.55,0,101853.8
TWB14,Uvalde_2020_02,29.60214,-99.73007,436.7784,6/28/21,p,2021,05/28/2021 05:25 CDT,96890,24.07,85.1,2.595,8.55,0,101854.31
TWB14,Uvalde_2020_02,29.60214,-99.73007,436.7784,6/28/21,p,2021,05/28/2021 05:30 CDT,96882,24.06,85.1,1.925,8.55,0,101845.9
TWB14,Uvalde_2020_02,29.60214,-99.73007,436.7784,6/28/21,p,2021,05/28/2021 05:35 CDT,96877,24.02,85.2,2.59,8.55,0,101841.33
TWB14,Uvalde_2020_02,29.60214,-99.73007,436.7784,6/28/21,p,2021,05/28/2021 05:40 CDT,96876,23.99,85.3,2.245,8.55,0,101840.79
TWB14,Uvalde_2020_02,29.60214,-99.73007,436.7784,6/28/21,p,2021,05/28/2021 05:45 CDT,96876,23.99,85.2,2.82,8.55,0,101840.96
TWB14,Uvalde_2020_02,29.60214,-99.73007,436.7784,6/28/21,p,2021,05/28/2021 05:50 CDT,96894,24,85.3,1.85,8.55,0,101859.71
TWB14,Uvalde_2020_02,29.60214,-99.73007,436.7784,6/28/21,p,2021,05/28/2021 05:55 CDT,96911,24,85.3,2.575,8.55,0,101877.58
TWB14,Uvalde_2020_02,29.60214,-99.73007,436.7784,6/28/21,p,2021,05/28/2021 06:00 CDT,96914,23.97,85,3,8.55,0,101881.08
TWB14,Uvalde_2020_02,29.60214,-99.73007,436.7784,6/28/21,p,2021,05/28/2021 06:05 CDT,96915,23.94,85.4,2.555,8.55,0,101882.64
TWB14,Uvalde_2020_02,29.60214,-99.73007,436.7784,6/28/21,p,2021,05/28/2021 06:10 CDT,96915,23.9,85.3,2.375,8.55,0,101882.98
TWB14,Uvalde_2020_02,29.60214,-99.73007,436.7784,6/28/21,p,2021,05/28/2021 06:15 CDT,96920,23.89,85.4,2.525,8.55,0,101888.75
TWB14,Uvalde_2020_02,29.60214,-99.73007,436.7784,6/28/21,p,2021,05/28/2021 06:20 CDT,96927,23.87,85.5,2.72,8.55,0,101896.45
TWB14,Uvalde_2020_02,29.60214,-99.73007,436.7784,6/28/21,p,2021,05/28/2021 06:25 CDT,96936,23.84,85.4,2.69,8.55,0,101906.77
TWB14,Uvalde_2020_02,29.60214,-99.73007,436.7784,6/28/21,p,2021,05/28/2021 06:30 CDT,96949,23.84,85.1,2.225,8.55,0,101920.61
TWB14,Uvalde_2020_02,29.60214,-99.73007,436.7784,6/28/21,p,2021,05/28/2021 06:35 CDT,96959,23.84,85.1,2.795,8.55,0,101930.95
TWB14,Uvalde_2020_02,29.60214,-99.73007,436.7784,6/28/21,p,2021,05/28/2021 06:40 CDT,96969,23.83,85,2.22,8.55,0,101941.81
TWB14,Uvalde_2020_02,29.60214,-99.73007,436.7784,6/28/21,p,2021,05/28/2021 06:45 CDT,96970,23.8,85,2.645,8.55,0.12,101943.03
TWB14,Uvalde_2020_02,29.60214,-99.73007,436.7784,6/28/21,p,2021,05/28/2021 06:50 CDT,96974,23.8,85,1.98,8.55,0.38,101947.24
TWB14,Uvalde_2020_02,29.60214,-99.73007,436.7784,6/28/21,p,2021,05/28/2021 06:55 CDT,96972,23.78,85.1,2.385,8.55,0.71,101945.48
TWB14,Uvalde_2020_02,29.60214,-99.73007,436.7784,6/28/21,p,2021,05/28/2021 07:00 CDT,96981,23.76,85.2,2.015,8.55,1.13,101955.28
TWB14,Uvalde_2020_02,29.60214,-99.73007,436.7784,6/28/21,p,2021,05/28/2021 07:05 CDT,96983,23.74,85.4,2.115,8.55,1.59,101957.72
TWB14,Uvalde_2020_02,29.60214,-99.73007,436.7784,6/28/21,p,2021,05/28/2021 07:10 CDT,96983,23.73,85.3,2.155,8.55,1.7,101957.9
TWB14,Uvalde_2020_02,29.60214,-99.73007,436.7784,6/28/21,p,2021,05/28/2021 07:15 CDT,96995,23.72,85.5,1.71,8.55,2.28,101970.68
TWB14,Uvalde_2020_02,29.60214,-99.73007,436.7784,6/28/21,p,2021,05/28/2021 07:20 CDT,96996,23.71,85.7,2.25,8.55,3.93,101971.73
TWB14,Uvalde_2020_02,29.60214,-99.73007,436.7784,6/28/21,p,2021,05/28/2021 07:25 CDT,97006,23.68,85.8,2.715,8.55,4.26,101982.93
TWB14,Uvalde_2020_02,29.60214,-99.73007,436.7784,6/28/21,p,2021,05/28/2021 07:30 CDT,97011,23.67,86.1,2.32,8.55,4.19,101988.18
TWB14,Uvalde_2020_02,29.60214,-99.73007,436.7784,6/28/21,p,2021,05/28/2021 07:35 CDT,97020,23.65,86.2,1.9,8.55,5.12,101997.82
TWB14,Uvalde_2020_02,29.60214,-99.73007,436.7784,6/28/21,p,2021,05/28/2021 07:40 CDT,97025,23.65,86.4,1.98,8.55,5.65,102003.07
TWB14,Uvalde_2020_02,29.60214,-99.73007,436.7784,6/28/21,p,2021,05/28/2021 07:45 CDT,97035,23.64,86.3,1.735,8.55,6.88,102013.76
TWB14,Uvalde_2020_02,29.60214,-99.73007,436.7784,6/28/21,p,2021,05/28/2021 07:50 CDT,97034,23.62,86.4,2.07,8.55,7.96,102013.05
TWB14,Uvalde_2020_02,29.60214,-99.73007,436.7784,6/28/21,p,2021,05/28/2021 07:55 CDT,97026,23.61,86.3,2.42,8.55,11.13,102004.98
TWB14,Uvalde_2020_02,29.60214,-99.73007,436.7784,6/28/21,p,2021,05/28/2021 08:00 CDT,97021,23.59,86.8,2.3,8.55,15.03,101999.89
TWB14,Uvalde_2020_02,29.60214,-99.73007,436.7784,6/28/21,p,2021,05/28/2021 08:05 CDT,97022,23.5,87.5,2.31,8.55,20.22,102002.14
TWB14,Uvalde_2020_02,29.60214,-99.73007,436.7784,6/28/21,p,2021,05/28/2021 08:10 CDT,97026,23.4,88.5,2.015,8.55,21.9,102008.06
TWB14,Uvalde_2020_02,29.60214,-99.73007,436.7784,6/28/21,p,2021,05/28/2021 08:15 CDT,97037,23.36,88.7,1.825,8.55,18.16,102020.13
TWB14,Uvalde_2020_02,29.60214,-99.73007,436.7784,6/28/21,p,2021,05/28/2021 08:20 CDT,97040,23.3,89.5,2.46,8.55,27.13,102024.14
TWB14,Uvalde_2020_02,29.60214,-99.73007,436.7784,6/28/21,p,2021,05/28/2021 08:25 CDT,97045,23.19,90.1,2.17,8.55,34.03,102031.46
TWB14,Uvalde_2020_02,29.60214,-99.73007,436.7784,6/28/21,p,2021,05/28/2021 08:30 CDT,97056,23.17,89.9,1.78,8.55,26.32,102043.71
TWB14,Uvalde_2020_02,29.60214,-99.73007,436.7784,6/28/21,p,2021,05/28/2021 08:35 CDT,97062,23.21,90.1,1.8,8.55,34.78,102049.68
TWB14,Uvalde_2020_02,29.60214,-99.73007,436.7784,6/28/21,p,2021,05/28/2021 08:40 CDT,97068,23.28,89.8,1.49,8.55,40.09,102054.61
TWB14,Uvalde_2020_02,29.60214,-99.73007,436.7784,6/28/21,p,2021,05/28/2021 08:45 CDT,97068,23.3,89.9,2.225,8.55,45.31,102053.75
TWB14,Uvalde_2020_02,29.60214,-99.73007,436.7784,6/28/21,p,2021,05/28/2021 08:50 CDT,97069,23.26,90.1,1.64,8.55,50.25,102055.49
TWB14,Uvalde_2020_02,29.60214,-99.73007,436.7784,6/28/21,p,2021,05/28/2021 08:55 CDT,97072,23.34,89.9,1.615,8.55,50.59,102057.44
TWB14,Uvalde_2020_02,29.60214,-99.73007,436.7784,6/28/21,p,2021,05/28/2021 09:00 CDT,97091,23.38,89.3,1.795,8.55,44.04,102076.9
TWB14,Uvalde_2020_02,29.60214,-99.73007,436.7784,6/28/21,p,2021,05/28/2021 09:05 CDT,97107,23.42,89.2,1.7,8.55,47.3,102093.04
TWB14,Uvalde_2020_02,29.60214,-99.73007,436.7784,6/28/21,p,2021,05/28/2021 09:10 CDT,97121,23.4,90.2,1.42,8.55,42.1,102107.92
TWB14,Uvalde_2020_02,29.60214,-99.73007,436.7784,6/28/21,p,2021,05/28/2021 09:15 CDT,97122,23.41,90,1.545,8.55,58.26,102108.63
TWB14,Uvalde_2020_02,29.60214,-99.73007,436.7784,6/28/21,p,2021,05/28/2021 09:20 CDT,97120,23.35,91.4,1.285,8.55,68.77,102107.38
TWB14,Uvalde_2020_02,29.60214,-99.73007,436.7784,6/28/21,p,2021,05/28/2021 09:25 CDT,97125,23.29,92,1.525,8.55,79.01,102113.14
TWB14,Uvalde_2020_02,29.60214,-99.73007,436.7784,6/28/21,p,2021,05/28/2021 09:30 CDT,97134,23.25,92.5,1.665,8.55,81.89,102123.64
TWB14,Uvalde_2020_02,29.60214,-99.73007,436.7784,6/28/21,p,2021,05/28/2021 09:35 CDT,97127,23.26,92.7,1.445,8.55,102.88,102116.1
TWB14,Uvalde_2020_02,29.60214,-99.73007,436.7784,6/28/21,p,2021,05/28/2021 09:40 CDT,97117,23.32,92.5,1.67,8.55,114.79,102104.56
TWB14,Uvalde_2020_02,29.60214,-99.73007,436.7784,6/28/21,p,2021,05/28/2021 09:45 CDT,97117,23.37,92.2,1.91,8.55,124.93,102104.04
TWB14,Uvalde_2020_02,29.60214,-99.73007,436.7784,6/28/21,p,2021,05/28/2021 09:50 CDT,97120,23.49,92.2,1.52,8.55,134.57,102105.31
TWB14,Uvalde_2020_02,29.60214,-99.73007,436.7784,6/28/21,p,2021,05/28/2021 09:55 CDT,97130,23.63,90.4,2.155,8.55,127.96,102112.91
TWB14,Uvalde_2020_02,29.60214,-99.73007,436.7784,6/28/21,p,2021,05/28/2021 10:00 CDT,97134,23.57,90.7,1.885,8.55,125.74,102117.63
TWB14,Uvalde_2020_02,29.60214,-99.73007,436.7784,6/28/21,p,2021,05/28/2021 10:05 CDT,97134,23.71,89.8,1.545,8.55,117.05,102115.41
TWB14,Uvalde_2020_02,29.60214,-99.73007,436.7784,6/28/21,p,2021,05/28/2021 10:10 CDT,97140,23.82,90.2,1.6,8.55,141.16,102119.65
TWB14,Uvalde_2020_02,29.60214,-99.73007,436.7784,6/28/21,p,2021,05/28/2021 10:15 CDT,97143,23.94,88.4,1.575,8.55,133.43,102121.28
TWB14,Uvalde_2020_02,29.60214,-99.73007,436.7784,6/28/21,p,2021,05/28/2021 10:20 CDT,97145,23.96,88.2,2.555,8.55,105.81,102122.87
TWB14,Uvalde_2020_02,29.60214,-99.73007,436.7784,6/28/21,p,2021,05/28/2021 10:25 CDT,97145,23.98,87.7,2.225,8.55,154.46,102123.04
TWB14,Uvalde_2020_02,29.60214,-99.73007,436.7784,6/28/21,p,2021,05/28/2021 10:30 CDT,97144,24.24,86.4,2.09,8.55,163.51,102118.06
TWB14,Uvalde_2020_02,29.60214,-99.73007,436.7784,6/28/21,p,2021,05/28/2021 10:35 CDT,97148,24.32,86.7,2.265,8.55,159.25,102120.04
TWB14,Uvalde_2020_02,29.60214,-99.73007,436.7784,6/28/21,p,2021,05/28/2021 10:40 CDT,97161,24.31,87.4,2.55,8.55,124.19,102133.53
TWB14,Uvalde_2020_02,29.60214,-99.73007,436.7784,6/28/21,p,2021,05/28/2021 10:45 CDT,97166,24.25,87.4,2.03,8.55,106.45,102139.64
TWB14,Uvalde_2020_02,29.60214,-99.73007,436.7784,6/28/21,p,2021,05/28/2021 10:50 CDT,97161,24.16,89,1.43,8.55,102.23,102135.74
TWB14,Uvalde_2020_02,29.60214,-99.73007,436.7784,6/28/21,p,2021,05/28/2021 10:55 CDT,97157,24.06,89.4,1.4,8.55,184.63,102132.73
TWB14,Uvalde_2020_02,29.60214,-99.73007,436.7784,6/28/21,p,2021,05/28/2021 11:00 CDT,97151,24.28,89.5,1.275,8.55,247.84,102124.37
TWB14,Uvalde_2020_02,29.60214,-99.73007,436.7784,6/28/21,p,2021,05/28/2021 11:05 CDT,97154,24.52,87.7,1.595,8.55,201.28,102122.58
TWB14,Uvalde_2020_02,29.60214,-99.73007,436.7784,6/28/21,p,2021,05/28/2021 11:10 CDT,97156,24.46,87.2,1.575,8.55,171.48,102124.69
TWB14,Uvalde_2020_02,29.60214,-99.73007,436.7784,6/28/21,p,2021,05/28/2021 11:15 CDT,97152,24.47,86.2,2.425,8.55,241.68,102121
TWB14,Uvalde_2020_02,29.60214,-99.73007,436.7784,6/28/21,p,2021,05/28/2021 11:20 CDT,97148,24.57,86.5,2.35,8.55,203.07,102115.26
TWB14,Uvalde_2020_02,29.60214,-99.73007,436.7784,6/28/21,p,2021,05/28/2021 11:25 CDT,97141,24.74,84.8,2.42,8.55,217.46,102104.85
TWB14,Uvalde_2020_02,29.60214,-99.73007,436.7784,6/28/21,p,2021,05/28/2021 11:30 CDT,97139,24.81,84.1,2.265,8.55,219.03,102101.73
TWB14,Uvalde_2020_02,29.60214,-99.73007,436.7784,6/28/21,p,2021,05/28/2021 11:35 CDT,97139,24.95,83.8,2.175,8.55,172.32,102099.35
TWB14,Uvalde_2020_02,29.60214,-99.73007,436.7784,6/28/21,p,2021,05/28/2021 11:40 CDT,97138,24.99,82.9,2.6,8.55,176.7,102097.29
TWB14,Uvalde_2020_02,29.60214,-99.73007,436.7784,6/28/21,p,2021,05/28/2021 11:45 CDT,97138,25.06,82.4,2.225,8.55,202.52,102096.78
TWB14,Uvalde_2020_02,29.60214,-99.73007,436.7784,6/28/21,p,2021,05/28/2021 11:50 CDT,97137,25.06,82.4,3.275,8.55,161.12,102095.05
TWB14,Uvalde_2020_02,29.60214,-99.73007,436.7784,6/28/21,p,2021,05/28/2021 11:55 CDT,97136,25,83.1,3.13,8.55,199.77,102095.01
TWB14,Uvalde_2020_02,29.60214,-99.73007,436.7784,6/28/21,p,2021,05/28/2021 12:00 CDT,97134,25.14,82.3,2.105,8.55,170.86,102091.05
TWB14,Uvalde_2020_02,29.60214,-99.73007,436.7784,6/28/21,p,2021,05/28/2021 12:05 CDT,97134,25.14,82.4,2.485,8.55,163.65,102090.37
TWB14,Uvalde_2020_02,29.60214,-99.73007,436.7784,6/28/21,p,2021,05/28/2021 12:10 CDT,97135,25.01,84,2.82,8.55,138.33,102093.1
TWB14,Uvalde_2020_02,29.60214,-99.73007,436.7784,6/28/21,p,2021,05/28/2021 12:15 CDT,97136,24.92,82.7,2.235,8.55,129.12,102096.04
TWB14,Uvalde_2020_02,29.60214,-99.73007,436.7784,6/28/21,p,2021,05/28/2021 12:20 CDT,97134,24.9,82.7,1.96,8.55,113.44,102094.61
TWB14,Uvalde_2020_02,29.60214,-99.73007,436.7784,6/28/21,p,2021,05/28/2021 12:25 CDT,97134,24.85,82.9,2.435,8.55,135.69,102095.46
TWB14,Uvalde_2020_02,29.60214,-99.73007,436.7784,6/28/21,p,2021,05/28/2021 12:30 CDT,97132,24.84,83.2,2.62,8.55,137.85,102093.87
TWB14,Uvalde_2020_02,29.60214,-99.73007,436.7784,6/28/21,p,2021,05/28/2021 12:35 CDT,97129,24.85,82.8,2.74,8.55,166.68,102090.55
TWB14,Uvalde_2020_02,29.60214,-99.73007,436.7784,6/28/21,p,2021,05/28/2021 12:40 CDT,97128,24.96,83.2,2.705,8.55,143.7,102086.94
TWB14,Uvalde_2020_02,29.60214,-99.73007,436.7784,6/28/21,p,2021,05/28/2021 12:45 CDT,97123,24.86,84.1,2.69,8.55,168.24,102083.04
TWB14,Uvalde_2020_02,29.60214,-99.73007,436.7784,6/28/21,p,2021,05/28/2021 12:50 CDT,97116,24.95,83.8,1.92,8.55,257.01,102075.69
TWB14,Uvalde_2020_02,29.60214,-99.73007,436.7784,6/28/21,p,2021,05/28/2021 12:55 CDT,97106,25.28,82.4,2.025,8.55,253.01,102060.09
TWB14,Uvalde_2020_02,29.60214,-99.73007,436.7784,6/28/21,p,2021,05/28/2021 13:00 CDT,97103,25.39,82.1,1.84,8.55,160.22,102054.05
TWB14,Uvalde_2020_02,29.60214,-99.73007,436.7784,6/28/21,p,2021,05/28/2021 13:05 CDT,97094,25.24,83.2,2.015,8.55,238.68,102045.77
TWB14,Uvalde_2020_02,29.60214,-99.73007,436.7784,6/28/21,p,2021,05/28/2021 13:10 CDT,97097,25.38,82,2.01,8.55,213.79,102047.07
TWB14,Uvalde_2020_02,29.60214,-99.73007,436.7784,6/28/21,p,2021,05/28/2021 13:15 CDT,97101,25.42,81.4,2.52,8.55,277.29,102050.26
TWB14,Uvalde_2020_02,29.60214,-99.73007,436.7784,6/28/21,p,2021,05/28/2021 13:20 CDT,97093,25.6,80.8,2.745,8.55,385.69,102039.83
TWB14,Uvalde_2020_02,29.60214,-99.73007,436.7784,6/28/21,p,2021,05/28/2021 13:25 CDT,97098,25.46,81.8,3.695,8.55,147.29,102045.41
TWB14,Uvalde_2020_02,29.60214,-99.73007,436.7784,6/28/21,p,2021,05/28/2021 13:30 CDT,97091,25.16,81.8,2.82,8.55,125.96,102044.5
TWB14,Uvalde_2020_02,29.60214,-99.73007,436.7784,6/28/21,p,2021,05/28/2021 13:35 CDT,97082,25.14,81.8,3.58,8.55,131.11,102036.06
TWB14,Uvalde_2020_02,29.60214,-99.73007,436.7784,6/28/21,p,2021,05/28/2021 13:40 CDT,97078,25.26,79.89,3.095,8.55,286.71,102030.85
TWB14,Uvalde_2020_02,29.60214,-99.73007,436.7784,6/28/21,p,2021,05/28/2021 13:45 CDT,97077,25.76,78.84,2.56,8.55,349.44,102022.01
TWB14,Uvalde_2020_02,29.60214,-99.73007,436.7784,6/28/21,p,2021,05/28/2021 13:50 CDT,97072,26.13,77.63,2.135,8.55,263.78,102010.01
TWB14,Uvalde_2020_02,29.60214,-99.73007,436.7784,6/28/21,p,2021,05/28/2021 13:55 CDT,97059,26.27,76.52,2.51,8.55,206.72,101992.65
TWB14,Uvalde_2020_02,29.60214,-99.73007,436.7784,6/28/21,p,2021,05/28/2021 14:00 CDT,97058,26.24,76.72,2.805,8.55,241.48,101990.75
TWB14,Uvalde_2020_02,29.60214,-99.73007,436.7784,6/28/21,p,2021,05/28/2021 14:05 CDT,97051,26.16,77.4,2.68,8.55,119.84,101984.91
TWB14,Uvalde_2020_02,29.60214,-99.73007,436.7784,6/28/21,p,2021,05/28/2021 14:10 CDT,97049,26.02,78.04,2.475,8.55,117.49,101985.5
TWB14,Uvalde_2020_02,29.60214,-99.73007,436.7784,6/28/21,p,2021,05/28/2021 14:15 CDT,97041,26.07,77.8,2.33,8.55,182.72,101977.77
TWB14,Uvalde_2020_02,29.60214,-99.73007,436.7784,6/28/21,p,2021,05/28/2021 14:20 CDT,97035,26.39,75.58,1.49,8.55,216.44,101966.93
TWB14,Uvalde_2020_02,29.60214,-99.73007,436.7784,6/28/21,p,2021,05/28/2021 14:25 CDT,97027,26.52,76.05,2.23,8.55,202.76,101955.66
TWB14,Uvalde_2020_02,29.60214,-99.73007,436.7784,6/28/21,p,2021,05/28/2021 14:30 CDT,97022,26.68,75.67,2.445,8.55,227.6,101947.38
TWB14,Uvalde_2020_02,29.60214,-99.73007,436.7784,6/28/21,p,2021,05/28/2021 14:35 CDT,97011,26.61,76.11,2.365,8.55,163.03,101936.33
TWB14,Uvalde_2020_02,29.60214,-99.73007,436.7784,6/28/21,p,2021,05/28/2021 14:40 CDT,96996,26.65,74.83,2.01,8.55,200.14,101920.58
TWB14,Uvalde_2020_02,29.60214,-99.73007,436.7784,6/28/21,p,2021,05/28/2021 14:45 CDT,96992,26.86,75.03,2.27,8.55,339.81,101913.35
TWB14,Uvalde_2020_02,29.60214,-99.73007,436.7784,6/28/21,p,2021,05/28/2021 14:50 CDT,96981,27.06,72.33,2.29,8.55,481.9,101897.13
TWB14,Uvalde_2020_02,29.60214,-99.73007,436.7784,6/28/21,p,2021,05/28/2021 14:55 CDT,96975,27.4,72.03,2.49,8.55,410.85,101884.3
TWB14,Uvalde_2020_02,29.60214,-99.73007,436.7784,6/28/21,p,2021,05/28/2021 15:00 CDT,96968,27.69,74.22,2.155,8.55,556.87,101872.59
TWB14,Uvalde_2020_02,29.60214,-99.73007,436.7784,6/28/21,p,2021,05/28/2021 15:05 CDT,96969,27.91,69.33,2.585,8.55,736.1,101869.03
TWB14,Uvalde_2020_02,29.60214,-99.73007,436.7784,6/28/21,p,2021,05/28/2021 15:10 CDT,96968,28.24,67.61,1.875,8.55,337.74,101862.85
TWB14,Uvalde_2020_02,29.60214,-99.73007,436.7784,6/28/21,p,2021,05/28/2021 15:15 CDT,96963,28.05,70.27,2.11,8.55,317.62,101858.73
TWB14,Uvalde_2020_02,29.60214,-99.73007,436.7784,6/28/21,p,2021,05/28/2021 15:20 CDT,96956,28.15,70.33,2.86,8.55,374.11,101851.71
TWB14,Uvalde_2020_02,29.60214,-99.73007,436.7784,6/28/21,p,2021,05/28/2021 15:25 CDT,96956,28.06,69.96,2.695,7.885,201.7,101852.04
TWB14,Uvalde_2020_02,29.60214,-99.73007,436.7784,6/28/21,p,2021,05/28/2021 15:30 CDT,96949,27.86,68.85,2.41,7.885,247.43,101847.86
TWB14,Uvalde_2020_02,29.60214,-99.73007,436.7784,6/28/21,p,2021,05/28/2021 15:35 CDT,96943,27.84,68.51,2.745,7.885,338.48,101843.05
TWB14,Uvalde_2020_02,29.60214,-99.73007,436.7784,6/28/21,p,2021,05/28/2021 15:40 CDT,96930,28.06,68.74,2.24,7.885,201.33,101826.57
TWB14,Uvalde_2020_02,29.60214,-99.73007,436.7784,6/28/21,p,2021,05/28/2021 15:45 CDT,96929,28.07,68.27,1.745,7.885,232.89,101825.52
TWB14,Uvalde_2020_02,29.60214,-99.73007,436.7784,6/28/21,p,2021,05/28/2021 15:50 CDT,96919,28.32,67.36,2.885,7.885,432.54,101811.37
TWB14,Uvalde_2020_02,29.60214,-99.73007,436.7784,6/28/21,p,2021,05/28/2021 15:55 CDT,96912,28.5,66.04,1.8,7.885,123.07,101801.38
TWB14,Uvalde_2020_02,29.60214,-99.73007,436.7784,6/28/21,p,2021,05/28/2021 16:00 CDT,96913,28.28,68,2.635,7.885,122.41,101803.9
TWB14,Uvalde_2020_02,29.60214,-99.73007,436.7784,6/28/21,p,2021,05/28/2021 16:05 CDT,96921,27.99,68.97,3.015,7.885,200.05,101817.11
TWB14,Uvalde_2020_02,29.60214,-99.73007,436.7784,6/28/21,p,2021,05/28/2021 16:10 CDT,96921,27.85,70.15,2.88,7.885,247.98,101820.26
TWB14,Uvalde_2020_02,29.60214,-99.73007,436.7784,6/28/21,p,2021,05/28/2021 16:15 CDT,96900,28.27,70.02,1.355,7.885,484.78,101793.54
TWB14,Uvalde_2020_02,29.60214,-99.73007,436.7784,6/28/21,p,2021,05/28/2021 16:20 CDT,96888,28.51,68.6,2.495,7.885,316.77,101774.49
TWB14,Uvalde_2020_02,29.60214,-99.73007,436.7784,6/28/21,p,2021,05/28/2021 16:25 CDT,96874,28.57,67.32,2.2,7.885,370.57,101758.8
TWB14,Uvalde_2020_02,29.60214,-99.73007,436.7784,6/28/21,p,2021,05/28/2021 16:30 CDT,96870,28.6,66.11,2.535,7.885,185.18,101752.79
TWB14,Uvalde_2020_02,29.60214,-99.73007,436.7784,6/28/21,p,2021,05/28/2021 16:35 CDT,96853,28.6,66.55,2.445,7.885,349.14,101736.09
TWB14,Uvalde_2020_02,29.60214,-99.73007,436.7784,6/28/21,p,2021,05/28/2021 16:40 CDT,96844,28.79,65.2,2.655,7.885,248.26,101723.34
TWB14,Uvalde_2020_02,29.60214,-99.73007,436.7784,6/28/21,p,2021,05/28/2021 16:45 CDT,96839,28.7,65.57,2.8,7.885,285.1,101720.24
TWB14,Uvalde_2020_02,29.60214,-99.73007,436.7784,6/28/21,p,2021,05/28/2021 16:50 CDT,96823,28.82,67.32,1.96,7.885,228.86,101701.59
TWB14,Uvalde_2020_02,29.60214,-99.73007,436.7784,6/28/21,p,2021,05/28/2021 16:55 CDT,96818,28.9,65.88,1.88,7.885,108.98,101695.2
TWB14,Uvalde_2020_02,29.60214,-99.73007,436.7784,6/28/21,p,2021,05/28/2021 17:00 CDT,96818,28.79,66.18,2.735,7.885,178.47,101696.19
TWB14,Uvalde_2020_02,29.60214,-99.73007,436.7784,6/28/21,p,2021,05/28/2021 17:05 CDT,96829,28.69,67.19,2.845,7.885,184.87,101709.88
TWB14,Uvalde_2020_02,29.60214,-99.73007,436.7784,6/28/21,p,2021,05/28/2021 17:10 CDT,96832,28.67,64.87,3.095,7.885,190.95,101714.21
TWB14,Uvalde_2020_02,29.60214,-99.73007,436.7784,6/28/21,p,2021,05/28/2021 17:15 CDT,96827,28.7,66.45,2.37,7.885,231.27,101708.94
TWB14,Uvalde_2020_02,29.60214,-99.73007,436.7784,6/28/21,p,2021,05/28/2021 17:20 CDT,96811,28.95,63.92,2.735,7.885,269.23,101688.2
TWB14,Uvalde_2020_02,29.60214,-99.73007,436.7784,6/28/21,p,2021,05/28/2021 17:25 CDT,96804,29.08,63.25,2.56,7.885,156.96,101678.55
TWB14,Uvalde_2020_02,29.60214,-99.73007,436.7784,6/28/21,p,2021,05/28/2021 17:30 CDT,96803,28.89,63.92,2.965,7.885,184.03,101679.63
TWB14,Uvalde_2020_02,29.60214,-99.73007,436.7784,6/28/21,p,2021,05/28/2021 17:35 CDT,96792,28.86,63.82,3.07,7.885,234.51,101669.56
TWB14,Uvalde_2020_02,29.60214,-99.73007,436.7784,6/28/21,p,2021,05/28/2021 17:40 CDT,96803,28.97,63.28,3.1,7.885,148.66,101679.8
TWB14,Uvalde_2020_02,29.60214,-99.73007,436.7784,6/28/21,p,2021,05/28/2021 17:45 CDT,96801,28.9,63.62,2.705,7.885,115.3,101678.19
TWB14,Uvalde_2020_02,29.60214,-99.73007,436.7784,6/28/21,p,2021,05/28/2021 17:50 CDT,96794,28.79,63.96,3.2,7.885,97.49,101672.32
TWB14,Uvalde_2020_02,29.60214,-99.73007,436.7784,6/28/21,p,2021,05/28/2021 17:55 CDT,96797,28.71,63.32,2.89,7.885,97.44,101677.63
TWB14,Uvalde_2020_02,29.60214,-99.73007,436.7784,6/28/21,p,2021,05/28/2021 18:00 CDT,96787,28.61,64.63,2.955,7.885,107.69,101668.1
TWB14,Uvalde_2020_02,29.60214,-99.73007,436.7784,6/28/21,p,2021,05/28/2021 18:05 CDT,96790,28.61,64.7,2.39,7.885,98.74,101672.08
TWB14,Uvalde_2020_02,29.60214,-99.73007,436.7784,6/28/21,p,2021,05/28/2021 18:10 CDT,96792,28.62,65.1,2.8,7.885,72.28,101674.18
TWB14,Uvalde_2020_02,29.60214,-99.73007,436.7784,6/28/21,p,2021,05/28/2021 18:15 CDT,96792,28.56,64.57,2.465,7.885,60.02,101674.85
TWB14,Uvalde_2020_02,29.60214,-99.73007,436.7784,6/28/21,p,2021,05/28/2021 18:20 CDT,96781,28.43,64.77,3.11,7.885,45.99,101665.27
TWB14,Uvalde_2020_02,29.60214,-99.73007,436.7784,6/28/21,p,2021,05/28/2021 18:25 CDT,96758,28.32,65.65,2.69,7.885,55.25,101643.09
TWB14,Uvalde_2020_02,29.60214,-99.73007,436.7784,6/28/21,p,2021,05/28/2021 18:30 CDT,96735,28.25,65.62,2.8,7.885,76.92,101620.42
TWB14,Uvalde_2020_02,29.60214,-99.73007,436.7784,6/28/21,p,2021,05/28/2021 18:35 CDT,96742,28.27,64.1,2.855,7.885,98.6,101627.96
TWB14,Uvalde_2020_02,29.60214,-99.73007,436.7784,6/28/21,p,2021,05/28/2021 18:40 CDT,96752,28.36,63.02,3.22,7.885,94.21,101637.48
TWB14,Uvalde_2020_02,29.60214,-99.73007,436.7784,6/28/21,p,2021,05/28/2021 18:45 CDT,96780,28.41,63.02,2.935,7.885,97.93,101666.06
TWB14,Uvalde_2020_02,29.60214,-99.73007,436.7784,6/28/21,p,2021,05/28/2021 18:50 CDT,96779,28.44,63.19,2.41,7.885,103.86,101664.35
TWB14,Uvalde_2020_02,29.60214,-99.73007,436.7784,6/28/21,p,2021,05/28/2021 18:55 CDT,96772,28.45,63.56,2.34,7.885,99.76,101656.5
TWB14,Uvalde_2020_02,29.60214,-99.73007,436.7784,6/28/21,p,2021,05/28/2021 19:00 CDT,96761,28.42,64.14,2.02,7.885,90.91,101645.27
TWB14,Uvalde_2020_02,29.60214,-99.73007,436.7784,6/28/21,p,2021,05/28/2021 19:05 CDT,96735,28.33,63.97,3.225,7.885,81.89,101619.28
TWB14,Uvalde_2020_02,29.60214,-99.73007,436.7784,6/28/21,p,2021,05/28/2021 19:10 CDT,96698,28.22,64.51,2.6,7.885,71.87,101582.39
TWB14,Uvalde_2020_02,29.60214,-99.73007,436.7784,6/28/21,p,2021,05/28/2021 19:15 CDT,96702,28.14,65.32,2.635,7.885,65.55,101587.75
TWB14,Uvalde_2020_02,29.60214,-99.73007,436.7784,6/28/21,p,2021,05/28/2021 19:20 CDT,96746,28.09,64.45,2.76,7.885,59.6,101635.14
TWB14,Uvalde_2020_02,29.60214,-99.73007,436.7784,6/28/21,p,2021,05/28/2021 19:25 CDT,96769,28.07,64.58,2.18,7.885,54.75,101659.8
TWB14,Uvalde_2020_02,29.60214,-99.73007,436.7784,6/28/21,p,2021,05/28/2021 19:30 CDT,96776,28.05,63.84,3.23,8.55,51.09,101668.16
TWB14,Uvalde_2020_02,29.60214,-99.73007,436.7784,6/28/21,p,2021,05/28/2021 19:35 CDT,96779,28.08,64.04,2.93,8.15,43.19,101670.97
TWB14,Uvalde_2020_02,29.60214,-99.73007,436.7784,6/28/21,p,2021,05/28/2021 19:40 CDT,96743,28.01,64.18,2.57,8.15,35.39,101633.82
TWB14,Uvalde_2020_02,29.60214,-99.73007,436.7784,6/28/21,p,2021,05/28/2021 19:45 CDT,96703,27.93,64.55,2.86,8.15,27.05,101592.95
TWB14,Uvalde_2020_02,29.60214,-99.73007,436.7784,6/28/21,p,2021,05/28/2021 19:50 CDT,96691,27.86,64.82,2.825,8.15,13.52,101581.67
TWB14,Uvalde_2020_02,29.60214,-99.73007,436.7784,6/28/21,p,2021,05/28/2021 19:55 CDT,96719,27.83,65.13,2.3,8.15,8.56,101611.59
TWB14,Uvalde_2020_02,29.60214,-99.73007,436.7784,6/28/21,p,2021,05/28/2021 20:00 CDT,96776,27.8,65.17,1.52,8.15,6.82,101671.97
TWB14,Uvalde_2020_02,29.60214,-99.73007,436.7784,6/28/21,p,2021,05/28/2021 20:05 CDT,96839,27.81,64.73,1.34,8.15,4.8,101738.16
TWB14,Uvalde_2020_02,29.60214,-99.73007,436.7784,6/28/21,p,2021,05/28/2021 20:10 CDT,96885,27.85,64.83,1.33,8.15,2.27,101785.82
TWB14,Uvalde_2020_02,29.60214,-99.73007,436.7784,6/28/21,p,2021,05/28/2021 20:15 CDT,96854,27.83,64.9,1.9,8.15,2.34,101753.42
TWB14,Uvalde_2020_02,29.60214,-99.73007,436.7784,6/28/21,p,2021,05/28/2021 20:20 CDT,96863,27.78,65.07,2.38,8.15,1.66,101763.7
TWB14,Uvalde_2020_02,29.60214,-99.73007,436.7784,6/28/21,p,2021,05/28/2021 20:25 CDT,96885,27.79,64.8,2.935,8.15,0.9,101787.15
TWB14,Uvalde_2020_02,29.60214,-99.73007,436.7784,6/28/21,p,2021,05/28/2021 20:30 CDT,96896,27.79,65.1,1.855,8.15,1.06,101798.21
TWB14,Uvalde_2020_02,29.60214,-99.73007,436.7784,6/28/21,p,2021,05/28/2021 20:35 CDT,96891,27.76,65.17,2.275,8.15,0.76,101793.79
TWB14,Uvalde_2020_02,29.60214,-99.73007,436.7784,6/28/21,p,2021,05/28/2021 20:40 CDT,96962,27.14,57.05,3.515,10.115,7.39,101873.3
TWB14,Uvalde_2020_02,29.60214,-99.73007,436.7784,6/28/21,p,2021,05/28/2021 20:45 CDT,97051,23.72,66.01,6,12.18,24.58,102017.91
TWB14,Uvalde_2020_02,29.60214,-99.73007,436.7784,6/28/21,p,2021,05/28/2021 20:50 CDT,97059,22.14,70.12,5.875,11.735,13.7,102060.48
TWB14,Uvalde_2020_02,29.60214,-99.73007,436.7784,6/28/21,p,2021,05/28/2021 20:55 CDT,97038,21.86,70.32,4.735,10.85,4.46,102046.89
TWB14,Uvalde_2020_02,29.60214,-99.73007,436.7784,6/28/21,p,2021,05/28/2021 21:00 CDT,97028,21.9,70.86,3.995,10.85,1.07,102036.89
TWB14,Uvalde_2020_02,29.60214,-99.73007,436.7784,6/28/21,p,2021,05/28/2021 21:05 CDT,97003,21.81,71.67,2.89,10.85,0.74,102011.63
TWB14,Uvalde_2020_02,29.60214,-99.73007,436.7784,6/28/21,p,2021,05/28/2021 21:10 CDT,97000,21.93,71.44,1.28,10.85,0,102007.96
TWB14,Uvalde_2020_02,29.60214,-99.73007,436.7784,6/28/21,p,2021,05/28/2021 21:15 CDT,97000,22.03,71.14,2.49,10.85,0.76,102005.36
TWB14,Uvalde_2020_02,29.60214,-99.73007,436.7784,6/28/21,p,2021,05/28/2021 21:20 CDT,97020,21.98,71.28,2.32,10.85,0.38,102026.91
TWB14,Uvalde_2020_02,29.60214,-99.73007,436.7784,6/28/21,p,2021,05/28/2021 21:25 CDT,97031,21.9,72.09,2.035,10.85,1.07,102039.86
TWB14,Uvalde_2020_02,29.60214,-99.73007,436.7784,6/28/21,p,2021,05/28/2021 21:30 CDT,97033,21.8,73.17,1.715,10.85,4.28,102043.69
TWB14,Uvalde_2020_02,29.60214,-99.73007,436.7784,6/28/21,p,2021,05/28/2021 21:35 CDT,97021,21.69,73.65,0.62,10.85,0.98,102032.81
TWB14,Uvalde_2020_02,29.60214,-99.73007,436.7784,6/28/21,p,2021,05/28/2021 21:40 CDT,97005,21.6,74.05,1.665,10.85,0,102018.06
TWB14,Uvalde_2020_02,29.60214,-99.73007,436.7784,6/28/21,p,2021,05/28/2021 21:45 CDT,97012,21.53,74.39,1.925,10.85,0,102026.99
TWB14,Uvalde_2020_02,29.60214,-99.73007,436.7784,6/28/21,p,2021,05/28/2021 21:50 CDT,96989,21.44,74.29,0.645,10.85,0,102003.67
TWB14,Uvalde_2020_02,29.60214,-99.73007,436.7784,6/28/21,p,2021,05/28/2021 21:55 CDT,97005,21.32,74.67,0.83,10.85,0.03,102022.06
TWB14,Uvalde_2020_02,29.60214,-99.73007,436.7784,6/28/21,p,2021,05/28/2021 22:00 CDT,96994,21.19,75.49,1.28,10.85,0.12,102012.75
TWB14,Uvalde_2020_02,29.60214,-99.73007,436.7784,6/28/21,p,2021,05/28/2021 22:05 CDT,96993,21.03,75.66,1.97,10.85,0,102015.01
TWB14,Uvalde_2020_02,29.60214,-99.73007,436.7784,6/28/21,p,2021,05/28/2021 22:10 CDT,96999,20.93,75.69,1.67,10.85,0,102023.24
TWB14,Uvalde_2020_02,29.60214,-99.73007,436.7784,6/28/21,p,2021,05/28/2021 22:15 CDT,97024,20.84,76.23,1.945,10.85,0,102051.11
TWB14,Uvalde_2020_02,29.60214,-99.73007,436.7784,6/28/21,p,2021,05/28/2021 22:20 CDT,97046,20.78,76.44,1.3,10.85,0.01,102076.17
TWB14,Uvalde_2020_02,29.60214,-99.73007,436.7784,6/28/21,p,2021,05/28/2021 22:25 CDT,97051,20.71,77.25,0.92,10.85,0,102081.95
TWB14,Uvalde_2020_02,29.60214,-99.73007,436.7784,6/28/21,p,2021,05/28/2021 22:30 CDT,97049,20.51,78.46,1.12,10.85,0.03,102081.94
TWB14,Uvalde_2020_02,29.60214,-99.73007,436.7784,6/28/21,p,2021,05/28/2021 22:35 CDT,97062,20.3,78.8,1.1,10.85,0,102099.47
TWB14,Uvalde_2020_02,29.60214,-99.73007,436.7784,6/28/21,p,2021,05/28/2021 22:40 CDT,97063,20.21,79.54,0.77,10.85,0.06,102102.98
TWB14,Uvalde_2020_02,29.60214,-99.73007,436.7784,6/28/21,p,2021,05/28/2021 22:45 CDT,97086,20.14,80.1,0.555,10.85,0.02,102128.22
TWB14,Uvalde_2020_02,29.60214,-99.73007,436.7784,6/28/21,p,2021,05/28/2021 22:50 CDT,97110,20.09,80.9,0.52,10.85,0.07,102154.52
TWB14,Uvalde_2020_02,29.60214,-99.73007,436.7784,6/28/21,p,2021,05/28/2021 22:55 CDT,97132,20.06,81.2,0.325,10.85,0,102178.54
TWB14,Uvalde_2020_02,29.60214,-99.73007,436.7784,6/28/21,p,2021,05/28/2021 23:00 CDT,97157,20.1,81.4,0.21,10.85,0,102204.49
TWB14,Uvalde_2020_02,29.60214,-99.73007,436.7784,6/28/21,p,2021,05/28/2021 23:05 CDT,97180,20.2,80.9,0.255,10.85,0,102227.45
TWB14,Uvalde_2020_02,29.60214,-99.73007,436.7784,6/28/21,p,2021,05/28/2021 23:10 CDT,97211,20.32,80.9,0.86,10.85,0,102257.6
TWB14,Uvalde_2020_02,29.60214,-99.73007,436.7784,6/28/21,p,2021,05/28/2021 23:15 CDT,97234,20.41,79.99,1.73,10.85,0,102280.39
TWB14,Uvalde_2020_02,29.60214,-99.73007,436.7784,6/28/21,p,2021,05/28/2021 23:20 CDT,97241,20.47,79.85,2.065,10.85,0,102286.7
TWB14,Uvalde_2020_02,29.60214,-99.73007,436.7784,6/28/21,p,2021,05/28/2021 23:25 CDT,97218,20.55,81.2,2.04,10.85,0,102260.57
TWB14,Uvalde_2020_02,29.60214,-99.73007,436.7784,6/28/21,p,2021,05/28/2021 23:30 CDT,97217,20.53,81.8,1.87,10.85,0,102259.33
TWB14,Uvalde_2020_02,29.60214,-99.73007,436.7784,6/28/21,p,2021,05/28/2021 23:35 CDT,97205,20.55,82.1,1.35,10.85,0,102246.53
TWB14,Uvalde_2020_02,29.60214,-99.73007,436.7784,6/28/21,p,2021,05/28/2021 23:40 CDT,97189,20.61,81,1.345,10.85,0,102228.83
TWB14,Uvalde_2020_02,29.60214,-99.73007,436.7784,6/28/21,p,2021,05/28/2021 23:45 CDT,97187,20.76,79.69,0.665,10.85,0,102225.16
TWB14,Uvalde_2020_02,29.60214,-99.73007,436.7784,6/28/21,p,2021,05/28/2021 23:50 CDT,97186,20.99,77.87,1.505,10.85,0,102221.32
TWB14,Uvalde_2020_02,29.60214,-99.73007,436.7784,6/28/21,p,2021,05/28/2021 23:55 CDT,97191,21.23,74.83,1.45,10.85,0,102222.75
TWB14,Uvalde_2020_02,29.60214,-99.73007,436.7784,6/28/21,p,2021,05/29/2021 00:00 CDT,97194,21.37,74.39,1.555,10.85,0,102222.58
TWB14,Uvalde_2020_02,29.60214,-99.73007,436.7784,6/28/21,p,2021,05/29/2021 00:05 CDT,97173,21.39,74.83,1.04,10.85,0,102199.1
TWB14,Uvalde_2020_02,29.60214,-99.73007,436.7784,6/28/21,p,2021,05/29/2021 00:10 CDT,97165,21.39,74.97,0.155,10.85,0,102190.16
TWB14,Uvalde_2020_02,29.60214,-99.73007,436.7784,6/28/21,p,2021,05/29/2021 00:15 CDT,97153,21.43,75.1,1.01,10.85,0,102176.84
TWB14,Uvalde_2020_02,29.60214,-99.73007,436.7784,6/28/21,p,2021,05/29/2021 00:20 CDT,97118,21.47,75.64,0.85,10.85,0,102139.33
TWB14,Uvalde_2020_02,29.60214,-99.73007,436.7784,6/28/21,p,2021,05/29/2021 00:25 CDT,97109,21.48,76.04,1.215,10.85,0,102129.51
TWB14,Uvalde_2020_02,29.60214,-99.73007,436.7784,6/28/21,p,2021,05/29/2021 00:30 CDT,97108,21.45,76.72,1.35,10.85,0,102128.98
TWB14,Uvalde_2020_02,29.60214,-99.73007,436.7784,6/28/21,p,2021,05/29/2021 00:35 CDT,97109,21.44,76.79,0.92,10.85,0,102130.21
TWB14,Uvalde_2020_02,29.60214,-99.73007,436.7784,6/28/21,p,2021,05/29/2021 00:40 CDT,97108,21.41,77.05,1.105,10.85,0,102129.15
TWB14,Uvalde_2020_02,29.60214,-99.73007,436.7784,6/28/21,p,2021,05/29/2021 00:45 CDT,97110,21.33,77.39,1.59,10.85,0,102132.3
TWB14,Uvalde_2020_02,29.60214,-99.73007,436.7784,6/28/21,p,2021,05/29/2021 00:50 CDT,97133,21.28,77.63,0.935,10.85,0,102157.88
TWB14,Uvalde_2020_02,29.60214,-99.73007,436.7784,6/28/21,p,2021,05/29/2021 00:55 CDT,97148,21.25,77.86,1.505,10.85,0.01,102174.01
TWB14,Uvalde_2020_02,29.60214,-99.73007,436.7784,6/28/21,p,2021,05/29/2021 01:00 CDT,97182,21.18,77.93,1.105,10.85,0,102210.81
TWB14,Uvalde_2020_02,29.60214,-99.73007,436.7784,6/28/21,p,2021,05/29/2021 01:05 CDT,97211,21.1,78.2,1.16,10.85,0,102242.36
TWB14,Uvalde_2020_02,29.60214,-99.73007,436.7784,6/28/21,p,2021,05/29/2021 01:10 CDT,97217,21.04,76.85,1.705,10.85,0,102250.08
TWB14,Uvalde_2020_02,29.60214,-99.73007,436.7784,6/28/21,p,2021,05/29/2021 01:15 CDT,97230,20.92,77.19,2.305,10.85,0.28,102265.5
TWB14,Uvalde_2020_02,29.60214,-99.73007,436.7784,6/28/21,p,2021,05/29/2021 01:20 CDT,97248,20.65,77.26,2.73,10.85,1.35,102288.29
TWB14,Uvalde_2020_02,29.60214,-99.73007,436.7784,6/28/21,p,2021,05/29/2021 01:25 CDT,97246,20.44,77.59,1.83,8.765,1.21,102290.22
TWB14,Uvalde_2020_02,29.60214,-99.73007,436.7784,6/28/21,p,2021,05/29/2021 01:30 CDT,97227,20.27,77.59,2.46,8.765,1.19,102273.4
TWB14,Uvalde_2020_02,29.60214,-99.73007,436.7784,6/28/21,p,2021,05/29/2021 01:35 CDT,97213,20.14,78.06,2.04,8.765,0.81,102261.48
TWB14,Uvalde_2020_02,29.60214,-99.73007,436.7784,6/28/21,p,2021,05/29/2021 01:40 CDT,97197,20.05,79.01,3.115,8.765,0.66,102246.23
TWB14,Uvalde_2020_02,29.60214,-99.73007,436.7784,6/28/21,p,2021,05/29/2021 01:45 CDT,97164,20,78.77,2.055,8.765,0.23,102212.75
TWB14,Uvalde_2020_02,29.60214,-99.73007,436.7784,6/28/21,p,2021,05/29/2021 01:50 CDT,97160,19.9,79.28,2.76,8.765,0.45,102210.3
TWB14,Uvalde_2020_02,29.60214,-99.73007,436.7784,6/28/21,p,2021,05/29/2021 01:55 CDT,97152,19.82,78.88,2.555,8.765,0.35,102203.47
TWB14,Uvalde_2020_02,29.60214,-99.73007,436.7784,6/28/21,p,2021,05/29/2021 02:00 CDT,97143,19.8,77.6,2.895,8.765,0.1,102194.54
TWB14,Uvalde_2020_02,29.60214,-99.73007,436.7784,6/28/21,p,2021,05/29/2021 02:05 CDT,97120,19.88,76.45,2.785,8.765,0,102170
TWB14,Uvalde_2020_02,29.60214,-99.73007,436.7784,6/28/21,p,2021,05/29/2021 02:10 CDT,97110,19.97,75.78,2.76,8.765,0,102157.9
TWB14,Uvalde_2020_02,29.60214,-99.73007,436.7784,6/28/21,p,2021,05/29/2021 02:15 CDT,97109,20.07,74.49,2.105,8.765,0,102155.09
TWB14,Uvalde_2020_02,29.60214,-99.73007,436.7784,6/28/21,p,2021,05/29/2021 02:20 CDT,97108,20.21,72.2,2.145,8.765,0,102152.3
TWB14,Uvalde_2020_02,29.60214,-99.73007,436.7784,6/28/21,p,2021,05/29/2021 02:25 CDT,97098,20.38,71.8,2.675,8.765,0,102138.61
TWB14,Uvalde_2020_02,29.60214,-99.73007,436.7784,6/28/21,p,2021,05/29/2021 02:30 CDT,97086,20.4,71.7,2.575,8.765,0,102125.11
TWB14,Uvalde_2020_02,29.60214,-99.73007,436.7784,6/28/21,p,2021,05/29/2021 02:35 CDT,97086,20.38,72,1.605,8.765,0,102125.11
TWB14,Uvalde_2020_02,29.60214,-99.73007,436.7784,6/28/21,p,2021,05/29/2021 02:40 CDT,97072,20.39,71.6,2.135,8.765,0,102110.39
TWB14,Uvalde_2020_02,29.60214,-99.73007,436.7784,6/28/21,p,2021,05/29/2021 02:45 CDT,97060,20.4,71.19,2.34,8.765,0,102097.77
TWB14,Uvalde_2020_02,29.60214,-99.73007,436.7784,6/28/21,p,2021,05/29/2021 02:50 CDT,97060,20.38,71.8,2.015,8.765,0,102097.59
TWB14,Uvalde_2020_02,29.60214,-99.73007,436.7784,6/28/21,p,2021,05/29/2021 02:55 CDT,97051,20.33,71.63,2.8,8.765,0,102088.65
TWB14,Uvalde_2020_02,29.60214,-99.73007,436.7784,6/28/21,p,2021,05/29/2021 03:00 CDT,97053,20.34,71.6,2.37,8.765,0,102091.1
TWB14,Uvalde_2020_02,29.60214,-99.73007,436.7784,6/28/21,p,2021,05/29/2021 03:05 CDT,97069,20.37,71.33,2.24,8.765,0,102107.76
TWB14,Uvalde_2020_02,29.60214,-99.73007,436.7784,6/28/21,p,2021,05/29/2021 03:10 CDT,97060,20.39,71.12,2.705,8.765,0,102097.94
TWB14,Uvalde_2020_02,29.60214,-99.73007,436.7784,6/28/21,p,2021,05/29/2021 03:15 CDT,97062,20.33,71.8,2.215,8.765,0,102100.22
TWB14,Uvalde_2020_02,29.60214,-99.73007,436.7784,6/28/21,p,2021,05/29/2021 03:20 CDT,97060,20.24,71.86,1.85,8.765,0,102099.7
TWB14,Uvalde_2020_02,29.60214,-99.73007,436.7784,6/28/21,p,2021,05/29/2021 03:25 CDT,97062,20.24,71.83,2.21,8.765,0,102102.5
TWB14,Uvalde_2020_02,29.60214,-99.73007,436.7784,6/28/21,p,2021,05/29/2021 03:30 CDT,97068,20.29,71.66,2.485,8.765,0,102108.11
TWB14,Uvalde_2020_02,29.60214,-99.73007,436.7784,6/28/21,p,2021,05/29/2021 03:35 CDT,97056,20.22,72.74,1.87,8.765,0,102095.66
TWB14,Uvalde_2020_02,29.60214,-99.73007,436.7784,6/28/21,p,2021,05/29/2021 03:40 CDT,97073,20.11,73.55,1.155,8.765,0,102115.12
TWB14,Uvalde_2020_02,29.60214,-99.73007,436.7784,6/28/21,p,2021,05/29/2021 03:45 CDT,97083,20.01,74.36,0.945,8.765,0.08,102126.86
TWB14,Uvalde_2020_02,29.60214,-99.73007,436.7784,6/28/21,p,2021,05/29/2021 03:50 CDT,97093,19.91,75.27,1.12,8.765,0.12,102138.78
TWB14,Uvalde_2020_02,29.60214,-99.73007,436.7784,6/28/21,p,2021,05/29/2021 03:55 CDT,97082,19.81,75.64,1.395,8.765,0,102129.5
TWB14,Uvalde_2020_02,29.60214,-99.73007,436.7784,6/28/21,p,2021,05/29/2021 04:00 CDT,97078,19.78,74.66,1.71,8.765,0,102126.35
TWB14,Uvalde_2020_02,29.60214,-99.73007,436.7784,6/28/21,p,2021,05/29/2021 04:05 CDT,97060,19.79,75.88,1.69,8.765,0,102107.41
TWB14,Uvalde_2020_02,29.60214,-99.73007,436.7784,6/28/21,p,2021,05/29/2021 04:10 CDT,97056,19.74,76.05,1.87,8.765,0,102104.08
TWB14,Uvalde_2020_02,29.60214,-99.73007,436.7784,6/28/21,p,2021,05/29/2021 04:15 CDT,97058,19.72,76.35,2.205,8.765,0,102106.71
TWB14,Uvalde_2020_02,29.60214,-99.73007,436.7784,6/28/21,p,2021,05/29/2021 04:20 CDT,97065,19.67,78.1,2.255,8.765,3.2,102114.95
TWB14,Uvalde_2020_02,29.60214,-99.73007,436.7784,6/28/21,p,2021,05/29/2021 04:25 CDT,97053,19.62,77.8,2.5,8.765,2.19,102103.91
TWB14,Uvalde_2020_02,29.60214,-99.73007,436.7784,6/28/21,p,2021,05/29/2021 04:30 CDT,97073,19.59,77.1,2.095,8.765,0,102125.49
TWB14,Uvalde_2020_02,29.60214,-99.73007,436.7784,6/28/21,p,2021,05/29/2021 04:35 CDT,97132,19.65,76.86,1.165,8.765,0,102187.21
TWB14,Uvalde_2020_02,29.60214,-99.73007,436.7784,6/28/21,p,2021,05/29/2021 04:40 CDT,97191,19.73,77.91,1.575,8.765,0,102247.68
TWB14,Uvalde_2020_02,29.60214,-99.73007,436.7784,6/28/21,p,2021,05/29/2021 04:45 CDT,97392,19.85,75.31,6.225,12.075,0,102458.27
TWB14,Uvalde_2020_02,29.60214,-99.73007,436.7784,6/28/21,p,2021,05/29/2021 04:50 CDT,97480,19.7,85.3,7.9,15.66,21.73,102549.19
TWB14,Uvalde_2020_02,29.60214,-99.73007,436.7784,6/28/21,p,2021,05/29/2021 04:55 CDT,97584,17.43,91.3,4.435,13.065,10.36,102693.35
TWB14,Uvalde_2020_02,29.60214,-99.73007,436.7784,6/28/21,p,2021,05/29/2021 05:00 CDT,97554,16.61,92.9,2.33,13.065,5.75,102679.06
TWB14,Uvalde_2020_02,29.60214,-99.73007,436.7784,6/28/21,p,2021,05/29/2021 05:05 CDT,97448,16.3,93.9,1.28,13.065,1.69,102575.08
TWB14,Uvalde_2020_02,29.60214,-99.73007,436.7784,6/28/21,p,2021,05/29/2021 05:10 CDT,97422,16.22,94.5,1.31,13.065,0.25,102550.06
TWB14,Uvalde_2020_02,29.60214,-99.73007,436.7784,6/28/21,p,2021,05/29/2021 05:15 CDT,97392,16.17,94.9,1.99,13.065,0.11,102519.21
TWB14,Uvalde_2020_02,29.60214,-99.73007,436.7784,6/28/21,p,2021,05/29/2021 05:20 CDT,97374,16.02,95.6,1.825,13.065,0.48,102503.34
TWB14,Uvalde_2020_02,29.60214,-99.73007,436.7784,6/28/21,p,2021,05/29/2021 05:25 CDT,97379,15.97,95.7,1.065,13.065,0.24,102510.05
TWB14,Uvalde_2020_02,29.60214,-99.73007,436.7784,6/28/21,p,2021,05/29/2021 05:30 CDT,97319,15.95,96,0.905,13.065,0.13,102447.07
TWB14,Uvalde_2020_02,29.60214,-99.73007,436.7784,6/28/21,p,2021,05/29/2021 05:35 CDT,97300,15.94,96.7,1.5,13.065,0,102427.61
TWB14,Uvalde_2020_02,29.60214,-99.73007,436.7784,6/28/21,p,2021,05/29/2021 05:40 CDT,97326,15.99,96.8,0.52,13.065,0,102454.43
TWB14,Uvalde_2020_02,29.60214,-99.73007,436.7784,6/28/21,p,2021,05/29/2021 05:45 CDT,97366,16.03,96.9,0.77,13.065,0,102496.36
TWB14,Uvalde_2020_02,29.60214,-99.73007,436.7784,6/28/21,p,2021,05/29/2021 05:50 CDT,97370,16.04,97.1,1.485,13.065,0,102500.21
TWB14,Uvalde_2020_02,29.60214,-99.73007,436.7784,6/28/21,p,2021,05/29/2021 05:55 CDT,97349,16.14,97.5,1.21,13.065,0,102477.01
TWB14,Uvalde_2020_02,29.60214,-99.73007,436.7784,6/28/21,p,2021,05/29/2021 06:00 CDT,97343,16.42,97.6,1.805,13.065,0,102466.71
TWB14,Uvalde_2020_02,29.60214,-99.73007,436.7784,6/28/21,p,2021,05/29/2021 06:05 CDT,97314,16.78,97.6,2.655,13.065,0,102430.22
TWB14,Uvalde_2020_02,29.60214,-99.73007,436.7784,6/28/21,p,2021,05/29/2021 06:10 CDT,97268,17.23,95.9,3.62,13.065,0,102374.78
TWB14,Uvalde_2020_02,29.60214,-99.73007,436.7784,6/28/21,p,2021,05/29/2021 06:15 CDT,97227,17.58,94.6,4.045,9.7,0,102326.06
TWB14,Uvalde_2020_02,29.60214,-99.73007,436.7784,6/28/21,p,2021,05/29/2021 06:20 CDT,97193,17.87,93.3,4.78,10.365,0,102285.8
TWB14,Uvalde_2020_02,29.60214,-99.73007,436.7784,6/28/21,p,2021,05/29/2021 06:25 CDT,97181,18.25,92,5.805,11.28,0,102267.1
TWB14,Uvalde_2020_02,29.60214,-99.73007,436.7784,6/28/21,p,2021,05/29/2021 06:30 CDT,97129,18.54,90.8,5.56,10.615,0,102207.21
TWB14,Uvalde_2020_02,29.60214,-99.73007,436.7784,6/28/21,p,2021,05/29/2021 06:35 CDT,97018,18.75,89.8,5.875,12.71,0.73,102085.96
TWB14,Uvalde_2020_02,29.60214,-99.73007,436.7784,6/28/21,p,2021,05/29/2021 06:40 CDT,96930,18.98,87.7,5.765,13.9,0.86,101990.54
TWB14,Uvalde_2020_02,29.60214,-99.73007,436.7784,6/28/21,p,2021,05/29/2021 06:45 CDT,96835,19.14,87.6,4.75,13.15,1.89,101885.98
TWB14,Uvalde_2020_02,29.60214,-99.73007,436.7784,6/28/21,p,2021,05/29/2021 06:50 CDT,96959,19.43,83,5.045,10.765,2.91,102014.7
TWB14,Uvalde_2020_02,29.60214,-99.73007,436.7784,6/28/21,p,2021,05/29/2021 06:55 CDT,97016,19.76,84.4,3.94,10.515,2.1,102066.71
TWB14,Uvalde_2020_02,29.60214,-99.73007,436.7784,6/28/21,p,2021,05/29/2021 07:00 CDT,96960,19.51,85.7,4.05,10.515,2.5,102009.02
TWB14,Uvalde_2020_02,29.60214,-99.73007,436.7784,6/28/21,p,2021,05/29/2021 07:05 CDT,96957,19.28,86.7,3.68,9.765,3.12,102008.86
TWB14,Uvalde_2020_02,29.60214,-99.73007,436.7784,6/28/21,p,2021,05/29/2021 07:10 CDT,96937,19.1,87.1,3.38,9.765,3.83,101991.18
TWB14,Uvalde_2020_02,29.60214,-99.73007,436.7784,6/28/21,p,2021,05/29/2021 07:15 CDT,96895,19.06,86.8,2.63,9.765,4.81,101947.52
TWB14,Uvalde_2020_02,29.60214,-99.73007,436.7784,6/28/21,p,2021,05/29/2021 07:20 CDT,96917,18.82,89.4,1.905,9.765,6.25,101973.66
TWB14,Uvalde_2020_02,29.60214,-99.73007,436.7784,6/28/21,p,2021,05/29/2021 07:25 CDT,96941,18.64,89,2.25,9.765,8.61,102003.35
TWB14,Uvalde_2020_02,29.60214,-99.73007,436.7784,6/28/21,p,2021,05/29/2021 07:30 CDT,96938,18.54,89.8,1.145,9.765,11.34,102001.61
TWB14,Uvalde_2020_02,29.60214,-99.73007,436.7784,6/28/21,p,2021,05/29/2021 07:35 CDT,96913,18.23,90.8,1.905,9.765,16.64,101979.02
TWB14,Uvalde_2020_02,29.60214,-99.73007,436.7784,6/28/21,p,2021,05/29/2021 07:40 CDT,96900,18.09,91.6,1.495,9.765,20.92,101968.36
TWB14,Uvalde_2020_02,29.60214,-99.73007,436.7784,6/28/21,p,2021,05/29/2021 07:45 CDT,96878,18.18,91.1,1.88,9.765,25.66,101946.46
TWB14,Uvalde_2020_02,29.60214,-99.73007,436.7784,6/28/21,p,2021,05/29/2021 07:50 CDT,96886,18.33,91.4,1.68,9.765,31.29,101953.45
TWB14,Uvalde_2020_02,29.60214,-99.73007,436.7784,6/28/21,p,2021,05/29/2021 07:55 CDT,96900,18.32,91.1,1.635,9.765,38.41,101967.3
TWB14,Uvalde_2020_02,29.60214,-99.73007,436.7784,6/28/21,p,2021,05/29/2021 08:00 CDT,96889,18.29,91,2.815,9.765,46.19,101955.55
TWB14,Uvalde_2020_02,29.60214,-99.73007,436.7784,6/28/21,p,2021,05/29/2021 08:05 CDT,96905,18.3,91.2,2.115,9.765,52.05,101972.38
TWB14,Uvalde_2020_02,29.60214,-99.73007,436.7784,6/28/21,p,2021,05/29/2021 08:10 CDT,96943,18.27,91.7,1.105,9.765,58.19,102012.37
TWB14,Uvalde_2020_02,29.60214,-99.73007,436.7784,6/28/21,p,2021,05/29/2021 08:15 CDT,96935,18.2,92.5,1.43,9.765,66.44,102003.94
TWB14,Uvalde_2020_02,29.60214,-99.73007,436.7784,6/28/21,p,2021,05/29/2021 08:20 CDT,96971,18.2,92.7,0.965,9.765,77.64,102041.83
TWB14,Uvalde_2020_02,29.60214,-99.73007,436.7784,6/28/21,p,2021,05/29/2021 08:25 CDT,97000,18.22,92.7,0.69,9.765,90.6,102072.34
TWB14,Uvalde_2020_02,29.60214,-99.73007,436.7784,6/28/21,p,2021,05/29/2021 08:30 CDT,97066,18.35,92.3,1.89,9.765,101.2,102140.01
TWB14,Uvalde_2020_02,29.60214,-99.73007,436.7784,6/28/21,p,2021,05/29/2021 08:35 CDT,97073,18.59,91.3,1.995,9.765,131.91,102144
TWB14,Uvalde_2020_02,29.60214,-99.73007,436.7784,6/28/21,p,2021,05/29/2021 08:40 CDT,97089,18.88,90.7,2.115,9.765,169.56,102156.05
TWB14,Uvalde_2020_02,29.60214,-99.73007,436.7784,6/28/21,p,2021,05/29/2021 08:45 CDT,97097,19.15,89,1.785,9.765,182.18,102159.51
TWB14,Uvalde_2020_02,29.60214,-99.73007,436.7784,6/28/21,p,2021,05/29/2021 08:50 CDT,97119,19.41,87.1,1.225,9.765,203.17,102178.77
TWB14,Uvalde_2020_02,29.60214,-99.73007,436.7784,6/28/21,p,2021,05/29/2021 08:55 CDT,97135,19.75,88.3,0.98,9.765,218.22,102190.11
TWB14,Uvalde_2020_02,29.60214,-99.73007,436.7784,6/28/21,p,2021,05/29/2021 09:00 CDT,97137,20.03,85.2,0.6,9.765,195.5,102186.94
TWB14,Uvalde_2020_02,29.60214,-99.73007,436.7784,6/28/21,p,2021,05/29/2021 09:05 CDT,97125,20.27,84.6,0.655,9.765,277.44,102169.75
TWB14,Uvalde_2020_02,29.60214,-99.73007,436.7784,6/28/21,p,2021,05/29/2021 09:10 CDT,97123,20.54,82.6,1.265,9.765,284.87,102163.09
TWB14,Uvalde_2020_02,29.60214,-99.73007,436.7784,6/28/21,p,2021,05/29/2021 09:15 CDT,97120,20.6,83.5,0.89,9.765,304.38,102156.94
TWB14,Uvalde_2020_02,29.60214,-99.73007,436.7784,6/28/21,p,2021,05/29/2021 09:20 CDT,97120,20.78,82.3,1.345,9.765,335.69,102152.39
TWB14,Uvalde_2020_02,29.60214,-99.73007,436.7784,6/28/21,p,2021,05/29/2021 09:25 CDT,97125,21,82.8,0.82,9.765,362.11,102154.32
TWB14,Uvalde_2020_02,29.60214,-99.73007,436.7784,6/28/21,p,2021,05/29/2021 09:30 CDT,97124,21.42,80.4,0.965,9.765,377.45,102146.48
TWB14,Uvalde_2020_02,29.60214,-99.73007,436.7784,6/28/21,p,2021,05/29/2021 09:35 CDT,97112,21.4,81.6,1.135,9.765,373.11,102131.24
TWB14,Uvalde_2020_02,29.60214,-99.73007,436.7784,6/28/21,p,2021,05/29/2021 09:40 CDT,97110,21.67,82,0.79,9.765,377.15,102125.47
TWB14,Uvalde_2020_02,29.60214,-99.73007,436.7784,6/28/21,p,2021,05/29/2021 09:45 CDT,97108,22.03,80.4,1.05,9.765,409.91,102117.82
TWB14,Uvalde_2020_02,29.60214,-99.73007,436.7784,6/28/21,p,2021,05/29/2021 09:50 CDT,97103,22.29,77.05,0.76,9.765,424.04,102109.12
TWB14,Uvalde_2020_02,29.60214,-99.73007,436.7784,6/28/21,p,2021,05/29/2021 09:55 CDT,97099,22.46,74.82,1.425,9.765,433.09,102101.81
TWB14,Uvalde_2020_02,29.60214,-99.73007,436.7784,6/28/21,p,2021,05/29/2021 10:00 CDT,97097,22.72,70.98,1.51,9.765,405.52,102094.21
TWB14,Uvalde_2020_02,29.60214,-99.73007,436.7784,6/28/21,p,2021,05/29/2021 10:05 CDT,97102,23,71.04,1.32,9.765,415.99,102093.95
TWB14,Uvalde_2020_02,29.60214,-99.73007,436.7784,6/28/21,p,2021,05/29/2021 10:10 CDT,97107,23.02,67.67,1.865,9.765,450.53,102098.54
TWB14,Uvalde_2020_02,29.60214,-99.73007,436.7784,6/28/21,p,2021,05/29/2021 10:15 CDT,97103,23.04,68.48,1.76,9.765,477.73,102093.81
TWB14,Uvalde_2020_02,29.60214,-99.73007,436.7784,6/28/21,p,2021,05/29/2021 10:20 CDT,97116,23.46,68.65,1.965,9.765,503.81,102101.8
TWB14,Uvalde_2020_02,29.60214,-99.73007,436.7784,6/28/21,p,2021,05/29/2021 10:25 CDT,97123,23.48,67.86,2.62,9.765,526.08,102104.87
TWB14,Uvalde_2020_02,29.60214,-99.73007,436.7784,6/28/21,p,2021,05/29/2021 10:30 CDT,97139,23.42,66.71,4.01,9.765,545.92,102123.76
TWB14,Uvalde_2020_02,29.60214,-99.73007,436.7784,6/28/21,p,2021,05/29/2021 10:35 CDT,97147,23.43,66.24,3.26,9.185,552.69,102131.66
TWB14,Uvalde_2020_02,29.60214,-99.73007,436.7784,6/28/21,p,2021,05/29/2021 10:40 CDT,97144,23.66,63.74,2.625,9.185,558.28,102125.78
TWB14,Uvalde_2020_02,29.60214,-99.73007,436.7784,6/28/21,p,2021,05/29/2021 10:45 CDT,97150,23.72,65.86,2.69,9.185,573.99,102130.02
TWB14,Uvalde_2020_02,29.60214,-99.73007,436.7784,6/28/21,p,2021,05/29/2021 10:50 CDT,97158,23.99,62.79,2.475,9.185,612.75,102134.85
TWB14,Uvalde_2020_02,29.60214,-99.73007,436.7784,6/28/21,p,2021,05/29/2021 10:55 CDT,97153,24.14,60.63,2.715,9.185,614.55,102126.88
TWB14,Uvalde_2020_02,29.60214,-99.73007,436.7784,6/28/21,p,2021,05/29/2021 11:00 CDT,97147,24.11,63.33,2.895,9.185,603.54,102120.38
TWB14,Uvalde_2020_02,29.60214,-99.73007,436.7784,6/28/21,p,2021,05/29/2021 11:05 CDT,97154,24.11,67.27,2.355,9.185,613.65,102127.53
TWB14,Uvalde_2020_02,29.60214,-99.73007,436.7784,6/28/21,p,2021,05/29/2021 11:10 CDT,97152,24.43,61.27,2.94,9.185,625.01,102120.53
TWB14,Uvalde_2020_02,29.60214,-99.73007,436.7784,6/28/21,p,2021,05/29/2021 11:15 CDT,97154,24.52,58.06,2.52,9.185,635.99,102121.12
TWB14,Uvalde_2020_02,29.60214,-99.73007,436.7784,6/28/21,p,2021,05/29/2021 11:20 CDT,97154,24.61,58.36,2.93,9.185,662.32,102118.23
TWB14,Uvalde_2020_02,29.60214,-99.73007,436.7784,6/28/21,p,2021,05/29/2021 11:25 CDT,97156,24.78,62.54,2.13,9.185,659.66,102117.06
TWB14,Uvalde_2020_02,29.60214,-99.73007,436.7784,6/28/21,p,2021,05/29/2021 11:30 CDT,97154,24.93,59.88,2.305,9.185,620.59,102112.77
TWB14,Uvalde_2020_02,29.60214,-99.73007,436.7784,6/28/21,p,2021,05/29/2021 11:35 CDT,97148,24.85,60.89,2.58,9.185,694.74,102107.98
TWB14,Uvalde_2020_02,29.60214,-99.73007,436.7784,6/28/21,p,2021,05/29/2021 11:40 CDT,97151,25.07,61.06,2.865,9.185,671.93,102107.57
TWB14,Uvalde_2020_02,29.60214,-99.73007,436.7784,6/28/21,p,2021,05/29/2021 11:45 CDT,97156,25.06,60.52,2.3,9.185,597.6,102111.3
TWB14,Uvalde_2020_02,29.60214,-99.73007,436.7784,6/28/21,p,2021,05/29/2021 11:50 CDT,97148,25.13,61.49,1.79,9.185,678.97,102102.38
TWB14,Uvalde_2020_02,29.60214,-99.73007,436.7784,6/28/21,p,2021,05/29/2021 11:55 CDT,97144,25.37,59.87,2.415,9.185,697.12,102094.96
TWB14,Uvalde_2020_02,29.60214,-99.73007,436.7784,6/28/21,p,2021,05/29/2021 12:00 CDT,97154,25.59,58.42,1.805,9.185,645.66,102103.79
TWB14,Uvalde_2020_02,29.60214,-99.73007,436.7784,6/28/21,p,2021,05/29/2021 12:05 CDT,97164,25.57,59.87,1.64,9.185,737.75,102113.11
TWB14,Uvalde_2020_02,29.60214,-99.73007,436.7784,6/28/21,p,2021,05/29/2021 12:10 CDT,97163,25.85,59.23,0.62,9.185,506.88,102109.52
TWB14,Uvalde_2020_02,29.60214,-99.73007,436.7784,6/28/21,p,2021,05/29/2021 12:15 CDT,97164,26.39,56.83,0.46,9.185,402.56,102103.84
TWB14,Uvalde_2020_02,29.60214,-99.73007,436.7784,6/28/21,p,2021,05/29/2021 12:20 CDT,97168,26.41,59.12,1.61,9.185,561.69,102104.49
TWB14,Uvalde_2020_02,29.60214,-99.73007,436.7784,6/28/21,p,2021,05/29/2021 12:25 CDT,97173,26.52,55.28,2.52,9.185,852.18,102106.92
TWB14,Uvalde_2020_02,29.60214,-99.73007,436.7784,6/28/21,p,2021,05/29/2021 12:30 CDT,97172,26.7,52.79,2.32,9.185,650.16,102102.36
TWB14,Uvalde_2020_02,29.60214,-99.73007,436.7784,6/28/21,p,2021,05/29/2021 12:35 CDT,97174,26.28,55.72,2.18,9.185,282.06,102109.48
TWB14,Uvalde_2020_02,29.60214,-99.73007,436.7784,6/28/21,p,2021,05/29/2021 12:40 CDT,97174,26,55.21,2.37,9.185,575.02,102116.39
TWB14,Uvalde_2020_02,29.60214,-99.73007,436.7784,6/28/21,p,2021,05/29/2021 12:45 CDT,97171,26.49,52.01,1.99,9.185,703.3,102107.7
TWB14,Uvalde_2020_02,29.60214,-99.73007,436.7784,6/28/21,p,2021,05/29/2021 12:50 CDT,97174,26.4,53.19,1.78,9.185,395.21,102110
TWB14,Uvalde_2020_02,29.60214,-99.73007,436.7784,6/28/21,p,2021,05/29/2021 12:55 CDT,97172,26.4,53.46,2.375,9.185,906.63,102108.41
TWB14,Uvalde_2020_02,29.60214,-99.73007,436.7784,6/28/21,p,2021,05/29/2021 13:00 CDT,97159,26.91,48.88,2.05,9.185,921.8,102087.23
TWB14,Uvalde_2020_02,29.60214,-99.73007,436.7784,6/28/21,p,2021,05/29/2021 13:05 CDT,97150,26.8,54.2,2.755,9.185,633.2,102076.04
TWB14,Uvalde_2020_02,29.60214,-99.73007,436.7784,6/28/21,p,2021,05/29/2021 13:10 CDT,97148,26.61,50.36,2.49,9.185,884.05,102077.84
TWB14,Uvalde_2020_02,29.60214,-99.73007,436.7784,6/28/21,p,2021,05/29/2021 13:15 CDT,97146,26.84,52.65,1.745,9.185,575.89,102073.7
TWB14,Uvalde_2020_02,29.60214,-99.73007,436.7784,6/28/21,p,2021,05/29/2021 13:20 CDT,97145,26.51,52.61,3.225,9.185,593.42,102077.69
TWB14,Uvalde_2020_02,29.60214,-99.73007,436.7784,6/28/21,p,2021,05/29/2021 13:25 CDT,97140,26.4,53.35,1.67,9.185,824.84,102075.29
TWB14,Uvalde_2020_02,29.60214,-99.73007,436.7784,6/28/21,p,2021,05/29/2021 13:30 CDT,97137,26.69,58.1,1.195,9.185,716.63,102067.88
TWB14,Uvalde_2020_02,29.60214,-99.73007,436.7784,6/28/21,p,2021,05/29/2021 13:35 CDT,97129,26.67,59.88,2.41,9.185,818.45,102058.62
TWB14,Uvalde_2020_02,29.60214,-99.73007,436.7784,6/28/21,p,2021,05/29/2021 13:40 CDT,97119,26.73,55.61,3.02,9.185,845.6,102045.8
TWB14,Uvalde_2020_02,29.60214,-99.73007,436.7784,6/28/21,p,2021,05/29/2021 13:45 CDT,97116,26.85,58.37,2.11,9.185,471.49,102039.94
TWB14,Uvalde_2020_02,29.60214,-99.73007,436.7784,6/28/21,p,2021,05/29/2021 13:50 CDT,97122,26.63,57.22,2.17,9.185,346.44,102048.94
TWB14,Uvalde_2020_02,29.60214,-99.73007,436.7784,6/28/21,p,2021,05/29/2021 13:55 CDT,97118,26.71,56.28,1.845,9.185,577.89,102045.59
TWB14,Uvalde_2020_02,29.60214,-99.73007,436.7784,6/28/21,p,2021,05/29/2021 14:00 CDT,97114,27.12,57.93,1.76,9.185,799.36,102038.01
TWB14,Uvalde_2020_02,29.60214,-99.73007,436.7784,6/28/21,p,2021,05/29/2021 14:05 CDT,97111,27.46,52.31,2.22,9.185,724.19,102027.38
TWB14,Uvalde_2020_02,29.60214,-99.73007,436.7784,6/28/21,p,2021,05/29/2021 14:10 CDT,97113,27.17,52.91,2.3,9.185,833.72,102031.82
TWB14,Uvalde_2020_02,29.60214,-99.73007,436.7784,6/28/21,p,2021,05/29/2021 14:15 CDT,97104,27.21,50.89,2.03,9.185,828.14,102023.22
TWB14,Uvalde_2020_02,29.60214,-99.73007,436.7784,6/28/21,p,2021,05/29/2021 14:20 CDT,97103,27.13,51.67,2.395,9.185,459.04,102021.49
TWB14,Uvalde_2020_02,29.60214,-99.73007,436.7784,6/28/21,p,2021,05/29/2021 14:25 CDT,97089,26.88,54.23,1.9,9.185,645.16,102011.61
TWB14,Uvalde_2020_02,29.60214,-99.73007,436.7784,6/28/21,p,2021,05/29/2021 14:30 CDT,97087,26.99,53.08,2.42,9.185,814.81,102007.85
TWB14,Uvalde_2020_02,29.60214,-99.73007,436.7784,6/28/21,p,2021,05/29/2021 14:35 CDT,97085,27.3,56.14,1.965,9.185,831.54,102001.87
TWB14,Uvalde_2020_02,29.60214,-99.73007,436.7784,6/28/21,p,2021,05/29/2021 14:40 CDT,97079,27.6,50.52,2.285,9.185,820.92,101990.11
TWB14,Uvalde_2020_02,29.60214,-99.73007,436.7784,6/28/21,p,2021,05/29/2021 14:45 CDT,97071,27.48,53.18,2.065,9.185,866.03,101981.01
TWB14,Uvalde_2020_02,29.60214,-99.73007,436.7784,6/28/21,p,2021,05/29/2021 14:50 CDT,97061,27.7,51.09,2.875,9.185,650.9,101969.03
TWB14,Uvalde_2020_02,29.60214,-99.73007,436.7784,6/28/21,p,2021,05/29/2021 14:55 CDT,97061,27.84,53.45,2.185,7.985,754.69,101966.84
TWB14,Uvalde_2020_02,29.60214,-99.73007,436.7784,6/28/21,p,2021,05/29/2021 15:00 CDT,97060,27.9,52.24,1.755,7.985,680.63,101963.3
TWB14,Uvalde_2020_02,29.60214,-99.73007,436.7784,6/28/21,p,2021,05/29/2021 15:05 CDT,97060,27.32,53.42,2.71,7.985,285.27,101970.95
TWB14,Uvalde_2020_02,29.60214,-99.73007,436.7784,6/28/21,p,2021,05/29/2021 15:10 CDT,97055,27.49,55.64,1.835,7.985,811.04,101968.18
TWB14,Uvalde_2020_02,29.60214,-99.73007,436.7784,6/28/21,p,2021,05/29/2021 15:15 CDT,97050,27.71,53.35,2.255,7.985,832.42,101957.95
TWB14,Uvalde_2020_02,29.60214,-99.73007,436.7784,6/28/21,p,2021,05/29/2021 15:20 CDT,97046,27.74,56.61,2.4,7.985,821.76,101951.38
TWB14,Uvalde_2020_02,29.60214,-99.73007,436.7784,6/28/21,p,2021,05/29/2021 15:25 CDT,97048,27.38,56.82,3.395,7.985,495.31,101956.81
TWB14,Uvalde_2020_02,29.60214,-99.73007,436.7784,6/28/21,p,2021,05/29/2021 15:30 CDT,97052,26.8,59.44,2.83,7.985,251.51,101972.52
TWB14,Uvalde_2020_02,29.60214,-99.73007,436.7784,6/28/21,p,2021,05/29/2021 15:35 CDT,97057,26.62,57.92,2.93,7.985,313.92,101982.82
TWB14,Uvalde_2020_02,29.60214,-99.73007,436.7784,6/28/21,p,2021,05/29/2021 15:40 CDT,97058,26.68,59.47,3.04,7.985,325.62,101984.69
TWB14,Uvalde_2020_02,29.60214,-99.73007,436.7784,6/28/21,p,2021,05/29/2021 15:45 CDT,97064,26.58,58.03,2.99,7.985,272.49,101992.69
TWB14,Uvalde_2020_02,29.60214,-99.73007,436.7784,6/28/21,p,2021,05/29/2021 15:50 CDT,97070,26.54,58.03,2.66,7.985,304.7,101999.84
TWB14,Uvalde_2020_02,29.60214,-99.73007,436.7784,6/28/21,p,2021,05/29/2021 15:55 CDT,97071,26.33,58.64,2.865,7.985,344.35,102004.41
TWB14,Uvalde_2020_02,29.60214,-99.73007,436.7784,6/28/21,p,2021,05/29/2021 16:00 CDT,97065,26.74,59.07,1.865,7.985,389.89,101994.07
TWB14,Uvalde_2020_02,29.60214,-99.73007,436.7784,6/28/21,p,2021,05/29/2021 16:05 CDT,97060,26.77,56.82,2.11,7.985,382.17,101985.81
TWB14,Uvalde_2020_02,29.60214,-99.73007,436.7784,6/28/21,p,2021,05/29/2021 16:10 CDT,97052,26.85,55.84,1.42,7.985,623.81,101976.58
TWB14,Uvalde_2020_02,29.60214,-99.73007,436.7784,6/28/21,p,2021,05/29/2021 16:15 CDT,97044,27.28,51.97,1.35,7.985,658.04,101962.51
TWB14,Uvalde_2020_02,29.60214,-99.73007,436.7784,6/28/21,p,2021,05/29/2021 16:20 CDT,97033,27.35,52.98,2.165,7.985,436.87,101946.76
TWB14,Uvalde_2020_02,29.60214,-99.73007,436.7784,6/28/21,p,2021,05/29/2021 16:25 CDT,97024,27.25,55.47,1.655,7.985,394.9,101940.13
TWB14,Uvalde_2020_02,29.60214,-99.73007,436.7784,6/28/21,p,2021,05/29/2021 16:30 CDT,97022,27.57,53.69,2.13,7.985,419.66,101932.36
TWB14,Uvalde_2020_02,29.60214,-99.73007,436.7784,6/28/21,p,2021,05/29/2021 16:35 CDT,97011,27.2,54.93,1.12,7.985,260.51,101924.63
TWB14,Uvalde_2020_02,29.60214,-99.73007,436.7784,6/28/21,p,2021,05/29/2021 16:40 CDT,97007,27.32,52.58,1.77,7.985,361.83,101920.45
TWB14,Uvalde_2020_02,29.60214,-99.73007,436.7784,6/28/21,p,2021,05/29/2021 16:45 CDT,97006,27.19,51.84,1.925,7.985,249.2,101920.41
TWB14,Uvalde_2020_02,29.60214,-99.73007,436.7784,6/28/21,p,2021,05/29/2021 16:50 CDT,97006,27.03,53.99,1.74,7.985,243.35,101923.74
TWB14,Uvalde_2020_02,29.60214,-99.73007,436.7784,6/28/21,p,2021,05/29/2021 16:55 CDT,97001,27.17,54.19,1.025,7.985,330.66,101917.48
TWB14,Uvalde_2020_02,29.60214,-99.73007,436.7784,6/28/21,p,2021,05/29/2021 17:00 CDT,96986,27.72,51.77,0.66,7.985,531.23,101895.89
TWB14,Uvalde_2020_02,29.60214,-99.73007,436.7784,6/28/21,p,2021,05/29/2021 17:05 CDT,96985,28.13,47.79,1.26,7.985,537.61,101887.05
TWB14,Uvalde_2020_02,29.60214,-99.73007,436.7784,6/28/21,p,2021,05/29/2021 17:10 CDT,96979,28.51,53.18,0.715,7.985,542.98,101873.89
TWB14,Uvalde_2020_02,29.60214,-99.73007,436.7784,6/28/21,p,2021,05/29/2021 17:15 CDT,96975,28.57,52.51,1.545,7.985,533.68,101865.71
TWB14,Uvalde_2020_02,29.60214,-99.73007,436.7784,6/28/21,p,2021,05/29/2021 17:20 CDT,96972,28.48,50.56,1.835,7.985,514.32,101861.59
TWB14,Uvalde_2020_02,29.60214,-99.73007,436.7784,6/28/21,p,2021,05/29/2021 17:25 CDT,96971,28.3,53.11,1.745,7.985,493.88,101861.67
TWB14,Uvalde_2020_02,29.60214,-99.73007,436.7784,6/28/21,p,2021,05/29/2021 17:30 CDT,96961,28.44,50.62,1.46,7.985,506.88,101850.7
TWB14,Uvalde_2020_02,29.60214,-99.73007,436.7784,6/28/21,p,2021,05/29/2021 17:35 CDT,96953,28.55,48.6,2.235,7.985,519.54,101841.65
TWB14,Uvalde_2020_02,29.60214,-99.73007,436.7784,6/28/21,p,2021,05/29/2021 17:40 CDT,96952,28.38,47.39,2.1,7.985,452.68,101842.27
TWB14,Uvalde_2020_02,29.60214,-99.73007,436.7784,6/28/21,p,2021,05/29/2021 17:45 CDT,96949,27.96,52.85,1.76,7.985,120.43,101845.53
TWB14,Uvalde_2020_02,29.60214,-99.73007,436.7784,6/28/21,p,2021,05/29/2021 17:50 CDT,96939,27.5,51.09,0.865,7.985,121.22,101843.52
TWB14,Uvalde_2020_02,29.60214,-99.73007,436.7784,6/28/21,p,2021,05/29/2021 17:55 CDT,96929,27.61,50.15,1.145,7.985,350.39,101833.69
TWB14,Uvalde_2020_02,29.60214,-99.73007,436.7784,6/28/21,p,2021,05/29/2021 18:00 CDT,96926,27.71,52.17,1.66,7.985,180.55,101827.69
TWB14,Uvalde_2020_02,29.60214,-99.73007,436.7784,6/28/21,p,2021,05/29/2021 18:05 CDT,96927,27.64,51.94,2.385,7.985,311.72,101830.91
TWB14,Uvalde_2020_02,29.60214,-99.73007,436.7784,6/28/21,p,2021,05/29/2021 18:10 CDT,96926,27.68,51.57,2.165,7.985,216.32,101829.36
TWB14,Uvalde_2020_02,29.60214,-99.73007,436.7784,6/28/21,p,2021,05/29/2021 18:15 CDT,96925,27.49,51.63,1.8,7.985,117.09,101831.31
TWB14,Uvalde_2020_02,29.60214,-99.73007,436.7784,6/28/21,p,2021,05/29/2021 18:20 CDT,96926,27.26,51.5,1.58,7.985,110.02,101836.53
TWB14,Uvalde_2020_02,29.60214,-99.73007,436.7784,6/28/21,p,2021,05/29/2021 18:25 CDT,96925,27.07,53.01,1.4,7.985,64.85,101838.81
TWB14,Uvalde_2020_02,29.60214,-99.73007,436.7784,6/28/21,p,2021,05/29/2021 18:30 CDT,96923,26.94,53.05,1.015,7.985,166.29,101839.88
TWB14,Uvalde_2020_02,29.60214,-99.73007,436.7784,6/28/21,p,2021,05/29/2021 18:35 CDT,96918,27.39,50.36,1.355,7.985,274.69,101830.47
TWB14,Uvalde_2020_02,29.60214,-99.73007,436.7784,6/28/21,p,2021,05/29/2021 18:40 CDT,96923,27.7,53.12,1.57,7.985,259.29,101829.52
TWB14,Uvalde_2020_02,29.60214,-99.73007,436.7784,6/28/21,p,2021,05/29/2021 18:45 CDT,96925,27.66,51.03,1.41,7.985,81.3,101830.15
TWB14,Uvalde_2020_02,29.60214,-99.73007,436.7784,6/28/21,p,2021,05/29/2021 18:50 CDT,96921,27.36,50.9,1.39,7.985,162,101830.28
TWB14,Uvalde_2020_02,29.60214,-99.73007,436.7784,6/28/21,p,2021,05/29/2021 18:55 CDT,96920,27.6,50.53,2.01,7.985,209.94,101827.06
TWB14,Uvalde_2020_02,29.60214,-99.73007,436.7784,6/28/21,p,2021,05/29/2021 19:00 CDT,96927,27.63,51.37,1.88,7.985,213.08,101833.58
TWB14,Uvalde_2020_02,29.60214,-99.73007,436.7784,6/28/21,p,2021,05/29/2021 19:05 CDT,96923,27.63,51.17,2.32,7.985,190.8,101828.88
TWB14,Uvalde_2020_02,29.60214,-99.73007,436.7784,6/28/21,p,2021,05/29/2021 19:10 CDT,96923,27.4,51.84,1.595,7.985,88.82,101831.2
TWB14,Uvalde_2020_02,29.60214,-99.73007,436.7784,6/28/21,p,2021,05/29/2021 19:15 CDT,96928,27.46,50.43,0.41,7.985,160.67,101837.31
TWB14,Uvalde_2020_02,29.60214,-99.73007,436.7784,6/28/21,p,2021,05/29/2021 19:20 CDT,96930,27.61,53.53,1.505,7.985,143.4,101837.04
TWB14,Uvalde_2020_02,29.60214,-99.73007,436.7784,6/28/21,p,2021,05/29/2021 19:25 CDT,96929,27.37,59.05,1.45,7.985,132.33,101837.6
TWB14,Uvalde_2020_02,29.60214,-99.73007,436.7784,6/28/21,p,2021,05/29/2021 19:30 CDT,96929,27.01,59.25,2.37,7.985,112.27,101841.78
TWB14,Uvalde_2020_02,29.60214,-99.73007,436.7784,6/28/21,p,2021,05/29/2021 19:35 CDT,96931,26.68,58.51,2.245,7.985,102.35,101850.58
TWB14,Uvalde_2020_02,29.60214,-99.73007,436.7784,6/28/21,p,2021,05/29/2021 19:40 CDT,96938,26.54,59.69,2.035,7.985,67.84,101861.45
TWB14,Uvalde_2020_02,29.60214,-99.73007,436.7784,6/28/21,p,2021,05/29/2021 19:45 CDT,96948,26.28,60.54,1.845,7.985,70.39,101876.32
TWB14,Uvalde_2020_02,29.60214,-99.73007,436.7784,6/28/21,p,2021,05/29/2021 19:50 CDT,96952,26.12,61.08,1.82,7.985,58.26,101883.89
TWB14,Uvalde_2020_02,29.60214,-99.73007,436.7784,6/28/21,p,2021,05/29/2021 19:55 CDT,96963,25.98,63.23,1.59,7.985,46.62,101898.29
TWB14,Uvalde_2020_02,29.60214,-99.73007,436.7784,6/28/21,p,2021,05/29/2021 20:00 CDT,96967,25.79,61.42,2.115,7.985,30.98,101905.72
TWB14,Uvalde_2020_02,29.60214,-99.73007,436.7784,6/28/21,p,2021,05/29/2021 20:05 CDT,96977,25.63,62.43,1.735,7.985,31.63,101919.43
TWB14,Uvalde_2020_02,29.60214,-99.73007,436.7784,6/28/21,p,2021,05/29/2021 20:10 CDT,96983,25.42,64.46,1.835,7.985,18.31,101929.27
TWB14,Uvalde_2020_02,29.60214,-99.73007,436.7784,6/28/21,p,2021,05/29/2021 20:15 CDT,96995,25.18,63.82,1.555,7.985,13.15,101945.79
TWB14,Uvalde_2020_02,29.60214,-99.73007,436.7784,6/28/21,p,2021,05/29/2021 20:20 CDT,97002,25.07,63.99,2.11,7.985,9.69,101955.69
TWB14,Uvalde_2020_02,29.60214,-99.73007,436.7784,6/28/21,p,2021,05/29/2021 20:25 CDT,96998,24.93,64.43,1.585,7.985,7.25,101953.69
TWB14,Uvalde_2020_02,29.60214,-99.73007,436.7784,6/28/21,p,2021,05/29/2021 20:30 CDT,97007,24.76,65.98,1.29,7.985,4.05,101965.86
TWB14,Uvalde_2020_02,29.60214,-99.73007,436.7784,6/28/21,p,2021,05/29/2021 20:35 CDT,97011,24.59,65.61,1.65,7.985,2.42,101973.3
TWB14,Uvalde_2020_02,29.60214,-99.73007,436.7784,6/28/21,p,2021,05/29/2021 20:40 CDT,97022,24.51,67.5,1.59,7.985,0.7,101986.73
TWB14,Uvalde_2020_02,29.60214,-99.73007,436.7784,6/28/21,p,2021,05/29/2021 20:45 CDT,97029,24.37,67.23,1.885,7.985,0.15,101996.65
TWB14,Uvalde_2020_02,29.60214,-99.73007,436.7784,6/28/21,p,2021,05/29/2021 20:50 CDT,97039,24.24,67.98,1.36,7.985,0.11,102009.37
TWB14,Uvalde_2020_02,29.60214,-99.73007,436.7784,6/28/21,p,2021,05/29/2021 20:55 CDT,97056,24.1,68.55,1.415,7.985,0.11,102029.81
TWB14,Uvalde_2020_02,29.60214,-99.73007,436.7784,6/28/21,p,2021,05/29/2021 21:00 CDT,97070,23.97,70.31,0.845,7.985,0.27,102046.74
TWB14,Uvalde_2020_02,29.60214,-99.73007,436.7784,6/28/21,p,2021,05/29/2021 21:05 CDT,97086,23.82,69.47,1.305,7.985,0.05,102066.65
TWB14,Uvalde_2020_02,29.60214,-99.73007,436.7784,6/28/21,p,2021,05/29/2021 21:10 CDT,97090,23.73,70.28,1.28,7.985,0,102072.22
TWB14,Uvalde_2020_02,29.60214,-99.73007,436.7784,6/28/21,p,2021,05/29/2021 21:15 CDT,97090,23.67,70.08,1.295,7.985,0.04,102074.45
TWB14,Uvalde_2020_02,29.60214,-99.73007,436.7784,6/28/21,p,2021,05/29/2021 21:20 CDT,97091,23.57,70.41,0.645,7.985,0.02,102076.53
TWB14,Uvalde_2020_02,29.60214,-99.73007,436.7784,6/28/21,p,2021,05/29/2021 21:25 CDT,97091,23.44,70.82,0.81,7.985,0,102078.25
TWB14,Uvalde_2020_02,29.60214,-99.73007,436.7784,6/28/21,p,2021,05/29/2021 21:30 CDT,97094,23.29,71.36,0.48,7.985,0.11,102084.5
TWB14,Uvalde_2020_02,29.60214,-99.73007,436.7784,6/28/21,p,2021,05/29/2021 21:35 CDT,97107,23.22,72.55,0.415,7.985,0.25,102100.05
TWB14,Uvalde_2020_02,29.60214,-99.73007,436.7784,6/28/21,p,2021,05/29/2021 21:40 CDT,97114,23.07,75.62,0.105,7.985,0.46,102110.15
TWB14,Uvalde_2020_02,29.60214,-99.73007,436.7784,6/28/21,p,2021,05/29/2021 21:45 CDT,97117,22.84,76.13,0.175,7.985,0.74,102118.14
TWB14,Uvalde_2020_02,29.60214,-99.73007,436.7784,6/28/21,p,2021,05/29/2021 21:50 CDT,97119,22.66,73.13,0.97,7.985,0.25,102124.76
TWB14,Uvalde_2020_02,29.60214,-99.73007,436.7784,6/28/21,p,2021,05/29/2021 21:55 CDT,97125,22.72,74.28,0.64,7.985,0,102129.16
TWB14,Uvalde_2020_02,29.60214,-99.73007,436.7784,6/28/21,p,2021,05/29/2021 22:00 CDT,97129,22.71,72.93,1.22,7.985,0,102134.93
TWB14,Uvalde_2020_02,29.60214,-99.73007,436.7784,6/28/21,p,2021,05/29/2021 22:05 CDT,97137,22.86,72.66,0.975,7.985,0,102140.4
TWB14,Uvalde_2020_02,29.60214,-99.73007,436.7784,6/28/21,p,2021,05/29/2021 22:10 CDT,97144,22.85,72.8,1.075,7.985,0,102147.24
TWB14,Uvalde_2020_02,29.60214,-99.73007,436.7784,6/28/21,p,2021,05/29/2021 22:15 CDT,97156,22.84,72.7,1.1,7.985,0,102159.86
TWB14,Uvalde_2020_02,29.60214,-99.73007,436.7784,6/28/21,p,2021,05/29/2021 22:20 CDT,97157,22.8,73.27,1.435,7.985,0,102161.08
TWB14,Uvalde_2020_02,29.60214,-99.73007,436.7784,6/28/21,p,2021,05/29/2021 22:25 CDT,97159,22.78,72.96,1.125,7.985,0,102163.36
TWB14,Uvalde_2020_02,29.60214,-99.73007,436.7784,6/28/21,p,2021,05/29/2021 22:30 CDT,97162,22.86,72.09,1.305,7.985,0,102166
TWB14,Uvalde_2020_02,29.60214,-99.73007,436.7784,6/28/21,p,2021,05/29/2021 22:35 CDT,97174,22.85,73.07,1.09,7.985,0,102177.92
TWB14,Uvalde_2020_02,29.60214,-99.73007,436.7784,6/28/21,p,2021,05/29/2021 22:40 CDT,97179,22.75,73.01,1.12,7.985,0,102183.87
TWB14,Uvalde_2020_02,29.60214,-99.73007,436.7784,6/28/21,p,2021,05/29/2021 22:45 CDT,97183,22.66,74.49,0.975,7.985,0.01,102189.28
TWB14,Uvalde_2020_02,29.60214,-99.73007,436.7784,6/28/21,p,2021,05/29/2021 22:50 CDT,97185,22.52,74.63,0.855,7.985,0.05,102193.98
TWB14,Uvalde_2020_02,29.60214,-99.73007,436.7784,6/28/21,p,2021,05/29/2021 22:55 CDT,97189,22.49,75.17,0.895,7.985,0,102198.7
TWB14,Uvalde_2020_02,29.60214,-99.73007,436.7784,6/28/21,p,2021,05/29/2021 23:00 CDT,97190,22.34,76.52,0.645,7.985,0,102202
TWB14,Uvalde_2020_02,29.60214,-99.73007,436.7784,6/28/21,p,2021,05/29/2021 23:05 CDT,97203,22.27,76.72,0.725,7.985,0.12,102217.75
TWB14,Uvalde_2020_02,29.60214,-99.73007,436.7784,6/28/21,p,2021,05/29/2021 23:10 CDT,97203,22.12,78.47,0.41,7.985,0.43,102219.48
TWB14,Uvalde_2020_02,29.60214,-99.73007,436.7784,6/28/21,p,2021,05/29/2021 23:15 CDT,97205,21.92,79.42,0.475,7.985,0.67,102225.75
TWB14,Uvalde_2020_02,29.60214,-99.73007,436.7784,6/28/21,p,2021,05/29/2021 23:20 CDT,97216,21.81,80.4,0.435,7.985,0.49,102242.02
TWB14,Uvalde_2020_02,29.60214,-99.73007,436.7784,6/28/21,p,2021,05/29/2021 23:25 CDT,97224,21.67,80.8,0.2,7.985,0.23,102253.92
TWB14,Uvalde_2020_02,29.60214,-99.73007,436.7784,6/28/21,p,2021,05/29/2021 23:30 CDT,97220,21.52,82.2,0.455,7.985,0.2,102251.62
TWB14,Uvalde_2020_02,29.60214,-99.73007,436.7784,6/28/21,p,2021,05/29/2021 23:35 CDT,97216,21.59,81.8,0.915,7.985,0,102248.29
TWB14,Uvalde_2020_02,29.60214,-99.73007,436.7784,6/28/21,p,2021,05/29/2021 23:40 CDT,97218,21.67,81.7,0.165,7.985,0,102249.35
TWB14,Uvalde_2020_02,29.60214,-99.73007,436.7784,6/28/21,p,2021,05/29/2021 23:45 CDT,97217,21.5,83.9,0.115,7.985,0.23,102250.03
TWB14,Uvalde_2020_02,29.60214,-99.73007,436.7784,6/28/21,p,2021,05/29/2021 23:50 CDT,97217,21.51,82.4,1.18,7.985,0.06,102251.79
TWB14,Uvalde_2020_02,29.60214,-99.73007,436.7784,6/28/21,p,2021,05/29/2021 23:55 CDT,97224,21.75,81.7,0.435,7.985,0,102255.31
TWB14,Uvalde_2020_02,29.60214,-99.73007,436.7784,6/28/21,p,2021,05/30/2021 00:00 CDT,97235,21.58,84.6,0.12,7.985,0,102268.26
TWB14,Uvalde_2020_02,29.60214,-99.73007,436.7784,6/28/21,p,2021,05/30/2021 00:05 CDT,97238,21.02,86.2,0.275,7.985,0.41,102279.64
TWB14,Uvalde_2020_02,29.60214,-99.73007,436.7784,6/28/21,p,2021,05/30/2021 00:10 CDT,97237,20.68,87.7,0.26,7.985,0.43,102285.43
TWB14,Uvalde_2020_02,29.60214,-99.73007,436.7784,6/28/21,p,2021,05/30/2021 00:15 CDT,97244,20.44,87.9,0,7.985,0.79,102296.32
TWB14,Uvalde_2020_02,29.60214,-99.73007,436.7784,6/28/21,p,2021,05/30/2021 00:20 CDT,97249,20.2,89.3,0.05,7.985,0.55,102304.21
TWB14,Uvalde_2020_02,29.60214,-99.73007,436.7784,6/28/21,p,2021,05/30/2021 00:25 CDT,97238,19.89,89.8,0.035,7.985,0.51,102296.88
TWB14,Uvalde_2020_02,29.60214,-99.73007,436.7784,6/28/21,p,2021,05/30/2021 00:30 CDT,97233,19.8,90.2,0.045,7.985,0.48,102293.56
TWB14,Uvalde_2020_02,29.60214,-99.73007,436.7784,6/28/21,p,2021,05/30/2021 00:35 CDT,97241,19.73,91.3,0.125,7.985,0,102302.5
TWB14,Uvalde_2020_02,29.60214,-99.73007,436.7784,6/28/21,p,2021,05/30/2021 00:40 CDT,97250,19.66,91.2,0.01,7.985,0.05,102312.85
TWB14,Uvalde_2020_02,29.60214,-99.73007,436.7784,6/28/21,p,2021,05/30/2021 00:45 CDT,97261,19.51,91.7,0,7.985,0.06,102326.37
TWB14,Uvalde_2020_02,29.60214,-99.73007,436.7784,6/28/21,p,2021,05/30/2021 00:50 CDT,97263,19.41,92.1,0.035,7.985,0,102329.89
TWB14,Uvalde_2020_02,29.60214,-99.73007,436.7784,6/28/21,p,2021,05/30/2021 00:55 CDT,97267,19.37,93,0.055,7.985,0,102334.62
TWB14,Uvalde_2020_02,29.60214,-99.73007,436.7784,6/28/21,p,2021,05/30/2021 01:00 CDT,97255,19.42,93,0,7.985,0,102321.82
TWB14,Uvalde_2020_02,29.60214,-99.73007,436.7784,6/28/21,p,2021,05/30/2021 01:05 CDT,97253,19.51,93.2,0,7.985,0,102319.01
TWB14,Uvalde_2020_02,29.60214,-99.73007,436.7784,6/28/21,p,2021,05/30/2021 01:10 CDT,97245,19.57,92.9,0.045,7.985,0,102309.35
TWB14,Uvalde_2020_02,29.60214,-99.73007,436.7784,6/28/21,p,2021,05/30/2021 01:15 CDT,97241,19.69,92.6,0.17,7.985,0.07,102304.79
TWB14,Uvalde_2020_02,29.60214,-99.73007,436.7784,6/28/21,p,2021,05/30/2021 01:20 CDT,97243,19.98,93.1,0.405,7.985,0,102306.71
TWB14,Uvalde_2020_02,29.60214,-99.73007,436.7784,6/28/21,p,2021,05/30/2021 01:25 CDT,97250,20.19,93.1,0.38,7.985,0,102312.13
TWB14,Uvalde_2020_02,29.60214,-99.73007,436.7784,6/28/21,p,2021,05/30/2021 01:30 CDT,97246,20.26,93.1,0.325,7.985,0,102304.74
TWB14,Uvalde_2020_02,29.60214,-99.73007,436.7784,6/28/21,p,2021,05/30/2021 01:35 CDT,97242,20.27,93.2,0.035,7.985,0,102298.24
TWB14,Uvalde_2020_02,29.60214,-99.73007,436.7784,6/28/21,p,2021,05/30/2021 01:40 CDT,97231,20.3,93.6,0,7.985,0,102284.01
TWB14,Uvalde_2020_02,29.60214,-99.73007,436.7784,6/28/21,p,2021,05/30/2021 01:45 CDT,97224,20.34,93.2,0,7.985,0,102274.36
TWB14,Uvalde_2020_02,29.60214,-99.73007,436.7784,6/28/21,p,2021,05/30/2021 01:50 CDT,97223,20.37,92.7,0.02,7.985,0,102272.61
TWB14,Uvalde_2020_02,29.60214,-99.73007,436.7784,6/28/21,p,2021,05/30/2021 01:55 CDT,97222,20.43,92.6,0.01,7.985,0,102270.33
TWB14,Uvalde_2020_02,29.60214,-99.73007,436.7784,6/28/21,p,2021,05/30/2021 02:00 CDT,97211,20.6,92.3,0.53,7.985,0,102256.82
TWB14,Uvalde_2020_02,29.60214,-99.73007,436.7784,6/28/21,p,2021,05/30/2021 02:05 CDT,97207,20.87,91.8,0.82,7.985,0,102250.33
TWB14,Uvalde_2020_02,29.60214,-99.73007,436.7784,6/28/21,p,2021,05/30/2021 02:10 CDT,97198,21.04,91.6,0.775,7.985,0,102238.23
TWB14,Uvalde_2020_02,29.60214,-99.73007,436.7784,6/28/21,p,2021,05/30/2021 02:15 CDT,97196,21.28,90.2,1.22,7.985,0,102232.1
TWB14,Uvalde_2020_02,29.60214,-99.73007,436.7784,6/28/21,p,2021,05/30/2021 02:20 CDT,97194,21.42,89.1,0.965,7.985,0,102225.98
TWB14,Uvalde_2020_02,29.60214,-99.73007,436.7784,6/28/21,p,2021,05/30/2021 02:25 CDT,97188,21.4,89.5,0.85,7.985,0,102217.92
TWB14,Uvalde_2020_02,29.60214,-99.73007,436.7784,6/28/21,p,2021,05/30/2021 02:30 CDT,97177,21.58,88.3,1.665,7.985,0,102204.09
TWB14,Uvalde_2020_02,29.60214,-99.73007,436.7784,6/28/21,p,2021,05/30/2021 02:35 CDT,97183,21.78,87.6,1.39,7.985,0,102206.21
TWB14,Uvalde_2020_02,29.60214,-99.73007,436.7784,6/28/21,p,2021,05/30/2021 02:40 CDT,97185,21.91,87.1,1.64,7.985,0,102205.18
TWB14,Uvalde_2020_02,29.60214,-99.73007,436.7784,6/28/21,p,2021,05/30/2021 02:45 CDT,97195,22,87,1.68,7.985,0,102213.61
TWB14,Uvalde_2020_02,29.60214,-99.73007,436.7784,6/28/21,p,2021,05/30/2021 02:50 CDT,97196,22.02,87,1.81,7.985,0,102213.1
TWB14,Uvalde_2020_02,29.60214,-99.73007,436.7784,6/28/21,p,2021,05/30/2021 02:55 CDT,97205,22.06,87.3,1.96,7.985,0,102221.52
TWB14,Uvalde_2020_02,29.60214,-99.73007,436.7784,6/28/21,p,2021,05/30/2021 03:00 CDT,97206,22.1,87.3,1.775,7.985,0,102221.87
TWB14,Uvalde_2020_02,29.60214,-99.73007,436.7784,6/28/21,p,2021,05/30/2021 03:05 CDT,97208,22.11,87.5,1.735,7.985,0,102223.63
TWB14,Uvalde_2020_02,29.60214,-99.73007,436.7784,6/28/21,p,2021,05/30/2021 03:10 CDT,97197,22.11,87.6,2.11,7.985,0,102212.06
TWB14,Uvalde_2020_02,29.60214,-99.73007,436.7784,6/28/21,p,2021,05/30/2021 03:15 CDT,97194,22.11,87.9,1.59,7.985,0,102208.55
TWB14,Uvalde_2020_02,29.60214,-99.73007,436.7784,6/28/21,p,2021,05/30/2021 03:20 CDT,97191,22.09,88.3,1.715,7.985,0.01,102205.57
TWB14,Uvalde_2020_02,29.60214,-99.73007,436.7784,6/28/21,p,2021,05/30/2021 03:25 CDT,97192,22.07,88.8,1.6,7.985,0,102206.97
TWB14,Uvalde_2020_02,29.60214,-99.73007,436.7784,6/28/21,p,2021,05/30/2021 03:30 CDT,97188,22.05,89,1.875,7.985,0.26,102202.93
TWB14,Uvalde_2020_02,29.60214,-99.73007,436.7784,6/28/21,p,2021,05/30/2021 03:35 CDT,97177,22.07,89.4,1.865,7.985,0.4,102191.36
TWB14,Uvalde_2020_02,29.60214,-99.73007,436.7784,6/28/21,p,2021,05/30/2021 03:40 CDT,97177,22.09,89.4,1.78,7.985,0,102190.84
TWB14,Uvalde_2020_02,29.60214,-99.73007,436.7784,6/28/21,p,2021,05/30/2021 03:45 CDT,97178,22.11,89.3,1.545,7.985,0,102191.72
TWB14,Uvalde_2020_02,29.60214,-99.73007,436.7784,6/28/21,p,2021,05/30/2021 03:50 CDT,97173,22.12,89.5,1.825,7.985,0,102186.11
TWB14,Uvalde_2020_02,29.60214,-99.73007,436.7784,6/28/21,p,2021,05/30/2021 03:55 CDT,97174,22.1,89.9,1.705,7.985,0.11,102187.16
TWB14,Uvalde_2020_02,29.60214,-99.73007,436.7784,6/28/21,p,2021,05/30/2021 04:00 CDT,97175,22.1,90.4,2.16,7.985,1.14,102188.21
TWB14,Uvalde_2020_02,29.60214,-99.73007,436.7784,6/28/21,p,2021,05/30/2021 04:05 CDT,97168,22.04,91.2,2.305,7.985,1.38,102181.36
TWB14,Uvalde_2020_02,29.60214,-99.73007,436.7784,6/28/21,p,2021,05/30/2021 04:10 CDT,97163,21.97,92,1.96,7.985,0.42,102176.97
TWB14,Uvalde_2020_02,29.60214,-99.73007,436.7784,6/28/21,p,2021,05/30/2021 04:15 CDT,97172,21.91,92.4,1.985,7.985,0,102187.47
TWB14,Uvalde_2020_02,29.60214,-99.73007,436.7784,6/28/21,p,2021,05/30/2021 04:20 CDT,97176,21.87,92.7,1.91,7.985,0,102192.72
TWB14,Uvalde_2020_02,29.60214,-99.73007,436.7784,6/28/21,p,2021,05/30/2021 04:25 CDT,97182,21.85,92.6,1.81,7.985,0,102199.38
TWB14,Uvalde_2020_02,29.60214,-99.73007,436.7784,6/28/21,p,2021,05/30/2021 04:30 CDT,97177,21.88,92.4,2.11,7.985,0,102194.12
TWB14,Uvalde_2020_02,29.60214,-99.73007,436.7784,6/28/21,p,2021,05/30/2021 04:35 CDT,97177,21.89,92.3,1.73,7.985,0,102193.95
TWB14,Uvalde_2020_02,29.60214,-99.73007,436.7784,6/28/21,p,2021,05/30/2021 04:40 CDT,97178,21.9,92.1,1.925,7.985,0,102195
TWB14,Uvalde_2020_02,29.60214,-99.73007,436.7784,6/28/21,p,2021,05/30/2021 04:45 CDT,97176,21.91,91.9,1.75,7.985,0,102192.9
TWB14,Uvalde_2020_02,29.60214,-99.73007,436.7784,6/28/21,p,2021,05/30/2021 04:50 CDT,97177,21.94,91.5,2.025,7.985,0,102193.43
TWB14,Uvalde_2020_02,29.60214,-99.73007,436.7784,6/28/21,p,2021,05/30/2021 04:55 CDT,97185,21.98,91.4,1.785,7.985,0,102201.32
TWB14,Uvalde_2020_02,29.60214,-99.73007,436.7784,6/28/21,p,2021,05/30/2021 05:00 CDT,97186,21.97,91.2,1.585,7.985,0,102202.2
TWB14,Uvalde_2020_02,29.60214,-99.73007,436.7784,6/28/21,p,2021,05/30/2021 05:05 CDT,97191,21.98,91.2,1.57,7.985,0,102207.46
TWB14,Uvalde_2020_02,29.60214,-99.73007,436.7784,6/28/21,p,2021,05/30/2021 05:10 CDT,97181,21.95,91.2,1.185,7.985,0,102197.12
TWB14,Uvalde_2020_02,29.60214,-99.73007,436.7784,6/28/21,p,2021,05/30/2021 05:15 CDT,97167,21.9,90.9,1.955,7.985,0,102183.62
TWB14,Uvalde_2020_02,29.60214,-99.73007,436.7784,6/28/21,p,2021,05/30/2021 05:20 CDT,97158,21.87,90.9,1.97,7.985,0,102175.19
TWB14,Uvalde_2020_02,29.60214,-99.73007,436.7784,6/28/21,p,2021,05/30/2021 05:25 CDT,97158,21.81,90.9,1.825,7.985,0,102175.72
TWB14,Uvalde_2020_02,29.60214,-99.73007,436.7784,6/28/21,p,2021,05/30/2021 05:30 CDT,97157,21.75,91,1.72,7.985,0,102175.71
TWB14,Uvalde_2020_02,29.60214,-99.73007,436.7784,6/28/21,p,2021,05/30/2021 05:35 CDT,97160,21.67,91.2,1.41,7.985,0,102180.08
TWB14,Uvalde_2020_02,29.60214,-99.73007,436.7784,6/28/21,p,2021,05/30/2021 05:40 CDT,97168,21.6,91.5,1.48,7.985,0,102190.06
TWB14,Uvalde_2020_02,29.60214,-99.73007,436.7784,6/28/21,p,2021,05/30/2021 05:45 CDT,97175,21.59,91.5,1.415,7.985,0,102197.77
TWB14,Uvalde_2020_02,29.60214,-99.73007,436.7784,6/28/21,p,2021,05/30/2021 05:50 CDT,97172,21.56,91.4,1.34,7.985,0,102195.31
TWB14,Uvalde_2020_02,29.60214,-99.73007,436.7784,6/28/21,p,2021,05/30/2021 05:55 CDT,97176,21.52,91.5,1.245,7.985,0,102199.87
TWB14,Uvalde_2020_02,29.60214,-99.73007,436.7784,6/28/21,p,2021,05/30/2021 06:00 CDT,97172,21.46,91.5,0.65,7.985,0,102196.54
TWB14,Uvalde_2020_02,29.60214,-99.73007,436.7784,6/28/21,p,2021,05/30/2021 06:05 CDT,97176,21.41,91.8,1.01,7.985,0,102201.96
TWB14,Uvalde_2020_02,29.60214,-99.73007,436.7784,6/28/21,p,2021,05/30/2021 06:10 CDT,97188,21.45,91.9,0.855,7.985,0,102214.41
TWB14,Uvalde_2020_02,29.60214,-99.73007,436.7784,6/28/21,p,2021,05/30/2021 06:15 CDT,97190,21.5,91.8,0.55,7.985,0,102215.64
TWB14,Uvalde_2020_02,29.60214,-99.73007,436.7784,6/28/21,p,2021,05/30/2021 06:20 CDT,97189,21.5,91.9,0.825,7.985,0,102214.24
TWB14,Uvalde_2020_02,29.60214,-99.73007,436.7784,6/28/21,p,2021,05/30/2021 06:25 CDT,97188,21.43,92,0.525,7.985,0,102213.18
TWB14,Uvalde_2020_02,29.60214,-99.73007,436.7784,6/28/21,p,2021,05/30/2021 06:30 CDT,97192,21.44,92,0.825,7.985,0,102217.74
TWB14,Uvalde_2020_02,29.60214,-99.73007,436.7784,6/28/21,p,2021,05/30/2021 06:35 CDT,97199,21.49,91.8,1.06,7.985,0.81,102224.93
TWB14,Uvalde_2020_02,29.60214,-99.73007,436.7784,6/28/21,p,2021,05/30/2021 06:40 CDT,97213,21.55,91.4,0.865,7.985,1.18,102238.78
TWB14,Uvalde_2020_02,29.60214,-99.73007,436.7784,6/28/21,p,2021,05/30/2021 06:45 CDT,97217,21.59,90.9,1.12,7.985,3.25,102242.64
TWB14,Uvalde_2020_02,29.60214,-99.73007,436.7784,6/28/21,p,2021,05/30/2021 06:50 CDT,97219,21.63,90.7,0.9,7.985,7.67,102243.88
TWB14,Uvalde_2020_02,29.60214,-99.73007,436.7784,6/28/21,p,2021,05/30/2021 06:55 CDT,97227,21.72,89.5,2.13,7.985,8.01,102251.08
TWB14,Uvalde_2020_02,29.60214,-99.73007,436.7784,6/28/21,p,2021,05/30/2021 07:00 CDT,97240,21.83,89,2.13,7.985,8.89,102262.66
TWB14,Uvalde_2020_02,29.60214,-99.73007,436.7784,6/28/21,p,2021,05/30/2021 07:05 CDT,97243,21.87,88.7,1.81,7.985,9.3,102264.77
TWB14,Uvalde_2020_02,29.60214,-99.73007,436.7784,6/28/21,p,2021,05/30/2021 07:10 CDT,97253,21.87,88.9,1.995,7.985,12.85,102274.94
TWB14,Uvalde_2020_02,29.60214,-99.73007,436.7784,6/28/21,p,2021,05/30/2021 07:15 CDT,97265,21.89,89.1,2.525,7.985,22.34,102287.21
TWB14,Uvalde_2020_02,29.60214,-99.73007,436.7784,6/28/21,p,2021,05/30/2021 07:20 CDT,97270,21.93,89.1,2.025,7.985,36.63,102291.6
TWB14,Uvalde_2020_02,29.60214,-99.73007,436.7784,6/28/21,p,2021,05/30/2021 07:25 CDT,97270,21.97,89.4,1.85,7.985,32.15,102290.55
TWB14,Uvalde_2020_02,29.60214,-99.73007,436.7784,6/28/21,p,2021,05/30/2021 07:30 CDT,97276,21.98,89.1,1.92,7.985,26.86,102296.34
TWB14,Uvalde_2020_02,29.60214,-99.73007,436.7784,6/28/21,p,2021,05/30/2021 07:35 CDT,97284,21.99,89.5,1.765,7.985,17.35,102304.4
TWB14,Uvalde_2020_02,29.60214,-99.73007,436.7784,6/28/21,p,2021,05/30/2021 07:40 CDT,97282,21.97,89.4,2.205,7.985,16.37,102302.48
TWB14,Uvalde_2020_02,29.60214,-99.73007,436.7784,6/28/21,p,2021,05/30/2021 07:45 CDT,97287,21.94,89.6,1.82,7.985,21,102308.43
TWB14,Uvalde_2020_02,29.60214,-99.73007,436.7784,6/28/21,p,2021,05/30/2021 07:50 CDT,97299,21.95,89.5,1.765,7.985,26.94,102321.05
TWB14,Uvalde_2020_02,29.60214,-99.73007,436.7784,6/28/21,p,2021,05/30/2021 07:55 CDT,97319,21.99,89.2,1.535,7.985,34.45,102341.39
TWB14,Uvalde_2020_02,29.60214,-99.73007,436.7784,6/28/21,p,2021,05/30/2021 08:00 CDT,97319,22.01,88.7,1.8,7.985,22.85,102340.87
TWB14,Uvalde_2020_02,29.60214,-99.73007,436.7784,6/28/21,p,2021,05/30/2021 08:05 CDT,97325,22.01,88.8,1.515,7.985,19.53,102347.18
TWB14,Uvalde_2020_02,29.60214,-99.73007,436.7784,6/28/21,p,2021,05/30/2021 08:10 CDT,97329,22.01,88.9,1.64,7.985,27.72,102351.21
TWB14,Uvalde_2020_02,29.60214,-99.73007,436.7784,6/28/21,p,2021,05/30/2021 08:15 CDT,97332,22.02,88.6,2.32,7.985,46.42,102354.37
TWB14,Uvalde_2020_02,29.60214,-99.73007,436.7784,6/28/21,p,2021,05/30/2021 08:20 CDT,97333,22.07,88.5,2.035,7.985,79.72,102354.9
TWB14,Uvalde_2020_02,29.60214,-99.73007,436.7784,6/28/21,p,2021,05/30/2021 08:25 CDT,97337,22.18,88,1.77,7.985,84.4,102357.19
TWB14,Uvalde_2020_02,29.60214,-99.73007,436.7784,6/28/21,p,2021,05/30/2021 08:30 CDT,97345,22.27,88.3,2.12,7.985,48.08,102363.52
TWB14,Uvalde_2020_02,29.60214,-99.73007,436.7784,6/28/21,p,2021,05/30/2021 08:35 CDT,97345,22.26,87.7,1.67,7.985,55.49,102363.35
TWB14,Uvalde_2020_02,29.60214,-99.73007,436.7784,6/28/21,p,2021,05/30/2021 08:40 CDT,97345,22.25,88.2,1.805,7.985,69.55,102363.17
TWB14,Uvalde_2020_02,29.60214,-99.73007,436.7784,6/28/21,p,2021,05/30/2021 08:45 CDT,97346,22.23,88,1.91,7.985,71.95,102364.57
TWB14,Uvalde_2020_02,29.60214,-99.73007,436.7784,6/28/21,p,2021,05/30/2021 08:50 CDT,97352,22.21,88,1.765,7.985,54.13,102370.88
TWB14,Uvalde_2020_02,29.60214,-99.73007,436.7784,6/28/21,p,2021,05/30/2021 08:55 CDT,97355,22.18,88.4,2.495,7.985,64.76,102374.73
TWB14,Uvalde_2020_02,29.60214,-99.73007,436.7784,6/28/21,p,2021,05/30/2021 09:00 CDT,97346,22.17,89,1.97,7.985,79.06,102365.78
TWB14,Uvalde_2020_02,29.60214,-99.73007,436.7784,6/28/21,p,2021,05/30/2021 09:05 CDT,97347,22.23,88.6,2.25,7.985,98.12,102365.96
TWB14,Uvalde_2020_02,29.60214,-99.73007,436.7784,6/28/21,p,2021,05/30/2021 09:10 CDT,97353,22.23,89.4,2.63,7.985,67.05,102371.92
TWB14,Uvalde_2020_02,29.60214,-99.73007,436.7784,6/28/21,p,2021,05/30/2021 09:15 CDT,97358,22.2,90.5,2.24,7.985,90.57,102377.34
TWB14,Uvalde_2020_02,29.60214,-99.73007,436.7784,6/28/21,p,2021,05/30/2021 09:20 CDT,97365,22.24,89.7,2.82,7.985,95.62,102384.36
TWB14,Uvalde_2020_02,29.60214,-99.73007,436.7784,6/28/21,p,2021,05/30/2021 09:25 CDT,97372,22.27,90.2,2.255,7.985,95.16,102391.37
TWB14,Uvalde_2020_02,29.60214,-99.73007,436.7784,6/28/21,p,2021,05/30/2021 09:30 CDT,97371,22.32,89.4,2.8,7.985,114.65,102389.81
TWB14,Uvalde_2020_02,29.60214,-99.73007,436.7784,6/28/21,p,2021,05/30/2021 09:35 CDT,97372,22.5,88.1,2.655,7.985,203.27,102388.61
TWB14,Uvalde_2020_02,29.60214,-99.73007,436.7784,6/28/21,p,2021,05/30/2021 09:40 CDT,97371,22.74,87,2.885,7.985,161.7,102383.06
TWB14,Uvalde_2020_02,29.60214,-99.73007,436.7784,6/28/21,p,2021,05/30/2021 09:45 CDT,97372,22.7,88.4,2.745,7.985,146.37,102383.58
TWB14,Uvalde_2020_02,29.60214,-99.73007,436.7784,6/28/21,p,2021,05/30/2021 09:50 CDT,97373,22.75,87.8,2.815,7.985,147.45,102383.77
TWB14,Uvalde_2020_02,29.60214,-99.73007,436.7784,6/28/21,p,2021,05/30/2021 09:55 CDT,97375,22.78,87.9,2.42,7.985,166.53,102385
TWB14,Uvalde_2020_02,29.60214,-99.73007,436.7784,6/28/21,p,2021,05/30/2021 10:00 CDT,97383,22.87,88.3,1.815,7.985,143.09,102392.55
TWB14,Uvalde_2020_02,29.60214,-99.73007,436.7784,6/28/21,p,2021,05/30/2021 10:05 CDT,97387,22.8,89.2,1.915,7.985,85.63,102396.57
TWB14,Uvalde_2020_02,29.60214,-99.73007,436.7784,6/28/21,p,2021,05/30/2021 10:10 CDT,97391,22.64,90.5,1.555,7.985,35.5,102402.33
TWB14,Uvalde_2020_02,29.60214,-99.73007,436.7784,6/28/21,p,2021,05/30/2021 10:15 CDT,97389,22.4,91.8,1.96,7.985,89.53,102403.85
TWB14,Uvalde_2020_02,29.60214,-99.73007,436.7784,6/28/21,p,2021,05/30/2021 10:20 CDT,97396,22.42,92.6,2.115,7.985,225.31,102412.77
TWB14,Uvalde_2020_02,29.60214,-99.73007,436.7784,6/28/21,p,2021,05/30/2021 10:25 CDT,97396,22.72,91.2,2.36,7.985,221.46,102408.97
TWB14,Uvalde_2020_02,29.60214,-99.73007,436.7784,6/28/21,p,2021,05/30/2021 10:30 CDT,97402,22.77,90.2,3.065,7.985,178.19,102414.24
TWB14,Uvalde_2020_02,29.60214,-99.73007,436.7784,6/28/21,p,2021,05/30/2021 10:35 CDT,97410,22.96,87.9,2.855,7.985,336.98,102420.07
TWB14,Uvalde_2020_02,29.60214,-99.73007,436.7784,6/28/21,p,2021,05/30/2021 10:40 CDT,97408,23.47,85.4,2.81,7.985,438.04,102410.21
TWB14,Uvalde_2020_02,29.60214,-99.73007,436.7784,6/28/21,p,2021,05/30/2021 10:45 CDT,97405,23.79,85.3,2.17,7.985,281.06,102400.51
TWB14,Uvalde_2020_02,29.60214,-99.73007,436.7784,6/28/21,p,2021,05/30/2021 10:50 CDT,97398,23.94,83.5,2.52,7.985,328.49,102388.87
TWB14,Uvalde_2020_02,29.60214,-99.73007,436.7784,6/28/21,p,2021,05/30/2021 10:55 CDT,97392,23.98,82.7,2.315,7.985,205.45,102381.37
TWB14,Uvalde_2020_02,29.60214,-99.73007,436.7784,6/28/21,p,2021,05/30/2021 11:00 CDT,97389,24.08,80.3,2.735,7.985,263.92,102377.2
TWB14,Uvalde_2020_02,29.60214,-99.73007,436.7784,6/28/21,p,2021,05/30/2021 11:05 CDT,97391,24.07,80.2,2.995,7.985,268,102378.28
TWB14,Uvalde_2020_02,29.60214,-99.73007,436.7784,6/28/21,p,2021,05/30/2021 11:10 CDT,97396,24.13,83.2,2.355,7.985,282.12,102382.99
TWB14,Uvalde_2020_02,29.60214,-99.73007,436.7784,6/28/21,p,2021,05/30/2021 11:15 CDT,97404,24.63,78.4,2.01,7.985,554.8,102384.93
TWB14,Uvalde_2020_02,29.60214,-99.73007,436.7784,6/28/21,p,2021,05/30/2021 11:20 CDT,97414,24.94,77.96,2.75,7.985,513.33,102388.1
TWB14,Uvalde_2020_02,29.60214,-99.73007,436.7784,6/28/21,p,2021,05/30/2021 11:25 CDT,97412,25.05,75.97,2.745,7.985,408.88,102381.76
TWB14,Uvalde_2020_02,29.60214,-99.73007,436.7784,6/28/21,p,2021,05/30/2021 11:30 CDT,97410,25.1,75.05,3.09,7.985,465.04,102378.98
TWB14,Uvalde_2020_02,29.60214,-99.73007,436.7784,6/28/21,p,2021,05/30/2021 11:35 CDT,97406,25.14,76.26,2.875,7.985,344.35,102374.77
TWB14,Uvalde_2020_02,29.60214,-99.73007,436.7784,6/28/21,p,2021,05/30/2021 11:40 CDT,97408,25.1,74.24,2.865,7.985,245.33,102378.59
TWB14,Uvalde_2020_02,29.60214,-99.73007,436.7784,6/28/21,p,2021,05/30/2021 11:45 CDT,97406,25.15,75.18,2.305,7.985,255.47,102376.14
TWB14,Uvalde_2020_02,29.60214,-99.73007,436.7784,6/28/21,p,2021,05/30/2021 11:50 CDT,97404,25.14,74.87,2.73,7.985,155.25,102373.53
TWB14,Uvalde_2020_02,29.60214,-99.73007,436.7784,6/28/21,p,2021,05/30/2021 11:55 CDT,97402,24.9,75.28,2.63,7.985,157.19,102375.51
TWB14,Uvalde_2020_02,29.60214,-99.73007,436.7784,6/28/21,p,2021,05/30/2021 12:00 CDT,97396,24.89,75.98,2.34,7.985,220.29,102370.56
TWB14,Uvalde_2020_02,29.60214,-99.73007,436.7784,6/28/21,p,2021,05/30/2021 12:05 CDT,97388,25.23,70.49,3.07,7.985,566.7,102357.94
TWB14,Uvalde_2020_02,29.60214,-99.73007,436.7784,6/28/21,p,2021,05/30/2021 12:10 CDT,97386,25.61,69.78,3.63,7.985,529.88,102348.02
TWB14,Uvalde_2020_02,29.60214,-99.73007,436.7784,6/28/21,p,2021,05/30/2021 12:15 CDT,97382,26.24,71.47,2.27,7.985,665.27,102335.16
TWB14,Uvalde_2020_02,29.60214,-99.73007,436.7784,6/28/21,p,2021,05/30/2021 12:20 CDT,97378,26.48,66.78,3.595,8.065,721.24,102322.72
TWB14,Uvalde_2020_02,29.60214,-99.73007,436.7784,6/28/21,p,2021,05/30/2021 12:25 CDT,97370,26.52,67.36,3.23,8.065,627.19,102312.79
TWB14,Uvalde_2020_02,29.60214,-99.73007,436.7784,6/28/21,p,2021,05/30/2021 12:30 CDT,97363,26.51,68.5,2.505,8.065,495.91,102305.6
TWB14,Uvalde_2020_02,29.60214,-99.73007,436.7784,6/28/21,p,2021,05/30/2021 12:35 CDT,97362,26.92,63.92,3.68,8.9,696.08,102299.2
TWB14,Uvalde_2020_02,29.60214,-99.73007,436.7784,6/28/21,p,2021,05/30/2021 12:40 CDT,97347,26.67,66.81,3.365,8.4,468.13,102285.6
TWB14,Uvalde_2020_02,29.60214,-99.73007,436.7784,6/28/21,p,2021,05/30/2021 12:45 CDT,97348,26.73,64.82,2.87,8.4,670.25,102286.67
TWB14,Uvalde_2020_02,29.60214,-99.73007,436.7784,6/28/21,p,2021,05/30/2021 12:50 CDT,97350,26.99,66.54,3.06,8.4,546.56,102285.06
TWB14,Uvalde_2020_02,29.60214,-99.73007,436.7784,6/28/21,p,2021,05/30/2021 12:55 CDT,97346,26.87,65.25,3.1,8.4,502.34,102280.19
TWB14,Uvalde_2020_02,29.60214,-99.73007,436.7784,6/28/21,p,2021,05/30/2021 13:00 CDT,97339,27.06,66.26,2.75,8.4,555.84,102272.49
TWB14,Uvalde_2020_02,29.60214,-99.73007,436.7784,6/28/21,p,2021,05/30/2021 13:05 CDT,97333,27.23,67.5,2.48,8.4,561.37,102263.32
TWB14,Uvalde_2020_02,29.60214,-99.73007,436.7784,6/28/21,p,2021,05/30/2021 13:10 CDT,97323,27.36,62.15,2.945,8.4,337.33,102249.85
TWB14,Uvalde_2020_02,29.60214,-99.73007,436.7784,6/28/21,p,2021,05/30/2021 13:15 CDT,97323,27.05,66.09,2.745,8.4,437.22,102255.01
TWB14,Uvalde_2020_02,29.60214,-99.73007,436.7784,6/28/21,p,2021,05/30/2021 13:20 CDT,97314,27.19,65.68,3.31,8.4,567.58,102244.22
TWB14,Uvalde_2020_02,29.60214,-99.73007,436.7784,6/28/21,p,2021,05/30/2021 13:25 CDT,97312,27.17,62.89,3.35,8.4,538.6,102242.31
TWB14,Uvalde_2020_02,29.60214,-99.73007,436.7784,6/28/21,p,2021,05/30/2021 13:30 CDT,97309,27.28,65.58,3.265,8.4,750.41,102237.46
TWB14,Uvalde_2020_02,29.60214,-99.73007,436.7784,6/28/21,p,2021,05/30/2021 13:35 CDT,97307,27.45,64.3,3.385,8.4,536.99,102231.85
TWB14,Uvalde_2020_02,29.60214,-99.73007,436.7784,6/28/21,p,2021,05/30/2021 13:40 CDT,97297,27.32,62.85,3.435,8.4,714.2,102223.2
TWB14,Uvalde_2020_02,29.60214,-99.73007,436.7784,6/28/21,p,2021,05/30/2021 13:45 CDT,97285,27.35,59.72,4.01,8.4,769.23,102210.79
TWB14,Uvalde_2020_02,29.60214,-99.73007,436.7784,6/28/21,p,2021,05/30/2021 13:50 CDT,97281,27.62,61.44,3.135,8.4,382.95,102202.22
TWB14,Uvalde_2020_02,29.60214,-99.73007,436.7784,6/28/21,p,2021,05/30/2021 13:55 CDT,97279,27.46,59.45,3.135,8.4,484.92,102202.65
TWB14,Uvalde_2020_02,29.60214,-99.73007,436.7784,6/28/21,p,2021,05/30/2021 14:00 CDT,97277,27.64,61.97,2.79,8.4,526.72,102198.01
TWB14,Uvalde_2020_02,29.60214,-99.73007,436.7784,6/28/21,p,2021,05/30/2021 14:05 CDT,97275,27.65,62.24,2.79,8.4,610.69,102194.74
TWB14,Uvalde_2020_02,29.60214,-99.73007,436.7784,6/28/21,p,2021,05/30/2021 14:10 CDT,97268,27.86,59.41,2.82,8.4,500.37,102184.91
TWB14,Uvalde_2020_02,29.60214,-99.73007,436.7784,6/28/21,p,2021,05/30/2021 14:15 CDT,97270,27.82,62.71,2.655,8.4,692.65,102187.48
TWB14,Uvalde_2020_02,29.60214,-99.73007,436.7784,6/28/21,p,2021,05/30/2021 14:20 CDT,97270,27.86,58.91,3.145,8.4,373.09,102185.35
TWB14,Uvalde_2020_02,29.60214,-99.73007,436.7784,6/28/21,p,2021,05/30/2021 14:25 CDT,97274,27.78,60.19,3.525,8.4,500.85,102192.37
TWB14,Uvalde_2020_02,29.60214,-99.73007,436.7784,6/28/21,p,2021,05/30/2021 14:30 CDT,97261,27.75,61.46,3.335,8.4,336.27,102178.87
TWB14,Uvalde_2020_02,29.60214,-99.73007,436.7784,6/28/21,p,2021,05/30/2021 14:35 CDT,97266,27.52,61.97,2.845,8.4,237.17,102187.96
TWB14,Uvalde_2020_02,29.60214,-99.73007,436.7784,6/28/21,p,2021,05/30/2021 14:40 CDT,97253,27.58,60.45,2.385,8.4,266.21,102175.15
TWB14,Uvalde_2020_02,29.60214,-99.73007,436.7784,6/28/21,p,2021,05/30/2021 14:45 CDT,97247,27.56,59.68,3.075,8.4,309.58,102168.86
TWB14,Uvalde_2020_02,29.60214,-99.73007,436.7784,6/28/21,p,2021,05/30/2021 14:50 CDT,97251,27.56,58.33,3.295,8.4,365,102173.24
TWB14,Uvalde_2020_02,29.60214,-99.73007,436.7784,6/28/21,p,2021,05/30/2021 14:55 CDT,97249,27.84,61.33,2.095,8.4,394.18,102167.93
TWB14,Uvalde_2020_02,29.60214,-99.73007,436.7784,6/28/21,p,2021,05/30/2021 15:00 CDT,97242,28.02,61.87,2.78,8.4,345.4,102155.57
TWB14,Uvalde_2020_02,29.60214,-99.73007,436.7784,6/28/21,p,2021,05/30/2021 15:05 CDT,97247,27.95,59.85,2.725,8.4,324.12,102161.01
TWB14,Uvalde_2020_02,29.60214,-99.73007,436.7784,6/28/21,p,2021,05/30/2021 15:10 CDT,97249,27.91,60.46,2.355,8.4,311.14,102164.27
TWB14,Uvalde_2020_02,29.60214,-99.73007,436.7784,6/28/21,p,2021,05/30/2021 15:15 CDT,97246,27.85,60.46,2.675,8.4,203.1,102161.62
TWB14,Uvalde_2020_02,29.60214,-99.73007,436.7784,6/28/21,p,2021,05/30/2021 15:20 CDT,97236,27.66,60.45,2.615,8.4,207.29,102155.29
TWB14,Uvalde_2020_02,29.60214,-99.73007,436.7784,6/28/21,p,2021,05/30/2021 15:25 CDT,97223,27.61,62.34,2.73,8.4,289.7,102142.78
TWB14,Uvalde_2020_02,29.60214,-99.73007,436.7784,6/28/21,p,2021,05/30/2021 15:30 CDT,97223,27.83,60.12,1.94,8.4,284.89,102139.96
TWB14,Uvalde_2020_02,29.60214,-99.73007,436.7784,6/28/21,p,2021,05/30/2021 15:35 CDT,97222,27.76,61.5,3.265,8.4,252.91,102138.73
TWB14,Uvalde_2020_02,29.60214,-99.73007,436.7784,6/28/21,p,2021,05/30/2021 15:40 CDT,97217,27.65,64.43,2.62,8.4,308.46,102136.29
TWB14,Uvalde_2020_02,29.60214,-99.73007,436.7784,6/28/21,p,2021,05/30/2021 15:45 CDT,97213,27.85,60.6,2.42,8.4,326.85,102129.62
TWB14,Uvalde_2020_02,29.60214,-99.73007,436.7784,6/28/21,p,2021,05/30/2021 15:50 CDT,97205,28.02,60.9,2.28,8.4,307.11,102117.87
TWB14,Uvalde_2020_02,29.60214,-99.73007,436.7784,6/28/21,p,2021,05/30/2021 15:55 CDT,97201,27.91,61.58,2.79,8.4,265.57,102114.67
TWB14,Uvalde_2020_02,29.60214,-99.73007,436.7784,6/28/21,p,2021,05/30/2021 16:00 CDT,97201,27.69,61.71,2.815,8.4,185.03,102117.67
TWB14,Uvalde_2020_02,29.60214,-99.73007,436.7784,6/28/21,p,2021,05/30/2021 16:05 CDT,97196,27.5,62.79,2.535,8.4,207.46,102116.08
TWB14,Uvalde_2020_02,29.60214,-99.73007,436.7784,6/28/21,p,2021,05/30/2021 16:10 CDT,97199,27.29,63.43,3.565,8.4,232.55,102122.07
TWB14,Uvalde_2020_02,29.60214,-99.73007,436.7784,6/28/21,p,2021,05/30/2021 16:15 CDT,97201,26.99,66.39,3.34,8.4,232.21,102128.67
TWB14,Uvalde_2020_02,29.60214,-99.73007,436.7784,6/28/21,p,2021,05/30/2021 16:20 CDT,97194,26.76,67.4,2.93,8.4,228.78,102125.34
TWB14,Uvalde_2020_02,29.60214,-99.73007,436.7784,6/28/21,p,2021,05/30/2021 16:25 CDT,97188,26.61,65.92,2.865,8.4,238.1,102122.24
TWB14,Uvalde_2020_02,29.60214,-99.73007,436.7784,6/28/21,p,2021,05/30/2021 16:30 CDT,97176,26.67,63.29,2.385,8.4,245.22,102109.99
TWB14,Uvalde_2020_02,29.60214,-99.73007,436.7784,6/28/21,p,2021,05/30/2021 16:35 CDT,97174,26.89,60.6,2.12,8.4,248.68,102105.23
TWB14,Uvalde_2020_02,29.60214,-99.73007,436.7784,6/28/21,p,2021,05/30/2021 16:40 CDT,97168,26.98,61.21,2.105,8.4,260.68,102096.57
TWB14,Uvalde_2020_02,29.60214,-99.73007,436.7784,6/28/21,p,2021,05/30/2021 16:45 CDT,97167,27.02,60.97,2.185,8.4,273.07,102094.85
TWB14,Uvalde_2020_02,29.60214,-99.73007,436.7784,6/28/21,p,2021,05/30/2021 16:50 CDT,97170,27.02,59.86,2.49,8.4,270.6,102097.34
TWB14,Uvalde_2020_02,29.60214,-99.73007,436.7784,6/28/21,p,2021,05/30/2021 16:55 CDT,97170,26.97,61.98,2.045,8.4,258.02,102098.16
TWB14,Uvalde_2020_02,29.60214,-99.73007,436.7784,6/28/21,p,2021,05/30/2021 17:00 CDT,97170,26.96,64.27,2.235,8.4,261.35,102098.3
TWB14,Uvalde_2020_02,29.60214,-99.73007,436.7784,6/28/21,p,2021,05/30/2021 17:05 CDT,97167,26.99,64.64,2.31,8.4,247.44,102094.81
TWB14,Uvalde_2020_02,29.60214,-99.73007,436.7784,6/28/21,p,2021,05/30/2021 17:10 CDT,97164,26.94,65.65,2.77,8.4,247.53,102091.82
TWB14,Uvalde_2020_02,29.60214,-99.73007,436.7784,6/28/21,p,2021,05/30/2021 17:15 CDT,97166,26.94,67.31,2.195,8.4,272.41,102094.41
TWB14,Uvalde_2020_02,29.60214,-99.73007,436.7784,6/28/21,p,2021,05/30/2021 17:20 CDT,97172,27.02,67.88,2.965,8.4,272.16,102099.7
TWB14,Uvalde_2020_02,29.60214,-99.73007,436.7784,6/28/21,p,2021,05/30/2021 17:25 CDT,97176,27.09,67.68,2.485,8.4,251.41,102103.23
TWB14,Uvalde_2020_02,29.60214,-99.73007,436.7784,6/28/21,p,2021,05/30/2021 17:30 CDT,97166,27.15,67.75,2.425,8.4,243.79,102091.21
TWB14,Uvalde_2020_02,29.60214,-99.73007,436.7784,6/28/21,p,2021,05/30/2021 17:35 CDT,97157,27.21,67.44,2.245,8.4,216.33,102080.92
TWB14,Uvalde_2020_02,29.60214,-99.73007,436.7784,6/28/21,p,2021,05/30/2021 17:40 CDT,97161,27.18,66.94,2.885,8.4,176.77,102084.96
TWB14,Uvalde_2020_02,29.60214,-99.73007,436.7784,6/28/21,p,2021,05/30/2021 17:45 CDT,97170,26.6,69.23,4.67,8.485,64.86,102102.29
TWB14,Uvalde_2020_02,29.60214,-99.73007,436.7784,6/28/21,p,2021,05/30/2021 17:50 CDT,97178,25.82,70.78,4.92,9.23,89.55,102124.17
TWB14,Uvalde_2020_02,29.60214,-99.73007,436.7784,6/28/21,p,2021,05/30/2021 17:55 CDT,97175,25.54,71.32,4.3,9.23,121.31,102127.44
TWB14,Uvalde_2020_02,29.60214,-99.73007,436.7784,6/28/21,p,2021,05/30/2021 18:00 CDT,97172,25.49,71.02,3.645,9.23,141.58,102125.99
TWB14,Uvalde_2020_02,29.60214,-99.73007,436.7784,6/28/21,p,2021,05/30/2021 18:05 CDT,97167,25.43,71.52,3.385,9.23,149.54,102121.92
TWB14,Uvalde_2020_02,29.60214,-99.73007,436.7784,6/28/21,p,2021,05/30/2021 18:10 CDT,97171,25.26,72.87,3.79,9.23,146.94,102127.98
TWB14,Uvalde_2020_02,29.60214,-99.73007,436.7784,6/28/21,p,2021,05/30/2021 18:15 CDT,97169,25.09,75.03,3.52,9.23,139.66,102128.75
TWB14,Uvalde_2020_02,29.60214,-99.73007,436.7784,6/28/21,p,2021,05/30/2021 18:20 CDT,97171,24.98,74.77,3.765,8.735,131.35,102132.89
TWB14,Uvalde_2020_02,29.60214,-99.73007,436.7784,6/28/21,p,2021,05/30/2021 18:25 CDT,97182,24.94,74.63,3.135,8.735,129.84,102145.82
TWB14,Uvalde_2020_02,29.60214,-99.73007,436.7784,6/28/21,p,2021,05/30/2021 18:30 CDT,97181,24.98,75.24,2.92,8.735,132.47,102144.59
TWB14,Uvalde_2020_02,29.60214,-99.73007,436.7784,6/28/21,p,2021,05/30/2021 18:35 CDT,97180,25.03,74.77,2.54,8.735,127.82,102142.52
TWB14,Uvalde_2020_02,29.60214,-99.73007,436.7784,6/28/21,p,2021,05/30/2021 18:40 CDT,97178,25.02,75.51,3.5,8.735,114.24,102139.9
TWB14,Uvalde_2020_02,29.60214,-99.73007,436.7784,6/28/21,p,2021,05/30/2021 18:45 CDT,97167,24.92,76.08,2.955,8.735,103.67,102130.21
TWB14,Uvalde_2020_02,29.60214,-99.73007,436.7784,6/28/21,p,2021,05/30/2021 18:50 CDT,97167,24.91,76.49,2.745,8.735,92.86,102130.71
TWB14,Uvalde_2020_02,29.60214,-99.73007,436.7784,6/28/21,p,2021,05/30/2021 18:55 CDT,97170,24.89,75.91,2.31,8.735,81.64,102134.55
TWB14,Uvalde_2020_02,29.60214,-99.73007,436.7784,6/28/21,p,2021,05/30/2021 19:00 CDT,97162,24.84,76.92,2.905,8.735,75.96,102126.65
TWB14,Uvalde_2020_02,29.60214,-99.73007,436.7784,6/28/21,p,2021,05/30/2021 19:05 CDT,97152,24.81,77.67,1.935,8.735,73.34,102116.98
TWB14,Uvalde_2020_02,29.60214,-99.73007,436.7784,6/28/21,p,2021,05/30/2021 19:10 CDT,97146,24.79,77.6,2.75,8.735,68.93,102110.85
TWB14,Uvalde_2020_02,29.60214,-99.73007,436.7784,6/28/21,p,2021,05/30/2021 19:15 CDT,97151,24.76,77.4,2.29,8.735,60.51,102116.44
TWB14,Uvalde_2020_02,29.60214,-99.73007,436.7784,6/28/21,p,2021,05/30/2021 19:20 CDT,97155,24.73,77.41,2.895,8.735,49.29,102121.5
TWB14,Uvalde_2020_02,29.60214,-99.73007,436.7784,6/28/21,p,2021,05/30/2021 19:25 CDT,97147,24.7,78.52,2.695,7.815,46.42,102113.59
TWB14,Uvalde_2020_02,29.60214,-99.73007,436.7784,6/28/21,p,2021,05/30/2021 19:30 CDT,97139,24.65,78.49,2.52,7.815,37.73,102106.38
TWB14,Uvalde_2020_02,29.60214,-99.73007,436.7784,6/28/21,p,2021,05/30/2021 19:35 CDT,97143,24.59,78.49,2.74,7.815,44.26,102111.44
TWB14,Uvalde_2020_02,29.60214,-99.73007,436.7784,6/28/21,p,2021,05/30/2021 19:40 CDT,97158,24.55,78.39,2.895,7.815,46.3,102128.06
TWB14,Uvalde_2020_02,29.60214,-99.73007,436.7784,6/28/21,p,2021,05/30/2021 19:45 CDT,97162,24.52,78.22,3.13,7.815,48.4,102132.61
TWB14,Uvalde_2020_02,29.60214,-99.73007,436.7784,6/28/21,p,2021,05/30/2021 19:50 CDT,97163,24.48,77.21,3.28,7.815,56.84,102134.52
TWB14,Uvalde_2020_02,29.60214,-99.73007,436.7784,6/28/21,p,2021,05/30/2021 19:55 CDT,97167,24.49,78.29,3.12,7.815,59.17,102138.72
TWB14,Uvalde_2020_02,29.60214,-99.73007,436.7784,6/28/21,p,2021,05/30/2021 20:00 CDT,97183,24.49,77.88,2.825,7.815,45.32,102155.54
TWB14,Uvalde_2020_02,29.60214,-99.73007,436.7784,6/28/21,p,2021,05/30/2021 20:05 CDT,97194,24.41,77.95,3.275,7.815,34.67,102168.3
TWB14,Uvalde_2020_02,29.60214,-99.73007,436.7784,6/28/21,p,2021,05/30/2021 20:10 CDT,97202,24.31,77.48,3.125,7.815,27.37,102178.42
TWB14,Uvalde_2020_02,29.60214,-99.73007,436.7784,6/28/21,p,2021,05/30/2021 20:15 CDT,97214,24.23,77.89,3.5,7.815,16.87,102192.4
TWB14,Uvalde_2020_02,29.60214,-99.73007,436.7784,6/28/21,p,2021,05/30/2021 20:20 CDT,97222,24.14,78.3,3.245,7.815,10.5,102202.35
TWB14,Uvalde_2020_02,29.60214,-99.73007,436.7784,6/28/21,p,2021,05/30/2021 20:25 CDT,97224,24.06,78.84,3.28,7.815,7.46,102205.82
TWB14,Uvalde_2020_02,29.60214,-99.73007,436.7784,6/28/21,p,2021,05/30/2021 20:30 CDT,97226,23.98,78.84,2.985,7.815,4.75,102209.29
TWB14,Uvalde_2020_02,29.60214,-99.73007,436.7784,6/28/21,p,2021,05/30/2021 20:35 CDT,97253,23.92,78.77,2.63,7.815,1.58,102238.88
TWB14,Uvalde_2020_02,29.60214,-99.73007,436.7784,6/28/21,p,2021,05/30/2021 20:40 CDT,97277,23.88,77.93,2.925,7.815,0.3,102265.15
TWB14,Uvalde_2020_02,29.60214,-99.73007,436.7784,6/28/21,p,2021,05/30/2021 20:45 CDT,97286,23.82,77.56,3.51,7.815,0,102275.64
TWB14,Uvalde_2020_02,29.60214,-99.73007,436.7784,6/28/21,p,2021,05/30/2021 20:50 CDT,97303,23.77,77.62,3.585,7.815,0,102294.37
TWB14,Uvalde_2020_02,29.60214,-99.73007,436.7784,6/28/21,p,2021,05/30/2021 20:55 CDT,97306,23.74,78.23,2.925,7.815,0.08,102298.04
TWB14,Uvalde_2020_02,29.60214,-99.73007,436.7784,6/28/21,p,2021,05/30/2021 21:00 CDT,97306,23.67,78.57,2.5,7.815,0.06,102298.72
TWB14,Uvalde_2020_02,29.60214,-99.73007,436.7784,6/28/21,p,2021,05/30/2021 21:05 CDT,97315,23.59,78.94,2.225,7.815,0,102309.9
TWB14,Uvalde_2020_02,29.60214,-99.73007,436.7784,6/28/21,p,2021,05/30/2021 21:10 CDT,97326,23.53,79.41,2.015,7.815,0,102322.5
TWB14,Uvalde_2020_02,29.60214,-99.73007,436.7784,6/28/21,p,2021,05/30/2021 21:15 CDT,97328,23.49,79.75,2.345,7.815,0.01,102325.29
TWB14,Uvalde_2020_02,29.60214,-99.73007,436.7784,6/28/21,p,2021,05/30/2021 21:20 CDT,97335,23.48,79.52,3.385,7.815,0,102333.17
TWB14,Uvalde_2020_02,29.60214,-99.73007,436.7784,6/28/21,p,2021,05/30/2021 21:25 CDT,97354,23.47,79.45,2.965,7.815,0,102353.49
TWB14,Uvalde_2020_02,29.60214,-99.73007,436.7784,6/28/21,p,2021,05/30/2021 21:30 CDT,97357,23.41,79.93,2.445,7.815,0,102357.15
TWB14,Uvalde_2020_02,29.60214,-99.73007,436.7784,6/28/21,p,2021,05/30/2021 21:35 CDT,97366,23.37,79.32,3.34,7.815,0,102368
TWB14,Uvalde_2020_02,29.60214,-99.73007,436.7784,6/28/21,p,2021,05/30/2021 21:40 CDT,97368,23.35,79.63,2.415,7.815,0,102370.27
TWB14,Uvalde_2020_02,29.60214,-99.73007,436.7784,6/28/21,p,2021,05/30/2021 21:45 CDT,97370,23.32,79.74,3.185,7.815,0,102373.07
TWB14,Uvalde_2020_02,29.60214,-99.73007,436.7784,6/28/21,p,2021,05/30/2021 21:50 CDT,97373,23.34,79.87,2.805,7.815,0,102375.88
TWB14,Uvalde_2020_02,29.60214,-99.73007,436.7784,6/28/21,p,2021,05/30/2021 21:55 CDT,97373,23.33,79.87,3.49,7.815,0,102375.7
TWB14,Uvalde_2020_02,29.60214,-99.73007,436.7784,6/28/21,p,2021,05/30/2021 22:00 CDT,97373,23.34,79.74,4.545,7.815,0,102375.7
TWB14,Uvalde_2020_02,29.60214,-99.73007,436.7784,6/28/21,p,2021,05/30/2021 22:05 CDT,97370,23.35,80.2,3.5,7.815,0,102372.2
TWB14,Uvalde_2020_02,29.60214,-99.73007,436.7784,6/28/21,p,2021,05/30/2021 22:10 CDT,97378,23.32,80.3,3.465,7.815,0,102380.96
TWB14,Uvalde_2020_02,29.60214,-99.73007,436.7784,6/28/21,p,2021,05/30/2021 22:15 CDT,97395,23.36,79.94,4.6,8.735,0,102398.49
TWB14,Uvalde_2020_02,29.60214,-99.73007,436.7784,6/28/21,p,2021,05/30/2021 22:20 CDT,97395,23.34,80.3,3.29,8.735,0,102398.48
TWB14,Uvalde_2020_02,29.60214,-99.73007,436.7784,6/28/21,p,2021,05/30/2021 22:25 CDT,97402,23.31,80.3,3.35,8.735,0,102406.19
TWB14,Uvalde_2020_02,29.60214,-99.73007,436.7784,6/28/21,p,2021,05/30/2021 22:30 CDT,97400,23.29,80.3,3.37,8.735,0,102404.78
TWB14,Uvalde_2020_02,29.60214,-99.73007,436.7784,6/28/21,p,2021,05/30/2021 22:35 CDT,97401,23.27,80.7,4.185,8.735,0,102406.34
TWB14,Uvalde_2020_02,29.60214,-99.73007,436.7784,6/28/21,p,2021,05/30/2021 22:40 CDT,97405,23.28,80.2,4.525,9.115,0,102410.55
TWB14,Uvalde_2020_02,29.60214,-99.73007,436.7784,6/28/21,p,2021,05/30/2021 22:45 CDT,97417,23.31,79.94,4.695,9.115,0,102422.65
TWB14,Uvalde_2020_02,29.60214,-99.73007,436.7784,6/28/21,p,2021,05/30/2021 22:50 CDT,97425,23.29,80.7,3.41,9.115,0,102430.89
TWB14,Uvalde_2020_02,29.60214,-99.73007,436.7784,6/28/21,p,2021,05/30/2021 22:55 CDT,97441,23.23,81.1,3.13,9.115,0,102448.91
TWB14,Uvalde_2020_02,29.60214,-99.73007,436.7784,6/28/21,p,2021,05/30/2021 23:00 CDT,97452,23.21,81.3,3.73,9.115,0,102461
TWB14,Uvalde_2020_02,29.60214,-99.73007,436.7784,6/28/21,p,2021,05/30/2021 23:05 CDT,97462,23.21,81.8,4.35,9.115,0,102471.51
TWB14,Uvalde_2020_02,29.60214,-99.73007,436.7784,6/28/21,p,2021,05/30/2021 23:10 CDT,97460,23.18,82.2,3.945,9.115,0,102469.4
TWB14,Uvalde_2020_02,29.60214,-99.73007,436.7784,6/28/21,p,2021,05/30/2021 23:15 CDT,97476,23.18,82.2,2.905,9.115,0,102486.22
TWB14,Uvalde_2020_02,29.60214,-99.73007,436.7784,6/28/21,p,2021,05/30/2021 23:20 CDT,97481,23.2,81.8,3.96,9.365,0,102491.48
TWB14,Uvalde_2020_02,29.60214,-99.73007,436.7784,6/28/21,p,2021,05/30/2021 23:25 CDT,97487,23.19,81.8,3.595,9.2,0,102497.79
TWB14,Uvalde_2020_02,29.60214,-99.73007,436.7784,6/28/21,p,2021,05/30/2021 23:30 CDT,97486,23.2,81.6,3.55,9.2,0,102496.74
TWB14,Uvalde_2020_02,29.60214,-99.73007,436.7784,6/28/21,p,2021,05/30/2021 23:35 CDT,97481,23.2,82,3.13,9.2,0,102491.48
TWB14,Uvalde_2020_02,29.60214,-99.73007,436.7784,6/28/21,p,2021,05/30/2021 23:40 CDT,97480,23.17,82.1,2.77,9.2,0,102490.6
TWB14,Uvalde_2020_02,29.60214,-99.73007,436.7784,6/28/21,p,2021,05/30/2021 23:45 CDT,97477,23.16,80.4,3.71,9.2,0,102487.98
TWB14,Uvalde_2020_02,29.60214,-99.73007,436.7784,6/28/21,p,2021,05/30/2021 23:50 CDT,97458,23.18,80.1,2.95,9.2,0.01,102467.66
TWB14,Uvalde_2020_02,29.60214,-99.73007,436.7784,6/28/21,p,2021,05/30/2021 23:55 CDT,97454,23.15,80.3,3.455,9.2,0,102464.15
TWB14,Uvalde_2020_02,29.60214,-99.73007,436.7784,6/28/21,p,2021,05/31/2021 00:00 CDT,97449,23.1,81.4,3.035,9.2,0,102459.4
TWB14,Uvalde_2020_02,29.60214,-99.73007,436.7784,6/28/21,p,2021,05/31/2021 00:05 CDT,97443,23.05,81,3.425,9.2,0,102454.13
TWB14,Uvalde_2020_02,29.60214,-99.73007,436.7784,6/28/21,p,2021,05/31/2021 00:10 CDT,97443,23.01,81.2,3.07,9.2,0,102454.82
TWB14,Uvalde_2020_02,29.60214,-99.73007,436.7784,6/28/21,p,2021,05/31/2021 00:15 CDT,97444,22.97,81.2,3.06,9.2,0,102456.74
TWB14,Uvalde_2020_02,29.60214,-99.73007,436.7784,6/28/21,p,2021,05/31/2021 00:20 CDT,97431,22.92,81.4,3.08,9.2,0.03,102443.59
TWB14,Uvalde_2020_02,29.60214,-99.73007,436.7784,6/28/21,p,2021,05/31/2021 00:25 CDT,97427,22.91,81.1,3.665,9.2,0,102439.56
TWB14,Uvalde_2020_02,29.60214,-99.73007,436.7784,6/28/21,p,2021,05/31/2021 00:30 CDT,97418,22.87,81.6,3.56,9.2,0,102430.78
TWB14,Uvalde_2020_02,29.60214,-99.73007,436.7784,6/28/21,p,2021,05/31/2021 00:35 CDT,97422,22.86,81.4,3.995,9.2,0,102435.34
TWB14,Uvalde_2020_02,29.60214,-99.73007,436.7784,6/28/21,p,2021,05/31/2021 00:40 CDT,97423,22.83,81.4,3.64,9.2,0,102436.74
TWB14,Uvalde_2020_02,29.60214,-99.73007,436.7784,6/28/21,p,2021,05/31/2021 00:45 CDT,97404,22.79,82.2,3.59,9.2,0,102417.45
TWB14,Uvalde_2020_02,29.60214,-99.73007,436.7784,6/28/21,p,2021,05/31/2021 00:50 CDT,97415,22.75,81.6,3.79,10.115,0,102429.88
TWB14,Uvalde_2020_02,29.60214,-99.73007,436.7784,6/28/21,p,2021,05/31/2021 00:55 CDT,97413,22.79,81.6,3.3,9.535,0,102427.43
TWB14,Uvalde_2020_02,29.60214,-99.73007,436.7784,6/28/21,p,2021,05/31/2021 01:00 CDT,97420,22.79,81.7,4.22,9.535,0,102434.45
TWB14,Uvalde_2020_02,29.60214,-99.73007,436.7784,6/28/21,p,2021,05/31/2021 01:05 CDT,97417,22.75,82.4,3.53,9.535,0,102431.46
TWB14,Uvalde_2020_02,29.60214,-99.73007,436.7784,6/28/21,p,2021,05/31/2021 01:10 CDT,97418,22.72,81.8,4.325,10.115,0,102433.56
TWB14,Uvalde_2020_02,29.60214,-99.73007,436.7784,6/28/21,p,2021,05/31/2021 01:15 CDT,97407,22.7,82.2,3.205,9.7,0,102422.16
TWB14,Uvalde_2020_02,29.60214,-99.73007,436.7784,6/28/21,p,2021,05/31/2021 01:20 CDT,97392,22.65,82.4,3.245,9.7,0,102407.08
TWB14,Uvalde_2020_02,29.60214,-99.73007,436.7784,6/28/21,p,2021,05/31/2021 01:25 CDT,97376,22.61,82.8,3.065,9.7,0,102390.77
TWB14,Uvalde_2020_02,29.60214,-99.73007,436.7784,6/28/21,p,2021,05/31/2021 01:30 CDT,97360,22.56,82.7,4.155,9.7,0,102374.64
TWB14,Uvalde_2020_02,29.60214,-99.73007,436.7784,6/28/21,p,2021,05/31/2021 01:35 CDT,97352,22.54,83,3.99,9.7,0,102367.1
TWB14,Uvalde_2020_02,29.60214,-99.73007,436.7784,6/28/21,p,2021,05/31/2021 01:40 CDT,97364,22.49,83.2,3.88,9.215,0,102380.23
TWB14,Uvalde_2020_02,29.60214,-99.73007,436.7784,6/28/21,p,2021,05/31/2021 01:45 CDT,97369,22.44,83.3,3.145,9.215,0.15,102386.36
TWB14,Uvalde_2020_02,29.60214,-99.73007,436.7784,6/28/21,p,2021,05/31/2021 01:50 CDT,97365,22.41,82.6,4.075,9.215,0,102383.37
TWB14,Uvalde_2020_02,29.60214,-99.73007,436.7784,6/28/21,p,2021,05/31/2021 01:55 CDT,97363,22.41,82.8,3.635,9.215,0,102381.09
TWB14,Uvalde_2020_02,29.60214,-99.73007,436.7784,6/28/21,p,2021,05/31/2021 02:00 CDT,97366,22.39,82.8,4.21,9.215,0,102384.6
TWB14,Uvalde_2020_02,29.60214,-99.73007,436.7784,6/28/21,p,2021,05/31/2021 02:05 CDT,97368,22.37,82.9,3.73,9.215,0.08,102386.7
TWB14,Uvalde_2020_02,29.60214,-99.73007,436.7784,6/28/21,p,2021,05/31/2021 02:10 CDT,97371,22.31,83.3,3.49,9.215,0.1,102390.55
TWB14,Uvalde_2020_02,29.60214,-99.73007,436.7784,6/28/21,p,2021,05/31/2021 02:15 CDT,97368,22.21,82.9,3.735,9.215,0.12,102389.31
TWB14,Uvalde_2020_02,29.60214,-99.73007,436.7784,6/28/21,p,2021,05/31/2021 02:20 CDT,97361,22.14,82.7,3.365,9.215,0.01,102383.34
TWB14,Uvalde_2020_02,29.60214,-99.73007,436.7784,6/28/21,p,2021,05/31/2021 02:25 CDT,97365,22.13,82.2,4.64,9.215,0,102388.42
TWB14,Uvalde_2020_02,29.60214,-99.73007,436.7784,6/28/21,p,2021,05/31/2021 02:30 CDT,97356,22.13,82,3.75,9.385,0,102378.78
TWB14,Uvalde_2020_02,29.60214,-99.73007,436.7784,6/28/21,p,2021,05/31/2021 02:35 CDT,97351,22.1,82,3.255,9.385,0.02,102373.7
TWB14,Uvalde_2020_02,29.60214,-99.73007,436.7784,6/28/21,p,2021,05/31/2021 02:40 CDT,97345,22.07,82.6,3.16,9.385,0,102368.08
TWB14,Uvalde_2020_02,29.60214,-99.73007,436.7784,6/28/21,p,2021,05/31/2021 02:45 CDT,97348,22.06,82.6,3.1,9.385,0,102371.23
TWB14,Uvalde_2020_02,29.60214,-99.73007,436.7784,6/28/21,p,2021,05/31/2021 02:50 CDT,97347,22.07,82.5,3.965,9.385,0,102370.18
TWB14,Uvalde_2020_02,29.60214,-99.73007,436.7784,6/28/21,p,2021,05/31/2021 02:55 CDT,97345,22.02,82.9,3.365,9.385,0,102368.6
TWB14,Uvalde_2020_02,29.60214,-99.73007,436.7784,6/28/21,p,2021,05/31/2021 03:00 CDT,97337,21.97,83.5,2.735,9.385,0,102361.05
TWB14,Uvalde_2020_02,29.60214,-99.73007,436.7784,6/28/21,p,2021,05/31/2021 03:05 CDT,97325,21.93,83,3.315,9.385,0,102349.48
TWB14,Uvalde_2020_02,29.60214,-99.73007,436.7784,6/28/21,p,2021,05/31/2021 03:10 CDT,97329,21.97,83,3.545,9.385,0,102353.34
TWB14,Uvalde_2020_02,29.60214,-99.73007,436.7784,6/28/21,p,2021,05/31/2021 03:15 CDT,97335,21.95,83.4,2.65,9.385,0.01,102359.3
TWB14,Uvalde_2020_02,29.60214,-99.73007,436.7784,6/28/21,p,2021,05/31/2021 03:20 CDT,97328,21.91,83,2.955,9.385,0,102352.98
TWB14,Uvalde_2020_02,29.60214,-99.73007,436.7784,6/28/21,p,2021,05/31/2021 03:25 CDT,97333,21.88,83.2,3.08,8.715,0,102359.11
TWB14,Uvalde_2020_02,29.60214,-99.73007,436.7784,6/28/21,p,2021,05/31/2021 03:30 CDT,97335,21.87,83,2.895,8.715,0,102361.39
TWB14,Uvalde_2020_02,29.60214,-99.73007,436.7784,6/28/21,p,2021,05/31/2021 03:35 CDT,97327,21.84,83.4,2.715,8.715,0,102353.15
TWB14,Uvalde_2020_02,29.60214,-99.73007,436.7784,6/28/21,p,2021,05/31/2021 03:40 CDT,97327,21.82,83.2,2.51,8.715,0,102353.5
TWB14,Uvalde_2020_02,29.60214,-99.73007,436.7784,6/28/21,p,2021,05/31/2021 03:45 CDT,97335,21.83,83.6,3.11,8.715,0,102361.91
TWB14,Uvalde_2020_02,29.60214,-99.73007,436.7784,6/28/21,p,2021,05/31/2021 03:50 CDT,97342,21.84,83,2.975,8.715,0,102369.1
TWB14,Uvalde_2020_02,29.60214,-99.73007,436.7784,6/28/21,p,2021,05/31/2021 03:55 CDT,97348,21.88,83.1,3.615,8.715,0,102375.06
TWB14,Uvalde_2020_02,29.60214,-99.73007,436.7784,6/28/21,p,2021,05/31/2021 04:00 CDT,97346,21.91,82.8,3.45,8.715,0,102372.26
TWB14,Uvalde_2020_02,29.60214,-99.73007,436.7784,6/28/21,p,2021,05/31/2021 04:05 CDT,97346,21.93,83.1,2.725,8.715,0,102371.74
TWB14,Uvalde_2020_02,29.60214,-99.73007,436.7784,6/28/21,p,2021,05/31/2021 04:10 CDT,97346,21.93,82.6,3.86,8.715,0,102371.74
TWB14,Uvalde_2020_02,29.60214,-99.73007,436.7784,6/28/21,p,2021,05/31/2021 04:15 CDT,97334,21.95,82.8,3.53,9.385,0,102358.6
TWB14,Uvalde_2020_02,29.60214,-99.73007,436.7784,6/28/21,p,2021,05/31/2021 04:20 CDT,97330,21.95,82.8,3.875,9.385,0,102354.57
TWB14,Uvalde_2020_02,29.60214,-99.73007,436.7784,6/28/21,p,2021,05/31/2021 04:25 CDT,97339,21.98,81.5,4.365,9.385,0,102363.52
TWB14,Uvalde_2020_02,29.60214,-99.73007,436.7784,6/28/21,p,2021,05/31/2021 04:30 CDT,97345,22.01,82,3.765,9.385,0,102369.3
TWB14,Uvalde_2020_02,29.60214,-99.73007,436.7784,6/28/21,p,2021,05/31/2021 04:35 CDT,97345,21.97,82.7,3.24,9.385,0,102369.47
TWB14,Uvalde_2020_02,29.60214,-99.73007,436.7784,6/28/21,p,2021,05/31/2021 04:40 CDT,97336,21.94,82.7,3.08,9.385,0,102360.35
TWB14,Uvalde_2020_02,29.60214,-99.73007,436.7784,6/28/21,p,2021,05/31/2021 04:45 CDT,97335,21.91,83.3,3.67,9.385,0,102360.17
TWB14,Uvalde_2020_02,29.60214,-99.73007,436.7784,6/28/21,p,2021,05/31/2021 04:50 CDT,97344,21.9,83.4,3.925,8.715,0,102369.81
TWB14,Uvalde_2020_02,29.60214,-99.73007,436.7784,6/28/21,p,2021,05/31/2021 04:55 CDT,97345,21.89,83.8,3.78,8.715,0.73,102371.03
TWB14,Uvalde_2020_02,29.60214,-99.73007,436.7784,6/28/21,p,2021,05/31/2021 05:00 CDT,97352,21.87,84.3,3.325,8.715,0.01,102378.91
TWB14,Uvalde_2020_02,29.60214,-99.73007,436.7784,6/28/21,p,2021,05/31/2021 05:05 CDT,97361,21.85,84.3,3.285,8.715,0,102388.55
TWB14,Uvalde_2020_02,29.60214,-99.73007,436.7784,6/28/21,p,2021,05/31/2021 05:10 CDT,97361,21.86,84.5,3.305,8.715,0,102388.55
TWB14,Uvalde_2020_02,29.60214,-99.73007,436.7784,6/28/21,p,2021,05/31/2021 05:15 CDT,97367,21.83,85.1,3.21,8.715,0.09,102395.03
TWB14,Uvalde_2020_02,29.60214,-99.73007,436.7784,6/28/21,p,2021,05/31/2021 05:20 CDT,97372,21.79,85,2.63,8.715,0.02,102400.81
TWB14,Uvalde_2020_02,29.60214,-99.73007,436.7784,6/28/21,p,2021,05/31/2021 05:25 CDT,97372,21.77,86.4,3.1,8.715,3,102400.98
TWB14,Uvalde_2020_02,29.60214,-99.73007,436.7784,6/28/21,p,2021,05/31/2021 05:30 CDT,97377,21.55,88.9,2.175,8.715,4.3,102408.83
TWB14,Uvalde_2020_02,29.60214,-99.73007,436.7784,6/28/21,p,2021,05/31/2021 05:35 CDT,97373,21.35,90.1,2.575,8.715,2.7,102408.29
TWB14,Uvalde_2020_02,29.60214,-99.73007,436.7784,6/28/21,p,2021,05/31/2021 05:40 CDT,97373,21.17,91.2,2.43,8.715,1.99,102411.78
TWB14,Uvalde_2020_02,29.60214,-99.73007,436.7784,6/28/21,p,2021,05/31/2021 05:45 CDT,97375,21.11,90.7,3.19,8.715,1.79,102415.99
TWB14,Uvalde_2020_02,29.60214,-99.73007,436.7784,6/28/21,p,2021,05/31/2021 05:50 CDT,97375,21.08,90,2.895,8.715,1.29,102417.4
TWB14,Uvalde_2020_02,29.60214,-99.73007,436.7784,6/28/21,p,2021,05/31/2021 05:55 CDT,97374,21.11,89.4,2.965,8.715,1.38,102416.35
TWB14,Uvalde_2020_02,29.60214,-99.73007,436.7784,6/28/21,p,2021,05/31/2021 06:00 CDT,97374,21.13,89.2,2.805,8.715,1.09,102416.18
TWB14,Uvalde_2020_02,29.60214,-99.73007,436.7784,6/28/21,p,2021,05/31/2021 06:05 CDT,97379,21.09,89.1,2.755,8.715,0.67,102421.61
TWB14,Uvalde_2020_02,29.60214,-99.73007,436.7784,6/28/21,p,2021,05/31/2021 06:10 CDT,97391,21.06,89.5,1.92,8.715,0.74,102434.23
TWB14,Uvalde_2020_02,29.60214,-99.73007,436.7784,6/28/21,p,2021,05/31/2021 06:15 CDT,97392,21.04,89.6,2.09,8.715,0.24,102436.16
TWB14,Uvalde_2020_02,29.60214,-99.73007,436.7784,6/28/21,p,2021,05/31/2021 06:20 CDT,97402,21.07,89.3,2.165,8.715,0.02,102446.68
TWB14,Uvalde_2020_02,29.60214,-99.73007,436.7784,6/28/21,p,2021,05/31/2021 06:25 CDT,97405,21.14,89,2.29,8.715,0.34,102448.61
TWB14,Uvalde_2020_02,29.60214,-99.73007,436.7784,6/28/21,p,2021,05/31/2021 06:30 CDT,97416,21.2,88.7,2.155,8.715,0.64,102458.78
TWB14,Uvalde_2020_02,29.60214,-99.73007,436.7784,6/28/21,p,2021,05/31/2021 06:35 CDT,97420,21.31,87.5,2.915,8.715,1.19,102461.76
TWB14,Uvalde_2020_02,29.60214,-99.73007,436.7784,6/28/21,p,2021,05/31/2021 06:40 CDT,97418,21.35,87.3,2.735,8.715,3.52,102458.61
TWB14,Uvalde_2020_02,29.60214,-99.73007,436.7784,6/28/21,p,2021,05/31/2021 06:45 CDT,97430,21.37,87.3,2.875,8.715,3.15,102470.71
TWB14,Uvalde_2020_02,29.60214,-99.73007,436.7784,6/28/21,p,2021,05/31/2021 06:50 CDT,97431,21.4,87.2,3.48,8.715,3.7,102471.06
TWB14,Uvalde_2020_02,29.60214,-99.73007,436.7784,6/28/21,p,2021,05/31/2021 06:55 CDT,97434,21.46,87.6,3.4,8.715,5.3,102472.81
TWB14,Uvalde_2020_02,29.60214,-99.73007,436.7784,6/28/21,p,2021,05/31/2021 07:00 CDT,97445,21.48,87.5,3.115,8.715,6.21,102483.86
TWB14,Uvalde_2020_02,29.60214,-99.73007,436.7784,6/28/21,p,2021,05/31/2021 07:05 CDT,97442,21.51,87.4,3.01,8.715,9.07,102480
TWB14,Uvalde_2020_02,29.60214,-99.73007,436.7784,6/28/21,p,2021,05/31/2021 07:10 CDT,97444,21.54,87.1,2.995,8.715,13.76,102481.76
TWB14,Uvalde_2020_02,29.60214,-99.73007,436.7784,6/28/21,p,2021,05/31/2021 07:15 CDT,97460,21.56,87.1,2.905,8.715,14.23,102498.41
TWB14,Uvalde_2020_02,29.60214,-99.73007,436.7784,6/28/21,p,2021,05/31/2021 07:20 CDT,97468,21.56,87.5,2.555,8.715,17.82,102506.3
TWB14,Uvalde_2020_02,29.60214,-99.73007,436.7784,6/28/21,p,2021,05/31/2021 07:25 CDT,97468,21.57,87.2,2.59,8.715,24.93,102506.12
TWB14,Uvalde_2020_02,29.60214,-99.73007,436.7784,6/28/21,p,2021,05/31/2021 07:30 CDT,97478,21.6,86.7,2.72,8.715,27.11,102516.29
TWB14,Uvalde_2020_02,29.60214,-99.73007,436.7784,6/28/21,p,2021,05/31/2021 07:35 CDT,97485,21.65,86.6,2.71,8.385,31.79,102522.78
TWB14,Uvalde_2020_02,29.60214,-99.73007,436.7784,6/28/21,p,2021,05/31/2021 07:40 CDT,97489,21.7,86.8,2.53,8.385,46.86,102525.94
TWB14,Uvalde_2020_02,29.60214,-99.73007,436.7784,6/28/21,p,2021,05/31/2021 07:45 CDT,97497,21.77,86.4,2.295,8.385,35.69,102533.13
TWB14,Uvalde_2020_02,29.60214,-99.73007,436.7784,6/28/21,p,2021,05/31/2021 07:50 CDT,97493,21.79,86.4,2.4,8.385,28.24,102528.23
TWB14,Uvalde_2020_02,29.60214,-99.73007,436.7784,6/28/21,p,2021,05/31/2021 07:55 CDT,97499,21.79,86.3,2.465,8.385,24.72,102534.36
TWB14,Uvalde_2020_02,29.60214,-99.73007,436.7784,6/28/21,p,2021,05/31/2021 08:00 CDT,97506,21.78,86.7,1.815,8.385,27.36,102541.72
TWB14,Uvalde_2020_02,29.60214,-99.73007,436.7784,6/28/21,p,2021,05/31/2021 08:05 CDT,97512,21.78,86.4,2.28,8.385,21.45,102548.03
TWB14,Uvalde_2020_02,29.60214,-99.73007,436.7784,6/28/21,p,2021,05/31/2021 08:10 CDT,97511,21.8,85.5,3.36,8.385,32.03,102547.16
TWB14,Uvalde_2020_02,29.60214,-99.73007,436.7784,6/28/21,p,2021,05/31/2021 08:15 CDT,97510,21.85,85.3,3.12,8.385,35.26,102545.59
TWB14,Uvalde_2020_02,29.60214,-99.73007,436.7784,6/28/21,p,2021,05/31/2021 08:20 CDT,97520,21.86,85.7,2.17,8.385,33.13,102555.75
TWB14,Uvalde_2020_02,29.60214,-99.73007,436.7784,6/28/21,p,2021,05/31/2021 08:25 CDT,97530,21.87,85.5,2.465,8.385,30.95,102565.92
TWB14,Uvalde_2020_02,29.60214,-99.73007,436.7784,6/28/21,p,2021,05/31/2021 08:30 CDT,97523,21.89,85.1,2.575,8.385,32.86,102558.21
TWB14,Uvalde_2020_02,29.60214,-99.73007,436.7784,6/28/21,p,2021,05/31/2021 08:35 CDT,97522,21.92,84.4,2.89,8.385,55.84,102556.82
TWB14,Uvalde_2020_02,29.60214,-99.73007,436.7784,6/28/21,p,2021,05/31/2021 08:40 CDT,97529,22.01,84.1,2.165,8.385,56.94,102562.61
TWB14,Uvalde_2020_02,29.60214,-99.73007,436.7784,6/28/21,p,2021,05/31/2021 08:45 CDT,97535,22.05,84.5,2.34,8.385,44.2,102567.87
TWB14,Uvalde_2020_02,29.60214,-99.73007,436.7784,6/28/21,p,2021,05/31/2021 08:50 CDT,97536,22.05,84.1,2.37,8.385,44.92,102568.75
TWB14,Uvalde_2020_02,29.60214,-99.73007,436.7784,6/28/21,p,2021,05/31/2021 08:55 CDT,97543,22.06,84.9,2.18,8.385,37.5,102575.58
TWB14,Uvalde_2020_02,29.60214,-99.73007,436.7784,6/28/21,p,2021,05/31/2021 09:00 CDT,97545,22.06,84.5,2.025,8.385,32.96,102577.69
TWB14,Uvalde_2020_02,29.60214,-99.73007,436.7784,6/28/21,p,2021,05/31/2021 09:05 CDT,97555,22.06,84.1,1.9,8.385,30.41,102588.21
TWB14,Uvalde_2020_02,29.60214,-99.73007,436.7784,6/28/21,p,2021,05/31/2021 09:10 CDT,97559,22.05,84.1,2.325,8.385,33.46,102592.76
TWB14,Uvalde_2020_02,29.60214,-99.73007,436.7784,6/28/21,p,2021,05/31/2021 09:15 CDT,97560,22.06,84.2,2.125,8.385,31.51,102593.64
TWB14,Uvalde_2020_02,29.60214,-99.73007,436.7784,6/28/21,p,2021,05/31/2021 09:20 CDT,97547,22.06,83.9,2.56,8.385,44.03,102580.15
TWB14,Uvalde_2020_02,29.60214,-99.73007,436.7784,6/28/21,p,2021,05/31/2021 09:25 CDT,97533,22.11,84.1,2.98,8.385,101.63,102565.07
TWB14,Uvalde_2020_02,29.60214,-99.73007,436.7784,6/28/21,p,2021,05/31/2021 09:30 CDT,97518,22.29,82.3,2.885,8.385,174.08,102546.35
TWB14,Uvalde_2020_02,29.60214,-99.73007,436.7784,6/28/21,p,2021,05/31/2021 09:35 CDT,97509,22.51,81,3.59,8.715,216.37,102533.07
TWB14,Uvalde_2020_02,29.60214,-99.73007,436.7784,6/28/21,p,2021,05/31/2021 09:40 CDT,97500,22.71,81.4,2.97,8.715,221.04,102519.78
TWB14,Uvalde_2020_02,29.60214,-99.73007,436.7784,6/28/21,p,2021,05/31/2021 09:45 CDT,97502,22.79,79.81,3.585,8.8,149.97,102518.77
TWB14,Uvalde_2020_02,29.60214,-99.73007,436.7784,6/28/21,p,2021,05/31/2021 09:50 CDT,97501,22.66,79.77,3.83,8.715,165.41,102519.8
TWB14,Uvalde_2020_02,29.60214,-99.73007,436.7784,6/28/21,p,2021,05/31/2021 09:55 CDT,97503,22.7,80.6,2.71,8.715,108.91,102521.9
TWB14,Uvalde_2020_02,29.60214,-99.73007,436.7784,6/28/21,p,2021,05/31/2021 10:00 CDT,97500,22.66,81.1,2.735,8.715,88.82,102519.26
TWB14,Uvalde_2020_02,29.60214,-99.73007,436.7784,6/28/21,p,2021,05/31/2021 10:05 CDT,97495,22.6,80.5,3.725,8.715,114.45,102515.22
TWB14,Uvalde_2020_02,29.60214,-99.73007,436.7784,6/28/21,p,2021,05/31/2021 10:10 CDT,97489,22.6,79.61,3.475,8.715,131.12,102509.27
TWB14,Uvalde_2020_02,29.60214,-99.73007,436.7784,6/28/21,p,2021,05/31/2021 10:15 CDT,97478,22.65,79.64,3.87,8.965,205.43,102497.18
TWB14,Uvalde_2020_02,29.60214,-99.73007,436.7784,6/28/21,p,2021,05/31/2021 10:20 CDT,97468,22.81,79.07,4.045,8.965,252.17,102483.72
TWB14,Uvalde_2020_02,29.60214,-99.73007,436.7784,6/28/21,p,2021,05/31/2021 10:25 CDT,97473,22.93,77.79,3.77,8.965,240.07,102487.08
TWB14,Uvalde_2020_02,29.60214,-99.73007,436.7784,6/28/21,p,2021,05/31/2021 10:30 CDT,97472,23.07,77.78,2.845,8.965,216.35,102483.44
TWB14,Uvalde_2020_02,29.60214,-99.73007,436.7784,6/28/21,p,2021,05/31/2021 10:35 CDT,97462,23.21,77.51,3.4,8.965,274.12,102469.98
TWB14,Uvalde_2020_02,29.60214,-99.73007,436.7784,6/28/21,p,2021,05/31/2021 10:40 CDT,97474,23.35,76.7,2.75,8.965,167.94,102479.84
TWB14,Uvalde_2020_02,29.60214,-99.73007,436.7784,6/28/21,p,2021,05/31/2021 10:45 CDT,97474,23.26,76.09,3.435,8.965,122.52,102480.37
TWB14,Uvalde_2020_02,29.60214,-99.73007,436.7784,6/28/21,p,2021,05/31/2021 10:50 CDT,97464,23.05,77.16,3.255,8.715,145.94,102473.82
TWB14,Uvalde_2020_02,29.60214,-99.73007,436.7784,6/28/21,p,2021,05/31/2021 10:55 CDT,97453,23.05,77.32,3.06,8.715,160.78,102462.77
TWB14,Uvalde_2020_02,29.60214,-99.73007,436.7784,6/28/21,p,2021,05/31/2021 11:00 CDT,97443,23.07,77.63,3.095,8.715,130.82,102452.08
TWB14,Uvalde_2020_02,29.60214,-99.73007,436.7784,6/28/21,p,2021,05/31/2021 11:05 CDT,97429,23.08,76.51,2.545,8.715,123.03,102437.37
TWB14,Uvalde_2020_02,29.60214,-99.73007,436.7784,6/28/21,p,2021,05/31/2021 11:10 CDT,97426,23.07,77.15,2.885,8.715,127.68,102434.21
TWB14,Uvalde_2020_02,29.60214,-99.73007,436.7784,6/28/21,p,2021,05/31/2021 11:15 CDT,97424,23.13,76.68,2.05,8.715,127.09,102431.77
TWB14,Uvalde_2020_02,29.60214,-99.73007,436.7784,6/28/21,p,2021,05/31/2021 11:20 CDT,97419,23.14,76.55,2.765,8.715,121.87,102425.82
TWB14,Uvalde_2020_02,29.60214,-99.73007,436.7784,6/28/21,p,2021,05/31/2021 11:25 CDT,97416,23.09,77.32,2.735,8.715,94.88,102423.52
TWB14,Uvalde_2020_02,29.60214,-99.73007,436.7784,6/28/21,p,2021,05/31/2021 11:30 CDT,97420,23.03,76.68,2.87,8.715,84.14,102428.77
TWB14,Uvalde_2020_02,29.60214,-99.73007,436.7784,6/28/21,p,2021,05/31/2021 11:35 CDT,97426,22.98,76.68,3.22,8.715,98.21,102436.29
TWB14,Uvalde_2020_02,29.60214,-99.73007,436.7784,6/28/21,p,2021,05/31/2021 11:40 CDT,97436,23.02,76.51,2.87,8.715,82.86,102446.29
TWB14,Uvalde_2020_02,29.60214,-99.73007,436.7784,6/28/21,p,2021,05/31/2021 11:45 CDT,97441,23.01,75.87,2.63,8.715,73.89,102452.07
TWB14,Uvalde_2020_02,29.60214,-99.73007,436.7784,6/28/21,p,2021,05/31/2021 11:50 CDT,97441,22.98,76.95,2.96,8.715,56.36,102452.41
TWB14,Uvalde_2020_02,29.60214,-99.73007,436.7784,6/28/21,p,2021,05/31/2021 11:55 CDT,97438,22.95,76.95,2.805,8.715,72.74,102449.94
TWB14,Uvalde_2020_02,29.60214,-99.73007,436.7784,6/28/21,p,2021,05/31/2021 12:00 CDT,97441,22.97,77.25,2.485,8.715,50.69,102452.75
TWB14,Uvalde_2020_02,29.60214,-99.73007,436.7784,6/28/21,p,2021,05/31/2021 12:05 CDT,97441,22.94,77.46,2.145,8.715,62.35,102453.09
TWB14,Uvalde_2020_02,29.60214,-99.73007,436.7784,6/28/21,p,2021,05/31/2021 12:10 CDT,97441,22.95,77.63,2.54,8.715,100.49,102453.27
TWB14,Uvalde_2020_02,29.60214,-99.73007,436.7784,6/28/21,p,2021,05/31/2021 12:15 CDT,97437,22.99,78.2,2.535,8.715,81.68,102448.36
TWB14,Uvalde_2020_02,29.60214,-99.73007,436.7784,6/28/21,p,2021,05/31/2021 12:20 CDT,97426,23.05,78.37,2.38,8.715,134.96,102435.76
TWB14,Uvalde_2020_02,29.60214,-99.73007,436.7784,6/28/21,p,2021,05/31/2021 12:25 CDT,97427,23.18,77.19,2.69,8.715,124.32,102434.57
TWB14,Uvalde_2020_02,29.60214,-99.73007,436.7784,6/28/21,p,2021,05/31/2021 12:30 CDT,97423,23.21,76.82,2.755,8.715,111.85,102429.16
TWB14,Uvalde_2020_02,29.60214,-99.73007,436.7784,6/28/21,p,2021,05/31/2021 12:35 CDT,97414,23.27,75.77,2.75,8.715,188.91,102418.84
TWB14,Uvalde_2020_02,29.60214,-99.73007,436.7784,6/28/21,p,2021,05/31/2021 12:40 CDT,97396,23.41,76.34,2.885,8.715,209.1,102397.67
TWB14,Uvalde_2020_02,29.60214,-99.73007,436.7784,6/28/21,p,2021,05/31/2021 12:45 CDT,97387,23.58,75.2,3.075,8.715,212.8,102385.11
TWB14,Uvalde_2020_02,29.60214,-99.73007,436.7784,6/28/21,p,2021,05/31/2021 12:50 CDT,97386,23.57,75.84,3.065,8.715,154.79,102383.02
TWB14,Uvalde_2020_02,29.60214,-99.73007,436.7784,6/28/21,p,2021,05/31/2021 12:55 CDT,97371,23.61,75.57,2.61,8.715,141.71,102367.26
TWB14,Uvalde_2020_02,29.60214,-99.73007,436.7784,6/28/21,p,2021,05/31/2021 13:00 CDT,97362,23.69,75.54,2.25,8.715,115.34,102356.76
TWB14,Uvalde_2020_02,29.60214,-99.73007,436.7784,6/28/21,p,2021,05/31/2021 13:05 CDT,97363,23.67,74.56,2.985,8.715,86.53,102357.82
TWB14,Uvalde_2020_02,29.60214,-99.73007,436.7784,6/28/21,p,2021,05/31/2021 13:10 CDT,97357,23.56,74.46,3.09,8.715,114.88,102353.58
TWB14,Uvalde_2020_02,29.60214,-99.73007,436.7784,6/28/21,p,2021,05/31/2021 13:15 CDT,97335,23.69,73.31,2.505,8.715,128.17,102329.43
TWB14,Uvalde_2020_02,29.60214,-99.73007,436.7784,6/28/21,p,2021,05/31/2021 13:20 CDT,97325,23.79,75.4,2.715,8.715,120.17,102317
TWB14,Uvalde_2020_02,29.60214,-99.73007,436.7784,6/28/21,p,2021,05/31/2021 13:25 CDT,97305,23.85,74.79,2.675,8.715,170.32,102294.61
TWB14,Uvalde_2020_02,29.60214,-99.73007,436.7784,6/28/21,p,2021,05/31/2021 13:30 CDT,97291,23.96,73.41,3.665,8.715,186.75,102277.67
TWB14,Uvalde_2020_02,29.60214,-99.73007,436.7784,6/28/21,p,2021,05/31/2021 13:35 CDT,97278,24,74.46,3.385,8.715,194.16,102263.31
TWB14,Uvalde_2020_02,29.60214,-99.73007,436.7784,6/28/21,p,2021,05/31/2021 13:40 CDT,97277,24.06,73.98,2.985,8.715,167.19,102261.06
TWB14,Uvalde_2020_02,29.60214,-99.73007,436.7784,6/28/21,p,2021,05/31/2021 13:45 CDT,97257,24.11,73.98,2.84,8.715,195.26,102239.01
TWB14,Uvalde_2020_02,29.60214,-99.73007,436.7784,6/28/21,p,2021,05/31/2021 13:50 CDT,97252,24.14,74.25,3.305,8.715,160.37,102232.72
TWB14,Uvalde_2020_02,29.60214,-99.73007,436.7784,6/28/21,p,2021,05/31/2021 13:55 CDT,97248,24.03,73.78,3.09,8.715,97.88,102229.89
TWB14,Uvalde_2020_02,29.60214,-99.73007,436.7784,6/28/21,p,2021,05/31/2021 14:00 CDT,97234,23.9,74.89,3.155,8.715,99.09,102217.56
TWB14,Uvalde_2020_02,29.60214,-99.73007,436.7784,6/28/21,p,2021,05/31/2021 14:05 CDT,97240,23.83,75.33,2.525,8.715,80.19,102225.58
TWB14,Uvalde_2020_02,29.60214,-99.73007,436.7784,6/28/21,p,2021,05/31/2021 14:10 CDT,97233,23.84,75.26,2.51,8.715,128.44,102218.74
TWB14,Uvalde_2020_02,29.60214,-99.73007,436.7784,6/28/21,p,2021,05/31/2021 14:15 CDT,97214,23.95,75.5,2.85,8.715,163.25,102197.22
TWB14,Uvalde_2020_02,29.60214,-99.73007,436.7784,6/28/21,p,2021,05/31/2021 14:20 CDT,97211,24,74.89,2.98,8.715,130.34,102192.87
TWB14,Uvalde_2020_02,29.60214,-99.73007,436.7784,6/28/21,p,2021,05/31/2021 14:25 CDT,97227,23.99,75.33,2.69,8.715,85.74,102209.69
TWB14,Uvalde_2020_02,29.60214,-99.73007,436.7784,6/28/21,p,2021,05/31/2021 14:30 CDT,97240,23.97,75.87,2.205,8.715,58.29,102223.52
TWB14,Uvalde_2020_02,29.60214,-99.73007,436.7784,6/28/21,p,2021,05/31/2021 14:35 CDT,97227,23.9,76.41,2.665,8.715,81.26,102210.88
TWB14,Uvalde_2020_02,29.60214,-99.73007,436.7784,6/28/21,p,2021,05/31/2021 14:40 CDT,97212,23.93,77.42,2.685,8.715,191.74,102195.27
TWB14,Uvalde_2020_02,29.60214,-99.73007,436.7784,6/28/21,p,2021,05/31/2021 14:45 CDT,97201,24.24,74.46,2.825,8.715,237.77,102179.11
TWB14,Uvalde_2020_02,29.60214,-99.73007,436.7784,6/28/21,p,2021,05/31/2021 14:50 CDT,97208,24.38,73.55,2.92,8.715,162.69,102183.05
TWB14,Uvalde_2020_02,29.60214,-99.73007,436.7784,6/28/21,p,2021,05/31/2021 14:55 CDT,97212,24.29,74.49,3.305,8.715,176.68,102187.76
TWB14,Uvalde_2020_02,29.60214,-99.73007,436.7784,6/28/21,p,2021,05/31/2021 15:00 CDT,97201,24.33,74.52,3.24,8.715,188.62,102176.03
TWB14,Uvalde_2020_02,29.60214,-99.73007,436.7784,6/28/21,p,2021,05/31/2021 15:05 CDT,97198,24.41,74.25,3.515,8.715,203.57,102171.34
TWB14,Uvalde_2020_02,29.60214,-99.73007,436.7784,6/28/21,p,2021,05/31/2021 15:10 CDT,97200,24.49,74.35,3.52,8.715,196.67,102172.41
TWB14,Uvalde_2020_02,29.60214,-99.73007,436.7784,6/28/21,p,2021,05/31/2021 15:15 CDT,97203,24.55,76.27,2.57,8.715,170.69,102174.87
TWB14,Uvalde_2020_02,29.60214,-99.73007,436.7784,6/28/21,p,2021,05/31/2021 15:20 CDT,97202,24.6,75.26,2.815,8.715,118.96,102172.29
TWB14,Uvalde_2020_02,29.60214,-99.73007,436.7784,6/28/21,p,2021,05/31/2021 15:25 CDT,97195,24.54,75.19,2.545,8.715,136.9,102165.95
TWB14,Uvalde_2020_02,29.60214,-99.73007,436.7784,6/28/21,p,2021,05/31/2021 15:30 CDT,97194,24.55,74.99,3.015,8.715,127.32,102165.08
TWB14,Uvalde_2020_02,29.60214,-99.73007,436.7784,6/28/21,p,2021,05/31/2021 15:35 CDT,97196,24.55,75.19,2.9,8.715,113.67,102167.35
TWB14,Uvalde_2020_02,29.60214,-99.73007,436.7784,6/28/21,p,2021,05/31/2021 15:40 CDT,97194,24.58,76.1,1.99,8.715,101.94,102165.07
TWB14,Uvalde_2020_02,29.60214,-99.73007,436.7784,6/28/21,p,2021,05/31/2021 15:45 CDT,97192,24.61,75.25,3.195,8.715,116.16,102162.29
TWB14,Uvalde_2020_02,29.60214,-99.73007,436.7784,6/28/21,p,2021,05/31/2021 15:50 CDT,97193,24.63,75.59,2.745,8.715,133.96,102163
TWB14,Uvalde_2020_02,29.60214,-99.73007,436.7784,6/28/21,p,2021,05/31/2021 15:55 CDT,97190,24.72,76.5,2.585,8.715,170.76,102158.47
TWB14,Uvalde_2020_02,29.60214,-99.73007,436.7784,6/28/21,p,2021,05/31/2021 16:00 CDT,97186,24.84,75.66,2.335,8.715,149.07,102151.88
TWB14,Uvalde_2020_02,29.60214,-99.73007,436.7784,6/28/21,p,2021,05/31/2021 16:05 CDT,97179,24.9,75.73,2.435,8.715,178.4,102143.33
TWB14,Uvalde_2020_02,29.60214,-99.73007,436.7784,6/28/21,p,2021,05/31/2021 16:10 CDT,97176,25.02,74.38,2.115,8.715,167.41,102138.32
TWB14,Uvalde_2020_02,29.60214,-99.73007,436.7784,6/28/21,p,2021,05/31/2021 16:15 CDT,97169,25.26,74.65,1.49,8.715,238.59,102128.07
TWB14,Uvalde_2020_02,29.60214,-99.73007,436.7784,6/28/21,p,2021,05/31/2021 16:20 CDT,97161,25.59,71.92,1.925,8.715,369.16,102114.42
TWB14,Uvalde_2020_02,29.60214,-99.73007,436.7784,6/28/21,p,2021,05/31/2021 16:25 CDT,97145,25.99,71.95,2.235,8.715,392.26,102090.49
TWB14,Uvalde_2020_02,29.60214,-99.73007,436.7784,6/28/21,p,2021,05/31/2021 16:30 CDT,97140,26.09,71.41,2.775,8.715,194.65,102081.36
TWB14,Uvalde_2020_02,29.60214,-99.73007,436.7784,6/28/21,p,2021,05/31/2021 16:35 CDT,97138,26.07,72.29,2.17,8.715,210.91,102079.58
TWB14,Uvalde_2020_02,29.60214,-99.73007,436.7784,6/28/21,p,2021,05/31/2021 16:40 CDT,97137,25.99,73.06,2.71,8.715,162.78,102078.86
TWB14,Uvalde_2020_02,29.60214,-99.73007,436.7784,6/28/21,p,2021,05/31/2021 16:45 CDT,97136,25.93,72.42,2.42,8.715,174.6,102079.68
TWB14,Uvalde_2020_02,29.60214,-99.73007,436.7784,6/28/21,p,2021,05/31/2021 16:50 CDT,97135,25.9,72.95,3.465,8.715,190.05,102079.47
TWB14,Uvalde_2020_02,29.60214,-99.73007,436.7784,6/28/21,p,2021,05/31/2021 16:55 CDT,97133,26.02,70.69,3.01,8.715,265.31,102076.71
TWB14,Uvalde_2020_02,29.60214,-99.73007,436.7784,6/28/21,p,2021,05/31/2021 17:00 CDT,97133,26.2,69.85,3.025,8.715,226.31,102073.34
TWB14,Uvalde_2020_02,29.60214,-99.73007,436.7784,6/28/21,p,2021,05/31/2021 17:05 CDT,97133,26.21,70.32,2.915,8.715,227.86,102072.83
TWB14,Uvalde_2020_02,29.60214,-99.73007,436.7784,6/28/21,p,2021,05/31/2021 17:10 CDT,97133,26.19,69.92,2.74,8.715,148.21,102072.83
TWB14,Uvalde_2020_02,29.60214,-99.73007,436.7784,6/28/21,p,2021,05/31/2021 17:15 CDT,97133,26.05,71.3,2.995,8.715,153.65,102074.68
TWB14,Uvalde_2020_02,29.60214,-99.73007,436.7784,6/28/21,p,2021,05/31/2021 17:20 CDT,97132,26.1,69.34,2.455,8.715,177.06,102073.81
TWB14,Uvalde_2020_02,29.60214,-99.73007,436.7784,6/28/21,p,2021,05/31/2021 17:25 CDT,97132,26.19,69.38,2.56,8.715,138.87,102072.46
TWB14,Uvalde_2020_02,29.60214,-99.73007,436.7784,6/28/21,p,2021,05/31/2021 17:30 CDT,97132,26.15,70.32,2.465,8.715,98.16,102072.79
TWB14,Uvalde_2020_02,29.60214,-99.73007,436.7784,6/28/21,p,2021,05/31/2021 17:35 CDT,97133,26.09,70.12,2.245,8.715,96.29,102075.36
TWB14,Uvalde_2020_02,29.60214,-99.73007,436.7784,6/28/21,p,2021,05/31/2021 17:40 CDT,97132,26.07,69.01,3.365,8.715,104.44,102075
TWB14,Uvalde_2020_02,29.60214,-99.73007,436.7784,6/28/21,p,2021,05/31/2021 17:45 CDT,97127,26.05,69.85,2.705,8.215,87.03,102070.24
TWB14,Uvalde_2020_02,29.60214,-99.73007,436.7784,6/28/21,p,2021,05/31/2021 17:50 CDT,97121,26.01,69.14,2.7,8.215,69.53,102064.45
TWB14,Uvalde_2020_02,29.60214,-99.73007,436.7784,6/28/21,p,2021,05/31/2021 17:55 CDT,97120,25.97,68.5,2.495,8.215,66.05,102064.25
TWB14,Uvalde_2020_02,29.60214,-99.73007,436.7784,6/28/21,p,2021,05/31/2021 18:00 CDT,97128,25.97,69.85,2.15,8.215,69.36,102072.81
TWB14,Uvalde_2020_02,29.60214,-99.73007,436.7784,6/28/21,p,2021,05/31/2021 18:05 CDT,97132,25.98,68.37,2.455,8.215,74.39,102077.03
TWB14,Uvalde_2020_02,29.60214,-99.73007,436.7784,6/28/21,p,2021,05/31/2021 18:10 CDT,97132,26,68.97,2.46,8.215,78.36,102076.86
TWB14,Uvalde_2020_02,29.60214,-99.73007,436.7784,6/28/21,p,2021,05/31/2021 18:15 CDT,97135,25.99,70.66,1.68,8.215,61.51,102079.99
TWB14,Uvalde_2020_02,29.60214,-99.73007,436.7784,6/28/21,p,2021,05/31/2021 18:20 CDT,97138,25.98,70.32,1.96,8.215,62.45,102083.32
TWB14,Uvalde_2020_02,29.60214,-99.73007,436.7784,6/28/21,p,2021,05/31/2021 18:25 CDT,97138,25.97,70.12,2.175,8.215,57.03,102083.32
TWB14,Uvalde_2020_02,29.60214,-99.73007,436.7784,6/28/21,p,2021,05/31/2021 18:30 CDT,97154,25.97,70.66,1.95,8.215,56.45,102100.13
TWB14,Uvalde_2020_02,29.60214,-99.73007,436.7784,6/28/21,p,2021,05/31/2021 18:35 CDT,97167,25.96,70.12,1.62,8.215,45.69,102113.8
TWB14,Uvalde_2020_02,29.60214,-99.73007,436.7784,6/28/21,p,2021,05/31/2021 18:40 CDT,97183,25.95,69.58,1.545,8.215,42.15,102130.62
TWB14,Uvalde_2020_02,29.60214,-99.73007,436.7784,6/28/21,p,2021,05/31/2021 18:45 CDT,97187,25.95,70.86,1.67,8.215,37.07,102134.81
TWB14,Uvalde_2020_02,29.60214,-99.73007,436.7784,6/28/21,p,2021,05/31/2021 18:50 CDT,97188,25.89,70.73,1.23,8.215,31.87,102136.37
TWB14,Uvalde_2020_02,29.60214,-99.73007,436.7784,6/28/21,p,2021,05/31/2021 18:55 CDT,97196,25.84,71.07,1.315,8.215,17.38,102145.62
TWB14,Uvalde_2020_02,29.60214,-99.73007,436.7784,6/28/21,p,2021,05/31/2021 19:00 CDT,97196,25.76,71.1,1.29,8.215,10.32,102147.31
TWB14,Uvalde_2020_02,29.60214,-99.73007,436.7784,6/28/21,p,2021,05/31/2021 19:05 CDT,97215,25.67,71.27,1.04,8.215,9.46,102168.64
TWB14,Uvalde_2020_02,29.60214,-99.73007,436.7784,6/28/21,p,2021,05/31/2021 19:10 CDT,97218,25.64,72.29,0.855,8.215,10.31,102172.12
TWB14,Uvalde_2020_02,29.60214,-99.73007,436.7784,6/28/21,p,2021,05/31/2021 19:15 CDT,97219,25.53,73.91,0.665,8.215,9.52,102175.02
TWB14,Uvalde_2020_02,29.60214,-99.73007,436.7784,6/28/21,p,2021,05/31/2021 19:20 CDT,97238,25.43,73.74,0.58,8.215,9.82,102197.2
TWB14,Uvalde_2020_02,29.60214,-99.73007,436.7784,6/28/21,p,2021,05/31/2021 19:25 CDT,97249,25.35,76.06,0.1,8.215,7.89,102209.76
TWB14,Uvalde_2020_02,29.60214,-99.73007,436.7784,6/28/21,p,2021,05/31/2021 19:30 CDT,97246,25.33,76.74,0.725,8.215,5.34,102207.96
TWB14,Uvalde_2020_02,29.60214,-99.73007,436.7784,6/28/21,p,2021,05/31/2021 19:35 CDT,97246,25.08,77.81,0.165,8.215,4.99,102211.35
TWB14,Uvalde_2020_02,29.60214,-99.73007,436.7784,6/28/21,p,2021,05/31/2021 19:40 CDT,97247,24.92,79.6,0.015,8.215,4.35,102215.63
TWB14,Uvalde_2020_02,29.60214,-99.73007,436.7784,6/28/21,p,2021,05/31/2021 19:45 CDT,97235,24.76,80.9,0.48,8.215,6.78,102204.88
TWB14,Uvalde_2020_02,29.60214,-99.73007,436.7784,6/28/21,p,2021,05/31/2021 19:50 CDT,97196,24.6,82.7,1.06,8.215,12.38,102167.97
TWB14,Uvalde_2020_02,29.60214,-99.73007,436.7784,6/28/21,p,2021,05/31/2021 19:55 CDT,97159,24.39,81.6,1.815,8.215,15.55,102133.36
TWB14,Uvalde_2020_02,29.60214,-99.73007,436.7784,6/28/21,p,2021,05/31/2021 20:00 CDT,97143,24.18,82.6,2.275,8.215,15.34,102118.07
TWB14,Uvalde_2020_02,29.60214,-99.73007,436.7784,6/28/21,p,2021,05/31/2021 20:05 CDT,97129,23.96,84.1,1.715,8.215,12.33,102106.42
TWB14,Uvalde_2020_02,29.60214,-99.73007,436.7784,6/28/21,p,2021,05/31/2021 20:10 CDT,97136,23.9,84,0.835,8.215,8.68,102115.5
TWB14,Uvalde_2020_02,29.60214,-99.73007,436.7784,6/28/21,p,2021,05/31/2021 20:15 CDT,97144,24,82,0.96,8.215,4.59,102124.27
TWB14,Uvalde_2020_02,29.60214,-99.73007,436.7784,6/28/21,p,2021,05/31/2021 20:20 CDT,97152,24.19,80.6,0.935,8.215,2.26,102130.8
TWB14,Uvalde_2020_02,29.60214,-99.73007,436.7784,6/28/21,p,2021,05/31/2021 20:25 CDT,97158,24.29,80.3,0.74,8.215,1.72,102135.23
TWB14,Uvalde_2020_02,29.60214,-99.73007,436.7784,6/28/21,p,2021,05/31/2021 20:30 CDT,97169,24.34,80.3,1.01,8.215,0.5,102145.76
TWB14,Uvalde_2020_02,29.60214,-99.73007,436.7784,6/28/21,p,2021,05/31/2021 20:35 CDT,97178,24.29,80.2,0.98,8.215,0.07,102155.22
TWB14,Uvalde_2020_02,29.60214,-99.73007,436.7784,6/28/21,p,2021,05/31/2021 20:40 CDT,97209,24.33,80.1,0.905,8.215,0,102187.81
TWB14,Uvalde_2020_02,29.60214,-99.73007,436.7784,6/28/21,p,2021,05/31/2021 20:45 CDT,97226,24.3,80.4,0.62,8.215,0,102205.85
TWB14,Uvalde_2020_02,29.60214,-99.73007,436.7784,6/28/21,p,2021,05/31/2021 20:50 CDT,97242,24.21,80.7,0.27,8.215,0,102223.87
TWB14,Uvalde_2020_02,29.60214,-99.73007,436.7784,6/28/21,p,2021,05/31/2021 20:55 CDT,97271,24.18,82.1,0.18,8.215,0,102254.86
TWB14,Uvalde_2020_02,29.60214,-99.73007,436.7784,6/28/21,p,2021,05/31/2021 21:00 CDT,97282,24.12,82.2,0.45,8.215,0.01,102268.31
TWB14,Uvalde_2020_02,29.60214,-99.73007,436.7784,6/28/21,p,2021,05/31/2021 21:05 CDT,97282,24.04,82.4,0.525,8.215,0,102269.85
TWB14,Uvalde_2020_02,29.60214,-99.73007,436.7784,6/28/21,p,2021,05/31/2021 21:10 CDT,97286,24.02,82.2,0.35,8.215,0.04,102274.4
TWB14,Uvalde_2020_02,29.60214,-99.73007,436.7784,6/28/21,p,2021,05/31/2021 21:15 CDT,97293,24.01,80.9,0.535,8.215,0.07,102282.29
TWB14,Uvalde_2020_02,29.60214,-99.73007,436.7784,6/28/21,p,2021,05/31/2021 21:20 CDT,97290,24.14,80.6,0.53,8.215,0,102276.73
TWB14,Uvalde_2020_02,29.60214,-99.73007,436.7784,6/28/21,p,2021,05/31/2021 21:25 CDT,97300,24.14,81.9,0.07,8.215,0,102286.38
TWB14,Uvalde_2020_02,29.60214,-99.73007,436.7784,6/28/21,p,2021,05/31/2021 21:30 CDT,97316,24,84.5,0.36,8.215,0.21,102305.58
TWB14,Uvalde_2020_02,29.60214,-99.73007,436.7784,6/28/21,p,2021,05/31/2021 21:35 CDT,97317,23.9,83.4,0.02,8.215,0.29,102309.22
TWB14,Uvalde_2020_02,29.60214,-99.73007,436.7784,6/28/21,p,2021,05/31/2021 21:40 CDT,97320,23.86,84.5,0.005,8.215,0.14,102312.88
TWB14,Uvalde_2020_02,29.60214,-99.73007,436.7784,6/28/21,p,2021,05/31/2021 21:45 CDT,97339,23.84,84.7,0.68,8.215,0,102333.2
TWB14,Uvalde_2020_02,29.60214,-99.73007,436.7784,6/28/21,p,2021,05/31/2021 21:50 CDT,97330,23.86,84,0.54,8.215,0,102324.43
TWB14,Uvalde_2020_02,29.60214,-99.73007,436.7784,6/28/21,p,2021,05/31/2021 21:55 CDT,97335,23.92,83.3,0.425,8.215,0,102328.31
TWB14,Uvalde_2020_02,29.60214,-99.73007,436.7784,6/28/21,p,2021,05/31/2021 22:00 CDT,97340,24.01,80.8,0.435,8.215,0,102332.21
TWB14,Uvalde_2020_02,29.60214,-99.73007,436.7784,6/28/21,p,2021,05/31/2021 22:05 CDT,97338,24.14,82.3,0.56,8.215,0.03,102327.52
TWB14,Uvalde_2020_02,29.60214,-99.73007,436.7784,6/28/21,p,2021,05/31/2021 22:10 CDT,97322,24.1,82.5,1.03,8.215,0.2,102312.07
TWB14,Uvalde_2020_02,29.60214,-99.73007,436.7784,6/28/21,p,2021,05/31/2021 22:15 CDT,97316,23.99,80.7,1.485,8.215,0.03,102307.5
TWB14,Uvalde_2020_02,29.60214,-99.73007,436.7784,6/28/21,p,2021,05/31/2021 22:20 CDT,97311,24.09,80.1,0.945,8.215,0,102299.5
TWB14,Uvalde_2020_02,29.60214,-99.73007,436.7784,6/28/21,p,2021,05/31/2021 22:25 CDT,97323,24,82.2,0.54,8.215,0.1,102311.93
TWB14,Uvalde_2020_02,29.60214,-99.73007,436.7784,6/28/21,p,2021,05/31/2021 22:30 CDT,97342,23.88,81,0.575,8.215,0.1,102334.49
TWB14,Uvalde_2020_02,29.60214,-99.73007,436.7784,6/28/21,p,2021,05/31/2021 22:35 CDT,97358,24.1,78.73,1.955,8.215,0,102349.44
TWB14,Uvalde_2020_02,29.60214,-99.73007,436.7784,6/28/21,p,2021,05/31/2021 22:40 CDT,97362,24.32,78.26,1.15,7.215,0,102349.01
TWB14,Uvalde_2020_02,29.60214,-99.73007,436.7784,6/28/21,p,2021,05/31/2021 22:45 CDT,97367,24.33,77.79,0.355,7.215,0,102353.07
TWB14,Uvalde_2020_02,29.60214,-99.73007,436.7784,6/28/21,p,2021,05/31/2021 22:50 CDT,97372,24.4,76.98,1.645,7.215,0,102357.82
TWB14,Uvalde_2020_02,29.60214,-99.73007,436.7784,6/28/21,p,2021,05/31/2021 22:55 CDT,97373,24.42,77.31,0.715,7.215,0,102357.49
TWB14,Uvalde_2020_02,29.60214,-99.73007,436.7784,6/28/21,p,2021,05/31/2021 23:00 CDT,97396,24.35,77.25,0.49,7.215,0,102382.36
TWB14,Uvalde_2020_02,29.60214,-99.73007,436.7784,6/28/21,p,2021,05/31/2021 23:05 CDT,97427,24.33,77.52,0.4,7.215,0.13,102415.28
TWB14,Uvalde_2020_02,29.60214,-99.73007,436.7784,6/28/21,p,2021,05/31/2021 23:10 CDT,97458,24.32,78.12,0.295,7.215,0.22,102448.55
TWB14,Uvalde_2020_02,29.60214,-99.73007,436.7784,6/28/21,p,2021,05/31/2021 23:15 CDT,97463,24.31,77.38,0.225,7.215,0.06,102453.82
TWB14,Uvalde_2020_02,29.60214,-99.73007,436.7784,6/28/21,p,2021,05/31/2021 23:20 CDT,97453,24.29,77.78,0.765,7.215,1.43,102443.81
TWB14,Uvalde_2020_02,29.60214,-99.73007,436.7784,6/28/21,p,2021,05/31/2021 23:25 CDT,97465,24.27,79.03,0.635,7.215,5.61,102457.45
TWB14,Uvalde_2020_02,29.60214,-99.73007,436.7784,6/28/21,p,2021,05/31/2021 23:30 CDT,97472,24.08,82.6,0.53,7.215,5.29,102467.53
TWB14,Uvalde_2020_02,29.60214,-99.73007,436.7784,6/28/21,p,2021,05/31/2021 23:35 CDT,97475,23.63,85.7,0.34,7.215,2.73,102477.37
TWB14,Uvalde_2020_02,29.60214,-99.73007,436.7784,6/28/21,p,2021,05/31/2021 23:40 CDT,97465,23.13,88.4,0.75,7.215,1.74,102474.09
TWB14,Uvalde_2020_02,29.60214,-99.73007,436.7784,6/28/21,p,2021,05/31/2021 23:45 CDT,97469,22.84,89.1,0.505,7.215,0.91,102482.97
TWB14,Uvalde_2020_02,29.60214,-99.73007,436.7784,6/28/21,p,2021,05/31/2021 23:50 CDT,97498,22.72,88.6,0.39,7.215,1.07,102515.89
TWB14,Uvalde_2020_02,29.60214,-99.73007,436.7784,6/28/21,p,2021,05/31/2021 23:55 CDT,97530,22.64,90.5,2.055,7.215,0.94,102552.47
TWB14,Uvalde_2020_02,29.60214,-99.73007,436.7784,6/28/21,p,2021,06/01/2021 00:00 CDT,97553,22.52,91.8,3.545,8.385,0.11,102578.56
TWB14,Uvalde_2020_02,29.60214,-99.73007,436.7784,6/28/21,p,2021,06/01/2021 00:05 CDT,97574,21.96,90.6,5.93,10.465,8.72,102607.62
TWB14,Uvalde_2020_02,29.60214,-99.73007,436.7784,6/28/21,p,2021,06/01/2021 00:10 CDT,97578,21.18,92.4,4.14,9.05,5.24,102625.8
TWB14,Uvalde_2020_02,29.60214,-99.73007,436.7784,6/28/21,p,2021,06/01/2021 00:15 CDT,97588,20.97,93.2,3.71,9.05,1.74,102641.76
TWB14,Uvalde_2020_02,29.60214,-99.73007,436.7784,6/28/21,p,2021,06/01/2021 00:20 CDT,97591,20.74,93.4,3.93,9.05,2.58,102648.08
TWB14,Uvalde_2020_02,29.60214,-99.73007,436.7784,6/28/21,p,2021,06/01/2021 00:25 CDT,97588,20.37,94.4,3.945,9.05,2.81,102651.44
TWB14,Uvalde_2020_02,29.60214,-99.73007,436.7784,6/28/21,p,2021,06/01/2021 00:30 CDT,97586,20.21,94.8,3.655,9.05,0.87,102653.04
TWB14,Uvalde_2020_02,29.60214,-99.73007,436.7784,6/28/21,p,2021,06/01/2021 00:35 CDT,97577,20.12,93.5,4.025,9.05,3.37,102645.52
TWB14,Uvalde_2020_02,29.60214,-99.73007,436.7784,6/28/21,p,2021,06/01/2021 00:40 CDT,97574,19.99,93.3,1.89,9.05,1.56,102645.02
TWB14,Uvalde_2020_02,29.60214,-99.73007,436.7784,6/28/21,p,2021,06/01/2021 00:45 CDT,97567,19.91,93.4,1.275,9.05,1.51,102639.25
TWB14,Uvalde_2020_02,29.60214,-99.73007,436.7784,6/28/21,p,2021,06/01/2021 00:50 CDT,97529,19.82,92.8,1.6,9.05,1.35,102600.34
TWB14,Uvalde_2020_02,29.60214,-99.73007,436.7784,6/28/21,p,2021,06/01/2021 00:55 CDT,97498,19.68,92.9,0.23,9.05,0.85,102570.03
TWB14,Uvalde_2020_02,29.60214,-99.73007,436.7784,6/28/21,p,2021,06/01/2021 01:00 CDT,97493,19.6,93.2,1.365,9.05,0.37,102566.01
TWB14,Uvalde_2020_02,29.60214,-99.73007,436.7784,6/28/21,p,2021,06/01/2021 01:05 CDT,97421,19.5,93.4,2.58,9.05,0.81,102492.03
TWB14,Uvalde_2020_02,29.60214,-99.73007,436.7784,6/28/21,p,2021,06/01/2021 01:10 CDT,97265,19.33,94,5.955,10.765,1.81,102331.45
TWB14,Uvalde_2020_02,29.60214,-99.73007,436.7784,6/28/21,p,2021,06/01/2021 01:15 CDT,97134,19.32,93.3,5.035,10.785,0.63,102195.04
TWB14,Uvalde_2020_02,29.60214,-99.73007,436.7784,6/28/21,p,2021,06/01/2021 01:20 CDT,97218,19.38,91.7,3.875,10.115,2.19,102282.9
TWB14,Uvalde_2020_02,29.60214,-99.73007,436.7784,6/28/21,p,2021,06/01/2021 01:25 CDT,97285,19.43,91.7,3.615,10.115,1.54,102352.5
TWB14,Uvalde_2020_02,29.60214,-99.73007,436.7784,6/28/21,p,2021,06/01/2021 01:30 CDT,97317,19.33,92.6,2.03,10.115,0.19,102387.05
TWB14,Uvalde_2020_02,29.60214,-99.73007,436.7784,6/28/21,p,2021,06/01/2021 01:35 CDT,97326,19.3,93,1.74,10.115,0,102396.7
TWB14,Uvalde_2020_02,29.60214,-99.73007,436.7784,6/28/21,p,2021,06/01/2021 01:40 CDT,97362,19.31,93.4,0.795,10.115,0.14,102434.57
TWB14,Uvalde_2020_02,29.60214,-99.73007,436.7784,6/28/21,p,2021,06/01/2021 01:45 CDT,97380,19.26,94.1,1.065,10.115,0,102453.5
TWB14,Uvalde_2020_02,29.60214,-99.73007,436.7784,6/28/21,p,2021,06/01/2021 01:50 CDT,97326,19.22,94.3,2.985,10.115,0.19,102397.58
TWB14,Uvalde_2020_02,29.60214,-99.73007,436.7784,6/28/21,p,2021,06/01/2021 01:55 CDT,97323,19.29,93.9,2.335,10.115,0.16,102394.6
TWB14,Uvalde_2020_02,29.60214,-99.73007,436.7784,6/28/21,p,2021,06/01/2021 02:00 CDT,97312,19.26,93.7,1.595,10.115,0.4,102382.85
TWB14,Uvalde_2020_02,29.60214,-99.73007,436.7784,6/28/21,p,2021,06/01/2021 02:05 CDT,97284,19.16,93.7,1.695,10.115,0.7,102354.81
TWB14,Uvalde_2020_02,29.60214,-99.73007,436.7784,6/28/21,p,2021,06/01/2021 02:10 CDT,97283,19.07,93.7,1.98,10.115,1.09,102355.35
TWB14,Uvalde_2020_02,29.60214,-99.73007,436.7784,6/28/21,p,2021,06/01/2021 02:15 CDT,97316,19.11,93.7,1.27,10.115,0.15,102390.25
TWB14,Uvalde_2020_02,29.60214,-99.73007,436.7784,6/28/21,p,2021,06/01/2021 02:20 CDT,97365,19.25,93.9,0.79,10.115,0,102440.03
TWB14,Uvalde_2020_02,29.60214,-99.73007,436.7784,6/28/21,p,2021,06/01/2021 02:25 CDT,97290,19.23,94.5,2.245,10.115,0,102360.76
TWB14,Uvalde_2020_02,29.60214,-99.73007,436.7784,6/28/21,p,2021,06/01/2021 02:30 CDT,97183,19.41,93.8,3.1,10.115,0,102246.77
TWB14,Uvalde_2020_02,29.60214,-99.73007,436.7784,6/28/21,p,2021,06/01/2021 02:35 CDT,97186,19.6,92.6,3.58,10.115,0.04,102246.93
TWB14,Uvalde_2020_02,29.60214,-99.73007,436.7784,6/28/21,p,2021,06/01/2021 02:40 CDT,97184,19.66,92.1,4.615,9.285,1.5,102242.35
TWB14,Uvalde_2020_02,29.60214,-99.73007,436.7784,6/28/21,p,2021,06/01/2021 02:45 CDT,97077,19.58,92.5,4.525,9.285,1.5,102130.31
TWB14,Uvalde_2020_02,29.60214,-99.73007,436.7784,6/28/21,p,2021,06/01/2021 02:50 CDT,97111,19.64,92.6,3.39,9.285,0.09,102166.08
TWB14,Uvalde_2020_02,29.60214,-99.73007,436.7784,6/28/21,p,2021,06/01/2021 02:55 CDT,97182,19.7,92.1,1.445,9.285,0.64,102239.18
TWB14,Uvalde_2020_02,29.60214,-99.73007,436.7784,6/28/21,p,2021,06/01/2021 03:00 CDT,97167,19.68,92.2,2.505,9.285,0.4,102223.4
TWB14,Uvalde_2020_02,29.60214,-99.73007,436.7784,6/28/21,p,2021,06/01/2021 03:05 CDT,97030,19.59,92.7,3.49,9.365,0.95,102080.15
TWB14,Uvalde_2020_02,29.60214,-99.73007,436.7784,6/28/21,p,2021,06/01/2021 03:10 CDT,97124,19.63,92.7,4.755,8.45,0.05,102179.4
TWB14,Uvalde_2020_02,29.60214,-99.73007,436.7784,6/28/21,p,2021,06/01/2021 03:15 CDT,97178,19.76,91.6,4.625,9.215,1.58,102233.92
TWB14,Uvalde_2020_02,29.60214,-99.73007,436.7784,6/28/21,p,2021,06/01/2021 03:20 CDT,97032,19.57,92.5,3.505,9.05,1.82,102082.61
TWB14,Uvalde_2020_02,29.60214,-99.73007,436.7784,6/28/21,p,2021,06/01/2021 03:25 CDT,97102,19.64,91.2,3.175,9.05,0.71,102156.09
TWB14,Uvalde_2020_02,29.60214,-99.73007,436.7784,6/28/21,p,2021,06/01/2021 03:30 CDT,97085,19.6,92,3.405,9.05,1.52,102137.84
TWB14,Uvalde_2020_02,29.60214,-99.73007,436.7784,6/28/21,p,2021,06/01/2021 03:35 CDT,97104,19.45,92.3,3.105,9.05,1.33,102160.3
TWB14,Uvalde_2020_02,29.60214,-99.73007,436.7784,6/28/21,p,2021,06/01/2021 03:40 CDT,97142,19.43,92.4,1.505,9.05,0.73,102200.81
TWB14,Uvalde_2020_02,29.60214,-99.73007,436.7784,6/28/21,p,2021,06/01/2021 03:45 CDT,97131,19.39,92.6,2.765,9.05,0.4,102190.12
TWB14,Uvalde_2020_02,29.60214,-99.73007,436.7784,6/28/21,p,2021,06/01/2021 03:50 CDT,97115,19.38,92.5,2.19,9.05,0.57,102174
TWB14,Uvalde_2020_02,29.60214,-99.73007,436.7784,6/28/21,p,2021,06/01/2021 03:55 CDT,97124,19.36,92.6,1.87,9.05,0.73,102183.64
TWB14,Uvalde_2020_02,29.60214,-99.73007,436.7784,6/28/21,p,2021,06/01/2021 04:00 CDT,97121,19.34,92.1,2.835,9.05,0.72,102180.84
TWB14,Uvalde_2020_02,29.60214,-99.73007,436.7784,6/28/21,p,2021,06/01/2021 04:05 CDT,97140,19.23,92.4,2.01,9.05,1.25,102202.07
TWB14,Uvalde_2020_02,29.60214,-99.73007,436.7784,6/28/21,p,2021,06/01/2021 04:10 CDT,97160,19.14,92.1,1.95,9.05,0.79,102224.71
TWB14,Uvalde_2020_02,29.60214,-99.73007,436.7784,6/28/21,p,2021,06/01/2021 04:15 CDT,97186,19.13,91.9,2.275,9.05,0.8,102252.78
TWB14,Uvalde_2020_02,29.60214,-99.73007,436.7784,6/28/21,p,2021,06/01/2021 04:20 CDT,97214,19.13,91.8,1.91,9.05,0.78,102282.59
TWB14,Uvalde_2020_02,29.60214,-99.73007,436.7784,6/28/21,p,2021,06/01/2021 04:25 CDT,97240,19.13,91.8,1.67,9.05,0.69,102309.95
TWB14,Uvalde_2020_02,29.60214,-99.73007,436.7784,6/28/21,p,2021,06/01/2021 04:30 CDT,97256,19.2,91.2,1.385,9.05,0.68,102326.25
TWB14,Uvalde_2020_02,29.60214,-99.73007,436.7784,6/28/21,p,2021,06/01/2021 04:35 CDT,97251,19.28,91.4,0.905,9.05,1.1,102319.22
TWB14,Uvalde_2020_02,29.60214,-99.73007,436.7784,6/28/21,p,2021,06/01/2021 04:40 CDT,97251,19.22,91.9,0.28,9.05,0.96,102318.86
TWB14,Uvalde_2020_02,29.60214,-99.73007,436.7784,6/28/21,p,2021,06/01/2021 04:45 CDT,97266,19.16,92.4,0.39,9.05,0.56,102335.35
TWB14,Uvalde_2020_02,29.60214,-99.73007,436.7784,6/28/21,p,2021,06/01/2021 04:50 CDT,97278,19.16,92.4,0.93,9.05,0.75,102347.44
TWB14,Uvalde_2020_02,29.60214,-99.73007,436.7784,6/28/21,p,2021,06/01/2021 04:55 CDT,97285,19.15,92.1,0.86,9.05,1.08,102355.69
TWB14,Uvalde_2020_02,29.60214,-99.73007,436.7784,6/28/21,p,2021,06/01/2021 05:00 CDT,97300,19.25,91.6,0.585,9.05,1.36,102370.95
TWB14,Uvalde_2020_02,29.60214,-99.73007,436.7784,6/28/21,p,2021,06/01/2021 05:05 CDT,97302,19.58,88.6,1.92,9.05,1.53,102370.05
TWB14,Uvalde_2020_02,29.60214,-99.73007,436.7784,6/28/21,p,2021,06/01/2021 05:10 CDT,97312,19.89,87.5,1.66,9.05,2.08,102375.09
TWB14,Uvalde_2020_02,29.60214,-99.73007,436.7784,6/28/21,p,2021,06/01/2021 05:15 CDT,97317,20.01,87,2.02,9.05,2.28,102377
TWB14,Uvalde_2020_02,29.60214,-99.73007,436.7784,6/28/21,p,2021,06/01/2021 05:20 CDT,97331,20.15,85.7,1.845,9.05,2.75,102389.44
TWB14,Uvalde_2020_02,29.60214,-99.73007,436.7784,6/28/21,p,2021,06/01/2021 05:25 CDT,97331,20.19,85.3,1.33,9.05,3.05,102387.5
TWB14,Uvalde_2020_02,29.60214,-99.73007,436.7784,6/28/21,p,2021,06/01/2021 05:30 CDT,97331,20.12,86.5,1.775,9.05,3.39,102387.49
TWB14,Uvalde_2020_02,29.60214,-99.73007,436.7784,6/28/21,p,2021,06/01/2021 05:35 CDT,97320,19.82,89.5,1.76,9.05,3.23,102379.43
TWB14,Uvalde_2020_02,29.60214,-99.73007,436.7784,6/28/21,p,2021,06/01/2021 05:40 CDT,97323,19.49,90.4,1.92,9.05,2.94,102387.36
TWB14,Uvalde_2020_02,29.60214,-99.73007,436.7784,6/28/21,p,2021,06/01/2021 05:45 CDT,97328,19.28,90.8,2.295,9.05,2.98,102397.22
TWB14,Uvalde_2020_02,29.60214,-99.73007,436.7784,6/28/21,p,2021,06/01/2021 05:50 CDT,97326,19.23,90.7,2.33,9.05,2.71,102396.71
TWB14,Uvalde_2020_02,29.60214,-99.73007,436.7784,6/28/21,p,2021,06/01/2021 05:55 CDT,97325,19.13,90.8,1.74,9.05,2.58,102397.43
TWB14,Uvalde_2020_02,29.60214,-99.73007,436.7784,6/28/21,p,2021,06/01/2021 06:00 CDT,97331,19.01,90.9,1.78,9.05,2.33,102405.7
TWB14,Uvalde_2020_02,29.60214,-99.73007,436.7784,6/28/21,p,2021,06/01/2021 06:05 CDT,97332,18.94,91.3,1.375,9.05,1.84,102407.81
TWB14,Uvalde_2020_02,29.60214,-99.73007,436.7784,6/28/21,p,2021,06/01/2021 06:10 CDT,97332,18.89,91.5,1.755,9.05,1.61,102409.06
TWB14,Uvalde_2020_02,29.60214,-99.73007,436.7784,6/28/21,p,2021,06/01/2021 06:15 CDT,97328,18.82,91.9,2.055,9.05,1.35,102406.45
TWB14,Uvalde_2020_02,29.60214,-99.73007,436.7784,6/28/21,p,2021,06/01/2021 06:20 CDT,97325,18.75,92.2,1.935,9.05,1.23,102404.53
TWB14,Uvalde_2020_02,29.60214,-99.73007,436.7784,6/28/21,p,2021,06/01/2021 06:25 CDT,97331,18.71,92.3,2.085,9.05,1.09,102411.38
TWB14,Uvalde_2020_02,29.60214,-99.73007,436.7784,6/28/21,p,2021,06/01/2021 06:30 CDT,97337,18.68,92.2,2.19,9.05,0.67,102418.76
TWB14,Uvalde_2020_02,29.60214,-99.73007,436.7784,6/28/21,p,2021,06/01/2021 06:35 CDT,97332,18.67,92.2,2.015,9.05,1.03,102413.68
TWB14,Uvalde_2020_02,29.60214,-99.73007,436.7784,6/28/21,p,2021,06/01/2021 06:40 CDT,97344,18.63,92,2.105,9.05,1.45,102427.2
TWB14,Uvalde_2020_02,29.60214,-99.73007,436.7784,6/28/21,p,2021,06/01/2021 06:45 CDT,97365,18.61,92.4,1.67,9.05,1.81,102449.65
TWB14,Uvalde_2020_02,29.60214,-99.73007,436.7784,6/28/21,p,2021,06/01/2021 06:50 CDT,97384,18.58,92.2,1.19,9.05,2.79,102470.36
TWB14,Uvalde_2020_02,29.60214,-99.73007,436.7784,6/28/21,p,2021,06/01/2021 06:55 CDT,97388,18.55,92.2,1.295,9.05,3.3,102475.1
TWB14,Uvalde_2020_02,29.60214,-99.73007,436.7784,6/28/21,p,2021,06/01/2021 07:00 CDT,97403,18.54,92.2,1.47,9.05,4.77,102491.6
TWB14,Uvalde_2020_02,29.60214,-99.73007,436.7784,6/28/21,p,2021,06/01/2021 07:05 CDT,97412,18.5,92.6,1.465,9.05,8.16,102501.42
TWB14,Uvalde_2020_02,29.60214,-99.73007,436.7784,6/28/21,p,2021,06/01/2021 07:10 CDT,97412,18.41,93,1.765,9.05,9.59,102502.85
TWB14,Uvalde_2020_02,29.60214,-99.73007,436.7784,6/28/21,p,2021,06/01/2021 07:15 CDT,97411,18.31,93.5,2.28,9.05,9.16,102503.94
TWB14,Uvalde_2020_02,29.60214,-99.73007,436.7784,6/28/21,p,2021,06/01/2021 07:20 CDT,97422,18.22,93.8,1.665,9.05,9.59,102516.76
TWB14,Uvalde_2020_02,29.60214,-99.73007,436.7784,6/28/21,p,2021,06/01/2021 07:25 CDT,97438,18.18,93.9,1.435,9.05,11.06,102534.31
TWB14,Uvalde_2020_02,29.60214,-99.73007,436.7784,6/28/21,p,2021,06/01/2021 07:30 CDT,97448,18.23,93.9,1.495,9.05,15.05,102544.48
TWB14,Uvalde_2020_02,29.60214,-99.73007,436.7784,6/28/21,p,2021,06/01/2021 07:35 CDT,97467,18.27,93.7,0.725,9.05,22.42,102563.94
TWB14,Uvalde_2020_02,29.60214,-99.73007,436.7784,6/28/21,p,2021,06/01/2021 07:40 CDT,97470,18.37,93.4,1.015,9.05,35.23,102565.66
TWB14,Uvalde_2020_02,29.60214,-99.73007,436.7784,6/28/21,p,2021,06/01/2021 07:45 CDT,97471,18.49,93.6,1.345,9.05,64.18,102563.86
TWB14,Uvalde_2020_02,29.60214,-99.73007,436.7784,6/28/21,p,2021,06/01/2021 07:50 CDT,97472,18.63,92.5,1.415,9.05,81.17,102562.77
TWB14,Uvalde_2020_02,29.60214,-99.73007,436.7784,6/28/21,p,2021,06/01/2021 07:55 CDT,97471,18.93,92.2,1.84,9.05,142.16,102557.26
TWB14,Uvalde_2020_02,29.60214,-99.73007,436.7784,6/28/21,p,2021,06/01/2021 08:00 CDT,97460,19.28,88.3,2.325,9.05,109.1,102539.31
TWB14,Uvalde_2020_02,29.60214,-99.73007,436.7784,6/28/21,p,2021,06/01/2021 08:05 CDT,97464,19.44,87.8,1.94,9.05,135.86,102540.32
TWB14,Uvalde_2020_02,29.60214,-99.73007,436.7784,6/28/21,p,2021,06/01/2021 08:10 CDT,97465,19.68,86.9,2.29,9.05,180.13,102537.12
TWB14,Uvalde_2020_02,29.60214,-99.73007,436.7784,6/28/21,p,2021,06/01/2021 08:15 CDT,97470,19.82,85.5,2.325,9.05,152.74,102538.49
TWB14,Uvalde_2020_02,29.60214,-99.73007,436.7784,6/28/21,p,2021,06/01/2021 08:20 CDT,97476,19.85,85.1,2.145,9.05,138.23,102543.92
TWB14,Uvalde_2020_02,29.60214,-99.73007,436.7784,6/28/21,p,2021,06/01/2021 08:25 CDT,97482,19.92,85.5,2.42,9.05,142.52,102548.82
TWB14,Uvalde_2020_02,29.60214,-99.73007,436.7784,6/28/21,p,2021,06/01/2021 08:30 CDT,97492,20.02,85,1.905,9.05,131.95,102557.57
TWB14,Uvalde_2020_02,29.60214,-99.73007,436.7784,6/28/21,p,2021,06/01/2021 08:35 CDT,97490,20.08,85.9,1.935,9.05,134.46,102554.58
TWB14,Uvalde_2020_02,29.60214,-99.73007,436.7784,6/28/21,p,2021,06/01/2021 08:40 CDT,97483,20.21,83.5,1.585,9.05,136.78,102544.76
TWB14,Uvalde_2020_02,29.60214,-99.73007,436.7784,6/28/21,p,2021,06/01/2021 08:45 CDT,97487,20.32,84.6,1.32,9.05,144.13,102547.02
TWB14,Uvalde_2020_02,29.60214,-99.73007,436.7784,6/28/21,p,2021,06/01/2021 08:50 CDT,97492,20.39,85.2,1.715,9.05,155.31,102550.87
TWB14,Uvalde_2020_02,29.60214,-99.73007,436.7784,6/28/21,p,2021,06/01/2021 08:55 CDT,97490,20.49,84.1,1.68,9.05,158.07,102547.18
TWB14,Uvalde_2020_02,29.60214,-99.73007,436.7784,6/28/21,p,2021,06/01/2021 09:00 CDT,97487,20.55,84,2.03,9.05,166.62,102542.27
TWB14,Uvalde_2020_02,29.60214,-99.73007,436.7784,6/28/21,p,2021,06/01/2021 09:05 CDT,97478,20.71,83,1.55,9.05,196.63,102531.23
TWB14,Uvalde_2020_02,29.60214,-99.73007,436.7784,6/28/21,p,2021,06/01/2021 09:10 CDT,97474,20.76,81.6,1.83,9.05,231.48,102525.45
TWB14,Uvalde_2020_02,29.60214,-99.73007,436.7784,6/28/21,p,2021,06/01/2021 09:15 CDT,97477,20.95,82.1,1.415,9.05,240.21,102525.61
TWB14,Uvalde_2020_02,29.60214,-99.73007,436.7784,6/28/21,p,2021,06/01/2021 09:20 CDT,97485,21.09,81.4,1.91,9.05,239.5,102530.52
TWB14,Uvalde_2020_02,29.60214,-99.73007,436.7784,6/28/21,p,2021,06/01/2021 09:25 CDT,97482,21.1,80.6,2.135,9.05,260.66,102526.85
TWB14,Uvalde_2020_02,29.60214,-99.73007,436.7784,6/28/21,p,2021,06/01/2021 09:30 CDT,97477,21.18,81.3,2.98,9.05,238.84,102519.13
TWB14,Uvalde_2020_02,29.60214,-99.73007,436.7784,6/28/21,p,2021,06/01/2021 09:35 CDT,97478,21.17,81.6,2.735,9.05,246.64,102520.7
TWB14,Uvalde_2020_02,29.60214,-99.73007,436.7784,6/28/21,p,2021,06/01/2021 09:40 CDT,97480,21.31,80.2,2.27,9.05,242.11,102521.42
TWB14,Uvalde_2020_02,29.60214,-99.73007,436.7784,6/28/21,p,2021,06/01/2021 09:45 CDT,97478,21.31,81.7,2.085,9.05,216.02,102518.95
TWB14,Uvalde_2020_02,29.60214,-99.73007,436.7784,6/28/21,p,2021,06/01/2021 09:50 CDT,97478,21.43,81.6,2.135,9.05,301.92,102517.55
TWB14,Uvalde_2020_02,29.60214,-99.73007,436.7784,6/28/21,p,2021,06/01/2021 09:55 CDT,97479,21.7,81.8,2.165,9.05,346.51,102514.23
TWB14,Uvalde_2020_02,29.60214,-99.73007,436.7784,6/28/21,p,2021,06/01/2021 10:00 CDT,97480,21.86,81.2,2.23,9.05,310.53,102512.15
TWB14,Uvalde_2020_02,29.60214,-99.73007,436.7784,6/28/21,p,2021,06/01/2021 10:05 CDT,97474,21.97,81,2.725,9.05,466.33,102502.7
TWB14,Uvalde_2020_02,29.60214,-99.73007,436.7784,6/28/21,p,2021,06/01/2021 10:10 CDT,97467,22.34,76.84,2.48,9.05,487.41,102489.8
TWB14,Uvalde_2020_02,29.60214,-99.73007,436.7784,6/28/21,p,2021,06/01/2021 10:15 CDT,97463,22.33,78.8,2.835,9.05,314.48,102483.67
TWB14,Uvalde_2020_02,29.60214,-99.73007,436.7784,6/28/21,p,2021,06/01/2021 10:20 CDT,97460,22.24,77.88,2.305,9.05,328.98,102482.26
TWB14,Uvalde_2020_02,29.60214,-99.73007,436.7784,6/28/21,p,2021,06/01/2021 10:25 CDT,97471,22.3,76.3,2.905,9.05,366.95,102493.67
TWB14,Uvalde_2020_02,29.60214,-99.73007,436.7784,6/28/21,p,2021,06/01/2021 10:30 CDT,97476,22.52,78.58,1.885,9.05,384.08,102495.78
TWB14,Uvalde_2020_02,29.60214,-99.73007,436.7784,6/28/21,p,2021,06/01/2021 10:35 CDT,97477,22.9,75.41,1.725,9.05,404.98,102490.44
TWB14,Uvalde_2020_02,29.60214,-99.73007,436.7784,6/28/21,p,2021,06/01/2021 10:40 CDT,97483,22.91,75.84,2.095,9.05,328.11,102494.84
TWB14,Uvalde_2020_02,29.60214,-99.73007,436.7784,6/28/21,p,2021,06/01/2021 10:45 CDT,97486,23.04,77.09,1.76,9.05,313.98,102497.64
TWB14,Uvalde_2020_02,29.60214,-99.73007,436.7784,6/28/21,p,2021,06/01/2021 10:50 CDT,97493,23.05,74.86,1.895,9.05,374.07,102502.94
TWB14,Uvalde_2020_02,29.60214,-99.73007,436.7784,6/28/21,p,2021,06/01/2021 10:55 CDT,97494,23.45,72.81,1.31,9.05,383.57,102499.52
TWB14,Uvalde_2020_02,29.60214,-99.73007,436.7784,6/28/21,p,2021,06/01/2021 11:00 CDT,97491,23.57,73.71,1.005,9.05,320.3,102493.6
TWB14,Uvalde_2020_02,29.60214,-99.73007,436.7784,6/28/21,p,2021,06/01/2021 11:05 CDT,97485,23.61,77.48,1.215,9.05,326.7,102486.06
TWB14,Uvalde_2020_02,29.60214,-99.73007,436.7784,6/28/21,p,2021,06/01/2021 11:10 CDT,97480,23.9,71.75,1.165,9.05,432.45,102476.03
TWB14,Uvalde_2020_02,29.60214,-99.73007,436.7784,6/28/21,p,2021,06/01/2021 11:15 CDT,97478,24.05,72.05,0.97,9.05,355,102472.37
TWB14,Uvalde_2020_02,29.60214,-99.73007,436.7784,6/28/21,p,2021,06/01/2021 11:20 CDT,97480,23.98,73.47,1.2,9.05,314,102472.4
TWB14,Uvalde_2020_02,29.60214,-99.73007,436.7784,6/28/21,p,2021,06/01/2021 11:25 CDT,97479,24.04,72.73,1.415,9.05,383.49,102470.67
TWB14,Uvalde_2020_02,29.60214,-99.73007,436.7784,6/28/21,p,2021,06/01/2021 11:30 CDT,97487,24.3,75.46,1.1,9.05,395.01,102476.66
TWB14,Uvalde_2020_02,29.60214,-99.73007,436.7784,6/28/21,p,2021,06/01/2021 11:35 CDT,97494,24.58,69.12,0.885,9.05,523.4,102480.81
TWB14,Uvalde_2020_02,29.60214,-99.73007,436.7784,6/28/21,p,2021,06/01/2021 11:40 CDT,97491,25.06,70.6,0.685,9.05,546.73,102470.29
TWB14,Uvalde_2020_02,29.60214,-99.73007,436.7784,6/28/21,p,2021,06/01/2021 11:45 CDT,97495,25.24,68.88,0.91,9.05,552.45,102469.39
TWB14,Uvalde_2020_02,29.60214,-99.73007,436.7784,6/28/21,p,2021,06/01/2021 11:50 CDT,97508,25.31,68.54,0.79,9.05,540.52,102482.04
TWB14,Uvalde_2020_02,29.60214,-99.73007,436.7784,6/28/21,p,2021,06/01/2021 11:55 CDT,97510,25.72,69.14,0.6,9.05,651.67,102478.35
TWB14,Uvalde_2020_02,29.60214,-99.73007,436.7784,6/28/21,p,2021,06/01/2021 12:00 CDT,97519,25.66,68.5,1.855,9.05,441.93,102484.75
TWB14,Uvalde_2020_02,29.60214,-99.73007,436.7784,6/28/21,p,2021,06/01/2021 12:05 CDT,97524,25.24,68.84,2.265,9.05,413.48,102493.4
TWB14,Uvalde_2020_02,29.60214,-99.73007,436.7784,6/28/21,p,2021,06/01/2021 12:10 CDT,97524,25.16,67.62,1.41,9.05,340.36,102496.31
TWB14,Uvalde_2020_02,29.60214,-99.73007,436.7784,6/28/21,p,2021,06/01/2021 12:15 CDT,97531,25.17,68.6,1.34,9.05,313.26,102504.34
TWB14,Uvalde_2020_02,29.60214,-99.73007,436.7784,6/28/21,p,2021,06/01/2021 12:20 CDT,97532,25.23,68.22,1.27,9.05,352.2,102506.07
TWB14,Uvalde_2020_02,29.60214,-99.73007,436.7784,6/28/21,p,2021,06/01/2021 12:25 CDT,97530,25.25,67.72,1.57,9.05,287.37,102503.46
TWB14,Uvalde_2020_02,29.60214,-99.73007,436.7784,6/28/21,p,2021,06/01/2021 12:30 CDT,97523,25.31,71.59,1.09,9.05,268.75,102495.22
TWB14,Uvalde_2020_02,29.60214,-99.73007,436.7784,6/28/21,p,2021,06/01/2021 12:35 CDT,97517,25.47,67.75,1.4,9.05,296.99,102486.74
TWB14,Uvalde_2020_02,29.60214,-99.73007,436.7784,6/28/21,p,2021,06/01/2021 12:40 CDT,97517,25.37,65.33,1.96,9.05,281.18,102486.93
TWB14,Uvalde_2020_02,29.60214,-99.73007,436.7784,6/28/21,p,2021,06/01/2021 12:45 CDT,97513,25.29,66.71,1.715,9.05,234.36,102485.09
TWB14,Uvalde_2020_02,29.60214,-99.73007,436.7784,6/28/21,p,2021,06/01/2021 12:50 CDT,97514,25.29,66.4,1.825,9.05,227.78,102485.98
TWB14,Uvalde_2020_02,29.60214,-99.73007,436.7784,6/28/21,p,2021,06/01/2021 12:55 CDT,97518,25.25,70.44,1.795,9.05,258.91,102490.66
TWB14,Uvalde_2020_02,29.60214,-99.73007,436.7784,6/28/21,p,2021,06/01/2021 13:00 CDT,97524,25.2,68.52,1.71,9.05,288.34,102497.66
TWB14,Uvalde_2020_02,29.60214,-99.73007,436.7784,6/28/21,p,2021,06/01/2021 13:05 CDT,97519,25.18,67.51,2.255,9.05,316.96,102492.24
TWB14,Uvalde_2020_02,29.60214,-99.73007,436.7784,6/28/21,p,2021,06/01/2021 13:10 CDT,97518,25.18,68.29,1.95,9.05,315.65,102492.55
TWB14,Uvalde_2020_02,29.60214,-99.73007,436.7784,6/28/21,p,2021,06/01/2021 13:15 CDT,97515,25.28,66.57,1.81,9.05,449.74,102487.71
TWB14,Uvalde_2020_02,29.60214,-99.73007,436.7784,6/28/21,p,2021,06/01/2021 13:20 CDT,97506,25.46,66.54,1.895,9.05,543.43,102475.53
TWB14,Uvalde_2020_02,29.60214,-99.73007,436.7784,6/28/21,p,2021,06/01/2021 13:25 CDT,97505,25.67,66.91,2.27,9.05,438.41,102469.38
TWB14,Uvalde_2020_02,29.60214,-99.73007,436.7784,6/28/21,p,2021,06/01/2021 13:30 CDT,97504,25.4,67.18,2.36,9.05,303.03,102471.72
TWB14,Uvalde_2020_02,29.60214,-99.73007,436.7784,6/28/21,p,2021,06/01/2021 13:35 CDT,97503,25.37,68.66,1.815,9.05,454.68,102473.04
TWB14,Uvalde_2020_02,29.60214,-99.73007,436.7784,6/28/21,p,2021,06/01/2021 13:40 CDT,97502,25.62,66.54,1.75,9.05,594.18,102468.6
TWB14,Uvalde_2020_02,29.60214,-99.73007,436.7784,6/28/21,p,2021,06/01/2021 13:45 CDT,97489,25.87,66.67,2.295,9.05,711.28,102448.66
TWB14,Uvalde_2020_02,29.60214,-99.73007,436.7784,6/28/21,p,2021,06/01/2021 13:50 CDT,97476,25.66,71.66,2.315,9.05,377.93,102437.16
TWB14,Uvalde_2020_02,29.60214,-99.73007,436.7784,6/28/21,p,2021,06/01/2021 13:55 CDT,97473,25.61,66.81,1.695,9.05,460.48,102436.43
TWB14,Uvalde_2020_02,29.60214,-99.73007,436.7784,6/28/21,p,2021,06/01/2021 14:00 CDT,97460,25.7,66.63,1.305,9.05,373.46,102421.41
TWB14,Uvalde_2020_02,29.60214,-99.73007,436.7784,6/28/21,p,2021,06/01/2021 14:05 CDT,97458,25.64,68.42,1.835,9.05,439.05,102418.95
TWB14,Uvalde_2020_02,29.60214,-99.73007,436.7784,6/28/21,p,2021,06/01/2021 14:10 CDT,97456,25.71,66.3,1.775,9.05,466.38,102416.7
TWB14,Uvalde_2020_02,29.60214,-99.73007,436.7784,6/28/21,p,2021,06/01/2021 14:15 CDT,97448,25.67,64.91,1.96,9.05,488.89,102408.64
TWB14,Uvalde_2020_02,29.60214,-99.73007,436.7784,6/28/21,p,2021,06/01/2021 14:20 CDT,97446,25.65,69.12,2.14,9.05,548.29,102407.69
TWB14,Uvalde_2020_02,29.60214,-99.73007,436.7784,6/28/21,p,2021,06/01/2021 14:25 CDT,97448,25.92,66.63,1.58,9.05,629.58,102405.92
TWB14,Uvalde_2020_02,29.60214,-99.73007,436.7784,6/28/21,p,2021,06/01/2021 14:30 CDT,97446,26.06,65.42,1.745,9.05,450,102399.93
TWB14,Uvalde_2020_02,29.60214,-99.73007,436.7784,6/28/21,p,2021,06/01/2021 14:35 CDT,97444,26.09,65.01,1.805,9.05,528.92,102397.33
TWB14,Uvalde_2020_02,29.60214,-99.73007,436.7784,6/28/21,p,2021,06/01/2021 14:40 CDT,97435,26.23,64.91,1.865,9.05,639.7,102386.18
TWB14,Uvalde_2020_02,29.60214,-99.73007,436.7784,6/28/21,p,2021,06/01/2021 14:45 CDT,97421,26.07,67.13,1.815,9.05,655.67,102372.46
TWB14,Uvalde_2020_02,29.60214,-99.73007,436.7784,6/28/21,p,2021,06/01/2021 14:50 CDT,97418,26.37,60.23,1.525,9.05,645.61,102367.35
TWB14,Uvalde_2020_02,29.60214,-99.73007,436.7784,6/28/21,p,2021,06/01/2021 14:55 CDT,97416,26.53,58.92,1.845,9.05,686.85,102362.56
TWB14,Uvalde_2020_02,29.60214,-99.73007,436.7784,6/28/21,p,2021,06/01/2021 15:00 CDT,97411,26.61,58.38,1.25,9.05,654.58,102353.77
TWB14,Uvalde_2020_02,29.60214,-99.73007,436.7784,6/28/21,p,2021,06/01/2021 15:05 CDT,97394,26.67,60.16,1.525,9.05,650.91,102335.05
TWB14,Uvalde_2020_02,29.60214,-99.73007,436.7784,6/28/21,p,2021,06/01/2021 15:10 CDT,97389,26.86,60.8,1.29,9.05,668.55,102327.77
TWB14,Uvalde_2020_02,29.60214,-99.73007,436.7784,6/28/21,p,2021,06/01/2021 15:15 CDT,97373,26.87,63.29,1.765,9.05,508.51,102310.6
TWB14,Uvalde_2020_02,29.60214,-99.73007,436.7784,6/28/21,p,2021,06/01/2021 15:20 CDT,97360,26.6,59.48,1.855,9.05,288.44,102299.16
TWB14,Uvalde_2020_02,29.60214,-99.73007,436.7784,6/28/21,p,2021,06/01/2021 15:25 CDT,97357,26.35,63.92,1.425,9.05,267.68,102300.18
TWB14,Uvalde_2020_02,29.60214,-99.73007,436.7784,6/28/21,p,2021,06/01/2021 15:30 CDT,97356,26.21,61.26,1.825,9.05,228.4,102302.19
TWB14,Uvalde_2020_02,29.60214,-99.73007,436.7784,6/28/21,p,2021,06/01/2021 15:35 CDT,97346,26.08,62.21,1.895,9.05,250.12,102295.38
TWB14,Uvalde_2020_02,29.60214,-99.73007,436.7784,6/28/21,p,2021,06/01/2021 15:40 CDT,97339,26.03,61.73,2.08,9.05,240.31,102289.55
TWB14,Uvalde_2020_02,29.60214,-99.73007,436.7784,6/28/21,p,2021,06/01/2021 15:45 CDT,97334,26.05,60.99,1.295,9.05,178.48,102285.15
TWB14,Uvalde_2020_02,29.60214,-99.73007,436.7784,6/28/21,p,2021,06/01/2021 15:50 CDT,97330,26.02,66.25,1.49,9.05,162.94,102281.07
TWB14,Uvalde_2020_02,29.60214,-99.73007,436.7784,6/28/21,p,2021,06/01/2021 15:55 CDT,97328,26.06,66.25,1.47,9.05,310.91,102278.63
TWB14,Uvalde_2020_02,29.60214,-99.73007,436.7784,6/28/21,p,2021,06/01/2021 16:00 CDT,97321,26.2,66.79,1.6,9.05,242.38,102268.06
TWB14,Uvalde_2020_02,29.60214,-99.73007,436.7784,6/28/21,p,2021,06/01/2021 16:05 CDT,97314,26.25,63.02,1.395,9.05,263.18,102259.89
TWB14,Uvalde_2020_02,29.60214,-99.73007,436.7784,6/28/21,p,2021,06/01/2021 16:10 CDT,97307,26.18,65.38,1.67,9.05,249.95,102253.02
TWB14,Uvalde_2020_02,29.60214,-99.73007,436.7784,6/28/21,p,2021,06/01/2021 16:15 CDT,97296,26.32,63.26,1.735,9.05,544.41,102240.81
TWB14,Uvalde_2020_02,29.60214,-99.73007,436.7784,6/28/21,p,2021,06/01/2021 16:20 CDT,97287,26.71,61.85,1.505,9.05,663.07,102225.63
TWB14,Uvalde_2020_02,29.60214,-99.73007,436.7784,6/28/21,p,2021,06/01/2021 16:25 CDT,97282,26.93,62.89,2.165,9.05,654.3,102214.65
TWB14,Uvalde_2020_02,29.60214,-99.73007,436.7784,6/28/21,p,2021,06/01/2021 16:30 CDT,97281,27.06,60.8,1.905,9.05,627.96,102210.1
TWB14,Uvalde_2020_02,29.60214,-99.73007,436.7784,6/28/21,p,2021,06/01/2021 16:35 CDT,97275,26.93,57.43,1.865,9.05,599.62,102204.66
TWB14,Uvalde_2020_02,29.60214,-99.73007,436.7784,6/28/21,p,2021,06/01/2021 16:40 CDT,97262,26.84,60.67,1.58,9.05,579.4,102192.99
TWB14,Uvalde_2020_02,29.60214,-99.73007,436.7784,6/28/21,p,2021,06/01/2021 16:45 CDT,97255,27.17,58.04,1.415,9.05,568.06,102182.64
TWB14,Uvalde_2020_02,29.60214,-99.73007,436.7784,6/28/21,p,2021,06/01/2021 16:50 CDT,97252,27.52,55.58,1.23,9.05,549.34,102174.65
TWB14,Uvalde_2020_02,29.60214,-99.73007,436.7784,6/28/21,p,2021,06/01/2021 16:55 CDT,97237,27.45,57.97,1.07,9.05,534.27,102158.04
TWB14,Uvalde_2020_02,29.60214,-99.73007,436.7784,6/28/21,p,2021,06/01/2021 17:00 CDT,97225,27.46,58.17,1.815,9.05,531.33,102142.92
TWB14,Uvalde_2020_02,29.60214,-99.73007,436.7784,6/28/21,p,2021,06/01/2021 17:05 CDT,97219,27.37,58.84,1.465,9.05,512.63,102138.95
TWB14,Uvalde_2020_02,29.60214,-99.73007,436.7784,6/28/21,p,2021,06/01/2021 17:10 CDT,97211,27.62,54.76,1.56,9.05,474.6,102127.08
TWB14,Uvalde_2020_02,29.60214,-99.73007,436.7784,6/28/21,p,2021,06/01/2021 17:15 CDT,97199,27.37,58.27,1.71,9.05,473.47,102116.77
TWB14,Uvalde_2020_02,29.60214,-99.73007,436.7784,6/28/21,p,2021,06/01/2021 17:20 CDT,97194,27.53,54.97,1.83,9.05,476.55,102110.72
TWB14,Uvalde_2020_02,29.60214,-99.73007,436.7784,6/28/21,p,2021,06/01/2021 17:25 CDT,97194,27.61,59.55,1.27,9.05,434.15,102109.17
TWB14,Uvalde_2020_02,29.60214,-99.73007,436.7784,6/28/21,p,2021,06/01/2021 17:30 CDT,97192,27.74,52.95,1.52,9.05,419.61,102105.13
TWB14,Uvalde_2020_02,29.60214,-99.73007,436.7784,6/28/21,p,2021,06/01/2021 17:35 CDT,97184,27.8,55.67,1.18,9.05,397.07,102095.2
TWB14,Uvalde_2020_02,29.60214,-99.73007,436.7784,6/28/21,p,2021,06/01/2021 17:40 CDT,97177,27.87,54.36,1.285,9.05,429.11,102087.36
TWB14,Uvalde_2020_02,29.60214,-99.73007,436.7784,6/28/21,p,2021,06/01/2021 17:45 CDT,97180,27.76,54.09,1.51,9.05,397.21,102091.51
TWB14,Uvalde_2020_02,29.60214,-99.73007,436.7784,6/28/21,p,2021,06/01/2021 17:50 CDT,97176,27.68,58.6,1.46,9.05,348.56,102090.1
TWB14,Uvalde_2020_02,29.60214,-99.73007,436.7784,6/28/21,p,2021,06/01/2021 17:55 CDT,97168,27.6,56.28,1.51,9.05,258.1,102082.22
TWB14,Uvalde_2020_02,29.60214,-99.73007,436.7784,6/28/21,p,2021,06/01/2021 18:00 CDT,97165,27.41,55.57,1.42,9.05,224.52,102082.08
TWB14,Uvalde_2020_02,29.60214,-99.73007,436.7784,6/28/21,p,2021,06/01/2021 18:05 CDT,97155,27.33,58.03,1,9.05,209.14,102073.72
TWB14,Uvalde_2020_02,29.60214,-99.73007,436.7784,6/28/21,p,2021,06/01/2021 18:10 CDT,97157,27.4,56.92,0.69,9.05,231.33,102075.67
TWB14,Uvalde_2020_02,29.60214,-99.73007,436.7784,6/28/21,p,2021,06/01/2021 18:15 CDT,97166,27.39,55.57,1.19,9.05,225.72,102084.97
TWB14,Uvalde_2020_02,29.60214,-99.73007,436.7784,6/28/21,p,2021,06/01/2021 18:20 CDT,97154,27.26,57.09,1.3,9.05,220.43,102074.52
TWB14,Uvalde_2020_02,29.60214,-99.73007,436.7784,6/28/21,p,2021,06/01/2021 18:25 CDT,97145,27.24,56.25,1.43,9.05,199.83,102065.58
TWB14,Uvalde_2020_02,29.60214,-99.73007,436.7784,6/28/21,p,2021,06/01/2021 18:30 CDT,97141,27.12,58.64,1.28,9.05,196.96,102063.02
TWB14,Uvalde_2020_02,29.60214,-99.73007,436.7784,6/28/21,p,2021,06/01/2021 18:35 CDT,97138,27.14,57.49,1.095,9.05,183.74,102060.39
TWB14,Uvalde_2020_02,29.60214,-99.73007,436.7784,6/28/21,p,2021,06/01/2021 18:40 CDT,97140,27,57.29,1.49,9.05,170.66,102064.16
TWB14,Uvalde_2020_02,29.60214,-99.73007,436.7784,6/28/21,p,2021,06/01/2021 18:45 CDT,97139,26.86,59.61,0.975,9.05,123.93,102065.61
TWB14,Uvalde_2020_02,29.60214,-99.73007,436.7784,6/28/21,p,2021,06/01/2021 18:50 CDT,97128,26.79,58.94,0.705,9.05,90.23,102055.06
TWB14,Uvalde_2020_02,29.60214,-99.73007,436.7784,6/28/21,p,2021,06/01/2021 18:55 CDT,97120,26.61,59.89,1.075,9.05,90.58,102049.67
TWB14,Uvalde_2020_02,29.60214,-99.73007,436.7784,6/28/21,p,2021,06/01/2021 19:00 CDT,97131,26.44,60.87,1.085,9.05,84.67,102064.41
TWB14,Uvalde_2020_02,29.60214,-99.73007,436.7784,6/28/21,p,2021,06/01/2021 19:05 CDT,97130,26.35,62.35,0.745,9.05,76.34,102066.21
TWB14,Uvalde_2020_02,29.60214,-99.73007,436.7784,6/28/21,p,2021,06/01/2021 19:10 CDT,97121,26.25,61.21,0.91,9.05,70.29,102058.62
TWB14,Uvalde_2020_02,29.60214,-99.73007,436.7784,6/28/21,p,2021,06/01/2021 19:15 CDT,97122,26.14,62.49,0.865,9.05,65.06,102061.68
TWB14,Uvalde_2020_02,29.60214,-99.73007,436.7784,6/28/21,p,2021,06/01/2021 19:20 CDT,97125,26.03,63.47,0.82,9.05,59.42,102066.51
TWB14,Uvalde_2020_02,29.60214,-99.73007,436.7784,6/28/21,p,2021,06/01/2021 19:25 CDT,97126,25.89,65.32,0.945,9.05,54.03,102069.91
TWB14,Uvalde_2020_02,29.60214,-99.73007,436.7784,6/28/21,p,2021,06/01/2021 19:30 CDT,97130,25.69,65.19,1.115,9.05,46.41,102077.5
TWB14,Uvalde_2020_02,29.60214,-99.73007,436.7784,6/28/21,p,2021,06/01/2021 19:35 CDT,97146,25.54,66.14,1.18,9.05,40.33,102097.18
TWB14,Uvalde_2020_02,29.60214,-99.73007,436.7784,6/28/21,p,2021,06/01/2021 19:40 CDT,97161,25.44,67.29,0.825,9.05,37.06,102114.97
TWB14,Uvalde_2020_02,29.60214,-99.73007,436.7784,6/28/21,p,2021,06/01/2021 19:45 CDT,97169,25.34,67.22,0.805,9.05,36.11,102125.08
TWB14,Uvalde_2020_02,29.60214,-99.73007,436.7784,6/28/21,p,2021,06/01/2021 19:50 CDT,97180,25.25,68.91,0.515,9.05,32.23,102138.32
TWB14,Uvalde_2020_02,29.60214,-99.73007,436.7784,6/28/21,p,2021,06/01/2021 19:55 CDT,97186,25.09,68.7,0.535,9.05,30.01,102147.35
TWB14,Uvalde_2020_02,29.60214,-99.73007,436.7784,6/28/21,p,2021,06/01/2021 20:00 CDT,97187,24.99,69.65,0.17,9.05,23.27,102150.43
TWB14,Uvalde_2020_02,29.60214,-99.73007,436.7784,6/28/21,p,2021,06/01/2021 20:05 CDT,97188,24.92,69.38,0.59,9.05,16.76,102153.36
TWB14,Uvalde_2020_02,29.60214,-99.73007,436.7784,6/28/21,p,2021,06/01/2021 20:10 CDT,97190,24.82,70.29,0.73,9.05,10.01,102157.5
TWB14,Uvalde_2020_02,29.60214,-99.73007,436.7784,6/28/21,p,2021,06/01/2021 20:15 CDT,97199,24.72,72.15,0.56,9.05,6.63,102168.82
TWB14,Uvalde_2020_02,29.60214,-99.73007,436.7784,6/28/21,p,2021,06/01/2021 20:20 CDT,97201,24.61,70.94,0.56,9.05,5.12,102172.81
TWB14,Uvalde_2020_02,29.60214,-99.73007,436.7784,6/28/21,p,2021,06/01/2021 20:25 CDT,97211,24.48,72.36,0.485,9.05,4.07,102185.36
TWB14,Uvalde_2020_02,29.60214,-99.73007,436.7784,6/28/21,p,2021,06/01/2021 20:30 CDT,97222,24.31,73.91,0.345,9.05,3.42,102199.82
TWB14,Uvalde_2020_02,29.60214,-99.73007,436.7784,6/28/21,p,2021,06/01/2021 20:35 CDT,97245,24.24,73.57,0.27,9.05,1.67,102225.37
TWB14,Uvalde_2020_02,29.60214,-99.73007,436.7784,6/28/21,p,2021,06/01/2021 20:40 CDT,97251,24.2,74.98,0.2,9.05,0.88,102232.86
TWB14,Uvalde_2020_02,29.60214,-99.73007,436.7784,6/28/21,p,2021,06/01/2021 20:45 CDT,97260,24.1,75.12,0.22,9.05,0.54,102243.69
TWB14,Uvalde_2020_02,29.60214,-99.73007,436.7784,6/28/21,p,2021,06/01/2021 20:50 CDT,97267,24.04,75.73,0.3,9.05,0.16,102252.42
TWB14,Uvalde_2020_02,29.60214,-99.73007,436.7784,6/28/21,p,2021,06/01/2021 20:55 CDT,97267,23.98,73.92,0.44,9.05,0,102253.98
TWB14,Uvalde_2020_02,29.60214,-99.73007,436.7784,6/28/21,p,2021,06/01/2021 21:00 CDT,97272,23.99,72.57,0.645,9.05,0.01,102259.93
TWB14,Uvalde_2020_02,29.60214,-99.73007,436.7784,6/28/21,p,2021,06/01/2021 21:05 CDT,97277,23.99,72.7,0.53,9.05,0,102265.19
TWB14,Uvalde_2020_02,29.60214,-99.73007,436.7784,6/28/21,p,2021,06/01/2021 21:10 CDT,97281,23.89,73.98,0.265,9.05,0.17,102270.59
TWB14,Uvalde_2020_02,29.60214,-99.73007,436.7784,6/28/21,p,2021,06/01/2021 21:15 CDT,97280,23.73,73.92,0.18,9.05,0.33,102271.6
TWB14,Uvalde_2020_02,29.60214,-99.73007,436.7784,6/28/21,p,2021,06/01/2021 21:20 CDT,97281,23.57,76.21,0.56,9.05,0.35,102275.56
TWB14,Uvalde_2020_02,29.60214,-99.73007,436.7784,6/28/21,p,2021,06/01/2021 21:25 CDT,97280,23.41,76.58,0.52,9.05,0.4,102278.29
TWB14,Uvalde_2020_02,29.60214,-99.73007,436.7784,6/28/21,p,2021,06/01/2021 21:30 CDT,97277,23.32,79.01,0.73,9.05,0.05,102277.36
TWB14,Uvalde_2020_02,29.60214,-99.73007,436.7784,6/28/21,p,2021,06/01/2021 21:35 CDT,97274,23.29,76.65,0.82,9.05,0,102275.26
TWB14,Uvalde_2020_02,29.60214,-99.73007,436.7784,6/28/21,p,2021,06/01/2021 21:40 CDT,97283,23.3,77.13,0.605,9.05,0,102284.72
TWB14,Uvalde_2020_02,29.60214,-99.73007,436.7784,6/28/21,p,2021,06/01/2021 21:45 CDT,97302,23.27,77.77,0.23,9.05,0.1,102304.7
TWB14,Uvalde_2020_02,29.60214,-99.73007,436.7784,6/28/21,p,2021,06/01/2021 21:50 CDT,97312,23.11,77.98,0,9.05,0.45,102317.28
TWB14,Uvalde_2020_02,29.60214,-99.73007,436.7784,6/28/21,p,2021,06/01/2021 21:55 CDT,97316,22.95,79.84,0.08,9.05,0.57,102323.55
TWB14,Uvalde_2020_02,29.60214,-99.73007,436.7784,6/28/21,p,2021,06/01/2021 22:00 CDT,97328,22.76,81.8,0.165,9.05,0.2,102338.92
TWB14,Uvalde_2020_02,29.60214,-99.73007,436.7784,6/28/21,p,2021,06/01/2021 22:05 CDT,97342,22.57,80,0.075,9.05,0.49,102356.95
TWB14,Uvalde_2020_02,29.60214,-99.73007,436.7784,6/28/21,p,2021,06/01/2021 22:10 CDT,97345,22.43,81.6,0.02,9.05,0.75,102363.04
TWB14,Uvalde_2020_02,29.60214,-99.73007,436.7784,6/28/21,p,2021,06/01/2021 22:15 CDT,97346,22.31,82.1,0,9.05,0.68,102366.18
TWB14,Uvalde_2020_02,29.60214,-99.73007,436.7784,6/28/21,p,2021,06/01/2021 22:20 CDT,97339,22.17,82,0.295,9.05,0.18,102361.77
TWB14,Uvalde_2020_02,29.60214,-99.73007,436.7784,6/28/21,p,2021,06/01/2021 22:25 CDT,97353,22.18,82.9,0.13,9.05,0.23,102379.62
TWB14,Uvalde_2020_02,29.60214,-99.73007,436.7784,6/28/21,p,2021,06/01/2021 22:30 CDT,97370,22.1,83.2,0,9.05,0.5,102399.24
TWB14,Uvalde_2020_02,29.60214,-99.73007,436.7784,6/28/21,p,2021,06/01/2021 22:35 CDT,97373,21.9,85.9,0.035,9.05,0.16,102404.3
TWB14,Uvalde_2020_02,29.60214,-99.73007,436.7784,6/28/21,p,2021,06/01/2021 22:40 CDT,97376,21.67,86.6,0.695,9.05,0,102410.94
TWB14,Uvalde_2020_02,29.60214,-99.73007,436.7784,6/28/21,p,2021,06/01/2021 22:45 CDT,97393,21.7,87.4,0.175,9.05,0,102431.62
TWB14,Uvalde_2020_02,29.60214,-99.73007,436.7784,6/28/21,p,2021,06/01/2021 22:50 CDT,97411,21.64,87.4,0,9.05,0,102450.72
TWB14,Uvalde_2020_02,29.60214,-99.73007,436.7784,6/28/21,p,2021,06/01/2021 22:55 CDT,97418,21.56,87.8,0,9.05,0,102458.08
TWB14,Uvalde_2020_02,29.60214,-99.73007,436.7784,6/28/21,p,2021,06/01/2021 23:00 CDT,97419,21.51,87.6,0.07,9.05,0,102458.61
TWB14,Uvalde_2020_02,29.60214,-99.73007,436.7784,6/28/21,p,2021,06/01/2021 23:05 CDT,97417,21.53,87.2,0,9.05,0,102456.86
TWB14,Uvalde_2020_02,29.60214,-99.73007,436.7784,6/28/21,p,2021,06/01/2021 23:10 CDT,97428,21.62,88.3,0,9.05,0,102466.67
TWB14,Uvalde_2020_02,29.60214,-99.73007,436.7784,6/28/21,p,2021,06/01/2021 23:15 CDT,97425,21.61,88.4,0,9.05,0,102462.47
TWB14,Uvalde_2020_02,29.60214,-99.73007,436.7784,6/28/21,p,2021,06/01/2021 23:20 CDT,97415,21.67,88,0.035,9.05,0,102452.13
TWB14,Uvalde_2020_02,29.60214,-99.73007,436.7784,6/28/21,p,2021,06/01/2021 23:25 CDT,97408,21.67,88.2,0,9.05,0,102444.94
TWB14,Uvalde_2020_02,29.60214,-99.73007,436.7784,6/28/21,p,2021,06/01/2021 23:30 CDT,97407,21.58,88.2,0,9.05,0.24,102444.24
TWB14,Uvalde_2020_02,29.60214,-99.73007,436.7784,6/28/21,p,2021,06/01/2021 23:35 CDT,97403,21.45,88,0.04,9.05,0.38,102440.9
TWB14,Uvalde_2020_02,29.60214,-99.73007,436.7784,6/28/21,p,2021,06/01/2021 23:40 CDT,97405,21.33,88.9,0.415,9.05,0.06,102444.75
TWB14,Uvalde_2020_02,29.60214,-99.73007,436.7784,6/28/21,p,2021,06/01/2021 23:45 CDT,97394,21.2,89.3,0.15,9.05,0.11,102434.76
TWB14,Uvalde_2020_02,29.60214,-99.73007,436.7784,6/28/21,p,2021,06/01/2021 23:50 CDT,97402,21.07,89.3,0.145,9.05,0.1,102445.1
TWB14,Uvalde_2020_02,29.60214,-99.73007,436.7784,6/28/21,p,2021,06/01/2021 23:55 CDT,97418,20.99,90.2,0,9.05,0.25,102463.85
TWB14,Uvalde_2020_02,29.60214,-99.73007,436.7784,6/28/21,p,2021,06/02/2021 00:00 CDT,97410,20.89,90.1,0.025,9.05,0.16,102456.84
TWB14,Uvalde_2020_02,29.60214,-99.73007,436.7784,6/28/21,p,2021,06/02/2021 00:05 CDT,97406,20.76,90.3,0.705,9.05,0,102455.62
TWB14,Uvalde_2020_02,29.60214,-99.73007,436.7784,6/28/21,p,2021,06/02/2021 00:10 CDT,97405,20.73,90.6,0.11,9.05,0.08,102455.97
TWB14,Uvalde_2020_02,29.60214,-99.73007,436.7784,6/28/21,p,2021,06/02/2021 00:15 CDT,97394,20.66,90.9,0,9.05,0.4,102445.81
TWB14,Uvalde_2020_02,29.60214,-99.73007,436.7784,6/28/21,p,2021,06/02/2021 00:20 CDT,97382,20.56,91.2,0,9.05,0.47,102434.94
TWB14,Uvalde_2020_02,29.60214,-99.73007,436.7784,6/28/21,p,2021,06/02/2021 00:25 CDT,97385,20.48,92,0,9.05,0,102438.8
TWB14,Uvalde_2020_02,29.60214,-99.73007,436.7784,6/28/21,p,2021,06/02/2021 00:30 CDT,97379,20.39,92.1,0,9.05,0.12,102433.54
TWB14,Uvalde_2020_02,29.60214,-99.73007,436.7784,6/28/21,p,2021,06/02/2021 00:35 CDT,97378,20.3,92.2,0,9.05,0.1,102434.25
TWB14,Uvalde_2020_02,29.60214,-99.73007,436.7784,6/28/21,p,2021,06/02/2021 00:40 CDT,97378,20.25,92.2,0,9.05,0.16,102435.84
TWB14,Uvalde_2020_02,29.60214,-99.73007,436.7784,6/28/21,p,2021,06/02/2021 00:45 CDT,97379,20.24,92.7,0,9.05,0.04,102438.3
TWB14,Uvalde_2020_02,29.60214,-99.73007,436.7784,6/28/21,p,2021,06/02/2021 00:50 CDT,97380,20.11,92.7,0,9.05,0.14,102441.12
TWB14,Uvalde_2020_02,29.60214,-99.73007,436.7784,6/28/21,p,2021,06/02/2021 00:55 CDT,97374,19.99,93.1,0,9.05,0,102436.39
TWB14,Uvalde_2020_02,29.60214,-99.73007,436.7784,6/28/21,p,2021,06/02/2021 01:00 CDT,97363,19.97,93.7,0,9.05,0,102425.7
TWB14,Uvalde_2020_02,29.60214,-99.73007,436.7784,6/28/21,p,2021,06/02/2021 01:05 CDT,97354,20.03,94,0,9.05,0,102416.05
TWB14,Uvalde_2020_02,29.60214,-99.73007,436.7784,6/28/21,p,2021,06/02/2021 01:10 CDT,97337,20.09,94.2,0,9.05,0,102398.17
TWB14,Uvalde_2020_02,29.60214,-99.73007,436.7784,6/28/21,p,2021,06/02/2021 01:15 CDT,97348,20.13,94.3,0,9.05,0,102409.03
TWB14,Uvalde_2020_02,29.60214,-99.73007,436.7784,6/28/21,p,2021,06/02/2021 01:20 CDT,97357,20.21,94.8,0.465,9.05,0,102417.09
TWB14,Uvalde_2020_02,29.60214,-99.73007,436.7784,6/28/21,p,2021,06/02/2021 01:25 CDT,97351,20.16,94.7,0.65,9.05,0,102409.89
TWB14,Uvalde_2020_02,29.60214,-99.73007,436.7784,6/28/21,p,2021,06/02/2021 01:30 CDT,97342,20.22,94.5,0.05,9.05,0,102400.6
TWB14,Uvalde_2020_02,29.60214,-99.73007,436.7784,6/28/21,p,2021,06/02/2021 01:35 CDT,97335,20.36,94.1,0.2,9.05,0,102392.36
TWB14,Uvalde_2020_02,29.60214,-99.73007,436.7784,6/28/21,p,2021,06/02/2021 01:40 CDT,97330,20.29,93.9,0.035,9.05,0.11,102387.28
TWB14,Uvalde_2020_02,29.60214,-99.73007,436.7784,6/28/21,p,2021,06/02/2021 01:45 CDT,97331,20.24,94.1,0,9.05,0.11,102388.68
TWB14,Uvalde_2020_02,29.60214,-99.73007,436.7784,6/28/21,p,2021,06/02/2021 01:50 CDT,97332,20.23,94,0,9.05,0,102389.73
TWB14,Uvalde_2020_02,29.60214,-99.73007,436.7784,6/28/21,p,2021,06/02/2021 01:55 CDT,97329,20.18,94,0,9.05,0,102386.58
TWB14,Uvalde_2020_02,29.60214,-99.73007,436.7784,6/28/21,p,2021,06/02/2021 02:00 CDT,97320,20.12,93.9,0.03,9.05,0.22,102377.99
TWB14,Uvalde_2020_02,29.60214,-99.73007,436.7784,6/28/21,p,2021,06/02/2021 02:05 CDT,97307,20,94.1,0.265,9.05,0,102365.9
TWB14,Uvalde_2020_02,29.60214,-99.73007,436.7784,6/28/21,p,2021,06/02/2021 02:10 CDT,97290,19.94,94.3,0.34,9.05,0.02,102351.02
TWB14,Uvalde_2020_02,29.60214,-99.73007,436.7784,6/28/21,p,2021,06/02/2021 02:15 CDT,97273,19.94,94.5,0.29,9.05,0.16,102335.44
TWB14,Uvalde_2020_02,29.60214,-99.73007,436.7784,6/28/21,p,2021,06/02/2021 02:20 CDT,97261,19.99,95.1,0.8,9.05,0.02,102323.16
TWB14,Uvalde_2020_02,29.60214,-99.73007,436.7784,6/28/21,p,2021,06/02/2021 02:25 CDT,97242,20.36,93.5,1.275,9.05,0,102298.94
TWB14,Uvalde_2020_02,29.60214,-99.73007,436.7784,6/28/21,p,2021,06/02/2021 02:30 CDT,97236,20.57,91.7,1.08,9.05,0,102287
TWB14,Uvalde_2020_02,29.60214,-99.73007,436.7784,6/28/21,p,2021,06/02/2021 02:35 CDT,97227,20.49,91.5,0.21,9.05,0.02,102276.12
TWB14,Uvalde_2020_02,29.60214,-99.73007,436.7784,6/28/21,p,2021,06/02/2021 02:40 CDT,97223,20.21,92.4,0.34,9.05,0.09,102274.55
TWB14,Uvalde_2020_02,29.60214,-99.73007,436.7784,6/28/21,p,2021,06/02/2021 02:45 CDT,97219,19.94,92.6,0.545,9.05,0.03,102272.81
TWB14,Uvalde_2020_02,29.60214,-99.73007,436.7784,6/28/21,p,2021,06/02/2021 02:50 CDT,97221,19.74,92.9,0.325,9.05,0.48,102277.91
TWB14,Uvalde_2020_02,29.60214,-99.73007,436.7784,6/28/21,p,2021,06/02/2021 02:55 CDT,97223,19.61,92.8,0.115,9.05,0.88,102282.67
TWB14,Uvalde_2020_02,29.60214,-99.73007,436.7784,6/28/21,p,2021,06/02/2021 03:00 CDT,97216,19.43,93.2,0.33,9.05,0.6,102278.13
TWB14,Uvalde_2020_02,29.60214,-99.73007,436.7784,6/28/21,p,2021,06/02/2021 03:05 CDT,97201,19.35,93.6,0.615,9.05,0,102264.83
TWB14,Uvalde_2020_02,29.60214,-99.73007,436.7784,6/28/21,p,2021,06/02/2021 03:10 CDT,97199,19.36,94.3,0.26,9.05,0,102264.13
TWB14,Uvalde_2020_02,29.60214,-99.73007,436.7784,6/28/21,p,2021,06/02/2021 03:15 CDT,97204,19.28,94.3,0.295,9.05,0,102270.99
TWB14,Uvalde_2020_02,29.60214,-99.73007,436.7784,6/28/21,p,2021,06/02/2021 03:20 CDT,97209,19.2,94.4,0.005,9.05,0.24,102278.56
TWB14,Uvalde_2020_02,29.60214,-99.73007,436.7784,6/28/21,p,2021,06/02/2021 03:25 CDT,97214,19.06,94.7,0.205,9.05,0.25,102285.41
TWB14,Uvalde_2020_02,29.60214,-99.73007,436.7784,6/28/21,p,2021,06/02/2021 03:30 CDT,97222,18.86,95.1,0.48,9.05,0,102296.32
TWB14,Uvalde_2020_02,29.60214,-99.73007,436.7784,6/28/21,p,2021,06/02/2021 03:35 CDT,97225,18.74,95.2,0.125,9.05,0.12,102301.25
TWB14,Uvalde_2020_02,29.60214,-99.73007,436.7784,6/28/21,p,2021,06/02/2021 03:40 CDT,97226,18.63,95,0,9.05,0.69,102303.73
TWB14,Uvalde_2020_02,29.60214,-99.73007,436.7784,6/28/21,p,2021,06/02/2021 03:45 CDT,97227,18.58,95.2,0.2,9.05,0.28,102306.38
TWB14,Uvalde_2020_02,29.60214,-99.73007,436.7784,6/28/21,p,2021,06/02/2021 03:50 CDT,97228,18.56,96.1,0.46,9.05,0,102308.68
TWB14,Uvalde_2020_02,29.60214,-99.73007,436.7784,6/28/21,p,2021,06/02/2021 03:55 CDT,97228,18.64,96.2,1.07,9.05,0,102307.43
TWB14,Uvalde_2020_02,29.60214,-99.73007,436.7784,6/28/21,p,2021,06/02/2021 04:00 CDT,97220,18.64,95.7,0.3,9.05,0.23,102299.19
TWB14,Uvalde_2020_02,29.60214,-99.73007,436.7784,6/28/21,p,2021,06/02/2021 04:05 CDT,97211,18.59,95.8,0,9.05,0.11,102290.61
TWB14,Uvalde_2020_02,29.60214,-99.73007,436.7784,6/28/21,p,2021,06/02/2021 04:10 CDT,97216,18.54,95.8,0,9.05,0.4,102296.77
TWB14,Uvalde_2020_02,29.60214,-99.73007,436.7784,6/28/21,p,2021,06/02/2021 04:15 CDT,97211,18.46,95.9,0,9.05,0.05,102292.57
TWB14,Uvalde_2020_02,29.60214,-99.73007,436.7784,6/28/21,p,2021,06/02/2021 04:20 CDT,97214,18.38,96,0,9.05,0,102296.98
TWB14,Uvalde_2020_02,29.60214,-99.73007,436.7784,6/28/21,p,2021,06/02/2021 04:25 CDT,97211,18.32,96.7,0.155,9.05,0,102294.35
TWB14,Uvalde_2020_02,29.60214,-99.73007,436.7784,6/28/21,p,2021,06/02/2021 04:30 CDT,97205,18.49,96.9,0.775,9.05,0,102285.54
TWB14,Uvalde_2020_02,29.60214,-99.73007,436.7784,6/28/21,p,2021,06/02/2021 04:35 CDT,97207,18.54,97.1,0.62,9.05,0,102285.33
TWB14,Uvalde_2020_02,29.60214,-99.73007,436.7784,6/28/21,p,2021,06/02/2021 04:40 CDT,97198,18.62,97,0.51,9.05,0,102274.43
TWB14,Uvalde_2020_02,29.60214,-99.73007,436.7784,6/28/21,p,2021,06/02/2021 04:45 CDT,97188,18.64,96.9,0.24,9.05,0,102262.84
TWB14,Uvalde_2020_02,29.60214,-99.73007,436.7784,6/28/21,p,2021,06/02/2021 04:50 CDT,97181,18.63,96.7,0.01,9.05,0.61,102255.3
TWB14,Uvalde_2020_02,29.60214,-99.73007,436.7784,6/28/21,p,2021,06/02/2021 04:55 CDT,97173,18.56,96.4,0,9.05,0.7,102247.78
TWB14,Uvalde_2020_02,29.60214,-99.73007,436.7784,6/28/21,p,2021,06/02/2021 05:00 CDT,97172,18.47,96.2,0.155,9.05,0.8,102248.5
TWB14,Uvalde_2020_02,29.60214,-99.73007,436.7784,6/28/21,p,2021,06/02/2021 05:05 CDT,97181,18.38,96.5,0.435,9.05,0.07,102261.18
TWB14,Uvalde_2020_02,29.60214,-99.73007,436.7784,6/28/21,p,2021,06/02/2021 05:10 CDT,97182,18.3,96.4,0,9.05,0.48,102263.66
TWB14,Uvalde_2020_02,29.60214,-99.73007,436.7784,6/28/21,p,2021,06/02/2021 05:15 CDT,97192,18.25,96.3,0.02,9.05,0,102275.08
TWB14,Uvalde_2020_02,29.60214,-99.73007,436.7784,6/28/21,p,2021,06/02/2021 05:20 CDT,97197,18.24,96.5,0,9.05,0,102282.66
TWB14,Uvalde_2020_02,29.60214,-99.73007,436.7784,6/28/21,p,2021,06/02/2021 05:25 CDT,97201,18.15,96.6,0,9.05,0,102287.94
TWB14,Uvalde_2020_02,29.60214,-99.73007,436.7784,6/28/21,p,2021,06/02/2021 05:30 CDT,97206,18.02,96.4,0.15,9.05,0.13,102293.92
TWB14,Uvalde_2020_02,29.60214,-99.73007,436.7784,6/28/21,p,2021,06/02/2021 05:35 CDT,97214,17.96,96.4,0.23,9.05,0,102304.66
TWB14,Uvalde_2020_02,29.60214,-99.73007,436.7784,6/28/21,p,2021,06/02/2021 05:40 CDT,97212,17.81,96.5,0,9.05,0.23,102304.35
TWB14,Uvalde_2020_02,29.60214,-99.73007,436.7784,6/28/21,p,2021,06/02/2021 05:45 CDT,97208,17.78,96.5,0,9.05,0,102300.85
TWB14,Uvalde_2020_02,29.60214,-99.73007,436.7784,6/28/21,p,2021,06/02/2021 05:50 CDT,97209,17.75,96.5,0,9.05,0.38,102303.7
TWB14,Uvalde_2020_02,29.60214,-99.73007,436.7784,6/28/21,p,2021,06/02/2021 05:55 CDT,97220,17.62,96.5,0.6,9.05,0.01,102316.89
TWB14,Uvalde_2020_02,29.60214,-99.73007,436.7784,6/28/21,p,2021,06/02/2021 06:00 CDT,97226,17.46,97.6,0.9,9.05,0,102325.71
TWB14,Uvalde_2020_02,29.60214,-99.73007,436.7784,6/28/21,p,2021,06/02/2021 06:05 CDT,97223,17.64,97.3,0.1,9.05,0,102320.04
TWB14,Uvalde_2020_02,29.60214,-99.73007,436.7784,6/28/21,p,2021,06/02/2021 06:10 CDT,97210,17.65,97.5,0,9.05,0,102305.64
TWB14,Uvalde_2020_02,29.60214,-99.73007,436.7784,6/28/21,p,2021,06/02/2021 06:15 CDT,97212,17.69,97.5,0.02,9.05,0,102306.31
TWB14,Uvalde_2020_02,29.60214,-99.73007,436.7784,6/28/21,p,2021,06/02/2021 06:20 CDT,97211,17.73,97.6,0.045,9.05,0,102304.18
TWB14,Uvalde_2020_02,29.60214,-99.73007,436.7784,6/28/21,p,2021,06/02/2021 06:25 CDT,97218,17.76,97.6,0,9.05,0,102310.65
TWB14,Uvalde_2020_02,29.60214,-99.73007,436.7784,6/28/21,p,2021,06/02/2021 06:30 CDT,97235,17.86,97.5,0.425,9.05,0,102326.75
TWB14,Uvalde_2020_02,29.60214,-99.73007,436.7784,6/28/21,p,2021,06/02/2021 06:35 CDT,97252,17.89,97.6,0.035,9.05,0.35,102343.57
TWB14,Uvalde_2020_02,29.60214,-99.73007,436.7784,6/28/21,p,2021,06/02/2021 06:40 CDT,97256,17.95,97.7,0.03,9.05,0.89,102346.71
TWB14,Uvalde_2020_02,29.60214,-99.73007,436.7784,6/28/21,p,2021,06/02/2021 06:45 CDT,97263,18.02,97.7,0,9.05,2.11,102352.82
TWB14,Uvalde_2020_02,29.60214,-99.73007,436.7784,6/28/21,p,2021,06/02/2021 06:50 CDT,97263,18.09,97.8,0.035,9.05,3.2,102351.21
TWB14,Uvalde_2020_02,29.60214,-99.73007,436.7784,6/28/21,p,2021,06/02/2021 06:55 CDT,97269,18.14,97.7,0.495,9.05,4.11,102356.27
TWB14,Uvalde_2020_02,29.60214,-99.73007,436.7784,6/28/21,p,2021,06/02/2021 07:00 CDT,97275,18.18,97.6,0.72,9.05,7.02,102361.7
TWB14,Uvalde_2020_02,29.60214,-99.73007,436.7784,6/28/21,p,2021,06/02/2021 07:05 CDT,97284,18.23,97.7,0.475,9.05,10.71,102370.81
TWB14,Uvalde_2020_02,29.60214,-99.73007,436.7784,6/28/21,p,2021,06/02/2021 07:10 CDT,97287,18.31,97.7,1.02,9.05,15.11,102372.54
TWB14,Uvalde_2020_02,29.60214,-99.73007,436.7784,6/28/21,p,2021,06/02/2021 07:15 CDT,97290,18.42,97.7,0.24,9.05,20.22,102373.73
TWB14,Uvalde_2020_02,29.60214,-99.73007,436.7784,6/28/21,p,2021,06/02/2021 07:20 CDT,97289,18.49,97.6,0.675,9.05,29.29,102371.61
TWB14,Uvalde_2020_02,29.60214,-99.73007,436.7784,6/28/21,p,2021,06/02/2021 07:25 CDT,97294,18.57,97.7,0.325,9.05,33.87,102375.44
TWB14,Uvalde_2020_02,29.60214,-99.73007,436.7784,6/28/21,p,2021,06/02/2021 07:30 CDT,97304,18.71,97.6,0.725,9.05,40.21,102383.65
TWB14,Uvalde_2020_02,29.60214,-99.73007,436.7784,6/28/21,p,2021,06/02/2021 07:35 CDT,97311,18.79,97.5,0.45,9.05,45.97,102389.59
TWB14,Uvalde_2020_02,29.60214,-99.73007,436.7784,6/28/21,p,2021,06/02/2021 07:40 CDT,97301,18.85,97.4,0.39,9.05,42.42,102378
TWB14,Uvalde_2020_02,29.60214,-99.73007,436.7784,6/28/21,p,2021,06/02/2021 07:45 CDT,97312,18.96,97.5,1.04,9.05,27.48,102387.98
TWB14,Uvalde_2020_02,29.60214,-99.73007,436.7784,6/28/21,p,2021,06/02/2021 07:50 CDT,97323,19.07,97.3,1.56,9.05,26.29,102397.6
TWB14,Uvalde_2020_02,29.60214,-99.73007,436.7784,6/28/21,p,2021,06/02/2021 07:55 CDT,97320,19.16,97,1.395,9.05,43.66,102393.02
TWB14,Uvalde_2020_02,29.60214,-99.73007,436.7784,6/28/21,p,2021,06/02/2021 08:00 CDT,97321,19.32,97,1.01,9.05,47.41,102391.41
TWB14,Uvalde_2020_02,29.60214,-99.73007,436.7784,6/28/21,p,2021,06/02/2021 08:05 CDT,97330,19.46,96.7,1.12,9.05,51.35,102398.58
TWB14,Uvalde_2020_02,29.60214,-99.73007,436.7784,6/28/21,p,2021,06/02/2021 08:10 CDT,97332,19.61,96.4,0.73,9.05,72.92,102398.2
TWB14,Uvalde_2020_02,29.60214,-99.73007,436.7784,6/28/21,p,2021,06/02/2021 08:15 CDT,97332,19.75,95.6,1.365,9.05,82.29,102396.26
TWB14,Uvalde_2020_02,29.60214,-99.73007,436.7784,6/28/21,p,2021,06/02/2021 08:20 CDT,97342,19.95,95.6,0.82,9.05,81.02,102403.77
TWB14,Uvalde_2020_02,29.60214,-99.73007,436.7784,6/28/21,p,2021,06/02/2021 08:25 CDT,97348,20.11,95.1,0.835,9.05,94.15,102407.09
TWB14,Uvalde_2020_02,29.60214,-99.73007,436.7784,6/28/21,p,2021,06/02/2021 08:30 CDT,97357,20.28,93.7,0.745,9.05,111.68,102413.92
TWB14,Uvalde_2020_02,29.60214,-99.73007,436.7784,6/28/21,p,2021,06/02/2021 08:35 CDT,97354,20.42,93.2,0.325,9.05,109.31,102408.47
TWB14,Uvalde_2020_02,29.60214,-99.73007,436.7784,6/28/21,p,2021,06/02/2021 08:40 CDT,97344,20.65,92.9,0.415,9.05,173.84,102395.14
TWB14,Uvalde_2020_02,29.60214,-99.73007,436.7784,6/28/21,p,2021,06/02/2021 08:45 CDT,97344,21.05,91.9,0.51,9.05,255,102391.27
TWB14,Uvalde_2020_02,29.60214,-99.73007,436.7784,6/28/21,p,2021,06/02/2021 08:50 CDT,97353,21.78,89.1,0.27,9.05,261.44,102393.04
TWB14,Uvalde_2020_02,29.60214,-99.73007,436.7784,6/28/21,p,2021,06/02/2021 08:55 CDT,97352,22.22,87.2,0.52,9.05,274.51,102384.3
TWB14,Uvalde_2020_02,29.60214,-99.73007,436.7784,6/28/21,p,2021,06/02/2021 09:00 CDT,97337,22.27,85.2,0.925,9.05,231,102361.74
TWB14,Uvalde_2020_02,29.60214,-99.73007,436.7784,6/28/21,p,2021,06/02/2021 09:05 CDT,97330,22.2,84.4,1.515,9.05,318.69,102349.34
TWB14,Uvalde_2020_02,29.60214,-99.73007,436.7784,6/28/21,p,2021,06/02/2021 09:10 CDT,97322,22.45,82.1,1.67,9.05,321.55,102335.9
TWB14,Uvalde_2020_02,29.60214,-99.73007,436.7784,6/28/21,p,2021,06/02/2021 09:15 CDT,97324,22.49,81.2,1.085,9.05,170.31,102335.07
TWB14,Uvalde_2020_02,29.60214,-99.73007,436.7784,6/28/21,p,2021,06/02/2021 09:20 CDT,97328,22.46,82.2,1.36,9.05,175.14,102339.61
TWB14,Uvalde_2020_02,29.60214,-99.73007,436.7784,6/28/21,p,2021,06/02/2021 09:25 CDT,97321,22.43,81.5,1.375,9.05,238.64,102333.82
TWB14,Uvalde_2020_02,29.60214,-99.73007,436.7784,6/28/21,p,2021,06/02/2021 09:30 CDT,97327,22.51,81.8,1.26,9.05,272.23,102339.26
TWB14,Uvalde_2020_02,29.60214,-99.73007,436.7784,6/28/21,p,2021,06/02/2021 09:35 CDT,97324,22.92,84.1,1.315,9.05,421.28,102331.24
TWB14,Uvalde_2020_02,29.60214,-99.73007,436.7784,6/28/21,p,2021,06/02/2021 09:40 CDT,97319,23.37,77.65,1.175,9.05,349.6,102317.57
TWB14,Uvalde_2020_02,29.60214,-99.73007,436.7784,6/28/21,p,2021,06/02/2021 09:45 CDT,97319,23.42,76.03,1.21,9.05,431.2,102315.17
TWB14,Uvalde_2020_02,29.60214,-99.73007,436.7784,6/28/21,p,2021,06/02/2021 09:50 CDT,97323,23.58,76.17,1.67,9.05,353.61,102316.27
TWB14,Uvalde_2020_02,29.60214,-99.73007,436.7784,6/28/21,p,2021,06/02/2021 09:55 CDT,97335,23.37,77.04,1.255,9.05,165.11,102328.88
TWB14,Uvalde_2020_02,29.60214,-99.73007,436.7784,6/28/21,p,2021,06/02/2021 10:00 CDT,97348,23.12,77.04,1.66,9.05,214.19,102346.34
TWB14,Uvalde_2020_02,29.60214,-99.73007,436.7784,6/28/21,p,2021,06/02/2021 10:05 CDT,97356,23.06,76.72,0.97,9.05,183.36,102356.99
TWB14,Uvalde_2020_02,29.60214,-99.73007,436.7784,6/28/21,p,2021,06/02/2021 10:10 CDT,97358,23.16,75.74,1.07,9.05,165.13,102359.1
TWB14,Uvalde_2020_02,29.60214,-99.73007,436.7784,6/28/21,p,2021,06/02/2021 10:15 CDT,97361,23.11,77.56,1.245,9.05,235.43,102363.28
TWB14,Uvalde_2020_02,29.60214,-99.73007,436.7784,6/28/21,p,2021,06/02/2021 10:20 CDT,97361,23.34,76.21,0.76,9.05,246.22,102360.87
TWB14,Uvalde_2020_02,29.60214,-99.73007,436.7784,6/28/21,p,2021,06/02/2021 10:25 CDT,97359,23.52,77.22,1.035,9.05,292.79,102356.18
TWB14,Uvalde_2020_02,29.60214,-99.73007,436.7784,6/28/21,p,2021,06/02/2021 10:30 CDT,97359,23.88,74.83,1.055,9.05,439.26,102352.06
TWB14,Uvalde_2020_02,29.60214,-99.73007,436.7784,6/28/21,p,2021,06/02/2021 10:35 CDT,97358,24.02,73.58,1.345,9.05,458.76,102347.42
TWB14,Uvalde_2020_02,29.60214,-99.73007,436.7784,6/28/21,p,2021,06/02/2021 10:40 CDT,97347,24.06,72.4,1.715,9.05,417.43,102333.97
TWB14,Uvalde_2020_02,29.60214,-99.73007,436.7784,6/28/21,p,2021,06/02/2021 10:45 CDT,97340,24.06,71.28,1.64,9.05,370,102324.74
TWB14,Uvalde_2020_02,29.60214,-99.73007,436.7784,6/28/21,p,2021,06/02/2021 10:50 CDT,97326,24.05,74.72,1.525,9.05,332.2,102309.31
TWB14,Uvalde_2020_02,29.60214,-99.73007,436.7784,6/28/21,p,2021,06/02/2021 10:55 CDT,97323,24.14,71.11,1.56,9.05,379.36,102304.81
TWB14,Uvalde_2020_02,29.60214,-99.73007,436.7784,6/28/21,p,2021,06/02/2021 11:00 CDT,97323,24.36,70.44,1.045,9.05,233.55,102302.08
TWB14,Uvalde_2020_02,29.60214,-99.73007,436.7784,6/28/21,p,2021,06/02/2021 11:05 CDT,97325,24.29,71.61,1.935,9.05,251.95,102304.17
TWB14,Uvalde_2020_02,29.60214,-99.73007,436.7784,6/28/21,p,2021,06/02/2021 11:10 CDT,97327,24.29,70.74,1.9,9.05,313.51,102306.8
TWB14,Uvalde_2020_02,29.60214,-99.73007,436.7784,6/28/21,p,2021,06/02/2021 11:15 CDT,97326,24.36,70.33,1.81,9.05,287.12,102305.23
TWB14,Uvalde_2020_02,29.60214,-99.73007,436.7784,6/28/21,p,2021,06/02/2021 11:20 CDT,97324,24.18,71.1,1.825,9.05,204.6,102305.35
TWB14,Uvalde_2020_02,29.60214,-99.73007,436.7784,6/28/21,p,2021,06/02/2021 11:25 CDT,97322,24.19,71.03,1.05,9.05,178.82,102304.45
TWB14,Uvalde_2020_02,29.60214,-99.73007,436.7784,6/28/21,p,2021,06/02/2021 11:30 CDT,97325,24.33,70.96,1.31,9.05,183.15,102304.35
TWB14,Uvalde_2020_02,29.60214,-99.73007,436.7784,6/28/21,p,2021,06/02/2021 11:35 CDT,97326,24.27,70.22,1.47,9.05,221.41,102306.09
TWB14,Uvalde_2020_02,29.60214,-99.73007,436.7784,6/28/21,p,2021,06/02/2021 11:40 CDT,97324,24.38,71.57,1.31,9.05,239.4,102303.29
TWB14,Uvalde_2020_02,29.60214,-99.73007,436.7784,6/28/21,p,2021,06/02/2021 11:45 CDT,97321,24.48,66.85,1.985,9.05,329.56,102298.13
TWB14,Uvalde_2020_02,29.60214,-99.73007,436.7784,6/28/21,p,2021,06/02/2021 11:50 CDT,97321,24.54,70.42,1.335,9.05,498.1,102297.58
TWB14,Uvalde_2020_02,29.60214,-99.73007,436.7784,6/28/21,p,2021,06/02/2021 11:55 CDT,97321,24.96,64.49,1.305,9.05,459.95,102291.49
TWB14,Uvalde_2020_02,29.60214,-99.73007,436.7784,6/28/21,p,2021,06/02/2021 12:00 CDT,97321,25.17,66.65,1.62,9.05,470.43,102287.04
TWB14,Uvalde_2020_02,29.60214,-99.73007,436.7784,6/28/21,p,2021,06/02/2021 12:05 CDT,97327,25.19,65.74,2.01,9.05,289.99,102290.98
TWB14,Uvalde_2020_02,29.60214,-99.73007,436.7784,6/28/21,p,2021,06/02/2021 12:10 CDT,97334,25.15,64.39,1.13,9.05,280.04,102300.56
TWB14,Uvalde_2020_02,29.60214,-99.73007,436.7784,6/28/21,p,2021,06/02/2021 12:15 CDT,97332,25.05,63.99,1.575,9.05,295.48,102297.78
TWB14,Uvalde_2020_02,29.60214,-99.73007,436.7784,6/28/21,p,2021,06/02/2021 12:20 CDT,97323,25.18,65.91,1.045,9.05,316.58,102287.96
TWB14,Uvalde_2020_02,29.60214,-99.73007,436.7784,6/28/21,p,2021,06/02/2021 12:25 CDT,97325,25.19,68.17,1.295,9.05,244.29,102289.02
TWB14,Uvalde_2020_02,29.60214,-99.73007,436.7784,6/28/21,p,2021,06/02/2021 12:30 CDT,97336,25.05,64.26,1.62,9.05,226.9,102301.64
TWB14,Uvalde_2020_02,29.60214,-99.73007,436.7784,6/28/21,p,2021,06/02/2021 12:35 CDT,97334,25,65.27,2.08,9.05,282.68,102300.89
TWB14,Uvalde_2020_02,29.60214,-99.73007,436.7784,6/28/21,p,2021,06/02/2021 12:40 CDT,97334,24.95,65.57,1.79,9.05,316.32,102303.27
TWB14,Uvalde_2020_02,29.60214,-99.73007,436.7784,6/28/21,p,2021,06/02/2021 12:45 CDT,97321,25.18,67.22,2.005,9.05,433.22,102286.7
TWB14,Uvalde_2020_02,29.60214,-99.73007,436.7784,6/28/21,p,2021,06/02/2021 12:50 CDT,97312,25.43,63.45,1.48,9.05,471.06,102272.68
TWB14,Uvalde_2020_02,29.60214,-99.73007,436.7784,6/28/21,p,2021,06/02/2021 12:55 CDT,97301,25.66,63.18,1.975,9.05,795.39,102256.55
TWB14,Uvalde_2020_02,29.60214,-99.73007,436.7784,6/28/21,p,2021,06/02/2021 13:00 CDT,97305,25.95,62.4,2.06,9.05,523.5,102255.85
TWB14,Uvalde_2020_02,29.60214,-99.73007,436.7784,6/28/21,p,2021,06/02/2021 13:05 CDT,97302,25.88,63.72,2,9.05,415.17,102252.01
TWB14,Uvalde_2020_02,29.60214,-99.73007,436.7784,6/28/21,p,2021,06/02/2021 13:10 CDT,97291,25.92,64.65,1.94,9.05,522.91,102240.27
TWB14,Uvalde_2020_02,29.60214,-99.73007,436.7784,6/28/21,p,2021,06/02/2021 13:15 CDT,97288,26.16,63.24,1.745,9.05,760.25,102234.43
TWB14,Uvalde_2020_02,29.60214,-99.73007,436.7784,6/28/21,p,2021,06/02/2021 13:20 CDT,97269,26.41,65.97,1.94,9.05,699.71,102209.04
TWB14,Uvalde_2020_02,29.60214,-99.73007,436.7784,6/28/21,p,2021,06/02/2021 13:25 CDT,97258,26.64,61.01,2.225,9.05,715.88,102192.48
TWB14,Uvalde_2020_02,29.60214,-99.73007,436.7784,6/28/21,p,2021,06/02/2021 13:30 CDT,97259,26.7,63.37,1.71,9.05,618.79,102192.33
TWB14,Uvalde_2020_02,29.60214,-99.73007,436.7784,6/28/21,p,2021,06/02/2021 13:35 CDT,97252,26.8,61.54,2.205,9.05,613.19,102181.97
TWB14,Uvalde_2020_02,29.60214,-99.73007,436.7784,6/28/21,p,2021,06/02/2021 13:40 CDT,97239,26.6,63.06,1.515,9.05,628.62,102171.49
TWB14,Uvalde_2020_02,29.60214,-99.73007,436.7784,6/28/21,p,2021,06/02/2021 13:45 CDT,97228,26.73,57.77,1.52,9.05,531.61,102159.31
TWB14,Uvalde_2020_02,29.60214,-99.73007,436.7784,6/28/21,p,2021,06/02/2021 13:50 CDT,97226,26.69,59.62,2.1,9.05,504.48,102157.52
TWB14,Uvalde_2020_02,29.60214,-99.73007,436.7784,6/28/21,p,2021,06/02/2021 13:55 CDT,97235,26.66,57.87,1.945,9.05,695.64,102167.84
TWB14,Uvalde_2020_02,29.60214,-99.73007,436.7784,6/28/21,p,2021,06/02/2021 14:00 CDT,97227,26.96,63.16,1.535,9.05,639.18,102157.2
TWB14,Uvalde_2020_02,29.60214,-99.73007,436.7784,6/28/21,p,2021,06/02/2021 14:05 CDT,97218,27,59.15,1.82,9.05,662.54,102145.6
TWB14,Uvalde_2020_02,29.60214,-99.73007,436.7784,6/28/21,p,2021,06/02/2021 14:10 CDT,97210,26.93,59.42,1.57,9.05,410.58,102136.35
TWB14,Uvalde_2020_02,29.60214,-99.73007,436.7784,6/28/21,p,2021,06/02/2021 14:15 CDT,,27.03,,1.865,9.05,,
TWB14,Uvalde_2020_02,29.60214,-99.73007,436.7784,6/28/21,p,2021,06/02/2021 14:20 CDT,97204,27.08,58.64,1.895,9.05,351.9,102127.88
TWB14,Uvalde_2020_02,29.60214,-99.73007,436.7784,6/28/21,p,2021,06/02/2021 14:25 CDT,97196,26.7,58.4,2.215,9.05,325.95,102125.17
TWB14,Uvalde_2020_02,29.60214,-99.73007,436.7784,6/28/21,p,2021,06/02/2021 14:30 CDT,97192,26.6,59.71,1.825,9.05,387.3,102123.98
TWB14,Uvalde_2020_02,29.60214,-99.73007,436.7784,6/28/21,p,2021,06/02/2021 14:35 CDT,97194,26.88,58.03,1.565,9.05,607.06,102123.75
TWB14,Uvalde_2020_02,29.60214,-99.73007,436.7784,6/28/21,p,2021,06/02/2021 14:40 CDT,97195,27.13,57.63,1.665,9.05,393.55,102120.1
TWB14,Uvalde_2020_02,29.60214,-99.73007,436.7784,6/28/21,p,2021,06/02/2021 14:45 CDT,97195,26.95,61.09,2.01,9.05,529.08,102121.58
TWB14,Uvalde_2020_02,29.60214,-99.73007,436.7784,6/28/21,p,2021,06/02/2021 14:50 CDT,97194,26.95,61.06,1.79,9.05,482,102119.36
TWB14,Uvalde_2020_02,29.60214,-99.73007,436.7784,6/28/21,p,2021,06/02/2021 14:55 CDT,97183,27.04,56.92,1.305,9.05,480.18,102108.84
TWB14,Uvalde_2020_02,29.60214,-99.73007,436.7784,6/28/21,p,2021,06/02/2021 15:00 CDT,97173,27.14,57.05,1.585,9.05,325.76,102096.16
TWB14,Uvalde_2020_02,29.60214,-99.73007,436.7784,6/28/21,p,2021,06/02/2021 15:05 CDT,97168,26.98,57.73,1.485,9.05,310.8,102092.91
TWB14,Uvalde_2020_02,29.60214,-99.73007,436.7784,6/28/21,p,2021,06/02/2021 15:10 CDT,97168,27.02,59.78,1.51,9.05,374.45,102093.06
TWB14,Uvalde_2020_02,29.60214,-99.73007,436.7784,6/28/21,p,2021,06/02/2021 15:15 CDT,97168,27.3,56.08,1.465,9.05,481.43,102090.75
TWB14,Uvalde_2020_02,29.60214,-99.73007,436.7784,6/28/21,p,2021,06/02/2021 15:20 CDT,97168,27.45,55,1.155,9.05,428.08,102086.91
TWB14,Uvalde_2020_02,29.60214,-99.73007,436.7784,6/28/21,p,2021,06/02/2021 15:25 CDT,97164,27.54,58.33,1.66,9.05,518.58,102079.83
TWB14,Uvalde_2020_02,29.60214,-99.73007,436.7784,6/28/21,p,2021,06/02/2021 15:30 CDT,97155,27.54,57.22,1.655,9.05,447.55,102069.55
TWB14,Uvalde_2020_02,29.60214,-99.73007,436.7784,6/28/21,p,2021,06/02/2021 15:35 CDT,97144,27.66,55.81,1.685,9.05,560.66,102057.34
TWB14,Uvalde_2020_02,29.60214,-99.73007,436.7784,6/28/21,p,2021,06/02/2021 15:40 CDT,97137,27.78,55.17,1.385,9.05,592.25,102048.33
TWB14,Uvalde_2020_02,29.60214,-99.73007,436.7784,6/28/21,p,2021,06/02/2021 15:45 CDT,97122,27.65,55.1,1.5,9.05,447.22,102032.4
TWB14,Uvalde_2020_02,29.60214,-99.73007,436.7784,6/28/21,p,2021,06/02/2021 15:50 CDT,97112,27.65,55.74,1.475,9.05,453.11,102022.23
TWB14,Uvalde_2020_02,29.60214,-99.73007,436.7784,6/28/21,p,2021,06/02/2021 15:55 CDT,97101,27.75,57.05,1.565,9.05,502.2,102010.49
TWB14,Uvalde_2020_02,29.60214,-99.73007,436.7784,6/28/21,p,2021,06/02/2021 16:00 CDT,97092,27.94,54.56,1.415,9.05,365.87,101997.56
TWB14,Uvalde_2020_02,29.60214,-99.73007,436.7784,6/28/21,p,2021,06/02/2021 16:05 CDT,97087,27.8,56.45,1.65,9.05,245.41,101993.46
TWB14,Uvalde_2020_02,29.60214,-99.73007,436.7784,6/28/21,p,2021,06/02/2021 16:10 CDT,97074,27.72,54.63,1.49,9.05,501.9,101982.15
TWB14,Uvalde_2020_02,29.60214,-99.73007,436.7784,6/28/21,p,2021,06/02/2021 16:15 CDT,97060,27.72,55.61,1.775,9.05,383.41,101967.1
TWB14,Uvalde_2020_02,29.60214,-99.73007,436.7784,6/28/21,p,2021,06/02/2021 16:20 CDT,97050,27.72,58.57,1.805,9.05,317.49,101956.73
TWB14,Uvalde_2020_02,29.60214,-99.73007,436.7784,6/28/21,p,2021,06/02/2021 16:25 CDT,97036,27.65,54.6,1.62,9.05,337.14,101943.39
TWB14,Uvalde_2020_02,29.60214,-99.73007,436.7784,6/28/21,p,2021,06/02/2021 16:30 CDT,97025,27.72,54.02,1.67,9.05,363.92,101932.01
TWB14,Uvalde_2020_02,29.60214,-99.73007,436.7784,6/28/21,p,2021,06/02/2021 16:35 CDT,97009,27.63,54.83,2.265,9.05,360.6,101915.86
TWB14,Uvalde_2020_02,29.60214,-99.73007,436.7784,6/28/21,p,2021,06/02/2021 16:40 CDT,97006,27.61,54.97,2.12,9.05,492.11,101913.87
TWB14,Uvalde_2020_02,29.60214,-99.73007,436.7784,6/28/21,p,2021,06/02/2021 16:45 CDT,96997,27.79,57.05,2.345,9.05,504.42,101902.06
TWB14,Uvalde_2020_02,29.60214,-99.73007,436.7784,6/28/21,p,2021,06/02/2021 16:50 CDT,96989,28.01,55.17,1.785,9.05,482.88,101889.52
TWB14,Uvalde_2020_02,29.60214,-99.73007,436.7784,6/28/21,p,2021,06/02/2021 16:55 CDT,96982,28,55,1.62,9.05,372.08,101880.84
TWB14,Uvalde_2020_02,29.60214,-99.73007,436.7784,6/28/21,p,2021,06/02/2021 17:00 CDT,96979,27.96,50.49,2.1,9.05,470.34,101878.56
TWB14,Uvalde_2020_02,29.60214,-99.73007,436.7784,6/28/21,p,2021,06/02/2021 17:05 CDT,96978,27.95,52.27,2.02,9.05,427.97,101876.83
TWB14,Uvalde_2020_02,29.60214,-99.73007,436.7784,6/28/21,p,2021,06/02/2021 17:10 CDT,96965,27.9,55.81,2.31,9.05,402.22,101863.3
TWB14,Uvalde_2020_02,29.60214,-99.73007,436.7784,6/28/21,p,2021,06/02/2021 17:15 CDT,96952,27.95,56.89,2.095,9.05,490.64,101850.46
TWB14,Uvalde_2020_02,29.60214,-99.73007,436.7784,6/28/21,p,2021,06/02/2021 17:20 CDT,96940,28.12,54.8,2.125,9.05,486.05,101835.39
TWB14,Uvalde_2020_02,29.60214,-99.73007,436.7784,6/28/21,p,2021,06/02/2021 17:25 CDT,96930,28.1,56.99,1.785,9.05,463.78,101824.03
TWB14,Uvalde_2020_02,29.60214,-99.73007,436.7784,6/28/21,p,2021,06/02/2021 17:30 CDT,96927,28.11,55.61,1.665,9.05,423.12,101820.56
TWB14,Uvalde_2020_02,29.60214,-99.73007,436.7784,6/28/21,p,2021,06/02/2021 17:35 CDT,96926,27.91,56.65,1.86,9.05,247.16,101820.83
TWB14,Uvalde_2020_02,29.60214,-99.73007,436.7784,6/28/21,p,2021,06/02/2021 17:40 CDT,96925,27.88,55.57,1.825,9.05,393.2,101822.61
TWB14,Uvalde_2020_02,29.60214,-99.73007,436.7784,6/28/21,p,2021,06/02/2021 17:45 CDT,96917,28.05,55.2,1.88,9.05,394.15,101812.55
TWB14,Uvalde_2020_02,29.60214,-99.73007,436.7784,6/28/21,p,2021,06/02/2021 17:50 CDT,96904,28.07,56.11,1.94,9.05,288.43,101798.22
TWB14,Uvalde_2020_02,29.60214,-99.73007,436.7784,6/28/21,p,2021,06/02/2021 17:55 CDT,96900,27.72,54.83,2.505,9.05,126.17,101798.18
TWB14,Uvalde_2020_02,29.60214,-99.73007,436.7784,6/28/21,p,2021,06/02/2021 18:00 CDT,96896,27.32,59.14,1.41,9.05,79.67,101801.26
TWB14,Uvalde_2020_02,29.60214,-99.73007,436.7784,6/28/21,p,2021,06/02/2021 18:05 CDT,96885,27.09,58.7,1.75,9.05,94.7,101794.89
TWB14,Uvalde_2020_02,29.60214,-99.73007,436.7784,6/28/21,p,2021,06/02/2021 18:10 CDT,96885,27,57.42,1.605,9.05,123.04,101797.91
TWB14,Uvalde_2020_02,29.60214,-99.73007,436.7784,6/28/21,p,2021,06/02/2021 18:15 CDT,96879,26.98,58.17,1.71,9.05,120.2,101792.6
TWB14,Uvalde_2020_02,29.60214,-99.73007,436.7784,6/28/21,p,2021,06/02/2021 18:20 CDT,96870,27.02,57.69,1.52,9.05,181.46,101783.31
TWB14,Uvalde_2020_02,29.60214,-99.73007,436.7784,6/28/21,p,2021,06/02/2021 18:25 CDT,96863,27.18,57.83,2.07,9.05,238.85,101773.78
TWB14,Uvalde_2020_02,29.60214,-99.73007,436.7784,6/28/21,p,2021,06/02/2021 18:30 CDT,96864,27.49,57.23,1.555,9.05,341.03,101770.5
TWB14,Uvalde_2020_02,29.60214,-99.73007,436.7784,6/28/21,p,2021,06/02/2021 18:35 CDT,96854,27.76,57.9,2.15,9.05,331.35,101753.65
TWB14,Uvalde_2020_02,29.60214,-99.73007,436.7784,6/28/21,p,2021,06/02/2021 18:40 CDT,96851,27.8,57.97,2.025,9.05,312.56,101749.17
TWB14,Uvalde_2020_02,29.60214,-99.73007,436.7784,6/28/21,p,2021,06/02/2021 18:45 CDT,96851,27.72,55.82,2.405,9.05,282.46,101749.02
TWB14,Uvalde_2020_02,29.60214,-99.73007,436.7784,6/28/21,p,2021,06/02/2021 18:50 CDT,96852,27.71,55.55,2.165,9.05,264.12,101750.74
TWB14,Uvalde_2020_02,29.60214,-99.73007,436.7784,6/28/21,p,2021,06/02/2021 18:55 CDT,96859,27.66,58.44,2.195,9.05,248.91,101759.07
TWB14,Uvalde_2020_02,29.60214,-99.73007,436.7784,6/28/21,p,2021,06/02/2021 19:00 CDT,96865,27.46,57,2.41,9.05,224.24,101767.38
TWB14,Uvalde_2020_02,29.60214,-99.73007,436.7784,6/28/21,p,2021,06/02/2021 19:05 CDT,96875,27.46,57.91,2.09,9.05,196.07,101779.05
TWB14,Uvalde_2020_02,29.60214,-99.73007,436.7784,6/28/21,p,2021,06/02/2021 19:10 CDT,96875,27.42,57.2,2.24,9.05,179.31,101779.89
TWB14,Uvalde_2020_02,29.60214,-99.73007,436.7784,6/28/21,p,2021,06/02/2021 19:15 CDT,96883,27.35,60.6,1.875,9.05,153.66,101790.26
TWB14,Uvalde_2020_02,29.60214,-99.73007,436.7784,6/28/21,p,2021,06/02/2021 19:20 CDT,96895,27.32,59.32,1.53,9.05,85.32,101803.05
TWB14,Uvalde_2020_02,29.60214,-99.73007,436.7784,6/28/21,p,2021,06/02/2021 19:25 CDT,96906,27.06,60.26,1.235,9.05,58.1,101818.11
TWB14,Uvalde_2020_02,29.60214,-99.73007,436.7784,6/28/21,p,2021,06/02/2021 19:30 CDT,96925,26.84,61.1,0.995,9.05,48.8,101841.57
TWB14,Uvalde_2020_02,29.60214,-99.73007,436.7784,6/28/21,p,2021,06/02/2021 19:35 CDT,96941,26.6,61.95,1.41,9.05,57.38,101863.41
TWB14,Uvalde_2020_02,29.60214,-99.73007,436.7784,6/28/21,p,2021,06/02/2021 19:40 CDT,96963,26.49,62.82,0.735,9.05,42.65,101889.37
TWB14,Uvalde_2020_02,29.60214,-99.73007,436.7784,6/28/21,p,2021,06/02/2021 19:45 CDT,96981,26.35,63.3,0.405,9.05,33.12,101910.97
TWB14,Uvalde_2020_02,29.60214,-99.73007,436.7784,6/28/21,p,2021,06/02/2021 19:50 CDT,96995,26.23,65.12,0.335,9.05,27.46,101928.19
TWB14,Uvalde_2020_02,29.60214,-99.73007,436.7784,6/28/21,p,2021,06/02/2021 19:55 CDT,97008,26.07,66.81,0.01,9.05,23.25,101944.37
TWB14,Uvalde_2020_02,29.60214,-99.73007,436.7784,6/28/21,p,2021,06/02/2021 20:00 CDT,97018,25.8,67.82,0.055,9.05,19.31,101959.26
TWB14,Uvalde_2020_02,29.60214,-99.73007,436.7784,6/28/21,p,2021,06/02/2021 20:05 CDT,97023,25.58,68.77,0.1,9.05,15.49,101968.4
TWB14,Uvalde_2020_02,29.60214,-99.73007,436.7784,6/28/21,p,2021,06/02/2021 20:10 CDT,97029,25.35,73.62,0,9.05,12.16,101979.07
TWB14,Uvalde_2020_02,29.60214,-99.73007,436.7784,6/28/21,p,2021,06/02/2021 20:15 CDT,97041,25,71.8,0,9.05,9.47,101998.66
TWB14,Uvalde_2020_02,29.60214,-99.73007,436.7784,6/28/21,p,2021,06/02/2021 20:20 CDT,97056,24.65,76.79,0,9.05,7.33,102020.85
TWB14,Uvalde_2020_02,29.60214,-99.73007,436.7784,6/28/21,p,2021,06/02/2021 20:25 CDT,97071,24.38,76.76,0,9.05,5.65,102042.6
TWB14,Uvalde_2020_02,29.60214,-99.73007,436.7784,6/28/21,p,2021,06/02/2021 20:30 CDT,97072,24.21,78.21,0,9.05,4.07,102047.4
TWB14,Uvalde_2020_02,29.60214,-99.73007,436.7784,6/28/21,p,2021,06/02/2021 20:35 CDT,97074,23.91,77.14,0,9.05,2.81,102053.97
TWB14,Uvalde_2020_02,29.60214,-99.73007,436.7784,6/28/21,p,2021,06/02/2021 20:40 CDT,97085,23.76,80.6,0.04,9.05,1.66,102069.63
TWB14,Uvalde_2020_02,29.60214,-99.73007,436.7784,6/28/21,p,2021,06/02/2021 20:45 CDT,97091,23.52,82.2,0.11,9.05,0.44,102080.74
TWB14,Uvalde_2020_02,29.60214,-99.73007,436.7784,6/28/21,p,2021,06/02/2021 20:50 CDT,97089,23.29,83.8,0,9.05,0.19,102082.77
TWB14,Uvalde_2020_02,29.60214,-99.73007,436.7784,6/28/21,p,2021,06/02/2021 20:55 CDT,97088,23.04,83.7,0,9.05,0.42,102085
TWB14,Uvalde_2020_02,29.60214,-99.73007,436.7784,6/28/21,p,2021,06/02/2021 21:00 CDT,97090,22.83,84.1,0,9.05,0.47,102089.34
TWB14,Uvalde_2020_02,29.60214,-99.73007,436.7784,6/28/21,p,2021,06/02/2021 21:05 CDT,97087,22.59,85.2,0,9.05,0,102088.95
TWB14,Uvalde_2020_02,29.60214,-99.73007,436.7784,6/28/21,p,2021,06/02/2021 21:10 CDT,97086,22.45,84.4,0.19,9.05,0,102090.67
TWB14,Uvalde_2020_02,29.60214,-99.73007,436.7784,6/28/21,p,2021,06/02/2021 21:15 CDT,97094,22.34,85.1,0.12,9.05,0,102101.85
TWB14,Uvalde_2020_02,29.60214,-99.73007,436.7784,6/28/21,p,2021,06/02/2021 21:20 CDT,97098,22.26,85.9,0,9.05,0.08,102107.79
TWB14,Uvalde_2020_02,29.60214,-99.73007,436.7784,6/28/21,p,2021,06/02/2021 21:25 CDT,97102,22.21,86.3,0,9.05,0.08,102113.03
TWB14,Uvalde_2020_02,29.60214,-99.73007,436.7784,6/28/21,p,2021,06/02/2021 21:30 CDT,97101,22.23,86.1,0,9.05,0.42,102114.07
TWB14,Uvalde_2020_02,29.60214,-99.73007,436.7784,6/28/21,p,2021,06/02/2021 21:35 CDT,97103,22.24,86.4,0.05,9.05,0.41,102117.39
TWB14,Uvalde_2020_02,29.60214,-99.73007,436.7784,6/28/21,p,2021,06/02/2021 21:40 CDT,97104,22.18,86.8,0.04,9.05,0.01,102119.13
TWB14,Uvalde_2020_02,29.60214,-99.73007,436.7784,6/28/21,p,2021,06/02/2021 21:45 CDT,97105,22.04,88,0,9.05,0,102122.44
TWB14,Uvalde_2020_02,29.60214,-99.73007,436.7784,6/28/21,p,2021,06/02/2021 21:50 CDT,97099,22.01,88,0,9.05,0,102116.13
TWB14,Uvalde_2020_02,29.60214,-99.73007,436.7784,6/28/21,p,2021,06/02/2021 21:55 CDT,97102,21.85,87.9,0.215,9.05,0,102120.33
TWB14,Uvalde_2020_02,29.60214,-99.73007,436.7784,6/28/21,p,2021,06/02/2021 22:00 CDT,97106,21.68,88.5,0.22,9.05,0,102125.92
TWB14,Uvalde_2020_02,29.60214,-99.73007,436.7784,6/28/21,p,2021,06/02/2021 22:05 CDT,97108,21.6,89,0,9.05,0.04,102128.37
TWB14,Uvalde_2020_02,29.60214,-99.73007,436.7784,6/28/21,p,2021,06/02/2021 22:10 CDT,97103,21.57,89.4,0.125,9.05,0.01,102123.28
TWB14,Uvalde_2020_02,29.60214,-99.73007,436.7784,6/28/21,p,2021,06/02/2021 22:15 CDT,97092,21.49,88.5,0.535,9.05,0,102113.47
TWB14,Uvalde_2020_02,29.60214,-99.73007,436.7784,6/28/21,p,2021,06/02/2021 22:20 CDT,97077,21.47,88.2,0.455,9.05,0,102099.44
TWB14,Uvalde_2020_02,29.60214,-99.73007,436.7784,6/28/21,p,2021,06/02/2021 22:25 CDT,97079,21.49,88.2,0,9.05,0.01,102102.06
TWB14,Uvalde_2020_02,29.60214,-99.73007,436.7784,6/28/21,p,2021,06/02/2021 22:30 CDT,97091,21.48,88.8,0.065,9.05,0.05,102115.03
TWB14,Uvalde_2020_02,29.60214,-99.73007,436.7784,6/28/21,p,2021,06/02/2021 22:35 CDT,97093,21.44,89.4,0.07,9.05,0.09,102117.13
TWB14,Uvalde_2020_02,29.60214,-99.73007,436.7784,6/28/21,p,2021,06/02/2021 22:40 CDT,97119,21.47,89.5,0.43,9.05,0,102145.35
TWB14,Uvalde_2020_02,29.60214,-99.73007,436.7784,6/28/21,p,2021,06/02/2021 22:45 CDT,97147,21.45,89.8,0.055,9.05,0.02,102176.19
TWB14,Uvalde_2020_02,29.60214,-99.73007,436.7784,6/28/21,p,2021,06/02/2021 22:50 CDT,97159,21.41,89.7,0.03,9.05,0.14,102189.69
TWB14,Uvalde_2020_02,29.60214,-99.73007,436.7784,6/28/21,p,2021,06/02/2021 22:55 CDT,97184,21.33,90.3,0,9.05,0.23,102217.03
TWB14,Uvalde_2020_02,29.60214,-99.73007,436.7784,6/28/21,p,2021,06/02/2021 23:00 CDT,97191,21.27,90.8,0.055,9.05,0.07,102224.91
TWB14,Uvalde_2020_02,29.60214,-99.73007,436.7784,6/28/21,p,2021,06/02/2021 23:05 CDT,97195,21.26,90.9,0.375,9.05,0,102229.3
TWB14,Uvalde_2020_02,29.60214,-99.73007,436.7784,6/28/21,p,2021,06/02/2021 23:10 CDT,97200,21.18,90.3,0.275,9.05,0,102235.08
TWB14,Uvalde_2020_02,29.60214,-99.73007,436.7784,6/28/21,p,2021,06/02/2021 23:15 CDT,97210,21.11,91.1,0.12,9.05,0,102246.12
TWB14,Uvalde_2020_02,29.60214,-99.73007,436.7784,6/28/21,p,2021,06/02/2021 23:20 CDT,97212,20.99,91.6,0.94,9.05,0,102249.27
TWB14,Uvalde_2020_02,29.60214,-99.73007,436.7784,6/28/21,p,2021,06/02/2021 23:25 CDT,97202,21.03,91.4,1.235,9.05,0,102238.93
TWB14,Uvalde_2020_02,29.60214,-99.73007,436.7784,6/28/21,p,2021,06/02/2021 23:30 CDT,97179,21.14,90.9,0.445,9.05,0,102212.64
TWB14,Uvalde_2020_02,29.60214,-99.73007,436.7784,6/28/21,p,2021,06/02/2021 23:35 CDT,97161,21.17,90.7,0.055,9.05,0,102193.36
TWB14,Uvalde_2020_02,29.60214,-99.73007,436.7784,6/28/21,p,2021,06/02/2021 23:40 CDT,97152,21.21,90.9,0.135,9.05,0,102184.07
TWB14,Uvalde_2020_02,29.60214,-99.73007,436.7784,6/28/21,p,2021,06/02/2021 23:45 CDT,97135,21.28,91.1,0.04,9.05,0.03,102166.89
TWB14,Uvalde_2020_02,29.60214,-99.73007,436.7784,6/28/21,p,2021,06/02/2021 23:50 CDT,97121,21.22,91.7,0.74,9.05,0,102152.68
TWB14,Uvalde_2020_02,29.60214,-99.73007,436.7784,6/28/21,p,2021,06/02/2021 23:55 CDT,97122,21.12,91.6,0.265,9.05,0,102153.91
TWB14,Uvalde_2020_02,29.60214,-99.73007,436.7784,6/28/21,p,2021,06/03/2021 00:00 CDT,97123,21.04,91.8,0.36,9.05,0,102155.13
TWB14,Uvalde_2020_02,29.60214,-99.73007,436.7784,6/28/21,p,2021,06/03/2021 00:05 CDT,97127,20.76,92.8,1.01,9.05,0,102162.66
TWB14,Uvalde_2020_02,29.60214,-99.73007,436.7784,6/28/21,p,2021,06/03/2021 00:10 CDT,97136,20.59,93.1,0.64,9.05,0,102175.46
TWB14,Uvalde_2020_02,29.60214,-99.73007,436.7784,6/28/21,p,2021,06/03/2021 00:15 CDT,97143,20.56,93.2,0.82,9.05,0.12,102183.88
TWB14,Uvalde_2020_02,29.60214,-99.73007,436.7784,6/28/21,p,2021,06/03/2021 00:20 CDT,97158,20.7,92.5,0.515,9.05,0,102197.91
TWB14,Uvalde_2020_02,29.60214,-99.73007,436.7784,6/28/21,p,2021,06/03/2021 00:25 CDT,97160,20.79,92.4,0.54,9.05,0,102199.31
TWB14,Uvalde_2020_02,29.60214,-99.73007,436.7784,6/28/21,p,2021,06/03/2021 00:30 CDT,97163,20.76,92.5,0.13,9.05,0,102202.46
TWB14,Uvalde_2020_02,29.60214,-99.73007,436.7784,6/28/21,p,2021,06/03/2021 00:35 CDT,97159,20.82,92.6,0.175,9.05,0,102197.9
TWB14,Uvalde_2020_02,29.60214,-99.73007,436.7784,6/28/21,p,2021,06/03/2021 00:40 CDT,97154,21,92.7,0.65,9.05,0,102191.06
TWB14,Uvalde_2020_02,29.60214,-99.73007,436.7784,6/28/21,p,2021,06/03/2021 00:45 CDT,97164,20.91,92.8,0.62,9.05,0,102200
TWB14,Uvalde_2020_02,29.60214,-99.73007,436.7784,6/28/21,p,2021,06/03/2021 00:50 CDT,97175,20.94,92.1,0.94,9.05,0,102210.53
TWB14,Uvalde_2020_02,29.60214,-99.73007,436.7784,6/28/21,p,2021,06/03/2021 00:55 CDT,97184,20.97,90.7,0.515,9.05,0,102218.78
TWB14,Uvalde_2020_02,29.60214,-99.73007,436.7784,6/28/21,p,2021,06/03/2021 01:00 CDT,97187,20.99,90.3,0.345,9.05,0,102221.94
TWB14,Uvalde_2020_02,29.60214,-99.73007,436.7784,6/28/21,p,2021,06/03/2021 01:05 CDT,97189,21.01,88.7,0.065,9.05,0,102223.87
TWB14,Uvalde_2020_02,29.60214,-99.73007,436.7784,6/28/21,p,2021,06/03/2021 01:10 CDT,97179,21.04,87.8,0.135,9.05,0,102213.36
TWB14,Uvalde_2020_02,29.60214,-99.73007,436.7784,6/28/21,p,2021,06/03/2021 01:15 CDT,97165,21.04,86,0.28,9.05,0,102198.47
TWB14,Uvalde_2020_02,29.60214,-99.73007,436.7784,6/28/21,p,2021,06/03/2021 01:20 CDT,97158,21.03,85.1,0.37,9.05,0,102191.29
TWB14,Uvalde_2020_02,29.60214,-99.73007,436.7784,6/28/21,p,2021,06/03/2021 01:25 CDT,97148,21.01,84.3,0.325,9.05,0.11,102180.43
TWB14,Uvalde_2020_02,29.60214,-99.73007,436.7784,6/28/21,p,2021,06/03/2021 01:30 CDT,97140,20.9,84.6,1.045,9.05,0,102173.41
TWB14,Uvalde_2020_02,29.60214,-99.73007,436.7784,6/28/21,p,2021,06/03/2021 01:35 CDT,97134,20.78,83.9,1.285,9.05,0,102169.74
TWB14,Uvalde_2020_02,29.60214,-99.73007,436.7784,6/28/21,p,2021,06/03/2021 01:40 CDT,97133,20.67,83,0.85,9.05,0.01,102170.44
TWB14,Uvalde_2020_02,29.60214,-99.73007,436.7784,6/28/21,p,2021,06/03/2021 01:45 CDT,97132,20.58,82.7,1.02,9.05,0,102170.97
TWB14,Uvalde_2020_02,29.60214,-99.73007,436.7784,6/28/21,p,2021,06/03/2021 01:50 CDT,97136,20.53,82.9,1.32,9.05,0,102176.23
TWB14,Uvalde_2020_02,29.60214,-99.73007,436.7784,6/28/21,p,2021,06/03/2021 01:55 CDT,97127,20.44,83.3,0.89,9.05,0,102167.46
TWB14,Uvalde_2020_02,29.60214,-99.73007,436.7784,6/28/21,p,2021,06/03/2021 02:00 CDT,97111,20.39,83.1,0.78,9.05,0,102151.51
TWB14,Uvalde_2020_02,29.60214,-99.73007,436.7784,6/28/21,p,2021,06/03/2021 02:05 CDT,97110,20.31,83.1,0.195,9.05,0.3,102151.87
TWB14,Uvalde_2020_02,29.60214,-99.73007,436.7784,6/28/21,p,2021,06/03/2021 02:10 CDT,97111,20.24,83.4,0.13,9.05,0.22,102154.15
TWB14,Uvalde_2020_02,29.60214,-99.73007,436.7784,6/28/21,p,2021,06/03/2021 02:15 CDT,97116,20.15,83.8,0,9.05,0.31,102160.64
TWB14,Uvalde_2020_02,29.60214,-99.73007,436.7784,6/28/21,p,2021,06/03/2021 02:20 CDT,97125,20.04,83.7,0.145,9.05,0.31,102173.45
TWB14,Uvalde_2020_02,29.60214,-99.73007,436.7784,6/28/21,p,2021,06/03/2021 02:25 CDT,97138,20,85,0.02,9.05,0.27,102188.7
TWB14,Uvalde_2020_02,29.60214,-99.73007,436.7784,6/28/21,p,2021,06/03/2021 02:30 CDT,97139,19.92,85.2,0.05,9.05,0,102190.64
TWB14,Uvalde_2020_02,29.60214,-99.73007,436.7784,6/28/21,p,2021,06/03/2021 02:35 CDT,97131,19.91,86.3,0.145,9.05,0.08,102184.51
TWB14,Uvalde_2020_02,29.60214,-99.73007,436.7784,6/28/21,p,2021,06/03/2021 02:40 CDT,97118,19.79,86.4,0,9.05,0.09,102172.59
TWB14,Uvalde_2020_02,29.60214,-99.73007,436.7784,6/28/21,p,2021,06/03/2021 02:45 CDT,97115,19.66,87.4,0.035,9.05,0.04,102170.85
TWB14,Uvalde_2020_02,29.60214,-99.73007,436.7784,6/28/21,p,2021,06/03/2021 02:50 CDT,97107,19.56,87.7,0.01,9.05,0.02,102164.73
TWB14,Uvalde_2020_02,29.60214,-99.73007,436.7784,6/28/21,p,2021,06/03/2021 02:55 CDT,97102,19.42,88,0.025,9.05,0,102161.23
TWB14,Uvalde_2020_02,29.60214,-99.73007,436.7784,6/28/21,p,2021,06/03/2021 03:00 CDT,97106,19.34,88.1,0,9.05,0.26,102166.86
TWB14,Uvalde_2020_02,29.60214,-99.73007,436.7784,6/28/21,p,2021,06/03/2021 03:05 CDT,97114,19.32,88.9,0,9.05,0.1,102176.15
TWB14,Uvalde_2020_02,29.60214,-99.73007,436.7784,6/28/21,p,2021,06/03/2021 03:10 CDT,97104,19.37,90.8,0.4,9.05,0,102165.62
TWB14,Uvalde_2020_02,29.60214,-99.73007,436.7784,6/28/21,p,2021,06/03/2021 03:15 CDT,97112,19.26,89.7,0.595,9.05,0,102174.93
TWB14,Uvalde_2020_02,29.60214,-99.73007,436.7784,6/28/21,p,2021,06/03/2021 03:20 CDT,97114,19.41,88.1,1.475,9.05,0,102177.75
TWB14,Uvalde_2020_02,29.60214,-99.73007,436.7784,6/28/21,p,2021,06/03/2021 03:25 CDT,97118,19.35,85.8,1.425,9.05,0,102181.44
TWB14,Uvalde_2020_02,29.60214,-99.73007,436.7784,6/28/21,p,2021,06/03/2021 03:30 CDT,97121,19.34,84.2,0.57,9.05,0,102183.55
TWB14,Uvalde_2020_02,29.60214,-99.73007,436.7784,6/28/21,p,2021,06/03/2021 03:35 CDT,97121,19.34,83.9,0.455,9.05,0,102182.49
TWB14,Uvalde_2020_02,29.60214,-99.73007,436.7784,6/28/21,p,2021,06/03/2021 03:40 CDT,97131,19.32,82.8,1.03,9.05,0,102192.84
TWB14,Uvalde_2020_02,29.60214,-99.73007,436.7784,6/28/21,p,2021,06/03/2021 03:45 CDT,97131,19.35,82.1,1.06,9.05,0,102191.78
TWB14,Uvalde_2020_02,29.60214,-99.73007,436.7784,6/28/21,p,2021,06/03/2021 03:50 CDT,97125,19.36,82.9,0.215,9.05,0,102185.11
TWB14,Uvalde_2020_02,29.60214,-99.73007,436.7784,6/28/21,p,2021,06/03/2021 03:55 CDT,97125,19.36,83.4,0.025,9.05,0,102184.93
TWB14,Uvalde_2020_02,29.60214,-99.73007,436.7784,6/28/21,p,2021,06/03/2021 04:00 CDT,97115,19.36,83.3,0.09,9.05,0,102174.41
TWB14,Uvalde_2020_02,29.60214,-99.73007,436.7784,6/28/21,p,2021,06/03/2021 04:05 CDT,97111,19.36,82.5,0.075,9.05,0,102169.5
TWB14,Uvalde_2020_02,29.60214,-99.73007,436.7784,6/28/21,p,2021,06/03/2021 04:10 CDT,97102,19.36,84.2,0.065,9.05,0,102160.37
TWB14,Uvalde_2020_02,29.60214,-99.73007,436.7784,6/28/21,p,2021,06/03/2021 04:15 CDT,97101,19.36,83.7,0.01,9.05,0.11,102159.32
TWB14,Uvalde_2020_02,29.60214,-99.73007,436.7784,6/28/21,p,2021,06/03/2021 04:20 CDT,97100,19.32,85.8,0.435,9.05,0.1,102158.61
TWB14,Uvalde_2020_02,29.60214,-99.73007,436.7784,6/28/21,p,2021,06/03/2021 04:25 CDT,97089,19.17,86.3,0.295,9.05,0.39,102149.16
TWB14,Uvalde_2020_02,29.60214,-99.73007,436.7784,6/28/21,p,2021,06/03/2021 04:30 CDT,97086,19.06,86.2,0.03,9.05,0.41,102148.13
TWB14,Uvalde_2020_02,29.60214,-99.73007,436.7784,6/28/21,p,2021,06/03/2021 04:35 CDT,97088,19,87,0.05,9.05,0.27,102151.47
TWB14,Uvalde_2020_02,29.60214,-99.73007,436.7784,6/28/21,p,2021,06/03/2021 04:40 CDT,97088,18.94,86.4,0,9.05,0.09,102152.71
TWB14,Uvalde_2020_02,29.60214,-99.73007,436.7784,6/28/21,p,2021,06/03/2021 04:45 CDT,97091,18.9,87.3,0.025,9.05,0,102157.46
TWB14,Uvalde_2020_02,29.60214,-99.73007,436.7784,6/28/21,p,2021,06/03/2021 04:50 CDT,97097,18.88,87,0.06,9.05,0,102164.13
TWB14,Uvalde_2020_02,29.60214,-99.73007,436.7784,6/28/21,p,2021,06/03/2021 04:55 CDT,97106,18.85,87.6,0,9.05,0,102174.48
TWB14,Uvalde_2020_02,29.60214,-99.73007,436.7784,6/28/21,p,2021,06/03/2021 05:00 CDT,97113,18.88,87.9,0,9.05,0,102181.85
TWB14,Uvalde_2020_02,29.60214,-99.73007,436.7784,6/28/21,p,2021,06/03/2021 05:05 CDT,97110,18.84,87.3,0.06,9.05,0,102178.87
TWB14,Uvalde_2020_02,29.60214,-99.73007,436.7784,6/28/21,p,2021,06/03/2021 05:10 CDT,97098,18.93,87.1,0.075,9.05,0,102166.25
TWB14,Uvalde_2020_02,29.60214,-99.73007,436.7784,6/28/21,p,2021,06/03/2021 05:15 CDT,97090,18.91,88.1,0.105,9.05,0,102157.82
TWB14,Uvalde_2020_02,29.60214,-99.73007,436.7784,6/28/21,p,2021,06/03/2021 05:20 CDT,97103,18.84,88,0,9.05,0,102172.04
TWB14,Uvalde_2020_02,29.60214,-99.73007,436.7784,6/28/21,p,2021,06/03/2021 05:25 CDT,97107,18.78,88.9,0,9.05,0,102176.77
TWB14,Uvalde_2020_02,29.60214,-99.73007,436.7784,6/28/21,p,2021,06/03/2021 05:30 CDT,97115,18.7,89.4,0,9.05,0,102185.37
TWB14,Uvalde_2020_02,29.60214,-99.73007,436.7784,6/28/21,p,2021,06/03/2021 05:35 CDT,97117,18.69,88.8,0.05,9.05,0,102187.47
TWB14,Uvalde_2020_02,29.60214,-99.73007,436.7784,6/28/21,p,2021,06/03/2021 05:40 CDT,97117,18.74,88.5,0.25,9.05,0,102187.47
TWB14,Uvalde_2020_02,29.60214,-99.73007,436.7784,6/28/21,p,2021,06/03/2021 05:45 CDT,97116,18.87,88.2,0.1,9.05,0,102185.54
TWB14,Uvalde_2020_02,29.60214,-99.73007,436.7784,6/28/21,p,2021,06/03/2021 05:50 CDT,97118,18.93,88.5,0,9.05,0,102186.93
TWB14,Uvalde_2020_02,29.60214,-99.73007,436.7784,6/28/21,p,2021,06/03/2021 05:55 CDT,97117,18.97,88.5,0,9.05,0,102184.28
TWB14,Uvalde_2020_02,29.60214,-99.73007,436.7784,6/28/21,p,2021,06/03/2021 06:00 CDT,97113,19.05,88.3,0,9.05,0,102178.83
TWB14,Uvalde_2020_02,29.60214,-99.73007,436.7784,6/28/21,p,2021,06/03/2021 06:05 CDT,97108,19.13,88.9,0.015,9.05,0,102172.32
TWB14,Uvalde_2020_02,29.60214,-99.73007,436.7784,6/28/21,p,2021,06/03/2021 06:10 CDT,97106,19.17,88.5,0,9.05,0,102168.98
TWB14,Uvalde_2020_02,29.60214,-99.73007,436.7784,6/28/21,p,2021,06/03/2021 06:15 CDT,97106,19.18,88.2,0,9.05,0,102168.63
TWB14,Uvalde_2020_02,29.60214,-99.73007,436.7784,6/28/21,p,2021,06/03/2021 06:20 CDT,97115,19.28,88.6,0.05,9.05,0,102176.68
TWB14,Uvalde_2020_02,29.60214,-99.73007,436.7784,6/28/21,p,2021,06/03/2021 06:25 CDT,97116,19.34,88.1,0,9.05,0,102175.96
TWB14,Uvalde_2020_02,29.60214,-99.73007,436.7784,6/28/21,p,2021,06/03/2021 06:30 CDT,97126,19.38,88.2,0,9.05,0,102186.13
TWB14,Uvalde_2020_02,29.60214,-99.73007,436.7784,6/28/21,p,2021,06/03/2021 06:35 CDT,97130,19.41,87.5,0.035,9.05,0.33,102190.16
TWB14,Uvalde_2020_02,29.60214,-99.73007,436.7784,6/28/21,p,2021,06/03/2021 06:40 CDT,97134,19.41,88.6,0,9.05,0.85,102194.36
TWB14,Uvalde_2020_02,29.60214,-99.73007,436.7784,6/28/21,p,2021,06/03/2021 06:45 CDT,97133,19.45,88.5,0,9.05,1.82,102192.61
TWB14,Uvalde_2020_02,29.60214,-99.73007,436.7784,6/28/21,p,2021,06/03/2021 06:50 CDT,97137,19.36,89.2,0,9.05,2.8,102197.69
TWB14,Uvalde_2020_02,29.60214,-99.73007,436.7784,6/28/21,p,2021,06/03/2021 06:55 CDT,97142,19.35,89.5,0.22,9.05,3.47,102203.48
TWB14,Uvalde_2020_02,29.60214,-99.73007,436.7784,6/28/21,p,2021,06/03/2021 07:00 CDT,97145,19.25,89.6,0.07,9.05,4.32,102208.41
TWB14,Uvalde_2020_02,29.60214,-99.73007,436.7784,6/28/21,p,2021,06/03/2021 07:05 CDT,97152,19.18,89.7,0.335,9.05,5.66,102217.19
TWB14,Uvalde_2020_02,29.60214,-99.73007,436.7784,6/28/21,p,2021,06/03/2021 07:10 CDT,97147,19.13,89.1,0.56,9.05,8.37,102212.82
TWB14,Uvalde_2020_02,29.60214,-99.73007,436.7784,6/28/21,p,2021,06/03/2021 07:15 CDT,97141,19.25,89.7,0.53,9.05,10.62,102206.68
TWB14,Uvalde_2020_02,29.60214,-99.73007,436.7784,6/28/21,p,2021,06/03/2021 07:20 CDT,97141,19.29,90,0.05,9.05,11.84,102206.33
TWB14,Uvalde_2020_02,29.60214,-99.73007,436.7784,6/28/21,p,2021,06/03/2021 07:25 CDT,97135,19.31,91.3,0,9.05,16.3,102197.53
TWB14,Uvalde_2020_02,29.60214,-99.73007,436.7784,6/28/21,p,2021,06/03/2021 07:30 CDT,97122,19.29,91.2,0,9.05,22.72,102182.43
TWB14,Uvalde_2020_02,29.60214,-99.73007,436.7784,6/28/21,p,2021,06/03/2021 07:35 CDT,97116,19.3,92.1,0.065,9.05,29.19,102175.58
TWB14,Uvalde_2020_02,29.60214,-99.73007,436.7784,6/28/21,p,2021,06/03/2021 07:40 CDT,97117,19.33,92.1,0.295,9.05,32.18,102175.93
TWB14,Uvalde_2020_02,29.60214,-99.73007,436.7784,6/28/21,p,2021,06/03/2021 07:45 CDT,97127,19.39,92.1,0.035,9.05,30.06,102185.03
TWB14,Uvalde_2020_02,29.60214,-99.73007,436.7784,6/28/21,p,2021,06/03/2021 07:50 CDT,97142,19.46,91.4,0.99,9.05,26.03,102199.05
TWB14,Uvalde_2020_02,29.60214,-99.73007,436.7784,6/28/21,p,2021,06/03/2021 07:55 CDT,97142,19.53,91.4,0.83,9.05,34.46,102198.34
TWB14,Uvalde_2020_02,29.60214,-99.73007,436.7784,6/28/21,p,2021,06/03/2021 08:00 CDT,97141,19.66,90,0.425,9.05,44.58,102196.06
TWB14,Uvalde_2020_02,29.60214,-99.73007,436.7784,6/28/21,p,2021,06/03/2021 08:05 CDT,97142,19.85,90.2,0.245,9.05,59.21,102194.82
TWB14,Uvalde_2020_02,29.60214,-99.73007,436.7784,6/28/21,p,2021,06/03/2021 08:10 CDT,97156,20.04,89.7,0.37,9.05,65.82,102206.38
TWB14,Uvalde_2020_02,29.60214,-99.73007,436.7784,6/28/21,p,2021,06/03/2021 08:15 CDT,97167,20.26,87.5,1.74,9.05,52.3,102213.38
TWB14,Uvalde_2020_02,29.60214,-99.73007,436.7784,6/28/21,p,2021,06/03/2021 08:20 CDT,97183,20.43,86.3,3.085,9.05,31.57,102226.88
TWB14,Uvalde_2020_02,29.60214,-99.73007,436.7784,6/28/21,p,2021,06/03/2021 08:25 CDT,97198,20.43,84.8,3.22,9.05,12.58,102242.14
TWB14,Uvalde_2020_02,29.60214,-99.73007,436.7784,6/28/21,p,2021,06/03/2021 08:30 CDT,97205,20.27,81.7,4.85,9.05,10.21,102251.63
TWB14,Uvalde_2020_02,29.60214,-99.73007,436.7784,6/28/21,p,2021,06/03/2021 08:35 CDT,97207,20.08,80,4.82,8.55,10.76,102257.27
TWB14,Uvalde_2020_02,29.60214,-99.73007,436.7784,6/28/21,p,2021,06/03/2021 08:40 CDT,97206,19.94,80.1,4.39,8.55,15.79,102259.04
TWB14,Uvalde_2020_02,29.60214,-99.73007,436.7784,6/28/21,p,2021,06/03/2021 08:45 CDT,97210,19.85,79.09,4.28,8.55,10.6,102265.01
TWB14,Uvalde_2020_02,29.60214,-99.73007,436.7784,6/28/21,p,2021,06/03/2021 08:50 CDT,97217,19.9,78.82,3.15,8.55,8.08,102272.2
TWB14,Uvalde_2020_02,29.60214,-99.73007,436.7784,6/28/21,p,2021,06/03/2021 08:55 CDT,97222,19.74,82.7,3.97,8.55,22.45,102278.85
TWB14,Uvalde_2020_02,29.60214,-99.73007,436.7784,6/28/21,p,2021,06/03/2021 09:00 CDT,97244,18.82,88.7,4.585,8.55,17.5,102314.88
TWB14,Uvalde_2020_02,29.60214,-99.73007,436.7784,6/28/21,p,2021,06/03/2021 09:05 CDT,97267,18.01,92.5,4.765,8.55,12.61,102353.84
TWB14,Uvalde_2020_02,29.60214,-99.73007,436.7784,6/28/21,p,2021,06/03/2021 09:10 CDT,97264,17.54,94.4,4.37,8.55,8.56,102360.52
TWB14,Uvalde_2020_02,29.60214,-99.73007,436.7784,6/28/21,p,2021,06/03/2021 09:15 CDT,97272,17.33,95.3,3.56,8.55,10.57,102373.24
TWB14,Uvalde_2020_02,29.60214,-99.73007,436.7784,6/28/21,p,2021,06/03/2021 09:20 CDT,97263,17.28,95.1,3.36,8.55,18.05,102365.38
TWB14,Uvalde_2020_02,29.60214,-99.73007,436.7784,6/28/21,p,2021,06/03/2021 09:25 CDT,97255,17.3,94.7,2.16,8.55,26.07,102356.96
TWB14,Uvalde_2020_02,29.60214,-99.73007,436.7784,6/28/21,p,2021,06/03/2021 09:30 CDT,97275,17.28,94.7,1.835,8.55,25.46,102378.19
TWB14,Uvalde_2020_02,29.60214,-99.73007,436.7784,6/28/21,p,2021,06/03/2021 09:35 CDT,97280,17.33,94.3,2.11,8.55,18.16,102383.1
TWB14,Uvalde_2020_02,29.60214,-99.73007,436.7784,6/28/21,p,2021,06/03/2021 09:40 CDT,97277,17.37,94.2,2.39,8.55,15.7,102379.22
TWB14,Uvalde_2020_02,29.60214,-99.73007,436.7784,6/28/21,p,2021,06/03/2021 09:45 CDT,97278,17.33,94.3,2.505,8.55,17.19,102380.81
TWB14,Uvalde_2020_02,29.60214,-99.73007,436.7784,6/28/21,p,2021,06/03/2021 09:50 CDT,97279,17.43,93.5,3.66,8.55,13.47,102381.33
TWB14,Uvalde_2020_02,29.60214,-99.73007,436.7784,6/28/21,p,2021,06/03/2021 09:55 CDT,97301,17.44,93.1,3.365,8.3,9.76,102403.95
TWB14,Uvalde_2020_02,29.60214,-99.73007,436.7784,6/28/21,p,2021,06/03/2021 10:00 CDT,97313,17.42,93.1,2.9,8.3,7.62,102416.76
TWB14,Uvalde_2020_02,29.60214,-99.73007,436.7784,6/28/21,p,2021,06/03/2021 10:05 CDT,97301,17.45,92.9,3.575,8.3,9.03,102403.95
TWB14,Uvalde_2020_02,29.60214,-99.73007,436.7784,6/28/21,p,2021,06/03/2021 10:10 CDT,97282,17.42,93.4,2.82,8.3,8.59,102383.95
TWB14,Uvalde_2020_02,29.60214,-99.73007,436.7784,6/28/21,p,2021,06/03/2021 10:15 CDT,97285,17.42,93.3,2.885,8.3,7.24,102387.11
TWB14,Uvalde_2020_02,29.60214,-99.73007,436.7784,6/28/21,p,2021,06/03/2021 10:20 CDT,97300,17.45,93,2.795,8.3,6.11,102402.72
TWB14,Uvalde_2020_02,29.60214,-99.73007,436.7784,6/28/21,p,2021,06/03/2021 10:25 CDT,97301,17.48,93.2,2.995,8.3,5.86,102403.59
TWB14,Uvalde_2020_02,29.60214,-99.73007,436.7784,6/28/21,p,2021,06/03/2021 10:30 CDT,97290,17.39,94.2,2.015,8.3,6.97,102392.37
TWB14,Uvalde_2020_02,29.60214,-99.73007,436.7784,6/28/21,p,2021,06/03/2021 10:35 CDT,97300,17.33,94.6,1.035,8.3,6.95,102403.79
TWB14,Uvalde_2020_02,29.60214,-99.73007,436.7784,6/28/21,p,2021,06/03/2021 10:40 CDT,97321,17.32,94.5,1.24,8.3,6,102425.89
TWB14,Uvalde_2020_02,29.60214,-99.73007,436.7784,6/28/21,p,2021,06/03/2021 10:45 CDT,97329,17.35,94.7,0.55,8.3,6.4,102433.77
TWB14,Uvalde_2020_02,29.60214,-99.73007,436.7784,6/28/21,p,2021,06/03/2021 10:50 CDT,97321,17.35,94.9,0.285,8.3,6.02,102424.81
TWB14,Uvalde_2020_02,29.60214,-99.73007,436.7784,6/28/21,p,2021,06/03/2021 10:55 CDT,97314,17.35,95,1.05,8.3,5.57,102417.44
TWB14,Uvalde_2020_02,29.60214,-99.73007,436.7784,6/28/21,p,2021,06/03/2021 11:00 CDT,97303,17.33,95.6,1.48,8.3,5.95,102406.04
TWB14,Uvalde_2020_02,29.60214,-99.73007,436.7784,6/28/21,p,2021,06/03/2021 11:05 CDT,97292,17.3,95.9,2.09,8.3,6.41,102395.36
TWB14,Uvalde_2020_02,29.60214,-99.73007,436.7784,6/28/21,p,2021,06/03/2021 11:10 CDT,97288,17.26,96.2,1.765,8.3,7.37,102392.05
TWB14,Uvalde_2020_02,29.60214,-99.73007,436.7784,6/28/21,p,2021,06/03/2021 11:15 CDT,97287,17.25,96.3,1.145,8.3,8.42,102391.35
TWB14,Uvalde_2020_02,29.60214,-99.73007,436.7784,6/28/21,p,2021,06/03/2021 11:20 CDT,97297,17.26,96.2,1.98,8.3,8.66,102401.7
TWB14,Uvalde_2020_02,29.60214,-99.73007,436.7784,6/28/21,p,2021,06/03/2021 11:25 CDT,97315,17.29,96.3,1.47,8.3,7.81,102420.28
TWB14,Uvalde_2020_02,29.60214,-99.73007,436.7784,6/28/21,p,2021,06/03/2021 11:30 CDT,97319,17.31,96.3,1.705,8.3,6.8,102423.77
TWB14,Uvalde_2020_02,29.60214,-99.73007,436.7784,6/28/21,p,2021,06/03/2021 11:35 CDT,97321,17.31,96.5,2.005,8.3,7.2,102425.88
TWB14,Uvalde_2020_02,29.60214,-99.73007,436.7784,6/28/21,p,2021,06/03/2021 11:40 CDT,97319,17.28,96.7,2.18,8.3,8.38,102424.13
TWB14,Uvalde_2020_02,29.60214,-99.73007,436.7784,6/28/21,p,2021,06/03/2021 11:45 CDT,97317,17.25,96.7,2.05,8.3,10.57,102422.93
TWB14,Uvalde_2020_02,29.60214,-99.73007,436.7784,6/28/21,p,2021,06/03/2021 11:50 CDT,97334,17.25,96.7,1.275,8.3,10.83,102440.82
TWB14,Uvalde_2020_02,29.60214,-99.73007,436.7784,6/28/21,p,2021,06/03/2021 11:55 CDT,97343,17.26,96.8,0.625,8.3,11.89,102450.11
TWB14,Uvalde_2020_02,29.60214,-99.73007,436.7784,6/28/21,p,2021,06/03/2021 12:00 CDT,97345,17.29,96.8,0.12,8.3,15.28,102451.14
TWB14,Uvalde_2020_02,29.60214,-99.73007,436.7784,6/28/21,p,2021,06/03/2021 12:05 CDT,97340,17.29,96.7,0.67,8.3,17.78,102445.69
TWB14,Uvalde_2020_02,29.60214,-99.73007,436.7784,6/28/21,p,2021,06/03/2021 12:10 CDT,97320,17.31,96.7,1.085,8.3,21.51,102424.47
TWB14,Uvalde_2020_02,29.60214,-99.73007,436.7784,6/28/21,p,2021,06/03/2021 12:15 CDT,97314,17.34,96.4,0.43,8.3,24.12,102417.79
TWB14,Uvalde_2020_02,29.60214,-99.73007,436.7784,6/28/21,p,2021,06/03/2021 12:20 CDT,97304,17.45,95,2.04,8.3,30.76,102406.92
TWB14,Uvalde_2020_02,29.60214,-99.73007,436.7784,6/28/21,p,2021,06/03/2021 12:25 CDT,97285,17.59,94.3,1.385,8.3,44.31,102385.85
TWB14,Uvalde_2020_02,29.60214,-99.73007,436.7784,6/28/21,p,2021,06/03/2021 12:30 CDT,97261,17.89,91.8,2.505,8.3,70.69,102357.01
TWB14,Uvalde_2020_02,29.60214,-99.73007,436.7784,6/28/21,p,2021,06/03/2021 12:35 CDT,97257,18.08,91.5,1.015,8.3,99.16,102348.51
TWB14,Uvalde_2020_02,29.60214,-99.73007,436.7784,6/28/21,p,2021,06/03/2021 12:40 CDT,97238,18.32,91.1,0.985,8.3,152.31,102325.3
TWB14,Uvalde_2020_02,29.60214,-99.73007,436.7784,6/28/21,p,2021,06/03/2021 12:45 CDT,97228,18.58,89.9,1.065,8.3,223.12,102309.78
TWB14,Uvalde_2020_02,29.60214,-99.73007,436.7784,6/28/21,p,2021,06/03/2021 12:50 CDT,97216,18.89,91.2,1.035,8.3,415.35,102291.09
TWB14,Uvalde_2020_02,29.60214,-99.73007,436.7784,6/28/21,p,2021,06/03/2021 12:55 CDT,97194,19.36,90.4,1.295,8.3,572.55,102259.25
TWB14,Uvalde_2020_02,29.60214,-99.73007,436.7784,6/28/21,p,2021,06/03/2021 13:00 CDT,97189,19.78,89.8,1.625,8.3,307.15,102245.33
TWB14,Uvalde_2020_02,29.60214,-99.73007,436.7784,6/28/21,p,2021,06/03/2021 13:05 CDT,97192,19.63,88.6,2.265,8.3,289.44,102246.72
TWB14,Uvalde_2020_02,29.60214,-99.73007,436.7784,6/28/21,p,2021,06/03/2021 13:10 CDT,97175,19.5,88.6,1.255,8.3,227.69,102230.6
TWB14,Uvalde_2020_02,29.60214,-99.73007,436.7784,6/28/21,p,2021,06/03/2021 13:15 CDT,97157,19.54,90.8,0.74,8.3,192.71,102212.36
TWB14,Uvalde_2020_02,29.60214,-99.73007,436.7784,6/28/21,p,2021,06/03/2021 13:20 CDT,97139,19.78,87,0.81,8.3,194.5,102190.98
TWB14,Uvalde_2020_02,29.60214,-99.73007,436.7784,6/28/21,p,2021,06/03/2021 13:25 CDT,97142,19.9,84.9,0.645,8.3,196.01,102193.09
TWB14,Uvalde_2020_02,29.60214,-99.73007,436.7784,6/28/21,p,2021,06/03/2021 13:30 CDT,97141,20.01,83.3,0.6,8.3,188.85,102188.52
TWB14,Uvalde_2020_02,29.60214,-99.73007,436.7784,6/28/21,p,2021,06/03/2021 13:35 CDT,97137,20.05,84.5,0.405,8.3,204.46,102183.07
TWB14,Uvalde_2020_02,29.60214,-99.73007,436.7784,6/28/21,p,2021,06/03/2021 13:40 CDT,97133,20.19,87.2,1.425,8.3,241.81,102175.86
TWB14,Uvalde_2020_02,29.60214,-99.73007,436.7784,6/28/21,p,2021,06/03/2021 13:45 CDT,97133,20.25,86.8,1.75,8.3,290.58,102173.93
TWB14,Uvalde_2020_02,29.60214,-99.73007,436.7784,6/28/21,p,2021,06/03/2021 13:50 CDT,97128,20.42,82.9,1.675,8.3,269.6,102166.24
TWB14,Uvalde_2020_02,29.60214,-99.73007,436.7784,6/28/21,p,2021,06/03/2021 13:55 CDT,97128,20.66,81.2,1.57,8.3,235.39,102162.74
TWB14,Uvalde_2020_02,29.60214,-99.73007,436.7784,6/28/21,p,2021,06/03/2021 14:00 CDT,97136,20.74,79.69,1.66,8.3,205.73,102168.36
TWB14,Uvalde_2020_02,29.60214,-99.73007,436.7784,6/28/21,p,2021,06/03/2021 14:05 CDT,97135,20.88,81.8,0.305,8.3,200.93,102166.42
TWB14,Uvalde_2020_02,29.60214,-99.73007,436.7784,6/28/21,p,2021,06/03/2021 14:10 CDT,97127,20.84,85.4,1.27,8.3,227.59,102156.76
TWB14,Uvalde_2020_02,29.60214,-99.73007,436.7784,6/28/21,p,2021,06/03/2021 14:15 CDT,97122,20.78,82,0.935,8.3,244.35,102152.4
TWB14,Uvalde_2020_02,29.60214,-99.73007,436.7784,6/28/21,p,2021,06/03/2021 14:20 CDT,97130,20.7,85.1,1.72,8.3,267.29,102161.14
TWB14,Uvalde_2020_02,29.60214,-99.73007,436.7784,6/28/21,p,2021,06/03/2021 14:25 CDT,97126,20.71,84,1.525,8.3,318.64,102157.99
TWB14,Uvalde_2020_02,29.60214,-99.73007,436.7784,6/28/21,p,2021,06/03/2021 14:30 CDT,97125,20.79,79.84,1.58,8.3,314.25,102156.09
TWB14,Uvalde_2020_02,29.60214,-99.73007,436.7784,6/28/21,p,2021,06/03/2021 14:35 CDT,97115,20.79,80,1.72,8.3,355.49,102145.57
TWB14,Uvalde_2020_02,29.60214,-99.73007,436.7784,6/28/21,p,2021,06/03/2021 14:40 CDT,97101,20.82,79.88,1.24,8.3,425.15,102131.37
TWB14,Uvalde_2020_02,29.60214,-99.73007,436.7784,6/28/21,p,2021,06/03/2021 14:45 CDT,97096,21.04,81,1.32,8.3,351.93,102122.26
TWB14,Uvalde_2020_02,29.60214,-99.73007,436.7784,6/28/21,p,2021,06/03/2021 14:50 CDT,97091,21.26,79.1,1.45,8.3,450.84,102113.7
TWB14,Uvalde_2020_02,29.60214,-99.73007,436.7784,6/28/21,p,2021,06/03/2021 14:55 CDT,97083,21.53,77.01,1.4,8.3,517.76,102099.72
TWB14,Uvalde_2020_02,29.60214,-99.73007,436.7784,6/28/21,p,2021,06/03/2021 15:00 CDT,97075,21.64,75.42,1.77,8.3,428.5,102088.37
TWB14,Uvalde_2020_02,29.60214,-99.73007,436.7784,6/28/21,p,2021,06/03/2021 15:05 CDT,97075,21.54,76.17,1.595,8.3,256.07,102088.71
TWB14,Uvalde_2020_02,29.60214,-99.73007,436.7784,6/28/21,p,2021,06/03/2021 15:10 CDT,97070,21.52,79.1,1.145,8.3,236.44,102084.82
TWB14,Uvalde_2020_02,29.60214,-99.73007,436.7784,6/28/21,p,2021,06/03/2021 15:15 CDT,97055,21.89,78.76,0.79,8.3,309.29,102065.05
TWB14,Uvalde_2020_02,29.60214,-99.73007,436.7784,6/28/21,p,2021,06/03/2021 15:20 CDT,97047,22.16,72.78,1.365,8.3,409.26,102051.48
TWB14,Uvalde_2020_02,29.60214,-99.73007,436.7784,6/28/21,p,2021,06/03/2021 15:25 CDT,97041,22.29,76.18,1.57,8.3,501.27,102042.37
TWB14,Uvalde_2020_02,29.60214,-99.73007,436.7784,6/28/21,p,2021,06/03/2021 15:30 CDT,97038,22.48,73.89,1.52,8.3,346.62,102034.91
TWB14,Uvalde_2020_02,29.60214,-99.73007,436.7784,6/28/21,p,2021,06/03/2021 15:35 CDT,97041,22.4,70.82,2.285,8.3,422.74,102039.13
TWB14,Uvalde_2020_02,29.60214,-99.73007,436.7784,6/28/21,p,2021,06/03/2021 15:40 CDT,97045,22.46,71.69,2.205,8.3,426.71,102042.81
TWB14,Uvalde_2020_02,29.60214,-99.73007,436.7784,6/28/21,p,2021,06/03/2021 15:45 CDT,97039,22.71,70.82,1.53,8.3,431.46,102033.57
TWB14,Uvalde_2020_02,29.60214,-99.73007,436.7784,6/28/21,p,2021,06/03/2021 15:50 CDT,97037,22.62,69.94,2.29,8.3,449.2,102030.61
TWB14,Uvalde_2020_02,29.60214,-99.73007,436.7784,6/28/21,p,2021,06/03/2021 15:55 CDT,97046,22.7,72.64,1.95,8.3,382.21,102039.54
TWB14,Uvalde_2020_02,29.60214,-99.73007,436.7784,6/28/21,p,2021,06/03/2021 16:00 CDT,97046,22.71,71.29,1.99,8.3,299.04,102039.2
TWB14,Uvalde_2020_02,29.60214,-99.73007,436.7784,6/28/21,p,2021,06/03/2021 16:05 CDT,97037,22.93,69.97,1.745,8.3,594.05,102027.68
TWB14,Uvalde_2020_02,29.60214,-99.73007,436.7784,6/28/21,p,2021,06/03/2021 16:10 CDT,97036,23.35,68.08,2.535,8.3,485.95,102019.76
TWB14,Uvalde_2020_02,29.60214,-99.73007,436.7784,6/28/21,p,2021,06/03/2021 16:15 CDT,97034,23.38,68.01,1.705,8.3,232.39,102016.28
TWB14,Uvalde_2020_02,29.60214,-99.73007,436.7784,6/28/21,p,2021,06/03/2021 16:20 CDT,97033,23.5,64.54,1.585,8.3,531.73,102013.88
TWB14,Uvalde_2020_02,29.60214,-99.73007,436.7784,6/28/21,p,2021,06/03/2021 16:25 CDT,97032,23.73,70,0.955,8.3,464.88,102008.5
TWB14,Uvalde_2020_02,29.60214,-99.73007,436.7784,6/28/21,p,2021,06/03/2021 16:30 CDT,97032,23.98,71.72,2.585,8.3,579.12,102003.18
TWB14,Uvalde_2020_02,29.60214,-99.73007,436.7784,6/28/21,p,2021,06/03/2021 16:35 CDT,97018,24.04,66.6,2.34,8.3,552.93,101986.46
TWB14,Uvalde_2020_02,29.60214,-99.73007,436.7784,6/28/21,p,2021,06/03/2021 16:40 CDT,97002,24.07,67.44,2.56,8.3,556.98,101969.12
TWB14,Uvalde_2020_02,29.60214,-99.73007,436.7784,6/28/21,p,2021,06/03/2021 16:45 CDT,96982,24.22,65.61,2.285,8.3,550.14,101945.55
TWB14,Uvalde_2020_02,29.60214,-99.73007,436.7784,6/28/21,p,2021,06/03/2021 16:50 CDT,96970,24.05,66.99,2.385,8.3,551.15,101934.63
TWB14,Uvalde_2020_02,29.60214,-99.73007,436.7784,6/28/21,p,2021,06/03/2021 16:55 CDT,96959,24.38,67.43,1.655,8.3,546.94,101918.63
TWB14,Uvalde_2020_02,29.60214,-99.73007,436.7784,6/28/21,p,2021,06/03/2021 17:00 CDT,96952,24.68,64.73,1.82,8.3,525.42,101907.72
TWB14,Uvalde_2020_02,29.60214,-99.73007,436.7784,6/28/21,p,2021,06/03/2021 17:05 CDT,96949,24.64,66.95,1.895,8.3,502.4,101903.87
TWB14,Uvalde_2020_02,29.60214,-99.73007,436.7784,6/28/21,p,2021,06/03/2021 17:10 CDT,96960,24.82,62.71,1.66,8.3,481.82,101912.58
TWB14,Uvalde_2020_02,29.60214,-99.73007,436.7784,6/28/21,p,2021,06/03/2021 17:15 CDT,96958,25.04,65.2,1.84,8.3,477.9,101906.04
TWB14,Uvalde_2020_02,29.60214,-99.73007,436.7784,6/28/21,p,2021,06/03/2021 17:20 CDT,96946,24.95,64.02,2.055,8.3,468.35,101894.46
TWB14,Uvalde_2020_02,29.60214,-99.73007,436.7784,6/28/21,p,2021,06/03/2021 17:25 CDT,96944,24.79,62.61,2.025,8.3,422.76,101895.42
TWB14,Uvalde_2020_02,29.60214,-99.73007,436.7784,6/28/21,p,2021,06/03/2021 17:30 CDT,96943,24.7,63.31,1.86,8.3,395.44,101896.06
TWB14,Uvalde_2020_02,29.60214,-99.73007,436.7784,6/28/21,p,2021,06/03/2021 17:35 CDT,96938,24.72,58.66,2.08,8.3,366.55,101891.02
TWB14,Uvalde_2020_02,29.60214,-99.73007,436.7784,6/28/21,p,2021,06/03/2021 17:40 CDT,96932,24.55,61.9,2.305,8.3,348.57,101887.4
TWB14,Uvalde_2020_02,29.60214,-99.73007,436.7784,6/28/21,p,2021,06/03/2021 17:45 CDT,96937,24.34,63.31,2.18,8.3,263.14,101896.05
TWB14,Uvalde_2020_02,29.60214,-99.73007,436.7784,6/28/21,p,2021,06/03/2021 17:50 CDT,96939,24.27,60.62,2.325,8.3,315.4,101900.22
TWB14,Uvalde_2020_02,29.60214,-99.73007,436.7784,6/28/21,p,2021,06/03/2021 17:55 CDT,96928,24.28,62.94,2.52,8.3,334.97,101888.81
TWB14,Uvalde_2020_02,29.60214,-99.73007,436.7784,6/28/21,p,2021,06/03/2021 18:00 CDT,96931,24.19,63.21,2.21,8.3,261.11,101893.83
TWB14,Uvalde_2020_02,29.60214,-99.73007,436.7784,6/28/21,p,2021,06/03/2021 18:05 CDT,96936,24.26,62.4,2.19,8.3,314.55,101898.93
TWB14,Uvalde_2020_02,29.60214,-99.73007,436.7784,6/28/21,p,2021,06/03/2021 18:10 CDT,96940,24.33,62.44,2.125,8.3,289.1,101901.08
TWB14,Uvalde_2020_02,29.60214,-99.73007,436.7784,6/28/21,p,2021,06/03/2021 18:15 CDT,96930,24.39,61.97,1.895,8.3,293.55,101890.23
TWB14,Uvalde_2020_02,29.60214,-99.73007,436.7784,6/28/21,p,2021,06/03/2021 18:20 CDT,96926,24.45,62.91,1.625,8.3,314.02,101884.83
TWB14,Uvalde_2020_02,29.60214,-99.73007,436.7784,6/28/21,p,2021,06/03/2021 18:25 CDT,96919,24.5,63.31,1.82,8.3,305.24,101876.62
TWB14,Uvalde_2020_02,29.60214,-99.73007,436.7784,6/28/21,p,2021,06/03/2021 18:30 CDT,96916,24.66,64.06,1.605,8.3,289.12,101870.91
TWB14,Uvalde_2020_02,29.60214,-99.73007,436.7784,6/28/21,p,2021,06/03/2021 18:35 CDT,96916,24.68,62.61,1.855,8.3,292.95,101869.9
TWB14,Uvalde_2020_02,29.60214,-99.73007,436.7784,6/28/21,p,2021,06/03/2021 18:40 CDT,96913,24.67,60.38,1.55,8.3,300.44,101866.59
TWB14,Uvalde_2020_02,29.60214,-99.73007,436.7784,6/28/21,p,2021,06/03/2021 18:45 CDT,96902,24.78,60.45,1.625,8.3,303.85,101853.67
TWB14,Uvalde_2020_02,29.60214,-99.73007,436.7784,6/28/21,p,2021,06/03/2021 18:50 CDT,96905,24.89,59.85,1.605,8.3,290.29,101855.3
TWB14,Uvalde_2020_02,29.60214,-99.73007,436.7784,6/28/21,p,2021,06/03/2021 18:55 CDT,96909,25.04,55.87,1.785,8.3,280.25,101857.33
TWB14,Uvalde_2020_02,29.60214,-99.73007,436.7784,6/28/21,p,2021,06/03/2021 19:00 CDT,96917,24.93,60.52,1.55,8.3,267.75,101866.55
TWB14,Uvalde_2020_02,29.60214,-99.73007,436.7784,6/28/21,p,2021,06/03/2021 19:05 CDT,96918,24.99,57.45,1.4,8.3,254.25,101867.29
TWB14,Uvalde_2020_02,29.60214,-99.73007,436.7784,6/28/21,p,2021,06/03/2021 19:10 CDT,96921,24.86,58.53,1.735,8.3,231.45,101871.28
TWB14,Uvalde_2020_02,29.60214,-99.73007,436.7784,6/28/21,p,2021,06/03/2021 19:15 CDT,96927,24.72,58.93,1.685,8.3,208.96,101879.62
TWB14,Uvalde_2020_02,29.60214,-99.73007,436.7784,6/28/21,p,2021,06/03/2021 19:20 CDT,96939,24.77,60.15,0.85,8.3,179.13,101892.73
TWB14,Uvalde_2020_02,29.60214,-99.73007,436.7784,6/28/21,p,2021,06/03/2021 19:25 CDT,96943,24.68,62.17,1.905,8.3,170.09,101897.77
TWB14,Uvalde_2020_02,29.60214,-99.73007,436.7784,6/28/21,p,2021,06/03/2021 19:30 CDT,96952,24.48,61.36,1.66,8.3,152.69,101910.64
TWB14,Uvalde_2020_02,29.60214,-99.73007,436.7784,6/28/21,p,2021,06/03/2021 19:35 CDT,96955,24.39,62.57,1.745,8.3,134.11,101915.66
TWB14,Uvalde_2020_02,29.60214,-99.73007,436.7784,6/28/21,p,2021,06/03/2021 19:40 CDT,96956,24.33,62.07,1.49,8.3,125.49,101918.76
TWB14,Uvalde_2020_02,29.60214,-99.73007,436.7784,6/28/21,p,2021,06/03/2021 19:45 CDT,96959,24.24,62.98,1.5,8.3,109.66,101923.1
TWB14,Uvalde_2020_02,29.60214,-99.73007,436.7784,6/28/21,p,2021,06/03/2021 19:50 CDT,96971,24.14,64.39,1.15,8.3,84.66,101937.24
TWB14,Uvalde_2020_02,29.60214,-99.73007,436.7784,6/28/21,p,2021,06/03/2021 19:55 CDT,96980,23.89,64.53,1.35,8.3,56.71,101949.94
TWB14,Uvalde_2020_02,29.60214,-99.73007,436.7784,6/28/21,p,2021,06/03/2021 20:00 CDT,96979,23.61,66.82,1.15,8.3,39.45,101953.15
TWB14,Uvalde_2020_02,29.60214,-99.73007,436.7784,6/28/21,p,2021,06/03/2021 20:05 CDT,96991,23.32,69.01,1.245,8.3,28.23,101970.89
TWB14,Uvalde_2020_02,29.60214,-99.73007,436.7784,6/28/21,p,2021,06/03/2021 20:10 CDT,97002,23.06,69.72,0.97,8.3,20.4,101987.95
TWB14,Uvalde_2020_02,29.60214,-99.73007,436.7784,6/28/21,p,2021,06/03/2021 20:15 CDT,97019,22.89,68.91,0.595,8.3,16.53,102009.62
TWB14,Uvalde_2020_02,29.60214,-99.73007,436.7784,6/28/21,p,2021,06/03/2021 20:20 CDT,97022,22.69,73.36,0.35,8.3,13.32,102016.19
TWB14,Uvalde_2020_02,29.60214,-99.73007,436.7784,6/28/21,p,2021,06/03/2021 20:25 CDT,97033,22.44,71.82,0.965,8.3,9.3,102032.95
TWB14,Uvalde_2020_02,29.60214,-99.73007,436.7784,6/28/21,p,2021,06/03/2021 20:30 CDT,97034,22.21,71.48,1.315,8.3,5.08,102039.2
TWB14,Uvalde_2020_02,29.60214,-99.73007,436.7784,6/28/21,p,2021,06/03/2021 20:35 CDT,97046,22.15,73.44,0.915,8.3,1.73,102053.89
TWB14,Uvalde_2020_02,29.60214,-99.73007,436.7784,6/28/21,p,2021,06/03/2021 20:40 CDT,97068,21.9,77.76,0.43,8.3,1.99,102080.99
TWB14,Uvalde_2020_02,29.60214,-99.73007,436.7784,6/28/21,p,2021,06/03/2021 20:45 CDT,97070,21.6,79.65,0.63,8.3,1.66,102090.39
TWB14,Uvalde_2020_02,29.60214,-99.73007,436.7784,6/28/21,p,2021,06/03/2021 20:50 CDT,97078,21.38,82.5,0.6,8.3,1.25,102104.02
TWB14,Uvalde_2020_02,29.60214,-99.73007,436.7784,6/28/21,p,2021,06/03/2021 20:55 CDT,97070,21.17,82.3,0.34,8.3,1.01,102100.33
TWB14,Uvalde_2020_02,29.60214,-99.73007,436.7784,6/28/21,p,2021,06/03/2021 21:00 CDT,97087,21.03,83.6,0.325,8.3,0.74,102121.35
TWB14,Uvalde_2020_02,29.60214,-99.73007,436.7784,6/28/21,p,2021,06/03/2021 21:05 CDT,97097,20.71,85.4,0.8,8.3,0.2,102136.07
TWB14,Uvalde_2020_02,29.60214,-99.73007,436.7784,6/28/21,p,2021,06/03/2021 21:10 CDT,97106,20.64,84.8,1.04,8.3,0,102149.58
TWB14,Uvalde_2020_02,29.60214,-99.73007,436.7784,6/28/21,p,2021,06/03/2021 21:15 CDT,97120,20.57,84.1,0.78,8.3,0,102165.37
TWB14,Uvalde_2020_02,29.60214,-99.73007,436.7784,6/28/21,p,2021,06/03/2021 21:20 CDT,97150,20.51,83,1.17,8.3,0,102197.46
TWB14,Uvalde_2020_02,29.60214,-99.73007,436.7784,6/28/21,p,2021,06/03/2021 21:25 CDT,97157,20.5,80.5,1.39,8.3,0,102204.49
TWB14,Uvalde_2020_02,29.60214,-99.73007,436.7784,6/28/21,p,2021,06/03/2021 21:30 CDT,97159,20.69,79.94,1.625,8.3,0,102201.67
TWB14,Uvalde_2020_02,29.60214,-99.73007,436.7784,6/28/21,p,2021,06/03/2021 21:35 CDT,97167,20.67,80.4,1.47,8.3,0,102208.51
TWB14,Uvalde_2020_02,29.60214,-99.73007,436.7784,6/28/21,p,2021,06/03/2021 21:40 CDT,97184,20.68,80.2,1.11,8.3,0,102225.51
TWB14,Uvalde_2020_02,29.60214,-99.73007,436.7784,6/28/21,p,2021,06/03/2021 21:45 CDT,97184,20.62,83.1,0.735,8.3,0.26,102225.32
TWB14,Uvalde_2020_02,29.60214,-99.73007,436.7784,6/28/21,p,2021,06/03/2021 21:50 CDT,97197,20.13,85.3,0.485,8.3,1.26,102247.42
TWB14,Uvalde_2020_02,29.60214,-99.73007,436.7784,6/28/21,p,2021,06/03/2021 21:55 CDT,97203,19.94,85.9,0.035,8.3,0.9,102258.67
TWB14,Uvalde_2020_02,29.60214,-99.73007,436.7784,6/28/21,p,2021,06/03/2021 22:00 CDT,97200,19.65,86.6,0,8.3,0.85,102257.98
TWB14,Uvalde_2020_02,29.60214,-99.73007,436.7784,6/28/21,p,2021,06/03/2021 22:05 CDT,97189,19.48,87.9,0.285,8.3,0.6,102250.11
TWB14,Uvalde_2020_02,29.60214,-99.73007,436.7784,6/28/21,p,2021,06/03/2021 22:10 CDT,97192,19.75,88.5,0.53,8.3,0.31,102256.63
TWB14,Uvalde_2020_02,29.60214,-99.73007,436.7784,6/28/21,p,2021,06/03/2021 22:15 CDT,97207,19.65,89.4,0.085,8.3,0.84,102274.89
TWB14,Uvalde_2020_02,29.60214,-99.73007,436.7784,6/28/21,p,2021,06/03/2021 22:20 CDT,97223,19.39,90.5,0.17,8.3,0.07,102294.2
TWB14,Uvalde_2020_02,29.60214,-99.73007,436.7784,6/28/21,p,2021,06/03/2021 22:25 CDT,97237,19.06,91.4,0.275,8.3,0.2,102312.83
TWB14,Uvalde_2020_02,29.60214,-99.73007,436.7784,6/28/21,p,2021,06/03/2021 22:30 CDT,97237,18.81,91.4,0,8.3,0.37,102315.5
TWB14,Uvalde_2020_02,29.60214,-99.73007,436.7784,6/28/21,p,2021,06/03/2021 22:35 CDT,97237,18.68,91.7,0,8.3,0.13,102316.75
TWB14,Uvalde_2020_02,29.60214,-99.73007,436.7784,6/28/21,p,2021,06/03/2021 22:40 CDT,97229,18.56,91.8,0,8.3,0.14,102309.4
TWB14,Uvalde_2020_02,29.60214,-99.73007,436.7784,6/28/21,p,2021,06/03/2021 22:45 CDT,97250,18.72,92.2,0.335,8.3,0,102333.28
TWB14,Uvalde_2020_02,29.60214,-99.73007,436.7784,6/28/21,p,2021,06/03/2021 22:50 CDT,97276,18.82,92.9,0.34,8.3,0,102361.35
TWB14,Uvalde_2020_02,29.60214,-99.73007,436.7784,6/28/21,p,2021,06/03/2021 22:55 CDT,97268,18.69,92.9,0.09,8.3,0,102351.68
TWB14,Uvalde_2020_02,29.60214,-99.73007,436.7784,6/28/21,p,2021,06/03/2021 23:00 CDT,97282,18.47,93.4,0.685,8.3,0,102368.01
TWB14,Uvalde_2020_02,29.60214,-99.73007,436.7784,6/28/21,p,2021,06/03/2021 23:05 CDT,97303,18.22,93.3,0.265,8.3,0.13,102392.26
TWB14,Uvalde_2020_02,29.60214,-99.73007,436.7784,6/28/21,p,2021,06/03/2021 23:10 CDT,97309,18.12,93.5,0.015,8.3,0.1,102400.71
TWB14,Uvalde_2020_02,29.60214,-99.73007,436.7784,6/28/21,p,2021,06/03/2021 23:15 CDT,97313,18.14,93.7,0.21,8.3,0,102406.35
TWB14,Uvalde_2020_02,29.60214,-99.73007,436.7784,6/28/21,p,2021,06/03/2021 23:20 CDT,97322,18.14,93.8,0.01,8.3,0.07,102416.54
TWB14,Uvalde_2020_02,29.60214,-99.73007,436.7784,6/28/21,p,2021,06/03/2021 23:25 CDT,97331,18.15,94.1,0.035,8.3,0,102426.73
TWB14,Uvalde_2020_02,29.60214,-99.73007,436.7784,6/28/21,p,2021,06/03/2021 23:30 CDT,97318,18.06,94.2,0.17,8.3,0,102413.76
TWB14,Uvalde_2020_02,29.60214,-99.73007,436.7784,6/28/21,p,2021,06/03/2021 23:35 CDT,97308,17.98,94.2,0.155,8.3,0.23,102405.75
TWB14,Uvalde_2020_02,29.60214,-99.73007,436.7784,6/28/21,p,2021,06/03/2021 23:40 CDT,97305,17.81,94.5,0,8.3,0.36,102404.02
TWB14,Uvalde_2020_02,29.60214,-99.73007,436.7784,6/28/21,p,2021,06/03/2021 23:45 CDT,97331,17.68,94.6,0,8.3,0,102432.64
TWB14,Uvalde_2020_02,29.60214,-99.73007,436.7784,6/28/21,p,2021,06/03/2021 23:50 CDT,97325,17.56,94.8,0,8.3,0,102427.94
TWB14,Uvalde_2020_02,29.60214,-99.73007,436.7784,6/28/21,p,2021,06/03/2021 23:55 CDT,97314,17.47,94.7,0.115,8.3,0.06,102417.26
TWB14,Uvalde_2020_02,29.60214,-99.73007,436.7784,6/28/21,p,2021,06/04/2021 00:00 CDT,97327,17.46,95,0.08,8.3,0,102432.2
TWB14,Uvalde_2020_02,29.60214,-99.73007,436.7784,6/28/21,p,2021,06/04/2021 00:05 CDT,97335,17.38,95.2,0,8.3,0,102441.7
TWB14,Uvalde_2020_02,29.60214,-99.73007,436.7784,6/28/21,p,2021,06/04/2021 00:10 CDT,97322,17.4,95.5,0.045,8.3,0,102428.37
TWB14,Uvalde_2020_02,29.60214,-99.73007,436.7784,6/28/21,p,2021,06/04/2021 00:15 CDT,97304,17.48,95.6,0.135,8.3,0,102409.25
TWB14,Uvalde_2020_02,29.60214,-99.73007,436.7784,6/28/21,p,2021,06/04/2021 00:20 CDT,97290,17.49,96.1,0.225,8.3,0,102394.15
TWB14,Uvalde_2020_02,29.60214,-99.73007,436.7784,6/28/21,p,2021,06/04/2021 00:25 CDT,97275,17.7,96.3,0.545,8.3,0,102376.75
TWB14,Uvalde_2020_02,29.60214,-99.73007,436.7784,6/28/21,p,2021,06/04/2021 00:30 CDT,97254,17.91,96.2,0.73,8.3,0,102352.49
TWB14,Uvalde_2020_02,29.60214,-99.73007,436.7784,6/28/21,p,2021,06/04/2021 00:35 CDT,97244,17.97,95.6,0.03,8.3,0,102339.82
TWB14,Uvalde_2020_02,29.60214,-99.73007,436.7784,6/28/21,p,2021,06/04/2021 00:40 CDT,97229,18.02,95.6,0.465,8.3,0,102324.03
TWB14,Uvalde_2020_02,29.60214,-99.73007,436.7784,6/28/21,p,2021,06/04/2021 00:45 CDT,97223,18.09,95.4,0.51,8.3,0,102316.64
TWB14,Uvalde_2020_02,29.60214,-99.73007,436.7784,6/28/21,p,2021,06/04/2021 00:50 CDT,97221,18.1,95,0.06,8.3,0,102313.83
TWB14,Uvalde_2020_02,29.60214,-99.73007,436.7784,6/28/21,p,2021,06/04/2021 00:55 CDT,97205,17.94,94.7,0,8.3,0.12,102297.71
TWB14,Uvalde_2020_02,29.60214,-99.73007,436.7784,6/28/21,p,2021,06/04/2021 01:00 CDT,97194,17.7,95,0,8.3,0,102288.28
TWB14,Uvalde_2020_02,29.60214,-99.73007,436.7784,6/28/21,p,2021,06/04/2021 01:05 CDT,97193,17.62,95.7,0.105,8.3,0.08,102289.91
TWB14,Uvalde_2020_02,29.60214,-99.73007,436.7784,6/28/21,p,2021,06/04/2021 01:10 CDT,97193,17.59,95.3,0.63,8.3,0,102290.45
TWB14,Uvalde_2020_02,29.60214,-99.73007,436.7784,6/28/21,p,2021,06/04/2021 01:15 CDT,97194,17.42,96.1,1.02,8.3,0,102294.01
TWB14,Uvalde_2020_02,29.60214,-99.73007,436.7784,6/28/21,p,2021,06/04/2021 01:20 CDT,97195,17.43,96.1,0.13,8.3,0,102294.35
TWB14,Uvalde_2020_02,29.60214,-99.73007,436.7784,6/28/21,p,2021,06/04/2021 01:25 CDT,97198,17.43,96,0.23,8.3,0,102297.69
TWB14,Uvalde_2020_02,29.60214,-99.73007,436.7784,6/28/21,p,2021,06/04/2021 01:30 CDT,97219,17.5,96.8,1.02,8.3,0,102319.42
TWB14,Uvalde_2020_02,29.60214,-99.73007,436.7784,6/28/21,p,2021,06/04/2021 01:35 CDT,97226,17.65,95.9,1.005,8.3,0,102323.56
TWB14,Uvalde_2020_02,29.60214,-99.73007,436.7784,6/28/21,p,2021,06/04/2021 01:40 CDT,97212,17.63,95.9,0.735,8.3,0,102308.65
TWB14,Uvalde_2020_02,29.60214,-99.73007,436.7784,6/28/21,p,2021,06/04/2021 01:45 CDT,97218,17.65,95.9,0.81,8.3,0,102313.89
TWB14,Uvalde_2020_02,29.60214,-99.73007,436.7784,6/28/21,p,2021,06/04/2021 01:50 CDT,97234,17.7,95.9,0.8,8.3,0,102329.65
TWB14,Uvalde_2020_02,29.60214,-99.73007,436.7784,6/28/21,p,2021,06/04/2021 01:55 CDT,97222,17.76,95.8,0.335,8.3,0,102315.95
TWB14,Uvalde_2020_02,29.60214,-99.73007,436.7784,6/28/21,p,2021,06/04/2021 02:00 CDT,97222,17.8,95.8,0.055,8.3,0,102315.05
TWB14,Uvalde_2020_02,29.60214,-99.73007,436.7784,6/28/21,p,2021,06/04/2021 02:05 CDT,97211,17.83,95.5,0.185,8.3,0,102302.4
TWB14,Uvalde_2020_02,29.60214,-99.73007,436.7784,6/28/21,p,2021,06/04/2021 02:10 CDT,97207,17.87,95.2,0.68,8.3,0,102297.84
TWB14,Uvalde_2020_02,29.60214,-99.73007,436.7784,6/28/21,p,2021,06/04/2021 02:15 CDT,97206,17.93,95,0.92,8.3,0.04,102295.89
TWB14,Uvalde_2020_02,29.60214,-99.73007,436.7784,6/28/21,p,2021,06/04/2021 02:20 CDT,97198,17.97,94.8,0.52,8.3,0,102286.22
TWB14,Uvalde_2020_02,29.60214,-99.73007,436.7784,6/28/21,p,2021,06/04/2021 02:25 CDT,97196,17.98,94.8,0.535,8.3,0,102283.58
TWB14,Uvalde_2020_02,29.60214,-99.73007,436.7784,6/28/21,p,2021,06/04/2021 02:30 CDT,97204,18.01,94.7,0.65,8.3,0,102291.46
TWB14,Uvalde_2020_02,29.60214,-99.73007,436.7784,6/28/21,p,2021,06/04/2021 02:35 CDT,97197,18.1,94.6,0.08,8.3,0,102282.49
TWB14,Uvalde_2020_02,29.60214,-99.73007,436.7784,6/28/21,p,2021,06/04/2021 02:40 CDT,97190,18.12,94.3,0.15,8.3,0.01,102274.41
TWB14,Uvalde_2020_02,29.60214,-99.73007,436.7784,6/28/21,p,2021,06/04/2021 02:45 CDT,97183,18.16,94.6,0.16,8.3,0,102266.69
TWB14,Uvalde_2020_02,29.60214,-99.73007,436.7784,6/28/21,p,2021,06/04/2021 02:50 CDT,97183,18.2,94.6,0,8.3,0,102265.44
TWB14,Uvalde_2020_02,29.60214,-99.73007,436.7784,6/28/21,p,2021,06/04/2021 02:55 CDT,97192,18.24,94.8,0,8.3,0,102274.19
TWB14,Uvalde_2020_02,29.60214,-99.73007,436.7784,6/28/21,p,2021,06/04/2021 03:00 CDT,97185,18.26,94.3,0,8.3,0,102266.12
TWB14,Uvalde_2020_02,29.60214,-99.73007,436.7784,6/28/21,p,2021,06/04/2021 03:05 CDT,97182,18.27,94.6,0,8.3,0,102263.31
TWB14,Uvalde_2020_02,29.60214,-99.73007,436.7784,6/28/21,p,2021,06/04/2021 03:10 CDT,97186,18.3,94.1,0.215,8.3,0,102266.99
TWB14,Uvalde_2020_02,29.60214,-99.73007,436.7784,6/28/21,p,2021,06/04/2021 03:15 CDT,97193,18.33,94,0.04,8.3,0,102274.18
TWB14,Uvalde_2020_02,29.60214,-99.73007,436.7784,6/28/21,p,2021,06/04/2021 03:20 CDT,97196,18.38,94.1,0.01,8.3,0,102276.8
TWB14,Uvalde_2020_02,29.60214,-99.73007,436.7784,6/28/21,p,2021,06/04/2021 03:25 CDT,97199,18.41,93.8,0,8.3,0,102278.89
TWB14,Uvalde_2020_02,29.60214,-99.73007,436.7784,6/28/21,p,2021,06/04/2021 03:30 CDT,97201,18.4,94,0.02,8.3,0,102281.53
TWB14,Uvalde_2020_02,29.60214,-99.73007,436.7784,6/28/21,p,2021,06/04/2021 03:35 CDT,97196,18.41,93.9,0.635,8.3,0.19,102275.91
TWB14,Uvalde_2020_02,29.60214,-99.73007,436.7784,6/28/21,p,2021,06/04/2021 03:40 CDT,97188,18.35,93.2,0.75,8.3,0.2,102267.5
TWB14,Uvalde_2020_02,29.60214,-99.73007,436.7784,6/28/21,p,2021,06/04/2021 03:45 CDT,97188,18.28,93.3,0.1,8.3,0,102268.92
TWB14,Uvalde_2020_02,29.60214,-99.73007,436.7784,6/28/21,p,2021,06/04/2021 03:50 CDT,97193,18.27,93.5,0.12,8.3,0,102274.36
TWB14,Uvalde_2020_02,29.60214,-99.73007,436.7784,6/28/21,p,2021,06/04/2021 03:55 CDT,97191,18.28,93.6,0.19,8.3,0,102272.08
TWB14,Uvalde_2020_02,29.60214,-99.73007,436.7784,6/28/21,p,2021,06/04/2021 04:00 CDT,97193,18.28,93.5,0.295,8.3,0,102274
TWB14,Uvalde_2020_02,29.60214,-99.73007,436.7784,6/28/21,p,2021,06/04/2021 04:05 CDT,97193,18.27,93.2,0.34,8.3,0,102274.18
TWB14,Uvalde_2020_02,29.60214,-99.73007,436.7784,6/28/21,p,2021,06/04/2021 04:10 CDT,97185,18.25,93.9,0.77,8.3,0,102265.94
TWB14,Uvalde_2020_02,29.60214,-99.73007,436.7784,6/28/21,p,2021,06/04/2021 04:15 CDT,97178,18.18,94,0.465,8.3,0,102259.46
TWB14,Uvalde_2020_02,29.60214,-99.73007,436.7784,6/28/21,p,2021,06/04/2021 04:20 CDT,97176,18.13,93.8,0.765,8.3,0,102257.9
TWB14,Uvalde_2020_02,29.60214,-99.73007,436.7784,6/28/21,p,2021,06/04/2021 04:25 CDT,97175,18.11,94.1,0.77,8.3,0,102257.73
TWB14,Uvalde_2020_02,29.60214,-99.73007,436.7784,6/28/21,p,2021,06/04/2021 04:30 CDT,97175,18.14,94,0.585,8.3,0,102257.38
TWB14,Uvalde_2020_02,29.60214,-99.73007,436.7784,6/28/21,p,2021,06/04/2021 04:35 CDT,97174,18.15,94,0.705,8.3,0,102255.79
TWB14,Uvalde_2020_02,29.60214,-99.73007,436.7784,6/28/21,p,2021,06/04/2021 04:40 CDT,97175,18.18,93.8,0.5,8.3,0,102256.67
TWB14,Uvalde_2020_02,29.60214,-99.73007,436.7784,6/28/21,p,2021,06/04/2021 04:45 CDT,97176,18.21,94,0.215,8.3,0,102257.72
TWB14,Uvalde_2020_02,29.60214,-99.73007,436.7784,6/28/21,p,2021,06/04/2021 04:50 CDT,97175,18.26,94.2,0.14,8.3,0,102255.59
TWB14,Uvalde_2020_02,29.60214,-99.73007,436.7784,6/28/21,p,2021,06/04/2021 04:55 CDT,97175,18.24,94.2,0.315,8.3,0,102255.41
TWB14,Uvalde_2020_02,29.60214,-99.73007,436.7784,6/28/21,p,2021,06/04/2021 05:00 CDT,97175,18.24,94.1,0.705,8.3,0,102255.42
TWB14,Uvalde_2020_02,29.60214,-99.73007,436.7784,6/28/21,p,2021,06/04/2021 05:05 CDT,97175,18.26,94.6,0.8,8.3,0,102255.41
TWB14,Uvalde_2020_02,29.60214,-99.73007,436.7784,6/28/21,p,2021,06/04/2021 05:10 CDT,97175,18.28,94.6,0.65,8.3,0,102255.06
TWB14,Uvalde_2020_02,29.60214,-99.73007,436.7784,6/28/21,p,2021,06/04/2021 05:15 CDT,97175,18.29,94.6,0.16,8.3,0,102254.88
TWB14,Uvalde_2020_02,29.60214,-99.73007,436.7784,6/28/21,p,2021,06/04/2021 05:20 CDT,97174,18.3,94.4,0,8.3,0,102253.29
TWB14,Uvalde_2020_02,29.60214,-99.73007,436.7784,6/28/21,p,2021,06/04/2021 05:25 CDT,97175,18.32,94.5,0,8.3,0,102253.99
TWB14,Uvalde_2020_02,29.60214,-99.73007,436.7784,6/28/21,p,2021,06/04/2021 05:30 CDT,97175,18.37,94.6,0,8.3,0,102252.92
TWB14,Uvalde_2020_02,29.60214,-99.73007,436.7784,6/28/21,p,2021,06/04/2021 05:35 CDT,97179,18.35,94.4,0.12,8.3,0,102256.95
TWB14,Uvalde_2020_02,29.60214,-99.73007,436.7784,6/28/21,p,2021,06/04/2021 05:40 CDT,97175,18.33,94.2,0.31,8.3,0,102253.28
TWB14,Uvalde_2020_02,29.60214,-99.73007,436.7784,6/28/21,p,2021,06/04/2021 05:45 CDT,97174,18.28,93.7,0.825,8.3,0,102253.65
TWB14,Uvalde_2020_02,29.60214,-99.73007,436.7784,6/28/21,p,2021,06/04/2021 05:50 CDT,97174,18.24,93.5,0.865,8.3,0,102254.9
TWB14,Uvalde_2020_02,29.60214,-99.73007,436.7784,6/28/21,p,2021,06/04/2021 05:55 CDT,97175,18.24,93.1,1.025,8.3,0,102256.13
TWB14,Uvalde_2020_02,29.60214,-99.73007,436.7784,6/28/21,p,2021,06/04/2021 06:00 CDT,97175,18.23,93.1,0.955,8.3,0,102256.67
TWB14,Uvalde_2020_02,29.60214,-99.73007,436.7784,6/28/21,p,2021,06/04/2021 06:05 CDT,97174,18.23,93,1.01,8.3,0,102255.62
TWB14,Uvalde_2020_02,29.60214,-99.73007,436.7784,6/28/21,p,2021,06/04/2021 06:10 CDT,97175,18.23,93.1,0.725,8.3,0,102256.67
TWB14,Uvalde_2020_02,29.60214,-99.73007,436.7784,6/28/21,p,2021,06/04/2021 06:15 CDT,97175,18.25,93.2,0.46,8.3,0,102256.31
TWB14,Uvalde_2020_02,29.60214,-99.73007,436.7784,6/28/21,p,2021,06/04/2021 06:20 CDT,97175,18.28,92.5,0.685,8.3,0,102255.78
TWB14,Uvalde_2020_02,29.60214,-99.73007,436.7784,6/28/21,p,2021,06/04/2021 06:25 CDT,97175,18.3,92.4,0.31,8.3,0,102255.6
TWB14,Uvalde_2020_02,29.60214,-99.73007,436.7784,6/28/21,p,2021,06/04/2021 06:30 CDT,97175,18.31,92.4,0.035,8.3,0,102255.25
TWB14,Uvalde_2020_02,29.60214,-99.73007,436.7784,6/28/21,p,2021,06/04/2021 06:35 CDT,97178,18.34,92.6,0.025,8.3,0,102257.69
TWB14,Uvalde_2020_02,29.60214,-99.73007,436.7784,6/28/21,p,2021,06/04/2021 06:40 CDT,97183,18.36,92.8,0,8.3,0,102262.59
TWB14,Uvalde_2020_02,29.60214,-99.73007,436.7784,6/28/21,p,2021,06/04/2021 06:45 CDT,97181,18.38,93.1,0,8.3,0.39,102259.6
TWB14,Uvalde_2020_02,29.60214,-99.73007,436.7784,6/28/21,p,2021,06/04/2021 06:50 CDT,97178,18.4,93.1,0,8.3,1.82,102255.37
TWB14,Uvalde_2020_02,29.60214,-99.73007,436.7784,6/28/21,p,2021,06/04/2021 06:55 CDT,97177,18.43,92.9,0,8.3,3.92,102254.14
TWB14,Uvalde_2020_02,29.60214,-99.73007,436.7784,6/28/21,p,2021,06/04/2021 07:00 CDT,97176,18.39,93.6,0.13,8.3,7.43,102253.8
TWB14,Uvalde_2020_02,29.60214,-99.73007,436.7784,6/28/21,p,2021,06/04/2021 07:05 CDT,97176,18.43,92.9,0.07,8.3,10.68,102253.45
TWB14,Uvalde_2020_02,29.60214,-99.73007,436.7784,6/28/21,p,2021,06/04/2021 07:10 CDT,97189,18.45,93.1,0,8.3,12.78,102267.3
TWB14,Uvalde_2020_02,29.60214,-99.73007,436.7784,6/28/21,p,2021,06/04/2021 07:15 CDT,97198,18.45,92.8,0,8.3,16.47,102276.06
TWB14,Uvalde_2020_02,29.60214,-99.73007,436.7784,6/28/21,p,2021,06/04/2021 07:20 CDT,97202,18.53,92.9,0,8.3,21.75,102279.91
TWB14,Uvalde_2020_02,29.60214,-99.73007,436.7784,6/28/21,p,2021,06/04/2021 07:25 CDT,97202,18.55,92.3,0,8.3,26.78,102279.03
TWB14,Uvalde_2020_02,29.60214,-99.73007,436.7784,6/28/21,p,2021,06/04/2021 07:30 CDT,97202,18.59,92.5,0,8.3,30.61,102279.02
TWB14,Uvalde_2020_02,29.60214,-99.73007,436.7784,6/28/21,p,2021,06/04/2021 07:35 CDT,97201,18.67,92.2,0,8.3,34.63,102276.73
TWB14,Uvalde_2020_02,29.60214,-99.73007,436.7784,6/28/21,p,2021,06/04/2021 07:40 CDT,97205,18.78,91.8,0.03,8.3,37.76,102279.34
TWB14,Uvalde_2020_02,29.60214,-99.73007,436.7784,6/28/21,p,2021,06/04/2021 07:45 CDT,97220,18.83,90.9,0,8.3,34.1,102294.42
TWB14,Uvalde_2020_02,29.60214,-99.73007,436.7784,6/28/21,p,2021,06/04/2021 07:50 CDT,97227,18.91,91.3,0.055,8.3,37.43,102301.07
TWB14,Uvalde_2020_02,29.60214,-99.73007,436.7784,6/28/21,p,2021,06/04/2021 07:55 CDT,97226,18.91,90.6,0.145,8.3,42.91,102298.78
TWB14,Uvalde_2020_02,29.60214,-99.73007,436.7784,6/28/21,p,2021,06/04/2021 08:00 CDT,97225,18.93,90.9,0.26,8.3,48.16,102296.83
TWB14,Uvalde_2020_02,29.60214,-99.73007,436.7784,6/28/21,p,2021,06/04/2021 08:05 CDT,97248,19.02,91,0.165,8.3,48.56,102319.26
TWB14,Uvalde_2020_02,29.60214,-99.73007,436.7784,6/28/21,p,2021,06/04/2021 08:10 CDT,97263,19.08,90.4,0.325,8.3,46.84,102333.98
TWB14,Uvalde_2020_02,29.60214,-99.73007,436.7784,6/28/21,p,2021,06/04/2021 08:15 CDT,97255,19.08,89.4,0.415,8.3,51.2,102325.21
TWB14,Uvalde_2020_02,29.60214,-99.73007,436.7784,6/28/21,p,2021,06/04/2021 08:20 CDT,97251,19.13,89.2,0.94,8.3,56.1,102319.94
TWB14,Uvalde_2020_02,29.60214,-99.73007,436.7784,6/28/21,p,2021,06/04/2021 08:25 CDT,97242,19.14,88.5,0.955,8.3,68.1,102309.76
TWB14,Uvalde_2020_02,29.60214,-99.73007,436.7784,6/28/21,p,2021,06/04/2021 08:30 CDT,97248,19.16,89,1.23,8.3,77.14,102315.72
TWB14,Uvalde_2020_02,29.60214,-99.73007,436.7784,6/28/21,p,2021,06/04/2021 08:35 CDT,97245,19.22,89.3,1.04,8.3,85.97,102311.5
TWB14,Uvalde_2020_02,29.60214,-99.73007,436.7784,6/28/21,p,2021,06/04/2021 08:40 CDT,97256,19.29,88.9,1.08,8.3,92.5,102322.54
TWB14,Uvalde_2020_02,29.60214,-99.73007,436.7784,6/28/21,p,2021,06/04/2021 08:45 CDT,97275,19.32,89.2,1.225,8.3,100.88,102341.64
TWB14,Uvalde_2020_02,29.60214,-99.73007,436.7784,6/28/21,p,2021,06/04/2021 08:50 CDT,97274,19.39,89,1.175,8.3,109.98,102339.71
TWB14,Uvalde_2020_02,29.60214,-99.73007,436.7784,6/28/21,p,2021,06/04/2021 08:55 CDT,97269,19.51,89.5,1.315,8.3,120.1,102332.14
TWB14,Uvalde_2020_02,29.60214,-99.73007,436.7784,6/28/21,p,2021,06/04/2021 09:00 CDT,97272,19.58,89.6,1.455,8.3,128.38,102334.06
TWB14,Uvalde_2020_02,29.60214,-99.73007,436.7784,6/28/21,p,2021,06/04/2021 09:05 CDT,97275,19.67,88.4,1.72,8.3,136.46,102334.93
TWB14,Uvalde_2020_02,29.60214,-99.73007,436.7784,6/28/21,p,2021,06/04/2021 09:10 CDT,97276,19.68,89.3,1.905,8.3,140.09,102335.62
TWB14,Uvalde_2020_02,29.60214,-99.73007,436.7784,6/28/21,p,2021,06/04/2021 09:15 CDT,97276,19.79,88.1,1.34,8.3,133.74,102334.21
TWB14,Uvalde_2020_02,29.60214,-99.73007,436.7784,6/28/21,p,2021,06/04/2021 09:20 CDT,97276,19.95,87.8,1.635,8.3,134.6,102331.92
TWB14,Uvalde_2020_02,29.60214,-99.73007,436.7784,6/28/21,p,2021,06/04/2021 09:25 CDT,97277,20.04,87.3,1.855,8.3,144.64,102330.33
TWB14,Uvalde_2020_02,29.60214,-99.73007,436.7784,6/28/21,p,2021,06/04/2021 09:30 CDT,97282,20.09,87.1,1.87,8.3,160.45,102334.53
TWB14,Uvalde_2020_02,29.60214,-99.73007,436.7784,6/28/21,p,2021,06/04/2021 09:35 CDT,97284,20.24,86,1.81,8.3,234.04,102334.88
TWB14,Uvalde_2020_02,29.60214,-99.73007,436.7784,6/28/21,p,2021,06/04/2021 09:40 CDT,97275,20.46,85.8,2.125,8.3,257.6,102321.9
TWB14,Uvalde_2020_02,29.60214,-99.73007,436.7784,6/28/21,p,2021,06/04/2021 09:45 CDT,97274,20.56,84.3,2.005,8.3,254.46,102317.87
TWB14,Uvalde_2020_02,29.60214,-99.73007,436.7784,6/28/21,p,2021,06/04/2021 09:50 CDT,97272,20.75,82.9,1.915,8.3,230.38,102312.62
TWB14,Uvalde_2020_02,29.60214,-99.73007,436.7784,6/28/21,p,2021,06/04/2021 09:55 CDT,97277,20.76,84.8,2.005,8.3,170.89,102316.28
TWB14,Uvalde_2020_02,29.60214,-99.73007,436.7784,6/28/21,p,2021,06/04/2021 10:00 CDT,97279,20.86,84.3,2.08,8.3,156.62,102316.99
TWB14,Uvalde_2020_02,29.60214,-99.73007,436.7784,6/28/21,p,2021,06/04/2021 10:05 CDT,97271,20.95,83.3,2.22,8.3,332.34,102306.66
TWB14,Uvalde_2020_02,29.60214,-99.73007,436.7784,6/28/21,p,2021,06/04/2021 10:10 CDT,97269,21.1,81.9,2.945,8.3,264.33,102301.06
TWB14,Uvalde_2020_02,29.60214,-99.73007,436.7784,6/28/21,p,2021,06/04/2021 10:15 CDT,97267,21.13,81.7,2.13,8.3,244.02,102299.14
TWB14,Uvalde_2020_02,29.60214,-99.73007,436.7784,6/28/21,p,2021,06/04/2021 10:20 CDT,97264,21.4,81,1.665,8.3,263.35,102292.67
TWB14,Uvalde_2020_02,29.60214,-99.73007,436.7784,6/28/21,p,2021,06/04/2021 10:25 CDT,97261,21.67,78.46,1.75,8.3,316.87,102284.47
TWB14,Uvalde_2020_02,29.60214,-99.73007,436.7784,6/28/21,p,2021,06/04/2021 10:30 CDT,97261,22.02,75.22,1.46,8.3,292.51,102279.62
TWB14,Uvalde_2020_02,29.60214,-99.73007,436.7784,6/28/21,p,2021,06/04/2021 10:35 CDT,97265,22.08,77.92,2.055,8.3,158.31,102280.51
TWB14,Uvalde_2020_02,29.60214,-99.73007,436.7784,6/28/21,p,2021,06/04/2021 10:40 CDT,97266,21.81,77.78,2.085,8.3,142.51,102285.21
TWB14,Uvalde_2020_02,29.60214,-99.73007,436.7784,6/28/21,p,2021,06/04/2021 10:45 CDT,97262,21.74,78.32,2.425,8.3,193.01,102283.09
TWB14,Uvalde_2020_02,29.60214,-99.73007,436.7784,6/28/21,p,2021,06/04/2021 10:50 CDT,97257,21.88,76.67,1.93,8.3,163.15,102276.62
TWB14,Uvalde_2020_02,29.60214,-99.73007,436.7784,6/28/21,p,2021,06/04/2021 10:55 CDT,97260,21.89,78.16,1.745,8.3,122.87,102279.25
TWB14,Uvalde_2020_02,29.60214,-99.73007,436.7784,6/28/21,p,2021,06/04/2021 11:00 CDT,97264,21.79,77.58,2.16,8.3,123.67,102285.02
TWB14,Uvalde_2020_02,29.60214,-99.73007,436.7784,6/28/21,p,2021,06/04/2021 11:05 CDT,97264,21.7,78.22,2.55,8.3,144.07,102286.76
TWB14,Uvalde_2020_02,29.60214,-99.73007,436.7784,6/28/21,p,2021,06/04/2021 11:10 CDT,97262,21.76,76.74,2.02,8.3,175.83,102284.49
TWB14,Uvalde_2020_02,29.60214,-99.73007,436.7784,6/28/21,p,2021,06/04/2021 11:15 CDT,97257,21.92,77.04,2.505,8.3,310.6,102276.62
TWB14,Uvalde_2020_02,29.60214,-99.73007,436.7784,6/28/21,p,2021,06/04/2021 11:20 CDT,97252,22.2,76.7,3.02,8.3,419.72,102265.98
TWB14,Uvalde_2020_02,29.60214,-99.73007,436.7784,6/28/21,p,2021,06/04/2021 11:25 CDT,97250,22.4,75.21,2.88,8.3,370,102259.73
TWB14,Uvalde_2020_02,29.60214,-99.73007,436.7784,6/28/21,p,2021,06/04/2021 11:30 CDT,97253,22.54,73.19,2.605,8.3,325.67,102260.47
TWB14,Uvalde_2020_02,29.60214,-99.73007,436.7784,6/28/21,p,2021,06/04/2021 11:35 CDT,97249,22.65,72.1,3.035,8.3,355.23,102254.2
TWB14,Uvalde_2020_02,29.60214,-99.73007,436.7784,6/28/21,p,2021,06/04/2021 11:40 CDT,97253,22.47,74.06,3.165,8.3,255.18,102259.94
TWB14,Uvalde_2020_02,29.60214,-99.73007,436.7784,6/28/21,p,2021,06/04/2021 11:45 CDT,97254,22.42,72.98,2.63,8.3,216.59,102262.74
TWB14,Uvalde_2020_02,29.60214,-99.73007,436.7784,6/28/21,p,2021,06/04/2021 11:50 CDT,97250,22.42,74.76,2.71,8.3,271.85,102259.21
TWB14,Uvalde_2020_02,29.60214,-99.73007,436.7784,6/28/21,p,2021,06/04/2021 11:55 CDT,97245,22.63,74.02,2.25,8.3,402.11,102251.53
TWB14,Uvalde_2020_02,29.60214,-99.73007,436.7784,6/28/21,p,2021,06/04/2021 12:00 CDT,97248,22.94,71.83,3.015,8.3,436.5,102247.62
TWB14,Uvalde_2020_02,29.60214,-99.73007,436.7784,6/28/21,p,2021,06/04/2021 12:05 CDT,97250,23.11,72,2.11,8.3,423.13,102247.31
TWB14,Uvalde_2020_02,29.60214,-99.73007,436.7784,6/28/21,p,2021,06/04/2021 12:10 CDT,97252,23.07,71.19,2.21,8.3,306.16,102248.38
TWB14,Uvalde_2020_02,29.60214,-99.73007,436.7784,6/28/21,p,2021,06/04/2021 12:15 CDT,97252,22.99,70.41,2.085,8.3,424.65,102250.28
TWB14,Uvalde_2020_02,29.60214,-99.73007,436.7784,6/28/21,p,2021,06/04/2021 12:20 CDT,97250,23.16,72.73,2.545,8.3,402.62,102245.06
TWB14,Uvalde_2020_02,29.60214,-99.73007,436.7784,6/28/21,p,2021,06/04/2021 12:25 CDT,97250,22.98,73.54,2.825,8.3,368.59,102247.47
TWB14,Uvalde_2020_02,29.60214,-99.73007,436.7784,6/28/21,p,2021,06/04/2021 12:30 CDT,97249,23.08,69.9,3.05,8.3,623.98,102245.75
TWB14,Uvalde_2020_02,29.60214,-99.73007,436.7784,6/28/21,p,2021,06/04/2021 12:35 CDT,97248,23.38,67.94,3.22,8.3,582.02,102238.35
TWB14,Uvalde_2020_02,29.60214,-99.73007,436.7784,6/28/21,p,2021,06/04/2021 12:40 CDT,97249,23.25,69.19,3.05,8.3,457.54,102241.45
TWB14,Uvalde_2020_02,29.60214,-99.73007,436.7784,6/28/21,p,2021,06/04/2021 12:45 CDT,97250,23.09,71.41,3.13,8.3,245.83,102245.24
TWB14,Uvalde_2020_02,29.60214,-99.73007,436.7784,6/28/21,p,2021,06/04/2021 12:50 CDT,97249,22.89,70.33,2.805,8.3,178.31,102248.51
TWB14,Uvalde_2020_02,29.60214,-99.73007,436.7784,6/28/21,p,2021,06/04/2021 12:55 CDT,97248,22.72,73.36,3.015,8.3,153.41,102250.54
TWB14,Uvalde_2020_02,29.60214,-99.73007,436.7784,6/28/21,p,2021,06/04/2021 13:00 CDT,97246,22.73,72.12,2.415,8.3,155.86,102249.83
TWB14,Uvalde_2020_02,29.60214,-99.73007,436.7784,6/28/21,p,2021,06/04/2021 13:05 CDT,97244,22.78,73.16,2.285,8.3,199.72,102247.55
TWB14,Uvalde_2020_02,29.60214,-99.73007,436.7784,6/28/21,p,2021,06/04/2021 13:10 CDT,97244,22.89,71.95,2.115,8.3,271.57,102246.17
TWB14,Uvalde_2020_02,29.60214,-99.73007,436.7784,6/28/21,p,2021,06/04/2021 13:15 CDT,97241,23.15,72.62,2.65,8.3,321.41,102238.01
TWB14,Uvalde_2020_02,29.60214,-99.73007,436.7784,6/28/21,p,2021,06/04/2021 13:20 CDT,97232,23.33,70.8,3.025,8.3,450.9,102225.29
TWB14,Uvalde_2020_02,29.60214,-99.73007,436.7784,6/28/21,p,2021,06/04/2021 13:25 CDT,97223,23.53,68.75,3.3,8.3,754.03,102211.2
TWB14,Uvalde_2020_02,29.60214,-99.73007,436.7784,6/28/21,p,2021,06/04/2021 13:30 CDT,97219,23.83,67.77,3.23,8.3,649.23,102200.82
TWB14,Uvalde_2020_02,29.60214,-99.73007,436.7784,6/28/21,p,2021,06/04/2021 13:35 CDT,97216,24.03,65.35,2.65,8.3,762.21,102194.61
TWB14,Uvalde_2020_02,29.60214,-99.73007,436.7784,6/28/21,p,2021,06/04/2021 13:40 CDT,97204,24.16,66.05,2.52,8.3,793.31,102179.08
TWB14,Uvalde_2020_02,29.60214,-99.73007,436.7784,6/28/21,p,2021,06/04/2021 13:45 CDT,97189,24.5,69.38,2.095,8.3,567.2,102158.33
TWB14,Uvalde_2020_02,29.60214,-99.73007,436.7784,6/28/21,p,2021,06/04/2021 13:50 CDT,97181,25.01,66.89,2.26,8.3,869.38,102140.58
TWB14,Uvalde_2020_02,29.60214,-99.73007,436.7784,6/28/21,p,2021,06/04/2021 13:55 CDT,97174,24.89,64.12,2.615,8.3,575.52,102133.75
TWB14,Uvalde_2020_02,29.60214,-99.73007,436.7784,6/28/21,p,2021,06/04/2021 14:00 CDT,97172,24.6,64.12,1.925,8.3,660.7,102135.73
TWB14,Uvalde_2020_02,29.60214,-99.73007,436.7784,6/28/21,p,2021,06/04/2021 14:05 CDT,97169,24.87,63.58,1.125,8.3,379.72,102132.25
TWB14,Uvalde_2020_02,29.60214,-99.73007,436.7784,6/28/21,p,2021,06/04/2021 14:10 CDT,97169,24.86,65.57,1.47,8.3,215.72,102130.19
TWB14,Uvalde_2020_02,29.60214,-99.73007,436.7784,6/28/21,p,2021,06/04/2021 14:15 CDT,97161,24.7,62.81,0.925,8.3,195.7,102124.01
TWB14,Uvalde_2020_02,29.60214,-99.73007,436.7784,6/28/21,p,2021,06/04/2021 14:20 CDT,97155,24.66,64.59,0.625,8.3,184.72,102119.91
TWB14,Uvalde_2020_02,29.60214,-99.73007,436.7784,6/28/21,p,2021,06/04/2021 14:25 CDT,97148,24.74,63.38,0.93,8.3,181.79,102111.71
TWB14,Uvalde_2020_02,29.60214,-99.73007,436.7784,6/28/21,p,2021,06/04/2021 14:30 CDT,97142,24.67,61.02,0.715,8.3,174.18,102106.27
TWB14,Uvalde_2020_02,29.60214,-99.73007,436.7784,6/28/21,p,2021,06/04/2021 14:35 CDT,97137,24.84,64.12,0.335,8.3,165.11,102100.14
TWB14,Uvalde_2020_02,29.60214,-99.73007,436.7784,6/28/21,p,2021,06/04/2021 14:40 CDT,97128,24.72,66.2,1.905,8.3,221.19,102091
TWB14,Uvalde_2020_02,29.60214,-99.73007,436.7784,6/28/21,p,2021,06/04/2021 14:45 CDT,97127,24.49,64.42,1.98,8.3,254.9,102093.54
TWB14,Uvalde_2020_02,29.60214,-99.73007,436.7784,6/28/21,p,2021,06/04/2021 14:50 CDT,97120,24.64,63.85,1.465,8.3,260.28,102085
TWB14,Uvalde_2020_02,29.60214,-99.73007,436.7784,6/28/21,p,2021,06/04/2021 14:55 CDT,97109,24.76,59.94,1.255,8.3,258.93,102072.1
TWB14,Uvalde_2020_02,29.60214,-99.73007,436.7784,6/28/21,p,2021,06/04/2021 15:00 CDT,97105,24.99,61.16,0.585,8.3,268.15,102064.83
TWB14,Uvalde_2020_02,29.60214,-99.73007,436.7784,6/28/21,p,2021,06/04/2021 15:05 CDT,97104,25.26,58.29,0.91,8.3,330.97,102058.87
TWB14,Uvalde_2020_02,29.60214,-99.73007,436.7784,6/28/21,p,2021,06/04/2021 15:10 CDT,97101,25.35,57.92,0.8,8.3,409.26,102053.52
TWB14,Uvalde_2020_02,29.60214,-99.73007,436.7784,6/28/21,p,2021,06/04/2021 15:15 CDT,97100,25.47,58.06,1.59,8.3,520.29,102050.09
TWB14,Uvalde_2020_02,29.60214,-99.73007,436.7784,6/28/21,p,2021,06/04/2021 15:20 CDT,97096,25.71,64.52,1.205,8.3,686.34,102042.62
TWB14,Uvalde_2020_02,29.60214,-99.73007,436.7784,6/28/21,p,2021,06/04/2021 15:25 CDT,97084,26.01,57.82,1.47,8.3,703.55,102022.13
TWB14,Uvalde_2020_02,29.60214,-99.73007,436.7784,6/28/21,p,2021,06/04/2021 15:30 CDT,97075,26.05,56.13,1.415,8.3,765.47,102009.82
TWB14,Uvalde_2020_02,29.60214,-99.73007,436.7784,6/28/21,p,2021,06/04/2021 15:35 CDT,97076,26.16,60.64,0.545,8.3,297.26,102011.5
TWB14,Uvalde_2020_02,29.60214,-99.73007,436.7784,6/28/21,p,2021,06/04/2021 15:40 CDT,97085,25.95,59.73,1.865,8.3,270.32,102021.81
TWB14,Uvalde_2020_02,29.60214,-99.73007,436.7784,6/28/21,p,2021,06/04/2021 15:45 CDT,97091,25.64,63,1.4,8.3,235.05,102032.81
TWB14,Uvalde_2020_02,29.60214,-99.73007,436.7784,6/28/21,p,2021,06/04/2021 15:50 CDT,97086,25.73,65.96,0.39,8.3,355.77,102028.71
TWB14,Uvalde_2020_02,29.60214,-99.73007,436.7784,6/28/21,p,2021,06/04/2021 15:55 CDT,97073,25.85,60.2,1.54,8.3,212.21,102012.91
TWB14,Uvalde_2020_02,29.60214,-99.73007,436.7784,6/28/21,p,2021,06/04/2021 16:00 CDT,97067,25.69,64.78,1.285,8.3,383.33,102009.09
TWB14,Uvalde_2020_02,29.60214,-99.73007,436.7784,6/28/21,p,2021,06/04/2021 16:05 CDT,97066,26.02,58.31,2.01,8.3,387.23,102003.54
TWB14,Uvalde_2020_02,29.60214,-99.73007,436.7784,6/28/21,p,2021,06/04/2021 16:10 CDT,97064,25.78,62.52,1.595,7.885,374.1,102004.27
TWB14,Uvalde_2020_02,29.60214,-99.73007,436.7784,6/28/21,p,2021,06/04/2021 16:15 CDT,97056,25.78,62.15,1.81,7.885,251.05,101997.05
TWB14,Uvalde_2020_02,29.60214,-99.73007,436.7784,6/28/21,p,2021,06/04/2021 16:20 CDT,97051,25.52,61.34,1.765,7.885,192.77,101995.01
TWB14,Uvalde_2020_02,29.60214,-99.73007,436.7784,6/28/21,p,2021,06/04/2021 16:25 CDT,97045,25.32,61.51,1.67,7.885,241.31,101993.44
TWB14,Uvalde_2020_02,29.60214,-99.73007,436.7784,6/28/21,p,2021,06/04/2021 16:30 CDT,97038,25.27,65.38,1.865,7.885,161.41,101986.9
TWB14,Uvalde_2020_02,29.60214,-99.73007,436.7784,6/28/21,p,2021,06/04/2021 16:35 CDT,97029,25.19,62.12,0.89,7.885,138.09,101979.67
TWB14,Uvalde_2020_02,29.60214,-99.73007,436.7784,6/28/21,p,2021,06/04/2021 16:40 CDT,97028,25.16,60.74,1.55,7.885,132.95,101979.31
TWB14,Uvalde_2020_02,29.60214,-99.73007,436.7784,6/28/21,p,2021,06/04/2021 16:45 CDT,97020,25.09,63.57,1.68,7.885,163.41,101972.41
TWB14,Uvalde_2020_02,29.60214,-99.73007,436.7784,6/28/21,p,2021,06/04/2021 16:50 CDT,97017,25.09,62.83,1.715,7.885,179.52,101969.77
TWB14,Uvalde_2020_02,29.60214,-99.73007,436.7784,6/28/21,p,2021,06/04/2021 16:55 CDT,97016,25.15,63.74,1.325,7.885,183.98,101968.71
TWB14,Uvalde_2020_02,29.60214,-99.73007,436.7784,6/28/21,p,2021,06/04/2021 17:00 CDT,97012,25.24,61.35,1.435,7.885,197.58,101961.98
TWB14,Uvalde_2020_02,29.60214,-99.73007,436.7784,6/28/21,p,2021,06/04/2021 17:05 CDT,97006,25.18,62.16,2.105,7.885,180.1,101955.84
TWB14,Uvalde_2020_02,29.60214,-99.73007,436.7784,6/28/21,p,2021,06/04/2021 17:10 CDT,96995,25.24,59.13,1.51,7.885,264.38,101943.63
TWB14,Uvalde_2020_02,29.60214,-99.73007,436.7784,6/28/21,p,2021,06/04/2021 17:15 CDT,96995,25.38,66.41,1.845,7.885,290.39,101942.04
TWB14,Uvalde_2020_02,29.60214,-99.73007,436.7784,6/28/21,p,2021,06/04/2021 17:20 CDT,96995,25.29,63.82,1.95,7.885,215.87,101941.04
TWB14,Uvalde_2020_02,29.60214,-99.73007,436.7784,6/28/21,p,2021,06/04/2021 17:25 CDT,96996,25.25,62.57,1.5,7.885,259.23,101943.46
TWB14,Uvalde_2020_02,29.60214,-99.73007,436.7784,6/28/21,p,2021,06/04/2021 17:30 CDT,96995,25.27,62.37,1.855,7.885,245.7,101942.24
TWB14,Uvalde_2020_02,29.60214,-99.73007,436.7784,6/28/21,p,2021,06/04/2021 17:35 CDT,96992,25.29,64.53,1.53,7.885,267.15,101939.24
TWB14,Uvalde_2020_02,29.60214,-99.73007,436.7784,6/28/21,p,2021,06/04/2021 17:40 CDT,96986,25.47,62.17,1.2,7.885,263.44,101931.09
TWB14,Uvalde_2020_02,29.60214,-99.73007,436.7784,6/28/21,p,2021,06/04/2021 17:45 CDT,96986,25.55,60.45,1.51,7.885,301.61,101928.74
TWB14,Uvalde_2020_02,29.60214,-99.73007,436.7784,6/28/21,p,2021,06/04/2021 17:50 CDT,96992,25.72,64.97,1.395,7.885,424.4,101932.47
TWB14,Uvalde_2020_02,29.60214,-99.73007,436.7784,6/28/21,p,2021,06/04/2021 17:55 CDT,96994,26.02,58.67,1.625,7.885,418.22,101929.39
TWB14,Uvalde_2020_02,29.60214,-99.73007,436.7784,6/28/21,p,2021,06/04/2021 18:00 CDT,96990,26.08,64.12,1.5,7.885,397.93,101923.29
TWB14,Uvalde_2020_02,29.60214,-99.73007,436.7784,6/28/21,p,2021,06/04/2021 18:05 CDT,96989,26.17,58.6,1.675,7.885,285.82,101919.76
TWB14,Uvalde_2020_02,29.60214,-99.73007,436.7784,6/28/21,p,2021,06/04/2021 18:10 CDT,96986,25.83,59.71,1.785,7.885,295.02,101920.81
TWB14,Uvalde_2020_02,29.60214,-99.73007,436.7784,6/28/21,p,2021,06/04/2021 18:15 CDT,96983,25.93,60.72,1.43,7.885,330.42,101918.32
TWB14,Uvalde_2020_02,29.60214,-99.73007,436.7784,6/28/21,p,2021,06/04/2021 18:20 CDT,96974,25.88,59.5,1.415,7.885,177.3,101907.69
TWB14,Uvalde_2020_02,29.60214,-99.73007,436.7784,6/28/21,p,2021,06/04/2021 18:25 CDT,96965,25.68,62.53,1.265,7.885,216.81,101901.92
TWB14,Uvalde_2020_02,29.60214,-99.73007,436.7784,6/28/21,p,2021,06/04/2021 18:30 CDT,96963,25.89,60.11,1.825,7.885,373.24,101899
TWB14,Uvalde_2020_02,29.60214,-99.73007,436.7784,6/28/21,p,2021,06/04/2021 18:35 CDT,96964,26.14,60.48,2.15,7.885,341.46,101896.5
TWB14,Uvalde_2020_02,29.60214,-99.73007,436.7784,6/28/21,p,2021,06/04/2021 18:40 CDT,96962,25.84,62.09,2.185,7.885,193.81,101897.08
TWB14,Uvalde_2020_02,29.60214,-99.73007,436.7784,6/28/21,p,2021,06/04/2021 18:45 CDT,96964,25.65,61.55,1.505,7.885,101.3,101902.23
TWB14,Uvalde_2020_02,29.60214,-99.73007,436.7784,6/28/21,p,2021,06/04/2021 18:50 CDT,96965,25.35,60.81,1.75,7.885,79.36,101908.19
TWB14,Uvalde_2020_02,29.60214,-99.73007,436.7784,6/28/21,p,2021,06/04/2021 18:55 CDT,96965,25.12,62.9,1.15,7.885,69.29,101913.08
TWB14,Uvalde_2020_02,29.60214,-99.73007,436.7784,6/28/21,p,2021,06/04/2021 19:00 CDT,96965,25.12,63.44,1.045,7.885,147.13,101915.28
TWB14,Uvalde_2020_02,29.60214,-99.73007,436.7784,6/28/21,p,2021,06/04/2021 19:05 CDT,96965,25.2,63.24,0.67,7.885,54.71,101914.26
TWB14,Uvalde_2020_02,29.60214,-99.73007,436.7784,6/28/21,p,2021,06/04/2021 19:10 CDT,96965,25.1,65.13,0.055,7.885,47.32,101914.93
TWB14,Uvalde_2020_02,29.60214,-99.73007,436.7784,6/28/21,p,2021,06/04/2021 19:15 CDT,96969,25.06,64.39,0.065,7.885,54.26,101919.98
TWB14,Uvalde_2020_02,29.60214,-99.73007,436.7784,6/28/21,p,2021,06/04/2021 19:20 CDT,96973,24.93,69.17,0.295,7.885,58.48,101926.36
TWB14,Uvalde_2020_02,29.60214,-99.73007,436.7784,6/28/21,p,2021,06/04/2021 19:25 CDT,96970,24.78,66.38,1.32,7.885,74.14,101927.14
TWB14,Uvalde_2020_02,29.60214,-99.73007,436.7784,6/28/21,p,2021,06/04/2021 19:30 CDT,96971,24.86,68.6,0.96,7.885,83.48,101927.32
TWB14,Uvalde_2020_02,29.60214,-99.73007,436.7784,6/28/21,p,2021,06/04/2021 19:35 CDT,96971,25.03,65.81,0.695,7.885,89.18,101924.96
TWB14,Uvalde_2020_02,29.60214,-99.73007,436.7784,6/28/21,p,2021,06/04/2021 19:40 CDT,96972,25.03,65.47,0.66,7.885,52.45,101925.17
TWB14,Uvalde_2020_02,29.60214,-99.73007,436.7784,6/28/21,p,2021,06/04/2021 19:45 CDT,96984,24.9,66.15,0.735,7.885,58.92,101939.13
TWB14,Uvalde_2020_02,29.60214,-99.73007,436.7784,6/28/21,p,2021,06/04/2021 19:50 CDT,96996,24.85,66.35,0.935,7.885,72.61,101952.42
TWB14,Uvalde_2020_02,29.60214,-99.73007,436.7784,6/28/21,p,2021,06/04/2021 19:55 CDT,96994,24.76,67.77,0.91,7.885,27.37,101951.16
TWB14,Uvalde_2020_02,29.60214,-99.73007,436.7784,6/28/21,p,2021,06/04/2021 20:00 CDT,97001,24.51,69.46,0.355,7.885,21.35,101961.23
TWB14,Uvalde_2020_02,29.60214,-99.73007,436.7784,6/28/21,p,2021,06/04/2021 20:05 CDT,97008,24.25,71.41,0.47,7.885,20.64,101972.49
TWB14,Uvalde_2020_02,29.60214,-99.73007,436.7784,6/28/21,p,2021,06/04/2021 20:10 CDT,97015,23.99,71.71,0.115,7.885,16.05,101984.46
TWB14,Uvalde_2020_02,29.60214,-99.73007,436.7784,6/28/21,p,2021,06/04/2021 20:15 CDT,97013,23.7,74.92,0.275,7.885,11.99,101987.12
TWB14,Uvalde_2020_02,29.60214,-99.73007,436.7784,6/28/21,p,2021,06/04/2021 20:20 CDT,97015,23.32,76.87,0.705,7.885,9.45,101997.96
TWB14,Uvalde_2020_02,29.60214,-99.73007,436.7784,6/28/21,p,2021,06/04/2021 20:25 CDT,97019,23.11,76.41,0.195,7.885,7,102006.64
TWB14,Uvalde_2020_02,29.60214,-99.73007,436.7784,6/28/21,p,2021,06/04/2021 20:30 CDT,97022,22.9,78.5,0.065,7.885,5.26,102014.26
TWB14,Uvalde_2020_02,29.60214,-99.73007,436.7784,6/28/21,p,2021,06/04/2021 20:35 CDT,97023,22.61,78.94,0,7.885,3.92,102019.62
TWB14,Uvalde_2020_02,29.60214,-99.73007,436.7784,6/28/21,p,2021,06/04/2021 20:40 CDT,97023,22.43,79.65,0.145,7.885,3.08,102023.07
TWB14,Uvalde_2020_02,29.60214,-99.73007,436.7784,6/28/21,p,2021,06/04/2021 20:45 CDT,97024,22.29,80.5,0.13,7.885,2.18,102027.93
TWB14,Uvalde_2020_02,29.60214,-99.73007,436.7784,6/28/21,p,2021,06/04/2021 20:50 CDT,97027,22.12,81.7,0,7.885,1.39,102034.72
TWB14,Uvalde_2020_02,29.60214,-99.73007,436.7784,6/28/21,p,2021,06/04/2021 20:55 CDT,97034,21.91,82.5,0,7.885,1.13,102046.41
TWB14,Uvalde_2020_02,29.60214,-99.73007,436.7784,6/28/21,p,2021,06/04/2021 21:00 CDT,97035,21.68,83.4,0,7.885,0.32,102051.64
TWB14,Uvalde_2020_02,29.60214,-99.73007,436.7784,6/28/21,p,2021,06/04/2021 21:05 CDT,97041,21.58,84.3,0.05,7.885,0.62,102061.6
TWB14,Uvalde_2020_02,29.60214,-99.73007,436.7784,6/28/21,p,2021,06/04/2021 21:10 CDT,97048,21.47,86.5,0.05,7.885,0.01,102072.79
TWB14,Uvalde_2020_02,29.60214,-99.73007,436.7784,6/28/21,p,2021,06/04/2021 21:15 CDT,97050,21.23,86.3,0,7.885,0.11,102077.34
TWB14,Uvalde_2020_02,29.60214,-99.73007,436.7784,6/28/21,p,2021,06/04/2021 21:20 CDT,97058,21.12,86.3,0.13,7.885,0.02,102088.2
TWB14,Uvalde_2020_02,29.60214,-99.73007,436.7784,6/28/21,p,2021,06/04/2021 21:25 CDT,97067,21.08,86.3,0.09,7.885,0.02,102099.25
TWB14,Uvalde_2020_02,29.60214,-99.73007,436.7784,6/28/21,p,2021,06/04/2021 21:30 CDT,97072,21.07,87.7,0,7.885,0.28,102105.55
TWB14,Uvalde_2020_02,29.60214,-99.73007,436.7784,6/28/21,p,2021,06/04/2021 21:35 CDT,97073,20.83,88,0,7.885,0.38,102108.7
TWB14,Uvalde_2020_02,29.60214,-99.73007,436.7784,6/28/21,p,2021,06/04/2021 21:40 CDT,97073,20.57,88.5,0.13,7.885,0,102111.15
TWB14,Uvalde_2020_02,29.60214,-99.73007,436.7784,6/28/21,p,2021,06/04/2021 21:45 CDT,97070,20.47,89.1,0.025,7.885,0.04,102111.16
TWB14,Uvalde_2020_02,29.60214,-99.73007,436.7784,6/28/21,p,2021,06/04/2021 21:50 CDT,97076,20.38,89.7,0,7.885,0.43,102119.05
TWB14,Uvalde_2020_02,29.60214,-99.73007,436.7784,6/28/21,p,2021,06/04/2021 21:55 CDT,97083,20.2,90.5,0,7.885,0,102129.22
TWB14,Uvalde_2020_02,29.60214,-99.73007,436.7784,6/28/21,p,2021,06/04/2021 22:00 CDT,97090,20.03,90.4,0,7.885,0,102138.7
TWB14,Uvalde_2020_02,29.60214,-99.73007,436.7784,6/28/21,p,2021,06/04/2021 22:05 CDT,97091,19.85,90.2,0,7.885,0.6,102142.22
TWB14,Uvalde_2020_02,29.60214,-99.73007,436.7784,6/28/21,p,2021,06/04/2021 22:10 CDT,97090,19.72,90.9,0,7.885,0.23,102142.93
TWB14,Uvalde_2020_02,29.60214,-99.73007,436.7784,6/28/21,p,2021,06/04/2021 22:15 CDT,97093,19.65,91.4,0,7.885,0.1,102148.38
TWB14,Uvalde_2020_02,29.60214,-99.73007,436.7784,6/28/21,p,2021,06/04/2021 22:20 CDT,97102,19.48,92.2,0.235,7.885,0,102159.79
TWB14,Uvalde_2020_02,29.60214,-99.73007,436.7784,6/28/21,p,2021,06/04/2021 22:25 CDT,97112,19.28,92.6,0.27,7.885,0,102173.14
TWB14,Uvalde_2020_02,29.60214,-99.73007,436.7784,6/28/21,p,2021,06/04/2021 22:30 CDT,97107,19.15,93.1,0,7.885,0.09,102170.18
TWB14,Uvalde_2020_02,29.60214,-99.73007,436.7784,6/28/21,p,2021,06/04/2021 22:35 CDT,97103,19.12,92.9,0,7.885,0.33,102166.68
TWB14,Uvalde_2020_02,29.60214,-99.73007,436.7784,6/28/21,p,2021,06/04/2021 22:40 CDT,97110,19.03,93.2,0.05,7.885,0.09,102174.58
TWB14,Uvalde_2020_02,29.60214,-99.73007,436.7784,6/28/21,p,2021,06/04/2021 22:45 CDT,97115,18.85,93.8,0.91,7.885,0,102183.03
TWB14,Uvalde_2020_02,29.60214,-99.73007,436.7784,6/28/21,p,2021,06/04/2021 22:50 CDT,97116,18.74,94,0.39,7.885,0,102187.63
TWB14,Uvalde_2020_02,29.60214,-99.73007,436.7784,6/28/21,p,2021,06/04/2021 22:55 CDT,97121,18.86,94.8,0.52,7.885,0.02,102193.42
TWB14,Uvalde_2020_02,29.60214,-99.73007,436.7784,6/28/21,p,2021,06/04/2021 23:00 CDT,97120,19.03,95.1,0.845,7.885,0,102188.99
TWB14,Uvalde_2020_02,29.60214,-99.73007,436.7784,6/28/21,p,2021,06/04/2021 23:05 CDT,97118,19.16,94.5,0.62,7.885,0,102184.76
TWB14,Uvalde_2020_02,29.60214,-99.73007,436.7784,6/28/21,p,2021,06/04/2021 23:10 CDT,97120,19.11,94,0,7.885,0.39,102187.22
TWB14,Uvalde_2020_02,29.60214,-99.73007,436.7784,6/28/21,p,2021,06/04/2021 23:15 CDT,97127,19.02,93.9,0,7.885,0.47,102196.01
TWB14,Uvalde_2020_02,29.60214,-99.73007,436.7784,6/28/21,p,2021,06/04/2021 23:20 CDT,97132,18.97,94.5,0,7.885,0,102202.16
TWB14,Uvalde_2020_02,29.60214,-99.73007,436.7784,6/28/21,p,2021,06/04/2021 23:25 CDT,97139,18.93,94.8,0,7.885,0.05,102210.23
TWB14,Uvalde_2020_02,29.60214,-99.73007,436.7784,6/28/21,p,2021,06/04/2021 23:30 CDT,97144,18.82,94.6,0,7.885,0.03,102216.03
TWB14,Uvalde_2020_02,29.60214,-99.73007,436.7784,6/28/21,p,2021,06/04/2021 23:35 CDT,97147,18.68,94.5,0,7.885,0.17,102220.96
TWB14,Uvalde_2020_02,29.60214,-99.73007,436.7784,6/28/21,p,2021,06/04/2021 23:40 CDT,97148,18.6,94.8,0.02,7.885,0.19,102223.44
TWB14,Uvalde_2020_02,29.60214,-99.73007,436.7784,6/28/21,p,2021,06/04/2021 23:45 CDT,97154,18.49,95,0.715,7.885,0,102231.17
TWB14,Uvalde_2020_02,29.60214,-99.73007,436.7784,6/28/21,p,2021,06/04/2021 23:50 CDT,97168,18.44,95.1,0.845,7.885,0,102248.4
TWB14,Uvalde_2020_02,29.60214,-99.73007,436.7784,6/28/21,p,2021,06/04/2021 23:55 CDT,97172,18.34,95.6,0.42,7.885,0,102254.39
TWB14,Uvalde_2020_02,29.60214,-99.73007,436.7784,6/28/21,p,2021,06/05/2021 00:00 CDT,97167,18.41,95.7,0.305,7.885,0.18,102249.13
TWB14,Uvalde_2020_02,29.60214,-99.73007,436.7784,6/28/21,p,2021,06/05/2021 00:05 CDT,97172,18.36,96.1,0.395,7.885,0,102254.39
TWB14,Uvalde_2020_02,29.60214,-99.73007,436.7784,6/28/21,p,2021,06/05/2021 00:10 CDT,97170,18.35,96.1,0.705,7.885,0,102251.39
TWB14,Uvalde_2020_02,29.60214,-99.73007,436.7784,6/28/21,p,2021,06/05/2021 00:15 CDT,97174,18.34,96.5,0.375,7.885,0,102255.6
TWB14,Uvalde_2020_02,29.60214,-99.73007,436.7784,6/28/21,p,2021,06/05/2021 00:20 CDT,97181,18.38,96.5,0.175,7.885,0,102261.72
TWB14,Uvalde_2020_02,29.60214,-99.73007,436.7784,6/28/21,p,2021,06/05/2021 00:25 CDT,97181,18.4,96.4,0.25,7.885,0,102260.47
TWB14,Uvalde_2020_02,29.60214,-99.73007,436.7784,6/28/21,p,2021,06/05/2021 00:30 CDT,97181,18.41,96.4,0.21,7.885,0,102260.29
TWB14,Uvalde_2020_02,29.60214,-99.73007,436.7784,6/28/21,p,2021,06/05/2021 00:35 CDT,97181,18.46,96.5,0.1,7.885,0,102259.4
TWB14,Uvalde_2020_02,29.60214,-99.73007,436.7784,6/28/21,p,2021,06/05/2021 00:40 CDT,97181,18.51,96.6,0,7.885,0,102258.33
TWB14,Uvalde_2020_02,29.60214,-99.73007,436.7784,6/28/21,p,2021,06/05/2021 00:45 CDT,97181,18.53,96.4,0.305,7.885,0,102257.8
TWB14,Uvalde_2020_02,29.60214,-99.73007,436.7784,6/28/21,p,2021,06/05/2021 00:50 CDT,97169,18.56,96.3,0.335,7.885,0,102244.99
TWB14,Uvalde_2020_02,29.60214,-99.73007,436.7784,6/28/21,p,2021,06/05/2021 00:55 CDT,97160,18.59,96.2,0.09,7.885,0,102234.99
TWB14,Uvalde_2020_02,29.60214,-99.73007,436.7784,6/28/21,p,2021,06/05/2021 01:00 CDT,97155,18.58,96.1,0,7.885,0.03,102229.73
TWB14,Uvalde_2020_02,29.60214,-99.73007,436.7784,6/28/21,p,2021,06/05/2021 01:05 CDT,97147,18.55,95.9,0,7.885,0.48,102221.84
TWB14,Uvalde_2020_02,29.60214,-99.73007,436.7784,6/28/21,p,2021,06/05/2021 01:10 CDT,97144,18.49,95.9,0,7.885,0.56,102219.76
TWB14,Uvalde_2020_02,29.60214,-99.73007,436.7784,6/28/21,p,2021,06/05/2021 01:15 CDT,97136,18.4,95.8,0,7.885,0,102213.3
TWB14,Uvalde_2020_02,29.60214,-99.73007,436.7784,6/28/21,p,2021,06/05/2021 01:20 CDT,97124,18.33,95.7,0,7.885,0.04,102202.99
TWB14,Uvalde_2020_02,29.60214,-99.73007,436.7784,6/28/21,p,2021,06/05/2021 01:25 CDT,97117,18.24,95.7,0,7.885,0.81,102197.76
TWB14,Uvalde_2020_02,29.60214,-99.73007,436.7784,6/28/21,p,2021,06/05/2021 01:30 CDT,97106,18.11,96,0.035,7.885,0,102187.43
TWB14,Uvalde_2020_02,29.60214,-99.73007,436.7784,6/28/21,p,2021,06/05/2021 01:35 CDT,97101,18.07,95.9,0.3,7.885,0,102183.24
TWB14,Uvalde_2020_02,29.60214,-99.73007,436.7784,6/28/21,p,2021,06/05/2021 01:40 CDT,97100,17.93,95.9,0.03,7.885,0,102184.87
TWB14,Uvalde_2020_02,29.60214,-99.73007,436.7784,6/28/21,p,2021,06/05/2021 01:45 CDT,97100,17.8,96,0.015,7.885,0.69,102187.02
TWB14,Uvalde_2020_02,29.60214,-99.73007,436.7784,6/28/21,p,2021,06/05/2021 01:50 CDT,97100,17.78,96.1,0.29,7.885,0.34,102187.73
TWB14,Uvalde_2020_02,29.60214,-99.73007,436.7784,6/28/21,p,2021,06/05/2021 01:55 CDT,97099,17.73,96.3,0.165,7.885,0.17,102188.29
TWB14,Uvalde_2020_02,29.60214,-99.73007,436.7784,6/28/21,p,2021,06/05/2021 02:00 CDT,97088,17.71,96.3,0.13,7.885,0,102176.89
TWB14,Uvalde_2020_02,29.60214,-99.73007,436.7784,6/28/21,p,2021,06/05/2021 02:05 CDT,97074,17.64,96.2,0.04,7.885,0.02,102163.41
TWB14,Uvalde_2020_02,29.60214,-99.73007,436.7784,6/28/21,p,2021,06/05/2021 02:10 CDT,97073,17.55,96.3,0,7.885,0.02,102163.61
TWB14,Uvalde_2020_02,29.60214,-99.73007,436.7784,6/28/21,p,2021,06/05/2021 02:15 CDT,97065,17.51,96.5,0.01,7.885,0.04,102155.37
TWB14,Uvalde_2020_02,29.60214,-99.73007,436.7784,6/28/21,p,2021,06/05/2021 02:20 CDT,97059,17.47,96.5,0.25,7.885,0,102149.42
TWB14,Uvalde_2020_02,29.60214,-99.73007,436.7784,6/28/21,p,2021,06/05/2021 02:25 CDT,97059,17.36,96.6,0.215,7.885,0,102151.21
TWB14,Uvalde_2020_02,29.60214,-99.73007,436.7784,6/28/21,p,2021,06/05/2021 02:30 CDT,97058,17.27,96.4,0.005,7.885,0.34,102151.59
TWB14,Uvalde_2020_02,29.60214,-99.73007,436.7784,6/28/21,p,2021,06/05/2021 02:35 CDT,97054,17.18,96.3,0,7.885,0.74,102148.82
TWB14,Uvalde_2020_02,29.60214,-99.73007,436.7784,6/28/21,p,2021,06/05/2021 02:40 CDT,97046,17.18,96.3,0,7.885,0.55,102141.84
TWB14,Uvalde_2020_02,29.60214,-99.73007,436.7784,6/28/21,p,2021,06/05/2021 02:45 CDT,97046,17.12,96.9,0.065,7.885,0,102143.27
TWB14,Uvalde_2020_02,29.60214,-99.73007,436.7784,6/28/21,p,2021,06/05/2021 02:50 CDT,97046,17.2,96.8,0.165,7.885,0,102142.01
TWB14,Uvalde_2020_02,29.60214,-99.73007,436.7784,6/28/21,p,2021,06/05/2021 02:55 CDT,97046,17.12,96.9,0,7.885,0,102142.19
TWB14,Uvalde_2020_02,29.60214,-99.73007,436.7784,6/28/21,p,2021,06/05/2021 03:00 CDT,97044,17.06,96.8,0,7.885,0.02,102140.81
TWB14,Uvalde_2020_02,29.60214,-99.73007,436.7784,6/28/21,p,2021,06/05/2021 03:05 CDT,97041,17.01,96.7,0,7.885,0.05,102139.09
TWB14,Uvalde_2020_02,29.60214,-99.73007,436.7784,6/28/21,p,2021,06/05/2021 03:10 CDT,97035,17.04,96.6,0,7.885,0.65,102133.67
TWB14,Uvalde_2020_02,29.60214,-99.73007,436.7784,6/28/21,p,2021,06/05/2021 03:15 CDT,97029,16.86,96.7,0,7.885,0.11,102128.98
TWB14,Uvalde_2020_02,29.60214,-99.73007,436.7784,6/28/21,p,2021,06/05/2021 03:20 CDT,97022,16.74,96.7,0,7.885,0.38,102122.69
TWB14,Uvalde_2020_02,29.60214,-99.73007,436.7784,6/28/21,p,2021,06/05/2021 03:25 CDT,97020,16.68,96.6,0,7.885,0.07,102122.02
TWB14,Uvalde_2020_02,29.60214,-99.73007,436.7784,6/28/21,p,2021,06/05/2021 03:30 CDT,97019,16.64,96.6,0,7.885,0.12,102122.23
TWB14,Uvalde_2020_02,29.60214,-99.73007,436.7784,6/28/21,p,2021,06/05/2021 03:35 CDT,97020,16.57,96.6,0,7.885,0,102125.09
TWB14,Uvalde_2020_02,29.60214,-99.73007,436.7784,6/28/21,p,2021,06/05/2021 03:40 CDT,97021,16.46,96.7,0,7.885,0,102127.94
TWB14,Uvalde_2020_02,29.60214,-99.73007,436.7784,6/28/21,p,2021,06/05/2021 03:45 CDT,97022,16.4,96.9,0,7.885,0,102129.9
TWB14,Uvalde_2020_02,29.60214,-99.73007,436.7784,6/28/21,p,2021,06/05/2021 03:50 CDT,97018,16.47,97.1,0.03,7.885,0,102126.23
TWB14,Uvalde_2020_02,29.60214,-99.73007,436.7784,6/28/21,p,2021,06/05/2021 03:55 CDT,97014,16.41,96.8,0.285,7.885,0,102123.28
TWB14,Uvalde_2020_02,29.60214,-99.73007,436.7784,6/28/21,p,2021,06/05/2021 04:00 CDT,97023,16.32,96.9,0.16,7.885,0,102135.29
TWB14,Uvalde_2020_02,29.60214,-99.73007,436.7784,6/28/21,p,2021,06/05/2021 04:05 CDT,97019,16.29,97.1,0.21,7.885,0.05,102132.34
TWB14,Uvalde_2020_02,29.60214,-99.73007,436.7784,6/28/21,p,2021,06/05/2021 04:10 CDT,97011,16.39,97.2,0.24,7.885,0.08,102124.28
TWB14,Uvalde_2020_02,29.60214,-99.73007,436.7784,6/28/21,p,2021,06/05/2021 04:15 CDT,97009,16.34,97.3,0.07,7.885,0,102122.17
TWB14,Uvalde_2020_02,29.60214,-99.73007,436.7784,6/28/21,p,2021,06/05/2021 04:20 CDT,97008,16.32,97.2,0.05,7.885,0.1,102121.3
TWB14,Uvalde_2020_02,29.60214,-99.73007,436.7784,6/28/21,p,2021,06/05/2021 04:25 CDT,97002,16.31,97.8,0.25,7.885,0,102115.34
TWB14,Uvalde_2020_02,29.60214,-99.73007,436.7784,6/28/21,p,2021,06/05/2021 04:30 CDT,97009,16.36,97.6,0.315,7.885,0,102119.64
TWB14,Uvalde_2020_02,29.60214,-99.73007,436.7784,6/28/21,p,2021,06/05/2021 04:35 CDT,97012,16.26,97.5,0,7.885,0,102123.52
TWB14,Uvalde_2020_02,29.60214,-99.73007,436.7784,6/28/21,p,2021,06/05/2021 04:40 CDT,97012,16.23,97.7,0,7.885,0,102123.88
TWB14,Uvalde_2020_02,29.60214,-99.73007,436.7784,6/28/21,p,2021,06/05/2021 04:45 CDT,97012,16.22,97.4,0,7.885,0,102124.06
TWB14,Uvalde_2020_02,29.60214,-99.73007,436.7784,6/28/21,p,2021,06/05/2021 04:50 CDT,97005,16.14,97.6,0,7.885,0.17,102117.78
TWB14,Uvalde_2020_02,29.60214,-99.73007,436.7784,6/28/21,p,2021,06/05/2021 04:55 CDT,97005,16.11,97.4,0.01,7.885,0.19,102117.78
TWB14,Uvalde_2020_02,29.60214,-99.73007,436.7784,6/28/21,p,2021,06/05/2021 05:00 CDT,97004,16.1,97.5,0.29,7.885,0.02,102117.45
TWB14,Uvalde_2020_02,29.60214,-99.73007,436.7784,6/28/21,p,2021,06/05/2021 05:05 CDT,97002,16.12,97.5,0.615,7.885,0,102116.79
TWB14,Uvalde_2020_02,29.60214,-99.73007,436.7784,6/28/21,p,2021,06/05/2021 05:10 CDT,97002,16.07,97.6,0.54,7.885,0,102118.24
TWB14,Uvalde_2020_02,29.60214,-99.73007,436.7784,6/28/21,p,2021,06/05/2021 05:15 CDT,97002,16,97.6,0.015,7.885,0.03,102118.97
TWB14,Uvalde_2020_02,29.60214,-99.73007,436.7784,6/28/21,p,2021,06/05/2021 05:20 CDT,97001,15.99,97.8,0,7.885,0,102117.73
TWB14,Uvalde_2020_02,29.60214,-99.73007,436.7784,6/28/21,p,2021,06/05/2021 05:25 CDT,97001,16.13,97.7,0,7.885,0,102117.01
TWB14,Uvalde_2020_02,29.60214,-99.73007,436.7784,6/28/21,p,2021,06/05/2021 05:30 CDT,97002,16.09,98,0.06,7.885,0,102118.24
TWB14,Uvalde_2020_02,29.60214,-99.73007,436.7784,6/28/21,p,2021,06/05/2021 05:35 CDT,97000,15.97,97.7,0,7.885,0.04,102115.77
TWB14,Uvalde_2020_02,29.60214,-99.73007,436.7784,6/28/21,p,2021,06/05/2021 05:40 CDT,97002,15.93,97.8,0,7.885,0.41,102117.88
TWB14,Uvalde_2020_02,29.60214,-99.73007,436.7784,6/28/21,p,2021,06/05/2021 05:45 CDT,97002,15.92,97.6,0,7.885,0.06,102118.24
TWB14,Uvalde_2020_02,29.60214,-99.73007,436.7784,6/28/21,p,2021,06/05/2021 05:50 CDT,97003,15.82,97.4,0,7.885,0,102120.74
TWB14,Uvalde_2020_02,29.60214,-99.73007,436.7784,6/28/21,p,2021,06/05/2021 05:55 CDT,97006,15.61,97.6,0.125,7.885,0,102126.99
TWB14,Uvalde_2020_02,29.60214,-99.73007,436.7784,6/28/21,p,2021,06/05/2021 06:00 CDT,97015,15.6,97.5,0,7.885,0.55,102137.55
TWB14,Uvalde_2020_02,29.60214,-99.73007,436.7784,6/28/21,p,2021,06/05/2021 06:05 CDT,97017,15.58,97.6,0.035,7.885,0.29,102140.74
TWB14,Uvalde_2020_02,29.60214,-99.73007,436.7784,6/28/21,p,2021,06/05/2021 06:10 CDT,97012,15.64,98,0.055,7.885,0,102135.66
TWB14,Uvalde_2020_02,29.60214,-99.73007,436.7784,6/28/21,p,2021,06/05/2021 06:15 CDT,97010,15.75,98.2,0.3,7.885,0,102131.56
TWB14,Uvalde_2020_02,29.60214,-99.73007,436.7784,6/28/21,p,2021,06/05/2021 06:20 CDT,97018,15.78,98,0.225,7.885,0,102137.62
TWB14,Uvalde_2020_02,29.60214,-99.73007,436.7784,6/28/21,p,2021,06/05/2021 06:25 CDT,97024,15.76,98.1,0,7.885,0,102143.39
TWB14,Uvalde_2020_02,29.60214,-99.73007,436.7784,6/28/21,p,2021,06/05/2021 06:30 CDT,97031,15.77,98.1,0,7.885,0.18,102150.58
TWB14,Uvalde_2020_02,29.60214,-99.73007,436.7784,6/28/21,p,2021,06/05/2021 06:35 CDT,97034,15.77,98.3,0.35,7.885,0.3,102154.65
TWB14,Uvalde_2020_02,29.60214,-99.73007,436.7784,6/28/21,p,2021,06/05/2021 06:40 CDT,97039,15.88,98.2,0.2,7.885,0.83,102158.28
TWB14,Uvalde_2020_02,29.60214,-99.73007,436.7784,6/28/21,p,2021,06/05/2021 06:45 CDT,97033,15.9,98.2,0.1,7.885,3.3,102150.69
TWB14,Uvalde_2020_02,29.60214,-99.73007,436.7784,6/28/21,p,2021,06/05/2021 06:50 CDT,97040,15.92,98.2,0,7.885,5.43,102157.7
TWB14,Uvalde_2020_02,29.60214,-99.73007,436.7784,6/28/21,p,2021,06/05/2021 06:55 CDT,97045,15.92,98,0.125,7.885,8.65,102162.6
TWB14,Uvalde_2020_02,29.60214,-99.73007,436.7784,6/28/21,p,2021,06/05/2021 07:00 CDT,97046,15.9,98.1,0.36,7.885,10.55,102164.2
TWB14,Uvalde_2020_02,29.60214,-99.73007,436.7784,6/28/21,p,2021,06/05/2021 07:05 CDT,97054,15.88,98.3,0.585,7.885,13.5,102172.26
TWB14,Uvalde_2020_02,29.60214,-99.73007,436.7784,6/28/21,p,2021,06/05/2021 07:10 CDT,97058,15.97,98.4,0.335,7.885,19.56,102174.29
TWB14,Uvalde_2020_02,29.60214,-99.73007,436.7784,6/28/21,p,2021,06/05/2021 07:15 CDT,97062,16.07,98.6,0.52,7.885,22.26,102176.33
TWB14,Uvalde_2020_02,29.60214,-99.73007,436.7784,6/28/21,p,2021,06/05/2021 07:20 CDT,97070,16.25,98.6,0.175,7.885,16.35,102181.32
TWB14,Uvalde_2020_02,29.60214,-99.73007,436.7784,6/28/21,p,2021,06/05/2021 07:25 CDT,97071,16.43,98.6,0.7,7.885,19.76,102179.66
TWB14,Uvalde_2020_02,29.60214,-99.73007,436.7784,6/28/21,p,2021,06/05/2021 07:30 CDT,97067,16.59,98.6,0.45,7.885,33.9,102172.21
TWB14,Uvalde_2020_02,29.60214,-99.73007,436.7784,6/28/21,p,2021,06/05/2021 07:35 CDT,97065,16.73,98.5,0,7.885,44.61,102167.76
TWB14,Uvalde_2020_02,29.60214,-99.73007,436.7784,6/28/21,p,2021,06/05/2021 07:40 CDT,97067,16.83,98.5,0,7.885,48.62,102168.06
TWB14,Uvalde_2020_02,29.60214,-99.73007,436.7784,6/28/21,p,2021,06/05/2021 07:45 CDT,97068,16.91,98.5,0,7.885,54.21,102167.68
TWB14,Uvalde_2020_02,29.60214,-99.73007,436.7784,6/28/21,p,2021,06/05/2021 07:50 CDT,97069,17.04,98.5,0.52,7.885,65.34,102166.21
TWB14,Uvalde_2020_02,29.60214,-99.73007,436.7784,6/28/21,p,2021,06/05/2021 07:55 CDT,97075,17.15,98.2,1.085,7.885,123.49,102170.19
TWB14,Uvalde_2020_02,29.60214,-99.73007,436.7784,6/28/21,p,2021,06/05/2021 08:00 CDT,97072,17.26,97.9,0.975,7.885,81.75,102165.6
TWB14,Uvalde_2020_02,29.60214,-99.73007,436.7784,6/28/21,p,2021,06/05/2021 08:05 CDT,97073,17.22,97.7,0.61,7.885,50.81,102166.66
TWB14,Uvalde_2020_02,29.60214,-99.73007,436.7784,6/28/21,p,2021,06/05/2021 08:10 CDT,97068,17.31,98.3,0,7.885,123.93,102161.03
TWB14,Uvalde_2020_02,29.60214,-99.73007,436.7784,6/28/21,p,2021,06/05/2021 08:15 CDT,97067,17.61,98.1,0.19,7.885,173.08,102155.68
TWB14,Uvalde_2020_02,29.60214,-99.73007,436.7784,6/28/21,p,2021,06/05/2021 08:20 CDT,97070,17.88,97.7,0.26,7.885,182.55,102154.72
TWB14,Uvalde_2020_02,29.60214,-99.73007,436.7784,6/28/21,p,2021,06/05/2021 08:25 CDT,97072,18.2,97,0.835,7.885,201.95,102150.76
TWB14,Uvalde_2020_02,29.60214,-99.73007,436.7784,6/28/21,p,2021,06/05/2021 08:30 CDT,97066,18.42,96.7,1.31,7.885,216.65,102139.45
TWB14,Uvalde_2020_02,29.60214,-99.73007,436.7784,6/28/21,p,2021,06/05/2021 08:35 CDT,97060,18.7,96.7,0.975,7.885,224.84,102128.69
TWB14,Uvalde_2020_02,29.60214,-99.73007,436.7784,6/28/21,p,2021,06/05/2021 08:40 CDT,97058,19.01,95.6,1.26,7.885,238.41,102121.09
TWB14,Uvalde_2020_02,29.60214,-99.73007,436.7784,6/28/21,p,2021,06/05/2021 08:45 CDT,97059,19.39,95.4,1.02,7.885,244.81,102116.48
TWB14,Uvalde_2020_02,29.60214,-99.73007,436.7784,6/28/21,p,2021,06/05/2021 08:50 CDT,97058,19.78,92.9,0.98,7.885,255.2,102109.61
TWB14,Uvalde_2020_02,29.60214,-99.73007,436.7784,6/28/21,p,2021,06/05/2021 08:55 CDT,97055,19.94,92.1,1.065,7.885,265.05,102102.75
TWB14,Uvalde_2020_02,29.60214,-99.73007,436.7784,6/28/21,p,2021,06/05/2021 09:00 CDT,97053,20.2,89.9,1.245,7.885,273.52,102095.2
TWB14,Uvalde_2020_02,29.60214,-99.73007,436.7784,6/28/21,p,2021,06/05/2021 09:05 CDT,97050,20.43,88.9,1.01,7.885,279.28,102087.31
TWB14,Uvalde_2020_02,29.60214,-99.73007,436.7784,6/28/21,p,2021,06/05/2021 09:10 CDT,97056,20.83,87.3,0.745,7.885,287.97,102087.32
TWB14,Uvalde_2020_02,29.60214,-99.73007,436.7784,6/28/21,p,2021,06/05/2021 09:15 CDT,97061,21.38,85.8,0.56,7.885,299.62,102084.54
TWB14,Uvalde_2020_02,29.60214,-99.73007,436.7784,6/28/21,p,2021,06/05/2021 09:20 CDT,97060,21.87,85.7,0.385,7.885,311.86,102075.13
TWB14,Uvalde_2020_02,29.60214,-99.73007,436.7784,6/28/21,p,2021,06/05/2021 09:25 CDT,97057,22.58,81.4,0.455,7.885,325.37,102061.58
TWB14,Uvalde_2020_02,29.60214,-99.73007,436.7784,6/28/21,p,2021,06/05/2021 09:30 CDT,97056,22.94,79.79,0.715,7.885,339.55,102053.1
TWB14,Uvalde_2020_02,29.60214,-99.73007,436.7784,6/28/21,p,2021,06/05/2021 09:35 CDT,97055,23.03,78.54,0.715,7.885,359.15,102047.06
TWB14,Uvalde_2020_02,29.60214,-99.73007,436.7784,6/28/21,p,2021,06/05/2021 09:40 CDT,97053,23.51,78.37,0.455,7.885,368.87,102039.44
TWB14,Uvalde_2020_02,29.60214,-99.73007,436.7784,6/28/21,p,2021,06/05/2021 09:45 CDT,97049,23.81,78.13,0.39,7.885,383.56,102029.23
TWB14,Uvalde_2020_02,29.60214,-99.73007,436.7784,6/28/21,p,2021,06/05/2021 09:50 CDT,97047,23.99,75.7,0.825,7.885,405.96,102022.17
TWB14,Uvalde_2020_02,29.60214,-99.73007,436.7784,6/28/21,p,2021,06/05/2021 09:55 CDT,97042,24.11,77.15,0.485,7.885,419.04,102015.53
TWB14,Uvalde_2020_02,29.60214,-99.73007,436.7784,6/28/21,p,2021,06/05/2021 10:00 CDT,97046,24.64,74.31,0.305,7.885,430.1,102012.41
TWB14,Uvalde_2020_02,29.60214,-99.73007,436.7784,6/28/21,p,2021,06/05/2021 10:05 CDT,97047,24.75,72.42,1.145,7.885,459.27,102008.19
TWB14,Uvalde_2020_02,29.60214,-99.73007,436.7784,6/28/21,p,2021,06/05/2021 10:10 CDT,97047,24.88,71.75,1.245,7.885,491.86,102004.28
TWB14,Uvalde_2020_02,29.60214,-99.73007,436.7784,6/28/21,p,2021,06/05/2021 10:15 CDT,97042,24.9,68.87,1.745,7.885,526.26,101996.33
TWB14,Uvalde_2020_02,29.60214,-99.73007,436.7784,6/28/21,p,2021,06/05/2021 10:20 CDT,97033,24.66,70.52,2.3,7.885,557.96,101987.2
TWB14,Uvalde_2020_02,29.60214,-99.73007,436.7784,6/28/21,p,2021,06/05/2021 10:25 CDT,97027,24.83,71.02,1.79,7.885,554.11,101980.55
TWB14,Uvalde_2020_02,29.60214,-99.73007,436.7784,6/28/21,p,2021,06/05/2021 10:30 CDT,97024,25.08,69.06,2.19,7.885,615.44,101974.7
TWB14,Uvalde_2020_02,29.60214,-99.73007,436.7784,6/28/21,p,2021,06/05/2021 10:35 CDT,97020,25.15,66.94,2.47,7.885,624.69,101969.32
TWB14,Uvalde_2020_02,29.60214,-99.73007,436.7784,6/28/21,p,2021,06/05/2021 10:40 CDT,97014,25.19,68.35,2.29,7.885,404.05,101961.65
TWB14,Uvalde_2020_02,29.60214,-99.73007,436.7784,6/28/21,p,2021,06/05/2021 10:45 CDT,97013,24.9,69.32,1.625,7.885,157.88,101963.13
TWB14,Uvalde_2020_02,29.60214,-99.73007,436.7784,6/28/21,p,2021,06/05/2021 10:50 CDT,97007,24.62,68.71,2.18,7.885,160.34,101962.61
TWB14,Uvalde_2020_02,29.60214,-99.73007,436.7784,6/28/21,p,2021,06/05/2021 10:55 CDT,97000,24.66,71.27,0.8,7.885,450.22,101957.95
TWB14,Uvalde_2020_02,29.60214,-99.73007,436.7784,6/28/21,p,2021,06/05/2021 11:00 CDT,96997,25.47,70.26,1.345,7.885,519.96,101944.95
TWB14,Uvalde_2020_02,29.60214,-99.73007,436.7784,6/28/21,p,2021,06/05/2021 11:05 CDT,96992,25.36,69.04,1.84,7.885,400.16,101936.32
TWB14,Uvalde_2020_02,29.60214,-99.73007,436.7784,6/28/21,p,2021,06/05/2021 11:10 CDT,96984,25.47,70.39,1.485,7.885,491.57,101926.55
TWB14,Uvalde_2020_02,29.60214,-99.73007,436.7784,6/28/21,p,2021,06/05/2021 11:15 CDT,96979,25.45,70.36,1.215,7.885,218.74,101920.11
TWB14,Uvalde_2020_02,29.60214,-99.73007,436.7784,6/28/21,p,2021,06/05/2021 11:20 CDT,96971,25.24,70.46,1.585,7.885,172.07,101913.73
TWB14,Uvalde_2020_02,29.60214,-99.73007,436.7784,6/28/21,p,2021,06/05/2021 11:25 CDT,96972,24.98,68.84,1.815,7.885,183.33,101919.2
TWB14,Uvalde_2020_02,29.60214,-99.73007,436.7784,6/28/21,p,2021,06/05/2021 11:30 CDT,96984,24.86,67.73,2.045,7.885,207.83,101935.72
TWB14,Uvalde_2020_02,29.60214,-99.73007,436.7784,6/28/21,p,2021,06/05/2021 11:35 CDT,96978,24.89,67.53,1.87,7.885,303.58,101930.61
TWB14,Uvalde_2020_02,29.60214,-99.73007,436.7784,6/28/21,p,2021,06/05/2021 11:40 CDT,96966,24.97,70.36,1.95,7.885,276.38,101916.44
TWB14,Uvalde_2020_02,29.60214,-99.73007,436.7784,6/28/21,p,2021,06/05/2021 11:45 CDT,96962,25.24,66.82,1.395,7.885,200.43,101909.72
TWB14,Uvalde_2020_02,29.60214,-99.73007,436.7784,6/28/21,p,2021,06/05/2021 11:50 CDT,96970,25.11,67.83,1.545,7.885,196.59,101918.29
TWB14,Uvalde_2020_02,29.60214,-99.73007,436.7784,6/28/21,p,2021,06/05/2021 11:55 CDT,96971,25.07,68.77,1.525,7.885,160.22,101920.86
TWB14,Uvalde_2020_02,29.60214,-99.73007,436.7784,6/28/21,p,2021,06/05/2021 12:00 CDT,96970,25.08,66.21,1.58,7.885,170.53,101919.66
TWB14,Uvalde_2020_02,29.60214,-99.73007,436.7784,6/28/21,p,2021,06/05/2021 12:05 CDT,96960,25.18,70.02,0.84,7.885,168.51,101908.27
TWB14,Uvalde_2020_02,29.60214,-99.73007,436.7784,6/28/21,p,2021,06/05/2021 12:10 CDT,96948,25.19,70.62,1.59,7.885,156.44,101894.47
TWB14,Uvalde_2020_02,29.60214,-99.73007,436.7784,6/28/21,p,2021,06/05/2021 12:15 CDT,96945,24.63,77.26,1.255,7.885,160.94,101900.09
TWB14,Uvalde_2020_02,29.60214,-99.73007,436.7784,6/28/21,p,2021,06/05/2021 12:20 CDT,96956,24.24,80,0.395,7.885,146.56,101918.78
TWB14,Uvalde_2020_02,29.60214,-99.73007,436.7784,6/28/21,p,2021,06/05/2021 12:25 CDT,96956,24.06,84.1,0.25,7.885,107.44,101922.85
TWB14,Uvalde_2020_02,29.60214,-99.73007,436.7784,6/28/21,p,2021,06/05/2021 12:30 CDT,96949,23.84,86,0.31,7.885,97.74,101918.89
TWB14,Uvalde_2020_02,29.60214,-99.73007,436.7784,6/28/21,p,2021,06/05/2021 12:35 CDT,96946,23.85,81.8,0.635,7.885,101.89,101918.34
TWB14,Uvalde_2020_02,29.60214,-99.73007,436.7784,6/28/21,p,2021,06/05/2021 12:40 CDT,96947,23.85,82.8,0.565,7.885,101.11,101920.58
TWB14,Uvalde_2020_02,29.60214,-99.73007,436.7784,6/28/21,p,2021,06/05/2021 12:45 CDT,96944,23.83,81,0.785,7.885,111.15,101917.96
TWB14,Uvalde_2020_02,29.60214,-99.73007,436.7784,6/28/21,p,2021,06/05/2021 12:50 CDT,96941,23.88,81.8,0.255,7.885,124.77,101913.94
TWB14,Uvalde_2020_02,29.60214,-99.73007,436.7784,6/28/21,p,2021,06/05/2021 12:55 CDT,96933,24.01,78.96,0.485,7.885,159.56,101903.33
TWB14,Uvalde_2020_02,29.60214,-99.73007,436.7784,6/28/21,p,2021,06/05/2021 13:00 CDT,96923,24.1,78.83,0.475,7.885,209.06,101890.59
TWB14,Uvalde_2020_02,29.60214,-99.73007,436.7784,6/28/21,p,2021,06/05/2021 13:05 CDT,96912,24.34,76.87,0.765,7.885,366.43,101875.8
TWB14,Uvalde_2020_02,29.60214,-99.73007,436.7784,6/28/21,p,2021,06/05/2021 13:10 CDT,96912,24.89,66.77,0.9,7.885,554.84,101868.04
TWB14,Uvalde_2020_02,29.60214,-99.73007,436.7784,6/28/21,p,2021,06/05/2021 13:15 CDT,96915,25.54,72.9,1.12,7.885,706.43,101859.76
TWB14,Uvalde_2020_02,29.60214,-99.73007,436.7784,6/28/21,p,2021,06/05/2021 13:20 CDT,96910,26.11,73,1.725,7.885,824.98,101842.51
TWB14,Uvalde_2020_02,29.60214,-99.73007,436.7784,6/28/21,p,2021,06/05/2021 13:25 CDT,96894,26.51,63.67,1.8,7.885,818.78,101816.52
TWB14,Uvalde_2020_02,29.60214,-99.73007,436.7784,6/28/21,p,2021,06/05/2021 13:30 CDT,96875,26.73,62.25,1.855,7.885,850.49,101792.54
TWB14,Uvalde_2020_02,29.60214,-99.73007,436.7784,6/28/21,p,2021,06/05/2021 13:35 CDT,96871,26.92,58.68,1.925,7.885,701.63,101782.68
TWB14,Uvalde_2020_02,29.60214,-99.73007,436.7784,6/28/21,p,2021,06/05/2021 13:40 CDT,96870,26.83,61,1.47,7.885,258.12,101782.28
TWB14,Uvalde_2020_02,29.60214,-99.73007,436.7784,6/28/21,p,2021,06/05/2021 13:45 CDT,96865,26.48,59.95,1.68,7.885,102.28,101781.39
TWB14,Uvalde_2020_02,29.60214,-99.73007,436.7784,6/28/21,p,2021,06/05/2021 13:50 CDT,96854,26.12,61.87,1.65,7.885,118.01,101777.03
TWB14,Uvalde_2020_02,29.60214,-99.73007,436.7784,6/28/21,p,2021,06/05/2021 13:55 CDT,96856,25.99,63.38,1.455,7.885,225.16,101783.32
TWB14,Uvalde_2020_02,29.60214,-99.73007,436.7784,6/28/21,p,2021,06/05/2021 14:00 CDT,96856,26.36,60.32,1.3,7.885,479.78,101779.81
TWB14,Uvalde_2020_02,29.60214,-99.73007,436.7784,6/28/21,p,2021,06/05/2021 14:05 CDT,96850,26.61,61.33,1.41,7.885,215.47,101768.13
TWB14,Uvalde_2020_02,29.60214,-99.73007,436.7784,6/28/21,p,2021,06/05/2021 14:10 CDT,96849,26.59,59.34,1.6,7.885,332.51,101767.43
TWB14,Uvalde_2020_02,29.60214,-99.73007,436.7784,6/28/21,p,2021,06/05/2021 14:15 CDT,96854,26.43,69.51,1.315,7.885,270.26,101772.76
TWB14,Uvalde_2020_02,29.60214,-99.73007,436.7784,6/28/21,p,2021,06/05/2021 14:20 CDT,96840,25.9,64.93,1.235,7.885,308.09,101765.82
TWB14,Uvalde_2020_02,29.60214,-99.73007,436.7784,6/28/21,p,2021,06/05/2021 14:25 CDT,96831,26.19,68.44,1.37,7.885,662.18,101755.49
TWB14,Uvalde_2020_02,29.60214,-99.73007,436.7784,6/28/21,p,2021,06/05/2021 14:30 CDT,96817,26.97,60.08,1.61,7.885,588.24,101728.44
TWB14,Uvalde_2020_02,29.60214,-99.73007,436.7784,6/28/21,p,2021,06/05/2021 14:35 CDT,96809,26.88,57.49,1.375,7.885,515.67,101718.55
TWB14,Uvalde_2020_02,29.60214,-99.73007,436.7784,6/28/21,p,2021,06/05/2021 14:40 CDT,96796,27.37,54.76,2.06,7.885,753.04,101698.91
TWB14,Uvalde_2020_02,29.60214,-99.73007,436.7784,6/28/21,p,2021,06/05/2021 14:45 CDT,96774,27.6,54.08,2.35,7.885,770.59,101670.64
TWB14,Uvalde_2020_02,29.60214,-99.73007,436.7784,6/28/21,p,2021,06/05/2021 14:50 CDT,96760,27.55,56.51,2.44,7.885,557.98,101655.91
TWB14,Uvalde_2020_02,29.60214,-99.73007,436.7784,6/28/21,p,2021,06/05/2021 14:55 CDT,96759,27.74,56.95,1.995,7.885,782.83,101652.69
TWB14,Uvalde_2020_02,29.60214,-99.73007,436.7784,6/28/21,p,2021,06/05/2021 15:00 CDT,96758,28.06,56.1,1.88,7.885,779.26,101647.33
TWB14,Uvalde_2020_02,29.60214,-99.73007,436.7784,6/28/21,p,2021,06/05/2021 15:05 CDT,96762,28.27,56.5,2.325,7.885,775.41,101646.73
TWB14,Uvalde_2020_02,29.60214,-99.73007,436.7784,6/28/21,p,2021,06/05/2021 15:10 CDT,96770,28.29,51.17,2.025,7.885,789.17,101653.69
TWB14,Uvalde_2020_02,29.60214,-99.73007,436.7784,6/28/21,p,2021,06/05/2021 15:15 CDT,96749,28.47,54.24,1.94,7.885,834.48,101628.79
TWB14,Uvalde_2020_02,29.60214,-99.73007,436.7784,6/28/21,p,2021,06/05/2021 15:20 CDT,96740,28.67,55.75,2.115,7.885,731.19,101615.03
TWB14,Uvalde_2020_02,29.60214,-99.73007,436.7784,6/28/21,p,2021,06/05/2021 15:25 CDT,96741,28.33,53.53,1.775,7.885,319.38,101619.07
TWB14,Uvalde_2020_02,29.60214,-99.73007,436.7784,6/28/21,p,2021,06/05/2021 15:30 CDT,96739,27.89,53.15,2.06,7.885,271.65,101623.92
TWB14,Uvalde_2020_02,29.60214,-99.73007,436.7784,6/28/21,p,2021,06/05/2021 15:35 CDT,96728,27.63,56.18,1.7,7.885,212.07,101619.14
TWB14,Uvalde_2020_02,29.60214,-99.73007,436.7784,6/28/21,p,2021,06/05/2021 15:40 CDT,96727,27.63,56.72,2.03,7.885,294.55,101619.74
TWB14,Uvalde_2020_02,29.60214,-99.73007,436.7784,6/28/21,p,2021,06/05/2021 15:45 CDT,96718,27.51,56.55,1.88,7.885,319.14,101612.95
TWB14,Uvalde_2020_02,29.60214,-99.73007,436.7784,6/28/21,p,2021,06/05/2021 15:50 CDT,96705,27.51,58.33,2.11,7.885,293.9,101599.27
TWB14,Uvalde_2020_02,29.60214,-99.73007,436.7784,6/28/21,p,2021,06/05/2021 15:55 CDT,96694,27.34,57.86,1.745,7.885,262.7,101590.55
TWB14,Uvalde_2020_02,29.60214,-99.73007,436.7784,6/28/21,p,2021,06/05/2021 16:00 CDT,96697,27.29,57.63,1.905,7.885,310.15,101595.53
TWB14,Uvalde_2020_02,29.60214,-99.73007,436.7784,6/28/21,p,2021,06/05/2021 16:05 CDT,96703,27.39,56.89,1.8,7.885,320.02,101600.85
TWB14,Uvalde_2020_02,29.60214,-99.73007,436.7784,6/28/21,p,2021,06/05/2021 16:10 CDT,96705,27.31,60.26,2.195,7.885,356.43,101603.41
TWB14,Uvalde_2020_02,29.60214,-99.73007,436.7784,6/28/21,p,2021,06/05/2021 16:15 CDT,96693,27.37,60.36,2.17,7.885,410.43,101590.81
TWB14,Uvalde_2020_02,29.60214,-99.73007,436.7784,6/28/21,p,2021,06/05/2021 16:20 CDT,96688,27.55,57.37,1.66,7.885,421.77,101582.25
TWB14,Uvalde_2020_02,29.60214,-99.73007,436.7784,6/28/21,p,2021,06/05/2021 16:25 CDT,96688,27.56,57.7,2.275,7.885,437.31,101580.75
TWB14,Uvalde_2020_02,29.60214,-99.73007,436.7784,6/28/21,p,2021,06/05/2021 16:30 CDT,96685,27.69,57.47,1.555,7.885,482.18,101575.94
TWB14,Uvalde_2020_02,29.60214,-99.73007,436.7784,6/28/21,p,2021,06/05/2021 16:35 CDT,96670,27.99,56.49,1.85,7.885,482.21,101555.88
TWB14,Uvalde_2020_02,29.60214,-99.73007,436.7784,6/28/21,p,2021,06/05/2021 16:40 CDT,96653,28.07,54.13,1.745,7.885,447.29,101535.39
TWB14,Uvalde_2020_02,29.60214,-99.73007,436.7784,6/28/21,p,2021,06/05/2021 16:45 CDT,96635,28.14,55.08,1.83,7.885,494.98,101514.32
TWB14,Uvalde_2020_02,29.60214,-99.73007,436.7784,6/28/21,p,2021,06/05/2021 16:50 CDT,96626,28.11,56.69,2.07,7.885,423.73,101504.68
TWB14,Uvalde_2020_02,29.60214,-99.73007,436.7784,6/28/21,p,2021,06/05/2021 16:55 CDT,96613,28.09,57.46,2.455,7.885,430.97,101491.35
TWB14,Uvalde_2020_02,29.60214,-99.73007,436.7784,6/28/21,p,2021,06/05/2021 17:00 CDT,96608,28.1,54.74,1.85,7.885,463.25,101487.45
TWB14,Uvalde_2020_02,29.60214,-99.73007,436.7784,6/28/21,p,2021,06/05/2021 17:05 CDT,96612,28.23,54.5,1.895,7.885,526.2,101489.34
TWB14,Uvalde_2020_02,29.60214,-99.73007,436.7784,6/28/21,p,2021,06/05/2021 17:10 CDT,96608,28.4,52.65,1.72,7.885,424.74,101482.35
TWB14,Uvalde_2020_02,29.60214,-99.73007,436.7784,6/28/21,p,2021,06/05/2021 17:15 CDT,96602,28.27,54.9,1.55,7.885,381.98,101476.52
TWB14,Uvalde_2020_02,29.60214,-99.73007,436.7784,6/28/21,p,2021,06/05/2021 17:20 CDT,96602,28.21,56.48,1.45,7.885,289.44,101477.16
TWB14,Uvalde_2020_02,29.60214,-99.73007,436.7784,6/28/21,p,2021,06/05/2021 17:25 CDT,96596,28.35,56.55,1.66,7.885,487.82,101470.53
TWB14,Uvalde_2020_02,29.60214,-99.73007,436.7784,6/28/21,p,2021,06/05/2021 17:30 CDT,96585,28.61,57.02,1.22,7.885,461.8,101455.34
TWB14,Uvalde_2020_02,29.60214,-99.73007,436.7784,6/28/21,p,2021,06/05/2021 17:35 CDT,96581,28.81,53.89,1.65,7.885,409.31,101447.21
TWB14,Uvalde_2020_02,29.60214,-99.73007,436.7784,6/28/21,p,2021,06/05/2021 17:40 CDT,96578,28.37,55.61,1.97,7.885,133.17,101448.82
TWB14,Uvalde_2020_02,29.60214,-99.73007,436.7784,6/28/21,p,2021,06/05/2021 17:45 CDT,96576,27.92,56.01,1.465,7.885,164.98,101455.14
TWB14,Uvalde_2020_02,29.60214,-99.73007,436.7784,6/28/21,p,2021,06/05/2021 17:50 CDT,96577,27.79,56.18,1.32,7.885,83.09,101459.34
TWB14,Uvalde_2020_02,29.60214,-99.73007,436.7784,6/28/21,p,2021,06/05/2021 17:55 CDT,96575,27.64,60.52,0.955,7.885,73.01,101460.51
TWB14,Uvalde_2020_02,29.60214,-99.73007,436.7784,6/28/21,p,2021,06/05/2021 18:00 CDT,96570,27.5,57.09,1.43,7.885,83.11,101459.11
TWB14,Uvalde_2020_02,29.60214,-99.73007,436.7784,6/28/21,p,2021,06/05/2021 18:05 CDT,96562,27.47,57.29,1.64,7.885,205.96,101452.87
TWB14,Uvalde_2020_02,29.60214,-99.73007,436.7784,6/28/21,p,2021,06/05/2021 18:10 CDT,96562,27.92,54.87,2.265,7.885,327.12,101447.57
TWB14,Uvalde_2020_02,29.60214,-99.73007,436.7784,6/28/21,p,2021,06/05/2021 18:15 CDT,96563,28.13,56.62,2.7,7.885,329.81,101442.64
TWB14,Uvalde_2020_02,29.60214,-99.73007,436.7784,6/28/21,p,2021,06/05/2021 18:20 CDT,96556,28.02,55.34,2.225,7.885,106.31,101435.46
TWB14,Uvalde_2020_02,29.60214,-99.73007,436.7784,6/28/21,p,2021,06/05/2021 18:25 CDT,96561,27.69,57.03,1.98,7.885,123.11,101446.34
TWB14,Uvalde_2020_02,29.60214,-99.73007,436.7784,6/28/21,p,2021,06/05/2021 18:30 CDT,96564,27.67,57.03,2.25,7.885,278.85,101451.65
TWB14,Uvalde_2020_02,29.60214,-99.73007,436.7784,6/28/21,p,2021,06/05/2021 18:35 CDT,96561,27.81,55.01,2.265,7.885,205.34,101445.86
TWB14,Uvalde_2020_02,29.60214,-99.73007,436.7784,6/28/21,p,2021,06/05/2021 18:40 CDT,96557,27.84,55.28,2.28,7.885,196.15,101440.99
TWB14,Uvalde_2020_02,29.60214,-99.73007,436.7784,6/28/21,p,2021,06/05/2021 18:45 CDT,96554,27.97,54.71,2.415,7.885,246.97,101436.35
TWB14,Uvalde_2020_02,29.60214,-99.73007,436.7784,6/28/21,p,2021,06/05/2021 18:50 CDT,96557,28.14,53.33,2.44,7.885,241.95,101436.87
TWB14,Uvalde_2020_02,29.60214,-99.73007,436.7784,6/28/21,p,2021,06/05/2021 18:55 CDT,96555,28.26,52.69,2.06,7.885,227.13,101432.62
TWB14,Uvalde_2020_02,29.60214,-99.73007,436.7784,6/28/21,p,2021,06/05/2021 19:00 CDT,96556,28.31,52.15,2.51,7.885,215.16,101431.86
TWB14,Uvalde_2020_02,29.60214,-99.73007,436.7784,6/28/21,p,2021,06/05/2021 19:05 CDT,96554,28.21,54.84,2.325,7.885,204.92,101431.05
TWB14,Uvalde_2020_02,29.60214,-99.73007,436.7784,6/28/21,p,2021,06/05/2021 19:10 CDT,96552,28.24,52.62,1.75,7.885,183.67,101429.8
TWB14,Uvalde_2020_02,29.60214,-99.73007,436.7784,6/28/21,p,2021,06/05/2021 19:15 CDT,96551,28.22,52.79,2.39,7.885,172.89,101428.25
TWB14,Uvalde_2020_02,29.60214,-99.73007,436.7784,6/28/21,p,2021,06/05/2021 19:20 CDT,96548,28.04,55.62,2.28,7.885,165.58,101427.72
TWB14,Uvalde_2020_02,29.60214,-99.73007,436.7784,6/28/21,p,2021,06/05/2021 19:25 CDT,96543,27.96,54.27,2.8,7.885,150.02,101424.3
TWB14,Uvalde_2020_02,29.60214,-99.73007,436.7784,6/28/21,p,2021,06/05/2021 19:30 CDT,96541,27.87,54.54,2.315,7.885,105.08,101423.86
TWB14,Uvalde_2020_02,29.60214,-99.73007,436.7784,6/28/21,p,2021,06/05/2021 19:35 CDT,96540,27.76,53.93,1.935,7.885,105.27,101424.8
TWB14,Uvalde_2020_02,29.60214,-99.73007,436.7784,6/28/21,p,2021,06/05/2021 19:40 CDT,96540,27.69,54.67,2.205,7.885,100.02,101426.45
TWB14,Uvalde_2020_02,29.60214,-99.73007,436.7784,6/28/21,p,2021,06/05/2021 19:45 CDT,96537,27.57,54.2,2.02,7.885,86.81,101425.63
TWB14,Uvalde_2020_02,29.60214,-99.73007,436.7784,6/28/21,p,2021,06/05/2021 19:50 CDT,96532,27.45,57.5,1.91,7.885,75.39,101422.34
TWB14,Uvalde_2020_02,29.60214,-99.73007,436.7784,6/28/21,p,2021,06/05/2021 19:55 CDT,96531,26.98,61.38,1.96,7.885,66.09,101426.08
TWB14,Uvalde_2020_02,29.60214,-99.73007,436.7784,6/28/21,p,2021,06/05/2021 20:00 CDT,96530,26.48,63.3,1.825,7.885,55.7,101433.36
TWB14,Uvalde_2020_02,29.60214,-99.73007,436.7784,6/28/21,p,2021,06/05/2021 20:05 CDT,96530,26.18,64.41,1.98,7.885,43.9,101439.38
TWB14,Uvalde_2020_02,29.60214,-99.73007,436.7784,6/28/21,p,2021,06/05/2021 20:10 CDT,96531,25.97,64.65,2.16,7.885,31.29,101444.79
TWB14,Uvalde_2020_02,29.60214,-99.73007,436.7784,6/28/21,p,2021,06/05/2021 20:15 CDT,96533,25.81,65.73,1.61,7.885,25.21,101450.08
TWB14,Uvalde_2020_02,29.60214,-99.73007,436.7784,6/28/21,p,2021,06/05/2021 20:20 CDT,96534,25.67,66.07,1.035,7.885,14.29,101453.31
TWB14,Uvalde_2020_02,29.60214,-99.73007,436.7784,6/28/21,p,2021,06/05/2021 20:25 CDT,96539,25.5,66.88,1.32,7.885,11.28,101461.26
TWB14,Uvalde_2020_02,29.60214,-99.73007,436.7784,6/28/21,p,2021,06/05/2021 20:30 CDT,96546,25.29,68.1,1.165,7.885,7.6,101471.98
TWB14,Uvalde_2020_02,29.60214,-99.73007,436.7784,6/28/21,p,2021,06/05/2021 20:35 CDT,96549,25.06,68.64,1.045,7.885,5.22,101479.35
TWB14,Uvalde_2020_02,29.60214,-99.73007,436.7784,6/28/21,p,2021,06/05/2021 20:40 CDT,96544,24.92,69.65,0.995,7.885,3.16,101476.96
TWB14,Uvalde_2020_02,29.60214,-99.73007,436.7784,6/28/21,p,2021,06/05/2021 20:45 CDT,96542,24.71,70.26,1.11,7.885,1.29,101478.07
TWB14,Uvalde_2020_02,29.60214,-99.73007,436.7784,6/28/21,p,2021,06/05/2021 20:50 CDT,96542,24.47,72.59,0.66,7.885,1.24,101481.27
TWB14,Uvalde_2020_02,29.60214,-99.73007,436.7784,6/28/21,p,2021,06/05/2021 20:55 CDT,96551,24.17,74.37,0.75,7.885,1.14,101496.33
TWB14,Uvalde_2020_02,29.60214,-99.73007,436.7784,6/28/21,p,2021,06/05/2021 21:00 CDT,96557,23.98,74.58,0.65,7.885,0.79,101507.06
TWB14,Uvalde_2020_02,29.60214,-99.73007,436.7784,6/28/21,p,2021,06/05/2021 21:05 CDT,96555,23.73,76.9,0.665,7.885,0.57,101509.37
TWB14,Uvalde_2020_02,29.60214,-99.73007,436.7784,6/28/21,p,2021,06/05/2021 21:10 CDT,96563,23.32,78.02,0.905,7.885,0.67,101525.3
TWB14,Uvalde_2020_02,29.60214,-99.73007,436.7784,6/28/21,p,2021,06/05/2021 21:15 CDT,96570,23.14,78.13,1.06,7.885,0.12,101537.8
TWB14,Uvalde_2020_02,29.60214,-99.73007,436.7784,6/28/21,p,2021,06/05/2021 21:20 CDT,96577,23.15,77.89,1.48,7.885,0,101546.02
TWB14,Uvalde_2020_02,29.60214,-99.73007,436.7784,6/28/21,p,2021,06/05/2021 21:25 CDT,96578,23.14,77.52,1.3,7.885,0,101547.07
TWB14,Uvalde_2020_02,29.60214,-99.73007,436.7784,6/28/21,p,2021,06/05/2021 21:30 CDT,96583,23.13,77.15,1.115,7.885,0,101552.33
TWB14,Uvalde_2020_02,29.60214,-99.73007,436.7784,6/28/21,p,2021,06/05/2021 21:35 CDT,96603,23.21,76.83,1.28,7.885,0,101571.82
TWB14,Uvalde_2020_02,29.60214,-99.73007,436.7784,6/28/21,p,2021,06/05/2021 21:40 CDT,96615,23.21,77.38,1.325,7.885,0,101583.92
TWB14,Uvalde_2020_02,29.60214,-99.73007,436.7784,6/28/21,p,2021,06/05/2021 21:45 CDT,96622,23.13,77.18,1.625,7.885,0,101593
TWB14,Uvalde_2020_02,29.60214,-99.73007,436.7784,6/28/21,p,2021,06/05/2021 21:50 CDT,96634,23.06,77.92,1.08,7.885,0.01,101605.78
TWB14,Uvalde_2020_02,29.60214,-99.73007,436.7784,6/28/21,p,2021,06/05/2021 21:55 CDT,96642,22.86,78.86,0.39,7.885,0.56,101616.42
TWB14,Uvalde_2020_02,29.60214,-99.73007,436.7784,6/28/21,p,2021,06/05/2021 22:00 CDT,96653,22.59,80.3,0.385,7.885,0.84,101632.45
TWB14,Uvalde_2020_02,29.60214,-99.73007,436.7784,6/28/21,p,2021,06/05/2021 22:05 CDT,96654,22.32,81.5,0.38,7.885,0.69,101637.63
TWB14,Uvalde_2020_02,29.60214,-99.73007,436.7784,6/28/21,p,2021,06/05/2021 22:10 CDT,96667,22.15,82.4,0.925,7.885,0.06,101655.96
TWB14,Uvalde_2020_02,29.60214,-99.73007,436.7784,6/28/21,p,2021,06/05/2021 22:15 CDT,96671,22.06,83.2,0.52,7.885,0.39,101663.27
TWB14,Uvalde_2020_02,29.60214,-99.73007,436.7784,6/28/21,p,2021,06/05/2021 22:20 CDT,96671,22,83.4,0.79,7.885,0.02,101666.39
TWB14,Uvalde_2020_02,29.60214,-99.73007,436.7784,6/28/21,p,2021,06/05/2021 22:25 CDT,96676,21.91,84.2,0.58,7.885,0.03,101673.03
TWB14,Uvalde_2020_02,29.60214,-99.73007,436.7784,6/28/21,p,2021,06/05/2021 22:30 CDT,96684,21.86,83.4,0.81,7.885,0,101683.18
TWB14,Uvalde_2020_02,29.60214,-99.73007,436.7784,6/28/21,p,2021,06/05/2021 22:35 CDT,96687,21.83,83.4,0.865,7.885,0,101685.99
TWB14,Uvalde_2020_02,29.60214,-99.73007,436.7784,6/28/21,p,2021,06/05/2021 22:40 CDT,96693,21.6,84.3,1.065,7.885,0,101694.03
TWB14,Uvalde_2020_02,29.60214,-99.73007,436.7784,6/28/21,p,2021,06/05/2021 22:45 CDT,96707,21.39,84.3,1.075,7.885,0,101712.23
TWB14,Uvalde_2020_02,29.60214,-99.73007,436.7784,6/28/21,p,2021,06/05/2021 22:50 CDT,96725,21.35,83.9,1.02,7.885,0,101732.73
TWB14,Uvalde_2020_02,29.60214,-99.73007,436.7784,6/28/21,p,2021,06/05/2021 22:55 CDT,96731,21.35,84,0.855,7.885,0,101738.87
TWB14,Uvalde_2020_02,29.60214,-99.73007,436.7784,6/28/21,p,2021,06/05/2021 23:00 CDT,96731,21.34,84.5,0.71,7.885,0,101740.26
TWB14,Uvalde_2020_02,29.60214,-99.73007,436.7784,6/28/21,p,2021,06/05/2021 23:05 CDT,96736,21.34,84.9,0.505,7.885,0.03,101746.73
TWB14,Uvalde_2020_02,29.60214,-99.73007,436.7784,6/28/21,p,2021,06/05/2021 23:10 CDT,96747,21.34,85.1,0.47,7.885,0.08,101759.35
TWB14,Uvalde_2020_02,29.60214,-99.73007,436.7784,6/28/21,p,2021,06/05/2021 23:15 CDT,96745,21.33,84.9,0.685,7.885,0,101757.07
TWB14,Uvalde_2020_02,29.60214,-99.73007,436.7784,6/28/21,p,2021,06/05/2021 23:20 CDT,96745,21.4,84.8,0.92,7.885,0,101756.55
TWB14,Uvalde_2020_02,29.60214,-99.73007,436.7784,6/28/21,p,2021,06/05/2021 23:25 CDT,96750,21.41,84.8,0.91,7.885,0,101760.24
TWB14,Uvalde_2020_02,29.60214,-99.73007,436.7784,6/28/21,p,2021,06/05/2021 23:30 CDT,96759,21.41,84.6,0.895,7.885,0,101769.01
TWB14,Uvalde_2020_02,29.60214,-99.73007,436.7784,6/28/21,p,2021,06/05/2021 23:35 CDT,96769,21.58,85.1,0.515,7.885,0,101776.56
TWB14,Uvalde_2020_02,29.60214,-99.73007,436.7784,6/28/21,p,2021,06/05/2021 23:40 CDT,96783,21.65,85.5,0.755,7.885,0,101790.59
TWB14,Uvalde_2020_02,29.60214,-99.73007,436.7784,6/28/21,p,2021,06/05/2021 23:45 CDT,96798,21.89,84.2,1.16,7.885,0,101803.07
TWB14,Uvalde_2020_02,29.60214,-99.73007,436.7784,6/28/21,p,2021,06/05/2021 23:50 CDT,96804,22.08,84,1.48,7.885,0,101804.18
TWB14,Uvalde_2020_02,29.60214,-99.73007,436.7784,6/28/21,p,2021,06/05/2021 23:55 CDT,96804,22.16,83.3,1.48,7.885,0,101801.58
TWB14,Uvalde_2020_02,29.60214,-99.73007,436.7784,6/28/21,p,2021,06/06/2021 00:00 CDT,96805,22.18,82.8,1.73,7.885,0,101800.56
TWB14,Uvalde_2020_02,29.60214,-99.73007,436.7784,6/28/21,p,2021,06/06/2021 00:05 CDT,96807,22.11,82.4,1.565,7.885,0,101802.49
TWB14,Uvalde_2020_02,29.60214,-99.73007,436.7784,6/28/21,p,2021,06/06/2021 00:10 CDT,96812,22.06,81.8,1.925,7.885,0,101808.62
TWB14,Uvalde_2020_02,29.60214,-99.73007,436.7784,6/28/21,p,2021,06/06/2021 00:15 CDT,96805,22.02,80.8,1.91,7.885,0,101802.13
TWB14,Uvalde_2020_02,29.60214,-99.73007,436.7784,6/28/21,p,2021,06/06/2021 00:20 CDT,96813,21.99,80.8,1.98,7.885,0,101810.89
TWB14,Uvalde_2020_02,29.60214,-99.73007,436.7784,6/28/21,p,2021,06/06/2021 00:25 CDT,96812,21.95,81.2,2.245,7.885,0,101810.87
TWB14,Uvalde_2020_02,29.60214,-99.73007,436.7784,6/28/21,p,2021,06/06/2021 00:30 CDT,96807,21.88,81.9,1.6,7.885,0,101806.65
TWB14,Uvalde_2020_02,29.60214,-99.73007,436.7784,6/28/21,p,2021,06/06/2021 00:35 CDT,96811,21.82,82,1.625,7.885,0,101811.9
TWB14,Uvalde_2020_02,29.60214,-99.73007,436.7784,6/28/21,p,2021,06/06/2021 00:40 CDT,96794,21.86,82.3,2.41,7.885,0,101793.84
TWB14,Uvalde_2020_02,29.60214,-99.73007,436.7784,6/28/21,p,2021,06/06/2021 00:45 CDT,96790,21.94,82.1,2.135,7.885,0,101788.43
TWB14,Uvalde_2020_02,29.60214,-99.73007,436.7784,6/28/21,p,2021,06/06/2021 00:50 CDT,96787,21.99,82.5,2.035,7.885,0,101784.23
TWB14,Uvalde_2020_02,29.60214,-99.73007,436.7784,6/28/21,p,2021,06/06/2021 00:55 CDT,96775,22.08,82.2,1.895,7.885,0,101769.71
TWB14,Uvalde_2020_02,29.60214,-99.73007,436.7784,6/28/21,p,2021,06/06/2021 01:00 CDT,96773,22.14,83.5,2.045,7.885,0,101766.38
TWB14,Uvalde_2020_02,29.60214,-99.73007,436.7784,6/28/21,p,2021,06/06/2021 01:05 CDT,96765,22.26,84.1,2.64,7.885,0,101755.89
TWB14,Uvalde_2020_02,29.60214,-99.73007,436.7784,6/28/21,p,2021,06/06/2021 01:10 CDT,96758,22.34,84.9,2.4,7.885,0,101746.62
TWB14,Uvalde_2020_02,29.60214,-99.73007,436.7784,6/28/21,p,2021,06/06/2021 01:15 CDT,96751,22.37,85.5,2.055,7.885,0,101738.57
TWB14,Uvalde_2020_02,29.60214,-99.73007,436.7784,6/28/21,p,2021,06/06/2021 01:20 CDT,96746,22.41,87.1,2.035,7.885,0,101732.43
TWB14,Uvalde_2020_02,29.60214,-99.73007,436.7784,6/28/21,p,2021,06/06/2021 01:25 CDT,96743,22.5,87.5,3.025,7.885,0,101727.89
TWB14,Uvalde_2020_02,29.60214,-99.73007,436.7784,6/28/21,p,2021,06/06/2021 01:30 CDT,96739,22.52,88.2,2.845,7.885,0,101722.65
TWB14,Uvalde_2020_02,29.60214,-99.73007,436.7784,6/28/21,p,2021,06/06/2021 01:35 CDT,96736,22.5,88.4,2.78,7.885,0,101719.67
TWB14,Uvalde_2020_02,29.60214,-99.73007,436.7784,6/28/21,p,2021,06/06/2021 01:40 CDT,96736,22.42,88.8,3.25,7.885,0.08,101720.7
TWB14,Uvalde_2020_02,29.60214,-99.73007,436.7784,6/28/21,p,2021,06/06/2021 01:45 CDT,96738,22.35,89.2,3.545,7.885,0.34,101724.01
TWB14,Uvalde_2020_02,29.60214,-99.73007,436.7784,6/28/21,p,2021,06/06/2021 01:50 CDT,96733,22.29,89.4,3.03,7.885,0.31,101719.61
TWB14,Uvalde_2020_02,29.60214,-99.73007,436.7784,6/28/21,p,2021,06/06/2021 01:55 CDT,96729,22.27,89.5,2.72,7.885,0,101716.09
TWB14,Uvalde_2020_02,29.60214,-99.73007,436.7784,6/28/21,p,2021,06/06/2021 02:00 CDT,96727,22.21,89.8,3.26,7.885,0.11,101714.68
TWB14,Uvalde_2020_02,29.60214,-99.73007,436.7784,6/28/21,p,2021,06/06/2021 02:05 CDT,96726,22.17,90,2.99,7.885,0.03,101714.66
TWB14,Uvalde_2020_02,29.60214,-99.73007,436.7784,6/28/21,p,2021,06/06/2021 02:10 CDT,96721,22.13,90.1,2.845,7.885,0.02,101710.09
TWB14,Uvalde_2020_02,29.60214,-99.73007,436.7784,6/28/21,p,2021,06/06/2021 02:15 CDT,96716,22.09,90.5,3.26,7.885,0,101705.7
TWB14,Uvalde_2020_02,29.60214,-99.73007,436.7784,6/28/21,p,2021,06/06/2021 02:20 CDT,96707,22.04,90.9,3.64,7.885,0.3,101696.58
TWB14,Uvalde_2020_02,29.60214,-99.73007,436.7784,6/28/21,p,2021,06/06/2021 02:25 CDT,96694,21.99,91.1,3.97,7.885,0.26,101683.77
TWB14,Uvalde_2020_02,29.60214,-99.73007,436.7784,6/28/21,p,2021,06/06/2021 02:30 CDT,96681,21.92,91.5,4.03,7.885,0.38,101671.31
TWB14,Uvalde_2020_02,29.60214,-99.73007,436.7784,6/28/21,p,2021,06/06/2021 02:35 CDT,96673,21.87,91.8,3.585,7.885,0.24,101663.93
TWB14,Uvalde_2020_02,29.60214,-99.73007,436.7784,6/28/21,p,2021,06/06/2021 02:40 CDT,96676,21.84,91.9,3.045,7.885,0,101667.6
TWB14,Uvalde_2020_02,29.60214,-99.73007,436.7784,6/28/21,p,2021,06/06/2021 02:45 CDT,96678,21.83,91.9,2.995,7.885,0,101670.23
TWB14,Uvalde_2020_02,29.60214,-99.73007,436.7784,6/28/21,p,2021,06/06/2021 02:50 CDT,96672,21.83,91.9,2.355,7.885,0,101663.92
TWB14,Uvalde_2020_02,29.60214,-99.73007,436.7784,6/28/21,p,2021,06/06/2021 02:55 CDT,96674,21.83,91.8,2.33,7.885,0,101666.02
TWB14,Uvalde_2020_02,29.60214,-99.73007,436.7784,6/28/21,p,2021,06/06/2021 03:00 CDT,96672,21.84,91.8,2.865,7.885,0,101663.92
TWB14,Uvalde_2020_02,29.60214,-99.73007,436.7784,6/28/21,p,2021,06/06/2021 03:05 CDT,96669,21.87,91.7,2.81,7.885,0,101660.24
TWB14,Uvalde_2020_02,29.60214,-99.73007,436.7784,6/28/21,p,2021,06/06/2021 03:10 CDT,96652,21.9,91.5,2.63,7.885,0,101641.85
TWB14,Uvalde_2020_02,29.60214,-99.73007,436.7784,6/28/21,p,2021,06/06/2021 03:15 CDT,96640,21.92,91.7,3.18,7.885,0,101628.88
TWB14,Uvalde_2020_02,29.60214,-99.73007,436.7784,6/28/21,p,2021,06/06/2021 03:20 CDT,96638,21.92,91.8,3.455,7.885,0,101626.78
TWB14,Uvalde_2020_02,29.60214,-99.73007,436.7784,6/28/21,p,2021,06/06/2021 03:25 CDT,96631,21.93,92.1,2.94,7.885,0,101618.89
TWB14,Uvalde_2020_02,29.60214,-99.73007,436.7784,6/28/21,p,2021,06/06/2021 03:30 CDT,96631,21.91,92.2,2.575,7.885,0,101618.89
TWB14,Uvalde_2020_02,29.60214,-99.73007,436.7784,6/28/21,p,2021,06/06/2021 03:35 CDT,96632,21.9,92.6,2.485,7.885,0,101620.29
TWB14,Uvalde_2020_02,29.60214,-99.73007,436.7784,6/28/21,p,2021,06/06/2021 03:40 CDT,96632,21.89,92.8,2.225,7.885,0,101620.63
TWB14,Uvalde_2020_02,29.60214,-99.73007,436.7784,6/28/21,p,2021,06/06/2021 03:45 CDT,96631,21.9,93,2.55,7.885,0,101619.41
TWB14,Uvalde_2020_02,29.60214,-99.73007,436.7784,6/28/21,p,2021,06/06/2021 03:50 CDT,96630,21.92,93.2,2.13,7.885,0,101618.01
TWB14,Uvalde_2020_02,29.60214,-99.73007,436.7784,6/28/21,p,2021,06/06/2021 03:55 CDT,96618,21.94,93.2,1.88,7.885,0,101604.87
TWB14,Uvalde_2020_02,29.60214,-99.73007,436.7784,6/28/21,p,2021,06/06/2021 04:00 CDT,96601,21.96,93.2,2.265,7.885,0,101586.82
TWB14,Uvalde_2020_02,29.60214,-99.73007,436.7784,6/28/21,p,2021,06/06/2021 04:05 CDT,96557,21.95,93.4,3.325,7.885,0,101540.55
TWB14,Uvalde_2020_02,29.60214,-99.73007,436.7784,6/28/21,p,2021,06/06/2021 04:10 CDT,96538,21.92,93.8,2.99,7.885,0.54,101520.91
TWB14,Uvalde_2020_02,29.60214,-99.73007,436.7784,6/28/21,p,2021,06/06/2021 04:15 CDT,96558,21.86,94.4,2.785,7.885,0.82,101542.97
TWB14,Uvalde_2020_02,29.60214,-99.73007,436.7784,6/28/21,p,2021,06/06/2021 04:20 CDT,96563,21.81,94.7,2.655,7.885,0.11,101549.09
TWB14,Uvalde_2020_02,29.60214,-99.73007,436.7784,6/28/21,p,2021,06/06/2021 04:25 CDT,96566,21.8,94.9,2.225,7.885,0,101552.59
TWB14,Uvalde_2020_02,29.60214,-99.73007,436.7784,6/28/21,p,2021,06/06/2021 04:30 CDT,96579,21.79,95,2.46,7.885,0,101566.26
TWB14,Uvalde_2020_02,29.60214,-99.73007,436.7784,6/28/21,p,2021,06/06/2021 04:35 CDT,96604,21.8,95,1.66,7.885,0,101592.55
TWB14,Uvalde_2020_02,29.60214,-99.73007,436.7784,6/28/21,p,2021,06/06/2021 04:40 CDT,96629,21.84,94.8,1.79,7.885,0,101618.5
TWB14,Uvalde_2020_02,29.60214,-99.73007,436.7784,6/28/21,p,2021,06/06/2021 04:45 CDT,96654,21.91,94.4,1.68,7.885,0,101643.93
TWB14,Uvalde_2020_02,29.60214,-99.73007,436.7784,6/28/21,p,2021,06/06/2021 04:50 CDT,96652,21.96,94.2,1.79,7.885,0,101640.79
TWB14,Uvalde_2020_02,29.60214,-99.73007,436.7784,6/28/21,p,2021,06/06/2021 04:55 CDT,96644,21.98,93.9,1.97,7.885,0,101632.03
TWB14,Uvalde_2020_02,29.60214,-99.73007,436.7784,6/28/21,p,2021,06/06/2021 05:00 CDT,96644,22,93.8,1.425,7.885,0,101631.34
TWB14,Uvalde_2020_02,29.60214,-99.73007,436.7784,6/28/21,p,2021,06/06/2021 05:05 CDT,96633,22,93.8,1.5,7.885,0,101619.6
TWB14,Uvalde_2020_02,29.60214,-99.73007,436.7784,6/28/21,p,2021,06/06/2021 05:10 CDT,96609,21.98,93.7,2.05,7.885,0,101594.54
TWB14,Uvalde_2020_02,29.60214,-99.73007,436.7784,6/28/21,p,2021,06/06/2021 05:15 CDT,96606,21.96,93.6,2.215,7.885,0,101592.07
TWB14,Uvalde_2020_02,29.60214,-99.73007,436.7784,6/28/21,p,2021,06/06/2021 05:20 CDT,96616,21.96,93.6,1.53,7.885,0,101602.42
TWB14,Uvalde_2020_02,29.60214,-99.73007,436.7784,6/28/21,p,2021,06/06/2021 05:25 CDT,96623,21.95,93.5,1.55,7.885,0,101609.95
TWB14,Uvalde_2020_02,29.60214,-99.73007,436.7784,6/28/21,p,2021,06/06/2021 05:30 CDT,96655,21.97,93.4,1.3,7.885,0,101643.43
TWB14,Uvalde_2020_02,29.60214,-99.73007,436.7784,6/28/21,p,2021,06/06/2021 05:35 CDT,96656,21.98,93.4,1.455,7.885,0,101644.14
TWB14,Uvalde_2020_02,29.60214,-99.73007,436.7784,6/28/21,p,2021,06/06/2021 05:40 CDT,96643,21.97,93.6,1.47,7.885,0,101630.64
TWB14,Uvalde_2020_02,29.60214,-99.73007,436.7784,6/28/21,p,2021,06/06/2021 05:45 CDT,96647,21.94,93.6,1.475,7.885,0,101635.19
TWB14,Uvalde_2020_02,29.60214,-99.73007,436.7784,6/28/21,p,2021,06/06/2021 05:50 CDT,96668,21.94,93.6,1.38,7.885,0,101657.45
TWB14,Uvalde_2020_02,29.60214,-99.73007,436.7784,6/28/21,p,2021,06/06/2021 05:55 CDT,96687,21.94,93.6,0.54,7.885,0,101677.43
TWB14,Uvalde_2020_02,29.60214,-99.73007,436.7784,6/28/21,p,2021,06/06/2021 06:00 CDT,96685,21.95,93.6,0.935,7.885,0,101675.15
TWB14,Uvalde_2020_02,29.60214,-99.73007,436.7784,6/28/21,p,2021,06/06/2021 06:05 CDT,96670,21.95,93.6,1.32,7.885,0,101659.38
TWB14,Uvalde_2020_02,29.60214,-99.73007,436.7784,6/28/21,p,2021,06/06/2021 06:10 CDT,96656,21.93,94,1.37,7.885,0.39,101644.82
TWB14,Uvalde_2020_02,29.60214,-99.73007,436.7784,6/28/21,p,2021,06/06/2021 06:15 CDT,96640,21.87,94.2,1.915,7.885,0.51,101628.69
TWB14,Uvalde_2020_02,29.60214,-99.73007,436.7784,6/28/21,p,2021,06/06/2021 06:20 CDT,96600,21.81,94.7,2.83,7.885,0.06,101588.18
TWB14,Uvalde_2020_02,29.60214,-99.73007,436.7784,6/28/21,p,2021,06/06/2021 06:25 CDT,96590,21.79,94.8,2.185,7.885,0,101578.18
TWB14,Uvalde_2020_02,29.60214,-99.73007,436.7784,6/28/21,p,2021,06/06/2021 06:30 CDT,96600,21.83,94.6,1.93,7.885,0,101588.35
TWB14,Uvalde_2020_02,29.60214,-99.73007,436.7784,6/28/21,p,2021,06/06/2021 06:35 CDT,96661,21.89,94.4,0.925,7.885,0,101651.98
TWB14,Uvalde_2020_02,29.60214,-99.73007,436.7784,6/28/21,p,2021,06/06/2021 06:40 CDT,96698,21.95,94.3,0.705,7.885,0,101689.51
TWB14,Uvalde_2020_02,29.60214,-99.73007,436.7784,6/28/21,p,2021,06/06/2021 06:45 CDT,96695,21.99,94.2,0.77,7.885,0,101685.66
TWB14,Uvalde_2020_02,29.60214,-99.73007,436.7784,6/28/21,p,2021,06/06/2021 06:50 CDT,96691,22.01,94.2,1.075,7.885,0.98,101680.59
TWB14,Uvalde_2020_02,29.60214,-99.73007,436.7784,6/28/21,p,2021,06/06/2021 06:55 CDT,96676,22.02,94.1,1.59,7.885,2.53,101664.82
TWB14,Uvalde_2020_02,29.60214,-99.73007,436.7784,6/28/21,p,2021,06/06/2021 07:00 CDT,96672,22.03,94,1.795,7.885,3.72,101660.44
TWB14,Uvalde_2020_02,29.60214,-99.73007,436.7784,6/28/21,p,2021,06/06/2021 07:05 CDT,96650,22.03,94,1.885,7.885,3.85,101637.13
TWB14,Uvalde_2020_02,29.60214,-99.73007,436.7784,6/28/21,p,2021,06/06/2021 07:10 CDT,96615,22.01,94.2,2.47,7.885,6.11,101600.5
TWB14,Uvalde_2020_02,29.60214,-99.73007,436.7784,6/28/21,p,2021,06/06/2021 07:15 CDT,96594,22.07,93.8,2.71,7.885,5.96,101578.24
TWB14,Uvalde_2020_02,29.60214,-99.73007,436.7784,6/28/21,p,2021,06/06/2021 07:20 CDT,96589,22.16,93.7,2.485,7.885,5.59,101571.78
TWB14,Uvalde_2020_02,29.60214,-99.73007,436.7784,6/28/21,p,2021,06/06/2021 07:25 CDT,96625,22.27,93.4,2.55,7.885,6.16,101607.91
TWB14,Uvalde_2020_02,29.60214,-99.73007,436.7784,6/28/21,p,2021,06/06/2021 07:30 CDT,96632,22.34,93.2,2.475,7.885,9.57,101613.55
TWB14,Uvalde_2020_02,29.60214,-99.73007,436.7784,6/28/21,p,2021,06/06/2021 07:35 CDT,96642,22.38,92.8,2.425,7.885,,101623.38
TWB14,Uvalde_2020_02,29.60214,-99.73007,436.7784,6/28/21,p,2021,06/06/2021 07:40 CDT,96626,22.4,92.3,2.49,7.885,19.4,101606.38
TWB14,Uvalde_2020_02,29.60214,-99.73007,436.7784,6/28/21,p,2021,06/06/2021 07:45 CDT,96621,22.45,92.2,2.2,7.885,20.24,101600.26
TWB14,Uvalde_2020_02,29.60214,-99.73007,436.7784,6/28/21,p,2021,06/06/2021 07:50 CDT,96618,22.49,91.5,2.66,7.885,26.18,101596.25
TWB14,Uvalde_2020_02,29.60214,-99.73007,436.7784,6/28/21,p,2021,06/06/2021 07:55 CDT,96618,22.52,91.4,2.41,7.885,28.15,101595.56
TWB14,Uvalde_2020_02,29.60214,-99.73007,436.7784,6/28/21,p,2021,06/06/2021 08:00 CDT,96629,22.54,91.4,2.085,7.885,22.31,101606.44
TWB14,Uvalde_2020_02,29.60214,-99.73007,436.7784,6/28/21,p,2021,06/06/2021 08:05 CDT,96629,22.53,91.5,2.305,7.885,25.47,101606.27
TWB14,Uvalde_2020_02,29.60214,-99.73007,436.7784,6/28/21,p,2021,06/06/2021 08:10 CDT,96637,22.54,91.4,2.555,7.885,26.18,101614.68
TWB14,Uvalde_2020_02,29.60214,-99.73007,436.7784,6/28/21,p,2021,06/06/2021 08:15 CDT,96641,22.55,91.2,2.89,7.885,33.38,101618.72
TWB14,Uvalde_2020_02,29.60214,-99.73007,436.7784,6/28/21,p,2021,06/06/2021 08:20 CDT,96643,22.55,91.3,2.42,7.885,28.68,101620.82
TWB14,Uvalde_2020_02,29.60214,-99.73007,436.7784,6/28/21,p,2021,06/06/2021 08:25 CDT,96637,22.55,91.1,2.465,7.885,33.95,101614.34
TWB14,Uvalde_2020_02,29.60214,-99.73007,436.7784,6/28/21,p,2021,06/06/2021 08:30 CDT,96641,22.56,90.9,2.455,7.885,36.91,101618.55
TWB14,Uvalde_2020_02,29.60214,-99.73007,436.7784,6/28/21,p,2021,06/06/2021 08:35 CDT,96641,22.55,90.9,2.675,7.885,33.77,101618.55
TWB14,Uvalde_2020_02,29.60214,-99.73007,436.7784,6/28/21,p,2021,06/06/2021 08:40 CDT,96622,22.56,91.1,2.59,7.885,58.13,101598.39
TWB14,Uvalde_2020_02,29.60214,-99.73007,436.7784,6/28/21,p,2021,06/06/2021 08:45 CDT,96619,22.61,90.8,2.09,7.885,61.72,101594.55
TWB14,Uvalde_2020_02,29.60214,-99.73007,436.7784,6/28/21,p,2021,06/06/2021 08:50 CDT,96618,22.63,90.9,2.25,7.885,59.68,101593.16
TWB14,Uvalde_2020_02,29.60214,-99.73007,436.7784,6/28/21,p,2021,06/06/2021 08:55 CDT,96625,22.67,90.5,2.655,7.885,59.61,101599.66
TWB14,Uvalde_2020_02,29.60214,-99.73007,436.7784,6/28/21,p,2021,06/06/2021 09:00 CDT,96640,22.69,90.3,2.47,7.885,57.04,101615.09
TWB14,Uvalde_2020_02,29.60214,-99.73007,436.7784,6/28/21,p,2021,06/06/2021 09:05 CDT,96644,22.67,90.5,2.98,7.885,52.67,101619.29
TWB14,Uvalde_2020_02,29.60214,-99.73007,436.7784,6/28/21,p,2021,06/06/2021 09:10 CDT,96644,22.69,90.6,2.46,7.885,97.94,101619.29
TWB14,Uvalde_2020_02,29.60214,-99.73007,436.7784,6/28/21,p,2021,06/06/2021 09:15 CDT,96643,22.87,90.1,1.87,7.885,129.9,101615.84
TWB14,Uvalde_2020_02,29.60214,-99.73007,436.7784,6/28/21,p,2021,06/06/2021 09:20 CDT,96639,23.1,88.8,2.07,7.885,202.33,101607.52
TWB14,Uvalde_2020_02,29.60214,-99.73007,436.7784,6/28/21,p,2021,06/06/2021 09:25 CDT,96641,23.38,86.3,2.01,7.885,154.42,101605.01
TWB14,Uvalde_2020_02,29.60214,-99.73007,436.7784,6/28/21,p,2021,06/06/2021 09:30 CDT,96643,23.44,86.7,1.79,7.885,85.36,101605.23
TWB14,Uvalde_2020_02,29.60214,-99.73007,436.7784,6/28/21,p,2021,06/06/2021 09:35 CDT,96638,23.42,86.2,2.075,7.885,74.12,101599.64
TWB14,Uvalde_2020_02,29.60214,-99.73007,436.7784,6/28/21,p,2021,06/06/2021 09:40 CDT,96632,23.37,86.1,2.635,7.885,75.37,101594.18
TWB14,Uvalde_2020_02,29.60214,-99.73007,436.7784,6/28/21,p,2021,06/06/2021 09:45 CDT,96631,23.36,86.5,2.55,7.885,86.37,101593.47
TWB14,Uvalde_2020_02,29.60214,-99.73007,436.7784,6/28/21,p,2021,06/06/2021 09:50 CDT,96630,23.36,86.4,2.685,7.885,80.5,101592.25
TWB14,Uvalde_2020_02,29.60214,-99.73007,436.7784,6/28/21,p,2021,06/06/2021 09:55 CDT,96629,23.33,87.1,2.565,7.885,84.36,101591.88
TWB14,Uvalde_2020_02,29.60214,-99.73007,436.7784,6/28/21,p,2021,06/06/2021 10:00 CDT,96634,23.35,86.5,2.565,7.885,85.24,101596.63
TWB14,Uvalde_2020_02,29.60214,-99.73007,436.7784,6/28/21,p,2021,06/06/2021 10:05 CDT,96636,23.37,86.8,2.54,7.885,125.69,101598.73
TWB14,Uvalde_2020_02,29.60214,-99.73007,436.7784,6/28/21,p,2021,06/06/2021 10:10 CDT,96635,23.51,86.4,2.115,7.885,162.06,101595.97
TWB14,Uvalde_2020_02,29.60214,-99.73007,436.7784,6/28/21,p,2021,06/06/2021 10:15 CDT,96638,23.76,85.3,1.73,7.885,208.37,101594.68
TWB14,Uvalde_2020_02,29.60214,-99.73007,436.7784,6/28/21,p,2021,06/06/2021 10:20 CDT,96647,23.94,84.4,1.7,7.885,150.32,101600.74
TWB14,Uvalde_2020_02,29.60214,-99.73007,436.7784,6/28/21,p,2021,06/06/2021 10:25 CDT,96650,24.07,84.1,1.465,7.885,206.3,101601.51
TWB14,Uvalde_2020_02,29.60214,-99.73007,436.7784,6/28/21,p,2021,06/06/2021 10:30 CDT,96648,24.31,82.4,1.745,7.885,265.24,101595.85
TWB14,Uvalde_2020_02,29.60214,-99.73007,436.7784,6/28/21,p,2021,06/06/2021 10:35 CDT,96638,24.6,81.4,2.02,7.885,348.99,101580.24
TWB14,Uvalde_2020_02,29.60214,-99.73007,436.7784,6/28/21,p,2021,06/06/2021 10:40 CDT,96623,24.86,79.61,2.035,7.885,263.89,101559.57
TWB14,Uvalde_2020_02,29.60214,-99.73007,436.7784,6/28/21,p,2021,06/06/2021 10:45 CDT,96626,24.96,81.7,2.12,7.885,255.99,101560.17
TWB14,Uvalde_2020_02,29.60214,-99.73007,436.7784,6/28/21,p,2021,06/06/2021 10:50 CDT,96619,25.12,77.52,1.925,7.885,300.86,101550.48
TWB14,Uvalde_2020_02,29.60214,-99.73007,436.7784,6/28/21,p,2021,06/06/2021 10:55 CDT,96601,25.36,77.04,2.83,7.885,428.58,101527.68
TWB14,Uvalde_2020_02,29.60214,-99.73007,436.7784,6/28/21,p,2021,06/06/2021 11:00 CDT,96593,25.63,76,2.51,7.885,439.03,101514.22
TWB14,Uvalde_2020_02,29.60214,-99.73007,436.7784,6/28/21,p,2021,06/06/2021 11:05 CDT,96597,25.65,76.4,2.6,7.885,278.42,101516.91
TWB14,Uvalde_2020_02,29.60214,-99.73007,436.7784,6/28/21,p,2021,06/06/2021 11:10 CDT,96601,25.8,76.6,1.84,7.885,278.17,101519.43
TWB14,Uvalde_2020_02,29.60214,-99.73007,436.7784,6/28/21,p,2021,06/06/2021 11:15 CDT,96600,25.78,75.28,2.575,7.885,257.64,101517.71
TWB14,Uvalde_2020_02,29.60214,-99.73007,436.7784,6/28/21,p,2021,06/06/2021 11:20 CDT,96587,25.75,77.1,2.225,7.885,241.74,101505.21
TWB14,Uvalde_2020_02,29.60214,-99.73007,436.7784,6/28/21,p,2021,06/06/2021 11:25 CDT,96591,25.77,76.66,2.3,7.885,218.72,101509.09
TWB14,Uvalde_2020_02,29.60214,-99.73007,436.7784,6/28/21,p,2021,06/06/2021 11:30 CDT,96592,25.71,75.71,2.55,7.885,239.98,101511.15
TWB14,Uvalde_2020_02,29.60214,-99.73007,436.7784,6/28/21,p,2021,06/06/2021 11:35 CDT,96592,25.8,75.58,2.54,7.885,290.01,101510.65
TWB14,Uvalde_2020_02,29.60214,-99.73007,436.7784,6/28/21,p,2021,06/06/2021 11:40 CDT,96592,26.19,73.35,1.905,7.885,364.03,101504.96
TWB14,Uvalde_2020_02,29.60214,-99.73007,436.7784,6/28/21,p,2021,06/06/2021 11:45 CDT,96593,26.3,74.47,1.94,7.885,269.98,101502.48
TWB14,Uvalde_2020_02,29.60214,-99.73007,436.7784,6/28/21,p,2021,06/06/2021 11:50 CDT,96593,26.26,75,2.295,7.885,216.17,101502.14
TWB14,Uvalde_2020_02,29.60214,-99.73007,436.7784,6/28/21,p,2021,06/06/2021 11:55 CDT,96594,26.03,74.63,2.275,7.885,205.19,101507.21
TWB14,Uvalde_2020_02,29.60214,-99.73007,436.7784,6/28/21,p,2021,06/06/2021 12:00 CDT,96595,26.02,75.37,1.785,7.885,179.82,101509.1
TWB14,Uvalde_2020_02,29.60214,-99.73007,436.7784,6/28/21,p,2021,06/06/2021 12:05 CDT,96595,26.05,75.21,1.69,7.885,235.98,101508.6
TWB14,Uvalde_2020_02,29.60214,-99.73007,436.7784,6/28/21,p,2021,06/06/2021 12:10 CDT,96600,26.24,75.68,2.165,7.885,440.37,101511.66
TWB14,Uvalde_2020_02,29.60214,-99.73007,436.7784,6/28/21,p,2021,06/06/2021 12:15 CDT,96612,26.49,73.05,2.75,7.885,429.04,101519.1
TWB14,Uvalde_2020_02,29.60214,-99.73007,436.7784,6/28/21,p,2021,06/06/2021 12:20 CDT,96605,26.56,73.42,2.305,7.885,455.82,101510.41
TWB14,Uvalde_2020_02,29.60214,-99.73007,436.7784,6/28/21,p,2021,06/06/2021 12:25 CDT,96594,27.01,72.64,2.125,7.885,692.22,101492.67
TWB14,Uvalde_2020_02,29.60214,-99.73007,436.7784,6/28/21,p,2021,06/06/2021 12:30 CDT,96595,27.34,70.92,1.96,7.885,498.27,101487.41
TWB14,Uvalde_2020_02,29.60214,-99.73007,436.7784,6/28/21,p,2021,06/06/2021 12:35 CDT,96593,27.35,70.72,2.445,7.885,681.03,101482.64
TWB14,Uvalde_2020_02,29.60214,-99.73007,436.7784,6/28/21,p,2021,06/06/2021 12:40 CDT,96591,27.36,72.2,2.2,7.885,385.34,101480.03
TWB14,Uvalde_2020_02,29.60214,-99.73007,436.7784,6/28/21,p,2021,06/06/2021 12:45 CDT,96587,27.19,70.81,2.32,7.885,476.1,101478.34
TWB14,Uvalde_2020_02,29.60214,-99.73007,436.7784,6/28/21,p,2021,06/06/2021 12:50 CDT,96576,27.42,69.59,2.38,7.885,485.33,101464.79
TWB14,Uvalde_2020_02,29.60214,-99.73007,436.7784,6/28/21,p,2021,06/06/2021 12:55 CDT,96559,27.58,67.67,2.75,7.885,695.43,101444.79
TWB14,Uvalde_2020_02,29.60214,-99.73007,436.7784,6/28/21,p,2021,06/06/2021 13:00 CDT,96544,27.75,66.22,3.135,7.885,523.33,101425.23
TWB14,Uvalde_2020_02,29.60214,-99.73007,436.7784,6/28/21,p,2021,06/06/2021 13:05 CDT,96544,27.81,70.4,1.93,7.885,506.87,101424.86
TWB14,Uvalde_2020_02,29.60214,-99.73007,436.7784,6/28/21,p,2021,06/06/2021 13:10 CDT,96545,28.17,70.47,1.8,7.885,519.7,101420.45
TWB14,Uvalde_2020_02,29.60214,-99.73007,436.7784,6/28/21,p,2021,06/06/2021 13:15 CDT,96538,28.14,67.06,3.205,8.8,484.62,101411.31
TWB14,Uvalde_2020_02,29.60214,-99.73007,436.7784,6/28/21,p,2021,06/06/2021 13:20 CDT,96526,27.68,68.57,2.69,8.215,324.69,101405.8
TWB14,Uvalde_2020_02,29.60214,-99.73007,436.7784,6/28/21,p,2021,06/06/2021 13:25 CDT,96510,27.49,72.38,2.545,8.215,270.43,101393.27
TWB14,Uvalde_2020_02,29.60214,-99.73007,436.7784,6/28/21,p,2021,06/06/2021 13:30 CDT,96484,27.55,68.67,2.47,8.215,324.77,101367.32
TWB14,Uvalde_2020_02,29.60214,-99.73007,436.7784,6/28/21,p,2021,06/06/2021 13:35 CDT,96492,27.62,69.07,2.495,8.215,296.78,101374.22
TWB14,Uvalde_2020_02,29.60214,-99.73007,436.7784,6/28/21,p,2021,06/06/2021 13:40 CDT,96492,27.66,68.1,2.74,8.215,301.64,101373.57
TWB14,Uvalde_2020_02,29.60214,-99.73007,436.7784,6/28/21,p,2021,06/06/2021 13:45 CDT,96494,27.71,68.6,2.065,8.215,390.8,101375.17
TWB14,Uvalde_2020_02,29.60214,-99.73007,436.7784,6/28/21,p,2021,06/06/2021 13:50 CDT,96496,27.9,68.13,2.26,8.215,366.01,101373.96
TWB14,Uvalde_2020_02,29.60214,-99.73007,436.7784,6/28/21,p,2021,06/06/2021 13:55 CDT,96483,27.8,69.01,2.06,8.215,218.05,101360.46
TWB14,Uvalde_2020_02,29.60214,-99.73007,436.7784,6/28/21,p,2021,06/06/2021 14:00 CDT,96479,27.65,68.87,2.655,8.215,180.3,101358.91
TWB14,Uvalde_2020_02,29.60214,-99.73007,436.7784,6/28/21,p,2021,06/06/2021 14:05 CDT,96467,27.54,68.87,2.19,8.215,166.19,101349.62
TWB14,Uvalde_2020_02,29.60214,-99.73007,436.7784,6/28/21,p,2021,06/06/2021 14:10 CDT,96444,27.52,70.76,2.325,8.215,179.45,101326.1
TWB14,Uvalde_2020_02,29.60214,-99.73007,436.7784,6/28/21,p,2021,06/06/2021 14:15 CDT,96417,27.56,69.41,2.79,8.215,224.96,101297.91
TWB14,Uvalde_2020_02,29.60214,-99.73007,436.7784,6/28/21,p,2021,06/06/2021 14:20 CDT,96430,27.66,68.68,2.29,8.215,255.69,101310.42
TWB14,Uvalde_2020_02,29.60214,-99.73007,436.7784,6/28/21,p,2021,06/06/2021 14:25 CDT,96421,27.83,69.08,2.655,8.215,294.51,101298.3
TWB14,Uvalde_2020_02,29.60214,-99.73007,436.7784,6/28/21,p,2021,06/06/2021 14:30 CDT,96403,27.95,70.53,2.955,8.215,274.04,101276.89
TWB14,Uvalde_2020_02,29.60214,-99.73007,436.7784,6/28/21,p,2021,06/06/2021 14:35 CDT,96392,27.9,71.91,2.81,8.215,265.12,101265.66
TWB14,Uvalde_2020_02,29.60214,-99.73007,436.7784,6/28/21,p,2021,06/06/2021 14:40 CDT,96395,27.9,71.27,2.72,8.215,228.29,101268.98
TWB14,Uvalde_2020_02,29.60214,-99.73007,436.7784,6/28/21,p,2021,06/06/2021 14:45 CDT,96413,27.81,70.9,2.795,8.215,211.05,101288.89
TWB14,Uvalde_2020_02,29.60214,-99.73007,436.7784,6/28/21,p,2021,06/06/2021 14:50 CDT,96423,27.79,71.68,2.32,8.215,225.42,101299.88
TWB14,Uvalde_2020_02,29.60214,-99.73007,436.7784,6/28/21,p,2021,06/06/2021 14:55 CDT,96423,27.92,71.11,2.53,8.215,431.98,101298.56
TWB14,Uvalde_2020_02,29.60214,-99.73007,436.7784,6/28/21,p,2021,06/06/2021 15:00 CDT,96420,28.27,68.95,3.36,8.215,524.69,101289.31
TWB14,Uvalde_2020_02,29.60214,-99.73007,436.7784,6/28/21,p,2021,06/06/2021 15:05 CDT,96418,28.52,68.18,3.05,8.215,573.56,101282.43
TWB14,Uvalde_2020_02,29.60214,-99.73007,436.7784,6/28/21,p,2021,06/06/2021 15:10 CDT,96419,28.87,68.68,2.705,8.215,488.07,101277.55
TWB14,Uvalde_2020_02,29.60214,-99.73007,436.7784,6/28/21,p,2021,06/06/2021 15:15 CDT,96419,28.81,68.65,2.765,8.215,465.01,101277.72
TWB14,Uvalde_2020_02,29.60214,-99.73007,436.7784,6/28/21,p,2021,06/06/2021 15:20 CDT,96419,28.78,68.24,2.68,8.215,335.06,101277.06
TWB14,Uvalde_2020_02,29.60214,-99.73007,436.7784,6/28/21,p,2021,06/06/2021 15:25 CDT,96418,28.58,68.71,3.12,8.215,306.41,101279.46
TWB14,Uvalde_2020_02,29.60214,-99.73007,436.7784,6/28/21,p,2021,06/06/2021 15:30 CDT,96413,28.55,68.51,2.925,8.215,371.63,101276.35
TWB14,Uvalde_2020_02,29.60214,-99.73007,436.7784,6/28/21,p,2021,06/06/2021 15:35 CDT,96401,28.43,68.95,3.345,8.215,367.51,101265.23
TWB14,Uvalde_2020_02,29.60214,-99.73007,436.7784,6/28/21,p,2021,06/06/2021 15:40 CDT,96394,28.63,69.08,2.88,8.215,513.32,101255.73
TWB14,Uvalde_2020_02,29.60214,-99.73007,436.7784,6/28/21,p,2021,06/06/2021 15:45 CDT,96394,28.95,66.42,3.11,8.215,347.59,101250
TWB14,Uvalde_2020_02,29.60214,-99.73007,436.7784,6/28/21,p,2021,06/06/2021 15:50 CDT,96399,28.85,69.07,2.625,8.215,497.42,101255.55
TWB14,Uvalde_2020_02,29.60214,-99.73007,436.7784,6/28/21,p,2021,06/06/2021 15:55 CDT,96396,29.11,66.78,2.745,8.215,496.33,101248.16
TWB14,Uvalde_2020_02,29.60214,-99.73007,436.7784,6/28/21,p,2021,06/06/2021 16:00 CDT,96386,29.11,66.52,2.78,8.215,412.1,101236.67
TWB14,Uvalde_2020_02,29.60214,-99.73007,436.7784,6/28/21,p,2021,06/06/2021 16:05 CDT,96376,29.13,68.54,2.595,8.215,486.56,101226.64
TWB14,Uvalde_2020_02,29.60214,-99.73007,436.7784,6/28/21,p,2021,06/06/2021 16:10 CDT,96379,29.17,65.57,2.71,8.215,379.1,101228.51
TWB14,Uvalde_2020_02,29.60214,-99.73007,436.7784,6/28/21,p,2021,06/06/2021 16:15 CDT,96382,29,67.59,2.88,8.215,261.86,101234.59
TWB14,Uvalde_2020_02,29.60214,-99.73007,436.7784,6/28/21,p,2021,06/06/2021 16:20 CDT,96383,29.05,67.63,1.96,8.215,499.12,101236.95
TWB14,Uvalde_2020_02,29.60214,-99.73007,436.7784,6/28/21,p,2021,06/06/2021 16:25 CDT,96374,29.52,67.22,2.125,8.215,521.66,101220.45
TWB14,Uvalde_2020_02,29.60214,-99.73007,436.7784,6/28/21,p,2021,06/06/2021 16:30 CDT,96365,29.76,66.55,1.705,8.215,493.4,101206.1
TWB14,Uvalde_2020_02,29.60214,-99.73007,436.7784,6/28/21,p,2021,06/06/2021 16:35 CDT,96360,29.94,65.84,2.375,8.215,633.31,101197.92
TWB14,Uvalde_2020_02,29.60214,-99.73007,436.7784,6/28/21,p,2021,06/06/2021 16:40 CDT,96359,29.69,66.58,3.28,8.215,306.86,101198.17
TWB14,Uvalde_2020_02,29.60214,-99.73007,436.7784,6/28/21,p,2021,06/06/2021 16:45 CDT,96358,29.39,67.15,2.8,8.215,331.33,101202.83
TWB14,Uvalde_2020_02,29.60214,-99.73007,436.7784,6/28/21,p,2021,06/06/2021 16:50 CDT,96353,29.62,66.51,2.51,8.215,548.97,101195.79
TWB14,Uvalde_2020_02,29.60214,-99.73007,436.7784,6/28/21,p,2021,06/06/2021 16:55 CDT,96345,29.98,63.81,2.3,8.215,511.21,101181.86
TWB14,Uvalde_2020_02,29.60214,-99.73007,436.7784,6/28/21,p,2021,06/06/2021 17:00 CDT,96343,29.93,65.53,3.24,8.215,277.03,101178.11
TWB14,Uvalde_2020_02,29.60214,-99.73007,436.7784,6/28/21,p,2021,06/06/2021 17:05 CDT,96337,29.62,66.88,2.3,8.215,354.28,101177.51
TWB14,Uvalde_2020_02,29.60214,-99.73007,436.7784,6/28/21,p,2021,06/06/2021 17:10 CDT,96327,30.06,62.84,1.55,8.215,484.82,101162.81
TWB14,Uvalde_2020_02,29.60214,-99.73007,436.7784,6/28/21,p,2021,06/06/2021 17:15 CDT,96325,30.32,63.54,2.775,8.215,367.72,101154.67
TWB14,Uvalde_2020_02,29.60214,-99.73007,436.7784,6/28/21,p,2021,06/06/2021 17:20 CDT,96327,30.02,63,2.84,8.215,241.42,101159.87
TWB14,Uvalde_2020_02,29.60214,-99.73007,436.7784,6/28/21,p,2021,06/06/2021 17:25 CDT,96325,29.8,63.41,2.025,8.215,379.27,101162.98
TWB14,Uvalde_2020_02,29.60214,-99.73007,436.7784,6/28/21,p,2021,06/06/2021 17:30 CDT,96315,30.22,62.9,2.355,8.215,403.8,101148.08
TWB14,Uvalde_2020_02,29.60214,-99.73007,436.7784,6/28/21,p,2021,06/06/2021 17:35 CDT,96302,30.39,63.37,1.905,8.215,420.41,101130.85
TWB14,Uvalde_2020_02,29.60214,-99.73007,436.7784,6/28/21,p,2021,06/06/2021 17:40 CDT,96300,30.64,62.06,2,8.215,443.33,101124.86
TWB14,Uvalde_2020_02,29.60214,-99.73007,436.7784,6/28/21,p,2021,06/06/2021 17:45 CDT,96300,30.55,62.94,3.575,8.215,379.62,101124.04
TWB14,Uvalde_2020_02,29.60214,-99.73007,436.7784,6/28/21,p,2021,06/06/2021 17:50 CDT,96300,30.36,62.13,2.9,8.13,383.29,101127.46
TWB14,Uvalde_2020_02,29.60214,-99.73007,436.7784,6/28/21,p,2021,06/06/2021 17:55 CDT,96300,30.3,63,2.635,8.13,376.74,101127.94
TWB14,Uvalde_2020_02,29.60214,-99.73007,436.7784,6/28/21,p,2021,06/06/2021 18:00 CDT,96300,30.35,63,2.575,8.13,330.99,101127.94
TWB14,Uvalde_2020_02,29.60214,-99.73007,436.7784,6/28/21,p,2021,06/06/2021 18:05 CDT,96299,30.39,63.2,2.56,8.13,246.04,101126.4
TWB14,Uvalde_2020_02,29.60214,-99.73007,436.7784,6/28/21,p,2021,06/06/2021 18:10 CDT,96289,30.34,61.93,2.165,8.13,329.9,101117.05
TWB14,Uvalde_2020_02,29.60214,-99.73007,436.7784,6/28/21,p,2021,06/06/2021 18:15 CDT,96286,30.55,62.83,2.97,8.13,348.86,101111.12
TWB14,Uvalde_2020_02,29.60214,-99.73007,436.7784,6/28/21,p,2021,06/06/2021 18:20 CDT,96284,30.42,62.83,2.87,8.13,222.53,101110.49
TWB14,Uvalde_2020_02,29.60214,-99.73007,436.7784,6/28/21,p,2021,06/06/2021 18:25 CDT,96282,30.3,62.16,2.29,8.13,295.28,101110.51
TWB14,Uvalde_2020_02,29.60214,-99.73007,436.7784,6/28/21,p,2021,06/06/2021 18:30 CDT,96276,30.48,63,2.59,8.13,221.36,101102.24
TWB14,Uvalde_2020_02,29.60214,-99.73007,436.7784,6/28/21,p,2021,06/06/2021 18:35 CDT,96273,30.3,62.83,2.005,8.13,165.34,101100.56
TWB14,Uvalde_2020_02,29.60214,-99.73007,436.7784,6/28/21,p,2021,06/06/2021 18:40 CDT,96272,30.29,65.29,2.5,8.13,248.05,101100.95
TWB14,Uvalde_2020_02,29.60214,-99.73007,436.7784,6/28/21,p,2021,06/06/2021 18:45 CDT,96263,30.4,63.41,2.64,8.13,210.33,101089.89
TWB14,Uvalde_2020_02,29.60214,-99.73007,436.7784,6/28/21,p,2021,06/06/2021 18:50 CDT,96259,30.4,65.06,2.405,8.13,216.64,101085.67
TWB14,Uvalde_2020_02,29.60214,-99.73007,436.7784,6/28/21,p,2021,06/06/2021 18:55 CDT,96261,30.42,63.95,2.52,8.13,200.6,101087.29
TWB14,Uvalde_2020_02,29.60214,-99.73007,436.7784,6/28/21,p,2021,06/06/2021 19:00 CDT,96262,30.4,65.39,2.335,8.13,175.93,101088.65
TWB14,Uvalde_2020_02,29.60214,-99.73007,436.7784,6/28/21,p,2021,06/06/2021 19:05 CDT,96269,30.34,64.15,2.665,8.13,178,101096.83
TWB14,Uvalde_2020_02,29.60214,-99.73007,436.7784,6/28/21,p,2021,06/06/2021 19:10 CDT,96272,30.07,64.79,3.32,8.13,174.85,101103.72
TWB14,Uvalde_2020_02,29.60214,-99.73007,436.7784,6/28/21,p,2021,06/06/2021 19:15 CDT,96274,30.05,65.16,3.03,8.13,177.74,101107.12
TWB14,Uvalde_2020_02,29.60214,-99.73007,436.7784,6/28/21,p,2021,06/06/2021 19:20 CDT,96274,29.96,65.46,3.39,8.13,115.09,101108.26
TWB14,Uvalde_2020_02,29.60214,-99.73007,436.7784,6/28/21,p,2021,06/06/2021 19:25 CDT,96275,29.61,66.78,2.715,8.13,92.03,101114.68
TWB14,Uvalde_2020_02,29.60214,-99.73007,436.7784,6/28/21,p,2021,06/06/2021 19:30 CDT,96276,29.55,66.41,2.96,8.13,118.68,101118.52
TWB14,Uvalde_2020_02,29.60214,-99.73007,436.7784,6/28/21,p,2021,06/06/2021 19:35 CDT,96277,29.6,67.25,2.515,8.13,105.33,101119.07
TWB14,Uvalde_2020_02,29.60214,-99.73007,436.7784,6/28/21,p,2021,06/06/2021 19:40 CDT,96278,29.59,67.19,2.59,8.13,92.51,101120.28
TWB14,Uvalde_2020_02,29.60214,-99.73007,436.7784,6/28/21,p,2021,06/06/2021 19:45 CDT,96278,29.48,67.76,2.485,8.13,82.28,101121.75
TWB14,Uvalde_2020_02,29.60214,-99.73007,436.7784,6/28/21,p,2021,06/06/2021 19:50 CDT,96279,29.41,68.3,1.925,8.13,71.56,101123.94
TWB14,Uvalde_2020_02,29.60214,-99.73007,436.7784,6/28/21,p,2021,06/06/2021 19:55 CDT,96279,29.3,68.74,2.715,8.13,63.96,101125.57
TWB14,Uvalde_2020_02,29.60214,-99.73007,436.7784,6/28/21,p,2021,06/06/2021 20:00 CDT,96279,29.16,69.14,2.755,8.13,53.26,101128.03
TWB14,Uvalde_2020_02,29.60214,-99.73007,436.7784,6/28/21,p,2021,06/06/2021 20:05 CDT,96285,29.03,69.41,2.235,8.13,40.53,101136.79
TWB14,Uvalde_2020_02,29.60214,-99.73007,436.7784,6/28/21,p,2021,06/06/2021 20:10 CDT,96288,28.93,69.88,2.355,8.13,30.55,101141.58
TWB14,Uvalde_2020_02,29.60214,-99.73007,436.7784,6/28/21,p,2021,06/06/2021 20:15 CDT,96294,28.83,69.95,2.595,8.13,26.49,101149.69
TWB14,Uvalde_2020_02,29.60214,-99.73007,436.7784,6/28/21,p,2021,06/06/2021 20:20 CDT,96303,28.75,70.46,2.205,8.13,17.85,101159.96
TWB14,Uvalde_2020_02,29.60214,-99.73007,436.7784,6/28/21,p,2021,06/06/2021 20:25 CDT,96310,28.61,71.14,2.78,8.13,12,101169.78
TWB14,Uvalde_2020_02,29.60214,-99.73007,436.7784,6/28/21,p,2021,06/06/2021 20:30 CDT,96304,28.48,71.75,2.38,8.13,7.39,101165.28
TWB14,Uvalde_2020_02,29.60214,-99.73007,436.7784,6/28/21,p,2021,06/06/2021 20:35 CDT,96301,28.32,72.12,2.245,8.13,4.87,101164.93
TWB14,Uvalde_2020_02,29.60214,-99.73007,436.7784,6/28/21,p,2021,06/06/2021 20:40 CDT,96299,28.28,72.39,2.525,8.13,2.13,101163.98
TWB14,Uvalde_2020_02,29.60214,-99.73007,436.7784,6/28/21,p,2021,06/06/2021 20:45 CDT,96308,28.16,72.93,2.035,8.13,1.36,101175.25
TWB14,Uvalde_2020_02,29.60214,-99.73007,436.7784,6/28/21,p,2021,06/06/2021 20:50 CDT,96315,28.03,73.81,1.8,8.13,0.63,101184.74
TWB14,Uvalde_2020_02,29.60214,-99.73007,436.7784,6/28/21,p,2021,06/06/2021 20:55 CDT,96317,28.01,73.1,3.02,8.13,0.02,101188.18
TWB14,Uvalde_2020_02,29.60214,-99.73007,436.7784,6/28/21,p,2021,06/06/2021 21:00 CDT,96318,27.99,73.88,2.63,8.13,0,101188.89
TWB14,Uvalde_2020_02,29.60214,-99.73007,436.7784,6/28/21,p,2021,06/06/2021 21:05 CDT,96323,27.89,74.19,2.445,8.13,0,101195.79
TWB14,Uvalde_2020_02,29.60214,-99.73007,436.7784,6/28/21,p,2021,06/06/2021 21:10 CDT,96328,27.81,74.5,2.2,8.13,0,101202.53
TWB14,Uvalde_2020_02,29.60214,-99.73007,436.7784,6/28/21,p,2021,06/06/2021 21:15 CDT,96336,27.77,74.77,2.55,8.13,0,101211.6
TWB14,Uvalde_2020_02,29.60214,-99.73007,436.7784,6/28/21,p,2021,06/06/2021 21:20 CDT,96341,27.74,74.94,2.715,8.13,0,101217.51
TWB14,Uvalde_2020_02,29.60214,-99.73007,436.7784,6/28/21,p,2021,06/06/2021 21:25 CDT,96349,27.72,75.04,2.91,8.13,0,101226.08
TWB14,Uvalde_2020_02,29.60214,-99.73007,436.7784,6/28/21,p,2021,06/06/2021 21:30 CDT,96352,27.66,75.11,2.505,8.13,0,101230.23
TWB14,Uvalde_2020_02,29.60214,-99.73007,436.7784,6/28/21,p,2021,06/06/2021 21:35 CDT,96357,27.59,75.58,2.31,8.13,0,101236.47
TWB14,Uvalde_2020_02,29.60214,-99.73007,436.7784,6/28/21,p,2021,06/06/2021 21:40 CDT,96360,27.5,75.58,2.59,8.13,0,101241.29
TWB14,Uvalde_2020_02,29.60214,-99.73007,436.7784,6/28/21,p,2021,06/06/2021 21:45 CDT,96370,27.46,76.05,2.125,8.13,0.02,101252.45
TWB14,Uvalde_2020_02,29.60214,-99.73007,436.7784,6/28/21,p,2021,06/06/2021 21:50 CDT,96375,27.43,76.12,2.69,8.13,0,101258.04
TWB14,Uvalde_2020_02,29.60214,-99.73007,436.7784,6/28/21,p,2021,06/06/2021 21:55 CDT,96378,27.39,76.15,2.64,8.13,0,101262.02
TWB14,Uvalde_2020_02,29.60214,-99.73007,436.7784,6/28/21,p,2021,06/06/2021 22:00 CDT,96380,27.33,76.59,2.255,8.13,0,101264.62
TWB14,Uvalde_2020_02,29.60214,-99.73007,436.7784,6/28/21,p,2021,06/06/2021 22:05 CDT,96387,27.29,76.56,2.56,8.13,0,101273.3
TWB14,Uvalde_2020_02,29.60214,-99.73007,436.7784,6/28/21,p,2021,06/06/2021 22:10 CDT,96393,27.25,77.24,2.09,8.13,0.04,101279.93
TWB14,Uvalde_2020_02,29.60214,-99.73007,436.7784,6/28/21,p,2021,06/06/2021 22:15 CDT,96403,27.2,77.07,2.77,8.13,0,101291.61
TWB14,Uvalde_2020_02,29.60214,-99.73007,436.7784,6/28/21,p,2021,06/06/2021 22:20 CDT,96409,27.16,76.87,2.915,8.13,0,101298.41
TWB14,Uvalde_2020_02,29.60214,-99.73007,436.7784,6/28/21,p,2021,06/06/2021 22:30 CDT,96423,27.11,77.11,2.835,8.13,0,101313.79
TWB14,Uvalde_2020_02,29.60214,-99.73007,436.7784,6/28/21,p,2021,06/06/2021 22:35 CDT,96430,27.09,77.48,2.47,8.13,0,101321.31
TWB14,Uvalde_2020_02,29.60214,-99.73007,436.7784,6/28/21,p,2021,06/06/2021 22:40 CDT,96436,27.02,77.61,2.455,8.13,0,101329.11
TWB14,Uvalde_2020_02,29.60214,-99.73007,436.7784,6/28/21,p,2021,06/06/2021 22:45 CDT,96438,26.97,77.61,2.84,8.13,0,101331.88
TWB14,Uvalde_2020_02,29.60214,-99.73007,436.7784,6/28/21,p,2021,06/06/2021 22:50 CDT,96442,26.88,78.42,1.81,8.13,0.08,101336.91
TWB14,Uvalde_2020_02,29.60214,-99.73007,436.7784,6/28/21,p,2021,06/06/2021 22:55 CDT,96456,26.86,78.49,2.755,8.13,0,101352.79
TWB14,Uvalde_2020_02,29.60214,-99.73007,436.7784,6/28/21,p,2021,06/06/2021 23:00 CDT,96464,26.83,78.79,2.5,8.13,0,101361.36
TWB14,Uvalde_2020_02,29.60214,-99.73007,436.7784,6/28/21,p,2021,06/06/2021 23:05 CDT,96460,26.8,78.76,3.295,8.13,0,101357.66
TWB14,Uvalde_2020_02,29.60214,-99.73007,436.7784,6/28/21,p,2021,06/06/2021 23:10 CDT,96461,26.78,79.23,2.785,8.13,0,101358.7
TWB14,Uvalde_2020_02,29.60214,-99.73007,436.7784,6/28/21,p,2021,06/06/2021 23:15 CDT,96468,26.75,79.57,3.26,8.13,0,101366.56
TWB14,Uvalde_2020_02,29.60214,-99.73007,436.7784,6/28/21,p,2021,06/06/2021 23:20 CDT,96479,26.75,79.9,3.145,8.13,0,101377.95
TWB14,Uvalde_2020_02,29.60214,-99.73007,436.7784,6/28/21,p,2021,06/06/2021 23:25 CDT,96489,26.71,80.3,2.57,8.13,0,101389.12
TWB14,Uvalde_2020_02,29.60214,-99.73007,436.7784,6/28/21,p,2021,06/06/2021 23:30 CDT,96491,26.67,80.8,2.79,8.13,0,101391.72
TWB14,Uvalde_2020_02,29.60214,-99.73007,436.7784,6/28/21,p,2021,06/06/2021 23:35 CDT,96492,26.67,81.1,3.135,8.13,0,101392.77
TWB14,Uvalde_2020_02,29.60214,-99.73007,436.7784,6/28/21,p,2021,06/06/2021 23:40 CDT,96493,26.65,81.7,2.67,8.13,0.02,101393.98
TWB14,Uvalde_2020_02,29.60214,-99.73007,436.7784,6/28/21,p,2021,06/06/2021 23:45 CDT,96498,26.6,82.1,2.97,8.13,0,101400.23
TWB14,Uvalde_2020_02,29.60214,-99.73007,436.7784,6/28/21,p,2021,06/06/2021 23:50 CDT,96500,26.58,82.4,2.64,8.13,0.01,101402.67
TWB14,Uvalde_2020_02,29.60214,-99.73007,436.7784,6/28/21,p,2021,06/06/2021 23:55 CDT,96495,26.51,83.1,2.62,8.13,0.19,101398.07
TWB14,Uvalde_2020_02,29.60214,-99.73007,436.7784,6/28/21,p,2021,06/07/2021 00:00 CDT,96500,26.45,83.4,2.735,8.13,0.06,101404.33
TWB14,Uvalde_2020_02,29.60214,-99.73007,436.7784,6/28/21,p,2021,06/07/2021 00:05 CDT,96504,26.39,83.9,2.925,8.13,0.13,101409.53
TWB14,Uvalde_2020_02,29.60214,-99.73007,436.7784,6/28/21,p,2021,06/07/2021 00:10 CDT,96503,26.31,84.3,3.015,8.13,0,101409.99
TWB14,Uvalde_2020_02,29.60214,-99.73007,436.7784,6/28/21,p,2021,06/07/2021 00:15 CDT,96500,26.28,84.4,2.965,8.13,0,101407.67
TWB14,Uvalde_2020_02,29.60214,-99.73007,436.7784,6/28/21,p,2021,06/07/2021 00:20 CDT,96502,26.23,85,1.96,8.13,0.2,101410.11
TWB14,Uvalde_2020_02,29.60214,-99.73007,436.7784,6/28/21,p,2021,06/07/2021 00:25 CDT,96500,26.18,85.2,1.9,8.13,0.22,101408.67
TWB14,Uvalde_2020_02,29.60214,-99.73007,436.7784,6/28/21,p,2021,06/07/2021 00:30 CDT,96494,26.15,85.6,2.74,8.13,0.07,101402.87
TWB14,Uvalde_2020_02,29.60214,-99.73007,436.7784,6/28/21,p,2021,06/07/2021 00:35 CDT,96491,26.09,85.8,3.185,8.465,0.01,101400.89
TWB14,Uvalde_2020_02,29.60214,-99.73007,436.7784,6/28/21,p,2021,06/07/2021 00:40 CDT,96488,26.06,86.1,3.205,8.465,0.01,101398.4
TWB14,Uvalde_2020_02,29.60214,-99.73007,436.7784,6/28/21,p,2021,06/07/2021 00:45 CDT,96491,26.04,86.3,3.665,8.465,0,101401.89
TWB14,Uvalde_2020_02,29.60214,-99.73007,436.7784,6/28/21,p,2021,06/07/2021 00:50 CDT,96493,26.01,86.5,2.615,8.465,0.01,101404.66
TWB14,Uvalde_2020_02,29.60214,-99.73007,436.7784,6/28/21,p,2021,06/07/2021 00:55 CDT,96494,26,86.5,3.09,8.465,0,101406.05
TWB14,Uvalde_2020_02,29.60214,-99.73007,436.7784,6/28/21,p,2021,06/07/2021 01:00 CDT,96491,25.98,86.6,2.95,8.465,0,101403.06
TWB14,Uvalde_2020_02,29.60214,-99.73007,436.7784,6/28/21,p,2021,06/07/2021 01:05 CDT,96488,25.97,86.8,3.33,8.465,0,101399.91
TWB14,Uvalde_2020_02,29.60214,-99.73007,436.7784,6/28/21,p,2021,06/07/2021 01:10 CDT,96488,25.95,86.9,2.84,8.465,0,101400.08
TWB14,Uvalde_2020_02,29.60214,-99.73007,436.7784,6/28/21,p,2021,06/07/2021 01:15 CDT,96493,25.95,87,3.535,8.465,0,101405.5
TWB14,Uvalde_2020_02,29.60214,-99.73007,436.7784,6/28/21,p,2021,06/07/2021 01:20 CDT,96495,25.93,87.2,2.99,8.465,0,101407.93
TWB14,Uvalde_2020_02,29.60214,-99.73007,436.7784,6/28/21,p,2021,06/07/2021 01:25 CDT,96493,25.9,87.5,2.715,8.465,0.04,101406.17
TWB14,Uvalde_2020_02,29.60214,-99.73007,436.7784,6/28/21,p,2021,06/07/2021 01:30 CDT,96492,25.87,87.7,2.935,8.465,0,101405.45
TWB14,Uvalde_2020_02,29.60214,-99.73007,436.7784,6/28/21,p,2021,06/07/2021 01:35 CDT,96493,25.83,88,2.76,8.465,0.02,101407.34
TWB14,Uvalde_2020_02,29.60214,-99.73007,436.7784,6/28/21,p,2021,06/07/2021 01:40 CDT,96493,25.8,88.1,2.46,8.465,0.01,101407.67
TWB14,Uvalde_2020_02,29.60214,-99.73007,436.7784,6/28/21,p,2021,06/07/2021 01:45 CDT,96493,25.77,88.3,2.675,8.465,0,101408.35
TWB14,Uvalde_2020_02,29.60214,-99.73007,436.7784,6/28/21,p,2021,06/07/2021 01:50 CDT,96493,25.74,88.4,3.095,8.465,0,101409.02
TWB14,Uvalde_2020_02,29.60214,-99.73007,436.7784,6/28/21,p,2021,06/07/2021 01:55 CDT,96494,25.71,88.6,2.855,8.465,0,101410.57
TWB14,Uvalde_2020_02,29.60214,-99.73007,436.7784,6/28/21,p,2021,06/07/2021 02:00 CDT,96493,25.71,88.5,3.23,8.465,0,101409.69
TWB14,Uvalde_2020_02,29.60214,-99.73007,436.7784,6/28/21,p,2021,06/07/2021 02:05 CDT,96493,25.68,88.7,2.99,8.465,0.02,101409.86
TWB14,Uvalde_2020_02,29.60214,-99.73007,436.7784,6/28/21,p,2021,06/07/2021 02:10 CDT,96492,25.64,88.7,2.925,8.465,0.06,101409.31
TWB14,Uvalde_2020_02,29.60214,-99.73007,436.7784,6/28/21,p,2021,06/07/2021 02:15 CDT,96489,25.63,88.7,2.78,8.465,0,101406.49
TWB14,Uvalde_2020_02,29.60214,-99.73007,436.7784,6/28/21,p,2021,06/07/2021 02:20 CDT,96484,25.62,88.5,2.575,8.465,0,101401.41
TWB14,Uvalde_2020_02,29.60214,-99.73007,436.7784,6/28/21,p,2021,06/07/2021 02:25 CDT,96480,25.6,88.4,3.195,8.465,0,101397.54
TWB14,Uvalde_2020_02,29.60214,-99.73007,436.7784,6/28/21,p,2021,06/07/2021 02:30 CDT,96479,25.57,88.5,3.25,8.465,0,101397.17
TWB14,Uvalde_2020_02,29.60214,-99.73007,436.7784,6/28/21,p,2021,06/07/2021 02:35 CDT,96477,25.54,88.5,3.155,8.465,0.03,101395.23
TWB14,Uvalde_2020_02,29.60214,-99.73007,436.7784,6/28/21,p,2021,06/07/2021 02:40 CDT,96482,25.51,88.5,3.275,8.465,0,101401.33
TWB14,Uvalde_2020_02,29.60214,-99.73007,436.7784,6/28/21,p,2021,06/07/2021 02:45 CDT,96488,25.49,88.5,3.375,8.465,0,101407.97
TWB14,Uvalde_2020_02,29.60214,-99.73007,436.7784,6/28/21,p,2021,06/07/2021 02:50 CDT,96487,25.46,88.5,2.265,8.465,0,101407.6
TWB14,Uvalde_2020_02,29.60214,-99.73007,436.7784,6/28/21,p,2021,06/07/2021 02:55 CDT,96480,25.44,88.7,2.325,8.465,0.04,101400.41
TWB14,Uvalde_2020_02,29.60214,-99.73007,436.7784,6/28/21,p,2021,06/07/2021 03:00 CDT,96477,25.4,88.7,2.875,8.465,0.03,101397.59
TWB14,Uvalde_2020_02,29.60214,-99.73007,436.7784,6/28/21,p,2021,06/07/2021 03:05 CDT,96473,25.36,88.9,2.815,8.465,0.04,101394.23
TWB14,Uvalde_2020_02,29.60214,-99.73007,436.7784,6/28/21,p,2021,06/07/2021 03:10 CDT,96477,25.33,89.1,3.015,8.465,0.09,101398.6
TWB14,Uvalde_2020_02,29.60214,-99.73007,436.7784,6/28/21,p,2021,06/07/2021 03:15 CDT,96468,25.27,89.3,2.645,8.465,0.23,101390.15
TWB14,Uvalde_2020_02,29.60214,-99.73007,436.7784,6/28/21,p,2021,06/07/2021 03:20 CDT,96465,25.22,89.3,2.46,8.465,0.2,101388.01
TWB14,Uvalde_2020_02,29.60214,-99.73007,436.7784,6/28/21,p,2021,06/07/2021 03:25 CDT,96467,25.18,89.1,3.06,8.465,0.01,101390.96
TWB14,Uvalde_2020_02,29.60214,-99.73007,436.7784,6/28/21,p,2021,06/07/2021 03:30 CDT,96468,25.15,89.2,2.3,8.385,0,101392.51
TWB14,Uvalde_2020_02,29.60214,-99.73007,436.7784,6/28/21,p,2021,06/07/2021 03:35 CDT,96476,25.13,89.3,2.715,8.385,0.01,101401.09
TWB14,Uvalde_2020_02,29.60214,-99.73007,436.7784,6/28/21,p,2021,06/07/2021 03:40 CDT,96476,25.09,89.7,3.16,8.465,0.09,101401.59
TWB14,Uvalde_2020_02,29.60214,-99.73007,436.7784,6/28/21,p,2021,06/07/2021 03:45 CDT,96475,25.04,90,2.645,8.465,0.05,101401.39
TWB14,Uvalde_2020_02,29.60214,-99.73007,436.7784,6/28/21,p,2021,06/07/2021 03:50 CDT,96476,25,90.2,2.385,8.465,0,101403.11
TWB14,Uvalde_2020_02,29.60214,-99.73007,436.7784,6/28/21,p,2021,06/07/2021 03:55 CDT,96479,24.98,89.9,3.245,8.465,0,101406.77
TWB14,Uvalde_2020_02,29.60214,-99.73007,436.7784,6/28/21,p,2021,06/07/2021 04:00 CDT,96486,25.01,89.7,2.755,8.465,0,101414.13
TWB14,Uvalde_2020_02,29.60214,-99.73007,436.7784,6/28/21,p,2021,06/07/2021 04:05 CDT,96475,24.97,90.2,2.705,8.465,0.08,101402.74
TWB14,Uvalde_2020_02,29.60214,-99.73007,436.7784,6/28/21,p,2021,06/07/2021 04:10 CDT,96439,24.91,90.7,2.32,8.465,0.11,101365.91
TWB14,Uvalde_2020_02,29.60214,-99.73007,436.7784,6/28/21,p,2021,06/07/2021 04:15 CDT,96415,24.89,90.1,3.29,8.465,0,101341.53
TWB14,Uvalde_2020_02,29.60214,-99.73007,436.7784,6/28/21,p,2021,06/07/2021 04:20 CDT,96440,24.93,90,2.53,8.385,0,101367.47
TWB14,Uvalde_2020_02,29.60214,-99.73007,436.7784,6/28/21,p,2021,06/07/2021 04:25 CDT,96473,24.92,90.2,1.98,8.385,0,101401.99
TWB14,Uvalde_2020_02,29.60214,-99.73007,436.7784,6/28/21,p,2021,06/07/2021 04:30 CDT,96477,24.91,90.2,1.615,8.385,0,101406.19
TWB14,Uvalde_2020_02,29.60214,-99.73007,436.7784,6/28/21,p,2021,06/07/2021 04:35 CDT,96469,24.85,90.7,2.4,8.385,0.25,101398.29
TWB14,Uvalde_2020_02,29.60214,-99.73007,436.7784,6/28/21,p,2021,06/07/2021 04:40 CDT,96442,24.78,91.1,2.68,8.385,0.13,101370.75
TWB14,Uvalde_2020_02,29.60214,-99.73007,436.7784,6/28/21,p,2021,06/07/2021 04:45 CDT,96425,24.72,91.4,3.315,8.385,0.02,101353.89
TWB14,Uvalde_2020_02,29.60214,-99.73007,436.7784,6/28/21,p,2021,06/07/2021 04:50 CDT,96427,24.69,91.5,2.95,8.385,0,101357.01
TWB14,Uvalde_2020_02,29.60214,-99.73007,436.7784,6/28/21,p,2021,06/07/2021 04:55 CDT,96418,24.63,92,3.435,8.385,0.33,101348.22
TWB14,Uvalde_2020_02,29.60214,-99.73007,436.7784,6/28/21,p,2021,06/07/2021 05:00 CDT,96417,24.53,92.5,3.84,8.385,0.42,101348.69
TWB14,Uvalde_2020_02,29.60214,-99.73007,436.7784,6/28/21,p,2021,06/07/2021 05:05 CDT,96399,24.49,92.5,3.605,8.385,0.05,101330.62
TWB14,Uvalde_2020_02,29.60214,-99.73007,436.7784,6/28/21,p,2021,06/07/2021 05:10 CDT,96400,24.53,91.8,3.835,8.385,0,101331.85
TWB14,Uvalde_2020_02,29.60214,-99.73007,436.7784,6/28/21,p,2021,06/07/2021 05:15 CDT,96412,24.59,91.4,3.285,8.385,0,101343.79
TWB14,Uvalde_2020_02,29.60214,-99.73007,436.7784,6/28/21,p,2021,06/07/2021 05:20 CDT,96428,24.62,91.2,2.41,8.385,0,101360.1
TWB14,Uvalde_2020_02,29.60214,-99.73007,436.7784,6/28/21,p,2021,06/07/2021 05:25 CDT,96467,24.64,90.9,1.77,8.385,0,101400.42
TWB14,Uvalde_2020_02,29.60214,-99.73007,436.7784,6/28/21,p,2021,06/07/2021 05:30 CDT,96491,24.66,90.5,1.3,8.385,0,101425.48
TWB14,Uvalde_2020_02,29.60214,-99.73007,436.7784,6/28/21,p,2021,06/07/2021 05:35 CDT,96497,24.68,90.2,2.2,8.385,0,101431.45
TWB14,Uvalde_2020_02,29.60214,-99.73007,436.7784,6/28/21,p,2021,06/07/2021 05:40 CDT,96497,24.69,90.1,1.73,8.385,0,101430.94
TWB14,Uvalde_2020_02,29.60214,-99.73007,436.7784,6/28/21,p,2021,06/07/2021 05:45 CDT,96496,24.66,89.9,1.99,8.385,0,101430.4
TWB14,Uvalde_2020_02,29.60214,-99.73007,436.7784,6/28/21,p,2021,06/07/2021 05:50 CDT,96491,24.64,89.8,1.8,8.385,0,101425.65
TWB14,Uvalde_2020_02,29.60214,-99.73007,436.7784,6/28/21,p,2021,06/07/2021 05:55 CDT,96485,24.64,89.4,2.355,8.385,0,101419.52
TWB14,Uvalde_2020_02,29.60214,-99.73007,436.7784,6/28/21,p,2021,06/07/2021 06:00 CDT,96483,24.65,88.9,2.56,8.385,0,101417.25
TWB14,Uvalde_2020_02,29.60214,-99.73007,436.7784,6/28/21,p,2021,06/07/2021 06:05 CDT,96475,24.64,88.9,2.31,8.385,0,101408.84
TWB14,Uvalde_2020_02,29.60214,-99.73007,436.7784,6/28/21,p,2021,06/07/2021 06:10 CDT,96468,24.62,88.8,2.495,8.385,0,101401.83
TWB14,Uvalde_2020_02,29.60214,-99.73007,436.7784,6/28/21,p,2021,06/07/2021 06:15 CDT,96455,24.6,88.8,2.865,8.385,0,101388.67
TWB14,Uvalde_2020_02,29.60214,-99.73007,436.7784,6/28/21,p,2021,06/07/2021 06:20 CDT,96446,24.59,89,2.99,8.385,0,101379.21
TWB14,Uvalde_2020_02,29.60214,-99.73007,436.7784,6/28/21,p,2021,06/07/2021 06:25 CDT,96445,24.58,89,2.865,8.385,0,101378.33
TWB14,Uvalde_2020_02,29.60214,-99.73007,436.7784,6/28/21,p,2021,06/07/2021 06:30 CDT,96452,24.58,89.2,2.02,8.385,0.14,101385.68
TWB14,Uvalde_2020_02,29.60214,-99.73007,436.7784,6/28/21,p,2021,06/07/2021 06:35 CDT,96467,24.58,89.2,2.665,8.385,0.19,101401.62
TWB14,Uvalde_2020_02,29.60214,-99.73007,436.7784,6/28/21,p,2021,06/07/2021 06:40 CDT,96478,24.62,89,2.69,8.385,0.05,101412.67
TWB14,Uvalde_2020_02,29.60214,-99.73007,436.7784,6/28/21,p,2021,06/07/2021 06:45 CDT,96488,24.64,88.9,2.17,8.385,0.44,101422.68
TWB14,Uvalde_2020_02,29.60214,-99.73007,436.7784,6/28/21,p,2021,06/07/2021 06:50 CDT,96497,24.66,88.8,2.785,8.385,0.78,101431.97
TWB14,Uvalde_2020_02,29.60214,-99.73007,436.7784,6/28/21,p,2021,06/07/2021 06:55 CDT,96498,24.67,88.9,2.36,8.385,1.49,101432.85
TWB14,Uvalde_2020_02,29.60214,-99.73007,436.7784,6/28/21,p,2021,06/07/2021 07:00 CDT,96497,24.65,89,2.6,8.385,4.07,101431.8
TWB14,Uvalde_2020_02,29.60214,-99.73007,436.7784,6/28/21,p,2021,06/07/2021 07:05 CDT,96498,24.64,89.3,2.185,8.385,7.88,101433.02
TWB14,Uvalde_2020_02,29.60214,-99.73007,436.7784,6/28/21,p,2021,06/07/2021 07:10 CDT,96508,24.64,89.2,2.105,8.385,7.16,101443.53
TWB14,Uvalde_2020_02,29.60214,-99.73007,436.7784,6/28/21,p,2021,06/07/2021 07:15 CDT,96526,24.65,89,1.87,8.385,7.75,101462.45
TWB14,Uvalde_2020_02,29.60214,-99.73007,436.7784,6/28/21,p,2021,06/07/2021 07:20 CDT,96540,24.68,88.7,2.515,8.385,7.67,101477
TWB14,Uvalde_2020_02,29.60214,-99.73007,436.7784,6/28/21,p,2021,06/07/2021 07:25 CDT,96552,24.71,88.7,2.255,8.385,7.55,101488.77
TWB14,Uvalde_2020_02,29.60214,-99.73007,436.7784,6/28/21,p,2021,06/07/2021 07:30 CDT,96572,24.74,88.5,1.955,8.385,10.97,101509.28
TWB14,Uvalde_2020_02,29.60214,-99.73007,436.7784,6/28/21,p,2021,06/07/2021 07:35 CDT,96590,24.77,88.4,1.815,8.385,12.91,101527.52
TWB14,Uvalde_2020_02,29.60214,-99.73007,436.7784,6/28/21,p,2021,06/07/2021 07:40 CDT,96603,24.78,88.1,1.95,8.385,13.69,101541.02
TWB14,Uvalde_2020_02,29.60214,-99.73007,436.7784,6/28/21,p,2021,06/07/2021 07:45 CDT,96605,24.8,88.3,2.155,8.385,15.27,101542.95
TWB14,Uvalde_2020_02,29.60214,-99.73007,436.7784,6/28/21,p,2021,06/07/2021 07:50 CDT,96605,24.8,88.1,1.795,8.385,17.29,101542.62
TWB14,Uvalde_2020_02,29.60214,-99.73007,436.7784,6/28/21,p,2021,06/07/2021 07:55 CDT,96605,24.81,87.9,2.28,8.385,22.28,101542.45
TWB14,Uvalde_2020_02,29.60214,-99.73007,436.7784,6/28/21,p,2021,06/07/2021 08:00 CDT,96609,24.82,88,1.935,8.385,24.6,101546.48
TWB14,Uvalde_2020_02,29.60214,-99.73007,436.7784,6/28/21,p,2021,06/07/2021 08:05 CDT,96630,24.83,87.8,1.915,8.385,32.36,101568.39
TWB14,Uvalde_2020_02,29.60214,-99.73007,436.7784,6/28/21,p,2021,06/07/2021 08:10 CDT,96636,24.86,87.6,1.575,8.385,30.83,101574.53
TWB14,Uvalde_2020_02,29.60214,-99.73007,436.7784,6/28/21,p,2021,06/07/2021 08:15 CDT,96626,24.9,87.5,2.07,8.385,38.78,101563.34
TWB14,Uvalde_2020_02,29.60214,-99.73007,436.7784,6/28/21,p,2021,06/07/2021 08:20 CDT,96607,24.91,87.4,2.47,8.385,56.85,101543.03
TWB14,Uvalde_2020_02,29.60214,-99.73007,436.7784,6/28/21,p,2021,06/07/2021 08:25 CDT,96601,24.93,87.6,2.48,8.385,69.54,101536.21
TWB14,Uvalde_2020_02,29.60214,-99.73007,436.7784,6/28/21,p,2021,06/07/2021 08:30 CDT,96580,24.98,87.3,2.535,8.385,98.1,101513.13
TWB14,Uvalde_2020_02,29.60214,-99.73007,436.7784,6/28/21,p,2021,06/07/2021 08:35 CDT,96578,25.04,86.7,3.03,8.385,120.94,101510.01
TWB14,Uvalde_2020_02,29.60214,-99.73007,436.7784,6/28/21,p,2021,06/07/2021 08:40 CDT,96587,25.19,86.6,2.24,8.385,131.49,101517.61
TWB14,Uvalde_2020_02,29.60214,-99.73007,436.7784,6/28/21,p,2021,06/07/2021 08:45 CDT,96592,25.26,85.7,3.125,8.385,98.24,101520.68
TWB14,Uvalde_2020_02,29.60214,-99.73007,436.7784,6/28/21,p,2021,06/07/2021 08:50 CDT,96591,25.18,86.5,2.67,8.385,96.13,101520.63
TWB14,Uvalde_2020_02,29.60214,-99.73007,436.7784,6/28/21,p,2021,06/07/2021 08:55 CDT,96591,25.19,85.8,3.095,8.385,110,101520.47
TWB14,Uvalde_2020_02,29.60214,-99.73007,436.7784,6/28/21,p,2021,06/07/2021 09:00 CDT,96588,25.14,85.6,3.19,8.385,102.46,101518
TWB14,Uvalde_2020_02,29.60214,-99.73007,436.7784,6/28/21,p,2021,06/07/2021 09:05 CDT,96586,25.11,86.2,3.145,8.385,115.7,101516.4
TWB14,Uvalde_2020_02,29.60214,-99.73007,436.7784,6/28/21,p,2021,06/07/2021 09:10 CDT,96592,25.1,85.8,2.855,8.385,105.75,101522.87
TWB14,Uvalde_2020_02,29.60214,-99.73007,436.7784,6/28/21,p,2021,06/07/2021 09:15 CDT,96599,25.03,86,3.66,8.715,110.47,101530.74
TWB14,Uvalde_2020_02,29.60214,-99.73007,436.7784,6/28/21,p,2021,06/07/2021 09:20 CDT,96600,24.97,85.8,3.425,8.715,108.87,101533.31
TWB14,Uvalde_2020_02,29.60214,-99.73007,436.7784,6/28/21,p,2021,06/07/2021 09:25 CDT,96601,24.96,86.1,3.215,8.715,105.26,101534.7
TWB14,Uvalde_2020_02,29.60214,-99.73007,436.7784,6/28/21,p,2021,06/07/2021 09:30 CDT,96601,24.96,85.9,3.67,8.715,118.72,101534.7
TWB14,Uvalde_2020_02,29.60214,-99.73007,436.7784,6/28/21,p,2021,06/07/2021 09:35 CDT,96608,24.97,86.6,2.765,8.715,78.5,101541.88
TWB14,Uvalde_2020_02,29.60214,-99.73007,436.7784,6/28/21,p,2021,06/07/2021 09:40 CDT,96628,24.96,85.9,2.47,8.715,98.43,101563.08
TWB14,Uvalde_2020_02,29.60214,-99.73007,436.7784,6/28/21,p,2021,06/07/2021 09:45 CDT,96644,24.96,86,2.42,8.715,85.14,101579.9
TWB14,Uvalde_2020_02,29.60214,-99.73007,436.7784,6/28/21,p,2021,06/07/2021 09:50 CDT,96646,24.98,86.2,1.94,8.715,102.19,101581.83
TWB14,Uvalde_2020_02,29.60214,-99.73007,436.7784,6/28/21,p,2021,06/07/2021 09:55 CDT,96646,25.04,85.7,2.455,8.715,76.79,101580.65
TWB14,Uvalde_2020_02,29.60214,-99.73007,436.7784,6/28/21,p,2021,06/07/2021 10:00 CDT,96637,25.06,86,2.265,8.715,139.17,101571.02
TWB14,Uvalde_2020_02,29.60214,-99.73007,436.7784,6/28/21,p,2021,06/07/2021 10:05 CDT,96628,25.21,84.8,2.16,8.715,158.41,101559.54
TWB14,Uvalde_2020_02,29.60214,-99.73007,436.7784,6/28/21,p,2021,06/07/2021 10:10 CDT,96638,25.29,85.2,2.165,8.715,150.87,101567.85
TWB14,Uvalde_2020_02,29.60214,-99.73007,436.7784,6/28/21,p,2021,06/07/2021 10:15 CDT,96650,25.33,85.4,1.755,8.715,104.67,101579.44
TWB14,Uvalde_2020_02,29.60214,-99.73007,436.7784,6/28/21,p,2021,06/07/2021 10:20 CDT,96650,25.25,85.6,2.11,8.715,103.96,101579.78
TWB14,Uvalde_2020_02,29.60214,-99.73007,436.7784,6/28/21,p,2021,06/07/2021 10:25 CDT,96642,25.11,85.8,2.985,8.715,172.37,101574.07
TWB14,Uvalde_2020_02,29.60214,-99.73007,436.7784,6/28/21,p,2021,06/07/2021 10:30 CDT,96640,25.08,86.3,3.055,8.715,156.66,101572.81
TWB14,Uvalde_2020_02,29.60214,-99.73007,436.7784,6/28/21,p,2021,06/07/2021 10:35 CDT,96652,25.07,86,2.195,8.715,121.13,101585.6
TWB14,Uvalde_2020_02,29.60214,-99.73007,436.7784,6/28/21,p,2021,06/07/2021 10:40 CDT,96655,25.08,85.8,2.405,8.715,156.31,101589.09
TWB14,Uvalde_2020_02,29.60214,-99.73007,436.7784,6/28/21,p,2021,06/07/2021 10:45 CDT,96653,25.19,86,2.25,8.715,171.21,101585.3
TWB14,Uvalde_2020_02,29.60214,-99.73007,436.7784,6/28/21,p,2021,06/07/2021 10:50 CDT,96653,25.31,85.5,1.855,8.715,170.91,101582.76
TWB14,Uvalde_2020_02,29.60214,-99.73007,436.7784,6/28/21,p,2021,06/07/2021 10:55 CDT,96653,25.31,86.1,2.2,8.715,187.64,101582.42
TWB14,Uvalde_2020_02,29.60214,-99.73007,436.7784,6/28/21,p,2021,06/07/2021 11:00 CDT,96653,25.38,85.5,2.35,8.715,171.11,101580.74
TWB14,Uvalde_2020_02,29.60214,-99.73007,436.7784,6/28/21,p,2021,06/07/2021 11:05 CDT,96656,25.34,86.6,1.86,8.715,204.8,101585.23
TWB14,Uvalde_2020_02,29.60214,-99.73007,436.7784,6/28/21,p,2021,06/07/2021 11:10 CDT,96665,25.47,85.1,2.02,8.715,218.1,101592
TWB14,Uvalde_2020_02,29.60214,-99.73007,436.7784,6/28/21,p,2021,06/07/2021 11:15 CDT,96670,25.44,85.5,1.87,8.715,189.78,101597.25
TWB14,Uvalde_2020_02,29.60214,-99.73007,436.7784,6/28/21,p,2021,06/07/2021 11:20 CDT,96679,25.44,86.6,1.48,8.715,150.74,101606.87
TWB14,Uvalde_2020_02,29.60214,-99.73007,436.7784,6/28/21,p,2021,06/07/2021 11:25 CDT,96680,25.41,86.5,1.915,8.715,180.93,101608.43
TWB14,Uvalde_2020_02,29.60214,-99.73007,436.7784,6/28/21,p,2021,06/07/2021 11:30 CDT,96701,25.4,86.6,1.73,8.715,119.63,101631.01
TWB14,Uvalde_2020_02,29.60214,-99.73007,436.7784,6/28/21,p,2021,06/07/2021 11:35 CDT,96705,25.26,87.2,1.66,8.715,155.05,101637.06
TWB14,Uvalde_2020_02,29.60214,-99.73007,436.7784,6/28/21,p,2021,06/07/2021 11:40 CDT,96701,25.46,86.1,1.305,8.715,217.17,101630.5
TWB14,Uvalde_2020_02,29.60214,-99.73007,436.7784,6/28/21,p,2021,06/07/2021 11:45 CDT,96700,25.55,87.2,1.67,8.715,249.18,101627.25
TWB14,Uvalde_2020_02,29.60214,-99.73007,436.7784,6/28/21,p,2021,06/07/2021 11:50 CDT,96701,25.77,85.6,1.75,8.715,303.85,101624.94
TWB14,Uvalde_2020_02,29.60214,-99.73007,436.7784,6/28/21,p,2021,06/07/2021 11:55 CDT,96703,25.76,84.5,2.005,8.715,214.07,101626.04
TWB14,Uvalde_2020_02,29.60214,-99.73007,436.7784,6/28/21,p,2021,06/07/2021 12:00 CDT,96704,25.77,84.8,2.375,8.715,281.67,101626.92
TWB14,Uvalde_2020_02,29.60214,-99.73007,436.7784,6/28/21,p,2021,06/07/2021 12:05 CDT,96702,25.98,84.5,1.825,8.715,224.19,101622.81
TWB14,Uvalde_2020_02,29.60214,-99.73007,436.7784,6/28/21,p,2021,06/07/2021 12:10 CDT,96696,26.05,84.2,2.025,8.715,249.03,101613.98
TWB14,Uvalde_2020_02,29.60214,-99.73007,436.7784,6/28/21,p,2021,06/07/2021 12:15 CDT,96688,26.02,83.3,2.01,8.715,281.42,101605.41
TWB14,Uvalde_2020_02,29.60214,-99.73007,436.7784,6/28/21,p,2021,06/07/2021 12:20 CDT,96678,26,84.2,2.465,8.715,298.41,101595.23
TWB14,Uvalde_2020_02,29.60214,-99.73007,436.7784,6/28/21,p,2021,06/07/2021 12:25 CDT,96674,26.26,82.6,2.075,8.715,325.92,101589.36
TWB14,Uvalde_2020_02,29.60214,-99.73007,436.7784,6/28/21,p,2021,06/07/2021 12:30 CDT,96668,26.61,81.3,2.195,8.715,370.21,101577.03
TWB14,Uvalde_2020_02,29.60214,-99.73007,436.7784,6/28/21,p,2021,06/07/2021 12:35 CDT,96653,26.71,79.35,2.505,8.715,356.14,101557.94
TWB14,Uvalde_2020_02,29.60214,-99.73007,436.7784,6/28/21,p,2021,06/07/2021 12:40 CDT,96646,26.59,80.2,2.62,8.715,396.3,101551.92
TWB14,Uvalde_2020_02,29.60214,-99.73007,436.7784,6/28/21,p,2021,06/07/2021 12:45 CDT,96643,26.69,80.9,2.135,8.715,368.72,101546.92
TWB14,Uvalde_2020_02,29.60214,-99.73007,436.7784,6/28/21,p,2021,06/07/2021 12:50 CDT,96645,26.8,80.4,1.98,8.715,320.18,101547.02
TWB14,Uvalde_2020_02,29.60214,-99.73007,436.7784,6/28/21,p,2021,06/07/2021 12:55 CDT,96659,26.81,80.2,1.89,8.715,276.54,101561.06
TWB14,Uvalde_2020_02,29.60214,-99.73007,436.7784,6/28/21,p,2021,06/07/2021 13:00 CDT,96674,26.74,80.3,1.485,8.715,203.99,101577.83
TWB14,Uvalde_2020_02,29.60214,-99.73007,436.7784,6/28/21,p,2021,06/07/2021 13:05 CDT,96674,26.59,80.7,1.6,8.715,172.18,101580.33
TWB14,Uvalde_2020_02,29.60214,-99.73007,436.7784,6/28/21,p,2021,06/07/2021 13:10 CDT,96660,26.52,80.2,1.87,8.715,248.12,101567.63
TWB14,Uvalde_2020_02,29.60214,-99.73007,436.7784,6/28/21,p,2021,06/07/2021 13:15 CDT,96651,26.65,79.06,1.33,8.715,305.99,101557.01
TWB14,Uvalde_2020_02,29.60214,-99.73007,436.7784,6/28/21,p,2021,06/07/2021 13:20 CDT,96650,26.79,82.5,1.105,8.715,259.95,101553.59
TWB14,Uvalde_2020_02,29.60214,-99.73007,436.7784,6/28/21,p,2021,06/07/2021 13:25 CDT,96662,26.96,77.98,1.045,8.715,187.8,101563.74
TWB14,Uvalde_2020_02,29.60214,-99.73007,436.7784,6/28/21,p,2021,06/07/2021 13:30 CDT,96662,26.99,77.61,0.69,8.715,194.12,101563.57
TWB14,Uvalde_2020_02,29.60214,-99.73007,436.7784,6/28/21,p,2021,06/07/2021 13:35 CDT,96659,27.12,76.23,0.72,8.715,221.44,101558.43
TWB14,Uvalde_2020_02,29.60214,-99.73007,436.7784,6/28/21,p,2021,06/07/2021 13:40 CDT,96653,27.19,77.84,0.845,8.715,201.19,101550.44
TWB14,Uvalde_2020_02,29.60214,-99.73007,436.7784,6/28/21,p,2021,06/07/2021 13:45 CDT,96646,27.2,77.74,1.285,8.715,219.76,101542.76
TWB14,Uvalde_2020_02,29.60214,-99.73007,436.7784,6/28/21,p,2021,06/07/2021 13:50 CDT,96645,27.21,77.17,0.99,8.715,191.71,101541.54
TWB14,Uvalde_2020_02,29.60214,-99.73007,436.7784,6/28/21,p,2021,06/07/2021 13:55 CDT,96638,27.32,75.92,0.75,8.715,192.05,101532.53
TWB14,Uvalde_2020_02,29.60214,-99.73007,436.7784,6/28/21,p,2021,06/07/2021 14:00 CDT,96634,27.48,74.84,1.145,8.715,205.25,101525.85
TWB14,Uvalde_2020_02,29.60214,-99.73007,436.7784,6/28/21,p,2021,06/07/2021 14:05 CDT,96634,27.59,75.45,0.63,8.715,212.7,101524.84
TWB14,Uvalde_2020_02,29.60214,-99.73007,436.7784,6/28/21,p,2021,06/07/2021 14:10 CDT,96627,27.7,77.07,1.31,8.715,274.9,101515.14
TWB14,Uvalde_2020_02,29.60214,-99.73007,436.7784,6/28/21,p,2021,06/07/2021 14:15 CDT,96609,27.78,74.95,1.77,8.715,351.99,101494.26
TWB14,Uvalde_2020_02,29.60214,-99.73007,436.7784,6/28/21,p,2021,06/07/2021 14:20 CDT,96608,28.16,72.12,1.39,8.715,397.56,101488.43
TWB14,Uvalde_2020_02,29.60214,-99.73007,436.7784,6/28/21,p,2021,06/07/2021 14:25 CDT,96610,28.3,71.17,1.38,8.715,400.77,101486.74
TWB14,Uvalde_2020_02,29.60214,-99.73007,436.7784,6/28/21,p,2021,06/07/2021 14:30 CDT,96607,28.3,75.55,1.085,8.715,429.06,101482.22
TWB14,Uvalde_2020_02,29.60214,-99.73007,436.7784,6/28/21,p,2021,06/07/2021 14:35 CDT,96606,28.68,69.96,1.75,8.715,437.82,101476.6
TWB14,Uvalde_2020_02,29.60214,-99.73007,436.7784,6/28/21,p,2021,06/07/2021 14:40 CDT,96607,28.74,72.69,1.305,8.715,377.21,101475.48
TWB14,Uvalde_2020_02,29.60214,-99.73007,436.7784,6/28/21,p,2021,06/07/2021 14:45 CDT,96608,28.72,70.23,1.925,8.715,277.2,101476.88
TWB14,Uvalde_2020_02,29.60214,-99.73007,436.7784,6/28/21,p,2021,06/07/2021 14:50 CDT,96609,28.51,70.22,1.87,8.715,248.46,101481.4
TWB14,Uvalde_2020_02,29.60214,-99.73007,436.7784,6/28/21,p,2021,06/07/2021 14:55 CDT,96602,28.39,72.98,2.74,8.715,274.26,101476.16
TWB14,Uvalde_2020_02,29.60214,-99.73007,436.7784,6/28/21,p,2021,06/07/2021 15:00 CDT,96597,28.4,71.77,1.7,8.715,266.79,101472.58
TWB14,Uvalde_2020_02,29.60214,-99.73007,436.7784,6/28/21,p,2021,06/07/2021 15:05 CDT,96590,28.6,73.86,1.405,8.715,550.18,101462.39
TWB14,Uvalde_2020_02,29.60214,-99.73007,436.7784,6/28/21,p,2021,06/07/2021 15:10 CDT,96579,29.11,70.39,1.985,8.715,507.05,101442.63
TWB14,Uvalde_2020_02,29.60214,-99.73007,436.7784,6/28/21,p,2021,06/07/2021 15:15 CDT,96576,29.18,71.63,1.775,8.715,486.21,101436.67
TWB14,Uvalde_2020_02,29.60214,-99.73007,436.7784,6/28/21,p,2021,06/07/2021 15:20 CDT,96580,29.32,67.93,2.035,8.715,578.49,101437.79
TWB14,Uvalde_2020_02,29.60214,-99.73007,436.7784,6/28/21,p,2021,06/07/2021 15:25 CDT,96586,29.45,69.14,1.47,8.715,688.88,101442.11
TWB14,Uvalde_2020_02,29.60214,-99.73007,436.7784,6/28/21,p,2021,06/07/2021 15:30 CDT,96588,29.7,65.57,1.85,8.715,414.71,101439.17
TWB14,Uvalde_2020_02,29.60214,-99.73007,436.7784,6/28/21,p,2021,06/07/2021 15:35 CDT,96589,29.43,67.15,2.615,8.715,368.63,101442.17
TWB14,Uvalde_2020_02,29.60214,-99.73007,436.7784,6/28/21,p,2021,06/07/2021 15:40 CDT,96580,29.26,66.88,1.835,8.715,493.71,101436.16
TWB14,Uvalde_2020_02,29.60214,-99.73007,436.7784,6/28/21,p,2021,06/07/2021 15:45 CDT,96574,29.59,68.26,1.32,8.715,548.94,101427.88
TWB14,Uvalde_2020_02,29.60214,-99.73007,436.7784,6/28/21,p,2021,06/07/2021 15:50 CDT,96573,30.1,65.06,1.62,8.715,734.19,101420.15
TWB14,Uvalde_2020_02,29.60214,-99.73007,436.7784,6/28/21,p,2021,06/07/2021 15:55 CDT,96572,30.27,63.21,2.08,8.715,465.17,101413.57
TWB14,Uvalde_2020_02,29.60214,-99.73007,436.7784,6/28/21,p,2021,06/07/2021 16:00 CDT,96570,29.97,67.28,1.9,8.715,588.11,101414.69
TWB14,Uvalde_2020_02,29.60214,-99.73007,436.7784,6/28/21,p,2021,06/07/2021 16:05 CDT,96566,30.35,61.56,1.775,8.715,652.48,101405.66
TWB14,Uvalde_2020_02,29.60214,-99.73007,436.7784,6/28/21,p,2021,06/07/2021 16:10 CDT,96559,30.47,67.11,1.67,8.715,678.53,101396.13
TWB14,Uvalde_2020_02,29.60214,-99.73007,436.7784,6/28/21,p,2021,06/07/2021 16:15 CDT,96560,30.45,65.59,2.57,8.715,474.74,101395.08
TWB14,Uvalde_2020_02,29.60214,-99.73007,436.7784,6/28/21,p,2021,06/07/2021 16:20 CDT,96561,30.01,66.71,1.755,8.715,482.51,101402.31
TWB14,Uvalde_2020_02,29.60214,-99.73007,436.7784,6/28/21,p,2021,06/07/2021 16:25 CDT,96547,30.43,65.96,1.56,8.715,647.05,101384.68
TWB14,Uvalde_2020_02,29.60214,-99.73007,436.7784,6/28/21,p,2021,06/07/2021 16:30 CDT,96537,30.62,61.12,2.04,8.715,597.73,101370.49
TWB14,Uvalde_2020_02,29.60214,-99.73007,436.7784,6/28/21,p,2021,06/07/2021 16:35 CDT,96529,30.55,61.15,2.555,8.715,569.92,101362.58
TWB14,Uvalde_2020_02,29.60214,-99.73007,436.7784,6/28/21,p,2021,06/07/2021 16:40 CDT,96517,30.52,62.29,2.49,8.715,595.7,101351.43
TWB14,Uvalde_2020_02,29.60214,-99.73007,436.7784,6/28/21,p,2021,06/07/2021 16:45 CDT,96519,30.77,61.62,2.39,8.715,421.48,101350.45
TWB14,Uvalde_2020_02,29.60214,-99.73007,436.7784,6/28/21,p,2021,06/07/2021 16:50 CDT,96529,30.32,64.48,2.315,8.715,238.59,101365.31
TWB14,Uvalde_2020_02,29.60214,-99.73007,436.7784,6/28/21,p,2021,06/07/2021 16:55 CDT,96526,30.28,63.47,1.64,8.715,517.37,101365.75
TWB14,Uvalde_2020_02,29.60214,-99.73007,436.7784,6/28/21,p,2021,06/07/2021 17:00 CDT,96518,30.8,64.28,1.775,8.715,541,101350.99
TWB14,Uvalde_2020_02,29.60214,-99.73007,436.7784,6/28/21,p,2021,06/07/2021 17:05 CDT,96515,31.08,62.76,2.34,8.715,563.75,101342.66
TWB14,Uvalde_2020_02,29.60214,-99.73007,436.7784,6/28/21,p,2021,06/07/2021 17:10 CDT,96518,30.77,64.58,2.695,8.715,204.83,101348.22
TWB14,Uvalde_2020_02,29.60214,-99.73007,436.7784,6/28/21,p,2021,06/07/2021 17:15 CDT,96519,30.42,65.18,2.18,8.715,381.5,101355.77
TWB14,Uvalde_2020_02,29.60214,-99.73007,436.7784,6/28/21,p,2021,06/07/2021 17:20 CDT,96515,30.76,62.25,2.305,8.715,461.71,101347.7
TWB14,Uvalde_2020_02,29.60214,-99.73007,436.7784,6/28/21,p,2021,06/07/2021 17:25 CDT,96511,30.89,62.19,1.965,8.715,488.09,101340.58
TWB14,Uvalde_2020_02,29.60214,-99.73007,436.7784,6/28/21,p,2021,06/07/2021 17:30 CDT,96515,30.65,62.79,3.025,8.715,242.96,101346.23
TWB14,Uvalde_2020_02,29.60214,-99.73007,436.7784,6/28/21,p,2021,06/07/2021 17:35 CDT,96516,30.21,64.75,2.35,8.715,142.75,101355.72
TWB14,Uvalde_2020_02,29.60214,-99.73007,436.7784,6/28/21,p,2021,06/07/2021 17:40 CDT,96507,30,64.85,1.995,8.715,237.7,101351.17
TWB14,Uvalde_2020_02,29.60214,-99.73007,436.7784,6/28/21,p,2021,06/07/2021 17:45 CDT,96494,30.28,63.67,1.75,8.715,365.17,101335.08
TWB14,Uvalde_2020_02,29.60214,-99.73007,436.7784,6/28/21,p,2021,06/07/2021 17:50 CDT,96488,30.74,63.17,2.59,8.715,421.58,101322.1
TWB14,Uvalde_2020_02,29.60214,-99.73007,436.7784,6/28/21,p,2021,06/07/2021 17:55 CDT,96487,30.76,65.42,2.985,8.715,221.31,101318.1
TWB14,Uvalde_2020_02,29.60214,-99.73007,436.7784,6/28/21,p,2021,06/07/2021 18:00 CDT,96488,30.24,64.01,2.52,8.715,214.14,101326.49
TWB14,Uvalde_2020_02,29.60214,-99.73007,436.7784,6/28/21,p,2021,06/07/2021 18:05 CDT,96490,30.33,65.32,2.04,8.715,338.41,101329.39
TWB14,Uvalde_2020_02,29.60214,-99.73007,436.7784,6/28/21,p,2021,06/07/2021 18:10 CDT,96488,30.65,65.9,1.89,8.715,269.08,101322.4
TWB14,Uvalde_2020_02,29.60214,-99.73007,436.7784,6/28/21,p,2021,06/07/2021 18:15 CDT,96478,30.58,63.54,2.325,8.715,236.46,101311.11
TWB14,Uvalde_2020_02,29.60214,-99.73007,436.7784,6/28/21,p,2021,06/07/2021 18:20 CDT,96480,30.51,65.22,2.325,8.715,230.71,101315.31
TWB14,Uvalde_2020_02,29.60214,-99.73007,436.7784,6/28/21,p,2021,06/07/2021 18:25 CDT,96487,30.48,65.42,2.07,8.715,189.46,101323.47
TWB14,Uvalde_2020_02,29.60214,-99.73007,436.7784,6/28/21,p,2021,06/07/2021 18:30 CDT,96487,30.41,65.96,2.48,8.715,224.19,101324.6
TWB14,Uvalde_2020_02,29.60214,-99.73007,436.7784,6/28/21,p,2021,06/07/2021 18:35 CDT,96488,30.31,63.95,2.505,8.715,150.73,101327.31
TWB14,Uvalde_2020_02,29.60214,-99.73007,436.7784,6/28/21,p,2021,06/07/2021 18:40 CDT,96488,30.1,66.71,1.95,8.715,148.26,101330.21
TWB14,Uvalde_2020_02,29.60214,-99.73007,436.7784,6/28/21,p,2021,06/07/2021 18:45 CDT,96480,29.98,67.55,1.835,8.715,165.73,101324.25
TWB14,Uvalde_2020_02,29.60214,-99.73007,436.7784,6/28/21,p,2021,06/07/2021 18:50 CDT,96477,30.1,67.45,2.225,8.715,218.27,101320.12
TWB14,Uvalde_2020_02,29.60214,-99.73007,436.7784,6/28/21,p,2021,06/07/2021 18:55 CDT,96476,30.11,70.07,2.365,8.715,209.97,101318.06
TWB14,Uvalde_2020_02,29.60214,-99.73007,436.7784,6/28/21,p,2021,06/07/2021 19:00 CDT,96475,30.06,67.85,2.57,8.715,187.35,101317.69
TWB14,Uvalde_2020_02,29.60214,-99.73007,436.7784,6/28/21,p,2021,06/07/2021 19:05 CDT,96475,29.92,69.33,2.215,8.715,181.42,101320.29
TWB14,Uvalde_2020_02,29.60214,-99.73007,436.7784,6/28/21,p,2021,06/07/2021 19:10 CDT,96477,29.92,68.5,2.6,8.715,177.26,101322.56
TWB14,Uvalde_2020_02,29.60214,-99.73007,436.7784,6/28/21,p,2021,06/07/2021 19:15 CDT,96479,29.88,70.01,2.085,8.715,158.93,101325.14
TWB14,Uvalde_2020_02,29.60214,-99.73007,436.7784,6/28/21,p,2021,06/07/2021 19:20 CDT,96483,29.84,68.43,2.62,8.715,111.32,101329.85
TWB14,Uvalde_2020_02,29.60214,-99.73007,436.7784,6/28/21,p,2021,06/07/2021 19:25 CDT,96492,29.67,69.61,2.675,8.715,92.32,101341.9
TWB14,Uvalde_2020_02,29.60214,-99.73007,436.7784,6/28/21,p,2021,06/07/2021 19:30 CDT,96494,29.49,68.97,2.755,8.715,71.66,101347.29
TWB14,Uvalde_2020_02,29.60214,-99.73007,436.7784,6/28/21,p,2021,06/07/2021 19:35 CDT,96495,29.32,70.45,2.46,8.715,68.31,101351.28
TWB14,Uvalde_2020_02,29.60214,-99.73007,436.7784,6/28/21,p,2021,06/07/2021 19:40 CDT,96506,29.24,69.95,2.685,8.715,80.16,101364.81
TWB14,Uvalde_2020_02,29.60214,-99.73007,436.7784,6/28/21,p,2021,06/07/2021 19:45 CDT,96519,29.23,71.2,2.55,8.715,78.78,101379.27
TWB14,Uvalde_2020_02,29.60214,-99.73007,436.7784,6/28/21,p,2021,06/07/2021 19:50 CDT,96522,29.21,70.76,2.22,8.715,72.53,101382.92
TWB14,Uvalde_2020_02,29.60214,-99.73007,436.7784,6/28/21,p,2021,06/07/2021 19:55 CDT,96528,29.18,72.37,1.595,8.715,67.9,101389.37
TWB14,Uvalde_2020_02,29.60214,-99.73007,436.7784,6/28/21,p,2021,06/07/2021 20:00 CDT,96539,29.13,71.7,2.06,8.715,62.56,101401.75
TWB14,Uvalde_2020_02,29.60214,-99.73007,436.7784,6/28/21,p,2021,06/07/2021 20:05 CDT,96546,29.1,72.18,2.275,8.715,52.91,101409.43
TWB14,Uvalde_2020_02,29.60214,-99.73007,436.7784,6/28/21,p,2021,06/07/2021 20:10 CDT,96551,29.02,72.18,2.03,8.715,43.18,101415.84
TWB14,Uvalde_2020_02,29.60214,-99.73007,436.7784,6/28/21,p,2021,06/07/2021 20:15 CDT,96551,28.92,72.59,1.885,8.715,35.43,101417.64
TWB14,Uvalde_2020_02,29.60214,-99.73007,436.7784,6/28/21,p,2021,06/07/2021 20:20 CDT,96553,28.83,73.33,1.64,8.715,26.6,101421.06
TWB14,Uvalde_2020_02,29.60214,-99.73007,436.7784,6/28/21,p,2021,06/07/2021 20:25 CDT,96554,28.7,73.67,1.53,8.715,18.8,101423.92
TWB14,Uvalde_2020_02,29.60214,-99.73007,436.7784,6/28/21,p,2021,06/07/2021 20:30 CDT,96555,28.59,74.27,1.545,8.715,11.83,101426.78
TWB14,Uvalde_2020_02,29.60214,-99.73007,436.7784,6/28/21,p,2021,06/07/2021 20:35 CDT,96555,28.51,74.68,1.73,8.715,7.87,101428.1
TWB14,Uvalde_2020_02,29.60214,-99.73007,436.7784,6/28/21,p,2021,06/07/2021 20:40 CDT,96556,28.4,75.49,1.625,8.715,5.68,101430.96
TWB14,Uvalde_2020_02,29.60214,-99.73007,436.7784,6/28/21,p,2021,06/07/2021 20:45 CDT,96556,28.37,75.35,1.72,8.715,3.63,101432.45
TWB14,Uvalde_2020_02,29.60214,-99.73007,436.7784,6/28/21,p,2021,06/07/2021 20:50 CDT,96557,28.38,75.69,1.71,8.715,1.38,101433.33
TWB14,Uvalde_2020_02,29.60214,-99.73007,436.7784,6/28/21,p,2021,06/07/2021 20:55 CDT,96559,28.31,76.24,1.53,8.715,0.08,101436.09
TWB14,Uvalde_2020_02,29.60214,-99.73007,436.7784,6/28/21,p,2021,06/07/2021 21:00 CDT,96560,28.26,75.83,1.505,8.715,0,101437.97
TWB14,Uvalde_2020_02,29.60214,-99.73007,436.7784,6/28/21,p,2021,06/07/2021 21:05 CDT,96565,28.27,76.04,1.845,8.715,0,101443.22
TWB14,Uvalde_2020_02,29.60214,-99.73007,436.7784,6/28/21,p,2021,06/07/2021 21:10 CDT,96582,28.25,76.31,1.865,8.715,0,101461.41
TWB14,Uvalde_2020_02,29.60214,-99.73007,436.7784,6/28/21,p,2021,06/07/2021 21:15 CDT,96589,28.26,76.51,1.925,8.715,0.02,101468.92
TWB14,Uvalde_2020_02,29.60214,-99.73007,436.7784,6/28/21,p,2021,06/07/2021 21:20 CDT,96590,28.24,76.59,2.235,8.715,0.05,101470.14
TWB14,Uvalde_2020_02,29.60214,-99.73007,436.7784,6/28/21,p,2021,06/07/2021 21:25 CDT,96584,28.15,76.99,1.83,8.715,0.01,101465.16
TWB14,Uvalde_2020_02,29.60214,-99.73007,436.7784,6/28/21,p,2021,06/07/2021 21:30 CDT,96579,28.14,76.79,2.26,8.715,0,101460.57
TWB14,Uvalde_2020_02,29.60214,-99.73007,436.7784,6/28/21,p,2021,06/07/2021 21:35 CDT,96577,28.1,77.13,2.35,8.715,0,101458.96
TWB14,Uvalde_2020_02,29.60214,-99.73007,436.7784,6/28/21,p,2021,06/07/2021 21:40 CDT,96585,28.06,77.13,2.735,8.715,0,101468.36
TWB14,Uvalde_2020_02,29.60214,-99.73007,436.7784,6/28/21,p,2021,06/07/2021 21:45 CDT,96594,28.04,77.53,2.41,8.715,0,101477.98
TWB14,Uvalde_2020_02,29.60214,-99.73007,436.7784,6/28/21,p,2021,06/07/2021 21:50 CDT,96608,28.01,78.34,2.085,8.715,0,101492.85
TWB14,Uvalde_2020_02,29.60214,-99.73007,436.7784,6/28/21,p,2021,06/07/2021 21:55 CDT,96616,27.96,79.01,1.995,8.715,0,101501.91
TWB14,Uvalde_2020_02,29.60214,-99.73007,436.7784,6/28/21,p,2021,06/07/2021 22:00 CDT,96619,27.92,79.62,2.185,8.715,0,101505.55
TWB14,Uvalde_2020_02,29.60214,-99.73007,436.7784,6/28/21,p,2021,06/07/2021 22:05 CDT,96619,27.89,80.3,3.395,8.715,0,101506.21
TWB14,Uvalde_2020_02,29.60214,-99.73007,436.7784,6/28/21,p,2021,06/07/2021 22:10 CDT,96626,27.86,80.9,3.13,8.13,0,101513.72
TWB14,Uvalde_2020_02,29.60214,-99.73007,436.7784,6/28/21,p,2021,06/07/2021 22:15 CDT,96638,27.79,81.4,2.995,8.13,0.02,101527.32
TWB14,Uvalde_2020_02,29.60214,-99.73007,436.7784,6/28/21,p,2021,06/07/2021 22:20 CDT,96646,27.71,82,3.025,8.13,0,101537.05
TWB14,Uvalde_2020_02,29.60214,-99.73007,436.7784,6/28/21,p,2021,06/07/2021 22:25 CDT,96647,27.65,82.4,2.585,8.13,0,101538.93
TWB14,Uvalde_2020_02,29.60214,-99.73007,436.7784,6/28/21,p,2021,06/07/2021 22:30 CDT,96647,27.59,82.9,2.475,8.13,0.02,101539.76
TWB14,Uvalde_2020_02,29.60214,-99.73007,436.7784,6/28/21,p,2021,06/07/2021 22:35 CDT,96647,27.55,83.4,3.135,8.13,0.05,101540.42
TWB14,Uvalde_2020_02,29.60214,-99.73007,436.7784,6/28/21,p,2021,06/07/2021 22:40 CDT,96649,27.52,83.6,3.16,8.13,0,101543.35
TWB14,Uvalde_2020_02,29.60214,-99.73007,436.7784,6/28/21,p,2021,06/07/2021 22:45 CDT,96657,27.5,83.9,3.415,8.13,0,101551.92
TWB14,Uvalde_2020_02,29.60214,-99.73007,436.7784,6/28/21,p,2021,06/07/2021 22:50 CDT,96665,27.46,84.2,3.615,8.13,0,101561.16
TWB14,Uvalde_2020_02,29.60214,-99.73007,436.7784,6/28/21,p,2021,06/07/2021 22:55 CDT,96681,27.42,84.5,2.15,8.13,0,101578.63
TWB14,Uvalde_2020_02,29.60214,-99.73007,436.7784,6/28/21,p,2021,06/07/2021 23:00 CDT,96684,27.38,84.7,2.775,8.13,0,101582.28
TWB14,Uvalde_2020_02,29.60214,-99.73007,436.7784,6/28/21,p,2021,06/07/2021 23:05 CDT,96695,27.36,85,2.625,8.13,0,101594
TWB14,Uvalde_2020_02,29.60214,-99.73007,436.7784,6/28/21,p,2021,06/07/2021 23:10 CDT,96701,27.33,85.3,3.095,8.13,0,101600.64
TWB14,Uvalde_2020_02,29.60214,-99.73007,436.7784,6/28/21,p,2021,06/07/2021 23:15 CDT,96702,27.3,85.4,2.675,8.13,0,101602.35
TWB14,Uvalde_2020_02,29.60214,-99.73007,436.7784,6/28/21,p,2021,06/07/2021 23:20 CDT,96702,27.27,85.8,2.43,8.13,0.04,101602.52
TWB14,Uvalde_2020_02,29.60214,-99.73007,436.7784,6/28/21,p,2021,06/07/2021 23:25 CDT,96707,27.23,86,2.45,8.13,0,101608.44
TWB14,Uvalde_2020_02,29.60214,-99.73007,436.7784,6/28/21,p,2021,06/07/2021 23:30 CDT,96717,27.18,86.2,2.9,8.13,0,101619.94
TWB14,Uvalde_2020_02,29.60214,-99.73007,436.7784,6/28/21,p,2021,06/07/2021 23:35 CDT,96718,27.14,86.6,2.38,8.13,0.02,101621.66
TWB14,Uvalde_2020_02,29.60214,-99.73007,436.7784,6/28/21,p,2021,06/07/2021 23:40 CDT,96715,27.1,86.7,2.265,8.13,0.01,101619.34
TWB14,Uvalde_2020_02,29.60214,-99.73007,436.7784,6/28/21,p,2021,06/07/2021 23:45 CDT,96719,27.07,86.9,2.38,8.13,0,101623.88
TWB14,Uvalde_2020_02,29.60214,-99.73007,436.7784,6/28/21,p,2021,06/07/2021 23:50 CDT,96724,27.06,86.8,2.635,8.13,0,101629.46
TWB14,Uvalde_2020_02,29.60214,-99.73007,436.7784,6/28/21,p,2021,06/07/2021 23:55 CDT,96728,27.06,87,2.625,8.13,0,101633.83
TWB14,Uvalde_2020_02,29.60214,-99.73007,436.7784,6/28/21,p,2021,06/08/2021 00:00 CDT,96727,27.03,87.1,2.42,8.13,0,101632.95
TWB14,Uvalde_2020_02,29.60214,-99.73007,436.7784,6/28/21,p,2021,06/08/2021 00:05 CDT,96728,27.03,87.1,2.675,8.13,0,101634.17
TWB14,Uvalde_2020_02,29.60214,-99.73007,436.7784,6/28/21,p,2021,06/08/2021 00:10 CDT,96731,27.04,87,2.285,8.13,0,101637.32
TWB14,Uvalde_2020_02,29.60214,-99.73007,436.7784,6/28/21,p,2021,06/08/2021 00:15 CDT,96738,27.04,87.1,2.26,8.13,0,101644.67
TWB14,Uvalde_2020_02,29.60214,-99.73007,436.7784,6/28/21,p,2021,06/08/2021 00:20 CDT,96740,27.03,87.2,2.34,8.13,0,101646.77
TWB14,Uvalde_2020_02,29.60214,-99.73007,436.7784,6/28/21,p,2021,06/08/2021 00:25 CDT,96732,26.99,87.5,1.92,8.13,0.01,101638.53
TWB14,Uvalde_2020_02,29.60214,-99.73007,436.7784,6/28/21,p,2021,06/08/2021 00:30 CDT,96728,26.94,88,2.1,8.13,0.08,101634.99
TWB14,Uvalde_2020_02,29.60214,-99.73007,436.7784,6/28/21,p,2021,06/08/2021 00:35 CDT,96730,26.85,88.4,1.945,8.13,0.37,101638.43
TWB14,Uvalde_2020_02,29.60214,-99.73007,436.7784,6/28/21,p,2021,06/08/2021 00:40 CDT,96740,26.79,87.8,2.415,8.13,0.16,101650.28
TWB14,Uvalde_2020_02,29.60214,-99.73007,436.7784,6/28/21,p,2021,06/08/2021 00:45 CDT,96745,26.83,87.1,2.955,8.13,0,101655.88
TWB14,Uvalde_2020_02,29.60214,-99.73007,436.7784,6/28/21,p,2021,06/08/2021 00:50 CDT,96754,26.82,87.2,2.72,8.13,0,101665.33
TWB14,Uvalde_2020_02,29.60214,-99.73007,436.7784,6/28/21,p,2021,06/08/2021 00:55 CDT,96754,26.76,87.1,2.96,8.13,0.07,101665.84
TWB14,Uvalde_2020_02,29.60214,-99.73007,436.7784,6/28/21,p,2021,06/08/2021 01:00 CDT,96755,26.71,87,2.565,8.13,0.24,101667.56
TWB14,Uvalde_2020_02,29.60214,-99.73007,436.7784,6/28/21,p,2021,06/08/2021 01:05 CDT,96755,26.65,86.9,2.83,8.13,0.08,101668.74
TWB14,Uvalde_2020_02,29.60214,-99.73007,436.7784,6/28/21,p,2021,06/08/2021 01:10 CDT,96756,26.62,86.8,2.47,8.13,0.05,101670.46
TWB14,Uvalde_2020_02,29.60214,-99.73007,436.7784,6/28/21,p,2021,06/08/2021 01:15 CDT,96752,26.57,86.9,2.62,8.13,0.1,101667.09
TWB14,Uvalde_2020_02,29.60214,-99.73007,436.7784,6/28/21,p,2021,06/08/2021 01:20 CDT,96743,26.53,87,2.72,8.13,0,101658.47
TWB14,Uvalde_2020_02,29.60214,-99.73007,436.7784,6/28/21,p,2021,06/08/2021 01:25 CDT,96742,26.51,87,2.295,8.13,0,101657.76
TWB14,Uvalde_2020_02,29.60214,-99.73007,436.7784,6/28/21,p,2021,06/08/2021 01:30 CDT,96738,26.5,87.1,2.135,8.13,0,101653.72
TWB14,Uvalde_2020_02,29.60214,-99.73007,436.7784,6/28/21,p,2021,06/08/2021 01:35 CDT,96730,26.46,87.1,2.83,8.13,0,101645.48
TWB14,Uvalde_2020_02,29.60214,-99.73007,436.7784,6/28/21,p,2021,06/08/2021 01:40 CDT,96722,26.43,86.8,2.355,8.13,0.01,101637.75
TWB14,Uvalde_2020_02,29.60214,-99.73007,436.7784,6/28/21,p,2021,06/08/2021 01:45 CDT,96717,26.41,86.5,2.975,8.13,0,101633
TWB14,Uvalde_2020_02,29.60214,-99.73007,436.7784,6/28/21,p,2021,06/08/2021 01:50 CDT,96714,26.37,86.8,2.34,8.13,0.01,101630.52
TWB14,Uvalde_2020_02,29.60214,-99.73007,436.7784,6/28/21,p,2021,06/08/2021 01:55 CDT,96713,26.34,86.9,2.61,8.13,0.01,101630.14
TWB14,Uvalde_2020_02,29.60214,-99.73007,436.7784,6/28/21,p,2021,06/08/2021 02:00 CDT,96720,26.3,86.8,2.355,8.13,0,101638.17
TWB14,Uvalde_2020_02,29.60214,-99.73007,436.7784,6/28/21,p,2021,06/08/2021 02:05 CDT,96716,26.27,86.8,2.12,8.13,0.03,101634.3
TWB14,Uvalde_2020_02,29.60214,-99.73007,436.7784,6/28/21,p,2021,06/08/2021 02:10 CDT,96716,26.24,86.9,2.615,8.13,0,101634.97
TWB14,Uvalde_2020_02,29.60214,-99.73007,436.7784,6/28/21,p,2021,06/08/2021 02:15 CDT,96708,26.22,86.9,2.74,8.13,0.01,101626.73
TWB14,Uvalde_2020_02,29.60214,-99.73007,436.7784,6/28/21,p,2021,06/08/2021 02:20 CDT,96700,26.2,86.7,3.23,8.13,0,101618.67
TWB14,Uvalde_2020_02,29.60214,-99.73007,436.7784,6/28/21,p,2021,06/08/2021 02:25 CDT,96703,26.18,86.7,2.49,8.13,0,101622.32
TWB14,Uvalde_2020_02,29.60214,-99.73007,436.7784,6/28/21,p,2021,06/08/2021 02:30 CDT,96702,26.18,87,2.355,8.13,0,101621.1
TWB14,Uvalde_2020_02,29.60214,-99.73007,436.7784,6/28/21,p,2021,06/08/2021 02:35 CDT,96704,26.15,87.1,2.44,8.13,0,101623.54
TWB14,Uvalde_2020_02,29.60214,-99.73007,436.7784,6/28/21,p,2021,06/08/2021 02:40 CDT,96706,26.13,87.1,2.26,8.13,0,101626.14
TWB14,Uvalde_2020_02,29.60214,-99.73007,436.7784,6/28/21,p,2021,06/08/2021 02:45 CDT,96707,26.09,87.2,2.385,8.13,0,101627.87
TWB14,Uvalde_2020_02,29.60214,-99.73007,436.7784,6/28/21,p,2021,06/08/2021 02:50 CDT,96698,26.05,87.3,2.275,8.13,0,101618.91
TWB14,Uvalde_2020_02,29.60214,-99.73007,436.7784,6/28/21,p,2021,06/08/2021 02:55 CDT,96691,26,87.6,2.165,8.13,0.01,101612.4
TWB14,Uvalde_2020_02,29.60214,-99.73007,436.7784,6/28/21,p,2021,06/08/2021 03:00 CDT,96684,25.97,87.7,2.49,8.13,0,101605.88
TWB14,Uvalde_2020_02,29.60214,-99.73007,436.7784,6/28/21,p,2021,06/08/2021 03:05 CDT,96682,25.94,87.9,1.755,8.13,0.01,101603.94
TWB14,Uvalde_2020_02,29.60214,-99.73007,436.7784,6/28/21,p,2021,06/08/2021 03:10 CDT,96681,25.91,88.1,1.64,8.13,0.02,101603.06
TWB14,Uvalde_2020_02,29.60214,-99.73007,436.7784,6/28/21,p,2021,06/08/2021 03:15 CDT,96680,25.9,88.1,1.83,8.13,0.01,101602.35
TWB14,Uvalde_2020_02,29.60214,-99.73007,436.7784,6/28/21,p,2021,06/08/2021 03:20 CDT,96672,25.88,88.1,2.28,8.13,0,101594.44
TWB14,Uvalde_2020_02,29.60214,-99.73007,436.7784,6/28/21,p,2021,06/08/2021 03:25 CDT,96668,25.88,88.3,2.05,8.13,0,101590.24
TWB14,Uvalde_2020_02,29.60214,-99.73007,436.7784,6/28/21,p,2021,06/08/2021 03:30 CDT,96679,25.87,88.3,2.015,8.13,0,101601.97
TWB14,Uvalde_2020_02,29.60214,-99.73007,436.7784,6/28/21,p,2021,06/08/2021 03:35 CDT,96674,25.85,88.6,1.805,8.13,0,101596.88
TWB14,Uvalde_2020_02,29.60214,-99.73007,436.7784,6/28/21,p,2021,06/08/2021 03:40 CDT,96664,25.83,88.8,1.795,8.13,0,101586.87
TWB14,Uvalde_2020_02,29.60214,-99.73007,436.7784,6/28/21,p,2021,06/08/2021 03:45 CDT,96667,25.81,88.9,1.93,8.13,0,101590.36
TWB14,Uvalde_2020_02,29.60214,-99.73007,436.7784,6/28/21,p,2021,06/08/2021 03:50 CDT,96665,25.81,88.9,1.73,8.13,0,101588.26
TWB14,Uvalde_2020_02,29.60214,-99.73007,436.7784,6/28/21,p,2021,06/08/2021 03:55 CDT,96656,25.79,89.1,2.1,8.13,0,101579.31
TWB14,Uvalde_2020_02,29.60214,-99.73007,436.7784,6/28/21,p,2021,06/08/2021 04:00 CDT,96654,25.76,89.5,2.46,8.13,0,101577.71
TWB14,Uvalde_2020_02,29.60214,-99.73007,436.7784,6/28/21,p,2021,06/08/2021 04:05 CDT,96659,25.7,90,2.465,8.13,0.07,101583.8
TWB14,Uvalde_2020_02,29.60214,-99.73007,436.7784,6/28/21,p,2021,06/08/2021 04:10 CDT,96670,25.66,90.2,2.285,8.13,0.09,101595.86
TWB14,Uvalde_2020_02,29.60214,-99.73007,436.7784,6/28/21,p,2021,06/08/2021 04:15 CDT,96662,25.64,90.3,1.595,8.13,0,101587.62
TWB14,Uvalde_2020_02,29.60214,-99.73007,436.7784,6/28/21,p,2021,06/08/2021 04:20 CDT,96655,25.64,90.2,2.24,8.13,0,101580.44
TWB14,Uvalde_2020_02,29.60214,-99.73007,436.7784,6/28/21,p,2021,06/08/2021 04:25 CDT,96654,25.63,90.3,2.385,8.13,0,101579.89
TWB14,Uvalde_2020_02,29.60214,-99.73007,436.7784,6/28/21,p,2021,06/08/2021 04:30 CDT,96653,25.61,90.6,2.065,8.13,0,101579.01
TWB14,Uvalde_2020_02,29.60214,-99.73007,436.7784,6/28/21,p,2021,06/08/2021 04:35 CDT,96655,25.61,90.2,1.46,8.13,0,101581.11
TWB14,Uvalde_2020_02,29.60214,-99.73007,436.7784,6/28/21,p,2021,06/08/2021 04:40 CDT,96665,25.65,89.7,1.72,8.13,0,101591.46
TWB14,Uvalde_2020_02,29.60214,-99.73007,436.7784,6/28/21,p,2021,06/08/2021 04:45 CDT,96680,25.68,89.5,1.575,8.13,0,101606.89
TWB14,Uvalde_2020_02,29.60214,-99.73007,436.7784,6/28/21,p,2021,06/08/2021 04:50 CDT,96681,25.68,89.3,1.955,8.13,0,101607.77
TWB14,Uvalde_2020_02,29.60214,-99.73007,436.7784,6/28/21,p,2021,06/08/2021 04:55 CDT,96680,25.68,89,2.385,8.13,0,101606.72
TWB14,Uvalde_2020_02,29.60214,-99.73007,436.7784,6/28/21,p,2021,06/08/2021 05:00 CDT,96677,25.66,89.2,2.315,8.13,0,101603.57
TWB14,Uvalde_2020_02,29.60214,-99.73007,436.7784,6/28/21,p,2021,06/08/2021 05:05 CDT,96670,25.63,89.1,2.45,8.13,0,101596.72
TWB14,Uvalde_2020_02,29.60214,-99.73007,436.7784,6/28/21,p,2021,06/08/2021 05:10 CDT,96664,25.59,89.3,2.815,8.13,0.01,101590.92
TWB14,Uvalde_2020_02,29.60214,-99.73007,436.7784,6/28/21,p,2021,06/08/2021 05:15 CDT,96658,25.53,89.5,2.635,8.13,0.16,101585.45
TWB14,Uvalde_2020_02,29.60214,-99.73007,436.7784,6/28/21,p,2021,06/08/2021 05:20 CDT,96670,25.45,89.8,2.78,8.13,0.34,101599.41
TWB14,Uvalde_2020_02,29.60214,-99.73007,436.7784,6/28/21,p,2021,06/08/2021 05:25 CDT,96682,25.38,90.1,2.24,8.13,0.38,101613.03
TWB14,Uvalde_2020_02,29.60214,-99.73007,436.7784,6/28/21,p,2021,06/08/2021 05:30 CDT,96679,25.34,90.3,1.89,8.13,0.33,101610.56
TWB14,Uvalde_2020_02,29.60214,-99.73007,436.7784,6/28/21,p,2021,06/08/2021 05:35 CDT,96675,25.28,90.7,2.485,8.13,0.22,101607.36
TWB14,Uvalde_2020_02,29.60214,-99.73007,436.7784,6/28/21,p,2021,06/08/2021 05:40 CDT,96675,25.23,91,1.93,8.13,0.1,101608.04
TWB14,Uvalde_2020_02,29.60214,-99.73007,436.7784,6/28/21,p,2021,06/08/2021 05:45 CDT,96676,25.19,91.2,1.6,8.13,0.08,101609.93
TWB14,Uvalde_2020_02,29.60214,-99.73007,436.7784,6/28/21,p,2021,06/08/2021 05:50 CDT,96684,25.13,91.6,2.075,8.13,0.22,101619.01
TWB14,Uvalde_2020_02,29.60214,-99.73007,436.7784,6/28/21,p,2021,06/08/2021 05:55 CDT,96687,25.07,91.8,2.08,8.13,0.17,101623.01
TWB14,Uvalde_2020_02,29.60214,-99.73007,436.7784,6/28/21,p,2021,06/08/2021 06:00 CDT,96693,25,92.2,2.085,8.13,0.03,101630.5
TWB14,Uvalde_2020_02,29.60214,-99.73007,436.7784,6/28/21,p,2021,06/08/2021 06:05 CDT,96700,24.94,92.6,2.11,8.13,0.37,101638.87
TWB14,Uvalde_2020_02,29.60214,-99.73007,436.7784,6/28/21,p,2021,06/08/2021 06:10 CDT,96707,24.86,93,2.175,8.13,0.78,101647.75
TWB14,Uvalde_2020_02,29.60214,-99.73007,436.7784,6/28/21,p,2021,06/08/2021 06:15 CDT,96711,24.77,93.6,1.98,8.13,1.02,101653.31
TWB14,Uvalde_2020_02,29.60214,-99.73007,436.7784,6/28/21,p,2021,06/08/2021 06:20 CDT,96722,24.69,93.9,1.95,8.13,0.51,101666.06
TWB14,Uvalde_2020_02,29.60214,-99.73007,436.7784,6/28/21,p,2021,06/08/2021 06:25 CDT,96736,24.61,94,2.02,8.13,0.04,101682.3
TWB14,Uvalde_2020_02,29.60214,-99.73007,436.7784,6/28/21,p,2021,06/08/2021 06:30 CDT,96741,24.58,94,1.86,8.13,0,101688.58
TWB14,Uvalde_2020_02,29.60214,-99.73007,436.7784,6/28/21,p,2021,06/08/2021 06:35 CDT,96744,24.57,93.7,2.265,8.13,0,101692.41
TWB14,Uvalde_2020_02,29.60214,-99.73007,436.7784,6/28/21,p,2021,06/08/2021 06:40 CDT,96758,24.62,93.3,2.175,8.13,0,101706.96
TWB14,Uvalde_2020_02,29.60214,-99.73007,436.7784,6/28/21,p,2021,06/08/2021 06:45 CDT,96766,24.67,93,1.765,8.13,0,101714.69
TWB14,Uvalde_2020_02,29.60214,-99.73007,436.7784,6/28/21,p,2021,06/08/2021 06:50 CDT,96768,24.69,92.7,1.885,8.13,0.54,101716.63
TWB14,Uvalde_2020_02,29.60214,-99.73007,436.7784,6/28/21,p,2021,06/08/2021 06:55 CDT,96774,24.71,92.4,2.23,8.13,1.48,101722.09
TWB14,Uvalde_2020_02,29.60214,-99.73007,436.7784,6/28/21,p,2021,06/08/2021 07:00 CDT,96784,24.65,92.7,2.735,8.13,3.54,101733.11
TWB14,Uvalde_2020_02,29.60214,-99.73007,436.7784,6/28/21,p,2021,06/08/2021 07:05 CDT,96793,24.55,93.3,2.78,8.13,4.02,101743.75
TWB14,Uvalde_2020_02,29.60214,-99.73007,436.7784,6/28/21,p,2021,06/08/2021 07:10 CDT,96797,24.46,93.8,2.5,8.13,5.75,101749.14
TWB14,Uvalde_2020_02,29.60214,-99.73007,436.7784,6/28/21,p,2021,06/08/2021 07:15 CDT,96809,24.4,94.2,1.905,8.13,6.19,101763.12
TWB14,Uvalde_2020_02,29.60214,-99.73007,436.7784,6/28/21,p,2021,06/08/2021 07:20 CDT,96821,24.34,94.5,1.795,8.13,7.6,101776.58
TWB14,Uvalde_2020_02,29.60214,-99.73007,436.7784,6/28/21,p,2021,06/08/2021 07:25 CDT,96821,24.3,94.8,2.08,8.13,10.21,101777.43
TWB14,Uvalde_2020_02,29.60214,-99.73007,436.7784,6/28/21,p,2021,06/08/2021 07:30 CDT,96821,24.27,94.9,2.12,8.13,10.84,101778.11
TWB14,Uvalde_2020_02,29.60214,-99.73007,436.7784,6/28/21,p,2021,06/08/2021 07:35 CDT,96821,24.26,94.9,1.82,8.13,10.1,101778.28
TWB14,Uvalde_2020_02,29.60214,-99.73007,436.7784,6/28/21,p,2021,06/08/2021 07:40 CDT,96822,24.25,95,1.695,8.13,11.91,101779.33
TWB14,Uvalde_2020_02,29.60214,-99.73007,436.7784,6/28/21,p,2021,06/08/2021 07:45 CDT,96821,24.26,95,1.31,8.13,14.68,101778.28
TWB14,Uvalde_2020_02,29.60214,-99.73007,436.7784,6/28/21,p,2021,06/08/2021 07:50 CDT,96822,24.27,94.9,1.1,8.13,21.65,101779.33
TWB14,Uvalde_2020_02,29.60214,-99.73007,436.7784,6/28/21,p,2021,06/08/2021 07:55 CDT,96821,24.28,94.9,1.735,8.13,25.79,101778.11
TWB14,Uvalde_2020_02,29.60214,-99.73007,436.7784,6/28/21,p,2021,06/08/2021 08:00 CDT,96828,24.3,94.7,1.845,8.13,20.33,101785.47
TWB14,Uvalde_2020_02,29.60214,-99.73007,436.7784,6/28/21,p,2021,06/08/2021 08:05 CDT,96837,24.3,94.9,1.37,8.13,17.83,101794.93
TWB14,Uvalde_2020_02,29.60214,-99.73007,436.7784,6/28/21,p,2021,06/08/2021 08:10 CDT,96839,24.29,95,2.02,8.13,20.38,101796.86
TWB14,Uvalde_2020_02,29.60214,-99.73007,436.7784,6/28/21,p,2021,06/08/2021 08:15 CDT,96839,24.27,95.1,1.675,8.13,25.84,101797.03
TWB14,Uvalde_2020_02,29.60214,-99.73007,436.7784,6/28/21,p,2021,06/08/2021 08:20 CDT,96831,24.27,95,2.025,8.13,26.2,101788.62
TWB14,Uvalde_2020_02,29.60214,-99.73007,436.7784,6/28/21,p,2021,06/08/2021 08:25 CDT,96839,24.28,95.2,2.03,8.13,27.83,101797.03
TWB14,Uvalde_2020_02,29.60214,-99.73007,436.7784,6/28/21,p,2021,06/08/2021 08:30 CDT,96847,24.27,95.4,1.62,8.13,30.47,101805.44
TWB14,Uvalde_2020_02,29.60214,-99.73007,436.7784,6/28/21,p,2021,06/08/2021 08:35 CDT,96853,24.29,95.6,1.43,8.13,32.3,101811.23
TWB14,Uvalde_2020_02,29.60214,-99.73007,436.7784,6/28/21,p,2021,06/08/2021 08:40 CDT,96868,24.28,95.6,1.855,8.13,35.91,101826.83
TWB14,Uvalde_2020_02,29.60214,-99.73007,436.7784,6/28/21,p,2021,06/08/2021 08:45 CDT,96892,24.27,95.5,2.24,8.13,25.32,101852.57
TWB14,Uvalde_2020_02,29.60214,-99.73007,436.7784,6/28/21,p,2021,06/08/2021 08:50 CDT,96948,24.27,95.5,1.65,8.13,17.77,101911.78
TWB14,Uvalde_2020_02,29.60214,-99.73007,436.7784,6/28/21,p,2021,06/08/2021 08:55 CDT,97015,24.31,95.5,1.945,8.13,10.67,101981.87
TWB14,Uvalde_2020_02,29.60214,-99.73007,436.7784,6/28/21,p,2021,06/08/2021 09:00 CDT,97045,24.3,95.4,1.585,8.13,11.04,102013.41
TWB14,Uvalde_2020_02,29.60214,-99.73007,436.7784,6/28/21,p,2021,06/08/2021 09:05 CDT,97041,24.3,95.7,0.57,8.13,25.86,102009.2
TWB14,Uvalde_2020_02,29.60214,-99.73007,436.7784,6/28/21,p,2021,06/08/2021 09:10 CDT,97027,24.32,95.8,0.31,8.13,46.08,101993.8
TWB14,Uvalde_2020_02,29.60214,-99.73007,436.7784,6/28/21,p,2021,06/08/2021 09:15 CDT,97028,24.39,95.7,0.565,8.13,54.99,101993.83
TWB14,Uvalde_2020_02,29.60214,-99.73007,436.7784,6/28/21,p,2021,06/08/2021 09:20 CDT,97037,24.42,95.7,0.565,8.13,39.74,102002.26
TWB14,Uvalde_2020_02,29.60214,-99.73007,436.7784,6/28/21,p,2021,06/08/2021 09:25 CDT,97041,24.43,95.8,0.655,8.13,36.16,102006.12
TWB14,Uvalde_2020_02,29.60214,-99.73007,436.7784,6/28/21,p,2021,06/08/2021 09:30 CDT,97051,24.44,95.7,0.435,8.13,45.67,102016.47
TWB14,Uvalde_2020_02,29.60214,-99.73007,436.7784,6/28/21,p,2021,06/08/2021 09:35 CDT,97060,24.47,95.6,0.505,8.13,44.5,102025.24
TWB14,Uvalde_2020_02,29.60214,-99.73007,436.7784,6/28/21,p,2021,06/08/2021 09:40 CDT,97065,24.49,95.3,0.535,8.13,28.24,102030.16
TWB14,Uvalde_2020_02,29.60214,-99.73007,436.7784,6/28/21,p,2021,06/08/2021 09:45 CDT,97072,24.5,95.4,0.29,8.13,22.93,102037.69
TWB14,Uvalde_2020_02,29.60214,-99.73007,436.7784,6/28/21,p,2021,06/08/2021 09:50 CDT,97068,24.5,95.4,0.635,8.13,44.05,102033.48
TWB14,Uvalde_2020_02,29.60214,-99.73007,436.7784,6/28/21,p,2021,06/08/2021 09:55 CDT,97065,24.54,95.8,0.275,8.13,81.7,102029.99
TWB14,Uvalde_2020_02,29.60214,-99.73007,436.7784,6/28/21,p,2021,06/08/2021 10:00 CDT,97065,24.58,95.3,0.915,8.13,93.76,102029.14
TWB14,Uvalde_2020_02,29.60214,-99.73007,436.7784,6/28/21,p,2021,06/08/2021 10:05 CDT,97070,24.61,95.4,0.88,8.13,80.34,102034.22
TWB14,Uvalde_2020_02,29.60214,-99.73007,436.7784,6/28/21,p,2021,06/08/2021 10:10 CDT,97075,24.61,95,0.93,8.13,68.85,102039.31
TWB14,Uvalde_2020_02,29.60214,-99.73007,436.7784,6/28/21,p,2021,06/08/2021 10:15 CDT,97064,24.66,95.7,0.61,8.13,104.51,102027.23
TWB14,Uvalde_2020_02,29.60214,-99.73007,436.7784,6/28/21,p,2021,06/08/2021 10:20 CDT,97054,24.76,95.2,0.415,8.13,129.11,102014.85
TWB14,Uvalde_2020_02,29.60214,-99.73007,436.7784,6/28/21,p,2021,06/08/2021 10:25 CDT,97040,24.86,95.2,0.895,8.13,210.07,101998.77
TWB14,Uvalde_2020_02,29.60214,-99.73007,436.7784,6/28/21,p,2021,06/08/2021 10:30 CDT,97037,25,94.1,1.625,8.13,209.71,101992.9
TWB14,Uvalde_2020_02,29.60214,-99.73007,436.7784,6/28/21,p,2021,06/08/2021 10:35 CDT,97038,25.07,94.1,1.48,8.13,204.66,101993.1
TWB14,Uvalde_2020_02,29.60214,-99.73007,436.7784,6/28/21,p,2021,06/08/2021 10:40 CDT,97038,25.13,93.1,1.96,8.13,192.99,101991.41
TWB14,Uvalde_2020_02,29.60214,-99.73007,436.7784,6/28/21,p,2021,06/08/2021 10:45 CDT,97041,25.09,92.9,1.985,8.13,190.89,101995.08
TWB14,Uvalde_2020_02,29.60214,-99.73007,436.7784,6/28/21,p,2021,06/08/2021 10:50 CDT,97044,25.11,93.4,1.42,8.13,169.03,101997.89
TWB14,Uvalde_2020_02,29.60214,-99.73007,436.7784,6/28/21,p,2021,06/08/2021 10:55 CDT,97048,25.1,93.4,1.29,8.13,137.68,102001.92
TWB14,Uvalde_2020_02,29.60214,-99.73007,436.7784,6/28/21,p,2021,06/08/2021 11:00 CDT,97056,25.08,92.7,1.685,8.13,92.81,102010.16
TWB14,Uvalde_2020_02,29.60214,-99.73007,436.7784,6/28/21,p,2021,06/08/2021 11:05 CDT,97060,25.01,93.2,2.455,8.13,66.34,102015.72
TWB14,Uvalde_2020_02,29.60214,-99.73007,436.7784,6/28/21,p,2021,06/08/2021 11:10 CDT,97068,24.99,93,1.625,8.13,53.44,102024.64
TWB14,Uvalde_2020_02,29.60214,-99.73007,436.7784,6/28/21,p,2021,06/08/2021 11:15 CDT,97073,24.87,93.1,2.34,8.13,59.47,102032.11
TWB14,Uvalde_2020_02,29.60214,-99.73007,436.7784,6/28/21,p,2021,06/08/2021 11:20 CDT,97075,24.82,93.7,2.025,8.13,70.64,102035.4
TWB14,Uvalde_2020_02,29.60214,-99.73007,436.7784,6/28/21,p,2021,06/08/2021 11:25 CDT,97081,24.82,94.1,2.05,8.13,90.64,102041.7
TWB14,Uvalde_2020_02,29.60214,-99.73007,436.7784,6/28/21,p,2021,06/08/2021 11:30 CDT,97086,24.83,93.4,2.52,8.13,101.41,102046.79
TWB14,Uvalde_2020_02,29.60214,-99.73007,436.7784,6/28/21,p,2021,06/08/2021 11:35 CDT,97091,24.84,93.9,2.61,8.13,100.52,102052.05
TWB14,Uvalde_2020_02,29.60214,-99.73007,436.7784,6/28/21,p,2021,06/08/2021 11:40 CDT,97103,24.85,93.8,2.08,8.13,92.04,102064.49
TWB14,Uvalde_2020_02,29.60214,-99.73007,436.7784,6/28/21,p,2021,06/08/2021 11:45 CDT,97113,24.82,94.3,2.19,8.13,86.11,102075.17
TWB14,Uvalde_2020_02,29.60214,-99.73007,436.7784,6/28/21,p,2021,06/08/2021 11:50 CDT,97113,24.83,94.1,1.72,8.13,75.29,102075
TWB14,Uvalde_2020_02,29.60214,-99.73007,436.7784,6/28/21,p,2021,06/08/2021 11:55 CDT,97113,24.86,94.1,1.085,8.13,61.86,102074.66
TWB14,Uvalde_2020_02,29.60214,-99.73007,436.7784,6/28/21,p,2021,06/08/2021 12:00 CDT,97114,24.88,94.3,1.43,8.13,81.91,102074.86
TWB14,Uvalde_2020_02,29.60214,-99.73007,436.7784,6/28/21,p,2021,06/08/2021 12:05 CDT,97116,24.88,93.8,2.55,8.13,119.86,102077.13
TWB14,Uvalde_2020_02,29.60214,-99.73007,436.7784,6/28/21,p,2021,06/08/2021 12:10 CDT,97116,24.97,93.1,2.48,8.13,149.74,102076.97
TWB14,Uvalde_2020_02,29.60214,-99.73007,436.7784,6/28/21,p,2021,06/08/2021 12:15 CDT,97112,25.16,92.4,2.42,8.13,187.04,102069.88
TWB14,Uvalde_2020_02,29.60214,-99.73007,436.7784,6/28/21,p,2021,06/08/2021 12:20 CDT,97111,25.34,92.1,2.525,8.13,265.74,102065.77
TWB14,Uvalde_2020_02,29.60214,-99.73007,436.7784,6/28/21,p,2021,06/08/2021 12:25 CDT,97109,25.71,91.1,2.245,8.13,438.12,102057.74
TWB14,Uvalde_2020_02,29.60214,-99.73007,436.7784,6/28/21,p,2021,06/08/2021 12:30 CDT,97107,26.13,87.8,2.205,8.13,324.23,102047.88
TWB14,Uvalde_2020_02,29.60214,-99.73007,436.7784,6/28/21,p,2021,06/08/2021 12:35 CDT,97106,26.35,87.6,2.005,8.13,245.1,102041.94
TWB14,Uvalde_2020_02,29.60214,-99.73007,436.7784,6/28/21,p,2021,06/08/2021 12:40 CDT,97113,26.41,88.5,1.47,8.13,199.68,102047.77
TWB14,Uvalde_2020_02,29.60214,-99.73007,436.7784,6/28/21,p,2021,06/08/2021 12:45 CDT,97124,26.46,86.8,1.545,8.13,208.75,102058.16
TWB14,Uvalde_2020_02,29.60214,-99.73007,436.7784,6/28/21,p,2021,06/08/2021 12:50 CDT,97122,26.51,87.4,1.885,8.13,204.72,102055.72
TWB14,Uvalde_2020_02,29.60214,-99.73007,436.7784,6/28/21,p,2021,06/08/2021 12:55 CDT,97119,26.56,87.2,1.965,8.13,152.52,102050.88
TWB14,Uvalde_2020_02,29.60214,-99.73007,436.7784,6/28/21,p,2021,06/08/2021 13:00 CDT,97113,26.36,87.3,2.48,8.13,131.48,102047.78
TWB14,Uvalde_2020_02,29.60214,-99.73007,436.7784,6/28/21,p,2021,06/08/2021 13:05 CDT,97113,26.24,87,2.48,8.13,146.6,102050.65
TWB14,Uvalde_2020_02,29.60214,-99.73007,436.7784,6/28/21,p,2021,06/08/2021 13:10 CDT,97120,26.22,87.3,2.06,8.13,112.86,102058.51
TWB14,Uvalde_2020_02,29.60214,-99.73007,436.7784,6/28/21,p,2021,06/08/2021 13:15 CDT,97128,26.1,87.5,2.71,8.13,130.35,102068.26
TWB14,Uvalde_2020_02,29.60214,-99.73007,436.7784,6/28/21,p,2021,06/08/2021 13:20 CDT,97131,26.03,88.1,2.545,8.13,126.71,102072.76
TWB14,Uvalde_2020_02,29.60214,-99.73007,436.7784,6/28/21,p,2021,06/08/2021 13:25 CDT,97127,26.03,87.2,2.41,8.13,144.71,102068.73
TWB14,Uvalde_2020_02,29.60214,-99.73007,436.7784,6/28/21,p,2021,06/08/2021 13:30 CDT,97122,26.04,87.4,2.79,8.13,194.2,102063.31
TWB14,Uvalde_2020_02,29.60214,-99.73007,436.7784,6/28/21,p,2021,06/08/2021 13:35 CDT,97120,26.09,87.6,2.805,8.13,177.29,102060.19
TWB14,Uvalde_2020_02,29.60214,-99.73007,436.7784,6/28/21,p,2021,06/08/2021 13:40 CDT,97121,26.14,87,2.345,8.13,142.46,102060.57
TWB14,Uvalde_2020_02,29.60214,-99.73007,436.7784,6/28/21,p,2021,06/08/2021 13:45 CDT,97121,26.04,87.6,2.3,8.13,178.45,102061.41
TWB14,Uvalde_2020_02,29.60214,-99.73007,436.7784,6/28/21,p,2021,06/08/2021 13:50 CDT,97116,26.22,87.5,1.905,8.13,288.6,102054.64
TWB14,Uvalde_2020_02,29.60214,-99.73007,436.7784,6/28/21,p,2021,06/08/2021 13:55 CDT,97105,26.58,84.8,2.485,8.13,443.2,102037.21
TWB14,Uvalde_2020_02,29.60214,-99.73007,436.7784,6/28/21,p,2021,06/08/2021 14:00 CDT,97097,26.95,84.6,2.685,8.13,542.62,102022.41
TWB14,Uvalde_2020_02,29.60214,-99.73007,436.7784,6/28/21,p,2021,06/08/2021 14:05 CDT,97088,27.23,84.2,3.145,8.13,520.18,102007.43
TWB14,Uvalde_2020_02,29.60214,-99.73007,436.7784,6/28/21,p,2021,06/08/2021 14:10 CDT,97076,27.53,82.3,2.49,8.13,505.08,101989.98
TWB14,Uvalde_2020_02,29.60214,-99.73007,436.7784,6/28/21,p,2021,06/08/2021 14:15 CDT,97059,27.75,80.9,2.31,8.13,460.25,101967.96
TWB14,Uvalde_2020_02,29.60214,-99.73007,436.7784,6/28/21,p,2021,06/08/2021 14:20 CDT,97048,28.29,79.51,1.62,8.13,529.02,101949.59
TWB14,Uvalde_2020_02,29.60214,-99.73007,436.7784,6/28/21,p,2021,06/08/2021 14:25 CDT,97042,28.3,78.63,2.815,8.13,429.23,101939.3
TWB14,Uvalde_2020_02,29.60214,-99.73007,436.7784,6/28/21,p,2021,06/08/2021 14:30 CDT,97030,28.55,75.96,2.655,8.13,567.58,101924.73
TWB14,Uvalde_2020_02,29.60214,-99.73007,436.7784,6/28/21,p,2021,06/08/2021 14:35 CDT,97019,28.7,75.89,2.58,8.13,435.38,101910.2
TWB14,Uvalde_2020_02,29.60214,-99.73007,436.7784,6/28/21,p,2021,06/08/2021 14:40 CDT,97013,28.82,75.62,3.05,8.13,703.33,101901.91
TWB14,Uvalde_2020_02,29.60214,-99.73007,436.7784,6/28/21,p,2021,06/08/2021 14:45 CDT,97006,29.03,75.22,3.285,8.13,716.18,101890.42
TWB14,Uvalde_2020_02,29.60214,-99.73007,436.7784,6/28/21,p,2021,06/08/2021 14:50 CDT,97000,29.34,73.4,2.725,8.13,538.8,101879.52
TWB14,Uvalde_2020_02,29.60214,-99.73007,436.7784,6/28/21,p,2021,06/08/2021 14:55 CDT,96998,29.38,70.96,3.55,8.13,741.95,101874.97
TWB14,Uvalde_2020_02,29.60214,-99.73007,436.7784,6/28/21,p,2021,06/08/2021 15:00 CDT,96990,29.59,73.45,3.32,8.13,680.18,101863.08
TWB14,Uvalde_2020_02,29.60214,-99.73007,436.7784,6/28/21,p,2021,06/08/2021 15:05 CDT,96986,29.86,70.02,3.09,8.13,537.4,101855.63
TWB14,Uvalde_2020_02,29.60214,-99.73007,436.7784,6/28/21,p,2021,06/08/2021 15:10 CDT,96980,29.64,70.96,3.45,8.13,646.37,101852.12
TWB14,Uvalde_2020_02,29.60214,-99.73007,436.7784,6/28/21,p,2021,06/08/2021 15:15 CDT,96979,30.06,70.69,2.725,8.13,621.07,101845.98
TWB14,Uvalde_2020_02,29.60214,-99.73007,436.7784,6/28/21,p,2021,06/08/2021 15:20 CDT,96978,30.09,73.01,2.98,8.13,367.34,101842.44
TWB14,Uvalde_2020_02,29.60214,-99.73007,436.7784,6/28/21,p,2021,06/08/2021 15:25 CDT,96966,29.94,70.08,2.625,8.13,583.46,101833.97
TWB14,Uvalde_2020_02,29.60214,-99.73007,436.7784,6/28/21,p,2021,06/08/2021 15:30 CDT,96952,30.07,69.27,3.735,8.13,650.14,101815.34
TWB14,Uvalde_2020_02,29.60214,-99.73007,436.7784,6/28/21,p,2021,06/08/2021 15:35 CDT,96947,29.9,69.4,3.615,8.13,449.15,101812.71
TWB14,Uvalde_2020_02,29.60214,-99.73007,436.7784,6/28/21,p,2021,06/08/2021 15:40 CDT,96940,30.01,70.28,2.925,8.13,574.12,101806.01
TWB14,Uvalde_2020_02,29.60214,-99.73007,436.7784,6/28/21,p,2021,06/08/2021 15:45 CDT,96940,30.1,69.74,2.765,8.13,390.56,101803.88
TWB14,Uvalde_2020_02,29.60214,-99.73007,436.7784,6/28/21,p,2021,06/08/2021 15:50 CDT,96933,29.92,69.33,2.825,8.13,418.3,101798.5
TWB14,Uvalde_2020_02,29.60214,-99.73007,436.7784,6/28/21,p,2021,06/08/2021 15:55 CDT,96926,29.92,70.78,3.245,8.13,327.51,101791.96
TWB14,Uvalde_2020_02,29.60214,-99.73007,436.7784,6/28/21,p,2021,06/08/2021 16:00 CDT,96921,30.03,71.76,2.79,8.13,416.58,101785.71
TWB14,Uvalde_2020_02,29.60214,-99.73007,436.7784,6/28/21,p,2021,06/08/2021 16:05 CDT,96921,30.16,67.85,3.555,8.13,439.69,101783.95
TWB14,Uvalde_2020_02,29.60214,-99.73007,436.7784,6/28/21,p,2021,06/08/2021 16:10 CDT,96913,30.22,67.11,3.89,8.13,594.71,101774.57
TWB14,Uvalde_2020_02,29.60214,-99.73007,436.7784,6/28/21,p,2021,06/08/2021 16:15 CDT,96898,30.33,66.17,4.14,8.13,469.23,101756.54
TWB14,Uvalde_2020_02,29.60214,-99.73007,436.7784,6/28/21,p,2021,06/08/2021 16:20 CDT,96892,30.44,65.97,2.96,8.13,488.41,101748.93
TWB14,Uvalde_2020_02,29.60214,-99.73007,436.7784,6/28/21,p,2021,06/08/2021 16:25 CDT,96886,30.68,67.01,3.095,8.13,455.22,101738.69
TWB14,Uvalde_2020_02,29.60214,-99.73007,436.7784,6/28/21,p,2021,06/08/2021 16:30 CDT,96887,30.45,68.12,3.325,8.13,302.75,101741.53
TWB14,Uvalde_2020_02,29.60214,-99.73007,436.7784,6/28/21,p,2021,06/08/2021 16:35 CDT,96890,30.29,66.03,3.605,8.13,298.99,101748.47
TWB14,Uvalde_2020_02,29.60214,-99.73007,436.7784,6/28/21,p,2021,06/08/2021 16:40 CDT,96884,30.23,68.25,3.17,8.13,361.75,101744.27
TWB14,Uvalde_2020_02,29.60214,-99.73007,436.7784,6/28/21,p,2021,06/08/2021 16:45 CDT,96872,30.55,67.14,2.67,8.13,446.57,101727.42
TWB14,Uvalde_2020_02,29.60214,-99.73007,436.7784,6/28/21,p,2021,06/08/2021 16:50 CDT,96868,30.62,69.4,3.505,8.13,398.8,101720.58
TWB14,Uvalde_2020_02,29.60214,-99.73007,436.7784,6/28/21,p,2021,06/08/2021 16:55 CDT,96863,30.8,65.02,2.66,8.13,523.32,101713.75
TWB14,Uvalde_2020_02,29.60214,-99.73007,436.7784,6/28/21,p,2021,06/08/2021 17:00 CDT,96853,31.05,67.31,2.725,8.13,464.08,101698.49
TWB14,Uvalde_2020_02,29.60214,-99.73007,436.7784,6/28/21,p,2021,06/08/2021 17:05 CDT,96851,31.07,65.76,3.68,8.13,488.72,101694.95
TWB14,Uvalde_2020_02,29.60214,-99.73007,436.7784,6/28/21,p,2021,06/08/2021 17:10 CDT,96845,30.97,65.96,2.77,8.13,312.48,101689.78
TWB14,Uvalde_2020_02,29.60214,-99.73007,436.7784,6/28/21,p,2021,06/08/2021 17:15 CDT,96839,30.61,67.18,3.705,8.13,219.82,101688.69
TWB14,Uvalde_2020_02,29.60214,-99.73007,436.7784,6/28/21,p,2021,06/08/2021 17:20 CDT,96837,30.53,65.86,3.13,8.13,442.51,101690.36
TWB14,Uvalde_2020_02,29.60214,-99.73007,436.7784,6/28/21,p,2021,06/08/2021 17:25 CDT,96835,30.98,64.11,2.755,8.13,432.9,101682.07
TWB14,Uvalde_2020_02,29.60214,-99.73007,436.7784,6/28/21,p,2021,06/08/2021 17:30 CDT,96830,31,65.29,3.11,8.13,363.18,101674.53
TWB14,Uvalde_2020_02,29.60214,-99.73007,436.7784,6/28/21,p,2021,06/08/2021 17:35 CDT,96830,30.69,65.76,3.295,8.715,287.8,101678.27
TWB14,Uvalde_2020_02,29.60214,-99.73007,436.7784,6/28/21,p,2021,06/08/2021 17:40 CDT,96817,30.41,65.39,3.405,8.635,304.32,101669.36
TWB14,Uvalde_2020_02,29.60214,-99.73007,436.7784,6/28/21,p,2021,06/08/2021 17:45 CDT,96811,30.58,68.96,3.19,8.635,375.41,101662.85
TWB14,Uvalde_2020_02,29.60214,-99.73007,436.7784,6/28/21,p,2021,06/08/2021 17:50 CDT,96812,30.85,65.83,3.24,8.635,364.15,101658.23
TWB14,Uvalde_2020_02,29.60214,-99.73007,436.7784,6/28/21,p,2021,06/08/2021 17:55 CDT,96817,30.68,64.89,3.22,8.635,386.9,101665.45
TWB14,Uvalde_2020_02,29.60214,-99.73007,436.7784,6/28/21,p,2021,06/08/2021 18:00 CDT,96817,30.53,66.44,3.6,8.635,249.27,101667.22
TWB14,Uvalde_2020_02,29.60214,-99.73007,436.7784,6/28/21,p,2021,06/08/2021 18:05 CDT,96818,30.17,67.21,3.5,8.635,213.71,101674.64
TWB14,Uvalde_2020_02,29.60214,-99.73007,436.7784,6/28/21,p,2021,06/08/2021 18:10 CDT,96823,30.11,67.28,3.135,8.635,261.46,101682.18
TWB14,Uvalde_2020_02,29.60214,-99.73007,436.7784,6/28/21,p,2021,06/08/2021 18:15 CDT,96824,30.08,68.66,2.865,8.635,223.77,101683.55
TWB14,Uvalde_2020_02,29.60214,-99.73007,436.7784,6/28/21,p,2021,06/08/2021 18:20 CDT,96825,30.13,66.13,2.545,8.635,272.41,101684.63
TWB14,Uvalde_2020_02,29.60214,-99.73007,436.7784,6/28/21,p,2021,06/08/2021 18:25 CDT,96824,30.31,68.09,2.875,8.635,316.9,101680.93
TWB14,Uvalde_2020_02,29.60214,-99.73007,436.7784,6/28/21,p,2021,06/08/2021 18:30 CDT,96822,30.37,67.45,3.32,8.635,218.7,101676.55
TWB14,Uvalde_2020_02,29.60214,-99.73007,436.7784,6/28/21,p,2021,06/08/2021 18:35 CDT,96833,30.09,68.59,2.695,8.635,136.03,101691.69
TWB14,Uvalde_2020_02,29.60214,-99.73007,436.7784,6/28/21,p,2021,06/08/2021 18:40 CDT,96840,29.81,67.99,2.77,8.635,145.03,101703.97
TWB14,Uvalde_2020_02,29.60214,-99.73007,436.7784,6/28/21,p,2021,06/08/2021 18:45 CDT,96848,29.89,67.92,2.505,8.635,211.07,101713.03
TWB14,Uvalde_2020_02,29.60214,-99.73007,436.7784,6/28/21,p,2021,06/08/2021 18:50 CDT,96856,29.94,68.96,2.585,8.635,141.27,101720.43
TWB14,Uvalde_2020_02,29.60214,-99.73007,436.7784,6/28/21,p,2021,06/08/2021 18:55 CDT,96865,29.8,67.85,2.93,8.635,136.76,101731.04
TWB14,Uvalde_2020_02,29.60214,-99.73007,436.7784,6/28/21,p,2021,06/08/2021 19:00 CDT,96873,29.57,69.74,3.195,8.635,94.73,101743.21
TWB14,Uvalde_2020_02,29.60214,-99.73007,436.7784,6/28/21,p,2021,06/08/2021 19:05 CDT,96884,29.41,70.25,2.605,8.635,90.35,101758.05
TWB14,Uvalde_2020_02,29.60214,-99.73007,436.7784,6/28/21,p,2021,06/08/2021 19:10 CDT,96886,29.39,70.02,2.31,8.635,115.51,101761.14
TWB14,Uvalde_2020_02,29.60214,-99.73007,436.7784,6/28/21,p,2021,06/08/2021 19:15 CDT,96893,29.4,72.1,1.985,8.635,90.27,101768.14
TWB14,Uvalde_2020_02,29.60214,-99.73007,436.7784,6/28/21,p,2021,06/08/2021 19:20 CDT,96899,29.38,71.97,1.725,8.635,77.19,101774.77
TWB14,Uvalde_2020_02,29.60214,-99.73007,436.7784,6/28/21,p,2021,06/08/2021 19:25 CDT,96902,29.38,70.42,2.305,8.635,86.78,101777.94
TWB14,Uvalde_2020_02,29.60214,-99.73007,436.7784,6/28/21,p,2021,06/08/2021 19:30 CDT,96907,29.26,70.96,2.225,8.635,69.45,101784.67
TWB14,Uvalde_2020_02,29.60214,-99.73007,436.7784,6/28/21,p,2021,06/08/2021 19:35 CDT,96912,29.13,72.31,1.84,8.635,56.98,101792.38
TWB14,Uvalde_2020_02,29.60214,-99.73007,436.7784,6/28/21,p,2021,06/08/2021 19:40 CDT,96915,29.05,71.77,1.98,8.635,45.85,101797.03
TWB14,Uvalde_2020_02,29.60214,-99.73007,436.7784,6/28/21,p,2021,06/08/2021 19:45 CDT,96924,28.97,72.44,2.245,8.635,41.93,101808.29
TWB14,Uvalde_2020_02,29.60214,-99.73007,436.7784,6/28/21,p,2021,06/08/2021 19:50 CDT,96926,28.89,72.44,1.935,8.635,44.14,101811.88
TWB14,Uvalde_2020_02,29.60214,-99.73007,436.7784,6/28/21,p,2021,06/08/2021 19:55 CDT,96934,28.85,71.64,2.57,8.635,34.27,101821.29
TWB14,Uvalde_2020_02,29.60214,-99.73007,436.7784,6/28/21,p,2021,06/08/2021 20:00 CDT,96942,28.8,73.19,1.855,8.635,26.7,101830.17
TWB14,Uvalde_2020_02,29.60214,-99.73007,436.7784,6/28/21,p,2021,06/08/2021 20:05 CDT,96948,28.68,73.97,1.19,8.635,21.94,101838.12
TWB14,Uvalde_2020_02,29.60214,-99.73007,436.7784,6/28/21,p,2021,06/08/2021 20:10 CDT,96954,28.6,73.46,1.75,8.635,17.32,101846.25
TWB14,Uvalde_2020_02,29.60214,-99.73007,436.7784,6/28/21,p,2021,06/08/2021 20:15 CDT,96958,28.56,73.46,1.935,8.635,14.55,101851.28
TWB14,Uvalde_2020_02,29.60214,-99.73007,436.7784,6/28/21,p,2021,06/08/2021 20:20 CDT,96958,28.51,73.36,1.95,8.635,10.72,101851.95
TWB14,Uvalde_2020_02,29.60214,-99.73007,436.7784,6/28/21,p,2021,06/08/2021 20:25 CDT,96959,28.51,73.2,2.355,8.635,7.08,101853.33
TWB14,Uvalde_2020_02,29.60214,-99.73007,436.7784,6/28/21,p,2021,06/08/2021 20:30 CDT,96961,28.45,74.48,1.445,8.635,5.42,101856.09
TWB14,Uvalde_2020_02,29.60214,-99.73007,436.7784,6/28/21,p,2021,06/08/2021 20:35 CDT,96966,28.3,74.08,1.75,8.635,3.81,101864
TWB14,Uvalde_2020_02,29.60214,-99.73007,436.7784,6/28/21,p,2021,06/08/2021 20:40 CDT,96967,28.24,74.25,1.98,8.635,1.77,101865.71
TWB14,Uvalde_2020_02,29.60214,-99.73007,436.7784,6/28/21,p,2021,06/08/2021 20:45 CDT,96967,28.25,73.95,2.415,8.635,0.19,101866.05
TWB14,Uvalde_2020_02,29.60214,-99.73007,436.7784,6/28/21,p,2021,06/08/2021 20:50 CDT,96978,28.26,74.28,2.24,8.635,0.02,101877.27
TWB14,Uvalde_2020_02,29.60214,-99.73007,436.7784,6/28/21,p,2021,06/08/2021 20:55 CDT,96979,28.23,75.09,1.83,8.635,0.07,101878.48
TWB14,Uvalde_2020_02,29.60214,-99.73007,436.7784,6/28/21,p,2021,06/08/2021 21:00 CDT,96987,28.1,75.97,2.035,8.635,0.1,101888.87
TWB14,Uvalde_2020_02,29.60214,-99.73007,436.7784,6/28/21,p,2021,06/08/2021 21:05 CDT,96994,28.04,76.24,1.795,8.635,0.03,101897.72
TWB14,Uvalde_2020_02,29.60214,-99.73007,436.7784,6/28/21,p,2021,06/08/2021 21:10 CDT,97005,28.01,76.52,2.065,8.635,0,101909.61
TWB14,Uvalde_2020_02,29.60214,-99.73007,436.7784,6/28/21,p,2021,06/08/2021 21:15 CDT,97013,28.02,76.55,2.87,8.635,0,101918.18
TWB14,Uvalde_2020_02,29.60214,-99.73007,436.7784,6/28/21,p,2021,06/08/2021 21:20 CDT,97023,27.98,76.92,2.1,8.635,0,101928.85
TWB14,Uvalde_2020_02,29.60214,-99.73007,436.7784,6/28/21,p,2021,06/08/2021 21:25 CDT,97024,27.95,76.96,2.495,8.635,0,101930.56
TWB14,Uvalde_2020_02,29.60214,-99.73007,436.7784,6/28/21,p,2021,06/08/2021 21:30 CDT,97024,27.91,77.13,2.045,8.635,0.01,101930.89
TWB14,Uvalde_2020_02,29.60214,-99.73007,436.7784,6/28/21,p,2021,06/08/2021 21:35 CDT,97026,27.86,77.09,2.475,8.635,0.01,101934
TWB14,Uvalde_2020_02,29.60214,-99.73007,436.7784,6/28/21,p,2021,06/08/2021 21:40 CDT,97032,27.84,77.19,2.09,8.635,0,101940.8
TWB14,Uvalde_2020_02,29.60214,-99.73007,436.7784,6/28/21,p,2021,06/08/2021 21:45 CDT,97039,27.78,77.7,1.74,8.635,0.05,101948.82
TWB14,Uvalde_2020_02,29.60214,-99.73007,436.7784,6/28/21,p,2021,06/08/2021 21:50 CDT,97049,27.75,77.6,2.06,8.635,0.02,101960.33
TWB14,Uvalde_2020_02,29.60214,-99.73007,436.7784,6/28/21,p,2021,06/08/2021 21:55 CDT,97050,27.68,78.14,1.655,8.635,0.12,101962.04
TWB14,Uvalde_2020_02,29.60214,-99.73007,436.7784,6/28/21,p,2021,06/08/2021 22:00 CDT,97051,27.61,78.47,2.725,8.635,0.01,101964.26
TWB14,Uvalde_2020_02,29.60214,-99.73007,436.7784,6/28/21,p,2021,06/08/2021 22:05 CDT,97052,27.57,78.74,2.41,8.635,0.05,101965.81
TWB14,Uvalde_2020_02,29.60214,-99.73007,436.7784,6/28/21,p,2021,06/08/2021 22:10 CDT,97062,27.48,78.95,2.325,8.635,0.09,101977.98
TWB14,Uvalde_2020_02,29.60214,-99.73007,436.7784,6/28/21,p,2021,06/08/2021 22:15 CDT,97074,27.42,79.52,2.11,8.635,0,101991.42
TWB14,Uvalde_2020_02,29.60214,-99.73007,436.7784,6/28/21,p,2021,06/08/2021 22:20 CDT,97078,27.38,79.65,2.46,8.635,0,101996.46
TWB14,Uvalde_2020_02,29.60214,-99.73007,436.7784,6/28/21,p,2021,06/08/2021 22:25 CDT,97084,27.33,80.2,1.985,8.635,0.02,102003.43
TWB14,Uvalde_2020_02,29.60214,-99.73007,436.7784,6/28/21,p,2021,06/08/2021 22:30 CDT,97100,27.28,80.7,2.37,8.635,0,102020.74
TWB14,Uvalde_2020_02,29.60214,-99.73007,436.7784,6/28/21,p,2021,06/08/2021 22:35 CDT,97102,27.21,80.9,2.29,8.635,0.01,102024.35
TWB14,Uvalde_2020_02,29.60214,-99.73007,436.7784,6/28/21,p,2021,06/08/2021 22:40 CDT,97103,27.16,81.2,2.445,8.635,0,102026.23
TWB14,Uvalde_2020_02,29.60214,-99.73007,436.7784,6/28/21,p,2021,06/08/2021 22:45 CDT,97104,27.09,81.8,2.49,8.635,0.1,102028.28
TWB14,Uvalde_2020_02,29.60214,-99.73007,436.7784,6/28/21,p,2021,06/08/2021 22:50 CDT,97105,27.04,82,2.835,8.635,0,102030.34
TWB14,Uvalde_2020_02,29.60214,-99.73007,436.7784,6/28/21,p,2021,06/08/2021 22:55 CDT,97110,27,82.4,2.66,8.635,0,102035.92
TWB14,Uvalde_2020_02,29.60214,-99.73007,436.7784,6/28/21,p,2021,06/08/2021 23:00 CDT,97119,26.96,82.8,3.025,8.635,0,102046.22
TWB14,Uvalde_2020_02,29.60214,-99.73007,436.7784,6/28/21,p,2021,06/08/2021 23:05 CDT,97126,26.89,83.2,2.545,8.635,0.08,102054.74
TWB14,Uvalde_2020_02,29.60214,-99.73007,436.7784,6/28/21,p,2021,06/08/2021 23:10 CDT,97131,26.82,83.5,2.235,8.635,0.18,102061
TWB14,Uvalde_2020_02,29.60214,-99.73007,436.7784,6/28/21,p,2021,06/08/2021 23:15 CDT,97132,26.76,83.7,2.865,8.635,0.16,102063.06
TWB14,Uvalde_2020_02,29.60214,-99.73007,436.7784,6/28/21,p,2021,06/08/2021 23:20 CDT,97127,26.7,84,3.235,8.635,0.18,102058.65
TWB14,Uvalde_2020_02,29.60214,-99.73007,436.7784,6/28/21,p,2021,06/08/2021 23:25 CDT,97125,26.63,84.3,2.885,8.635,0.23,102057.89
TWB14,Uvalde_2020_02,29.60214,-99.73007,436.7784,6/28/21,p,2021,06/08/2021 23:30 CDT,97129,26.59,84.4,2.68,8.635,0.06,102062.93
TWB14,Uvalde_2020_02,29.60214,-99.73007,436.7784,6/28/21,p,2021,06/08/2021 23:35 CDT,97132,26.54,84.4,2.37,8.635,0.08,102066.76
TWB14,Uvalde_2020_02,29.60214,-99.73007,436.7784,6/28/21,p,2021,06/08/2021 23:40 CDT,97133,26.51,84.7,2.52,8.635,0,102068.65
TWB14,Uvalde_2020_02,29.60214,-99.73007,436.7784,6/28/21,p,2021,06/08/2021 23:45 CDT,97133,26.48,85,2.575,8.635,0.05,102068.82
TWB14,Uvalde_2020_02,29.60214,-99.73007,436.7784,6/28/21,p,2021,06/08/2021 23:50 CDT,97133,26.44,84.9,2.375,8.635,0.1,102069.15
TWB14,Uvalde_2020_02,29.60214,-99.73007,436.7784,6/28/21,p,2021,06/08/2021 23:55 CDT,97133,26.4,85,2.515,8.635,0.03,102070.16
TWB14,Uvalde_2020_02,29.60214,-99.73007,436.7784,6/28/21,p,2021,06/09/2021 00:00 CDT,97133,26.36,85.2,2.075,8.635,0.05,102071.01
TWB14,Uvalde_2020_02,29.60214,-99.73007,436.7784,6/28/21,p,2021,06/09/2021 00:05 CDT,97133,26.31,85.6,1.985,8.635,0.15,102071.51
TWB14,Uvalde_2020_02,29.60214,-99.73007,436.7784,6/28/21,p,2021,06/09/2021 00:15 CDT,97120,26.2,86.1,2.21,8.635,0.16,102059.7
TWB14,Uvalde_2020_02,29.60214,-99.73007,436.7784,6/28/21,p,2021,06/09/2021 00:20 CDT,97120,26.13,86.2,2.34,8.635,0.16,102060.71
TWB14,Uvalde_2020_02,29.60214,-99.73007,436.7784,6/28/21,p,2021,06/09/2021 00:25 CDT,97119,26.06,86.4,2.57,8.635,0.23,102060.84
TWB14,Uvalde_2020_02,29.60214,-99.73007,436.7784,6/28/21,p,2021,06/09/2021 00:30 CDT,97112,26,86.8,2.755,8.635,0.26,102054.83
TWB14,Uvalde_2020_02,29.60214,-99.73007,436.7784,6/28/21,p,2021,06/09/2021 00:35 CDT,97109,25.94,86.9,2.8,8.635,0.21,102052.69
TWB14,Uvalde_2020_02,29.60214,-99.73007,436.7784,6/28/21,p,2021,06/09/2021 00:40 CDT,97104,25.9,87.3,2.865,8.635,0.31,102047.94
TWB14,Uvalde_2020_02,29.60214,-99.73007,436.7784,6/28/21,p,2021,06/09/2021 00:45 CDT,97094,25.85,87.6,2.67,8.635,0.27,102038.28
TWB14,Uvalde_2020_02,29.60214,-99.73007,436.7784,6/28/21,p,2021,06/09/2021 00:50 CDT,97088,25.79,87.8,3.03,8.635,0.12,102032.99
TWB14,Uvalde_2020_02,29.60214,-99.73007,436.7784,6/28/21,p,2021,06/09/2021 00:55 CDT,97086,25.76,88.1,2.715,8.885,0.02,102031.73
TWB14,Uvalde_2020_02,29.60214,-99.73007,436.7784,6/28/21,p,2021,06/09/2021 01:00 CDT,97085,25.72,88.2,2.72,8.885,0.03,102031.18
TWB14,Uvalde_2020_02,29.60214,-99.73007,436.7784,6/28/21,p,2021,06/09/2021 01:05 CDT,97085,25.69,88.4,3.21,8.885,0,102031.86
TWB14,Uvalde_2020_02,29.60214,-99.73007,436.7784,6/28/21,p,2021,06/09/2021 01:10 CDT,97084,25.67,88.5,2.83,8.885,0,102031.15
TWB14,Uvalde_2020_02,29.60214,-99.73007,436.7784,6/28/21,p,2021,06/09/2021 01:15 CDT,97084,25.66,88.7,2.7,8.885,0,102031.14
TWB14,Uvalde_2020_02,29.60214,-99.73007,436.7784,6/28/21,p,2021,06/09/2021 01:20 CDT,97073,25.62,88.9,2.485,8.885,0.05,102020.09
TWB14,Uvalde_2020_02,29.60214,-99.73007,436.7784,6/28/21,p,2021,06/09/2021 01:25 CDT,97073,25.55,89.2,3.1,8.885,0.38,102020.93
TWB14,Uvalde_2020_02,29.60214,-99.73007,436.7784,6/28/21,p,2021,06/09/2021 01:30 CDT,97075,25.46,89.6,3.01,8.885,0.38,102024.73
TWB14,Uvalde_2020_02,29.60214,-99.73007,436.7784,6/28/21,p,2021,06/09/2021 01:35 CDT,97072,25.41,89.5,2.86,8.885,0.14,102022.59
TWB14,Uvalde_2020_02,29.60214,-99.73007,436.7784,6/28/21,p,2021,06/09/2021 01:40 CDT,97059,25.41,89.3,3.095,8.885,0,102009.27
TWB14,Uvalde_2020_02,29.60214,-99.73007,436.7784,6/28/21,p,2021,06/09/2021 01:45 CDT,97058,25.41,89.2,2.67,8.885,0,102008.22
TWB14,Uvalde_2020_02,29.60214,-99.73007,436.7784,6/28/21,p,2021,06/09/2021 01:50 CDT,97058,25.43,88.9,2.595,8.885,0,102008.22
TWB14,Uvalde_2020_02,29.60214,-99.73007,436.7784,6/28/21,p,2021,06/09/2021 01:55 CDT,97052,25.43,88.7,2.595,8.885,0,102001.92
TWB14,Uvalde_2020_02,29.60214,-99.73007,436.7784,6/28/21,p,2021,06/09/2021 02:00 CDT,97042,25.44,88.5,2.655,8.885,0,101991.24
TWB14,Uvalde_2020_02,29.60214,-99.73007,436.7784,6/28/21,p,2021,06/09/2021 02:05 CDT,97032,25.41,88.6,2.34,8.885,0,101980.9
TWB14,Uvalde_2020_02,29.60214,-99.73007,436.7784,6/28/21,p,2021,06/09/2021 02:10 CDT,97033,25.4,88.8,3.12,8.885,0,101982.12
TWB14,Uvalde_2020_02,29.60214,-99.73007,436.7784,6/28/21,p,2021,06/09/2021 02:15 CDT,97040,25.36,89.1,2.285,8.885,0.02,101989.98
TWB14,Uvalde_2020_02,29.60214,-99.73007,436.7784,6/28/21,p,2021,06/09/2021 02:20 CDT,97043,25.34,89.1,2.18,8.885,0,101993.31
TWB14,Uvalde_2020_02,29.60214,-99.73007,436.7784,6/28/21,p,2021,06/09/2021 02:25 CDT,97035,25.3,89.3,2.495,8.885,0.07,101985.4
TWB14,Uvalde_2020_02,29.60214,-99.73007,436.7784,6/28/21,p,2021,06/09/2021 02:30 CDT,97034,25.25,89.5,2.39,8.885,0.05,101985.2
TWB14,Uvalde_2020_02,29.60214,-99.73007,436.7784,6/28/21,p,2021,06/09/2021 02:35 CDT,97036,25.22,89.6,2.78,8.885,0,101988.32
TWB14,Uvalde_2020_02,29.60214,-99.73007,436.7784,6/28/21,p,2021,06/09/2021 02:40 CDT,97032,25.22,89.7,2.6,8.885,0,101984.12
TWB14,Uvalde_2020_02,29.60214,-99.73007,436.7784,6/28/21,p,2021,06/09/2021 02:45 CDT,97031,25.22,89.8,3.41,8.885,0,101983.23
TWB14,Uvalde_2020_02,29.60214,-99.73007,436.7784,6/28/21,p,2021,06/09/2021 02:50 CDT,97025,25.2,89.9,2.54,8.885,0,101977.27
TWB14,Uvalde_2020_02,29.60214,-99.73007,436.7784,6/28/21,p,2021,06/09/2021 02:55 CDT,97028,25.19,89.9,2.64,8.885,0,101980.59
TWB14,Uvalde_2020_02,29.60214,-99.73007,436.7784,6/28/21,p,2021,06/09/2021 03:00 CDT,97023,25.16,89.9,2.975,8.885,0,101975.67
TWB14,Uvalde_2020_02,29.60214,-99.73007,436.7784,6/28/21,p,2021,06/09/2021 03:05 CDT,97016,25.15,89.6,3.33,8.885,0,101968.49
TWB14,Uvalde_2020_02,29.60214,-99.73007,436.7784,6/28/21,p,2021,06/09/2021 03:10 CDT,97015,25.13,89.6,3.345,8.885,0,101967.78
TWB14,Uvalde_2020_02,29.60214,-99.73007,436.7784,6/28/21,p,2021,06/09/2021 03:15 CDT,97009,25.12,89.5,3.02,8.885,0,101961.47
TWB14,Uvalde_2020_02,29.60214,-99.73007,436.7784,6/28/21,p,2021,06/09/2021 03:20 CDT,97015,25.08,89.6,2.365,8.885,0,101968.29
TWB14,Uvalde_2020_02,29.60214,-99.73007,436.7784,6/28/21,p,2021,06/09/2021 03:25 CDT,97018,25.07,89.5,2.54,8.885,0,101971.78
TWB14,Uvalde_2020_02,29.60214,-99.73007,436.7784,6/28/21,p,2021,06/09/2021 03:30 CDT,97019,25.08,89.3,2.685,8.885,0,101972.83
TWB14,Uvalde_2020_02,29.60214,-99.73007,436.7784,6/28/21,p,2021,06/09/2021 03:35 CDT,97029,25.07,89.2,2.235,8.885,0,101983.35
TWB14,Uvalde_2020_02,29.60214,-99.73007,436.7784,6/28/21,p,2021,06/09/2021 03:40 CDT,97033,25.06,89,2.975,8.885,0,101987.72
TWB14,Uvalde_2020_02,29.60214,-99.73007,436.7784,6/28/21,p,2021,06/09/2021 03:45 CDT,97026,25.04,89.3,2.19,8.885,0,101980.7
TWB14,Uvalde_2020_02,29.60214,-99.73007,436.7784,6/28/21,p,2021,06/09/2021 03:50 CDT,97023,25.01,89.2,2.24,8.885,0,101978.06
TWB14,Uvalde_2020_02,29.60214,-99.73007,436.7784,6/28/21,p,2021,06/09/2021 03:55 CDT,97023,25,88.7,2.75,8.885,0,101978.23
TWB14,Uvalde_2020_02,29.60214,-99.73007,436.7784,6/28/21,p,2021,06/09/2021 04:00 CDT,97034,25.02,88.5,2.48,8.885,0,101989.8
TWB14,Uvalde_2020_02,29.60214,-99.73007,436.7784,6/28/21,p,2021,06/09/2021 04:05 CDT,97034,25,88.5,2.505,8.885,0,101989.97
TWB14,Uvalde_2020_02,29.60214,-99.73007,436.7784,6/28/21,p,2021,06/09/2021 04:10 CDT,97030,24.95,88.4,2.805,8.885,0,101986.61
TWB14,Uvalde_2020_02,29.60214,-99.73007,436.7784,6/28/21,p,2021,06/09/2021 04:15 CDT,97022,24.9,88.5,2.375,8.885,0,101979.23
TWB14,Uvalde_2020_02,29.60214,-99.73007,436.7784,6/28/21,p,2021,06/09/2021 04:20 CDT,97028,24.89,88.3,2.35,8.885,0,101985.53
TWB14,Uvalde_2020_02,29.60214,-99.73007,436.7784,6/28/21,p,2021,06/09/2021 04:25 CDT,97033,24.88,88.3,2.42,8.885,0,101991.13
TWB14,Uvalde_2020_02,29.60214,-99.73007,436.7784,6/28/21,p,2021,06/09/2021 04:30 CDT,97036,24.86,88.5,2.535,8.885,0,101994.62
TWB14,Uvalde_2020_02,29.60214,-99.73007,436.7784,6/28/21,p,2021,06/09/2021 04:35 CDT,97036,24.84,88.4,2.49,8.885,0,101994.96
TWB14,Uvalde_2020_02,29.60214,-99.73007,436.7784,6/28/21,p,2021,06/09/2021 04:40 CDT,97043,24.84,88.2,2.48,8.885,0,102002.32
TWB14,Uvalde_2020_02,29.60214,-99.73007,436.7784,6/28/21,p,2021,06/09/2021 04:45 CDT,97040,24.84,88.2,2.295,8.885,0,101999.17
TWB14,Uvalde_2020_02,29.60214,-99.73007,436.7784,6/28/21,p,2021,06/09/2021 04:50 CDT,97047,24.82,87.9,2.98,8.885,0,102006.7
TWB14,Uvalde_2020_02,29.60214,-99.73007,436.7784,6/28/21,p,2021,06/09/2021 04:55 CDT,97055,24.8,88,1.91,8.885,0,102015.45
TWB14,Uvalde_2020_02,29.60214,-99.73007,436.7784,6/28/21,p,2021,06/09/2021 05:00 CDT,97048,24.78,88,2.345,8.885,0,102008.43
TWB14,Uvalde_2020_02,29.60214,-99.73007,436.7784,6/28/21,p,2021,06/09/2021 05:05 CDT,97043,24.76,87.9,2.52,8.885,0,102003.52
TWB14,Uvalde_2020_02,29.60214,-99.73007,436.7784,6/28/21,p,2021,06/09/2021 05:10 CDT,97050,24.75,87.9,2.49,8.885,0,102011.05
TWB14,Uvalde_2020_02,29.60214,-99.73007,436.7784,6/28/21,p,2021,06/09/2021 05:15 CDT,97054,24.71,88.1,2.155,8.885,0,102015.93
TWB14,Uvalde_2020_02,29.60214,-99.73007,436.7784,6/28/21,p,2021,06/09/2021 05:20 CDT,97046,24.68,87.9,2.365,8.885,0,102007.86
TWB14,Uvalde_2020_02,29.60214,-99.73007,436.7784,6/28/21,p,2021,06/09/2021 05:25 CDT,97037,24.66,88,2.4,8.885,0,101999.25
TWB14,Uvalde_2020_02,29.60214,-99.73007,436.7784,6/28/21,p,2021,06/09/2021 05:30 CDT,97037,24.65,88.1,2.08,8.885,0,101999.42
TWB14,Uvalde_2020_02,29.60214,-99.73007,436.7784,6/28/21,p,2021,06/09/2021 05:35 CDT,97037,24.64,88.3,2.42,8.885,0,101999.59
TWB14,Uvalde_2020_02,29.60214,-99.73007,436.7784,6/28/21,p,2021,06/09/2021 05:40 CDT,97036,24.62,88.7,2.485,8.885,0,101998.54
TWB14,Uvalde_2020_02,29.60214,-99.73007,436.7784,6/28/21,p,2021,06/09/2021 05:45 CDT,97044,24.59,88.8,1.54,8.885,0,102007.29
TWB14,Uvalde_2020_02,29.60214,-99.73007,436.7784,6/28/21,p,2021,06/09/2021 05:50 CDT,97051,24.57,88.7,1.895,8.885,0,102015.16
TWB14,Uvalde_2020_02,29.60214,-99.73007,436.7784,6/28/21,p,2021,06/09/2021 05:55 CDT,97045,24.57,88.7,2.37,8.885,0,102009.02
TWB14,Uvalde_2020_02,29.60214,-99.73007,436.7784,6/28/21,p,2021,06/09/2021 06:00 CDT,97045,24.55,88.9,1.74,8.885,0.01,102009.19
TWB14,Uvalde_2020_02,29.60214,-99.73007,436.7784,6/28/21,p,2021,06/09/2021 06:05 CDT,97051,24.53,88.8,1.875,8.885,0,102015.67
TWB14,Uvalde_2020_02,29.60214,-99.73007,436.7784,6/28/21,p,2021,06/09/2021 06:10 CDT,97059,24.52,89,2.18,8.885,0,102024.08
TWB14,Uvalde_2020_02,29.60214,-99.73007,436.7784,6/28/21,p,2021,06/09/2021 06:15 CDT,97060,24.48,89,1.885,8.885,0,102025.81
TWB14,Uvalde_2020_02,29.60214,-99.73007,436.7784,6/28/21,p,2021,06/09/2021 06:20 CDT,97065,24.47,89.2,1.52,8.885,0,102031.24
TWB14,Uvalde_2020_02,29.60214,-99.73007,436.7784,6/28/21,p,2021,06/09/2021 06:25 CDT,97078,24.46,88.9,2.06,8.885,0,102045.07
TWB14,Uvalde_2020_02,29.60214,-99.73007,436.7784,6/28/21,p,2021,06/09/2021 06:30 CDT,97080,24.45,88.8,2.065,8.885,0,102047.52
TWB14,Uvalde_2020_02,29.60214,-99.73007,436.7784,6/28/21,p,2021,06/09/2021 06:35 CDT,97074,24.43,88.7,2.4,8.885,0.17,102041.9
TWB14,Uvalde_2020_02,29.60214,-99.73007,436.7784,6/28/21,p,2021,06/09/2021 06:40 CDT,97076,24.44,88.8,2.715,8.885,0.22,102044
TWB14,Uvalde_2020_02,29.60214,-99.73007,436.7784,6/28/21,p,2021,06/09/2021 06:45 CDT,97084,24.43,88.8,2.09,8.885,0.56,102052.41
TWB14,Uvalde_2020_02,29.60214,-99.73007,436.7784,6/28/21,p,2021,06/09/2021 06:50 CDT,97090,24.42,89.1,2.245,8.885,0.83,102058.71
TWB14,Uvalde_2020_02,29.60214,-99.73007,436.7784,6/28/21,p,2021,06/09/2021 06:55 CDT,97098,24.38,89.1,2.35,8.885,1.58,102067.8
TWB14,Uvalde_2020_02,29.60214,-99.73007,436.7784,6/28/21,p,2021,06/09/2021 07:00 CDT,97116,24.37,89.1,2.105,8.885,1.78,102087.07
TWB14,Uvalde_2020_02,29.60214,-99.73007,436.7784,6/28/21,p,2021,06/09/2021 07:05 CDT,97118,24.36,89.3,1.87,8.885,2.77,102089.34
TWB14,Uvalde_2020_02,29.60214,-99.73007,436.7784,6/28/21,p,2021,06/09/2021 07:10 CDT,97113,24.34,89.4,2.16,8.885,3.61,102084.08
TWB14,Uvalde_2020_02,29.60214,-99.73007,436.7784,6/28/21,p,2021,06/09/2021 07:15 CDT,97117,24.33,89.2,2.59,8.885,3.84,102088.63
TWB14,Uvalde_2020_02,29.60214,-99.73007,436.7784,6/28/21,p,2021,06/09/2021 07:20 CDT,97118,24.34,89.2,1.935,8.885,7.01,102089.85
TWB14,Uvalde_2020_02,29.60214,-99.73007,436.7784,6/28/21,p,2021,06/09/2021 07:25 CDT,97117,24.35,89.4,2.34,8.885,8.72,102088.46
TWB14,Uvalde_2020_02,29.60214,-99.73007,436.7784,6/28/21,p,2021,06/09/2021 07:30 CDT,97117,24.34,89.7,2.445,8.885,13.71,102088.29
TWB14,Uvalde_2020_02,29.60214,-99.73007,436.7784,6/28/21,p,2021,06/09/2021 07:35 CDT,97118,24.35,89.4,2.45,8.885,15.6,102089.34
TWB14,Uvalde_2020_02,29.60214,-99.73007,436.7784,6/28/21,p,2021,06/09/2021 07:40 CDT,97125,24.39,88.7,2.395,8.885,13.79,102096.53
TWB14,Uvalde_2020_02,29.60214,-99.73007,436.7784,6/28/21,p,2021,06/09/2021 07:45 CDT,97121,24.43,88.7,2.585,8.885,13.7,102091.47
TWB14,Uvalde_2020_02,29.60214,-99.73007,436.7784,6/28/21,p,2021,06/09/2021 07:50 CDT,97117,24.44,89.4,2.745,8.885,15.67,102086.75
TWB14,Uvalde_2020_02,29.60214,-99.73007,436.7784,6/28/21,p,2021,06/09/2021 07:55 CDT,97118,24.41,89.3,2.225,8.885,20.87,102088.14
TWB14,Uvalde_2020_02,29.60214,-99.73007,436.7784,6/28/21,p,2021,06/09/2021 08:00 CDT,97124,24.44,88.7,2.485,8.885,16.63,102094.28
TWB14,Uvalde_2020_02,29.60214,-99.73007,436.7784,6/28/21,p,2021,06/09/2021 08:05 CDT,97132,24.47,88.5,2.98,8.885,17.67,102102.01
TWB14,Uvalde_2020_02,29.60214,-99.73007,436.7784,6/28/21,p,2021,06/09/2021 08:10 CDT,97144,24.48,88.4,2.475,8.885,16.55,102114.46
TWB14,Uvalde_2020_02,29.60214,-99.73007,436.7784,6/28/21,p,2021,06/09/2021 08:15 CDT,97145,24.47,88.7,2.505,8.885,16.24,102115.5
TWB14,Uvalde_2020_02,29.60214,-99.73007,436.7784,6/28/21,p,2021,06/09/2021 08:20 CDT,97152,24.45,88.8,2.56,8.885,15.3,102123.03
TWB14,Uvalde_2020_02,29.60214,-99.73007,436.7784,6/28/21,p,2021,06/09/2021 08:25 CDT,97166,24.43,89.1,2.965,8.885,18.42,102138.26
TWB14,Uvalde_2020_02,29.60214,-99.73007,436.7784,6/28/21,p,2021,06/09/2021 08:30 CDT,97171,24.43,88.9,2.64,8.885,22.23,102143.86
TWB14,Uvalde_2020_02,29.60214,-99.73007,436.7784,6/28/21,p,2021,06/09/2021 08:35 CDT,97180,24.46,88.9,2.18,8.885,19.74,102152.64
TWB14,Uvalde_2020_02,29.60214,-99.73007,436.7784,6/28/21,p,2021,06/09/2021 08:40 CDT,97192,24.44,89.4,2.505,8.885,17.68,102165.07
TWB14,Uvalde_2020_02,29.60214,-99.73007,436.7784,6/28/21,p,2021,06/09/2021 08:45 CDT,97198,24.4,89.9,2.12,8.885,22.31,102172.06
TWB14,Uvalde_2020_02,29.60214,-99.73007,436.7784,6/28/21,p,2021,06/09/2021 08:50 CDT,97200,24.38,90.2,1.97,8.885,17.26,102174.33
TWB14,Uvalde_2020_02,29.60214,-99.73007,436.7784,6/28/21,p,2021,06/09/2021 08:55 CDT,97211,24.36,90.2,1.7,8.885,20.95,102186.58
TWB14,Uvalde_2020_02,29.60214,-99.73007,436.7784,6/28/21,p,2021,06/09/2021 09:00 CDT,97213,24.39,89.9,1.785,8.885,24.98,102188.17
TWB14,Uvalde_2020_02,29.60214,-99.73007,436.7784,6/28/21,p,2021,06/09/2021 09:05 CDT,97224,24.44,89.5,1.84,8.885,23.37,102199.05
TWB14,Uvalde_2020_02,29.60214,-99.73007,436.7784,6/28/21,p,2021,06/09/2021 09:10 CDT,97225,24.48,89,2.575,8.885,32.43,102199.6
TWB14,Uvalde_2020_02,29.60214,-99.73007,436.7784,6/28/21,p,2021,06/09/2021 09:15 CDT,97231,24.53,88.8,2.175,8.885,33.65,102205.39
TWB14,Uvalde_2020_02,29.60214,-99.73007,436.7784,6/28/21,p,2021,06/09/2021 09:20 CDT,97234,24.59,88.5,1.635,8.885,53.41,102207.52
TWB14,Uvalde_2020_02,29.60214,-99.73007,436.7784,6/28/21,p,2021,06/09/2021 09:25 CDT,97242,24.67,88.4,1.79,8.885,58.2,102214.56
TWB14,Uvalde_2020_02,29.60214,-99.73007,436.7784,6/28/21,p,2021,06/09/2021 09:30 CDT,97251,24.75,87.9,2.315,8.885,47.62,102222.32
TWB14,Uvalde_2020_02,29.60214,-99.73007,436.7784,6/28/21,p,2021,06/09/2021 09:35 CDT,97251,24.75,87.9,2.205,8.885,41.47,102222.15
TWB14,Uvalde_2020_02,29.60214,-99.73007,436.7784,6/28/21,p,2021,06/09/2021 09:40 CDT,97252,24.77,88.4,1.375,8.885,41,102222.86
TWB14,Uvalde_2020_02,29.60214,-99.73007,436.7784,6/28/21,p,2021,06/09/2021 09:45 CDT,97257,24.8,87.7,1.835,8.885,26.39,102227.43
TWB14,Uvalde_2020_02,29.60214,-99.73007,436.7784,6/28/21,p,2021,06/09/2021 09:50 CDT,97270,24.81,88.1,2.095,8.885,42.56,102241.1
TWB14,Uvalde_2020_02,29.60214,-99.73007,436.7784,6/28/21,p,2021,06/09/2021 09:55 CDT,97273,24.82,88,1.7,8.885,39.66,102244.08
TWB14,Uvalde_2020_02,29.60214,-99.73007,436.7784,6/28/21,p,2021,06/09/2021 10:00 CDT,97276,24.82,88.3,1.55,8.885,37.21,102247.23
TWB14,Uvalde_2020_02,29.60214,-99.73007,436.7784,6/28/21,p,2021,06/09/2021 10:05 CDT,97280,24.81,88.6,1.295,8.885,36.56,102251.43
TWB14,Uvalde_2020_02,29.60214,-99.73007,436.7784,6/28/21,p,2021,06/09/2021 10:10 CDT,97279,24.79,89.1,1.575,8.885,41.57,102250.38
TWB14,Uvalde_2020_02,29.60214,-99.73007,436.7784,6/28/21,p,2021,06/09/2021 10:15 CDT,97280,24.77,89.3,1.88,8.885,43.97,102251.43
TWB14,Uvalde_2020_02,29.60214,-99.73007,436.7784,6/28/21,p,2021,06/09/2021 10:20 CDT,97283,24.71,90.3,1.6,8.885,52.63,102255.25
TWB14,Uvalde_2020_02,29.60214,-99.73007,436.7784,6/28/21,p,2021,06/09/2021 10:25 CDT,97291,24.67,91.1,1.335,8.885,67.46,102264.17
TWB14,Uvalde_2020_02,29.60214,-99.73007,436.7784,6/28/21,p,2021,06/09/2021 10:30 CDT,97293,24.63,92.4,1.49,8.885,89.9,102266.43
TWB14,Uvalde_2020_02,29.60214,-99.73007,436.7784,6/28/21,p,2021,06/09/2021 10:35 CDT,97297,24.55,92.7,1.79,8.885,93.3,102271.32
TWB14,Uvalde_2020_02,29.60214,-99.73007,436.7784,6/28/21,p,2021,06/09/2021 10:40 CDT,97297,24.55,93.7,1.24,8.885,109.05,102271.99
TWB14,Uvalde_2020_02,29.60214,-99.73007,436.7784,6/28/21,p,2021,06/09/2021 10:45 CDT,97295,24.6,93.6,1.705,8.885,95.35,102268.69
TWB14,Uvalde_2020_02,29.60214,-99.73007,436.7784,6/28/21,p,2021,06/09/2021 10:50 CDT,97293,24.58,93.3,1.85,8.885,98.39,102267.45
TWB14,Uvalde_2020_02,29.60214,-99.73007,436.7784,6/28/21,p,2021,06/09/2021 10:55 CDT,97288,24.59,93.4,2.235,8.885,102.51,102262.53
TWB14,Uvalde_2020_02,29.60214,-99.73007,436.7784,6/28/21,p,2021,06/09/2021 11:00 CDT,97282,24.62,93.5,2.105,8.885,114.2,102256.23
TWB14,Uvalde_2020_02,29.60214,-99.73007,436.7784,6/28/21,p,2021,06/09/2021 11:05 CDT,97280,24.73,93.6,1.76,8.885,123.78,102252.07
TWB14,Uvalde_2020_02,29.60214,-99.73007,436.7784,6/28/21,p,2021,06/09/2021 11:10 CDT,97289,24.78,93.2,2.14,8.885,100.75,102260.85
TWB14,Uvalde_2020_02,29.60214,-99.73007,436.7784,6/28/21,p,2021,06/09/2021 11:15 CDT,97295,24.83,93.3,1.8,8.885,99.55,102266.31
TWB14,Uvalde_2020_02,29.60214,-99.73007,436.7784,6/28/21,p,2021,06/09/2021 11:20 CDT,97302,24.91,92.7,1.325,8.885,122.01,102272.47
TWB14,Uvalde_2020_02,29.60214,-99.73007,436.7784,6/28/21,p,2021,06/09/2021 11:25 CDT,97303,24.98,92,2.135,8.885,115.08,102272.17
TWB14,Uvalde_2020_02,29.60214,-99.73007,436.7784,6/28/21,p,2021,06/09/2021 11:30 CDT,97304,25.05,91.4,1.81,8.885,111.97,102272.03
TWB14,Uvalde_2020_02,29.60214,-99.73007,436.7784,6/28/21,p,2021,06/09/2021 11:35 CDT,97312,25.14,90.9,1.615,8.885,142.44,102279.08
TWB14,Uvalde_2020_02,29.60214,-99.73007,436.7784,6/28/21,p,2021,06/09/2021 11:40 CDT,97315,25.31,90.4,1.675,8.885,110.56,102279.68
TWB14,Uvalde_2020_02,29.60214,-99.73007,436.7784,6/28/21,p,2021,06/09/2021 11:45 CDT,97317,25.47,89.7,1.61,8.885,151.15,102278.9
TWB14,Uvalde_2020_02,29.60214,-99.73007,436.7784,6/28/21,p,2021,06/09/2021 11:50 CDT,97314,25.65,88.5,1.21,8.885,210.78,102273.04
TWB14,Uvalde_2020_02,29.60214,-99.73007,436.7784,6/28/21,p,2021,06/09/2021 11:55 CDT,97315,25.86,89.3,1.77,8.885,198.09,102270.01
TWB14,Uvalde_2020_02,29.60214,-99.73007,436.7784,6/28/21,p,2021,06/09/2021 12:00 CDT,97313,26,87.5,1.855,8.885,233.06,102265.04
TWB14,Uvalde_2020_02,29.60214,-99.73007,436.7784,6/28/21,p,2021,06/09/2021 12:05 CDT,97311,26.2,85.8,1.88,8.885,253.08,102260.08
TWB14,Uvalde_2020_02,29.60214,-99.73007,436.7784,6/28/21,p,2021,06/09/2021 12:10 CDT,97306,26.26,86.1,1.75,8.885,184.46,102252.96
TWB14,Uvalde_2020_02,29.60214,-99.73007,436.7784,6/28/21,p,2021,06/09/2021 12:15 CDT,97300,26.34,85.7,1.975,8.885,195.71,102244.97
TWB14,Uvalde_2020_02,29.60214,-99.73007,436.7784,6/28/21,p,2021,06/09/2021 12:20 CDT,97298,26.41,84.9,1.71,8.885,185.83,102241.7
TWB14,Uvalde_2020_02,29.60214,-99.73007,436.7784,6/28/21,p,2021,06/09/2021 12:25 CDT,97295,26.48,84.5,1.73,8.885,194.64,102237.2
TWB14,Uvalde_2020_02,29.60214,-99.73007,436.7784,6/28/21,p,2021,06/09/2021 12:30 CDT,97294,26.55,84.4,1.455,8.885,205.67,102235.14
TWB14,Uvalde_2020_02,29.60214,-99.73007,436.7784,6/28/21,p,2021,06/09/2021 12:35 CDT,97296,26.75,84.6,1.63,8.885,275.56,102234.71
TWB14,Uvalde_2020_02,29.60214,-99.73007,436.7784,6/28/21,p,2021,06/09/2021 12:40 CDT,97307,26.9,83.6,1.945,8.885,246.28,102242.74
TWB14,Uvalde_2020_02,29.60214,-99.73007,436.7784,6/28/21,p,2021,06/09/2021 12:45 CDT,97309,26.82,83.6,1.595,8.885,151.29,102245.51
TWB14,Uvalde_2020_02,29.60214,-99.73007,436.7784,6/28/21,p,2021,06/09/2021 12:50 CDT,97316,26.87,82.3,1.395,8.885,,102252.54
TWB14,Uvalde_2020_02,29.60214,-99.73007,436.7784,6/28/21,p,2021,06/09/2021 12:55 CDT,97320,26.98,82.2,1.785,8.885,195.82,102255.57
TWB14,Uvalde_2020_02,29.60214,-99.73007,436.7784,6/28/21,p,2021,06/09/2021 13:00 CDT,97318,26.94,82.8,2.005,8.885,241.6,102253.46
TWB14,Uvalde_2020_02,29.60214,-99.73007,436.7784,6/28/21,p,2021,06/09/2021 13:05 CDT,97320,27.11,81.7,2.285,8.885,276.35,102253.05
TWB14,Uvalde_2020_02,29.60214,-99.73007,436.7784,6/28/21,p,2021,06/09/2021 13:10 CDT,97320,27.06,82.4,2.31,8.885,281.27,102252.37
TWB14,Uvalde_2020_02,29.60214,-99.73007,436.7784,6/28/21,p,2021,06/09/2021 13:15 CDT,97322,27.24,81.4,1.665,8.885,217.97,102252.81
TWB14,Uvalde_2020_02,29.60214,-99.73007,436.7784,6/28/21,p,2021,06/09/2021 13:20 CDT,97329,27.18,82,1.74,8.885,221.81,102259.82
TWB14,Uvalde_2020_02,29.60214,-99.73007,436.7784,6/28/21,p,2021,06/09/2021 13:25 CDT,97325,27.26,80.1,1.895,8.885,296.82,102255.3
TWB14,Uvalde_2020_02,29.60214,-99.73007,436.7784,6/28/21,p,2021,06/09/2021 13:30 CDT,97316,27.37,79.81,1.85,8.885,334.43,102243.83
TWB14,Uvalde_2020_02,29.60214,-99.73007,436.7784,6/28/21,p,2021,06/09/2021 13:35 CDT,97313,27.67,80.8,1.575,8.885,313.15,102236.48
TWB14,Uvalde_2020_02,29.60214,-99.73007,436.7784,6/28/21,p,2021,06/09/2021 13:40 CDT,97304,27.82,80.5,1.97,8.885,297.36,102223.18
TWB14,Uvalde_2020_02,29.60214,-99.73007,436.7784,6/28/21,p,2021,06/09/2021 13:45 CDT,97301,27.78,78.82,1.815,8.885,319.45,102220.55
TWB14,Uvalde_2020_02,29.60214,-99.73007,436.7784,6/28/21,p,2021,06/09/2021 13:50 CDT,97300,27.84,78.55,1.85,8.885,293.16,102218
TWB14,Uvalde_2020_02,29.60214,-99.73007,436.7784,6/28/21,p,2021,06/09/2021 13:55 CDT,97291,27.74,80,1.755,8.885,274.77,102210.54
TWB14,Uvalde_2020_02,29.60214,-99.73007,436.7784,6/28/21,p,2021,06/09/2021 14:00 CDT,97289,27.79,78.95,2.09,8.885,257.34,102207.61
TWB14,Uvalde_2020_02,29.60214,-99.73007,436.7784,6/28/21,p,2021,06/09/2021 14:05 CDT,97284,27.7,80.8,1.835,8.885,315.73,102203.84
TWB14,Uvalde_2020_02,29.60214,-99.73007,436.7784,6/28/21,p,2021,06/09/2021 14:10 CDT,97281,28.05,75.89,1.465,8.885,406.16,102196.56
TWB14,Uvalde_2020_02,29.60214,-99.73007,436.7784,6/28/21,p,2021,06/09/2021 14:15 CDT,97270,28.09,76.83,1.6,8.885,379.43,102183.16
TWB14,Uvalde_2020_02,29.60214,-99.73007,436.7784,6/28/21,p,2021,06/09/2021 14:20 CDT,97259,28.26,75.18,1.915,8.885,412.03,102168.13
TWB14,Uvalde_2020_02,29.60214,-99.73007,436.7784,6/28/21,p,2021,06/09/2021 14:25 CDT,97255,28.42,77.03,1.785,8.885,351.59,102162.07
TWB14,Uvalde_2020_02,29.60214,-99.73007,436.7784,6/28/21,p,2021,06/09/2021 14:30 CDT,97251,28.48,76.15,1.74,8.885,409.81,102156.55
TWB14,Uvalde_2020_02,29.60214,-99.73007,436.7784,6/28/21,p,2021,06/09/2021 14:35 CDT,97239,28.64,73.89,2.085,8.885,469.26,102141.81
TWB14,Uvalde_2020_02,29.60214,-99.73007,436.7784,6/28/21,p,2021,06/09/2021 14:40 CDT,97237,28.91,74.66,2.16,8.885,422.57,102134.22
TWB14,Uvalde_2020_02,29.60214,-99.73007,436.7784,6/28/21,p,2021,06/09/2021 14:45 CDT,97235,28.58,75.88,3.105,8.885,310.08,102135.59
TWB14,Uvalde_2020_02,29.60214,-99.73007,436.7784,6/28/21,p,2021,06/09/2021 14:50 CDT,97233,28.37,73.99,2.615,8.885,332.68,102138.33
TWB14,Uvalde_2020_02,29.60214,-99.73007,436.7784,6/28/21,p,2021,06/09/2021 14:55 CDT,97226,28.52,75.67,1.9,8.885,393.87,102130.63
TWB14,Uvalde_2020_02,29.60214,-99.73007,436.7784,6/28/21,p,2021,06/09/2021 15:00 CDT,97223,29,76.95,1.395,8.885,397.04,102120.65
TWB14,Uvalde_2020_02,29.60214,-99.73007,436.7784,6/28/21,p,2021,06/09/2021 15:05 CDT,97221,28.95,75.17,2.59,8.885,361.12,102115.76
TWB14,Uvalde_2020_02,29.60214,-99.73007,436.7784,6/28/21,p,2021,06/09/2021 15:10 CDT,97215,28.98,74.7,1.985,8.885,426.58,102110.29
TWB14,Uvalde_2020_02,29.60214,-99.73007,436.7784,6/28/21,p,2021,06/09/2021 15:15 CDT,97210,29.05,73.72,2.54,8.885,382.51,102102.89
TWB14,Uvalde_2020_02,29.60214,-99.73007,436.7784,6/28/21,p,2021,06/09/2021 15:20 CDT,97203,29.03,72.41,2.795,8.885,573.47,102096.55
TWB14,Uvalde_2020_02,29.60214,-99.73007,436.7784,6/28/21,p,2021,06/09/2021 15:25 CDT,97202,29.17,74.12,1.825,8.885,387.94,102093.82
TWB14,Uvalde_2020_02,29.60214,-99.73007,436.7784,6/28/21,p,2021,06/09/2021 15:30 CDT,97198,29.33,72.44,2.155,8.885,487.73,102087.33
TWB14,Uvalde_2020_02,29.60214,-99.73007,436.7784,6/28/21,p,2021,06/09/2021 15:35 CDT,97195,29.55,70.79,2.745,8.885,490.55,102079.9
TWB14,Uvalde_2020_02,29.60214,-99.73007,436.7784,6/28/21,p,2021,06/09/2021 15:40 CDT,97190,29.4,72.84,2.535,8.885,490.37,102075.62
TWB14,Uvalde_2020_02,29.60214,-99.73007,436.7784,6/28/21,p,2021,06/09/2021 15:45 CDT,97176,29.72,69.74,2.78,8.885,589.42,102057.81
TWB14,Uvalde_2020_02,29.60214,-99.73007,436.7784,6/28/21,p,2021,06/09/2021 15:50 CDT,97174,29.81,70.65,2.11,8.885,367.63,102053.23
TWB14,Uvalde_2020_02,29.60214,-99.73007,436.7784,6/28/21,p,2021,06/09/2021 15:55 CDT,97166,29.94,69.13,2.295,8.885,652.89,102043.53
TWB14,Uvalde_2020_02,29.60214,-99.73007,436.7784,6/28/21,p,2021,06/09/2021 16:00 CDT,97163,30.07,68.49,2.77,8.885,433.55,102037.59
TWB14,Uvalde_2020_02,29.60214,-99.73007,436.7784,6/28/21,p,2021,06/09/2021 16:05 CDT,97162,29.97,68.76,3.31,8.885,591.11,102037.69
TWB14,Uvalde_2020_02,29.60214,-99.73007,436.7784,6/28/21,p,2021,06/09/2021 16:10 CDT,97159,30.15,69.03,2.405,8.885,554.82,102032.73
TWB14,Uvalde_2020_02,29.60214,-99.73007,436.7784,6/28/21,p,2021,06/09/2021 16:15 CDT,97154,30.26,66.84,2.92,8.885,474.44,102025.2
TWB14,Uvalde_2020_02,29.60214,-99.73007,436.7784,6/28/21,p,2021,06/09/2021 16:20 CDT,97143,30.27,66.91,2.74,8.885,572.58,102013.82
TWB14,Uvalde_2020_02,29.60214,-99.73007,436.7784,6/28/21,p,2021,06/09/2021 16:25 CDT,97135,30.37,67.48,2.97,8.885,423.69,102003.77
TWB14,Uvalde_2020_02,29.60214,-99.73007,436.7784,6/28/21,p,2021,06/09/2021 16:30 CDT,97130,30.34,68.09,2.375,8.885,508.01,101998.84
TWB14,Uvalde_2020_02,29.60214,-99.73007,436.7784,6/28/21,p,2021,06/09/2021 16:35 CDT,97113,30.54,65.53,2.83,8.885,568.71,101977.9
TWB14,Uvalde_2020_02,29.60214,-99.73007,436.7784,6/28/21,p,2021,06/09/2021 16:40 CDT,97106,30.78,65.59,2.45,8.885,547.78,101968.26
TWB14,Uvalde_2020_02,29.60214,-99.73007,436.7784,6/28/21,p,2021,06/09/2021 16:45 CDT,97106,30.66,67.31,3.2,8.885,234.89,101967.75
TWB14,Uvalde_2020_02,29.60214,-99.73007,436.7784,6/28/21,p,2021,06/09/2021 16:50 CDT,97101,30.45,68.59,2.03,8.885,382.61,101967.23
TWB14,Uvalde_2020_02,29.60214,-99.73007,436.7784,6/28/21,p,2021,06/09/2021 16:55 CDT,97094,30.66,68.49,3.16,8.885,436.68,101957.1
TWB14,Uvalde_2020_02,29.60214,-99.73007,436.7784,6/28/21,p,2021,06/09/2021 17:00 CDT,97086,30.66,67.71,2.835,8.885,307.5,101948.21
TWB14,Uvalde_2020_02,29.60214,-99.73007,436.7784,6/28/21,p,2021,06/09/2021 17:05 CDT,97083,30.3,69.3,3.225,8.885,327.88,101950.29
TWB14,Uvalde_2020_02,29.60214,-99.73007,436.7784,6/28/21,p,2021,06/09/2021 17:10 CDT,97076,30.55,66.87,2.495,8.885,490.83,101941.32
TWB14,Uvalde_2020_02,29.60214,-99.73007,436.7784,6/28/21,p,2021,06/09/2021 17:15 CDT,97069,30.95,64.21,2.8,8.885,410.82,101927.3
TWB14,Uvalde_2020_02,29.60214,-99.73007,436.7784,6/28/21,p,2021,06/09/2021 17:20 CDT,97075,30.77,65.42,3.09,8.885,385.51,101934.24
TWB14,Uvalde_2020_02,29.60214,-99.73007,436.7784,6/28/21,p,2021,06/09/2021 17:25 CDT,97065,31.03,64.99,2.085,8.885,479.3,101921.78
TWB14,Uvalde_2020_02,29.60214,-99.73007,436.7784,6/28/21,p,2021,06/09/2021 17:30 CDT,97059,31.19,65.09,3.9,8.885,435.77,101910.91
TWB14,Uvalde_2020_02,29.60214,-99.73007,436.7784,6/28/21,p,2021,06/09/2021 17:35 CDT,97052,31.08,64.55,2.895,8.885,426.19,101905.52
TWB14,Uvalde_2020_02,29.60214,-99.73007,436.7784,6/28/21,p,2021,06/09/2021 17:40 CDT,97043,31.27,64.98,3.02,8.885,379.3,101893.79
TWB14,Uvalde_2020_02,29.60214,-99.73007,436.7784,6/28/21,p,2021,06/09/2021 17:45 CDT,97040,30.78,67.91,3.315,8.885,248.12,101896.31
TWB14,Uvalde_2020_02,29.60214,-99.73007,436.7784,6/28/21,p,2021,06/09/2021 17:50 CDT,97029,30.68,66.67,3.265,8.885,398.76,101889.19
TWB14,Uvalde_2020_02,29.60214,-99.73007,436.7784,6/28/21,p,2021,06/09/2021 17:55 CDT,97025,30.83,67.38,2.665,8.885,375.14,101883.02
TWB14,Uvalde_2020_02,29.60214,-99.73007,436.7784,6/28/21,p,2021,06/09/2021 18:00 CDT,97025,31.09,66.37,3.18,8.885,319.25,101878.78
TWB14,Uvalde_2020_02,29.60214,-99.73007,436.7784,6/28/21,p,2021,06/09/2021 18:05 CDT,97018,30.95,65.29,3,8.885,357.72,101872.43
TWB14,Uvalde_2020_02,29.60214,-99.73007,436.7784,6/28/21,p,2021,06/09/2021 18:10 CDT,97013,30.78,66.7,3.46,8.885,200.59,101869.28
TWB14,Uvalde_2020_02,29.60214,-99.73007,436.7784,6/28/21,p,2021,06/09/2021 18:15 CDT,97010,30.31,68.93,2.93,8.885,111.57,101874.12
TWB14,Uvalde_2020_02,29.60214,-99.73007,436.7784,6/28/21,p,2021,06/09/2021 18:20 CDT,97009,30.22,69.1,2.785,8.885,237.36,101876.51
TWB14,Uvalde_2020_02,29.60214,-99.73007,436.7784,6/28/21,p,2021,06/09/2021 18:25 CDT,97002,30.45,68.29,2.63,8.885,215.7,101866.06
TWB14,Uvalde_2020_02,29.60214,-99.73007,436.7784,6/28/21,p,2021,06/09/2021 18:30 CDT,97000,30.36,69.74,2.87,8.885,111.84,101863.94
TWB14,Uvalde_2020_02,29.60214,-99.73007,436.7784,6/28/21,p,2021,06/09/2021 18:35 CDT,96999,30.25,68.79,2.395,8.885,236.22,101865.85
TWB14,Uvalde_2020_02,29.60214,-99.73007,436.7784,6/28/21,p,2021,06/09/2021 18:40 CDT,96994,30.5,67.24,2.535,8.885,241.56,101857.67
TWB14,Uvalde_2020_02,29.60214,-99.73007,436.7784,6/28/21,p,2021,06/09/2021 18:45 CDT,96994,30.44,68.09,3.69,8.885,183.81,101856.84
TWB14,Uvalde_2020_02,29.60214,-99.73007,436.7784,6/28/21,p,2021,06/09/2021 18:50 CDT,96999,30.18,69.06,3.325,8.885,196.82,101866.01
TWB14,Uvalde_2020_02,29.60214,-99.73007,436.7784,6/28/21,p,2021,06/09/2021 18:55 CDT,97000,30.2,66.37,3.07,8.885,231.6,101868.08
TWB14,Uvalde_2020_02,29.60214,-99.73007,436.7784,6/28/21,p,2021,06/09/2021 19:00 CDT,96996,30.29,66.98,3.39,8.885,167.03,101862.72
TWB14,Uvalde_2020_02,29.60214,-99.73007,436.7784,6/28/21,p,2021,06/09/2021 19:05 CDT,96992,30.01,67.99,3.03,8.885,71.95,101861.3
TWB14,Uvalde_2020_02,29.60214,-99.73007,436.7784,6/28/21,p,2021,06/09/2021 19:10 CDT,96988,29.81,69.74,2.055,8.885,108.34,101861.19
TWB14,Uvalde_2020_02,29.60214,-99.73007,436.7784,6/28/21,p,2021,06/09/2021 19:15 CDT,96996,29.81,68.53,2.035,8.885,112.13,101870.76
TWB14,Uvalde_2020_02,29.60214,-99.73007,436.7784,6/28/21,p,2021,06/09/2021 19:20 CDT,97004,29.84,68.67,2.445,8.885,91.99,101878.5
TWB14,Uvalde_2020_02,29.60214,-99.73007,436.7784,6/28/21,p,2021,06/09/2021 19:25 CDT,97005,29.72,70.66,1.75,8.885,72.63,101880.84
TWB14,Uvalde_2020_02,29.60214,-99.73007,436.7784,6/28/21,p,2021,06/09/2021 19:30 CDT,97006,29.7,68.97,3.24,8.885,106.12,101883.4
TWB14,Uvalde_2020_02,29.60214,-99.73007,436.7784,6/28/21,p,2021,06/09/2021 19:35 CDT,97007,29.74,69.34,2.285,8.885,90.32,101883.78
TWB14,Uvalde_2020_02,29.60214,-99.73007,436.7784,6/28/21,p,2021,06/09/2021 19:40 CDT,97017,29.68,70.08,2.71,8.885,73.84,101894.61
TWB14,Uvalde_2020_02,29.60214,-99.73007,436.7784,6/28/21,p,2021,06/09/2021 19:45 CDT,97023,29.56,70.32,2.445,8.885,72.23,101902.56
TWB14,Uvalde_2020_02,29.60214,-99.73007,436.7784,6/28/21,p,2021,06/09/2021 19:50 CDT,97032,29.45,70.89,2.32,8.885,49.79,101913.98
TWB14,Uvalde_2020_02,29.60214,-99.73007,436.7784,6/28/21,p,2021,06/09/2021 19:55 CDT,97033,29.36,71.3,2.89,8.885,51.01,101916.68
TWB14,Uvalde_2020_02,29.60214,-99.73007,436.7784,6/28/21,p,2021,06/09/2021 20:00 CDT,97035,29.3,71.43,2.82,8.885,44.74,101919.93
TWB14,Uvalde_2020_02,29.60214,-99.73007,436.7784,6/28/21,p,2021,06/09/2021 20:05 CDT,97043,29.18,72.31,1.85,8.885,33.03,101930.31
TWB14,Uvalde_2020_02,29.60214,-99.73007,436.7784,6/28/21,p,2021,06/09/2021 20:10 CDT,97049,29.06,72.52,2.405,8.885,23.56,101938.27
TWB14,Uvalde_2020_02,29.60214,-99.73007,436.7784,6/28/21,p,2021,06/09/2021 20:15 CDT,97052,28.93,73.13,2.075,8.885,17.76,101943.56
TWB14,Uvalde_2020_02,29.60214,-99.73007,436.7784,6/28/21,p,2021,06/09/2021 20:20 CDT,97050,28.77,73.8,2.03,8.885,12.68,101943.94
TWB14,Uvalde_2020_02,29.60214,-99.73007,436.7784,6/28/21,p,2021,06/09/2021 20:25 CDT,97051,28.66,74.41,2.295,8.885,8.04,101947.64
TWB14,Uvalde_2020_02,29.60214,-99.73007,436.7784,6/28/21,p,2021,06/09/2021 20:30 CDT,97052,28.59,74.37,2.5,8.885,4.09,101950.35
TWB14,Uvalde_2020_02,29.60214,-99.73007,436.7784,6/28/21,p,2021,06/09/2021 20:35 CDT,97057,28.49,74.98,1.875,8.885,3.27,101956.76
TWB14,Uvalde_2020_02,29.60214,-99.73007,436.7784,6/28/21,p,2021,06/09/2021 20:40 CDT,97067,28.41,74.82,1.99,8.885,1.26,101969.1
TWB14,Uvalde_2020_02,29.60214,-99.73007,436.7784,6/28/21,p,2021,06/09/2021 20:45 CDT,97067,28.33,75.22,2.095,8.885,0.64,101969.92
TWB14,Uvalde_2020_02,29.60214,-99.73007,436.7784,6/28/21,p,2021,06/09/2021 20:50 CDT,97063,28.28,75.43,1.995,8.885,0.17,101966.89
TWB14,Uvalde_2020_02,29.60214,-99.73007,436.7784,6/28/21,p,2021,06/09/2021 20:55 CDT,97066,28.21,75.16,2.45,8.885,0,101971.37
TWB14,Uvalde_2020_02,29.60214,-99.73007,436.7784,6/28/21,p,2021,06/09/2021 21:00 CDT,97072,28.15,75.3,1.9,8.885,0,101978.51
TWB14,Uvalde_2020_02,29.60214,-99.73007,436.7784,6/28/21,p,2021,06/09/2021 21:05 CDT,97075,28.06,75.71,2.01,8.885,0,101983.32
TWB14,Uvalde_2020_02,29.60214,-99.73007,436.7784,6/28/21,p,2021,06/09/2021 21:10 CDT,97077,27.98,75.58,2.105,8.885,0.04,101986.59
TWB14,Uvalde_2020_02,29.60214,-99.73007,436.7784,6/28/21,p,2021,06/09/2021 21:15 CDT,97078,27.93,75.64,1.995,8.885,0,101989.14
TWB14,Uvalde_2020_02,29.60214,-99.73007,436.7784,6/28/21,p,2021,06/09/2021 21:20 CDT,97078,27.96,75.51,2.14,8.885,0,101988.98
TWB14,Uvalde_2020_02,29.60214,-99.73007,436.7784,6/28/21,p,2021,06/09/2021 21:25 CDT,97079,27.87,75.78,2.1,8.885,0,101991.03
TWB14,Uvalde_2020_02,29.60214,-99.73007,436.7784,6/28/21,p,2021,06/09/2021 21:30 CDT,97078,27.86,75.58,2.655,8.885,0,101990.65
TWB14,Uvalde_2020_02,29.60214,-99.73007,436.7784,6/28/21,p,2021,06/09/2021 21:35 CDT,97080,27.9,75.44,2.455,8.885,0,101992.25
TWB14,Uvalde_2020_02,29.60214,-99.73007,436.7784,6/28/21,p,2021,06/09/2021 21:40 CDT,97090,27.81,76.18,1.97,8.885,0,102003.25
TWB14,Uvalde_2020_02,29.60214,-99.73007,436.7784,6/28/21,p,2021,06/09/2021 21:45 CDT,97101,27.73,76.02,2.38,8.885,0.01,102016.14
TWB14,Uvalde_2020_02,29.60214,-99.73007,436.7784,6/28/21,p,2021,06/09/2021 21:50 CDT,97105,27.71,76.52,2.31,8.885,0,102020.68
TWB14,Uvalde_2020_02,29.60214,-99.73007,436.7784,6/28/21,p,2021,06/09/2021 21:55 CDT,97105,27.71,76.65,2.9,8.885,0,102020.84
TWB14,Uvalde_2020_02,29.60214,-99.73007,436.7784,6/28/21,p,2021,06/09/2021 22:00 CDT,97111,27.64,77.73,2.445,8.885,0,102027.64
TWB14,Uvalde_2020_02,29.60214,-99.73007,436.7784,6/28/21,p,2021,06/09/2021 22:05 CDT,97119,27.56,78.47,2.93,8.885,0,102037.71
TWB14,Uvalde_2020_02,29.60214,-99.73007,436.7784,6/28/21,p,2021,06/09/2021 22:10 CDT,97129,27.5,78.88,3,8.465,0,102049.05
TWB14,Uvalde_2020_02,29.60214,-99.73007,436.7784,6/28/21,p,2021,06/09/2021 22:15 CDT,97133,27.43,79.86,2.92,8.465,0.02,102054.24
TWB14,Uvalde_2020_02,29.60214,-99.73007,436.7784,6/28/21,p,2021,06/09/2021 22:20 CDT,97134,27.34,80.8,3.4,8.465,0.01,102056.12
TWB14,Uvalde_2020_02,29.60214,-99.73007,436.7784,6/28/21,p,2021,06/09/2021 22:25 CDT,97136,27.25,81.2,2.975,8.465,0,102059.9
TWB14,Uvalde_2020_02,29.60214,-99.73007,436.7784,6/28/21,p,2021,06/09/2021 22:30 CDT,97139,27.21,81.6,3.495,8.465,0,102063.89
TWB14,Uvalde_2020_02,29.60214,-99.73007,436.7784,6/28/21,p,2021,06/09/2021 22:35 CDT,97138,27.17,81.9,3.035,8.465,0,102063.67
TWB14,Uvalde_2020_02,29.60214,-99.73007,436.7784,6/28/21,p,2021,06/09/2021 22:40 CDT,97142,27.08,82.6,3.215,8.465,0,102068.87
TWB14,Uvalde_2020_02,29.60214,-99.73007,436.7784,6/28/21,p,2021,06/09/2021 22:45 CDT,97155,27.01,83.1,2.795,8.465,0,102083.37
TWB14,Uvalde_2020_02,29.60214,-99.73007,436.7784,6/28/21,p,2021,06/09/2021 22:50 CDT,97170,26.92,83.6,2.745,8.465,0,102100.81
TWB14,Uvalde_2020_02,29.60214,-99.73007,436.7784,6/28/21,p,2021,06/09/2021 22:55 CDT,97175,26.88,84,2.965,8.465,0,102106.73
TWB14,Uvalde_2020_02,29.60214,-99.73007,436.7784,6/28/21,p,2021,06/09/2021 23:00 CDT,97176,26.85,84.3,3.21,8.465,0,102108.45
TWB14,Uvalde_2020_02,29.60214,-99.73007,436.7784,6/28/21,p,2021,06/09/2021 23:05 CDT,97174,26.8,84.5,3.66,8.465,0,102107.02
TWB14,Uvalde_2020_02,29.60214,-99.73007,436.7784,6/28/21,p,2021,06/09/2021 23:10 CDT,97177,26.78,84.7,3.075,8.465,0,102110.34
TWB14,Uvalde_2020_02,29.60214,-99.73007,436.7784,6/28/21,p,2021,06/09/2021 23:15 CDT,97186,26.74,85.1,3.12,8.465,0,102120.13
TWB14,Uvalde_2020_02,29.60214,-99.73007,436.7784,6/28/21,p,2021,06/09/2021 23:20 CDT,97192,26.7,85.1,3.165,8.465,0.04,102127.27
TWB14,Uvalde_2020_02,29.60214,-99.73007,436.7784,6/28/21,p,2021,06/09/2021 23:25 CDT,97190,26.64,85.4,3.01,8.465,0,102126.18
TWB14,Uvalde_2020_02,29.60214,-99.73007,436.7784,6/28/21,p,2021,06/09/2021 23:30 CDT,97192,26.59,85.6,2.83,8.465,0,102129.12
TWB14,Uvalde_2020_02,29.60214,-99.73007,436.7784,6/28/21,p,2021,06/09/2021 23:35 CDT,97193,26.54,85.9,2.455,8.465,0.05,102130.84
TWB14,Uvalde_2020_02,29.60214,-99.73007,436.7784,6/28/21,p,2021,06/09/2021 23:40 CDT,97193,26.49,85.9,2.765,8.465,0.11,102131.69
TWB14,Uvalde_2020_02,29.60214,-99.73007,436.7784,6/28/21,p,2021,06/09/2021 23:45 CDT,97194,26.44,86.1,3.685,9.3,0.04,102133.41
TWB14,Uvalde_2020_02,29.60214,-99.73007,436.7784,6/28/21,p,2021,06/09/2021 23:50 CDT,97195,26.36,86.5,3.825,8.9,0.09,102135.98
TWB14,Uvalde_2020_02,29.60214,-99.73007,436.7784,6/28/21,p,2021,06/09/2021 23:55 CDT,97194,26.31,86.4,3.975,8.9,0.04,102136.11
TWB14,Uvalde_2020_02,29.60214,-99.73007,436.7784,6/28/21,p,2021,06/10/2021 00:00 CDT,97204,26.27,86.6,2.925,8.9,0.02,102147.29
TWB14,Uvalde_2020_02,29.60214,-99.73007,436.7784,6/28/21,p,2021,06/10/2021 00:05 CDT,97207,26.22,86.8,3.535,8.9,0.21,102150.95
TWB14,Uvalde_2020_02,29.60214,-99.73007,436.7784,6/28/21,p,2021,06/10/2021 00:10 CDT,97206,26.16,86.9,3.26,8.9,0.3,102150.74
TWB14,Uvalde_2020_02,29.60214,-99.73007,436.7784,6/28/21,p,2021,06/10/2021 00:15 CDT,97195,26.1,87,3.88,8.9,0.1,102140.37
TWB14,Uvalde_2020_02,29.60214,-99.73007,436.7784,6/28/21,p,2021,06/10/2021 00:20 CDT,97193,26.07,87,3.12,8.9,0.07,102138.94
TWB14,Uvalde_2020_02,29.60214,-99.73007,436.7784,6/28/21,p,2021,06/10/2021 00:25 CDT,97194,26.03,87.2,3.125,8.9,0.13,102140.67
TWB14,Uvalde_2020_02,29.60214,-99.73007,436.7784,6/28/21,p,2021,06/10/2021 00:30 CDT,97209,25.98,87.2,3.1,8.9,0.02,102157.44
TWB14,Uvalde_2020_02,29.60214,-99.73007,436.7784,6/28/21,p,2021,06/10/2021 00:35 CDT,97218,25.94,87.3,3.57,8.9,0.14,102167.07
TWB14,Uvalde_2020_02,29.60214,-99.73007,436.7784,6/28/21,p,2021,06/10/2021 00:40 CDT,97217,25.87,87.7,3.76,8.9,0.38,102166.86
TWB14,Uvalde_2020_02,29.60214,-99.73007,436.7784,6/28/21,p,2021,06/10/2021 00:45 CDT,97220,25.79,88.1,3.115,8.9,0.38,102171.37
TWB14,Uvalde_2020_02,29.60214,-99.73007,436.7784,6/28/21,p,2021,06/10/2021 00:50 CDT,97218,25.73,88.4,2.795,8.9,0.37,102170.62
TWB14,Uvalde_2020_02,29.60214,-99.73007,436.7784,6/28/21,p,2021,06/10/2021 00:55 CDT,97215,25.68,88.7,2.86,8.9,0.37,102168.31
TWB14,Uvalde_2020_02,29.60214,-99.73007,436.7784,6/28/21,p,2021,06/10/2021 01:00 CDT,97212,25.62,88.9,2.825,8.9,0.35,102166
TWB14,Uvalde_2020_02,29.60214,-99.73007,436.7784,6/28/21,p,2021,06/10/2021 01:05 CDT,97212,25.59,89.1,2.775,8.9,0.09,102166.51
TWB14,Uvalde_2020_02,29.60214,-99.73007,436.7784,6/28/21,p,2021,06/10/2021 01:10 CDT,97206,25.54,89.3,2.87,8.9,0.06,102161.05
TWB14,Uvalde_2020_02,29.60214,-99.73007,436.7784,6/28/21,p,2021,06/10/2021 01:15 CDT,97197,25.5,89.6,2.21,8.9,0.2,102152.44
TWB14,Uvalde_2020_02,29.60214,-99.73007,436.7784,6/28/21,p,2021,06/10/2021 01:20 CDT,97201,25.47,89.8,1.805,8.9,0.12,102157.15
TWB14,Uvalde_2020_02,29.60214,-99.73007,436.7784,6/28/21,p,2021,06/10/2021 01:25 CDT,97194,25.42,89.9,2.655,8.9,0.04,102150.47
TWB14,Uvalde_2020_02,29.60214,-99.73007,436.7784,6/28/21,p,2021,06/10/2021 01:30 CDT,97192,25.37,89.9,2.715,8.9,0,102149.22
TWB14,Uvalde_2020_02,29.60214,-99.73007,436.7784,6/28/21,p,2021,06/10/2021 01:35 CDT,97189,25.32,90.3,2.905,8.9,0.35,102146.74
TWB14,Uvalde_2020_02,29.60214,-99.73007,436.7784,6/28/21,p,2021,06/10/2021 01:40 CDT,97174,25.24,90.5,2.655,8.9,0.31,102132.34
TWB14,Uvalde_2020_02,29.60214,-99.73007,436.7784,6/28/21,p,2021,06/10/2021 01:45 CDT,97166,25.17,90.8,2.77,8.9,0.15,102125.29
TWB14,Uvalde_2020_02,29.60214,-99.73007,436.7784,6/28/21,p,2021,06/10/2021 01:50 CDT,97170,25.11,91.2,2.465,8.9,0.2,102130.34
TWB14,Uvalde_2020_02,29.60214,-99.73007,436.7784,6/28/21,p,2021,06/10/2021 01:55 CDT,97177,25.06,91.4,2.575,8.9,0.29,102138.37
TWB14,Uvalde_2020_02,29.60214,-99.73007,436.7784,6/28/21,p,2021,06/10/2021 02:00 CDT,97175,24.99,91.7,2.15,8.9,0.22,102137.46
TWB14,Uvalde_2020_02,29.60214,-99.73007,436.7784,6/28/21,p,2021,06/10/2021 02:05 CDT,97173,24.94,91.9,2.33,8.9,0,102136.21
TWB14,Uvalde_2020_02,29.60214,-99.73007,436.7784,6/28/21,p,2021,06/10/2021 02:10 CDT,97168,24.87,92,3.01,8.9,0,102132.32
TWB14,Uvalde_2020_02,29.60214,-99.73007,436.7784,6/28/21,p,2021,06/10/2021 02:15 CDT,97164,24.83,92.2,2.585,8.9,0.19,102128.96
TWB14,Uvalde_2020_02,29.60214,-99.73007,436.7784,6/28/21,p,2021,06/10/2021 02:20 CDT,97160,24.8,92.2,2.425,8.9,0,102125.44
TWB14,Uvalde_2020_02,29.60214,-99.73007,436.7784,6/28/21,p,2021,06/10/2021 02:25 CDT,97154,24.79,92.3,2.37,8.9,0,102119.3
TWB14,Uvalde_2020_02,29.60214,-99.73007,436.7784,6/28/21,p,2021,06/10/2021 02:30 CDT,97148,24.76,92.4,2.91,8.9,0,102113.17
TWB14,Uvalde_2020_02,29.60214,-99.73007,436.7784,6/28/21,p,2021,06/10/2021 02:35 CDT,97148,24.74,92.4,2.39,8.9,0,102113.85
TWB14,Uvalde_2020_02,29.60214,-99.73007,436.7784,6/28/21,p,2021,06/10/2021 02:40 CDT,97141,24.73,92.3,2.67,8.9,0,102106.66
TWB14,Uvalde_2020_02,29.60214,-99.73007,436.7784,6/28/21,p,2021,06/10/2021 02:45 CDT,97135,24.73,92.2,2.81,8.9,0,102100.35
TWB14,Uvalde_2020_02,29.60214,-99.73007,436.7784,6/28/21,p,2021,06/10/2021 02:50 CDT,97133,24.73,92.2,2.535,8.9,0,102098.25
TWB14,Uvalde_2020_02,29.60214,-99.73007,436.7784,6/28/21,p,2021,06/10/2021 02:55 CDT,97131,24.72,92.1,2.31,8.9,0,102096.15
TWB14,Uvalde_2020_02,29.60214,-99.73007,436.7784,6/28/21,p,2021,06/10/2021 03:00 CDT,97129,24.69,92.2,2.415,8.9,0,102094.73
TWB14,Uvalde_2020_02,29.60214,-99.73007,436.7784,6/28/21,p,2021,06/10/2021 03:05 CDT,97130,24.69,92,2.275,8.9,0,102096.12
TWB14,Uvalde_2020_02,29.60214,-99.73007,436.7784,6/28/21,p,2021,06/10/2021 03:10 CDT,97124,24.68,92.1,1.625,8.9,0.13,102089.65
TWB14,Uvalde_2020_02,29.60214,-99.73007,436.7784,6/28/21,p,2021,06/10/2021 03:15 CDT,97119,24.63,92.2,2.035,8.9,0.05,102084.9
TWB14,Uvalde_2020_02,29.60214,-99.73007,436.7784,6/28/21,p,2021,06/10/2021 03:20 CDT,97111,24.59,92.4,2.105,8.9,0.04,102077.34
TWB14,Uvalde_2020_02,29.60214,-99.73007,436.7784,6/28/21,p,2021,06/10/2021 03:25 CDT,97104,24.53,92.7,1.975,8.9,0,102070.84
TWB14,Uvalde_2020_02,29.60214,-99.73007,436.7784,6/28/21,p,2021,06/10/2021 03:30 CDT,97100,24.49,92.8,2.47,8.9,0,102067.14
TWB14,Uvalde_2020_02,29.60214,-99.73007,436.7784,6/28/21,p,2021,06/10/2021 03:35 CDT,97103,24.47,92.7,2.175,8.9,0,102070.98
TWB14,Uvalde_2020_02,29.60214,-99.73007,436.7784,6/28/21,p,2021,06/10/2021 03:40 CDT,97098,24.47,92.7,2.495,8.9,0,102065.9
TWB14,Uvalde_2020_02,29.60214,-99.73007,436.7784,6/28/21,p,2021,06/10/2021 03:45 CDT,97100,24.48,92.4,2.15,8.9,0,102068
TWB14,Uvalde_2020_02,29.60214,-99.73007,436.7784,6/28/21,p,2021,06/10/2021 03:50 CDT,97101,24.5,91.8,2.58,8.9,0,102069.06
TWB14,Uvalde_2020_02,29.60214,-99.73007,436.7784,6/28/21,p,2021,06/10/2021 03:55 CDT,97092,24.53,91.2,2.615,8.9,0,102059.43
TWB14,Uvalde_2020_02,29.60214,-99.73007,436.7784,6/28/21,p,2021,06/10/2021 04:00 CDT,97090,24.55,91.1,2.24,8.9,0,102056.82
TWB14,Uvalde_2020_02,29.60214,-99.73007,436.7784,6/28/21,p,2021,06/10/2021 04:05 CDT,97095,24.54,90.9,2.2,8.9,0,102062.07
TWB14,Uvalde_2020_02,29.60214,-99.73007,436.7784,6/28/21,p,2021,06/10/2021 04:10 CDT,97092,24.51,90.7,1.97,8.9,0,102059.43
TWB14,Uvalde_2020_02,29.60214,-99.73007,436.7784,6/28/21,p,2021,06/10/2021 04:15 CDT,97094,24.49,90.4,2.195,8.9,0,102061.88
TWB14,Uvalde_2020_02,29.60214,-99.73007,436.7784,6/28/21,p,2021,06/10/2021 04:20 CDT,97093,24.47,90.1,2.21,8.9,0,102061.69
TWB14,Uvalde_2020_02,29.60214,-99.73007,436.7784,6/28/21,p,2021,06/10/2021 04:25 CDT,97080,24.48,89.7,2.37,8.9,0,102047.68
TWB14,Uvalde_2020_02,29.60214,-99.73007,436.7784,6/28/21,p,2021,06/10/2021 04:30 CDT,97087,24.48,89.9,1.78,8.9,0,102054.7
TWB14,Uvalde_2020_02,29.60214,-99.73007,436.7784,6/28/21,p,2021,06/10/2021 04:35 CDT,97091,24.45,89.4,2.495,8.9,0,102059.42
TWB14,Uvalde_2020_02,29.60214,-99.73007,436.7784,6/28/21,p,2021,06/10/2021 04:40 CDT,97090,24.43,89.4,2.265,8.9,0,102058.88
TWB14,Uvalde_2020_02,29.60214,-99.73007,436.7784,6/28/21,p,2021,06/10/2021 04:45 CDT,97090,24.37,89.6,2.02,8.9,0.19,102059.73
TWB14,Uvalde_2020_02,29.60214,-99.73007,436.7784,6/28/21,p,2021,06/10/2021 04:50 CDT,97089,24.29,88.7,2.33,8.9,0.34,102059.89
TWB14,Uvalde_2020_02,29.60214,-99.73007,436.7784,6/28/21,p,2021,06/10/2021 04:55 CDT,97087,24.24,88.7,2.7,8.9,0.01,102058.98
TWB14,Uvalde_2020_02,29.60214,-99.73007,436.7784,6/28/21,p,2021,06/10/2021 05:00 CDT,97088,24.14,89,1.62,8.9,0.11,102061.57
TWB14,Uvalde_2020_02,29.60214,-99.73007,436.7784,6/28/21,p,2021,06/10/2021 05:05 CDT,97090,24.01,89.1,1.64,8.9,0.03,102065.55
TWB14,Uvalde_2020_02,29.60214,-99.73007,436.7784,6/28/21,p,2021,06/10/2021 05:10 CDT,97089,23.96,89.1,2.315,8.9,0,102065.87
TWB14,Uvalde_2020_02,29.60214,-99.73007,436.7784,6/28/21,p,2021,06/10/2021 05:15 CDT,97092,23.92,89,1.98,8.9,0,102069.37
TWB14,Uvalde_2020_02,29.60214,-99.73007,436.7784,6/28/21,p,2021,06/10/2021 05:20 CDT,97091,23.9,87.9,2.485,8.9,0,102069.01
TWB14,Uvalde_2020_02,29.60214,-99.73007,436.7784,6/28/21,p,2021,06/10/2021 05:25 CDT,97091,23.88,87.5,2.495,8.9,0,102069.7
TWB14,Uvalde_2020_02,29.60214,-99.73007,436.7784,6/28/21,p,2021,06/10/2021 05:30 CDT,97091,23.82,87.9,2.59,8.9,0,102071.07
TWB14,Uvalde_2020_02,29.60214,-99.73007,436.7784,6/28/21,p,2021,06/10/2021 05:35 CDT,97089,23.79,87.9,1.87,8.9,0.06,102069.14
TWB14,Uvalde_2020_02,29.60214,-99.73007,436.7784,6/28/21,p,2021,06/10/2021 05:40 CDT,97091,23.73,88.1,2.27,8.9,0,102071.93
TWB14,Uvalde_2020_02,29.60214,-99.73007,436.7784,6/28/21,p,2021,06/10/2021 05:45 CDT,97084,23.7,88.1,2.05,8.9,0.02,102065.09
TWB14,Uvalde_2020_02,29.60214,-99.73007,436.7784,6/28/21,p,2021,06/10/2021 05:50 CDT,97078,23.61,88.1,1.875,8.9,0.3,102060.15
TWB14,Uvalde_2020_02,29.60214,-99.73007,436.7784,6/28/21,p,2021,06/10/2021 05:55 CDT,97080,23.52,88.3,2.59,8.9,0.01,102064.66
TWB14,Uvalde_2020_02,29.60214,-99.73007,436.7784,6/28/21,p,2021,06/10/2021 06:00 CDT,97082,23.48,88.8,2.13,8.9,0,102067.27
TWB14,Uvalde_2020_02,29.60214,-99.73007,436.7784,6/28/21,p,2021,06/10/2021 06:05 CDT,97095,23.44,88.6,2.075,8.9,0,102081.11
TWB14,Uvalde_2020_02,29.60214,-99.73007,436.7784,6/28/21,p,2021,06/10/2021 06:10 CDT,97106,23.48,88.3,2.155,8.9,0,102092.68
TWB14,Uvalde_2020_02,29.60214,-99.73007,436.7784,6/28/21,p,2021,06/10/2021 06:15 CDT,97111,23.48,88.3,2.21,8.9,0,102097.77
TWB14,Uvalde_2020_02,29.60214,-99.73007,436.7784,6/28/21,p,2021,06/10/2021 06:20 CDT,97121,23.46,88.6,1.93,8.9,0,102108.28
TWB14,Uvalde_2020_02,29.60214,-99.73007,436.7784,6/28/21,p,2021,06/10/2021 06:25 CDT,97128,23.42,88.8,1.755,8.9,0,102116.15
TWB14,Uvalde_2020_02,29.60214,-99.73007,436.7784,6/28/21,p,2021,06/10/2021 06:30 CDT,97128,23.38,89.2,2.145,8.9,0.27,102116.66
TWB14,Uvalde_2020_02,29.60214,-99.73007,436.7784,6/28/21,p,2021,06/10/2021 06:35 CDT,97129,23.31,89.2,2.005,8.9,0.86,102119.09
TWB14,Uvalde_2020_02,29.60214,-99.73007,436.7784,6/28/21,p,2021,06/10/2021 06:40 CDT,97130,23.25,89.4,1.95,8.9,1.77,102121.52
TWB14,Uvalde_2020_02,29.60214,-99.73007,436.7784,6/28/21,p,2021,06/10/2021 06:45 CDT,97131,23.22,89.4,1.88,8.9,2.96,102123.43
TWB14,Uvalde_2020_02,29.60214,-99.73007,436.7784,6/28/21,p,2021,06/10/2021 06:50 CDT,97141,23.19,89.9,1.565,8.9,4.78,102134.12
TWB14,Uvalde_2020_02,29.60214,-99.73007,436.7784,6/28/21,p,2021,06/10/2021 06:55 CDT,97143,23.15,90.1,1.075,8.9,6.66,102136.56
TWB14,Uvalde_2020_02,29.60214,-99.73007,436.7784,6/28/21,p,2021,06/10/2021 07:00 CDT,97142,23.12,90.2,1.66,8.9,11.66,102136.03
TWB14,Uvalde_2020_02,29.60214,-99.73007,436.7784,6/28/21,p,2021,06/10/2021 07:05 CDT,97142,23.1,89.7,1.75,8.9,12.3,102136.89
TWB14,Uvalde_2020_02,29.60214,-99.73007,436.7784,6/28/21,p,2021,06/10/2021 07:10 CDT,97143,23.08,89.6,1.81,8.9,21.47,102138.46
TWB14,Uvalde_2020_02,29.60214,-99.73007,436.7784,6/28/21,p,2021,06/10/2021 07:15 CDT,97143,23.1,89.4,2.075,8.9,20.24,102138.29
TWB14,Uvalde_2020_02,29.60214,-99.73007,436.7784,6/28/21,p,2021,06/10/2021 07:20 CDT,97140,23.07,89.3,1.69,8.9,24.37,102135.31
TWB14,Uvalde_2020_02,29.60214,-99.73007,436.7784,6/28/21,p,2021,06/10/2021 07:25 CDT,97131,23.02,89.3,1.69,8.9,29.99,102126.88
TWB14,Uvalde_2020_02,29.60214,-99.73007,436.7784,6/28/21,p,2021,06/10/2021 07:30 CDT,97134,23.02,89.2,1.995,8.9,39.77,102130.21
TWB14,Uvalde_2020_02,29.60214,-99.73007,436.7784,6/28/21,p,2021,06/10/2021 07:35 CDT,97131,23.15,88.4,2.295,8.9,56.87,102125.34
TWB14,Uvalde_2020_02,29.60214,-99.73007,436.7784,6/28/21,p,2021,06/10/2021 07:40 CDT,97134,23.25,88,2.115,8.9,57.68,102126.77
TWB14,Uvalde_2020_02,29.60214,-99.73007,436.7784,6/28/21,p,2021,06/10/2021 07:45 CDT,97129,23.32,87.5,2.235,8.9,72.42,102120.31
TWB14,Uvalde_2020_02,29.60214,-99.73007,436.7784,6/28/21,p,2021,06/10/2021 07:50 CDT,97140,23.32,87.6,1.88,8.9,51.7,102130.67
TWB14,Uvalde_2020_02,29.60214,-99.73007,436.7784,6/28/21,p,2021,06/10/2021 07:55 CDT,97154,23.3,87.3,2.47,8.9,72.18,102145.39
TWB14,Uvalde_2020_02,29.60214,-99.73007,436.7784,6/28/21,p,2021,06/10/2021 08:00 CDT,97156,23.39,86.8,2.29,8.9,70.09,102146.12
TWB14,Uvalde_2020_02,29.60214,-99.73007,436.7784,6/28/21,p,2021,06/10/2021 08:05 CDT,97161,23.43,87.1,2.27,8.9,65.48,102150.34
TWB14,Uvalde_2020_02,29.60214,-99.73007,436.7784,6/28/21,p,2021,06/10/2021 08:10 CDT,97158,23.46,86.8,2.04,8.9,79.69,102146.85
TWB14,Uvalde_2020_02,29.60214,-99.73007,436.7784,6/28/21,p,2021,06/10/2021 08:15 CDT,97157,23.54,86.8,1.51,8.9,85.23,102144.25
TWB14,Uvalde_2020_02,29.60214,-99.73007,436.7784,6/28/21,p,2021,06/10/2021 08:20 CDT,97161,23.69,86.3,1.905,8.9,137.4,102146.57
TWB14,Uvalde_2020_02,29.60214,-99.73007,436.7784,6/28/21,p,2021,06/10/2021 08:25 CDT,97167,23.8,84.3,2.605,8.9,149.76,102150.66
TWB14,Uvalde_2020_02,29.60214,-99.73007,436.7784,6/28/21,p,2021,06/10/2021 08:30 CDT,97173,23.95,83.8,2.2,8.9,136.28,102154.22
TWB14,Uvalde_2020_02,29.60214,-99.73007,436.7784,6/28/21,p,2021,06/10/2021 08:35 CDT,97180,24.01,82.4,2.65,8.9,204.04,102159.88
TWB14,Uvalde_2020_02,29.60214,-99.73007,436.7784,6/28/21,p,2021,06/10/2021 08:40 CDT,97181,24.23,82.2,2.94,8.9,274.42,102158.02
TWB14,Uvalde_2020_02,29.60214,-99.73007,436.7784,6/28/21,p,2021,06/10/2021 08:45 CDT,97180,24.35,82.1,1.83,8.9,189.51,102153.72
TWB14,Uvalde_2020_02,29.60214,-99.73007,436.7784,6/28/21,p,2021,06/10/2021 08:50 CDT,97176,24.39,81.2,2.06,8.9,154.07,102147.47
TWB14,Uvalde_2020_02,29.60214,-99.73007,436.7784,6/28/21,p,2021,06/10/2021 08:55 CDT,97179,24.17,82.6,1.915,8.9,137.46,102153.52
TWB14,Uvalde_2020_02,29.60214,-99.73007,436.7784,6/28/21,p,2021,06/10/2021 09:00 CDT,97185,24.24,82.4,1.34,8.9,137.44,102160.17
TWB14,Uvalde_2020_02,29.60214,-99.73007,436.7784,6/28/21,p,2021,06/10/2021 09:05 CDT,97186,24.25,81.8,2.225,8.9,176.66,102160.88
TWB14,Uvalde_2020_02,29.60214,-99.73007,436.7784,6/28/21,p,2021,06/10/2021 09:10 CDT,97185,24.36,81.2,2.08,8.9,214.48,102158.64
TWB14,Uvalde_2020_02,29.60214,-99.73007,436.7784,6/28/21,p,2021,06/10/2021 09:15 CDT,97183,24.66,81.1,1.7,8.9,342.75,102152.78
TWB14,Uvalde_2020_02,29.60214,-99.73007,436.7784,6/28/21,p,2021,06/10/2021 09:20 CDT,97185,25.08,78.64,2.44,8.9,207.87,102146.72
TWB14,Uvalde_2020_02,29.60214,-99.73007,436.7784,6/28/21,p,2021,06/10/2021 09:25 CDT,97185,24.74,78.43,2.93,8.9,189.97,102150.13
TWB14,Uvalde_2020_02,29.60214,-99.73007,436.7784,6/28/21,p,2021,06/10/2021 09:30 CDT,97181,24.61,79.64,2.08,8.9,176.21,102149.15
TWB14,Uvalde_2020_02,29.60214,-99.73007,436.7784,6/28/21,p,2021,06/10/2021 09:35 CDT,97175,24.95,78.6,1.645,8.9,351.8,102140.13
TWB14,Uvalde_2020_02,29.60214,-99.73007,436.7784,6/28/21,p,2021,06/10/2021 09:40 CDT,97170,25.45,76.54,2.165,8.9,441.85,102125.88
TWB14,Uvalde_2020_02,29.60214,-99.73007,436.7784,6/28/21,p,2021,06/10/2021 09:45 CDT,97168,25.76,75.49,2.57,8.9,382.13,102116.66
TWB14,Uvalde_2020_02,29.60214,-99.73007,436.7784,6/28/21,p,2021,06/10/2021 09:50 CDT,97167,25.69,74.11,2.97,8.9,545.67,102115.29
TWB14,Uvalde_2020_02,29.60214,-99.73007,436.7784,6/28/21,p,2021,06/10/2021 09:55 CDT,97167,25.8,74.71,2.6,8.9,447.71,102113.08
TWB14,Uvalde_2020_02,29.60214,-99.73007,436.7784,6/28/21,p,2021,06/10/2021 10:00 CDT,97166,25.89,74.1,3.145,8.9,512.31,102109.84
TWB14,Uvalde_2020_02,29.60214,-99.73007,436.7784,6/28/21,p,2021,06/10/2021 10:05 CDT,97173,25.81,72.72,2.93,8.9,509.24,102117.38
TWB14,Uvalde_2020_02,29.60214,-99.73007,436.7784,6/28/21,p,2021,06/10/2021 10:10 CDT,97173,25.89,73.22,2.57,8.9,393.64,102116.69
TWB14,Uvalde_2020_02,29.60214,-99.73007,436.7784,6/28/21,p,2021,06/10/2021 10:15 CDT,97169,25.75,72.92,3.1,8.9,388.93,102114.86
TWB14,Uvalde_2020_02,29.60214,-99.73007,436.7784,6/28/21,p,2021,06/10/2021 10:20 CDT,97169,25.9,70.79,3.195,8.9,517.74,102113.7
TWB14,Uvalde_2020_02,29.60214,-99.73007,436.7784,6/28/21,p,2021,06/10/2021 10:25 CDT,97162,25.92,73.59,3.395,8.9,563.75,102104.96
TWB14,Uvalde_2020_02,29.60214,-99.73007,436.7784,6/28/21,p,2021,06/10/2021 10:30 CDT,97165,26.14,73.01,2.07,8.9,393.53,102105.76
TWB14,Uvalde_2020_02,29.60214,-99.73007,436.7784,6/28/21,p,2021,06/10/2021 10:35 CDT,97170,26.21,73.89,1.845,8.9,436.83,102109.15
TWB14,Uvalde_2020_02,29.60214,-99.73007,436.7784,6/28/21,p,2021,06/10/2021 10:40 CDT,97160,26.23,71.53,1.95,8.9,356.47,102097.48
TWB14,Uvalde_2020_02,29.60214,-99.73007,436.7784,6/28/21,p,2021,06/10/2021 10:45 CDT,97154,26.23,71.19,2.415,8.9,387.74,102091.85
TWB14,Uvalde_2020_02,29.60214,-99.73007,436.7784,6/28/21,p,2021,06/10/2021 10:50 CDT,97150,26.4,71.72,2.58,8.9,411.17,102085.45
TWB14,Uvalde_2020_02,29.60214,-99.73007,436.7784,6/28/21,p,2021,06/10/2021 10:55 CDT,97146,26.49,73.61,2.205,8.9,566.1,102079.38
TWB14,Uvalde_2020_02,29.60214,-99.73007,436.7784,6/28/21,p,2021,06/10/2021 11:00 CDT,97139,26.82,70.98,2.33,8.9,605.32,102067.34
TWB14,Uvalde_2020_02,29.60214,-99.73007,436.7784,6/28/21,p,2021,06/10/2021 11:05 CDT,97137,27.15,68.69,2.345,8.9,676.33,102059.56
TWB14,Uvalde_2020_02,29.60214,-99.73007,436.7784,6/28/21,p,2021,06/10/2021 11:10 CDT,97137,27.32,68.18,2.625,8.9,623.11,102054.54
TWB14,Uvalde_2020_02,29.60214,-99.73007,436.7784,6/28/21,p,2021,06/10/2021 11:15 CDT,97132,27.31,70.74,2.715,8.9,661.59,102048.26
TWB14,Uvalde_2020_02,29.60214,-99.73007,436.7784,6/28/21,p,2021,06/10/2021 11:20 CDT,97133,27.33,66.39,2.945,8.9,676.97,102048.35
TWB14,Uvalde_2020_02,29.60214,-99.73007,436.7784,6/28/21,p,2021,06/10/2021 11:25 CDT,97138,27.32,66.56,3.335,8.9,680.06,102053.61
TWB14,Uvalde_2020_02,29.60214,-99.73007,436.7784,6/28/21,p,2021,06/10/2021 11:30 CDT,97144,27.37,66.16,2.725,8.9,536.75,102060.25
TWB14,Uvalde_2020_02,29.60214,-99.73007,436.7784,6/28/21,p,2021,06/10/2021 11:35 CDT,97139,27.61,68.17,2.16,8.9,664.6,102051.97
TWB14,Uvalde_2020_02,29.60214,-99.73007,436.7784,6/28/21,p,2021,06/10/2021 11:40 CDT,97133,27.57,65.44,2.485,8.9,531.98,102045.02
TWB14,Uvalde_2020_02,29.60214,-99.73007,436.7784,6/28/21,p,2021,06/10/2021 11:45 CDT,97136,27.62,68.13,2.315,8.9,461.42,102048.98
TWB14,Uvalde_2020_02,29.60214,-99.73007,436.7784,6/28/21,p,2021,06/10/2021 11:50 CDT,97142,27.61,67.9,1.82,8.9,588.07,102054.96
TWB14,Uvalde_2020_02,29.60214,-99.73007,436.7784,6/28/21,p,2021,06/10/2021 11:55 CDT,97142,27.87,65.54,2.53,8.9,689.98,102051.31
TWB14,Uvalde_2020_02,29.60214,-99.73007,436.7784,6/28/21,p,2021,06/10/2021 12:00 CDT,97137,27.92,65.34,2.715,8.9,693.91,102044.56
TWB14,Uvalde_2020_02,29.60214,-99.73007,436.7784,6/28/21,p,2021,06/10/2021 12:05 CDT,97130,28.1,67.56,1.905,8.9,594.21,102034.69
TWB14,Uvalde_2020_02,29.60214,-99.73007,436.7784,6/28/21,p,2021,06/10/2021 12:10 CDT,97132,28.15,65.98,2.96,8.9,707.34,102034.81
TWB14,Uvalde_2020_02,29.60214,-99.73007,436.7784,6/28/21,p,2021,06/10/2021 12:15 CDT,97137,28.06,70.19,2.805,8.9,674.58,102041.18
TWB14,Uvalde_2020_02,29.60214,-99.73007,436.7784,6/28/21,p,2021,06/10/2021 12:20 CDT,97130,28.25,65.54,2.125,8.9,600.88,102032.55
TWB14,Uvalde_2020_02,29.60214,-99.73007,436.7784,6/28/21,p,2021,06/10/2021 12:25 CDT,97131,28.31,64.7,2.65,8.9,718.94,102033.11
TWB14,Uvalde_2020_02,29.60214,-99.73007,436.7784,6/28/21,p,2021,06/10/2021 12:30 CDT,97136,28.33,65.51,3.005,8.9,720.47,102037.19
TWB14,Uvalde_2020_02,29.60214,-99.73007,436.7784,6/28/21,p,2021,06/10/2021 12:35 CDT,97125,28.8,64.02,2.165,8.9,713.74,102018.68
TWB14,Uvalde_2020_02,29.60214,-99.73007,436.7784,6/28/21,p,2021,06/10/2021 12:40 CDT,97118,28.84,64.93,2.37,8.9,749.25,102008.51
TWB14,Uvalde_2020_02,29.60214,-99.73007,436.7784,6/28/21,p,2021,06/10/2021 12:45 CDT,97114,29.01,63.35,2.595,8.9,752.79,102002.01
TWB14,Uvalde_2020_02,29.60214,-99.73007,436.7784,6/28/21,p,2021,06/10/2021 12:50 CDT,97108,29.09,62.78,2.425,8.9,731.28,101994.55
TWB14,Uvalde_2020_02,29.60214,-99.73007,436.7784,6/28/21,p,2021,06/10/2021 12:55 CDT,97096,29.01,66.31,2.935,8.9,733.86,101982.57
TWB14,Uvalde_2020_02,29.60214,-99.73007,436.7784,6/28/21,p,2021,06/10/2021 13:00 CDT,97087,29.17,64.56,2.22,8.9,669.19,101971.65
TWB14,Uvalde_2020_02,29.60214,-99.73007,436.7784,6/28/21,p,2021,06/10/2021 13:05 CDT,97085,29.48,64.12,2.69,8.9,655.48,101965.27
TWB14,Uvalde_2020_02,29.60214,-99.73007,436.7784,6/28/21,p,2021,06/10/2021 13:10 CDT,97083,29.2,68.09,2.61,8.9,569.77,101965.27
TWB14,Uvalde_2020_02,29.60214,-99.73007,436.7784,6/28/21,p,2021,06/10/2021 13:15 CDT,97075,29.35,59.57,2.25,8.9,735.24,101956.96
TWB14,Uvalde_2020_02,29.60214,-99.73007,436.7784,6/28/21,p,2021,06/10/2021 13:20 CDT,97077,29.48,61.49,2.805,8.9,731.45,101954.92
TWB14,Uvalde_2020_02,29.60214,-99.73007,436.7784,6/28/21,p,2021,06/10/2021 13:25 CDT,97074,29.6,59.81,2.805,8.9,725.53,101950.96
TWB14,Uvalde_2020_02,29.60214,-99.73007,436.7784,6/28/21,p,2021,06/10/2021 13:30 CDT,97071,29.62,61.76,2.415,8.9,734.37,101947.13
TWB14,Uvalde_2020_02,29.60214,-99.73007,436.7784,6/28/21,p,2021,06/10/2021 13:35 CDT,97065,29.49,64.05,2.88,8.9,738.01,101940.64
TWB14,Uvalde_2020_02,29.60214,-99.73007,436.7784,6/28/21,p,2021,06/10/2021 13:40 CDT,97055,29.63,59.94,2.855,8.9,735.64,101931.01
TWB14,Uvalde_2020_02,29.60214,-99.73007,436.7784,6/28/21,p,2021,06/10/2021 13:45 CDT,97056,29.83,61.73,2.69,8.9,737.17,101928.91
TWB14,Uvalde_2020_02,29.60214,-99.73007,436.7784,6/28/21,p,2021,06/10/2021 13:50 CDT,97055,29.85,60.45,2.31,8.9,717.81,101926.89
TWB14,Uvalde_2020_02,29.60214,-99.73007,436.7784,6/28/21,p,2021,06/10/2021 13:55 CDT,97050,30.17,59.5,2.975,8.9,736.6,101916.07
TWB14,Uvalde_2020_02,29.60214,-99.73007,436.7784,6/28/21,p,2021,06/10/2021 14:00 CDT,97040,30.05,59.27,2.66,8.9,733.27,101907.54
TWB14,Uvalde_2020_02,29.60214,-99.73007,436.7784,6/28/21,p,2021,06/10/2021 14:05 CDT,97041,30.19,57.28,2.895,8.9,737.66,101906.65
TWB14,Uvalde_2020_02,29.60214,-99.73007,436.7784,6/28/21,p,2021,06/10/2021 14:10 CDT,97040,30.27,59.97,2.175,8.9,730.24,101903.27
TWB14,Uvalde_2020_02,29.60214,-99.73007,436.7784,6/28/21,p,2021,06/10/2021 14:15 CDT,97044,30.27,61.76,3.085,8.9,726.45,101905.65
TWB14,Uvalde_2020_02,29.60214,-99.73007,436.7784,6/28/21,p,2021,06/10/2021 14:20 CDT,97035,30.29,58.96,2.87,8.9,663.07,101897.05
TWB14,Uvalde_2020_02,29.60214,-99.73007,436.7784,6/28/21,p,2021,06/10/2021 14:25 CDT,97028,30.33,61.12,2.555,8.9,730.03,101890
TWB14,Uvalde_2020_02,29.60214,-99.73007,436.7784,6/28/21,p,2021,06/10/2021 14:30 CDT,97025,30.66,58.96,2.775,8.9,732.03,101881.81
TWB14,Uvalde_2020_02,29.60214,-99.73007,436.7784,6/28/21,p,2021,06/10/2021 14:35 CDT,97025,30.72,59.3,2.14,8.9,698.03,101880.99
TWB14,Uvalde_2020_02,29.60214,-99.73007,436.7784,6/28/21,p,2021,06/10/2021 14:40 CDT,97023,30.81,59.64,3.065,8.9,718.59,101877.09
TWB14,Uvalde_2020_02,29.60214,-99.73007,436.7784,6/28/21,p,2021,06/10/2021 14:45 CDT,97016,30.67,60.24,2.455,7.815,735.87,101871.36
TWB14,Uvalde_2020_02,29.60214,-99.73007,436.7784,6/28/21,p,2021,06/10/2021 14:50 CDT,97005,30.95,60.98,2.725,7.815,706.55,101856.38
TWB14,Uvalde_2020_02,29.60214,-99.73007,436.7784,6/28/21,p,2021,06/10/2021 14:55 CDT,97007,30.8,61.08,2.945,7.815,697.65,101858.64
TWB14,Uvalde_2020_02,29.60214,-99.73007,436.7784,6/28/21,p,2021,06/10/2021 15:00 CDT,97008,30.7,58.79,3.275,7.815,551.36,101862
TWB14,Uvalde_2020_02,29.60214,-99.73007,436.7784,6/28/21,p,2021,06/10/2021 15:05 CDT,97009,30.64,58.09,3.545,7.815,651.87,101865.84
TWB14,Uvalde_2020_02,29.60214,-99.73007,436.7784,6/28/21,p,2021,06/10/2021 15:10 CDT,97004,30.76,59.87,2.6,7.815,541.9,101858.77
TWB14,Uvalde_2020_02,29.60214,-99.73007,436.7784,6/28/21,p,2021,06/10/2021 15:15 CDT,96997,30.83,57.41,3.1,7.815,680.74,101850.47
TWB14,Uvalde_2020_02,29.60214,-99.73007,436.7784,6/28/21,p,2021,06/10/2021 15:20 CDT,96992,31.03,61.22,2.745,7.815,713.98,101842.73
TWB14,Uvalde_2020_02,29.60214,-99.73007,436.7784,6/28/21,p,2021,06/10/2021 15:25 CDT,96990,31.33,60.07,2.92,7.815,573.88,101834.45
TWB14,Uvalde_2020_02,29.60214,-99.73007,436.7784,6/28/21,p,2021,06/10/2021 15:30 CDT,96987,31.02,59.9,2.54,7.815,541.96,101835.37
TWB14,Uvalde_2020_02,29.60214,-99.73007,436.7784,6/28/21,p,2021,06/10/2021 15:35 CDT,96982,30.71,57.25,3.525,7.815,498.77,101835.37
TWB14,Uvalde_2020_02,29.60214,-99.73007,436.7784,6/28/21,p,2021,06/10/2021 15:40 CDT,96974,30.91,59.23,3.145,7.815,590.8,101825.81
TWB14,Uvalde_2020_02,29.60214,-99.73007,436.7784,6/28/21,p,2021,06/10/2021 15:45 CDT,96973,31.01,59.2,2.49,7.815,363.04,101823.29
TWB14,Uvalde_2020_02,29.60214,-99.73007,436.7784,6/28/21,p,2021,06/10/2021 15:50 CDT,96973,31.06,59.3,2.29,7.815,652.15,101822.47
TWB14,Uvalde_2020_02,29.60214,-99.73007,436.7784,6/28/21,p,2021,06/10/2021 15:55 CDT,96964,31.25,56.64,2.62,7.815,578.29,101808.66
TWB14,Uvalde_2020_02,29.60214,-99.73007,436.7784,6/28/21,p,2021,06/10/2021 16:00 CDT,96955,31.2,58.05,3.02,7.815,642.66,101800.01
TWB14,Uvalde_2020_02,29.60214,-99.73007,436.7784,6/28/21,p,2021,06/10/2021 16:05 CDT,96948,31.12,58.56,3.845,7.815,540.84,101792.98
TWB14,Uvalde_2020_02,29.60214,-99.73007,436.7784,6/28/21,p,2021,06/10/2021 16:10 CDT,96941,31.07,58.08,2.84,7.815,604.42,101787.75
TWB14,Uvalde_2020_02,29.60214,-99.73007,436.7784,6/28/21,p,2021,06/10/2021 16:15 CDT,96933,31.28,61.99,3.17,7.815,589.17,101775.88
TWB14,Uvalde_2020_02,29.60214,-99.73007,436.7784,6/28/21,p,2021,06/10/2021 16:20 CDT,96923,31.32,57.68,3.245,7.815,594.08,101765.27
TWB14,Uvalde_2020_02,29.60214,-99.73007,436.7784,6/28/21,p,2021,06/10/2021 16:25 CDT,96920,31.46,59.09,2.235,7.815,586.93,101760.32
TWB14,Uvalde_2020_02,29.60214,-99.73007,436.7784,6/28/21,p,2021,06/10/2021 16:30 CDT,96916,31.76,60.07,2.19,7.815,563.1,101750.92
TWB14,Uvalde_2020_02,29.60214,-99.73007,436.7784,6/28/21,p,2021,06/10/2021 16:35 CDT,96915,31.52,57.17,3.335,8.065,548.8,101751.2
TWB14,Uvalde_2020_02,29.60214,-99.73007,436.7784,6/28/21,p,2021,06/10/2021 16:40 CDT,96913,31.4,57.81,3.385,7.815,555.8,101752.99
TWB14,Uvalde_2020_02,29.60214,-99.73007,436.7784,6/28/21,p,2021,06/10/2021 16:45 CDT,96906,31.52,58.95,2.415,7.815,536.11,101744.65
TWB14,Uvalde_2020_02,29.60214,-99.73007,436.7784,6/28/21,p,2021,06/10/2021 16:50 CDT,96901,31.63,57.37,3.54,7.815,523.16,101736.5
TWB14,Uvalde_2020_02,29.60214,-99.73007,436.7784,6/28/21,p,2021,06/10/2021 16:55 CDT,96896,31.56,57.47,2.305,7.815,522.04,101732.87
TWB14,Uvalde_2020_02,29.60214,-99.73007,436.7784,6/28/21,p,2021,06/10/2021 17:00 CDT,96887,31.72,57.14,3.005,7.815,499.17,101721.32
TWB14,Uvalde_2020_02,29.60214,-99.73007,436.7784,6/28/21,p,2021,06/10/2021 17:05 CDT,96885,31.58,59.93,3.025,7.815,471.95,101719.83
TWB14,Uvalde_2020_02,29.60214,-99.73007,436.7784,6/28/21,p,2021,06/10/2021 17:10 CDT,96877,31.44,58.28,3.09,7.815,383.38,101714.21
TWB14,Uvalde_2020_02,29.60214,-99.73007,436.7784,6/28/21,p,2021,06/10/2021 17:15 CDT,96873,31.47,56.56,2.67,7.815,470.11,101711
TWB14,Uvalde_2020_02,29.60214,-99.73007,436.7784,6/28/21,p,2021,06/10/2021 17:20 CDT,96864,31.51,58.99,2.655,7.815,460.22,101701.04
TWB14,Uvalde_2020_02,29.60214,-99.73007,436.7784,6/28/21,p,2021,06/10/2021 17:25 CDT,96859,31.6,58.68,2.635,7.815,441,101693.68
TWB14,Uvalde_2020_02,29.60214,-99.73007,436.7784,6/28/21,p,2021,06/10/2021 17:30 CDT,96858,31.63,58.62,2.465,7.815,423.78,101691.82
TWB14,Uvalde_2020_02,29.60214,-99.73007,436.7784,6/28/21,p,2021,06/10/2021 17:35 CDT,96859,31.49,58.25,2.67,7.815,416.61,101695.31
TWB14,Uvalde_2020_02,29.60214,-99.73007,436.7784,6/28/21,p,2021,06/10/2021 17:40 CDT,96852,31.59,57.91,2.85,7.815,384.38,101687.32
TWB14,Uvalde_2020_02,29.60214,-99.73007,436.7784,6/28/21,p,2021,06/10/2021 17:45 CDT,96848,31.48,58.41,3.255,7.815,315.83,101683.76
TWB14,Uvalde_2020_02,29.60214,-99.73007,436.7784,6/28/21,p,2021,06/10/2021 17:50 CDT,96842,31.45,57.71,3.26,7.815,400.37,101678.77
TWB14,Uvalde_2020_02,29.60214,-99.73007,436.7784,6/28/21,p,2021,06/10/2021 17:55 CDT,96835,31.37,58.65,3.18,7.815,369.37,101672.22
TWB14,Uvalde_2020_02,29.60214,-99.73007,436.7784,6/28/21,p,2021,06/10/2021 18:00 CDT,96832,31.42,61.65,3.175,7.815,350.29,101670.49
TWB14,Uvalde_2020_02,29.60214,-99.73007,436.7784,6/28/21,p,2021,06/10/2021 18:05 CDT,96831,31.45,59.19,3.48,7.815,344.95,101667.69
TWB14,Uvalde_2020_02,29.60214,-99.73007,436.7784,6/28/21,p,2021,06/10/2021 18:10 CDT,96825,31.34,61.24,2.89,7.815,322.45,101663.31
TWB14,Uvalde_2020_02,29.60214,-99.73007,436.7784,6/28/21,p,2021,06/10/2021 18:15 CDT,96820,31.3,60.57,3.425,7.815,316.46,101658.88
TWB14,Uvalde_2020_02,29.60214,-99.73007,436.7784,6/28/21,p,2021,06/10/2021 18:20 CDT,96815,31.3,60.57,2.475,7.815,295.44,101653.95
TWB14,Uvalde_2020_02,29.60214,-99.73007,436.7784,6/28/21,p,2021,06/10/2021 18:25 CDT,96809,31.22,60.17,3.285,7.815,288.2,101648.63
TWB14,Uvalde_2020_02,29.60214,-99.73007,436.7784,6/28/21,p,2021,06/10/2021 18:30 CDT,96808,31.11,60.67,3.065,7.815,272.09,101650.18
TWB14,Uvalde_2020_02,29.60214,-99.73007,436.7784,6/28/21,p,2021,06/10/2021 18:35 CDT,96806,31.2,60.84,2.325,7.815,255.85,101647.27
TWB14,Uvalde_2020_02,29.60214,-99.73007,436.7784,6/28/21,p,2021,06/10/2021 18:40 CDT,96796,31.24,60.44,2.89,7.815,242.26,101635.47
TWB14,Uvalde_2020_02,29.60214,-99.73007,436.7784,6/28/21,p,2021,06/10/2021 18:45 CDT,96793,31.08,58.83,2.685,7.815,230.17,101634.45
TWB14,Uvalde_2020_02,29.60214,-99.73007,436.7784,6/28/21,p,2021,06/10/2021 18:50 CDT,96788,31.03,61.05,2.975,7.815,221.06,101630.64
TWB14,Uvalde_2020_02,29.60214,-99.73007,436.7784,6/28/21,p,2021,06/10/2021 18:55 CDT,96784,31.01,59.9,2.69,7.815,204.55,101626.94
TWB14,Uvalde_2020_02,29.60214,-99.73007,436.7784,6/28/21,p,2021,06/10/2021 19:00 CDT,96782,30.9,60.98,3.19,7.815,193.19,101625.97
TWB14,Uvalde_2020_02,29.60214,-99.73007,436.7784,6/28/21,p,2021,06/10/2021 19:05 CDT,96777,30.79,60.58,2.975,7.815,178.78,101623
TWB14,Uvalde_2020_02,29.60214,-99.73007,436.7784,6/28/21,p,2021,06/10/2021 19:10 CDT,96775,30.76,60.37,3.09,7.815,166.67,101621.56
TWB14,Uvalde_2020_02,29.60214,-99.73007,436.7784,6/28/21,p,2021,06/10/2021 19:15 CDT,96778,30.69,61.12,2.85,7.815,154.38,101625.84
TWB14,Uvalde_2020_02,29.60214,-99.73007,436.7784,6/28/21,p,2021,06/10/2021 19:20 CDT,96777,30.67,61.32,2.545,7.815,141.93,101625.28
TWB14,Uvalde_2020_02,29.60214,-99.73007,436.7784,6/28/21,p,2021,06/10/2021 19:25 CDT,96778,30.58,61.82,2.72,7.815,129.31,101627.96
TWB14,Uvalde_2020_02,29.60214,-99.73007,436.7784,6/28/21,p,2021,06/10/2021 19:30 CDT,96777,30.52,62.8,2.64,7.815,116.32,101628.04
TWB14,Uvalde_2020_02,29.60214,-99.73007,436.7784,6/28/21,p,2021,06/10/2021 19:35 CDT,96778,30.44,64.05,2.32,7.815,104.56,101630.22
TWB14,Uvalde_2020_02,29.60214,-99.73007,436.7784,6/28/21,p,2021,06/10/2021 19:40 CDT,96777,30.32,62.8,2.96,7.815,94.43,101631.14
TWB14,Uvalde_2020_02,29.60214,-99.73007,436.7784,6/28/21,p,2021,06/10/2021 19:45 CDT,96779,30.21,63.14,2.67,7.815,83.2,101635.2
TWB14,Uvalde_2020_02,29.60214,-99.73007,436.7784,6/28/21,p,2021,06/10/2021 19:50 CDT,96784,30.09,63.95,2.735,7.815,73.13,101642.57
TWB14,Uvalde_2020_02,29.60214,-99.73007,436.7784,6/28/21,p,2021,06/10/2021 19:55 CDT,96786,29.99,63.71,2.35,7.815,61.28,101646.65
TWB14,Uvalde_2020_02,29.60214,-99.73007,436.7784,6/28/21,p,2021,06/10/2021 20:00 CDT,96788,29.89,64.49,3.295,7.815,53.05,101650.21
TWB14,Uvalde_2020_02,29.60214,-99.73007,436.7784,6/28/21,p,2021,06/10/2021 20:05 CDT,96790,29.77,64.9,2.675,7.815,37.75,101654.44
TWB14,Uvalde_2020_02,29.60214,-99.73007,436.7784,6/28/21,p,2021,06/10/2021 20:10 CDT,96790,29.61,65.57,1.98,7.815,28.37,101657.07
TWB14,Uvalde_2020_02,29.60214,-99.73007,436.7784,6/28/21,p,2021,06/10/2021 20:15 CDT,96790,29.5,65.3,2.63,7.815,26.36,101659.37
TWB14,Uvalde_2020_02,29.60214,-99.73007,436.7784,6/28/21,p,2021,06/10/2021 20:20 CDT,96790,29.4,65.64,2.785,7.815,19.23,101660.85
TWB14,Uvalde_2020_02,29.60214,-99.73007,436.7784,6/28/21,p,2021,06/10/2021 20:25 CDT,96791,29.27,66.04,3.36,7.815,12.76,101664.2
TWB14,Uvalde_2020_02,29.60214,-99.73007,436.7784,6/28/21,p,2021,06/10/2021 20:30 CDT,96791,29.15,66.92,2.6,7.815,8.42,101666.01
TWB14,Uvalde_2020_02,29.60214,-99.73007,436.7784,6/28/21,p,2021,06/10/2021 20:35 CDT,96792,29,67.06,2.61,7.815,5.73,101669.53
TWB14,Uvalde_2020_02,29.60214,-99.73007,436.7784,6/28/21,p,2021,06/10/2021 20:40 CDT,96794,28.92,67.1,3.09,7.815,2.81,101673.45
TWB14,Uvalde_2020_02,29.60214,-99.73007,436.7784,6/28/21,p,2021,06/10/2021 20:45 CDT,96795,28.8,68.48,2.13,7.815,1.98,101676.3
TWB14,Uvalde_2020_02,29.60214,-99.73007,436.7784,6/28/21,p,2021,06/10/2021 20:50 CDT,96797,28.65,68.55,2.445,7.815,0.75,101681.22
TWB14,Uvalde_2020_02,29.60214,-99.73007,436.7784,6/28/21,p,2021,06/10/2021 20:55 CDT,96799,28.56,68.45,2.245,7.815,0.24,101684.64
TWB14,Uvalde_2020_02,29.60214,-99.73007,436.7784,6/28/21,p,2021,06/10/2021 21:00 CDT,96809,28.53,68.55,2.36,7.815,0,101695.81
TWB14,Uvalde_2020_02,29.60214,-99.73007,436.7784,6/28/21,p,2021,06/10/2021 21:05 CDT,96814,28.38,69.4,1.56,7.815,0.11,101703.21
TWB14,Uvalde_2020_02,29.60214,-99.73007,436.7784,6/28/21,p,2021,06/10/2021 21:10 CDT,96815,28.3,69.13,2.205,7.815,0,101706.25
TWB14,Uvalde_2020_02,29.60214,-99.73007,436.7784,6/28/21,p,2021,06/10/2021 21:15 CDT,96818,28.3,69.23,2.165,7.815,0,101709.57
TWB14,Uvalde_2020_02,29.60214,-99.73007,436.7784,6/28/21,p,2021,06/10/2021 21:20 CDT,96828,28.24,68.43,2.34,7.815,0,101721.24
TWB14,Uvalde_2020_02,29.60214,-99.73007,436.7784,6/28/21,p,2021,06/10/2021 21:25 CDT,96832,28.21,68.94,1.955,7.815,0,101725.61
TWB14,Uvalde_2020_02,29.60214,-99.73007,436.7784,6/28/21,p,2021,06/10/2021 21:30 CDT,96835,28.18,68.84,2.27,7.815,0,101729.92
TWB14,Uvalde_2020_02,29.60214,-99.73007,436.7784,6/28/21,p,2021,06/10/2021 21:35 CDT,96839,28.11,68.91,2.045,7.815,0.02,101735.29
TWB14,Uvalde_2020_02,29.60214,-99.73007,436.7784,6/28/21,p,2021,06/10/2021 21:40 CDT,96849,28.09,68.13,2.66,7.815,0,101746.14
TWB14,Uvalde_2020_02,29.60214,-99.73007,436.7784,6/28/21,p,2021,06/10/2021 21:45 CDT,96850,28.15,68.64,2.47,7.815,0,101746.35
TWB14,Uvalde_2020_02,29.60214,-99.73007,436.7784,6/28/21,p,2021,06/10/2021 21:50 CDT,96855,28.12,68.17,2.765,7.815,0,101752.11
TWB14,Uvalde_2020_02,29.60214,-99.73007,436.7784,6/28/21,p,2021,06/10/2021 21:55 CDT,96861,28.04,68.23,2.305,7.815,0,101758.74
TWB14,Uvalde_2020_02,29.60214,-99.73007,436.7784,6/28/21,p,2021,06/10/2021 22:00 CDT,96863,28.04,68.64,2.18,7.815,0,101761.34
TWB14,Uvalde_2020_02,29.60214,-99.73007,436.7784,6/28/21,p,2021,06/10/2021 22:05 CDT,96863,28.04,68.57,2.425,7.815,0,101761.67
TWB14,Uvalde_2020_02,29.60214,-99.73007,436.7784,6/28/21,p,2021,06/10/2021 22:10 CDT,96864,28.06,68.23,3.115,7.815,0,101762.56
TWB14,Uvalde_2020_02,29.60214,-99.73007,436.7784,6/28/21,p,2021,06/10/2021 22:15 CDT,96865,28.11,68.3,3.115,7.815,0,101762.78
TWB14,Uvalde_2020_02,29.60214,-99.73007,436.7784,6/28/21,p,2021,06/10/2021 22:20 CDT,96871,28,68.84,2.195,7.815,0.01,101769.91
TWB14,Uvalde_2020_02,29.60214,-99.73007,436.7784,6/28/21,p,2021,06/10/2021 22:25 CDT,96876,27.99,68.84,2.6,7.815,0,101776.32
TWB14,Uvalde_2020_02,29.60214,-99.73007,436.7784,6/28/21,p,2021,06/10/2021 22:30 CDT,96880,27.96,68.7,2.52,7.815,0,101780.69
TWB14,Uvalde_2020_02,29.60214,-99.73007,436.7784,6/28/21,p,2021,06/10/2021 22:35 CDT,96891,27.92,69.21,2.175,7.815,0,101792.41
TWB14,Uvalde_2020_02,29.60214,-99.73007,436.7784,6/28/21,p,2021,06/10/2021 22:40 CDT,96896,27.91,69.39,3.065,7.815,0,101798.5
TWB14,Uvalde_2020_02,29.60214,-99.73007,436.7784,6/28/21,p,2021,06/10/2021 22:45 CDT,96904,27.83,71.85,2.66,7.815,0,101807.04
TWB14,Uvalde_2020_02,29.60214,-99.73007,436.7784,6/28/21,p,2021,06/10/2021 22:50 CDT,96911,27.68,73.84,3.025,7.815,0,101816.21
TWB14,Uvalde_2020_02,29.60214,-99.73007,436.7784,6/28/21,p,2021,06/10/2021 22:55 CDT,96914,27.5,76.4,2.87,7.815,0.01,101822.18
TWB14,Uvalde_2020_02,29.60214,-99.73007,436.7784,6/28/21,p,2021,06/10/2021 23:00 CDT,96915,27.42,78.22,3.665,7.815,0,101824.88
TWB14,Uvalde_2020_02,29.60214,-99.73007,436.7784,6/28/21,p,2021,06/10/2021 23:05 CDT,96918,27.33,79.06,3.235,7.815,0.03,101828.86
TWB14,Uvalde_2020_02,29.60214,-99.73007,436.7784,6/28/21,p,2021,06/10/2021 23:10 CDT,96921,27.2,80.2,3.02,7.815,0.01,101834.34
TWB14,Uvalde_2020_02,29.60214,-99.73007,436.7784,6/28/21,p,2021,06/10/2021 23:15 CDT,96921,27.09,81.3,3.755,7.815,0,101836.01
TWB14,Uvalde_2020_02,29.60214,-99.73007,436.7784,6/28/21,p,2021,06/10/2021 23:20 CDT,96922,27,82.1,3.295,7.815,0.06,101838.39
TWB14,Uvalde_2020_02,29.60214,-99.73007,436.7784,6/28/21,p,2021,06/10/2021 23:25 CDT,96921,26.89,82.7,3.76,7.815,0.03,101839.35
TWB14,Uvalde_2020_02,29.60214,-99.73007,436.7784,6/28/21,p,2021,06/10/2021 23:30 CDT,96921,26.81,83.1,3.265,7.815,0,101840.85
TWB14,Uvalde_2020_02,29.60214,-99.73007,436.7784,6/28/21,p,2021,06/10/2021 23:35 CDT,96922,26.76,83.7,3.695,7.815,0,101842.57
TWB14,Uvalde_2020_02,29.60214,-99.73007,436.7784,6/28/21,p,2021,06/10/2021 23:40 CDT,96922,26.71,83.9,3.72,7.815,0,101843.57
TWB14,Uvalde_2020_02,29.60214,-99.73007,436.7784,6/28/21,p,2021,06/10/2021 23:45 CDT,96923,26.65,84.4,4,7.815,0,101845.63
TWB14,Uvalde_2020_02,29.60214,-99.73007,436.7784,6/28/21,p,2021,06/10/2021 23:50 CDT,96923,26.61,84.6,4.14,7.815,0,101846.3
TWB14,Uvalde_2020_02,29.60214,-99.73007,436.7784,6/28/21,p,2021,06/10/2021 23:55 CDT,96923,26.56,85,3.615,7.815,0,101846.97
TWB14,Uvalde_2020_02,29.60214,-99.73007,436.7784,6/28/21,p,2021,06/11/2021 00:00 CDT,96923,26.51,85.2,3.395,7.815,0,101847.97
TWB14,Uvalde_2020_02,29.60214,-99.73007,436.7784,6/28/21,p,2021,06/11/2021 00:05 CDT,96921,26.47,85.6,3.14,7.815,0.02,101846.04
TWB14,Uvalde_2020_02,29.60214,-99.73007,436.7784,6/28/21,p,2021,06/11/2021 00:10 CDT,96911,26.44,85.9,2.945,7.815,0.04,101836.03
TWB14,Uvalde_2020_02,29.60214,-99.73007,436.7784,6/28/21,p,2021,06/11/2021 00:15 CDT,96904,26.4,86.1,2.94,7.815,0,101829.34
TWB14,Uvalde_2020_02,29.60214,-99.73007,436.7784,6/28/21,p,2021,06/11/2021 00:20 CDT,96900,26.36,86.2,3.525,7.815,0,101826.15
TWB14,Uvalde_2020_02,29.60214,-99.73007,436.7784,6/28/21,p,2021,06/11/2021 00:25 CDT,96897,26.34,86.4,2.8,7.815,0,101823.16
TWB14,Uvalde_2020_02,29.60214,-99.73007,436.7784,6/28/21,p,2021,06/11/2021 00:30 CDT,96896,26.31,86.4,3.615,7.815,0,101822.79
TWB14,Uvalde_2020_02,29.60214,-99.73007,436.7784,6/28/21,p,2021,06/11/2021 00:35 CDT,96896,26.3,86.5,3.05,7.815,0,101823.12
TWB14,Uvalde_2020_02,29.60214,-99.73007,436.7784,6/28/21,p,2021,06/11/2021 00:40 CDT,96895,26.26,86.6,2.915,7.815,0,101822.74
TWB14,Uvalde_2020_02,29.60214,-99.73007,436.7784,6/28/21,p,2021,06/11/2021 00:45 CDT,96883,26.24,86.5,3.24,7.815,0,101810.3
TWB14,Uvalde_2020_02,29.60214,-99.73007,436.7784,6/28/21,p,2021,06/11/2021 00:50 CDT,96879,26.24,86.5,2.59,7.815,0,101806.27
TWB14,Uvalde_2020_02,29.60214,-99.73007,436.7784,6/28/21,p,2021,06/11/2021 00:55 CDT,96878,26.24,86.5,2.89,7.815,0,101805.22
TWB14,Uvalde_2020_02,29.60214,-99.73007,436.7784,6/28/21,p,2021,06/11/2021 01:00 CDT,96880,26.24,86.4,3.84,7.815,0,101807.32
TWB14,Uvalde_2020_02,29.60214,-99.73007,436.7784,6/28/21,p,2021,06/11/2021 01:05 CDT,96882,26.21,86.4,3.28,7.815,0,101809.59
TWB14,Uvalde_2020_02,29.60214,-99.73007,436.7784,6/28/21,p,2021,06/11/2021 01:10 CDT,96891,26.17,86.3,2.945,7.815,0,101819.72
TWB14,Uvalde_2020_02,29.60214,-99.73007,436.7784,6/28/21,p,2021,06/11/2021 01:15 CDT,96888,26.13,86.4,2.635,7.815,0,101817.07
TWB14,Uvalde_2020_02,29.60214,-99.73007,436.7784,6/28/21,p,2021,06/11/2021 01:20 CDT,96880,26.07,86.5,2.53,7.815,0.08,101809.51
TWB14,Uvalde_2020_02,29.60214,-99.73007,436.7784,6/28/21,p,2021,06/11/2021 01:25 CDT,96878,26.02,86.5,3.26,7.815,0,101808.59
TWB14,Uvalde_2020_02,29.60214,-99.73007,436.7784,6/28/21,p,2021,06/11/2021 01:30 CDT,96881,25.97,86.5,2.695,7.815,0,101812.75
TWB14,Uvalde_2020_02,29.60214,-99.73007,436.7784,6/28/21,p,2021,06/11/2021 01:35 CDT,96884,25.96,86.4,2.375,7.815,0,101816.07
TWB14,Uvalde_2020_02,29.60214,-99.73007,436.7784,6/28/21,p,2021,06/11/2021 01:40 CDT,96881,25.94,86.4,2.885,7.815,0,101813.09
TWB14,Uvalde_2020_02,29.60214,-99.73007,436.7784,6/28/21,p,2021,06/11/2021 01:45 CDT,96876,25.9,86.4,2.435,7.815,0.11,101808.34
TWB14,Uvalde_2020_02,29.60214,-99.73007,436.7784,6/28/21,p,2021,06/11/2021 01:50 CDT,96878,25.86,86.3,3.16,7.815,0,101811.12
TWB14,Uvalde_2020_02,29.60214,-99.73007,436.7784,6/28/21,p,2021,06/11/2021 01:55 CDT,96876,25.83,86.4,2.66,7.815,0,101809.69
TWB14,Uvalde_2020_02,29.60214,-99.73007,436.7784,6/28/21,p,2021,06/11/2021 02:00 CDT,96870,25.8,86.5,2.315,7.815,0,101803.72
TWB14,Uvalde_2020_02,29.60214,-99.73007,436.7784,6/28/21,p,2021,06/11/2021 02:05 CDT,96869,25.75,86.7,2.78,7.815,0.12,101803.85
TWB14,Uvalde_2020_02,29.60214,-99.73007,436.7784,6/28/21,p,2021,06/11/2021 02:10 CDT,96868,25.69,86.7,2.665,7.815,0.01,101803.82
TWB14,Uvalde_2020_02,29.60214,-99.73007,436.7784,6/28/21,p,2021,06/11/2021 02:15 CDT,96866,25.67,86.7,2.51,7.815,0,101801.88
TWB14,Uvalde_2020_02,29.60214,-99.73007,436.7784,6/28/21,p,2021,06/11/2021 02:20 CDT,96858,25.65,86.6,3.105,7.815,0,101793.81
TWB14,Uvalde_2020_02,29.60214,-99.73007,436.7784,6/28/21,p,2021,06/11/2021 02:25 CDT,96853,25.61,86.7,2.895,7.815,0,101789.23
TWB14,Uvalde_2020_02,29.60214,-99.73007,436.7784,6/28/21,p,2021,06/11/2021 02:30 CDT,96851,25.58,86.6,2.58,7.815,0,101787.47
TWB14,Uvalde_2020_02,29.60214,-99.73007,436.7784,6/28/21,p,2021,06/11/2021 02:35 CDT,96857,25.55,86.5,2.52,7.815,0,101794.45
TWB14,Uvalde_2020_02,29.60214,-99.73007,436.7784,6/28/21,p,2021,06/11/2021 02:40 CDT,96851,25.54,86.7,2.415,7.815,0,101788.32
TWB14,Uvalde_2020_02,29.60214,-99.73007,436.7784,6/28/21,p,2021,06/11/2021 02:45 CDT,96843,25.5,86.5,2.76,7.815,0,101780.59
TWB14,Uvalde_2020_02,29.60214,-99.73007,436.7784,6/28/21,p,2021,06/11/2021 02:50 CDT,96843,25.46,86.6,2.995,7.815,0,101781.6
TWB14,Uvalde_2020_02,29.60214,-99.73007,436.7784,6/28/21,p,2021,06/11/2021 02:55 CDT,96844,25.42,86.4,2.475,7.815,0,101783.16
TWB14,Uvalde_2020_02,29.60214,-99.73007,436.7784,6/28/21,p,2021,06/11/2021 03:00 CDT,96844,25.41,86.5,2.81,7.815,0,101783.33
TWB14,Uvalde_2020_02,29.60214,-99.73007,436.7784,6/28/21,p,2021,06/11/2021 03:05 CDT,96844,25.38,86.4,3.355,7.815,0,101783.67
TWB14,Uvalde_2020_02,29.60214,-99.73007,436.7784,6/28/21,p,2021,06/11/2021 03:10 CDT,96842,25.34,86.7,2.4,7.815,0.09,101782.07
TWB14,Uvalde_2020_02,29.60214,-99.73007,436.7784,6/28/21,p,2021,06/11/2021 03:15 CDT,96842,25.28,86.9,2.25,7.815,0.03,101783.09
TWB14,Uvalde_2020_02,29.60214,-99.73007,436.7784,6/28/21,p,2021,06/11/2021 03:20 CDT,96843,25.22,86.8,2.565,7.815,0.03,101785.15
TWB14,Uvalde_2020_02,29.60214,-99.73007,436.7784,6/28/21,p,2021,06/11/2021 03:25 CDT,96843,25.16,86.8,3.255,7.815,0,101786.34
TWB14,Uvalde_2020_02,29.60214,-99.73007,436.7784,6/28/21,p,2021,06/11/2021 03:30 CDT,96843,25.12,87.3,2.78,7.815,0.11,101786.68
TWB14,Uvalde_2020_02,29.60214,-99.73007,436.7784,6/28/21,p,2021,06/11/2021 03:35 CDT,96841,25.08,87.1,3.21,7.815,0,101785.25
TWB14,Uvalde_2020_02,29.60214,-99.73007,436.7784,6/28/21,p,2021,06/11/2021 03:40 CDT,96834,25.05,87,2.965,7.815,0,101778.58
TWB14,Uvalde_2020_02,29.60214,-99.73007,436.7784,6/28/21,p,2021,06/11/2021 03:45 CDT,96828,25.02,87.1,2.71,7.815,0,101772.95
TWB14,Uvalde_2020_02,29.60214,-99.73007,436.7784,6/28/21,p,2021,06/11/2021 03:50 CDT,96829,24.98,87.5,3.19,7.815,0,101774.5
TWB14,Uvalde_2020_02,29.60214,-99.73007,436.7784,6/28/21,p,2021,06/11/2021 03:55 CDT,96825,24.93,87.4,2.995,7.815,0,101771.15
TWB14,Uvalde_2020_02,29.60214,-99.73007,436.7784,6/28/21,p,2021,06/11/2021 04:00 CDT,96821,24.89,87.7,2.38,7.815,0,101767.79
TWB14,Uvalde_2020_02,29.60214,-99.73007,436.7784,6/28/21,p,2021,06/11/2021 04:05 CDT,96819,24.87,87.3,2.655,7.815,0,101766.03
TWB14,Uvalde_2020_02,29.60214,-99.73007,436.7784,6/28/21,p,2021,06/11/2021 04:10 CDT,96819,24.85,87.8,2.23,7.815,0.06,101766.37
TWB14,Uvalde_2020_02,29.60214,-99.73007,436.7784,6/28/21,p,2021,06/11/2021 04:15 CDT,96825,24.82,87.2,2.84,7.815,0,101773.19
TWB14,Uvalde_2020_02,29.60214,-99.73007,436.7784,6/28/21,p,2021,06/11/2021 04:20 CDT,96836,24.83,87.5,2.265,7.815,0,101784.92
TWB14,Uvalde_2020_02,29.60214,-99.73007,436.7784,6/28/21,p,2021,06/11/2021 04:25 CDT,96842,24.8,87.5,2.975,7.815,0,101791.4
TWB14,Uvalde_2020_02,29.60214,-99.73007,436.7784,6/28/21,p,2021,06/11/2021 04:30 CDT,96844,24.78,87.7,2.555,7.815,0,101793.84
TWB14,Uvalde_2020_02,29.60214,-99.73007,436.7784,6/28/21,p,2021,06/11/2021 04:35 CDT,96842,24.73,87.7,2.745,7.815,0.1,101792.41
TWB14,Uvalde_2020_02,29.60214,-99.73007,436.7784,6/28/21,p,2021,06/11/2021 04:40 CDT,96831,24.69,87.6,2.68,7.815,0.04,101781.87
TWB14,Uvalde_2020_02,29.60214,-99.73007,436.7784,6/28/21,p,2021,06/11/2021 04:45 CDT,96825,24.64,87.7,2.955,7.815,0.02,101776.58
TWB14,Uvalde_2020_02,29.60214,-99.73007,436.7784,6/28/21,p,2021,06/11/2021 04:50 CDT,96822,24.58,87.8,2.54,7.815,0,101774.28
TWB14,Uvalde_2020_02,29.60214,-99.73007,436.7784,6/28/21,p,2021,06/11/2021 04:55 CDT,96821,24.55,88,2.505,7.815,0,101773.74
TWB14,Uvalde_2020_02,29.60214,-99.73007,436.7784,6/28/21,p,2021,06/11/2021 05:00 CDT,96821,24.54,87.7,3.05,7.815,0,101773.91
TWB14,Uvalde_2020_02,29.60214,-99.73007,436.7784,6/28/21,p,2021,06/11/2021 05:05 CDT,96822,24.55,87.6,3.08,7.815,0,101774.96
TWB14,Uvalde_2020_02,29.60214,-99.73007,436.7784,6/28/21,p,2021,06/11/2021 05:10 CDT,96822,24.54,87.3,3.05,7.815,0,101774.97
TWB14,Uvalde_2020_02,29.60214,-99.73007,436.7784,6/28/21,p,2021,06/11/2021 05:15 CDT,96821,24.52,87.5,2.905,7.815,0.02,101774.25
TWB14,Uvalde_2020_02,29.60214,-99.73007,436.7784,6/28/21,p,2021,06/11/2021 05:20 CDT,96820,24.48,87.3,2.905,7.815,0.01,101773.72
TWB14,Uvalde_2020_02,29.60214,-99.73007,436.7784,6/28/21,p,2021,06/11/2021 05:25 CDT,96812,24.41,87.7,2.24,7.815,0.17,101766.49
TWB14,Uvalde_2020_02,29.60214,-99.73007,436.7784,6/28/21,p,2021,06/11/2021 05:30 CDT,96811,24.34,87.5,2.535,7.815,0.11,101766.81
TWB14,Uvalde_2020_02,29.60214,-99.73007,436.7784,6/28/21,p,2021,06/11/2021 05:35 CDT,96805,24.25,87.8,2.59,7.815,0.2,101761.86
TWB14,Uvalde_2020_02,29.60214,-99.73007,436.7784,6/28/21,p,2021,06/11/2021 05:40 CDT,96801,24.14,88.1,2.54,7.815,0.2,101759.7
TWB14,Uvalde_2020_02,29.60214,-99.73007,436.7784,6/28/21,p,2021,06/11/2021 05:45 CDT,96801,24.06,88.4,2.94,7.815,0,101761.41
TWB14,Uvalde_2020_02,29.60214,-99.73007,436.7784,6/28/21,p,2021,06/11/2021 05:50 CDT,96809,24.04,88.2,3.175,7.815,0,101770.33
TWB14,Uvalde_2020_02,29.60214,-99.73007,436.7784,6/28/21,p,2021,06/11/2021 05:55 CDT,96805,24.02,88.1,3.025,7.815,0,101766.64
TWB14,Uvalde_2020_02,29.60214,-99.73007,436.7784,6/28/21,p,2021,06/11/2021 06:00 CDT,96796,24.04,87.8,3.34,7.815,0,101756.67
TWB14,Uvalde_2020_02,29.60214,-99.73007,436.7784,6/28/21,p,2021,06/11/2021 06:05 CDT,96793,24.01,87.7,2.955,7.815,0,101753.86
TWB14,Uvalde_2020_02,29.60214,-99.73007,436.7784,6/28/21,p,2021,06/11/2021 06:10 CDT,96798,23.98,87.7,2.525,7.815,0.02,101759.63
TWB14,Uvalde_2020_02,29.60214,-99.73007,436.7784,6/28/21,p,2021,06/11/2021 06:15 CDT,96814,23.94,87.7,2.755,7.815,0,101777.47
TWB14,Uvalde_2020_02,29.60214,-99.73007,436.7784,6/28/21,p,2021,06/11/2021 06:20 CDT,96821,23.92,87.4,2.445,7.815,0,101785
TWB14,Uvalde_2020_02,29.60214,-99.73007,436.7784,6/28/21,p,2021,06/11/2021 06:25 CDT,96828,23.91,87.6,2.505,7.815,0,101792.53
TWB14,Uvalde_2020_02,29.60214,-99.73007,436.7784,6/28/21,p,2021,06/11/2021 06:30 CDT,96836,23.87,87.9,2.025,7.815,0.28,101801.45
TWB14,Uvalde_2020_02,29.60214,-99.73007,436.7784,6/28/21,p,2021,06/11/2021 06:35 CDT,96836,23.81,88.2,2.015,7.815,0.69,101802.31
TWB14,Uvalde_2020_02,29.60214,-99.73007,436.7784,6/28/21,p,2021,06/11/2021 06:40 CDT,96844,23.77,87.9,2.34,7.815,0.87,101811.57
TWB14,Uvalde_2020_02,29.60214,-99.73007,436.7784,6/28/21,p,2021,06/11/2021 06:45 CDT,96854,23.78,88,1.97,7.815,1.49,101822.09
TWB14,Uvalde_2020_02,29.60214,-99.73007,436.7784,6/28/21,p,2021,06/11/2021 06:50 CDT,96865,23.77,88.3,1.915,7.815,2.91,101833.65
TWB14,Uvalde_2020_02,29.60214,-99.73007,436.7784,6/28/21,p,2021,06/11/2021 06:55 CDT,96864,23.76,87.7,2.78,7.815,4.74,101832.77
TWB14,Uvalde_2020_02,29.60214,-99.73007,436.7784,6/28/21,p,2021,06/11/2021 07:00 CDT,96864,23.75,87.6,2.855,7.815,5.14,101833.12
TWB14,Uvalde_2020_02,29.60214,-99.73007,436.7784,6/28/21,p,2021,06/11/2021 07:05 CDT,96865,23.77,87.9,2.32,7.815,5.64,101833.65
TWB14,Uvalde_2020_02,29.60214,-99.73007,436.7784,6/28/21,p,2021,06/11/2021 07:10 CDT,96862,23.76,87.9,2.36,7.815,7.8,101830.33
TWB14,Uvalde_2020_02,29.60214,-99.73007,436.7784,6/28/21,p,2021,06/11/2021 07:15 CDT,96860,23.76,88.3,2.38,7.815,13.04,101828.22
TWB14,Uvalde_2020_02,29.60214,-99.73007,436.7784,6/28/21,p,2021,06/11/2021 07:20 CDT,96866,23.78,88.4,2.425,7.815,15.15,101834.36
TWB14,Uvalde_2020_02,29.60214,-99.73007,436.7784,6/28/21,p,2021,06/11/2021 07:25 CDT,96870,23.81,88.4,2.295,7.815,16.41,101837.88
TWB14,Uvalde_2020_02,29.60214,-99.73007,436.7784,6/28/21,p,2021,06/11/2021 07:30 CDT,96871,23.81,88.6,1.935,7.815,21.78,101838.75
TWB14,Uvalde_2020_02,29.60214,-99.73007,436.7784,6/28/21,p,2021,06/11/2021 07:35 CDT,96875,23.81,88,2.675,7.815,27.95,101842.96
TWB14,Uvalde_2020_02,29.60214,-99.73007,436.7784,6/28/21,p,2021,06/11/2021 07:40 CDT,96879,23.81,88.1,2.94,7.815,31.48,101847.17
TWB14,Uvalde_2020_02,29.60214,-99.73007,436.7784,6/28/21,p,2021,06/11/2021 07:45 CDT,96878,23.8,88.2,2.58,7.815,39.49,101846.29
TWB14,Uvalde_2020_02,29.60214,-99.73007,436.7784,6/28/21,p,2021,06/11/2021 07:50 CDT,96876,23.83,87.6,2.525,7.815,52.38,101843.85
TWB14,Uvalde_2020_02,29.60214,-99.73007,436.7784,6/28/21,p,2021,06/11/2021 07:55 CDT,96877,23.89,87.5,2.85,7.815,56.65,101843.87
TWB14,Uvalde_2020_02,29.60214,-99.73007,436.7784,6/28/21,p,2021,06/11/2021 08:00 CDT,96878,23.93,87.5,2.585,7.815,60.1,101844.07
TWB14,Uvalde_2020_02,29.60214,-99.73007,436.7784,6/28/21,p,2021,06/11/2021 08:05 CDT,96876,23.92,87.8,2.425,7.815,59.66,101841.79
TWB14,Uvalde_2020_02,29.60214,-99.73007,436.7784,6/28/21,p,2021,06/11/2021 08:10 CDT,96877,23.95,87.1,2.845,7.815,65.18,101842.34
TWB14,Uvalde_2020_02,29.60214,-99.73007,436.7784,6/28/21,p,2021,06/11/2021 08:15 CDT,96884,23.97,87.5,2.645,7.815,71.9,101849.52
TWB14,Uvalde_2020_02,29.60214,-99.73007,436.7784,6/28/21,p,2021,06/11/2021 08:20 CDT,96887,23.99,86.8,2.875,7.815,65.63,101852.17
TWB14,Uvalde_2020_02,29.60214,-99.73007,436.7784,6/28/21,p,2021,06/11/2021 08:25 CDT,96892,24.07,86.7,2.21,7.815,74.86,101856.74
TWB14,Uvalde_2020_02,29.60214,-99.73007,436.7784,6/28/21,p,2021,06/11/2021 08:30 CDT,96899,24.13,86.7,2.53,7.815,71.76,101862.56
TWB14,Uvalde_2020_02,29.60214,-99.73007,436.7784,6/28/21,p,2021,06/11/2021 08:35 CDT,96901,24.17,86.9,2.315,7.815,76.29,101863.64
TWB14,Uvalde_2020_02,29.60214,-99.73007,436.7784,6/28/21,p,2021,06/11/2021 08:40 CDT,96902,24.18,86.9,2.185,7.815,72.68,101864.52
TWB14,Uvalde_2020_02,29.60214,-99.73007,436.7784,6/28/21,p,2021,06/11/2021 08:45 CDT,96909,24.13,86.9,3.06,7.815,77.42,101871.88
TWB14,Uvalde_2020_02,29.60214,-99.73007,436.7784,6/28/21,p,2021,06/11/2021 08:50 CDT,96922,24.14,86.7,2.465,7.815,109.01,101886.23
TWB14,Uvalde_2020_02,29.60214,-99.73007,436.7784,6/28/21,p,2021,06/11/2021 08:55 CDT,96928,24.27,86.2,2.165,7.815,115.65,101891
TWB14,Uvalde_2020_02,29.60214,-99.73007,436.7784,6/28/21,p,2021,06/11/2021 09:00 CDT,96929,24.31,85.2,2.565,7.815,106.05,101890.7
TWB14,Uvalde_2020_02,29.60214,-99.73007,436.7784,6/28/21,p,2021,06/11/2021 09:05 CDT,96934,24.37,84.6,2.475,7.815,119.05,101894.76
TWB14,Uvalde_2020_02,29.60214,-99.73007,436.7784,6/28/21,p,2021,06/11/2021 09:10 CDT,96938,24.49,83.2,3.19,7.815,206.78,101897.62
TWB14,Uvalde_2020_02,29.60214,-99.73007,436.7784,6/28/21,p,2021,06/11/2021 09:15 CDT,96937,24.53,83.5,2.505,7.815,130.58,101895.03
TWB14,Uvalde_2020_02,29.60214,-99.73007,436.7784,6/28/21,p,2021,06/11/2021 09:20 CDT,96931,24.56,83.6,2.475,7.815,154.61,101888.21
TWB14,Uvalde_2020_02,29.60214,-99.73007,436.7784,6/28/21,p,2021,06/11/2021 09:25 CDT,96929,24.63,83.6,2.14,7.815,139.58,101884.92
TWB14,Uvalde_2020_02,29.60214,-99.73007,436.7784,6/28/21,p,2021,06/11/2021 09:30 CDT,96933,24.62,83.9,2.925,7.815,178.82,101888.61
TWB14,Uvalde_2020_02,29.60214,-99.73007,436.7784,6/28/21,p,2021,06/11/2021 09:35 CDT,96938,24.62,82.7,2.83,7.815,194.07,101894.04
TWB14,Uvalde_2020_02,29.60214,-99.73007,436.7784,6/28/21,p,2021,06/11/2021 09:40 CDT,96946,24.77,83.2,2.255,7.815,226.95,101900.75
TWB14,Uvalde_2020_02,29.60214,-99.73007,436.7784,6/28/21,p,2021,06/11/2021 09:45 CDT,96942,24.82,82.6,2.475,7.815,178.3,101894.51
TWB14,Uvalde_2020_02,29.60214,-99.73007,436.7784,6/28/21,p,2021,06/11/2021 09:50 CDT,96936,24.84,81.2,2.05,7.815,162.7,101887.7
TWB14,Uvalde_2020_02,29.60214,-99.73007,436.7784,6/28/21,p,2021,06/11/2021 09:55 CDT,96936,24.8,81.1,2.76,7.815,213.44,101888.38
TWB14,Uvalde_2020_02,29.60214,-99.73007,436.7784,6/28/21,p,2021,06/11/2021 10:00 CDT,96945,24.81,81.5,2.585,7.815,175.49,101897.67
TWB14,Uvalde_2020_02,29.60214,-99.73007,436.7784,6/28/21,p,2021,06/11/2021 10:05 CDT,96950,24.94,80.6,2.54,7.815,196.29,101901.4
TWB14,Uvalde_2020_02,29.60214,-99.73007,436.7784,6/28/21,p,2021,06/11/2021 10:10 CDT,96962,25.02,81.6,2.39,7.815,217.8,101912.65
TWB14,Uvalde_2020_02,29.60214,-99.73007,436.7784,6/28/21,p,2021,06/11/2021 10:15 CDT,96972,25.18,79.3,2.415,7.815,250.39,101920.46
TWB14,Uvalde_2020_02,29.60214,-99.73007,436.7784,6/28/21,p,2021,06/11/2021 10:20 CDT,96977,25.2,79.77,2.28,7.815,192.84,101924.02
TWB14,Uvalde_2020_02,29.60214,-99.73007,436.7784,6/28/21,p,2021,06/11/2021 10:25 CDT,96976,25.15,80.3,2.39,7.815,180.82,101923.81
TWB14,Uvalde_2020_02,29.60214,-99.73007,436.7784,6/28/21,p,2021,06/11/2021 10:30 CDT,96976,25.24,81.4,1.9,7.815,202.77,101923.63
TWB14,Uvalde_2020_02,29.60214,-99.73007,436.7784,6/28/21,p,2021,06/11/2021 10:35 CDT,96974,25.31,80.6,2.45,7.815,276.31,101919.84
TWB14,Uvalde_2020_02,29.60214,-99.73007,436.7784,6/28/21,p,2021,06/11/2021 10:40 CDT,96966,25.64,78.28,1.995,7.815,276.35,101906.88
TWB14,Uvalde_2020_02,29.60214,-99.73007,436.7784,6/28/21,p,2021,06/11/2021 10:45 CDT,96962,25.64,78.82,1.985,7.815,233.55,101900.82
TWB14,Uvalde_2020_02,29.60214,-99.73007,436.7784,6/28/21,p,2021,06/11/2021 10:50 CDT,96959,25.68,78.68,1.72,7.815,263.14,101896.99
TWB14,Uvalde_2020_02,29.60214,-99.73007,436.7784,6/28/21,p,2021,06/11/2021 10:55 CDT,96958,25.88,77.9,2.34,7.815,427.32,101893.92
TWB14,Uvalde_2020_02,29.60214,-99.73007,436.7784,6/28/21,p,2021,06/11/2021 11:00 CDT,96960,26.1,76.52,2.525,7.815,334.85,101891.98
TWB14,Uvalde_2020_02,29.60214,-99.73007,436.7784,6/28/21,p,2021,06/11/2021 11:05 CDT,96962,26.13,76.66,2.345,7.815,329.04,101893.07
TWB14,Uvalde_2020_02,29.60214,-99.73007,436.7784,6/28/21,p,2021,06/11/2021 11:10 CDT,96964,26.35,76.49,2.4,7.815,337.06,101891.64
TWB14,Uvalde_2020_02,29.60214,-99.73007,436.7784,6/28/21,p,2021,06/11/2021 11:15 CDT,96970,26.35,74.47,2.27,7.815,428.21,101897.29
TWB14,Uvalde_2020_02,29.60214,-99.73007,436.7784,6/28/21,p,2021,06/11/2021 11:20 CDT,96970,26.45,75.88,2.28,7.815,314.18,101895.43
TWB14,Uvalde_2020_02,29.60214,-99.73007,436.7784,6/28/21,p,2021,06/11/2021 11:25 CDT,96970,26.42,76.86,2.04,7.815,372.48,101895.93
TWB14,Uvalde_2020_02,29.60214,-99.73007,436.7784,6/28/21,p,2021,06/11/2021 11:30 CDT,96974,26.74,73.52,2.55,7.815,419.64,101895.12
TWB14,Uvalde_2020_02,29.60214,-99.73007,436.7784,6/28/21,p,2021,06/11/2021 11:35 CDT,96978,26.9,74.93,2.235,7.815,460.89,101895.62
TWB14,Uvalde_2020_02,29.60214,-99.73007,436.7784,6/28/21,p,2021,06/11/2021 11:40 CDT,96969,26.99,70.38,2.685,7.815,520.04,101883.87
TWB14,Uvalde_2020_02,29.60214,-99.73007,436.7784,6/28/21,p,2021,06/11/2021 11:45 CDT,96965,27.17,71.59,2.395,7.815,568.86,101877.65
TWB14,Uvalde_2020_02,29.60214,-99.73007,436.7784,6/28/21,p,2021,06/11/2021 11:50 CDT,96966,27.38,71.52,2.88,7.815,597.63,101874.19
TWB14,Uvalde_2020_02,29.60214,-99.73007,436.7784,6/28/21,p,2021,06/11/2021 11:55 CDT,96962,27.58,71.31,2.67,7.815,576.8,101866.98
TWB14,Uvalde_2020_02,29.60214,-99.73007,436.7784,6/28/21,p,2021,06/11/2021 12:00 CDT,96964,27.93,67.74,1.995,7.815,656.21,101864.13
TWB14,Uvalde_2020_02,29.60214,-99.73007,436.7784,6/28/21,p,2021,06/11/2021 12:05 CDT,96976,27.86,68.08,2.25,7.815,421.94,101874.73
TWB14,Uvalde_2020_02,29.60214,-99.73007,436.7784,6/28/21,p,2021,06/11/2021 12:10 CDT,96977,27.88,68.78,2.485,7.815,581.39,101876.77
TWB14,Uvalde_2020_02,29.60214,-99.73007,436.7784,6/28/21,p,2021,06/11/2021 12:15 CDT,96972,27.94,65.04,2.31,7.815,653.48,101871.73
TWB14,Uvalde_2020_02,29.60214,-99.73007,436.7784,6/28/21,p,2021,06/11/2021 12:20 CDT,96972,28.09,70.57,2.65,7.815,496.93,101868.18
TWB14,Uvalde_2020_02,29.60214,-99.73007,436.7784,6/28/21,p,2021,06/11/2021 12:25 CDT,96974,28.15,67.73,2.355,7.815,525.94,101870.64
TWB14,Uvalde_2020_02,29.60214,-99.73007,436.7784,6/28/21,p,2021,06/11/2021 12:30 CDT,96967,28,65.91,2.83,7.815,405.14,101864.14
TWB14,Uvalde_2020_02,29.60214,-99.73007,436.7784,6/28/21,p,2021,06/11/2021 12:35 CDT,96964,28.21,65.78,2.405,7.815,664.52,101860.16
TWB14,Uvalde_2020_02,29.60214,-99.73007,436.7784,6/28/21,p,2021,06/11/2021 12:40 CDT,96964,28.5,66.68,3.23,7.815,734.5,101854.18
TWB14,Uvalde_2020_02,29.60214,-99.73007,436.7784,6/28/21,p,2021,06/11/2021 12:45 CDT,96962,28.6,65.17,3.375,7.815,803.59,101849.28
TWB14,Uvalde_2020_02,29.60214,-99.73007,436.7784,6/28/21,p,2021,06/11/2021 12:50 CDT,96957,28.72,66.58,2.535,7.815,671.29,101842.02
TWB14,Uvalde_2020_02,29.60214,-99.73007,436.7784,6/28/21,p,2021,06/11/2021 12:55 CDT,96956,28.88,63.25,2.655,7.815,566.77,101838.7
TWB14,Uvalde_2020_02,29.60214,-99.73007,436.7784,6/28/21,p,2021,06/11/2021 13:00 CDT,96958,28.79,63.01,2.25,7.815,625.21,101841.29
TWB14,Uvalde_2020_02,29.60214,-99.73007,436.7784,6/28/21,p,2021,06/11/2021 13:05 CDT,96955,29.05,66.04,2.385,7.815,729.77,101834.81
TWB14,Uvalde_2020_02,29.60214,-99.73007,436.7784,6/28/21,p,2021,06/11/2021 13:10 CDT,96953,29.16,64.83,2.395,7.815,753.7,101831.4
TWB14,Uvalde_2020_02,29.60214,-99.73007,436.7784,6/28/21,p,2021,06/11/2021 13:15 CDT,96952,29.43,64.23,2.425,7.73,749.28,101825.42
TWB14,Uvalde_2020_02,29.60214,-99.73007,436.7784,6/28/21,p,2021,06/11/2021 13:20 CDT,96947,29.52,63.69,3.035,7.73,776.7,101818.36
TWB14,Uvalde_2020_02,29.60214,-99.73007,436.7784,6/28/21,p,2021,06/11/2021 13:25 CDT,96939,29.42,61.53,2.145,7.73,754.59,101810.97
TWB14,Uvalde_2020_02,29.60214,-99.73007,436.7784,6/28/21,p,2021,06/11/2021 13:30 CDT,96938,29.62,62.27,2.5,7.73,758.29,101808.27
TWB14,Uvalde_2020_02,29.60214,-99.73007,436.7784,6/28/21,p,2021,06/11/2021 13:35 CDT,96932,29.85,61.53,2.495,7.73,753.03,101797.7
TWB14,Uvalde_2020_02,29.60214,-99.73007,436.7784,6/28/21,p,2021,06/11/2021 13:40 CDT,96923,29.8,61.09,2.36,7.73,742.6,101788.42
TWB14,Uvalde_2020_02,29.60214,-99.73007,436.7784,6/28/21,p,2021,06/11/2021 13:45 CDT,96930,30.04,58.09,2.845,7.73,743.9,101791.71
TWB14,Uvalde_2020_02,29.60214,-99.73007,436.7784,6/28/21,p,2021,06/11/2021 13:50 CDT,96931,30.07,59.5,2.39,7.73,747.65,101792.58
TWB14,Uvalde_2020_02,29.60214,-99.73007,436.7784,6/28/21,p,2021,06/11/2021 13:55 CDT,96930,30.04,61.42,2.935,7.73,748.19,101789.87
TWB14,Uvalde_2020_02,29.60214,-99.73007,436.7784,6/28/21,p,2021,06/11/2021 14:00 CDT,96920,30.13,57.62,2.78,7.73,743.88,101779.9
TWB14,Uvalde_2020_02,29.60214,-99.73007,436.7784,6/28/21,p,2021,06/11/2021 14:05 CDT,96919,30.19,57.75,2.365,7.73,743.57,101779.01
TWB14,Uvalde_2020_02,29.60214,-99.73007,436.7784,6/28/21,p,2021,06/11/2021 14:10 CDT,96913,30.35,60.11,2.595,7.73,740.04,101769.09
TWB14,Uvalde_2020_02,29.60214,-99.73007,436.7784,6/28/21,p,2021,06/11/2021 14:15 CDT,96910,30.43,57.25,2.71,7.73,739.04,101764.17
TWB14,Uvalde_2020_02,29.60214,-99.73007,436.7784,6/28/21,p,2021,06/11/2021 14:20 CDT,96901,30.46,57.48,2.735,7.73,735.59,101753.9
TWB14,Uvalde_2020_02,29.60214,-99.73007,436.7784,6/28/21,p,2021,06/11/2021 14:25 CDT,96892,30.54,57.92,2.975,7.73,735.91,101743.63
TWB14,Uvalde_2020_02,29.60214,-99.73007,436.7784,6/28/21,p,2021,06/11/2021 14:30 CDT,96888,30.44,58.26,3.155,7.73,730.46,101740.73
TWB14,Uvalde_2020_02,29.60214,-99.73007,436.7784,6/28/21,p,2021,06/11/2021 14:35 CDT,96880,30.67,61.79,2.075,7.73,667.29,101730.5
TWB14,Uvalde_2020_02,29.60214,-99.73007,436.7784,6/28/21,p,2021,06/11/2021 14:40 CDT,96876,30.97,58.26,2.785,7.73,720.2,101720.31
TWB14,Uvalde_2020_02,29.60214,-99.73007,436.7784,6/28/21,p,2021,06/11/2021 14:45 CDT,96876,31.02,57.48,2.145,7.73,714.48,101719.67
TWB14,Uvalde_2020_02,29.60214,-99.73007,436.7784,6/28/21,p,2021,06/11/2021 14:50 CDT,96866,30.99,56.4,2.785,7.73,715.58,101710.16
TWB14,Uvalde_2020_02,29.60214,-99.73007,436.7784,6/28/21,p,2021,06/11/2021 14:55 CDT,96865,31.15,54.59,2.41,7.73,708.64,101706.53
TWB14,Uvalde_2020_02,29.60214,-99.73007,436.7784,6/28/21,p,2021,06/11/2021 15:00 CDT,96864,31.09,55.66,2.495,7.73,701.16,101704.98
TWB14,Uvalde_2020_02,29.60214,-99.73007,436.7784,6/28/21,p,2021,06/11/2021 15:05 CDT,96865,31.15,55.06,2.335,7.73,698.23,101705.55
TWB14,Uvalde_2020_02,29.60214,-99.73007,436.7784,6/28/21,p,2021,06/11/2021 15:10 CDT,96865,31.2,55.97,2.65,7.73,695.34,101705.05
TWB14,Uvalde_2020_02,29.60214,-99.73007,436.7784,6/28/21,p,2021,06/11/2021 15:15 CDT,96865,31.24,54.99,2.985,7.73,692.61,101704.08
TWB14,Uvalde_2020_02,29.60214,-99.73007,436.7784,6/28/21,p,2021,06/11/2021 15:20 CDT,96861,31.16,55.66,2.395,7.73,678.11,101700.36
TWB14,Uvalde_2020_02,29.60214,-99.73007,436.7784,6/28/21,p,2021,06/11/2021 15:25 CDT,96858,31.48,54.59,2.305,7.73,672.08,101693.98
TWB14,Uvalde_2020_02,29.60214,-99.73007,436.7784,6/28/21,p,2021,06/11/2021 15:30 CDT,96857,31.51,57.18,2.205,7.73,664.37,101690.95
TWB14,Uvalde_2020_02,29.60214,-99.73007,436.7784,6/28/21,p,2021,06/11/2021 15:35 CDT,96854,31.64,58.39,2.415,7.73,662.57,101686.01
TWB14,Uvalde_2020_02,29.60214,-99.73007,436.7784,6/28/21,p,2021,06/11/2021 15:40 CDT,96847,31.75,55.83,2.545,7.73,654.34,101676.42
TWB14,Uvalde_2020_02,29.60214,-99.73007,436.7784,6/28/21,p,2021,06/11/2021 15:45 CDT,96835,31.79,54.55,2.3,7.73,644.6,101664
TWB14,Uvalde_2020_02,29.60214,-99.73007,436.7784,6/28/21,p,2021,06/11/2021 15:50 CDT,96829,31.76,56.46,2.9,7.73,645.96,101657.36
TWB14,Uvalde_2020_02,29.60214,-99.73007,436.7784,6/28/21,p,2021,06/11/2021 15:55 CDT,96817,31.92,53.2,2.53,7.73,631.09,101643.83
TWB14,Uvalde_2020_02,29.60214,-99.73007,436.7784,6/28/21,p,2021,06/11/2021 16:00 CDT,96806,31.86,55.12,2.6,7.73,625.78,101632.09
TWB14,Uvalde_2020_02,29.60214,-99.73007,436.7784,6/28/21,p,2021,06/11/2021 16:05 CDT,96805,31.86,55.99,2.55,7.73,617.18,101630.87
TWB14,Uvalde_2020_02,29.60214,-99.73007,436.7784,6/28/21,p,2021,06/11/2021 16:10 CDT,96795,31.88,55.58,2.67,7.73,607.49,101621.51
TWB14,Uvalde_2020_02,29.60214,-99.73007,436.7784,6/28/21,p,2021,06/11/2021 16:15 CDT,96790,31.91,54.31,2.485,7.73,598.27,101614.18
TWB14,Uvalde_2020_02,29.60214,-99.73007,436.7784,6/28/21,p,2021,06/11/2021 16:20 CDT,96782,31.97,56.19,2.045,7.73,585.23,101605.43
TWB14,Uvalde_2020_02,29.60214,-99.73007,436.7784,6/28/21,p,2021,06/11/2021 16:25 CDT,96778,32.06,52.89,3.22,7.73,584.91,101599.82
TWB14,Uvalde_2020_02,29.60214,-99.73007,436.7784,6/28/21,p,2021,06/11/2021 16:30 CDT,96775,31.84,55.99,2.32,7.73,571.71,101600.18
TWB14,Uvalde_2020_02,29.60214,-99.73007,436.7784,6/28/21,p,2021,06/11/2021 16:35 CDT,96774,32.1,53.09,2.135,7.73,552.88,101595.62
TWB14,Uvalde_2020_02,29.60214,-99.73007,436.7784,6/28/21,p,2021,06/11/2021 16:40 CDT,96773,32.11,54.4,3.055,7.73,551.3,101592.94
TWB14,Uvalde_2020_02,29.60214,-99.73007,436.7784,6/28/21,p,2021,06/11/2021 16:45 CDT,96766,32.19,52.99,2.09,7.73,535.85,101585.77
TWB14,Uvalde_2020_02,29.60214,-99.73007,436.7784,6/28/21,p,2021,06/11/2021 16:50 CDT,96758,32.35,53.8,2.305,7.73,524.55,101575.1
TWB14,Uvalde_2020_02,29.60214,-99.73007,436.7784,6/28/21,p,2021,06/11/2021 16:55 CDT,96747,32.27,51.67,2.63,7.73,515.17,101563.74
TWB14,Uvalde_2020_02,29.60214,-99.73007,436.7784,6/28/21,p,2021,06/11/2021 17:00 CDT,96742,32.21,53.76,2.61,7.73,505.72,101560.4
TWB14,Uvalde_2020_02,29.60214,-99.73007,436.7784,6/28/21,p,2021,06/11/2021 17:05 CDT,96740,32.3,53.86,2.69,7.73,494.52,101556.85
TWB14,Uvalde_2020_02,29.60214,-99.73007,436.7784,6/28/21,p,2021,06/11/2021 17:10 CDT,96733,32.34,54.47,2.175,7.73,481.87,101550.14
TWB14,Uvalde_2020_02,29.60214,-99.73007,436.7784,6/28/21,p,2021,06/11/2021 17:15 CDT,96723,32.38,50.9,2.73,7.73,474.57,101538.4
TWB14,Uvalde_2020_02,29.60214,-99.73007,436.7784,6/28/21,p,2021,06/11/2021 17:20 CDT,96720,32.32,52.72,2.43,7.73,461.22,101535.71
TWB14,Uvalde_2020_02,29.60214,-99.73007,436.7784,6/28/21,p,2021,06/11/2021 17:25 CDT,96720,32.42,51.03,2.29,7.73,448.89,101535.09
TWB14,Uvalde_2020_02,29.60214,-99.73007,436.7784,6/28/21,p,2021,06/11/2021 17:30 CDT,96717,32.33,53.96,2.855,7.73,441.42,101532.7
TWB14,Uvalde_2020_02,29.60214,-99.73007,436.7784,6/28/21,p,2021,06/11/2021 17:35 CDT,96706,32.57,51.84,2.27,7.73,419.41,101519.25
TWB14,Uvalde_2020_02,29.60214,-99.73007,436.7784,6/28/21,p,2021,06/11/2021 17:40 CDT,96701,32.37,54.16,2.885,7.73,393.78,101514.62
TWB14,Uvalde_2020_02,29.60214,-99.73007,436.7784,6/28/21,p,2021,06/11/2021 17:45 CDT,96697,32.2,53.56,3.095,7.73,347.75,101513.97
TWB14,Uvalde_2020_02,29.60214,-99.73007,436.7784,6/28/21,p,2021,06/11/2021 17:50 CDT,96701,32.23,55.78,2.565,7.73,385.4,101518.95
TWB14,Uvalde_2020_02,29.60214,-99.73007,436.7784,6/28/21,p,2021,06/11/2021 17:55 CDT,96701,32.49,51.57,2.06,7.73,371,101515.29
TWB14,Uvalde_2020_02,29.60214,-99.73007,436.7784,6/28/21,p,2021,06/11/2021 18:00 CDT,96692,32.51,53.46,2.26,7.73,350.89,101504.7
TWB14,Uvalde_2020_02,29.60214,-99.73007,436.7784,6/28/21,p,2021,06/11/2021 18:05 CDT,96690,32.58,52.55,2.25,7.73,351.43,101501.8
TWB14,Uvalde_2020_02,29.60214,-99.73007,436.7784,6/28/21,p,2021,06/11/2021 18:10 CDT,96686,32.33,53.02,3.315,7.73,284.53,101500.17
TWB14,Uvalde_2020_02,29.60214,-99.73007,436.7784,6/28/21,p,2021,06/11/2021 18:15 CDT,96690,32.14,51.88,2.375,7.73,277.7,101509.38
TWB14,Uvalde_2020_02,29.60214,-99.73007,436.7784,6/28/21,p,2021,06/11/2021 18:20 CDT,96687,32.17,51.51,3.12,7.73,307.77,101506.08
TWB14,Uvalde_2020_02,29.60214,-99.73007,436.7784,6/28/21,p,2021,06/11/2021 18:25 CDT,96681,32.12,53.22,2.915,7.73,296.97,101500.24
TWB14,Uvalde_2020_02,29.60214,-99.73007,436.7784,6/28/21,p,2021,06/11/2021 18:30 CDT,96678,32.07,52.82,3.015,7.73,285.88,101497.74
TWB14,Uvalde_2020_02,29.60214,-99.73007,436.7784,6/28/21,p,2021,06/11/2021 18:35 CDT,96673,32.14,52.08,2.355,7.73,263,101492.5
TWB14,Uvalde_2020_02,29.60214,-99.73007,436.7784,6/28/21,p,2021,06/11/2021 18:40 CDT,96675,32.01,53.23,3.015,7.73,175.51,101495.07
TWB14,Uvalde_2020_02,29.60214,-99.73007,436.7784,6/28/21,p,2021,06/11/2021 18:45 CDT,96681,31.71,53.3,2.34,7.73,109.83,101506.38
TWB14,Uvalde_2020_02,29.60214,-99.73007,436.7784,6/28/21,p,2021,06/11/2021 18:50 CDT,96683,31.46,53.43,3.075,7.73,151.97,101513.5
TWB14,Uvalde_2020_02,29.60214,-99.73007,436.7784,6/28/21,p,2021,06/11/2021 18:55 CDT,96684,31.43,53.37,2.91,7.73,127.95,101516.01
TWB14,Uvalde_2020_02,29.60214,-99.73007,436.7784,6/28/21,p,2021,06/11/2021 19:00 CDT,96680,31.32,53.71,2.955,7.73,108.29,101513.43
TWB14,Uvalde_2020_02,29.60214,-99.73007,436.7784,6/28/21,p,2021,06/11/2021 19:05 CDT,96683,31.21,54.18,2.75,7.73,64.68,101518.19
TWB14,Uvalde_2020_02,29.60214,-99.73007,436.7784,6/28/21,p,2021,06/11/2021 19:10 CDT,96687,31.02,54.72,2,7.73,84.22,101525.64
TWB14,Uvalde_2020_02,29.60214,-99.73007,436.7784,6/28/21,p,2021,06/11/2021 19:15 CDT,96689,30.92,55.96,1.665,7.73,69.1,101529.84
TWB14,Uvalde_2020_02,29.60214,-99.73007,436.7784,6/28/21,p,2021,06/11/2021 19:20 CDT,96694,30.77,56.13,1.64,7.73,51.58,101537.53
TWB14,Uvalde_2020_02,29.60214,-99.73007,436.7784,6/28/21,p,2021,06/11/2021 19:25 CDT,96689,30.6,56.77,1.88,7.73,44.28,101535.37
TWB14,Uvalde_2020_02,29.60214,-99.73007,436.7784,6/28/21,p,2021,06/11/2021 19:30 CDT,96688,30.44,57.95,1.69,7.73,37.7,101536.43
TWB14,Uvalde_2020_02,29.60214,-99.73007,436.7784,6/28/21,p,2021,06/11/2021 19:35 CDT,96689,30.27,58.66,1.575,7.73,36.54,101540.57
TWB14,Uvalde_2020_02,29.60214,-99.73007,436.7784,6/28/21,p,2021,06/11/2021 19:40 CDT,96685,30.16,58.97,1.89,7.73,38.44,101538.5
TWB14,Uvalde_2020_02,29.60214,-99.73007,436.7784,6/28/21,p,2021,06/11/2021 19:45 CDT,96693,30.13,59.78,1.795,7.73,77.28,101548.85
TWB14,Uvalde_2020_02,29.60214,-99.73007,436.7784,6/28/21,p,2021,06/11/2021 19:50 CDT,96706,30.22,59.38,1.95,7.73,76.77,101561.53
TWB14,Uvalde_2020_02,29.60214,-99.73007,436.7784,6/28/21,p,2021,06/11/2021 19:55 CDT,96710,30.23,58.87,2.16,7.73,69.57,101564.92
TWB14,Uvalde_2020_02,29.60214,-99.73007,436.7784,6/28/21,p,2021,06/11/2021 20:00 CDT,96714,30.16,60.19,1.84,7.73,59.88,101569.59
TWB14,Uvalde_2020_02,29.60214,-99.73007,436.7784,6/28/21,p,2021,06/11/2021 20:05 CDT,96720,30.03,59.38,2.005,7.73,43.47,101578.03
TWB14,Uvalde_2020_02,29.60214,-99.73007,436.7784,6/28/21,p,2021,06/11/2021 20:10 CDT,96724,29.95,59.78,2.265,7.73,32.22,101583.05
TWB14,Uvalde_2020_02,29.60214,-99.73007,436.7784,6/28/21,p,2021,06/11/2021 20:15 CDT,96728,29.85,59.75,2.175,7.73,31.4,101588.89
TWB14,Uvalde_2020_02,29.60214,-99.73007,436.7784,6/28/21,p,2021,06/11/2021 20:20 CDT,96733,29.73,60.83,2.26,7.73,23.35,101596.1
TWB14,Uvalde_2020_02,29.60214,-99.73007,436.7784,6/28/21,p,2021,06/11/2021 20:25 CDT,96740,29.54,61.24,2.065,7.73,15.56,101606.41
TWB14,Uvalde_2020_02,29.60214,-99.73007,436.7784,6/28/21,p,2021,06/11/2021 20:30 CDT,96741,29.37,61.61,1.835,7.73,10.28,101609.92
TWB14,Uvalde_2020_02,29.60214,-99.73007,436.7784,6/28/21,p,2021,06/11/2021 20:35 CDT,96743,29.18,62.08,1.645,7.73,6.15,101615.47
TWB14,Uvalde_2020_02,29.60214,-99.73007,436.7784,6/28/21,p,2021,06/11/2021 20:40 CDT,96743,29.02,62.49,1.395,7.73,3.64,101618.11
TWB14,Uvalde_2020_02,29.60214,-99.73007,436.7784,6/28/21,p,2021,06/11/2021 20:45 CDT,96744,28.93,63.09,1.635,7.73,1.87,101621.46
TWB14,Uvalde_2020_02,29.60214,-99.73007,436.7784,6/28/21,p,2021,06/11/2021 20:50 CDT,96745,28.82,63.7,1.515,7.73,0.57,101624.49
TWB14,Uvalde_2020_02,29.60214,-99.73007,436.7784,6/28/21,p,2021,06/11/2021 20:55 CDT,96747,28.67,64.11,1.68,7.73,0.23,101629.07
TWB14,Uvalde_2020_02,29.60214,-99.73007,436.7784,6/28/21,p,2021,06/11/2021 21:00 CDT,96751,28.58,64.51,1.54,7.73,0.07,101634.92
TWB14,Uvalde_2020_02,29.60214,-99.73007,436.7784,6/28/21,p,2021,06/11/2021 21:05 CDT,96749,28.44,64.99,1.7,7.73,0.03,101635.47
TWB14,Uvalde_2020_02,29.60214,-99.73007,436.7784,6/28/21,p,2021,06/11/2021 21:10 CDT,96749,28.4,64.92,1.985,7.73,0,101636.63
TWB14,Uvalde_2020_02,29.60214,-99.73007,436.7784,6/28/21,p,2021,06/11/2021 21:15 CDT,96750,28.35,65.4,1.675,7.73,0.01,101638.17
TWB14,Uvalde_2020_02,29.60214,-99.73007,436.7784,6/28/21,p,2021,06/11/2021 21:20 CDT,96753,28.22,65.23,1.57,7.73,0.18,101643.15
TWB14,Uvalde_2020_02,29.60214,-99.73007,436.7784,6/28/21,p,2021,06/11/2021 21:25 CDT,96754,28.1,65.3,1.51,7.73,0.07,101646.36
TWB14,Uvalde_2020_02,29.60214,-99.73007,436.7784,6/28/21,p,2021,06/11/2021 21:30 CDT,96756,28.06,65.13,1.76,7.73,0,101649.96
TWB14,Uvalde_2020_02,29.60214,-99.73007,436.7784,6/28/21,p,2021,06/11/2021 21:35 CDT,96766,28.02,64.59,1.655,7.73,0.02,101661.3
TWB14,Uvalde_2020_02,29.60214,-99.73007,436.7784,6/28/21,p,2021,06/11/2021 21:40 CDT,96769,27.96,64.53,1.785,7.73,0,101665.28
TWB14,Uvalde_2020_02,29.60214,-99.73007,436.7784,6/28/21,p,2021,06/11/2021 21:45 CDT,96778,27.9,64.66,1.61,7.73,0,101675.74
TWB14,Uvalde_2020_02,29.60214,-99.73007,436.7784,6/28/21,p,2021,06/11/2021 21:50 CDT,96786,27.92,64.33,1.875,7.73,0,101684.31
TWB14,Uvalde_2020_02,29.60214,-99.73007,436.7784,6/28/21,p,2021,06/11/2021 21:55 CDT,96793,27.92,64.06,2.165,7.73,0,101691.5
TWB14,Uvalde_2020_02,29.60214,-99.73007,436.7784,6/28/21,p,2021,06/11/2021 22:00 CDT,96801,27.95,64.26,2.295,7.73,0,101699.24
TWB14,Uvalde_2020_02,29.60214,-99.73007,436.7784,6/28/21,p,2021,06/11/2021 22:05 CDT,96811,27.99,64.53,2.335,7.73,0,101708.74
TWB14,Uvalde_2020_02,29.60214,-99.73007,436.7784,6/28/21,p,2021,06/11/2021 22:10 CDT,96815,27.94,65.07,2.145,7.73,0,101713.27
TWB14,Uvalde_2020_02,29.60214,-99.73007,436.7784,6/28/21,p,2021,06/11/2021 22:15 CDT,96826,27.88,65.61,1.955,7.73,0,101725.49
TWB14,Uvalde_2020_02,29.60214,-99.73007,436.7784,6/28/21,p,2021,06/11/2021 22:20 CDT,96836,27.9,65.75,2.31,7.73,0,101736.5
TWB14,Uvalde_2020_02,29.60214,-99.73007,436.7784,6/28/21,p,2021,06/11/2021 22:25 CDT,96841,27.81,66.02,2.015,7.73,0,101742.58
TWB14,Uvalde_2020_02,29.60214,-99.73007,436.7784,6/28/21,p,2021,06/11/2021 22:30 CDT,96841,27.74,66.76,1.84,7.73,0,101743.41
TWB14,Uvalde_2020_02,29.60214,-99.73007,436.7784,6/28/21,p,2021,06/11/2021 22:35 CDT,96842,27.68,67.37,1.915,7.73,0,101745.62
TWB14,Uvalde_2020_02,29.60214,-99.73007,436.7784,6/28/21,p,2021,06/11/2021 22:40 CDT,96852,27.61,67.44,2.385,7.73,0,101757.62
TWB14,Uvalde_2020_02,29.60214,-99.73007,436.7784,6/28/21,p,2021,06/11/2021 22:45 CDT,96857,27.64,67.94,2.69,7.73,0,101762.54
TWB14,Uvalde_2020_02,29.60214,-99.73007,436.7784,6/28/21,p,2021,06/11/2021 22:50 CDT,96866,27.59,68.48,2.515,7.73,0,101772.49
TWB14,Uvalde_2020_02,29.60214,-99.73007,436.7784,6/28/21,p,2021,06/11/2021 22:55 CDT,96871,27.51,68.55,2.155,7.73,0,101778.74
TWB14,Uvalde_2020_02,29.60214,-99.73007,436.7784,6/28/21,p,2021,06/11/2021 23:00 CDT,96879,27.45,69.12,2.12,7.73,0,101787.98
TWB14,Uvalde_2020_02,29.60214,-99.73007,436.7784,6/28/21,p,2021,06/11/2021 23:05 CDT,96878,27.41,69.26,2.18,7.73,0,101787.76
TWB14,Uvalde_2020_02,29.60214,-99.73007,436.7784,6/28/21,p,2021,06/11/2021 23:10 CDT,96878,27.33,69.16,2.26,7.73,0,101789.27
TWB14,Uvalde_2020_02,29.60214,-99.73007,436.7784,6/28/21,p,2021,06/11/2021 23:15 CDT,96891,27.32,69.53,2.06,7.73,0,101803.09
TWB14,Uvalde_2020_02,29.60214,-99.73007,436.7784,6/28/21,p,2021,06/11/2021 23:20 CDT,96897,27.25,69.66,1.935,7.73,0,101810.57
TWB14,Uvalde_2020_02,29.60214,-99.73007,436.7784,6/28/21,p,2021,06/11/2021 23:25 CDT,96902,27.21,69.66,1.985,7.73,0,101816.66
TWB14,Uvalde_2020_02,29.60214,-99.73007,436.7784,6/28/21,p,2021,06/11/2021 23:30 CDT,96908,27.24,69.16,2.425,7.73,0,101823.13
TWB14,Uvalde_2020_02,29.60214,-99.73007,436.7784,6/28/21,p,2021,06/11/2021 23:35 CDT,96909,27.27,69.19,2.06,7.73,0,101823.18
TWB14,Uvalde_2020_02,29.60214,-99.73007,436.7784,6/28/21,p,2021,06/11/2021 23:40 CDT,96910,27.2,69.46,1.955,7.73,0,101824.9
TWB14,Uvalde_2020_02,29.60214,-99.73007,436.7784,6/28/21,p,2021,06/11/2021 23:45 CDT,96910,27.19,69.09,2.17,7.73,0,101825.74
TWB14,Uvalde_2020_02,29.60214,-99.73007,436.7784,6/28/21,p,2021,06/11/2021 23:50 CDT,96923,27.19,69.09,2.03,7.73,0,101839.06
TWB14,Uvalde_2020_02,29.60214,-99.73007,436.7784,6/28/21,p,2021,06/11/2021 23:55 CDT,96926,27.12,69.39,1.75,7.73,0,101843.38
TWB14,Uvalde_2020_02,29.60214,-99.73007,436.7784,6/28/21,p,2021,06/12/2021 00:00 CDT,96927,27.04,69.39,2.06,7.73,0,101846.45
TWB14,Uvalde_2020_02,29.60214,-99.73007,436.7784,6/28/21,p,2021,06/12/2021 00:05 CDT,96932,27.1,68.92,2.555,7.73,0,101851.2
TWB14,Uvalde_2020_02,29.60214,-99.73007,436.7784,6/28/21,p,2021,06/12/2021 00:10 CDT,96947,27.16,69.26,2.24,7.73,0,101865.12
TWB14,Uvalde_2020_02,29.60214,-99.73007,436.7784,6/28/21,p,2021,06/12/2021 00:15 CDT,96951,27.08,69.94,2.495,7.73,0,101870.32
TWB14,Uvalde_2020_02,29.60214,-99.73007,436.7784,6/28/21,p,2021,06/12/2021 00:20 CDT,96952,27.05,71.01,3.005,7.985,0,101871.69
TWB14,Uvalde_2020_02,29.60214,-99.73007,436.7784,6/28/21,p,2021,06/12/2021 00:25 CDT,96946,26.96,72.5,2.55,7.985,0,101865.88
TWB14,Uvalde_2020_02,29.60214,-99.73007,436.7784,6/28/21,p,2021,06/12/2021 00:30 CDT,96935,26.77,73.98,2.445,7.985,0.02,101856.99
TWB14,Uvalde_2020_02,29.60214,-99.73007,436.7784,6/28/21,p,2021,06/12/2021 00:35 CDT,96928,26.66,75.7,3.135,7.985,0,101851.63
TWB14,Uvalde_2020_02,29.60214,-99.73007,436.7784,6/28/21,p,2021,06/12/2021 00:40 CDT,96927,26.51,77.25,2.73,7.985,0,101852.75
TWB14,Uvalde_2020_02,29.60214,-99.73007,436.7784,6/28/21,p,2021,06/12/2021 00:45 CDT,96931,26.37,78.23,2.485,7.985,0,101859.47
TWB14,Uvalde_2020_02,29.60214,-99.73007,436.7784,6/28/21,p,2021,06/12/2021 00:50 CDT,96944,26.24,79.58,2.605,7.985,0,101874.81
TWB14,Uvalde_2020_02,29.60214,-99.73007,436.7784,6/28/21,p,2021,06/12/2021 00:55 CDT,96948,26.12,80.7,2.83,7.985,0,101881.19
TWB14,Uvalde_2020_02,29.60214,-99.73007,436.7784,6/28/21,p,2021,06/12/2021 01:00 CDT,96944,26,81.8,2.96,7.985,0,101878.83
TWB14,Uvalde_2020_02,29.60214,-99.73007,436.7784,6/28/21,p,2021,06/12/2021 01:05 CDT,96941,25.9,82.6,2.775,7.985,0,101877.19
TWB14,Uvalde_2020_02,29.60214,-99.73007,436.7784,6/28/21,p,2021,06/12/2021 01:10 CDT,96932,25.75,83.5,2.195,7.985,0.09,101870.26
TWB14,Uvalde_2020_02,29.60214,-99.73007,436.7784,6/28/21,p,2021,06/12/2021 01:15 CDT,96933,25.66,83.8,2.555,7.985,0,101873
TWB14,Uvalde_2020_02,29.60214,-99.73007,436.7784,6/28/21,p,2021,06/12/2021 01:20 CDT,96941,25.58,84.4,2.565,7.985,0,101882.59
TWB14,Uvalde_2020_02,29.60214,-99.73007,436.7784,6/28/21,p,2021,06/12/2021 01:25 CDT,96945,25.48,84.8,2.255,7.985,0,101888.65
TWB14,Uvalde_2020_02,29.60214,-99.73007,436.7784,6/28/21,p,2021,06/12/2021 01:30 CDT,96943,25.41,85.4,2.505,7.985,0,101887.56
TWB14,Uvalde_2020_02,29.60214,-99.73007,436.7784,6/28/21,p,2021,06/12/2021 01:35 CDT,96944,25.37,85.8,2.535,7.985,0,101889.28
TWB14,Uvalde_2020_02,29.60214,-99.73007,436.7784,6/28/21,p,2021,06/12/2021 01:40 CDT,96933,25.31,86.3,2.29,7.985,0,101878.74
TWB14,Uvalde_2020_02,29.60214,-99.73007,436.7784,6/28/21,p,2021,06/12/2021 01:45 CDT,96927,25.26,86.9,2.24,7.985,0,101873.61
TWB14,Uvalde_2020_02,29.60214,-99.73007,436.7784,6/28/21,p,2021,06/12/2021 01:50 CDT,96926,25.19,87.3,2.605,7.985,0,101873.74
TWB14,Uvalde_2020_02,29.60214,-99.73007,436.7784,6/28/21,p,2021,06/12/2021 01:55 CDT,96917,25.14,87.7,2.39,7.985,0,101864.96
TWB14,Uvalde_2020_02,29.60214,-99.73007,436.7784,6/28/21,p,2021,06/12/2021 02:00 CDT,96913,25.08,88,2.685,7.985,0,101861.77
TWB14,Uvalde_2020_02,29.60214,-99.73007,436.7784,6/28/21,p,2021,06/12/2021 02:05 CDT,96912,25.08,88,2.945,7.985,0,101861.06
TWB14,Uvalde_2020_02,29.60214,-99.73007,436.7784,6/28/21,p,2021,06/12/2021 02:10 CDT,96911,25.06,88.4,3.045,7.985,0,101860.18
TWB14,Uvalde_2020_02,29.60214,-99.73007,436.7784,6/28/21,p,2021,06/12/2021 02:15 CDT,96909,25.04,88.4,2.61,7.985,0,101858.24
TWB14,Uvalde_2020_02,29.60214,-99.73007,436.7784,6/28/21,p,2021,06/12/2021 02:20 CDT,96904,25.02,88.5,2.955,7.985,0,101853.5
TWB14,Uvalde_2020_02,29.60214,-99.73007,436.7784,6/28/21,p,2021,06/12/2021 02:25 CDT,96907,25,88.4,2.745,7.985,0,101856.99
TWB14,Uvalde_2020_02,29.60214,-99.73007,436.7784,6/28/21,p,2021,06/12/2021 02:30 CDT,96912,24.98,88.4,2.51,7.985,0,101862.42
TWB14,Uvalde_2020_02,29.60214,-99.73007,436.7784,6/28/21,p,2021,06/12/2021 02:35 CDT,96910,24.92,88.5,2.52,7.985,0,101861.16
TWB14,Uvalde_2020_02,29.60214,-99.73007,436.7784,6/28/21,p,2021,06/12/2021 02:40 CDT,96910,24.88,88.4,2.97,7.985,0,101862.01
TWB14,Uvalde_2020_02,29.60214,-99.73007,436.7784,6/28/21,p,2021,06/12/2021 02:45 CDT,96908,24.85,88.1,2.69,7.985,0.02,101860.59
TWB14,Uvalde_2020_02,29.60214,-99.73007,436.7784,6/28/21,p,2021,06/12/2021 02:50 CDT,96900,24.78,88.3,2.285,7.985,0.04,101853.2
TWB14,Uvalde_2020_02,29.60214,-99.73007,436.7784,6/28/21,p,2021,06/12/2021 02:55 CDT,96902,24.66,88.3,1.405,7.985,0.33,101857.35
TWB14,Uvalde_2020_02,29.60214,-99.73007,436.7784,6/28/21,p,2021,06/12/2021 03:00 CDT,96901,24.59,88.4,1.845,7.985,0.06,101857.83
TWB14,Uvalde_2020_02,29.60214,-99.73007,436.7784,6/28/21,p,2021,06/12/2021 03:05 CDT,96899,24.55,88.3,1.8,7.985,0,101856.58
TWB14,Uvalde_2020_02,29.60214,-99.73007,436.7784,6/28/21,p,2021,06/12/2021 03:10 CDT,96895,24.55,87.9,2.4,7.985,0,101852.72
TWB14,Uvalde_2020_02,29.60214,-99.73007,436.7784,6/28/21,p,2021,06/12/2021 03:15 CDT,96880,24.53,87.9,2.005,7.985,0,101836.78
TWB14,Uvalde_2020_02,29.60214,-99.73007,436.7784,6/28/21,p,2021,06/12/2021 03:20 CDT,96877,24.49,87.8,1.685,7.985,0,101834.14
TWB14,Uvalde_2020_02,29.60214,-99.73007,436.7784,6/28/21,p,2021,06/12/2021 03:25 CDT,96881,24.4,88,1.585,7.985,0.05,101839.71
TWB14,Uvalde_2020_02,29.60214,-99.73007,436.7784,6/28/21,p,2021,06/12/2021 03:30 CDT,96877,24.37,88.1,2.12,7.985,0,101836.35
TWB14,Uvalde_2020_02,29.60214,-99.73007,436.7784,6/28/21,p,2021,06/12/2021 03:35 CDT,96883,24.27,88.3,1.255,7.985,0.01,101844.02
TWB14,Uvalde_2020_02,29.60214,-99.73007,436.7784,6/28/21,p,2021,06/12/2021 03:40 CDT,96883,24.17,88.4,0.95,7.985,0.15,101845.73
TWB14,Uvalde_2020_02,29.60214,-99.73007,436.7784,6/28/21,p,2021,06/12/2021 03:45 CDT,96877,24.11,88.7,1.54,7.985,0.03,101841.13
TWB14,Uvalde_2020_02,29.60214,-99.73007,436.7784,6/28/21,p,2021,06/12/2021 03:50 CDT,96878,24.03,88.9,0.99,7.985,0.01,101843.37
TWB14,Uvalde_2020_02,29.60214,-99.73007,436.7784,6/28/21,p,2021,06/12/2021 03:55 CDT,96881,23.95,89.1,0.61,7.985,0.21,101847.55
TWB14,Uvalde_2020_02,29.60214,-99.73007,436.7784,6/28/21,p,2021,06/12/2021 04:00 CDT,96894,23.87,89.3,0.665,7.985,0,101862.93
TWB14,Uvalde_2020_02,29.60214,-99.73007,436.7784,6/28/21,p,2021,06/12/2021 04:05 CDT,96897,23.81,89.5,0.48,7.985,0.06,101867.45
TWB14,Uvalde_2020_02,29.60214,-99.73007,436.7784,6/28/21,p,2021,06/12/2021 04:10 CDT,96890,23.76,90.2,1.13,7.985,0.03,101861.29
TWB14,Uvalde_2020_02,29.60214,-99.73007,436.7784,6/28/21,p,2021,06/12/2021 04:15 CDT,96886,23.72,90.1,1.655,7.985,0,101858.11
TWB14,Uvalde_2020_02,29.60214,-99.73007,436.7784,6/28/21,p,2021,06/12/2021 04:20 CDT,96886,23.7,89.9,1.245,7.985,0,101858.11
TWB14,Uvalde_2020_02,29.60214,-99.73007,436.7784,6/28/21,p,2021,06/12/2021 04:25 CDT,96886,23.6,90.3,1.07,7.985,0,101859.48
TWB14,Uvalde_2020_02,29.60214,-99.73007,436.7784,6/28/21,p,2021,06/12/2021 04:30 CDT,96885,23.48,90.9,0.915,7.985,0,101860.31
TWB14,Uvalde_2020_02,29.60214,-99.73007,436.7784,6/28/21,p,2021,06/12/2021 04:35 CDT,96882,23.44,90.9,1.13,7.985,0,101858.36
TWB14,Uvalde_2020_02,29.60214,-99.73007,436.7784,6/28/21,p,2021,06/12/2021 04:40 CDT,96877,23.35,91.1,0.675,7.985,0.06,101854.65
TWB14,Uvalde_2020_02,29.60214,-99.73007,436.7784,6/28/21,p,2021,06/12/2021 04:45 CDT,96873,23.29,91.5,1.135,7.985,0,101851.81
TWB14,Uvalde_2020_02,29.60214,-99.73007,436.7784,6/28/21,p,2021,06/12/2021 04:50 CDT,96874,23.3,91.2,0.965,7.985,0,101853.04
TWB14,Uvalde_2020_02,29.60214,-99.73007,436.7784,6/28/21,p,2021,06/12/2021 04:55 CDT,96882,23.27,91.2,1.485,7.985,0,101861.62
TWB14,Uvalde_2020_02,29.60214,-99.73007,436.7784,6/28/21,p,2021,06/12/2021 05:00 CDT,96887,23.24,91.3,1.205,7.985,0,101867.39
TWB14,Uvalde_2020_02,29.60214,-99.73007,436.7784,6/28/21,p,2021,06/12/2021 05:05 CDT,96888,23.17,91.3,0.62,7.985,0.14,101869.82
TWB14,Uvalde_2020_02,29.60214,-99.73007,436.7784,6/28/21,p,2021,06/12/2021 05:10 CDT,96889,23.09,91.5,0.545,7.985,0.34,101872.42
TWB14,Uvalde_2020_02,29.60214,-99.73007,436.7784,6/28/21,p,2021,06/12/2021 05:15 CDT,96887,23.02,91.9,0.7,7.985,0.06,101871.52
TWB14,Uvalde_2020_02,29.60214,-99.73007,436.7784,6/28/21,p,2021,06/12/2021 05:20 CDT,96884,22.97,92.1,0.73,7.985,0.06,101869.22
TWB14,Uvalde_2020_02,29.60214,-99.73007,436.7784,6/28/21,p,2021,06/12/2021 05:25 CDT,96886,22.91,92.5,0.545,7.985,0,101872.19
TWB14,Uvalde_2020_02,29.60214,-99.73007,436.7784,6/28/21,p,2021,06/12/2021 05:30 CDT,96892,22.86,92.7,0.3,7.985,0,101879.01
TWB14,Uvalde_2020_02,29.60214,-99.73007,436.7784,6/28/21,p,2021,06/12/2021 05:35 CDT,96891,22.91,92.3,1.205,7.985,0,101877.27
TWB14,Uvalde_2020_02,29.60214,-99.73007,436.7784,6/28/21,p,2021,06/12/2021 05:40 CDT,96887,22.95,92.3,1.06,7.985,0,101872.38
TWB14,Uvalde_2020_02,29.60214,-99.73007,436.7784,6/28/21,p,2021,06/12/2021 05:45 CDT,96887,22.97,92.3,1.115,7.985,0,101871.69
TWB14,Uvalde_2020_02,29.60214,-99.73007,436.7784,6/28/21,p,2021,06/12/2021 05:50 CDT,96889,22.98,92.3,1.195,7.985,0,101873.79
TWB14,Uvalde_2020_02,29.60214,-99.73007,436.7784,6/28/21,p,2021,06/12/2021 05:55 CDT,96894,23.03,91.9,1.585,7.985,0,101878.88
TWB14,Uvalde_2020_02,29.60214,-99.73007,436.7784,6/28/21,p,2021,06/12/2021 06:00 CDT,96887,23.06,91.7,1.715,7.985,0,101871.18
TWB14,Uvalde_2020_02,29.60214,-99.73007,436.7784,6/28/21,p,2021,06/12/2021 06:05 CDT,96890,23.03,91.7,1.425,7.985,0,101874.5
TWB14,Uvalde_2020_02,29.60214,-99.73007,436.7784,6/28/21,p,2021,06/12/2021 06:10 CDT,96901,23,91.8,1.455,7.985,0,101886.24
TWB14,Uvalde_2020_02,29.60214,-99.73007,436.7784,6/28/21,p,2021,06/12/2021 06:15 CDT,96903,22.98,91.5,0.85,7.985,0.01,101888.52
TWB14,Uvalde_2020_02,29.60214,-99.73007,436.7784,6/28/21,p,2021,06/12/2021 06:20 CDT,96898,22.94,92.1,1.195,7.985,0.05,101883.95
TWB14,Uvalde_2020_02,29.60214,-99.73007,436.7784,6/28/21,p,2021,06/12/2021 06:25 CDT,96900,22.89,92.2,0.99,7.985,0,101886.91
TWB14,Uvalde_2020_02,29.60214,-99.73007,436.7784,6/28/21,p,2021,06/12/2021 06:30 CDT,96903,22.84,92,0.4,7.985,0.3,101890.58
TWB14,Uvalde_2020_02,29.60214,-99.73007,436.7784,6/28/21,p,2021,06/12/2021 06:35 CDT,96901,22.76,92.3,0.45,7.985,1.08,101890.2
TWB14,Uvalde_2020_02,29.60214,-99.73007,436.7784,6/28/21,p,2021,06/12/2021 06:40 CDT,96901,22.71,92.5,0.3,7.985,2.19,101891.24
TWB14,Uvalde_2020_02,29.60214,-99.73007,436.7784,6/28/21,p,2021,06/12/2021 06:45 CDT,96902,22.71,92.7,0.995,7.985,2.35,101892.8
TWB14,Uvalde_2020_02,29.60214,-99.73007,436.7784,6/28/21,p,2021,06/12/2021 06:50 CDT,96907,22.73,93,0.94,7.985,4.15,101898.06
TWB14,Uvalde_2020_02,29.60214,-99.73007,436.7784,6/28/21,p,2021,06/12/2021 06:55 CDT,96919,22.72,92.8,0.65,7.985,6.52,101910.51
TWB14,Uvalde_2020_02,29.60214,-99.73007,436.7784,6/28/21,p,2021,06/12/2021 07:00 CDT,96937,22.76,92.7,0.79,7.985,9.82,101928.74
TWB14,Uvalde_2020_02,29.60214,-99.73007,436.7784,6/28/21,p,2021,06/12/2021 07:05 CDT,96941,22.87,91.9,1.35,7.985,12.7,101931.06
TWB14,Uvalde_2020_02,29.60214,-99.73007,436.7784,6/28/21,p,2021,06/12/2021 07:10 CDT,96941,22.99,91.5,1.225,7.985,20.14,101928.82
TWB14,Uvalde_2020_02,29.60214,-99.73007,436.7784,6/28/21,p,2021,06/12/2021 07:15 CDT,96941,23.03,90.9,1.255,7.985,27.16,101928.31
TWB14,Uvalde_2020_02,29.60214,-99.73007,436.7784,6/28/21,p,2021,06/12/2021 07:20 CDT,96941,23.05,90.9,0.86,7.985,32.8,101927.62
TWB14,Uvalde_2020_02,29.60214,-99.73007,436.7784,6/28/21,p,2021,06/12/2021 07:25 CDT,96952,23.07,90.6,1.055,7.985,38.58,101938.49
TWB14,Uvalde_2020_02,29.60214,-99.73007,436.7784,6/28/21,p,2021,06/12/2021 07:30 CDT,96967,23.1,89.9,1.41,7.985,46.17,101953.41
TWB14,Uvalde_2020_02,29.60214,-99.73007,436.7784,6/28/21,p,2021,06/12/2021 07:35 CDT,96968,23.19,89.9,1.23,7.985,70.1,101953.43
TWB14,Uvalde_2020_02,29.60214,-99.73007,436.7784,6/28/21,p,2021,06/12/2021 07:40 CDT,96977,23.34,89,1.27,7.985,95.58,101961.18
TWB14,Uvalde_2020_02,29.60214,-99.73007,436.7784,6/28/21,p,2021,06/12/2021 07:45 CDT,96986,23.44,88.3,1.065,7.985,66.57,101967.89
TWB14,Uvalde_2020_02,29.60214,-99.73007,436.7784,6/28/21,p,2021,06/12/2021 07:50 CDT,96995,23.42,88.7,1.28,7.985,103.88,101976.84
TWB14,Uvalde_2020_02,29.60214,-99.73007,436.7784,6/28/21,p,2021,06/12/2021 07:55 CDT,96998,23.62,87.2,1.36,7.985,121.37,101977.94
TWB14,Uvalde_2020_02,29.60214,-99.73007,436.7784,6/28/21,p,2021,06/12/2021 08:00 CDT,97003,23.76,86.3,1.395,7.985,146.09,101980.11
TWB14,Uvalde_2020_02,29.60214,-99.73007,436.7784,6/28/21,p,2021,06/12/2021 08:05 CDT,96997,23.88,86.4,1.38,7.985,158.28,101971.75
TWB14,Uvalde_2020_02,29.60214,-99.73007,436.7784,6/28/21,p,2021,06/12/2021 08:10 CDT,96995,23.98,85.6,1.735,7.985,165.75,101966.57
TWB14,Uvalde_2020_02,29.60214,-99.73007,436.7784,6/28/21,p,2021,06/12/2021 08:15 CDT,96995,24.12,85.1,1.505,7.985,178.95,101964.86
TWB14,Uvalde_2020_02,29.60214,-99.73007,436.7784,6/28/21,p,2021,06/12/2021 08:20 CDT,97001,24.3,83.4,1.33,7.985,190.31,101967.25
TWB14,Uvalde_2020_02,29.60214,-99.73007,436.7784,6/28/21,p,2021,06/12/2021 08:25 CDT,97006,24.47,83.9,1.225,7.985,200.78,101969.43
TWB14,Uvalde_2020_02,29.60214,-99.73007,436.7784,6/28/21,p,2021,06/12/2021 08:30 CDT,97014,24.6,83,1.895,7.985,218.81,101974.95
TWB14,Uvalde_2020_02,29.60214,-99.73007,436.7784,6/28/21,p,2021,06/12/2021 08:35 CDT,97022,24.66,82,1.665,7.985,229.41,101982.69
TWB14,Uvalde_2020_02,29.60214,-99.73007,436.7784,6/28/21,p,2021,06/12/2021 08:40 CDT,97036,24.83,80.1,1.745,7.985,243.28,101994.35
TWB14,Uvalde_2020_02,29.60214,-99.73007,436.7784,6/28/21,p,2021,06/12/2021 08:45 CDT,97045,25.08,80.3,1.495,7.985,255.18,102000.58
TWB14,Uvalde_2020_02,29.60214,-99.73007,436.7784,6/28/21,p,2021,06/12/2021 08:50 CDT,97054,25.22,79.99,1.58,7.985,266.75,102006.47
TWB14,Uvalde_2020_02,29.60214,-99.73007,436.7784,6/28/21,p,2021,06/12/2021 08:55 CDT,97069,25.34,77.56,2.39,7.985,285.23,102019.38
TWB14,Uvalde_2020_02,29.60214,-99.73007,436.7784,6/28/21,p,2021,06/12/2021 09:00 CDT,97083,25.38,77.22,1.94,7.985,297.82,102033.24
TWB14,Uvalde_2020_02,29.60214,-99.73007,436.7784,6/28/21,p,2021,06/12/2021 09:05 CDT,97088,25.57,78.77,1.77,7.985,309.92,102035.61
TWB14,Uvalde_2020_02,29.60214,-99.73007,436.7784,6/28/21,p,2021,06/12/2021 09:10 CDT,97087,25.82,74.86,1.915,7.985,305.54,102030.87
TWB14,Uvalde_2020_02,29.60214,-99.73007,436.7784,6/28/21,p,2021,06/12/2021 09:15 CDT,97090,25.94,73.98,1.755,7.985,335.39,102031.83
TWB14,Uvalde_2020_02,29.60214,-99.73007,436.7784,6/28/21,p,2021,06/12/2021 09:20 CDT,97088,26.05,74.59,1.575,7.985,351.99,102027.19
TWB14,Uvalde_2020_02,29.60214,-99.73007,436.7784,6/28/21,p,2021,06/12/2021 09:25 CDT,97087,26.05,74.92,2.49,7.985,368.91,102024.78
TWB14,Uvalde_2020_02,29.60214,-99.73007,436.7784,6/28/21,p,2021,06/12/2021 09:30 CDT,97088,26.08,73.91,2.12,7.985,363.05,102025
TWB14,Uvalde_2020_02,29.60214,-99.73007,436.7784,6/28/21,p,2021,06/12/2021 09:35 CDT,97094,26.25,72.83,1.69,7.985,387.16,102029.46
TWB14,Uvalde_2020_02,29.60214,-99.73007,436.7784,6/28/21,p,2021,06/12/2021 09:40 CDT,97095,26.36,72.62,2.42,7.985,402.6,102028.66
TWB14,Uvalde_2020_02,29.60214,-99.73007,436.7784,6/28/21,p,2021,06/12/2021 09:45 CDT,97083,26.37,70.9,1.79,7.985,408.83,102015.06
TWB14,Uvalde_2020_02,29.60214,-99.73007,436.7784,6/28/21,p,2021,06/12/2021 09:50 CDT,97085,26.39,71.94,2.275,7.985,426.34,102016.98
TWB14,Uvalde_2020_02,29.60214,-99.73007,436.7784,6/28/21,p,2021,06/12/2021 09:55 CDT,97092,26.41,73.02,2.365,7.985,437.7,102022.98
TWB14,Uvalde_2020_02,29.60214,-99.73007,436.7784,6/28/21,p,2021,06/12/2021 10:00 CDT,97096,26.6,74.53,2.33,7.985,449.09,102024.48
TWB14,Uvalde_2020_02,29.60214,-99.73007,436.7784,6/28/21,p,2021,06/12/2021 10:05 CDT,97107,26.87,70.66,1.72,7.985,457.41,102032.05
TWB14,Uvalde_2020_02,29.60214,-99.73007,436.7784,6/28/21,p,2021,06/12/2021 10:10 CDT,97112,27.1,69.71,1.91,7.985,471,102033.95
TWB14,Uvalde_2020_02,29.60214,-99.73007,436.7784,6/28/21,p,2021,06/12/2021 10:15 CDT,97106,27.28,68.23,1.43,7.985,479.14,102024.99
TWB14,Uvalde_2020_02,29.60214,-99.73007,436.7784,6/28/21,p,2021,06/12/2021 10:20 CDT,97105,27.43,66.82,1.615,7.985,494.46,102020.94
TWB14,Uvalde_2020_02,29.60214,-99.73007,436.7784,6/28/21,p,2021,06/12/2021 10:25 CDT,97102,27.63,67.55,1.97,7.985,505.68,102014.94
TWB14,Uvalde_2020_02,29.60214,-99.73007,436.7784,6/28/21,p,2021,06/12/2021 10:30 CDT,97100,27.9,67.89,1.92,7.985,514.59,102007.5
TWB14,Uvalde_2020_02,29.60214,-99.73007,436.7784,6/28/21,p,2021,06/12/2021 10:35 CDT,97100,27.85,68.76,2.385,7.985,532.98,102006.32
TWB14,Uvalde_2020_02,29.60214,-99.73007,436.7784,6/28/21,p,2021,06/12/2021 10:40 CDT,97098,28.07,66.56,1.68,7.985,534.88,102002.91
TWB14,Uvalde_2020_02,29.60214,-99.73007,436.7784,6/28/21,p,2021,06/12/2021 10:45 CDT,97095,28.07,68.62,2.305,7.985,552.37,101997.24
TWB14,Uvalde_2020_02,29.60214,-99.73007,436.7784,6/28/21,p,2021,06/12/2021 10:50 CDT,97096,28.04,66.09,2.49,7.985,562.85,101999.98
TWB14,Uvalde_2020_02,29.60214,-99.73007,436.7784,6/28/21,p,2021,06/12/2021 10:55 CDT,97096,28.2,64.17,2.04,7.985,565.34,101997.51
TWB14,Uvalde_2020_02,29.60214,-99.73007,436.7784,6/28/21,p,2021,06/12/2021 11:00 CDT,97093,28.58,63.66,1.725,7.985,574.5,101989.38
TWB14,Uvalde_2020_02,29.60214,-99.73007,436.7784,6/28/21,p,2021,06/12/2021 11:05 CDT,97097,28.83,62.92,1.59,7.985,586.01,101988.46
TWB14,Uvalde_2020_02,29.60214,-99.73007,436.7784,6/28/21,p,2021,06/12/2021 11:10 CDT,97102,28.85,63.42,2.37,7.985,604.25,101991.22
TWB14,Uvalde_2020_02,29.60214,-99.73007,436.7784,6/28/21,p,2021,06/12/2021 11:15 CDT,97109,28.71,64.46,2.77,7.985,619.95,102000.22
TWB14,Uvalde_2020_02,29.60214,-99.73007,436.7784,6/28/21,p,2021,06/12/2021 11:20 CDT,97115,28.97,62.21,2.21,7.985,620.8,102004.06
TWB14,Uvalde_2020_02,29.60214,-99.73007,436.7784,6/28/21,p,2021,06/12/2021 11:25 CDT,97126,29.38,66.82,1.24,7.985,620.49,102010.61
TWB14,Uvalde_2020_02,29.60214,-99.73007,436.7784,6/28/21,p,2021,06/12/2021 11:30 CDT,97137,29.59,62,2.005,7.985,635.45,102016.94
TWB14,Uvalde_2020_02,29.60214,-99.73007,436.7784,6/28/21,p,2021,06/12/2021 11:35 CDT,97136,29.29,62.34,2.425,7.985,642.11,102021
TWB14,Uvalde_2020_02,29.60214,-99.73007,436.7784,6/28/21,p,2021,06/12/2021 11:40 CDT,97149,29.32,60.99,2.695,7.985,654.56,102033.51
TWB14,Uvalde_2020_02,29.60214,-99.73007,436.7784,6/28/21,p,2021,06/12/2021 11:45 CDT,97163,29.43,62.37,2.35,7.985,657.86,102047.7
TWB14,Uvalde_2020_02,29.60214,-99.73007,436.7784,6/28/21,p,2021,06/12/2021 11:50 CDT,97152,29.7,59.14,1.38,7.985,652.53,102034.21
TWB14,Uvalde_2020_02,29.60214,-99.73007,436.7784,6/28/21,p,2021,06/12/2021 11:55 CDT,97136,29.83,61.39,2.175,7.985,671.03,102012.6
TWB14,Uvalde_2020_02,29.60214,-99.73007,436.7784,6/28/21,p,2021,06/12/2021 12:00 CDT,97113,29.93,61.25,2.415,7.985,681.25,101985.33
TWB14,Uvalde_2020_02,29.60214,-99.73007,436.7784,6/28/21,p,2021,06/12/2021 12:05 CDT,97097,29.78,63.37,2.675,7.985,694.01,101970.64
TWB14,Uvalde_2020_02,29.60214,-99.73007,436.7784,6/28/21,p,2021,06/12/2021 12:10 CDT,97079,29.85,60.41,2.73,7.985,695.85,101950.95
TWB14,Uvalde_2020_02,29.60214,-99.73007,436.7784,6/28/21,p,2021,06/12/2021 12:15 CDT,97064,30.18,58.46,2.18,7.985,694.71,101932.1
TWB14,Uvalde_2020_02,29.60214,-99.73007,436.7784,6/28/21,p,2021,06/12/2021 12:20 CDT,97056,30.17,60.58,3.155,7.985,709.18,101921.87
TWB14,Uvalde_2020_02,29.60214,-99.73007,436.7784,6/28/21,p,2021,06/12/2021 12:25 CDT,97063,30.44,58.49,2.425,7.985,707.34,101926.13
TWB14,Uvalde_2020_02,29.60214,-99.73007,436.7784,6/28/21,p,2021,06/12/2021 12:30 CDT,97065,30.5,59.3,2.255,7.985,691.36,101925.93
TWB14,Uvalde_2020_02,29.60214,-99.73007,436.7784,6/28/21,p,2021,06/12/2021 12:35 CDT,97070,30.68,58.09,2.335,7.985,719.45,101928.91
TWB14,Uvalde_2020_02,29.60214,-99.73007,436.7784,6/28/21,p,2021,06/12/2021 12:40 CDT,97073,30.77,56.4,2.485,7.985,723.91,101930.12
TWB14,Uvalde_2020_02,29.60214,-99.73007,436.7784,6/28/21,p,2021,06/12/2021 12:45 CDT,97067,30.77,56.54,2.49,7.985,728.83,101921.86
TWB14,Uvalde_2020_02,29.60214,-99.73007,436.7784,6/28/21,p,2021,06/12/2021 12:50 CDT,97064,30.69,54.99,2.585,7.985,732.92,101920.03
TWB14,Uvalde_2020_02,29.60214,-99.73007,436.7784,6/28/21,p,2021,06/12/2021 12:55 CDT,97063,30.88,59.1,2.1,7.985,733.59,101918.12
TWB14,Uvalde_2020_02,29.60214,-99.73007,436.7784,6/28/21,p,2021,06/12/2021 13:00 CDT,97062,31.26,57.62,1.745,7.985,726.97,101910.41
TWB14,Uvalde_2020_02,29.60214,-99.73007,436.7784,6/28/21,p,2021,06/12/2021 13:05 CDT,97067,31.25,55.66,2.665,7.985,742.93,101914.7
TWB14,Uvalde_2020_02,29.60214,-99.73007,436.7784,6/28/21,p,2021,06/12/2021 13:10 CDT,97069,31.22,55.12,2.165,7.485,743.39,101917.3
TWB14,Uvalde_2020_02,29.60214,-99.73007,436.7784,6/28/21,p,2021,06/12/2021 13:15 CDT,97072,31.31,54.38,1.99,7.485,737.19,101919.97
TWB14,Uvalde_2020_02,29.60214,-99.73007,436.7784,6/28/21,p,2021,06/12/2021 13:20 CDT,97080,31.26,54.99,2.58,7.485,751.37,101928.85
TWB14,Uvalde_2020_02,29.60214,-99.73007,436.7784,6/28/21,p,2021,06/12/2021 13:25 CDT,97080,31.5,53.31,2.265,7.485,747.42,101926.92
TWB14,Uvalde_2020_02,29.60214,-99.73007,436.7784,6/28/21,p,2021,06/12/2021 13:30 CDT,97078,31.55,55.66,2.265,7.485,750.76,101921.38
TWB14,Uvalde_2020_02,29.60214,-99.73007,436.7784,6/28/21,p,2021,06/12/2021 13:35 CDT,97078,31.63,53.31,2.23,7.485,746.42,101920.92
TWB14,Uvalde_2020_02,29.60214,-99.73007,436.7784,6/28/21,p,2021,06/12/2021 13:40 CDT,97071,31.73,50.07,2.92,7.485,743.65,101911.34
TWB14,Uvalde_2020_02,29.60214,-99.73007,436.7784,6/28/21,p,2021,06/12/2021 13:45 CDT,97070,31.43,50.75,3.31,7.485,768.76,101913.85
TWB14,Uvalde_2020_02,29.60214,-99.73007,436.7784,6/28/21,p,2021,06/12/2021 13:50 CDT,97060,31.67,55.19,1.7,7.485,747.05,101901.35
TWB14,Uvalde_2020_02,29.60214,-99.73007,436.7784,6/28/21,p,2021,06/12/2021 13:55 CDT,97055,31.8,54.79,2.565,7.485,751.52,101893.35
TWB14,Uvalde_2020_02,29.60214,-99.73007,436.7784,6/28/21,p,2021,06/12/2021 14:00 CDT,97050,32.03,50.51,2.44,7.485,761.65,101886.54
TWB14,Uvalde_2020_02,29.60214,-99.73007,436.7784,6/28/21,p,2021,06/12/2021 14:05 CDT,97030,32,49.26,2.56,7.485,755.06,101863.29
TWB14,Uvalde_2020_02,29.60214,-99.73007,436.7784,6/28/21,p,2021,06/12/2021 14:10 CDT,97006,31.84,49.73,2.795,7.485,746.3,101840.84
TWB14,Uvalde_2020_02,29.60214,-99.73007,436.7784,6/28/21,p,2021,06/12/2021 14:15 CDT,96996,31.8,54.41,3.165,7.485,747.52,101832.22
TWB14,Uvalde_2020_02,29.60214,-99.73007,436.7784,6/28/21,p,2021,06/12/2021 14:20 CDT,96993,32.2,50.88,2.695,7.485,743.39,101823.78
TWB14,Uvalde_2020_02,29.60214,-99.73007,436.7784,6/28/21,p,2021,06/12/2021 14:25 CDT,96985,32.12,48.72,3.02,7.485,745.4,101814.92
TWB14,Uvalde_2020_02,29.60214,-99.73007,436.7784,6/28/21,p,2021,06/12/2021 14:30 CDT,96979,32.01,51.82,2.705,7.485,742.77,101810.2
TWB14,Uvalde_2020_02,29.60214,-99.73007,436.7784,6/28/21,p,2021,06/12/2021 14:35 CDT,96977,31.91,51.48,2.9,7.485,744.45,101809.08
TWB14,Uvalde_2020_02,29.60214,-99.73007,436.7784,6/28/21,p,2021,06/12/2021 14:40 CDT,96988,31.99,49.39,2.96,7.485,733.5,101822.27
TWB14,Uvalde_2020_02,29.60214,-99.73007,436.7784,6/28/21,p,2021,06/12/2021 14:45 CDT,96987,32.17,50.47,2.87,7.485,721.38,101817.49
TWB14,Uvalde_2020_02,29.60214,-99.73007,436.7784,6/28/21,p,2021,06/12/2021 14:50 CDT,96979,32.11,46.63,3.05,8.315,725.4,101809.14
TWB14,Uvalde_2020_02,29.60214,-99.73007,436.7784,6/28/21,p,2021,06/12/2021 14:55 CDT,96968,32.25,49.52,2.495,8.315,716.59,101795.78
TWB14,Uvalde_2020_02,29.60214,-99.73007,436.7784,6/28/21,p,2021,06/12/2021 15:00 CDT,96972,32.22,50.26,2.315,8.315,707.37,101800.61
TWB14,Uvalde_2020_02,29.60214,-99.73007,436.7784,6/28/21,p,2021,06/12/2021 15:05 CDT,96984,32.51,47.84,2.78,8.315,713,101809.69
TWB14,Uvalde_2020_02,29.60214,-99.73007,436.7784,6/28/21,p,2021,06/12/2021 15:10 CDT,96984,32.45,50.6,1.895,8.315,706.93,101809.33
TWB14,Uvalde_2020_02,29.60214,-99.73007,436.7784,6/28/21,p,2021,06/12/2021 15:15 CDT,96987,32.51,48.34,2.54,8.315,706.22,101810.25
TWB14,Uvalde_2020_02,29.60214,-99.73007,436.7784,6/28/21,p,2021,06/12/2021 15:20 CDT,96988,32.49,48.65,2.52,8.315,701.25,101812.91
TWB14,Uvalde_2020_02,29.60214,-99.73007,436.7784,6/28/21,p,2021,06/12/2021 15:25 CDT,96988,32.63,48.24,2.375,8.315,690.88,101810.34
TWB14,Uvalde_2020_02,29.60214,-99.73007,436.7784,6/28/21,p,2021,06/12/2021 15:30 CDT,96988,32.36,48.68,2.885,8.315,687.8,101813.56
TWB14,Uvalde_2020_02,29.60214,-99.73007,436.7784,6/28/21,p,2021,06/12/2021 15:35 CDT,96983,32.62,48.75,1.64,7.73,699.6,101806.53
TWB14,Uvalde_2020_02,29.60214,-99.73007,436.7784,6/28/21,p,2021,06/12/2021 15:40 CDT,96978,32.75,53.46,1.705,7.73,634.3,101798
TWB14,Uvalde_2020_02,29.60214,-99.73007,436.7784,6/28/21,p,2021,06/12/2021 15:45 CDT,96985,32.95,47.5,2.32,7.73,662.15,101802.21
TWB14,Uvalde_2020_02,29.60214,-99.73007,436.7784,6/28/21,p,2021,06/12/2021 15:50 CDT,96983,32.97,48.44,1.58,7.73,648.85,101799.62
TWB14,Uvalde_2020_02,29.60214,-99.73007,436.7784,6/28/21,p,2021,06/12/2021 15:55 CDT,96981,32.95,43.9,2.73,7.73,620.79,101796.78
TWB14,Uvalde_2020_02,29.60214,-99.73007,436.7784,6/28/21,p,2021,06/12/2021 16:00 CDT,96973,32.84,45.14,2.51,7.73,640.27,101791.58
TWB14,Uvalde_2020_02,29.60214,-99.73007,436.7784,6/28/21,p,2021,06/12/2021 16:05 CDT,96974,32.89,45.54,2.36,7.73,633.9,101791.5
TWB14,Uvalde_2020_02,29.60214,-99.73007,436.7784,6/28/21,p,2021,06/12/2021 16:10 CDT,96970,32.69,45.31,2.485,7.73,620.16,101788.91
TWB14,Uvalde_2020_02,29.60214,-99.73007,436.7784,6/28/21,p,2021,06/12/2021 16:15 CDT,96965,32.71,46.59,1.88,7.73,600.58,101784.93
TWB14,Uvalde_2020_02,29.60214,-99.73007,436.7784,6/28/21,p,2021,06/12/2021 16:20 CDT,96968,32.84,43.73,2.435,7.73,596.22,101785.22
TWB14,Uvalde_2020_02,29.60214,-99.73007,436.7784,6/28/21,p,2021,06/12/2021 16:25 CDT,96960,32.73,48.84,2.755,7.73,593.41,101778.52
TWB14,Uvalde_2020_02,29.60214,-99.73007,436.7784,6/28/21,p,2021,06/12/2021 16:30 CDT,96954,32.85,43.05,2.6,7.73,580.52,101772.46
TWB14,Uvalde_2020_02,29.60214,-99.73007,436.7784,6/28/21,p,2021,06/12/2021 16:35 CDT,96955,32.84,44.36,2.48,7.73,572.08,101773.5
TWB14,Uvalde_2020_02,29.60214,-99.73007,436.7784,6/28/21,p,2021,06/12/2021 16:40 CDT,96952,32.79,43.86,2.665,7.73,558.12,101770.35
TWB14,Uvalde_2020_02,29.60214,-99.73007,436.7784,6/28/21,p,2021,06/12/2021 16:45 CDT,96952,32.8,44.97,2.165,7.73,543.11,101770.66
TWB14,Uvalde_2020_02,29.60214,-99.73007,436.7784,6/28/21,p,2021,06/12/2021 16:50 CDT,96945,32.92,45.95,2.735,7.73,535.53,101761.85
TWB14,Uvalde_2020_02,29.60214,-99.73007,436.7784,6/28/21,p,2021,06/12/2021 16:55 CDT,96935,32.76,46.08,1.82,7.73,515.95,101753.12
TWB14,Uvalde_2020_02,29.60214,-99.73007,436.7784,6/28/21,p,2021,06/12/2021 17:00 CDT,96932,32.89,46.49,2.98,7.73,514.08,101748.52
TWB14,Uvalde_2020_02,29.60214,-99.73007,436.7784,6/28/21,p,2021,06/12/2021 17:05 CDT,96931,32.9,46.28,2.155,7.73,499.1,101747.31
TWB14,Uvalde_2020_02,29.60214,-99.73007,436.7784,6/28/21,p,2021,06/12/2021 17:10 CDT,96934,33.1,47.09,2.89,7.73,495.14,101748.36
TWB14,Uvalde_2020_02,29.60214,-99.73007,436.7784,6/28/21,p,2021,06/12/2021 17:15 CDT,96932,32.87,48.1,2.84,7.73,473.81,101749.79
TWB14,Uvalde_2020_02,29.60214,-99.73007,436.7784,6/28/21,p,2021,06/12/2021 17:20 CDT,96930,32.83,45.34,2.465,7.73,462.57,101748.69
TWB14,Uvalde_2020_02,29.60214,-99.73007,436.7784,6/28/21,p,2021,06/12/2021 17:25 CDT,96930,32.75,46.99,2.45,7.73,409.85,101749.47
TWB14,Uvalde_2020_02,29.60214,-99.73007,436.7784,6/28/21,p,2021,06/12/2021 17:30 CDT,96929,32.85,45.17,2.22,7.73,440.98,101748.12
TWB14,Uvalde_2020_02,29.60214,-99.73007,436.7784,6/28/21,p,2021,06/12/2021 17:35 CDT,96930,32.8,46.12,2.585,7.73,426.78,101747.71
TWB14,Uvalde_2020_02,29.60214,-99.73007,436.7784,6/28/21,p,2021,06/12/2021 17:40 CDT,96928,32.77,45.88,2.625,7.73,414.48,101746.58
TWB14,Uvalde_2020_02,29.60214,-99.73007,436.7784,6/28/21,p,2021,06/12/2021 17:45 CDT,96925,32.57,47.86,3.34,7.73,307.17,101746.63
TWB14,Uvalde_2020_02,29.60214,-99.73007,436.7784,6/28/21,p,2021,06/12/2021 17:50 CDT,96920,32.38,48.97,3.015,7.73,392.31,101746.04
TWB14,Uvalde_2020_02,29.60214,-99.73007,436.7784,6/28/21,p,2021,06/12/2021 17:55 CDT,96909,32.4,48.77,2.63,7.73,379.45,101734.82
TWB14,Uvalde_2020_02,29.60214,-99.73007,436.7784,6/28/21,p,2021,06/12/2021 18:00 CDT,96904,32.57,48.27,2.49,7.73,351.88,101727.32
TWB14,Uvalde_2020_02,29.60214,-99.73007,436.7784,6/28/21,p,2021,06/12/2021 18:05 CDT,96904,32.45,47.46,3.05,7.73,355.35,101727.16
TWB14,Uvalde_2020_02,29.60214,-99.73007,436.7784,6/28/21,p,2021,06/12/2021 18:10 CDT,96904,32.32,47.73,2.72,7.73,343.04,101729.74
TWB14,Uvalde_2020_02,29.60214,-99.73007,436.7784,6/28/21,p,2021,06/12/2021 18:15 CDT,96908,32.41,48.58,2.93,7.73,334.41,101733.93
TWB14,Uvalde_2020_02,29.60214,-99.73007,436.7784,6/28/21,p,2021,06/12/2021 18:20 CDT,96912,32.25,48.17,2.815,7.73,312.83,101739.1
TWB14,Uvalde_2020_02,29.60214,-99.73007,436.7784,6/28/21,p,2021,06/12/2021 18:25 CDT,96908,32.3,48.91,1.88,7.73,294.26,101735.7
TWB14,Uvalde_2020_02,29.60214,-99.73007,436.7784,6/28/21,p,2021,06/12/2021 18:30 CDT,96908,32.3,47.37,2.28,7.73,288.14,101735.08
TWB14,Uvalde_2020_02,29.60214,-99.73007,436.7784,6/28/21,p,2021,06/12/2021 18:35 CDT,96908,32.19,49.02,3.395,7.73,280.03,101736.67
TWB14,Uvalde_2020_02,29.60214,-99.73007,436.7784,6/28/21,p,2021,06/12/2021 18:40 CDT,96910,32.02,50.4,2.965,7.73,264.58,101741.99
TWB14,Uvalde_2020_02,29.60214,-99.73007,436.7784,6/28/21,p,2021,06/12/2021 18:45 CDT,96917,32.12,48.51,2.495,7.73,245.24,101748.71
TWB14,Uvalde_2020_02,29.60214,-99.73007,436.7784,6/28/21,p,2021,06/12/2021 18:50 CDT,96921,32.09,46.76,2.715,7.73,235.25,101753.26
TWB14,Uvalde_2020_02,29.60214,-99.73007,436.7784,6/28/21,p,2021,06/12/2021 18:55 CDT,96917,32.02,48.34,2.395,7.73,220.4,101750.17
TWB14,Uvalde_2020_02,29.60214,-99.73007,436.7784,6/28/21,p,2021,06/12/2021 19:00 CDT,96920,32,48.34,2.62,7.73,208.86,101753.64
TWB14,Uvalde_2020_02,29.60214,-99.73007,436.7784,6/28/21,p,2021,06/12/2021 19:05 CDT,96921,31.9,48.58,2.41,7.73,193.69,101756.31
TWB14,Uvalde_2020_02,29.60214,-99.73007,436.7784,6/28/21,p,2021,06/12/2021 19:10 CDT,96926,31.86,49.53,2.435,7.73,181.46,101762.03
TWB14,Uvalde_2020_02,29.60214,-99.73007,436.7784,6/28/21,p,2021,06/12/2021 19:15 CDT,96925,31.83,48.25,2.37,7.73,167.27,101761.65
TWB14,Uvalde_2020_02,29.60214,-99.73007,436.7784,6/28/21,p,2021,06/12/2021 19:20 CDT,96923,31.76,49.8,2.26,7.73,155.15,101760.5
TWB14,Uvalde_2020_02,29.60214,-99.73007,436.7784,6/28/21,p,2021,06/12/2021 19:25 CDT,96927,31.68,49.83,2.69,7.73,137.69,101766.32
TWB14,Uvalde_2020_02,29.60214,-99.73007,436.7784,6/28/21,p,2021,06/12/2021 19:30 CDT,96927,31.47,49.53,2.8,7.73,121.05,101769.57
TWB14,Uvalde_2020_02,29.60214,-99.73007,436.7784,6/28/21,p,2021,06/12/2021 19:35 CDT,96928,31.36,50.74,1.875,7.73,102.29,101773.05
TWB14,Uvalde_2020_02,29.60214,-99.73007,436.7784,6/28/21,p,2021,06/12/2021 19:40 CDT,96930,31.2,51.69,2.12,7.73,73.88,101777.58
TWB14,Uvalde_2020_02,29.60214,-99.73007,436.7784,6/28/21,p,2021,06/12/2021 19:45 CDT,96933,31.01,53.1,2.47,7.73,62.98,101783.81
TWB14,Uvalde_2020_02,29.60214,-99.73007,436.7784,6/28/21,p,2021,06/12/2021 19:50 CDT,96943,30.89,52.9,2.475,7.73,70.3,101797.08
TWB14,Uvalde_2020_02,29.60214,-99.73007,436.7784,6/28/21,p,2021,06/12/2021 19:55 CDT,96944,30.82,53.1,2.67,7.73,71.7,101799.76
TWB14,Uvalde_2020_02,29.60214,-99.73007,436.7784,6/28/21,p,2021,06/12/2021 20:00 CDT,96946,30.74,53.51,2.225,7.73,60.43,101802.84
TWB14,Uvalde_2020_02,29.60214,-99.73007,436.7784,6/28/21,p,2021,06/12/2021 20:05 CDT,96948,30.62,53.85,1.8,7.73,40.29,101807.39
TWB14,Uvalde_2020_02,29.60214,-99.73007,436.7784,6/28/21,p,2021,06/12/2021 20:10 CDT,96955,30.52,54.12,1.8,7.73,29.23,101816.37
TWB14,Uvalde_2020_02,29.60214,-99.73007,436.7784,6/28/21,p,2021,06/12/2021 20:15 CDT,96967,30.39,55.06,1.98,7.73,30.48,101830.93
TWB14,Uvalde_2020_02,29.60214,-99.73007,436.7784,6/28/21,p,2021,06/12/2021 20:20 CDT,96974,30.22,55,1.68,7.73,24.69,101840.57
TWB14,Uvalde_2020_02,29.60214,-99.73007,436.7784,6/28/21,p,2021,06/12/2021 20:25 CDT,96977,30.11,56.08,1.91,7.73,16.11,101846.17
TWB14,Uvalde_2020_02,29.60214,-99.73007,436.7784,6/28/21,p,2021,06/12/2021 20:30 CDT,96978,29.94,56.21,1.725,7.73,10.53,101849.69
TWB14,Uvalde_2020_02,29.60214,-99.73007,436.7784,6/28/21,p,2021,06/12/2021 20:35 CDT,96977,29.72,57.46,1.515,7.73,7.38,101852.08
TWB14,Uvalde_2020_02,29.60214,-99.73007,436.7784,6/28/21,p,2021,06/12/2021 20:40 CDT,96976,29.5,58.03,1.11,7.73,4.62,101854.48
TWB14,Uvalde_2020_02,29.60214,-99.73007,436.7784,6/28/21,p,2021,06/12/2021 20:45 CDT,96977,29.33,58.64,1.26,7.73,2.85,101858.66
TWB14,Uvalde_2020_02,29.60214,-99.73007,436.7784,6/28/21,p,2021,06/12/2021 20:50 CDT,96979,29.13,59.78,1.12,7.73,1.58,101864.54
TWB14,Uvalde_2020_02,29.60214,-99.73007,436.7784,6/28/21,p,2021,06/12/2021 20:55 CDT,96983,28.97,60.46,0.925,7.73,0.48,101871.88
TWB14,Uvalde_2020_02,29.60214,-99.73007,436.7784,6/28/21,p,2021,06/12/2021 21:00 CDT,96992,28.83,60.93,1.025,7.73,0.29,101884.15
TWB14,Uvalde_2020_02,29.60214,-99.73007,436.7784,6/28/21,p,2021,06/12/2021 21:05 CDT,96995,28.73,60.97,1.275,7.73,0.04,101889.95
TWB14,Uvalde_2020_02,29.60214,-99.73007,436.7784,6/28/21,p,2021,06/12/2021 21:10 CDT,96998,28.7,61.54,1.685,7.73,0,101893.76
TWB14,Uvalde_2020_02,29.60214,-99.73007,436.7784,6/28/21,p,2021,06/12/2021 21:15 CDT,97007,28.7,61.68,1.585,7.73,0,101903.21
TWB14,Uvalde_2020_02,29.60214,-99.73007,436.7784,6/28/21,p,2021,06/12/2021 21:20 CDT,97016,28.68,61.75,1.655,7.73,0,101912.33
TWB14,Uvalde_2020_02,29.60214,-99.73007,436.7784,6/28/21,p,2021,06/12/2021 21:25 CDT,97018,28.66,62.09,1.78,7.73,0,101914.76
TWB14,Uvalde_2020_02,29.60214,-99.73007,436.7784,6/28/21,p,2021,06/12/2021 21:30 CDT,97027,28.6,62.8,1.525,7.73,0,101924.54
TWB14,Uvalde_2020_02,29.60214,-99.73007,436.7784,6/28/21,p,2021,06/12/2021 21:35 CDT,97041,28.49,63.58,1.35,7.73,0,101941.23
TWB14,Uvalde_2020_02,29.60214,-99.73007,436.7784,6/28/21,p,2021,06/12/2021 21:40 CDT,97049,28.39,63.58,1.495,7.73,0,101951.47
TWB14,Uvalde_2020_02,29.60214,-99.73007,436.7784,6/28/21,p,2021,06/12/2021 21:45 CDT,97055,28.36,63.72,1.795,7.73,0,101958.43
TWB14,Uvalde_2020_02,29.60214,-99.73007,436.7784,6/28/21,p,2021,06/12/2021 21:50 CDT,97055,28.33,63.85,1.755,7.73,0,101958.43
TWB14,Uvalde_2020_02,29.60214,-99.73007,436.7784,6/28/21,p,2021,06/12/2021 21:55 CDT,97062,28.33,64.06,2,7.73,0,101966.12
TWB14,Uvalde_2020_02,29.60214,-99.73007,436.7784,6/28/21,p,2021,06/12/2021 22:00 CDT,97069,28.27,63.85,2.15,7.73,0,101974.3
TWB14,Uvalde_2020_02,29.60214,-99.73007,436.7784,6/28/21,p,2021,06/12/2021 22:05 CDT,97077,28.25,63.92,2.08,7.73,0,101983.04
TWB14,Uvalde_2020_02,29.60214,-99.73007,436.7784,6/28/21,p,2021,06/12/2021 22:10 CDT,97078,28.14,64.66,1.54,7.73,0,101985.25
TWB14,Uvalde_2020_02,29.60214,-99.73007,436.7784,6/28/21,p,2021,06/12/2021 22:15 CDT,97081,28.05,64.39,1.75,7.73,0,101990.41
TWB14,Uvalde_2020_02,29.60214,-99.73007,436.7784,6/28/21,p,2021,06/12/2021 22:20 CDT,97090,28,64.09,1.555,7.73,0,102000.53
TWB14,Uvalde_2020_02,29.60214,-99.73007,436.7784,6/28/21,p,2021,06/12/2021 22:25 CDT,97102,27.94,64.26,1.49,7.73,0,102014.3
TWB14,Uvalde_2020_02,29.60214,-99.73007,436.7784,6/28/21,p,2021,06/12/2021 22:30 CDT,97106,27.93,63.32,2.11,7.73,0,102019.68
TWB14,Uvalde_2020_02,29.60214,-99.73007,436.7784,6/28/21,p,2021,06/12/2021 22:35 CDT,97109,27.9,64.09,1.59,7.73,0,102022.33
TWB14,Uvalde_2020_02,29.60214,-99.73007,436.7784,6/28/21,p,2021,06/12/2021 22:40 CDT,97114,27.84,64.13,1.555,7.73,0,102029.08
TWB14,Uvalde_2020_02,29.60214,-99.73007,436.7784,6/28/21,p,2021,06/12/2021 22:45 CDT,97121,27.71,64.4,1.83,7.73,0,102038.27
TWB14,Uvalde_2020_02,29.60214,-99.73007,436.7784,6/28/21,p,2021,06/12/2021 22:50 CDT,97127,27.68,65.08,1.67,7.73,0,102045.24
TWB14,Uvalde_2020_02,29.60214,-99.73007,436.7784,6/28/21,p,2021,06/12/2021 22:55 CDT,97136,27.6,64.94,1.77,7.73,0,102056.7
TWB14,Uvalde_2020_02,29.60214,-99.73007,436.7784,6/28/21,p,2021,06/12/2021 23:00 CDT,97138,27.61,65.35,1.825,7.73,0,102058.47
TWB14,Uvalde_2020_02,29.60214,-99.73007,436.7784,6/28/21,p,2021,06/12/2021 23:05 CDT,97146,27.54,65.95,1.515,7.73,0,102067.37
TWB14,Uvalde_2020_02,29.60214,-99.73007,436.7784,6/28/21,p,2021,06/12/2021 23:10 CDT,97152,27.49,66.63,1.54,7.73,0,102075.01
TWB14,Uvalde_2020_02,29.60214,-99.73007,436.7784,6/28/21,p,2021,06/12/2021 23:15 CDT,97154,27.46,66.83,1.475,7.73,0,102077.44
TWB14,Uvalde_2020_02,29.60214,-99.73007,436.7784,6/28/21,p,2021,06/12/2021 23:20 CDT,97152,27.38,67.1,1.625,7.73,0,102076.51
TWB14,Uvalde_2020_02,29.60214,-99.73007,436.7784,6/28/21,p,2021,06/12/2021 23:25 CDT,97152,27.35,67.57,1.57,7.73,0,102077.18
TWB14,Uvalde_2020_02,29.60214,-99.73007,436.7784,6/28/21,p,2021,06/12/2021 23:30 CDT,97158,27.31,67.88,1.71,7.73,0,102084.65
TWB14,Uvalde_2020_02,29.60214,-99.73007,436.7784,6/28/21,p,2021,06/12/2021 23:35 CDT,97162,27.29,68.28,1.595,7.73,0,102089.19
TWB14,Uvalde_2020_02,29.60214,-99.73007,436.7784,6/28/21,p,2021,06/12/2021 23:40 CDT,97165,27.23,68.38,1.52,7.73,0,102092.84
TWB14,Uvalde_2020_02,29.60214,-99.73007,436.7784,6/28/21,p,2021,06/12/2021 23:45 CDT,97167,27.15,69.02,1.745,7.73,0,102095.94
TWB14,Uvalde_2020_02,29.60214,-99.73007,436.7784,6/28/21,p,2021,06/12/2021 23:50 CDT,97167,27.13,69.43,2.025,7.73,0,102096.78
TWB14,Uvalde_2020_02,29.60214,-99.73007,436.7784,6/28/21,p,2021,06/12/2021 23:55 CDT,97166,27.04,70.74,1.745,7.73,0,102096.05
TWB14,Uvalde_2020_02,29.60214,-99.73007,436.7784,6/28/21,p,2021,06/13/2021 00:00 CDT,97166,26.91,71.85,1.85,7.73,0,102098.23
TWB14,Uvalde_2020_02,29.60214,-99.73007,436.7784,6/28/21,p,2021,06/13/2021 00:05 CDT,97166,26.83,72.76,1.615,7.73,0,102099.56
TWB14,Uvalde_2020_02,29.60214,-99.73007,436.7784,6/28/21,p,2021,06/13/2021 00:10 CDT,97163,26.73,73.37,1.48,7.73,0,102098.26
TWB14,Uvalde_2020_02,29.60214,-99.73007,436.7784,6/28/21,p,2021,06/13/2021 00:15 CDT,97166,26.63,73.77,2.14,7.73,0,102103.26
TWB14,Uvalde_2020_02,29.60214,-99.73007,436.7784,6/28/21,p,2021,06/13/2021 00:20 CDT,97167,26.63,74.25,2.415,7.73,0,102104.47
TWB14,Uvalde_2020_02,29.60214,-99.73007,436.7784,6/28/21,p,2021,06/13/2021 00:25 CDT,97165,26.56,74.99,2.585,7.73,0,102102.53
TWB14,Uvalde_2020_02,29.60214,-99.73007,436.7784,6/28/21,p,2021,06/13/2021 00:30 CDT,97164,26.46,75.97,2.12,7.73,0,102102.82
TWB14,Uvalde_2020_02,29.60214,-99.73007,436.7784,6/28/21,p,2021,06/13/2021 00:35 CDT,97161,26.35,76.95,1.95,7.73,0,102101.52
TWB14,Uvalde_2020_02,29.60214,-99.73007,436.7784,6/28/21,p,2021,06/13/2021 00:40 CDT,97155,26.2,77.72,1.745,7.73,0.03,102097.4
TWB14,Uvalde_2020_02,29.60214,-99.73007,436.7784,6/28/21,p,2021,06/13/2021 00:45 CDT,97152,26.06,78.43,1.78,7.73,0.04,102096.95
TWB14,Uvalde_2020_02,29.60214,-99.73007,436.7784,6/28/21,p,2021,06/13/2021 00:50 CDT,97162,25.97,78.9,1.825,7.73,0,102109.14
TWB14,Uvalde_2020_02,29.60214,-99.73007,436.7784,6/28/21,p,2021,06/13/2021 00:55 CDT,97171,25.88,79.31,1.805,7.73,0,102120.12
TWB14,Uvalde_2020_02,29.60214,-99.73007,436.7784,6/28/21,p,2021,06/13/2021 01:00 CDT,97167,25.77,79.85,1.76,7.73,0,102117.94
TWB14,Uvalde_2020_02,29.60214,-99.73007,436.7784,6/28/21,p,2021,06/13/2021 01:05 CDT,97162,25.66,80.3,1.675,7.73,0,102114.38
TWB14,Uvalde_2020_02,29.60214,-99.73007,436.7784,6/28/21,p,2021,06/13/2021 01:10 CDT,97163,25.54,80.8,1.735,7.73,0,102117.46
TWB14,Uvalde_2020_02,29.60214,-99.73007,436.7784,6/28/21,p,2021,06/13/2021 01:15 CDT,97156,25.5,80.9,1.835,7.73,0,102111.29
TWB14,Uvalde_2020_02,29.60214,-99.73007,436.7784,6/28/21,p,2021,06/13/2021 01:20 CDT,97147,25.45,81.4,1.685,7.73,0,102102.51
TWB14,Uvalde_2020_02,29.60214,-99.73007,436.7784,6/28/21,p,2021,06/13/2021 01:25 CDT,97149,25.35,81.5,1.535,7.73,0,102106.31
TWB14,Uvalde_2020_02,29.60214,-99.73007,436.7784,6/28/21,p,2021,06/13/2021 01:30 CDT,97159,25.24,81.8,1.655,7.73,0.01,102118.52
TWB14,Uvalde_2020_02,29.60214,-99.73007,436.7784,6/28/21,p,2021,06/13/2021 01:35 CDT,97159,25.18,82.2,1.33,7.73,0.03,102119.36
TWB14,Uvalde_2020_02,29.60214,-99.73007,436.7784,6/28/21,p,2021,06/13/2021 01:40 CDT,97158,25.09,82.4,1.51,7.73,0.04,102120.01
TWB14,Uvalde_2020_02,29.60214,-99.73007,436.7784,6/28/21,p,2021,06/13/2021 01:45 CDT,97158,25.04,82.7,1.36,7.73,0,102121.03
TWB14,Uvalde_2020_02,29.60214,-99.73007,436.7784,6/28/21,p,2021,06/13/2021 01:50 CDT,97164,24.93,83.3,1.41,7.73,0,102129.04
TWB14,Uvalde_2020_02,29.60214,-99.73007,436.7784,6/28/21,p,2021,06/13/2021 01:55 CDT,97163,24.87,83.6,1.345,7.73,0,102129.35
TWB14,Uvalde_2020_02,29.60214,-99.73007,436.7784,6/28/21,p,2021,06/13/2021 02:00 CDT,97160,24.82,83.7,1.6,7.73,0,102126.87
TWB14,Uvalde_2020_02,29.60214,-99.73007,436.7784,6/28/21,p,2021,06/13/2021 02:05 CDT,97163,24.75,83.9,1.1,7.73,0.02,102131.05
TWB14,Uvalde_2020_02,29.60214,-99.73007,436.7784,6/28/21,p,2021,06/13/2021 02:10 CDT,97166,24.66,84.4,1.005,7.73,0.04,102135.91
TWB14,Uvalde_2020_02,29.60214,-99.73007,436.7784,6/28/21,p,2021,06/13/2021 02:15 CDT,97163,24.54,85.2,1.02,7.73,0.19,102134.63
TWB14,Uvalde_2020_02,29.60214,-99.73007,436.7784,6/28/21,p,2021,06/13/2021 02:20 CDT,97167,24.47,85.3,1.11,7.73,0.03,102140.88
TWB14,Uvalde_2020_02,29.60214,-99.73007,436.7784,6/28/21,p,2021,06/13/2021 02:25 CDT,97161,24.35,86,0.75,7.73,0.04,102136.11
TWB14,Uvalde_2020_02,29.60214,-99.73007,436.7784,6/28/21,p,2021,06/13/2021 02:30 CDT,97152,24.23,86.7,0.63,7.73,0.35,102129.21
TWB14,Uvalde_2020_02,29.60214,-99.73007,436.7784,6/28/21,p,2021,06/13/2021 02:35 CDT,97153,24.14,87.3,0.955,7.73,0,102132.31
TWB14,Uvalde_2020_02,29.60214,-99.73007,436.7784,6/28/21,p,2021,06/13/2021 02:40 CDT,97155,24.06,87.5,0.72,7.73,0,102135.27
TWB14,Uvalde_2020_02,29.60214,-99.73007,436.7784,6/28/21,p,2021,06/13/2021 02:45 CDT,97156,23.95,87.2,0.325,7.73,0.48,102138.21
TWB14,Uvalde_2020_02,29.60214,-99.73007,436.7784,6/28/21,p,2021,06/13/2021 02:50 CDT,97156,23.81,88,0.285,7.73,0.85,102140.78
TWB14,Uvalde_2020_02,29.60214,-99.73007,436.7784,6/28/21,p,2021,06/13/2021 02:55 CDT,97156,23.69,89.1,0.51,7.73,0.4,102143.87
TWB14,Uvalde_2020_02,29.60214,-99.73007,436.7784,6/28/21,p,2021,06/13/2021 03:00 CDT,97147,23.6,89.8,0.535,7.73,0.46,102136.81
TWB14,Uvalde_2020_02,29.60214,-99.73007,436.7784,6/28/21,p,2021,06/13/2021 03:05 CDT,97141,23.47,90.7,0.455,7.73,0.44,102133.25
TWB14,Uvalde_2020_02,29.60214,-99.73007,436.7784,6/28/21,p,2021,06/13/2021 03:10 CDT,97141,23.44,90.7,0.825,7.73,0,102133.94
TWB14,Uvalde_2020_02,29.60214,-99.73007,436.7784,6/28/21,p,2021,06/13/2021 03:15 CDT,97148,23.44,90.1,0.515,7.73,0.19,102140.96
TWB14,Uvalde_2020_02,29.60214,-99.73007,436.7784,6/28/21,p,2021,06/13/2021 03:20 CDT,97151,23.33,90.6,0.29,7.73,0.71,102146.01
TWB14,Uvalde_2020_02,29.60214,-99.73007,436.7784,6/28/21,p,2021,06/13/2021 03:25 CDT,97135,22.84,91,0.68,7.99,0.86,102131.94
TWB14,Uvalde_2020_02,29.60214,-99.73007,436.7784,6/28/21,p,2021,06/13/2021 03:30 CDT,97125,23.12,91.4,0.28,7.73,0.21,102122.81
TWB14,Uvalde_2020_02,29.60214,-99.73007,436.7784,6/28/21,p,2021,06/13/2021 03:35 CDT,97119,23.02,91.8,0.27,7.73,0.27,102118.74
TWB14,Uvalde_2020_02,29.60214,-99.73007,436.7784,6/28/21,p,2021,06/13/2021 03:40 CDT,97121,22.97,92.2,0.34,7.73,0.11,102122.22
TWB14,Uvalde_2020_02,29.60214,-99.73007,436.7784,6/28/21,p,2021,06/13/2021 03:45 CDT,97121,22.94,92.4,0.175,7.73,0.2,102122.91
TWB14,Uvalde_2020_02,29.60214,-99.73007,436.7784,6/28/21,p,2021,06/13/2021 03:50 CDT,97123,22.89,93,0.19,7.73,0.08,102126.05
TWB14,Uvalde_2020_02,29.60214,-99.73007,436.7784,6/28/21,p,2021,06/13/2021 03:55 CDT,97129,22.84,93,0.035,7.73,0,102133.05
TWB14,Uvalde_2020_02,29.60214,-99.73007,436.7784,6/28/21,p,2021,06/13/2021 04:00 CDT,97133,22.74,93.4,0,7.73,0.06,102139.16
TWB14,Uvalde_2020_02,29.60214,-99.73007,436.7784,6/28/21,p,2021,06/13/2021 04:05 CDT,97141,22.69,93.3,0,7.73,1.13,102148.44
TWB14,Uvalde_2020_02,29.60214,-99.73007,436.7784,6/28/21,p,2021,06/13/2021 04:10 CDT,97149,22.65,93.2,0,7.73,1.32,102157.72
TWB14,Uvalde_2020_02,29.60214,-99.73007,436.7784,6/28/21,p,2021,06/13/2021 04:15 CDT,97157,22.54,94.2,0,7.73,0,102167.17
TWB14,Uvalde_2020_02,29.60214,-99.73007,436.7784,6/28/21,p,2021,06/13/2021 04:20 CDT,97157,22.4,94.1,0,7.73,0,102168.73
TWB14,Uvalde_2020_02,29.60214,-99.73007,436.7784,6/28/21,p,2021,06/13/2021 04:25 CDT,97159,22.27,93.8,0,7.73,0.71,102172.4
TWB14,Uvalde_2020_02,29.60214,-99.73007,436.7784,6/28/21,p,2021,06/13/2021 04:30 CDT,97163,22.15,94,0,7.73,1.19,102178.34
TWB14,Uvalde_2020_02,29.60214,-99.73007,436.7784,6/28/21,p,2021,06/13/2021 04:35 CDT,97162,22.07,93.9,0,7.73,1.09,102178.51
TWB14,Uvalde_2020_02,29.60214,-99.73007,436.7784,6/28/21,p,2021,06/13/2021 04:40 CDT,97161,22.02,94.3,0,7.73,0.8,102178.5
TWB14,Uvalde_2020_02,29.60214,-99.73007,436.7784,6/28/21,p,2021,06/13/2021 04:45 CDT,97158,21.99,94.5,0,7.73,0,102176.04
TWB14,Uvalde_2020_02,29.60214,-99.73007,436.7784,6/28/21,p,2021,06/13/2021 04:50 CDT,97162,22,94.6,0,7.73,0,102181.46
TWB14,Uvalde_2020_02,29.60214,-99.73007,436.7784,6/28/21,p,2021,06/13/2021 04:55 CDT,97167,21.87,94.8,0,7.73,0,102188.29
TWB14,Uvalde_2020_02,29.60214,-99.73007,436.7784,6/28/21,p,2021,06/13/2021 05:00 CDT,97166,21.8,94.9,0,7.73,0,102188.63
TWB14,Uvalde_2020_02,29.60214,-99.73007,436.7784,6/28/21,p,2021,06/13/2021 05:05 CDT,97172,21.73,94.8,0,7.73,0.14,102196.51
TWB14,Uvalde_2020_02,29.60214,-99.73007,436.7784,6/28/21,p,2021,06/13/2021 05:10 CDT,97174,21.6,94.9,0,7.73,0.68,102200.71
TWB14,Uvalde_2020_02,29.60214,-99.73007,436.7784,6/28/21,p,2021,06/13/2021 05:15 CDT,97169,21.55,95.1,0,7.73,0.43,102195.97
TWB14,Uvalde_2020_02,29.60214,-99.73007,436.7784,6/28/21,p,2021,06/13/2021 05:20 CDT,97180,21.5,95.1,0,7.73,0.74,102208.59
TWB14,Uvalde_2020_02,29.60214,-99.73007,436.7784,6/28/21,p,2021,06/13/2021 05:25 CDT,97189,21.41,95.4,0,7.73,0.29,102218.93
TWB14,Uvalde_2020_02,29.60214,-99.73007,436.7784,6/28/21,p,2021,06/13/2021 05:30 CDT,97190,21.36,95.5,0,7.73,0,102220.33
TWB14,Uvalde_2020_02,29.60214,-99.73007,436.7784,6/28/21,p,2021,06/13/2021 05:35 CDT,97189,21.3,95.5,0,7.73,0.26,102220.15
TWB14,Uvalde_2020_02,29.60214,-99.73007,436.7784,6/28/21,p,2021,06/13/2021 05:40 CDT,97182,21.19,95.6,0,7.73,0,102214.01
TWB14,Uvalde_2020_02,29.60214,-99.73007,436.7784,6/28/21,p,2021,06/13/2021 05:45 CDT,97190,21.19,95.5,0,7.73,0.17,102223.65
TWB14,Uvalde_2020_02,29.60214,-99.73007,436.7784,6/28/21,p,2021,06/13/2021 05:50 CDT,97196,21.11,95.7,0,7.73,0.08,102231.19
TWB14,Uvalde_2020_02,29.60214,-99.73007,436.7784,6/28/21,p,2021,06/13/2021 05:55 CDT,97201,21.04,95.9,0,7.73,0.03,102236.97
TWB14,Uvalde_2020_02,29.60214,-99.73007,436.7784,6/28/21,p,2021,06/13/2021 06:00 CDT,97206,20.93,95.7,0,7.73,0,102244.51
TWB14,Uvalde_2020_02,29.60214,-99.73007,436.7784,6/28/21,p,2021,06/13/2021 06:05 CDT,97216,20.82,96.1,0,7.73,0,102256.78
TWB14,Uvalde_2020_02,29.60214,-99.73007,436.7784,6/28/21,p,2021,06/13/2021 06:10 CDT,97215,20.81,96.1,0.055,7.73,0.57,102255.91
TWB14,Uvalde_2020_02,29.60214,-99.73007,436.7784,6/28/21,p,2021,06/13/2021 06:15 CDT,97214,20.76,95.9,0.295,7.73,0,102255.38
TWB14,Uvalde_2020_02,29.60214,-99.73007,436.7784,6/28/21,p,2021,06/13/2021 06:20 CDT,97217,20.65,96.1,0.265,7.73,0,102261.52
TWB14,Uvalde_2020_02,29.60214,-99.73007,436.7784,6/28/21,p,2021,06/13/2021 06:25 CDT,97221,20.61,96.3,0.045,7.73,0.03,102266.61
TWB14,Uvalde_2020_02,29.60214,-99.73007,436.7784,6/28/21,p,2021,06/13/2021 06:30 CDT,97235,20.6,96.6,0.095,7.73,0,102281.33
TWB14,Uvalde_2020_02,29.60214,-99.73007,436.7784,6/28/21,p,2021,06/13/2021 06:35 CDT,97246,20.53,96.6,0.315,7.73,0.79,102293.08
TWB14,Uvalde_2020_02,29.60214,-99.73007,436.7784,6/28/21,p,2021,06/13/2021 06:40 CDT,97244,20.52,96.5,0.235,7.73,3.07,102292.91
TWB14,Uvalde_2020_02,29.60214,-99.73007,436.7784,6/28/21,p,2021,06/13/2021 06:45 CDT,97245,20.67,97,0.48,7.73,3.77,102293.08
TWB14,Uvalde_2020_02,29.60214,-99.73007,436.7784,6/28/21,p,2021,06/13/2021 06:50 CDT,97258,20.86,96.8,0.495,7.73,4.92,102304.65
TWB14,Uvalde_2020_02,29.60214,-99.73007,436.7784,6/28/21,p,2021,06/13/2021 06:55 CDT,97264,20.76,97,0.08,7.73,9.48,102311.49
TWB14,Uvalde_2020_02,29.60214,-99.73007,436.7784,6/28/21,p,2021,06/13/2021 07:00 CDT,97275,20.76,97,0.02,7.73,11.39,102321.3
TWB14,Uvalde_2020_02,29.60214,-99.73007,436.7784,6/28/21,p,2021,06/13/2021 07:05 CDT,97278,20.7,96.9,0,7.73,15.05,102325.51
TWB14,Uvalde_2020_02,29.60214,-99.73007,436.7784,6/28/21,p,2021,06/13/2021 07:10 CDT,97272,20.76,97.3,0,7.73,17.95,102319.37
TWB14,Uvalde_2020_02,29.60214,-99.73007,436.7784,6/28/21,p,2021,06/13/2021 07:15 CDT,97252,20.92,97.4,0.115,7.73,19.86,102295.34
TWB14,Uvalde_2020_02,29.60214,-99.73007,436.7784,6/28/21,p,2021,06/13/2021 07:20 CDT,97248,20.99,97.8,0.38,7.73,32.96,102289.03
TWB14,Uvalde_2020_02,29.60214,-99.73007,436.7784,6/28/21,p,2021,06/13/2021 07:25 CDT,97259,21.23,97.4,0.315,7.73,51.98,102296.22
TWB14,Uvalde_2020_02,29.60214,-99.73007,436.7784,6/28/21,p,2021,06/13/2021 07:30 CDT,97261,21.24,97.6,0.44,7.73,67.62,102297.09
TWB14,Uvalde_2020_02,29.60214,-99.73007,436.7784,6/28/21,p,2021,06/13/2021 07:35 CDT,97256,21.44,97.1,0.385,7.73,79.99,102288.69
TWB14,Uvalde_2020_02,29.60214,-99.73007,436.7784,6/28/21,p,2021,06/13/2021 07:40 CDT,97264,21.59,96.8,0.265,7.73,93.99,102294.83
TWB14,Uvalde_2020_02,29.60214,-99.73007,436.7784,6/28/21,p,2021,06/13/2021 07:45 CDT,97275,21.86,97.1,0.06,7.73,102.86,102303.25
TWB14,Uvalde_2020_02,29.60214,-99.73007,436.7784,6/28/21,p,2021,06/13/2021 07:50 CDT,97273,22.3,96.3,0.045,7.73,113.91,102295.05
TWB14,Uvalde_2020_02,29.60214,-99.73007,436.7784,6/28/21,p,2021,06/13/2021 07:55 CDT,97274,22.7,96,0.035,7.73,129.76,102291.58
TWB14,Uvalde_2020_02,29.60214,-99.73007,436.7784,6/28/21,p,2021,06/13/2021 08:00 CDT,97281,23.31,95.9,0,7.73,135.96,102290.78
TWB14,Uvalde_2020_02,29.60214,-99.73007,436.7784,6/28/21,p,2021,06/13/2021 08:05 CDT,97272,24.03,93.2,0,7.73,149.25,102273.21
TWB14,Uvalde_2020_02,29.60214,-99.73007,436.7784,6/28/21,p,2021,06/13/2021 08:10 CDT,97273,24.06,92.2,0.155,7.73,163.7,102270.12
TWB14,Uvalde_2020_02,29.60214,-99.73007,436.7784,6/28/21,p,2021,06/13/2021 08:15 CDT,97285,24.08,91.9,0.25,7.73,172.46,102279.47
TWB14,Uvalde_2020_02,29.60214,-99.73007,436.7784,6/28/21,p,2021,06/13/2021 08:20 CDT,97296,24.39,89.9,0.395,7.73,180.43,102285.37
TWB14,Uvalde_2020_02,29.60214,-99.73007,436.7784,6/28/21,p,2021,06/13/2021 08:25 CDT,97297,24.75,89.1,0.15,7.73,187.75,102280.08
TWB14,Uvalde_2020_02,29.60214,-99.73007,436.7784,6/28/21,p,2021,06/13/2021 08:30 CDT,97299,25.01,87.3,0.625,7.73,198.43,102277.4
TWB14,Uvalde_2020_02,29.60214,-99.73007,436.7784,6/28/21,p,2021,06/13/2021 08:35 CDT,97303,25.1,85.9,0.79,7.73,207.47,102275.12
TWB14,Uvalde_2020_02,29.60214,-99.73007,436.7784,6/28/21,p,2021,06/13/2021 08:40 CDT,97314,25.34,84.4,0.59,7.73,214.66,102280.73
TWB14,Uvalde_2020_02,29.60214,-99.73007,436.7784,6/28/21,p,2021,06/13/2021 08:45 CDT,97321,25.7,83.7,0.525,7.73,227.31,102282.64
TWB14,Uvalde_2020_02,29.60214,-99.73007,436.7784,6/28/21,p,2021,06/13/2021 08:50 CDT,97337,26.01,80.4,0.525,7.73,237.78,102294.57
TWB14,Uvalde_2020_02,29.60214,-99.73007,436.7784,6/28/21,p,2021,06/13/2021 08:55 CDT,97340,26.13,80.3,0.415,7.73,253.69,102294.67
TWB14,Uvalde_2020_02,29.60214,-99.73007,436.7784,6/28/21,p,2021,06/13/2021 09:00 CDT,97346,26.33,79.67,0.22,7.73,236.01,102299.45
TWB14,Uvalde_2020_02,29.60214,-99.73007,436.7784,6/28/21,p,2021,06/13/2021 09:05 CDT,97344,26.8,76.8,0.56,7.73,281.98,102289.26
TWB14,Uvalde_2020_02,29.60214,-99.73007,436.7784,6/28/21,p,2021,06/13/2021 09:10 CDT,97350,26.62,78.17,1.175,7.73,313.55,102295.22
TWB14,Uvalde_2020_02,29.60214,-99.73007,436.7784,6/28/21,p,2021,06/13/2021 09:15 CDT,97359,26.56,75.34,0.855,7.73,322.85,102305.04
TWB14,Uvalde_2020_02,29.60214,-99.73007,436.7784,6/28/21,p,2021,06/13/2021 09:20 CDT,97357,26.72,74.53,0.52,7.73,330.6,102301.43
TWB14,Uvalde_2020_02,29.60214,-99.73007,436.7784,6/28/21,p,2021,06/13/2021 09:25 CDT,97352,26.82,74.25,1.46,7.73,351.27,102291.79
TWB14,Uvalde_2020_02,29.60214,-99.73007,436.7784,6/28/21,p,2021,06/13/2021 09:30 CDT,97349,26.81,74.38,1.47,7.73,365.12,102286.45
TWB14,Uvalde_2020_02,29.60214,-99.73007,436.7784,6/28/21,p,2021,06/13/2021 09:35 CDT,97346,26.91,74.25,1.11,7.73,375.64,102282.29
TWB14,Uvalde_2020_02,29.60214,-99.73007,436.7784,6/28/21,p,2021,06/13/2021 09:40 CDT,97356,27.32,72.02,1.005,7.73,383.64,102288.79
TWB14,Uvalde_2020_02,29.60214,-99.73007,436.7784,6/28/21,p,2021,06/13/2021 09:45 CDT,97355,27.3,72.09,1.165,7.73,399.83,102286.23
TWB14,Uvalde_2020_02,29.60214,-99.73007,436.7784,6/28/21,p,2021,06/13/2021 09:50 CDT,97353,27.36,71.74,1.53,7.73,414.47,102280.94
TWB14,Uvalde_2020_02,29.60214,-99.73007,436.7784,6/28/21,p,2021,06/13/2021 09:55 CDT,97350,27.37,71.4,1.295,7.73,426.24,102277.96
TWB14,Uvalde_2020_02,29.60214,-99.73007,436.7784,6/28/21,p,2021,06/13/2021 10:00 CDT,97351,27.69,68.57,1.55,7.73,438.14,102274.52
TWB14,Uvalde_2020_02,29.60214,-99.73007,436.7784,6/28/21,p,2021,06/13/2021 10:05 CDT,97368,27.83,68,0.97,7.73,445.6,102290.21
TWB14,Uvalde_2020_02,29.60214,-99.73007,436.7784,6/28/21,p,2021,06/13/2021 10:10 CDT,97386,27.94,67.66,1.335,7.73,460.58,102306.62
TWB14,Uvalde_2020_02,29.60214,-99.73007,436.7784,6/28/21,p,2021,06/13/2021 10:15 CDT,97389,28.06,68.43,0.96,7.73,467.24,102308.76
TWB14,Uvalde_2020_02,29.60214,-99.73007,436.7784,6/28/21,p,2021,06/13/2021 10:20 CDT,97379,28.28,67.01,0.84,7.73,481.84,102294.93
TWB14,Uvalde_2020_02,29.60214,-99.73007,436.7784,6/28/21,p,2021,06/13/2021 10:25 CDT,97370,28.6,67.11,1.125,7.73,491.1,102280.98
TWB14,Uvalde_2020_02,29.60214,-99.73007,436.7784,6/28/21,p,2021,06/13/2021 10:30 CDT,97369,28.49,64.41,0.73,7.73,501.18,102279.79
TWB14,Uvalde_2020_02,29.60214,-99.73007,436.7784,6/28/21,p,2021,06/13/2021 10:35 CDT,97375,28.97,62.59,0.585,7.73,506.08,102282.29
TWB14,Uvalde_2020_02,29.60214,-99.73007,436.7784,6/28/21,p,2021,06/13/2021 10:40 CDT,97377,29.14,62.72,0.905,7.73,525.12,102279.25
TWB14,Uvalde_2020_02,29.60214,-99.73007,436.7784,6/28/21,p,2021,06/13/2021 10:45 CDT,97380,28.93,65.05,1.47,7.73,545.72,102282.7
TWB14,Uvalde_2020_02,29.60214,-99.73007,436.7784,6/28/21,p,2021,06/13/2021 10:50 CDT,97388,28.89,63.86,1.105,7.73,553.23,102291.12
TWB14,Uvalde_2020_02,29.60214,-99.73007,436.7784,6/28/21,p,2021,06/13/2021 10:55 CDT,97386,28.92,61.64,1.185,7.73,564.25,102290.37
TWB14,Uvalde_2020_02,29.60214,-99.73007,436.7784,6/28/21,p,2021,06/13/2021 11:00 CDT,97378,29.01,62.34,0.875,7.73,568.28,102280.63
TWB14,Uvalde_2020_02,29.60214,-99.73007,436.7784,6/28/21,p,2021,06/13/2021 11:05 CDT,97373,29.33,63.38,0.56,7.73,571.66,102272.39
TWB14,Uvalde_2020_02,29.60214,-99.73007,436.7784,6/28/21,p,2021,06/13/2021 11:10 CDT,97372,29.6,61.4,1.215,7.73,584.91,102265.4
TWB14,Uvalde_2020_02,29.60214,-99.73007,436.7784,6/28/21,p,2021,06/13/2021 11:15 CDT,97366,29.56,59.31,1.41,7.73,600,102258.8
TWB14,Uvalde_2020_02,29.60214,-99.73007,436.7784,6/28/21,p,2021,06/13/2021 11:20 CDT,97363,29.55,62.17,1.42,7.73,609.83,102253.47
TWB14,Uvalde_2020_02,29.60214,-99.73007,436.7784,6/28/21,p,2021,06/13/2021 11:25 CDT,97358,29.86,63.48,0.925,7.73,606.63,102244.57
TWB14,Uvalde_2020_02,29.60214,-99.73007,436.7784,6/28/21,p,2021,06/13/2021 11:30 CDT,97354,29.91,55.87,1.275,7.73,627.16,102238.81
TWB14,Uvalde_2020_02,29.60214,-99.73007,436.7784,6/28/21,p,2021,06/13/2021 11:35 CDT,97351,30.01,55.3,1.67,7.73,634.53,102234.35
TWB14,Uvalde_2020_02,29.60214,-99.73007,436.7784,6/28/21,p,2021,06/13/2021 11:40 CDT,97345,30.16,54.35,1.345,7.73,644.83,102224.77
TWB14,Uvalde_2020_02,29.60214,-99.73007,436.7784,6/28/21,p,2021,06/13/2021 11:45 CDT,97342,30.28,55.66,1.255,7.73,650.8,102219.31
TWB14,Uvalde_2020_02,29.60214,-99.73007,436.7784,6/28/21,p,2021,06/13/2021 11:50 CDT,97339,30.27,56.67,2.145,7.73,665.78,102215
TWB14,Uvalde_2020_02,29.60214,-99.73007,436.7784,6/28/21,p,2021,06/13/2021 11:55 CDT,97328,30.16,56.51,1.68,7.73,666.09,102206.73
TWB14,Uvalde_2020_02,29.60214,-99.73007,436.7784,6/28/21,p,2021,06/13/2021 12:00 CDT,97324,30.42,56.64,1.42,7.73,653.97,102201.22
TWB14,Uvalde_2020_02,29.60214,-99.73007,436.7784,6/28/21,p,2021,06/13/2021 12:05 CDT,97334,30.67,57.14,1.23,7.73,666.91,102208.6
TWB14,Uvalde_2020_02,29.60214,-99.73007,436.7784,6/28/21,p,2021,06/13/2021 12:10 CDT,97344,30.77,54.38,1.165,7.73,673.89,102216.83
TWB14,Uvalde_2020_02,29.60214,-99.73007,436.7784,6/28/21,p,2021,06/13/2021 12:15 CDT,97337,30.67,55.33,1.1,7.73,670.81,102210.13
TWB14,Uvalde_2020_02,29.60214,-99.73007,436.7784,6/28/21,p,2021,06/13/2021 12:20 CDT,97329,31.1,56.91,1.145,7.73,680.89,102196.96
TWB14,Uvalde_2020_02,29.60214,-99.73007,436.7784,6/28/21,p,2021,06/13/2021 12:25 CDT,97320,31.23,57.14,1.38,7.73,689.33,102183.59
TWB14,Uvalde_2020_02,29.60214,-99.73007,436.7784,6/28/21,p,2021,06/13/2021 12:30 CDT,97319,31.62,53.94,1.16,7.73,670.03,102175.73
TWB14,Uvalde_2020_02,29.60214,-99.73007,436.7784,6/28/21,p,2021,06/13/2021 12:35 CDT,97321,31.54,56.23,1.675,7.73,711.02,102178.45
TWB14,Uvalde_2020_02,29.60214,-99.73007,436.7784,6/28/21,p,2021,06/13/2021 12:40 CDT,97321,31.56,48.72,1.945,7.73,716.43,102175.78
TWB14,Uvalde_2020_02,29.60214,-99.73007,436.7784,6/28/21,p,2021,06/13/2021 12:45 CDT,97318,31.34,51.48,1.265,7.73,715.52,102175.52
TWB14,Uvalde_2020_02,29.60214,-99.73007,436.7784,6/28/21,p,2021,06/13/2021 12:50 CDT,97309,31.75,52.12,0.92,7.73,707.97,102163.62
TWB14,Uvalde_2020_02,29.60214,-99.73007,436.7784,6/28/21,p,2021,06/13/2021 12:55 CDT,97300,31.97,49.19,1.875,7.73,723.72,102149.01
TWB14,Uvalde_2020_02,29.60214,-99.73007,436.7784,6/28/21,p,2021,06/13/2021 13:00 CDT,97289,31.74,51.38,1.74,7.73,726.89,102138.9
TWB14,Uvalde_2020_02,29.60214,-99.73007,436.7784,6/28/21,p,2021,06/13/2021 13:05 CDT,97283,31.95,51.31,1.325,7.73,721.65,102131.79
TWB14,Uvalde_2020_02,29.60214,-99.73007,436.7784,6/28/21,p,2021,06/13/2021 13:10 CDT,97279,32.01,52.86,1.55,7.73,724.54,102125.95
TWB14,Uvalde_2020_02,29.60214,-99.73007,436.7784,6/28/21,p,2021,06/13/2021 13:15 CDT,97273,32.02,50.26,1.12,7.73,726.35,102120.01
TWB14,Uvalde_2020_02,29.60214,-99.73007,436.7784,6/28/21,p,2021,06/13/2021 13:20 CDT,97273,32.29,48.21,1.095,7.73,719.19,102117.6
TWB14,Uvalde_2020_02,29.60214,-99.73007,436.7784,6/28/21,p,2021,06/13/2021 13:25 CDT,97263,32.38,52.82,1.78,7.73,736.44,102104.94
TWB14,Uvalde_2020_02,29.60214,-99.73007,436.7784,6/28/21,p,2021,06/13/2021 13:30 CDT,97259,32.58,47.91,1.985,7.73,742.42,102096.11
TWB14,Uvalde_2020_02,29.60214,-99.73007,436.7784,6/28/21,p,2021,06/13/2021 13:35 CDT,97256,32.53,47.43,1.82,7.73,739.1,102092.97
TWB14,Uvalde_2020_02,29.60214,-99.73007,436.7784,6/28/21,p,2021,06/13/2021 13:40 CDT,97250,32.53,49.62,2.5,7.73,751.04,102084.22
TWB14,Uvalde_2020_02,29.60214,-99.73007,436.7784,6/28/21,p,2021,06/13/2021 13:45 CDT,97241,32.6,47.27,2,7.73,757.68,102075.61
TWB14,Uvalde_2020_02,29.60214,-99.73007,436.7784,6/28/21,p,2021,06/13/2021 13:50 CDT,97232,32.9,47.57,1.27,7.73,678.15,102063.9
TWB14,Uvalde_2020_02,29.60214,-99.73007,436.7784,6/28/21,p,2021,06/13/2021 13:55 CDT,97229,32.91,50.87,2.355,7.73,740.92,102057.16
TWB14,Uvalde_2020_02,29.60214,-99.73007,436.7784,6/28/21,p,2021,06/13/2021 14:00 CDT,97219,33.04,46.49,1.4,7.73,731.66,102047.37
TWB14,Uvalde_2020_02,29.60214,-99.73007,436.7784,6/28/21,p,2021,06/13/2021 14:05 CDT,97212,33.13,50.46,1.38,7.73,729.38,102037.87
TWB14,Uvalde_2020_02,29.60214,-99.73007,436.7784,6/28/21,p,2021,06/13/2021 14:10 CDT,97205,33.11,47.8,1.715,7.73,710.6,102030.08
TWB14,Uvalde_2020_02,29.60214,-99.73007,436.7784,6/28/21,p,2021,06/13/2021 14:15 CDT,97202,33.37,49.35,1.725,7.73,727.8,102023.69
TWB14,Uvalde_2020_02,29.60214,-99.73007,436.7784,6/28/21,p,2021,06/13/2021 14:20 CDT,97194,33.68,47.03,1.285,7.73,722.2,102011.32
TWB14,Uvalde_2020_02,29.60214,-99.73007,436.7784,6/28/21,p,2021,06/13/2021 14:25 CDT,97188,33.66,47.7,1.515,7.73,730.28,102004.37
TWB14,Uvalde_2020_02,29.60214,-99.73007,436.7784,6/28/21,p,2021,06/13/2021 14:30 CDT,97176,33.85,46.19,1.38,7.73,722.58,101990.83
TWB14,Uvalde_2020_02,29.60214,-99.73007,436.7784,6/28/21,p,2021,06/13/2021 14:35 CDT,97170,33.46,47.97,2.13,7.73,731.98,101987.08
TWB14,Uvalde_2020_02,29.60214,-99.73007,436.7784,6/28/21,p,2021,06/13/2021 14:40 CDT,97162,33.75,44.87,1.93,7.73,718.14,101976
TWB14,Uvalde_2020_02,29.60214,-99.73007,436.7784,6/28/21,p,2021,06/13/2021 14:45 CDT,97154,33.77,44.87,1.585,7.73,714.61,101965.04
TWB14,Uvalde_2020_02,29.60214,-99.73007,436.7784,6/28/21,p,2021,06/13/2021 14:50 CDT,97148,33.89,45.14,1.95,7.73,712.67,101957.78
TWB14,Uvalde_2020_02,29.60214,-99.73007,436.7784,6/28/21,p,2021,06/13/2021 14:55 CDT,97145,33.82,46.11,1.825,7.73,708.78,101955.74
TWB14,Uvalde_2020_02,29.60214,-99.73007,436.7784,6/28/21,p,2021,06/13/2021 15:00 CDT,97144,33.87,46.55,1.835,7.73,707.72,101953.4
TWB14,Uvalde_2020_02,29.60214,-99.73007,436.7784,6/28/21,p,2021,06/13/2021 15:05 CDT,97140,33.8,44.8,2.09,7.73,701.86,101949.39
TWB14,Uvalde_2020_02,29.60214,-99.73007,436.7784,6/28/21,p,2021,06/13/2021 15:10 CDT,97127,33.94,44.73,1.915,7.73,689.73,101935.27
TWB14,Uvalde_2020_02,29.60214,-99.73007,436.7784,6/28/21,p,2021,06/13/2021 15:15 CDT,97115,34.1,44.87,1.345,7.73,682.48,101920.43
TWB14,Uvalde_2020_02,29.60214,-99.73007,436.7784,6/28/21,p,2021,06/13/2021 15:20 CDT,97102,34.06,47.06,2.235,7.73,683.22,101906.6
TWB14,Uvalde_2020_02,29.60214,-99.73007,436.7784,6/28/21,p,2021,06/13/2021 15:25 CDT,97091,34.06,43.22,2.35,7.73,678.12,101894.79
TWB14,Uvalde_2020_02,29.60214,-99.73007,436.7784,6/28/21,p,2021,06/13/2021 15:30 CDT,97088,34.1,42.85,1.915,7.73,665.38,101891.81
TWB14,Uvalde_2020_02,29.60214,-99.73007,436.7784,6/28/21,p,2021,06/13/2021 15:35 CDT,97074,34.23,44.47,1.75,7.73,661.37,101875.02
TWB14,Uvalde_2020_02,29.60214,-99.73007,436.7784,6/28/21,p,2021,06/13/2021 15:40 CDT,97064,34.25,43.12,2.045,7.73,655.04,101862.63
TWB14,Uvalde_2020_02,29.60214,-99.73007,436.7784,6/28/21,p,2021,06/13/2021 15:45 CDT,97064,34.21,42.11,1.755,7.73,647.91,101863.76
TWB14,Uvalde_2020_02,29.60214,-99.73007,436.7784,6/28/21,p,2021,06/13/2021 15:50 CDT,97064,34.16,45,2.605,7.73,646.76,101864.99
TWB14,Uvalde_2020_02,29.60214,-99.73007,436.7784,6/28/21,p,2021,06/13/2021 15:55 CDT,97064,34.2,43.86,2.27,7.73,635.05,101865.01
TWB14,Uvalde_2020_02,29.60214,-99.73007,436.7784,6/28/21,p,2021,06/13/2021 16:00 CDT,97067,34.48,42.45,1.805,7.73,621.11,101865.47
TWB14,Uvalde_2020_02,29.60214,-99.73007,436.7784,6/28/21,p,2021,06/13/2021 16:05 CDT,97072,34.35,41.6,1.98,7.73,614.73,101870.41
TWB14,Uvalde_2020_02,29.60214,-99.73007,436.7784,6/28/21,p,2021,06/13/2021 16:10 CDT,97066,34.23,41.47,1.25,7.73,596.49,101866.5
TWB14,Uvalde_2020_02,29.60214,-99.73007,436.7784,6/28/21,p,2021,06/13/2021 16:15 CDT,97063,34.59,42.34,1.56,7.73,591.57,101859.2
TWB14,Uvalde_2020_02,29.60214,-99.73007,436.7784,6/28/21,p,2021,06/13/2021 16:20 CDT,97061,34.66,42.91,1.845,7.73,589.04,101854.87
TWB14,Uvalde_2020_02,29.60214,-99.73007,436.7784,6/28/21,p,2021,06/13/2021 16:25 CDT,97060,34.69,42.14,1.895,7.73,577.61,101853.99
TWB14,Uvalde_2020_02,29.60214,-99.73007,436.7784,6/28/21,p,2021,06/13/2021 16:30 CDT,97059,34.72,41.16,1.695,7.73,566.96,101851.52
TWB14,Uvalde_2020_02,29.60214,-99.73007,436.7784,6/28/21,p,2021,06/13/2021 16:35 CDT,97058,34.73,41.94,1.845,7.73,556.42,101849.83
TWB14,Uvalde_2020_02,29.60214,-99.73007,436.7784,6/28/21,p,2021,06/13/2021 16:40 CDT,97054,34.5,41.43,1.51,7.73,547.22,101849.61
TWB14,Uvalde_2020_02,29.60214,-99.73007,436.7784,6/28/21,p,2021,06/13/2021 16:45 CDT,97044,34.7,43.45,1.305,7.73,532.08,101836.86
TWB14,Uvalde_2020_02,29.60214,-99.73007,436.7784,6/28/21,p,2021,06/13/2021 16:50 CDT,97034,34.91,41.97,1.42,7.73,520.52,101823.21
TWB14,Uvalde_2020_02,29.60214,-99.73007,436.7784,6/28/21,p,2021,06/13/2021 16:55 CDT,97031,34.91,40.66,2.305,7.73,519.69,101818.5
TWB14,Uvalde_2020_02,29.60214,-99.73007,436.7784,6/28/21,p,2021,06/13/2021 17:00 CDT,97030,34.52,40.52,1.93,7.73,504.98,101822.69
TWB14,Uvalde_2020_02,29.60214,-99.73007,436.7784,6/28/21,p,2021,06/13/2021 17:05 CDT,97030,34.44,43.75,1.895,7.73,490.16,101824.23
TWB14,Uvalde_2020_02,29.60214,-99.73007,436.7784,6/28/21,p,2021,06/13/2021 17:10 CDT,97025,34.47,42,2.09,7.73,484.38,101819.65
TWB14,Uvalde_2020_02,29.60214,-99.73007,436.7784,6/28/21,p,2021,06/13/2021 17:15 CDT,97016,34.45,40.76,1.485,7.73,463.41,101811.97
TWB14,Uvalde_2020_02,29.60214,-99.73007,436.7784,6/28/21,p,2021,06/13/2021 17:20 CDT,97006,34.58,42.51,1.105,7.73,448.98,101800.02
TWB14,Uvalde_2020_02,29.60214,-99.73007,436.7784,6/28/21,p,2021,06/13/2021 17:25 CDT,97003,34.85,40.45,2.035,7.73,444.67,101792.13
TWB14,Uvalde_2020_02,29.60214,-99.73007,436.7784,6/28/21,p,2021,06/13/2021 17:30 CDT,96999,34.54,42.67,1.57,7.73,432.35,101791.72
TWB14,Uvalde_2020_02,29.60214,-99.73007,436.7784,6/28/21,p,2021,06/13/2021 17:35 CDT,96993,34.41,40.19,2.4,7.73,427.26,101787.36
TWB14,Uvalde_2020_02,29.60214,-99.73007,436.7784,6/28/21,p,2021,06/13/2021 17:40 CDT,96985,34.33,39.98,2.35,7.73,405.73,101780.88
TWB14,Uvalde_2020_02,29.60214,-99.73007,436.7784,6/28/21,p,2021,06/13/2021 17:45 CDT,96979,34.23,40.89,2.23,7.73,364.88,101776.48
TWB14,Uvalde_2020_02,29.60214,-99.73007,436.7784,6/28/21,p,2021,06/13/2021 17:50 CDT,96976,34.32,42.1,1.64,7.73,379.83,101773.16
TWB14,Uvalde_2020_02,29.60214,-99.73007,436.7784,6/28/21,p,2021,06/13/2021 17:55 CDT,96976,34.51,40.52,1.995,7.73,370.83,101770.63
TWB14,Uvalde_2020_02,29.60214,-99.73007,436.7784,6/28/21,p,2021,06/13/2021 18:00 CDT,96975,34.42,40.45,1.76,7.73,358.08,101770.38
TWB14,Uvalde_2020_02,29.60214,-99.73007,436.7784,6/28/21,p,2021,06/13/2021 18:05 CDT,96973,34.18,42.57,2.285,7.73,348.94,101770.32
TWB14,Uvalde_2020_02,29.60214,-99.73007,436.7784,6/28/21,p,2021,06/13/2021 18:10 CDT,96963,34.14,42.41,2.035,7.73,333.23,101760.79
TWB14,Uvalde_2020_02,29.60214,-99.73007,436.7784,6/28/21,p,2021,06/13/2021 18:15 CDT,96955,34.16,41.3,1.89,7.73,318.75,101753.52
TWB14,Uvalde_2020_02,29.60214,-99.73007,436.7784,6/28/21,p,2021,06/13/2021 18:20 CDT,96954,34.15,41.57,1.66,7.73,306.78,101752.79
TWB14,Uvalde_2020_02,29.60214,-99.73007,436.7784,6/28/21,p,2021,06/13/2021 18:25 CDT,96953,34.15,41.64,1.985,7.73,293.38,101752.53
TWB14,Uvalde_2020_02,29.60214,-99.73007,436.7784,6/28/21,p,2021,06/13/2021 18:30 CDT,96948,33.83,43.72,2.44,7.73,284.7,101750.45
TWB14,Uvalde_2020_02,29.60214,-99.73007,436.7784,6/28/21,p,2021,06/13/2021 18:35 CDT,96939,33.79,41.64,1.79,7.73,266.06,101743.11
TWB14,Uvalde_2020_02,29.60214,-99.73007,436.7784,6/28/21,p,2021,06/13/2021 18:40 CDT,96935,33.75,42.58,1.95,7.73,253.21,101739.38
TWB14,Uvalde_2020_02,29.60214,-99.73007,436.7784,6/28/21,p,2021,06/13/2021 18:45 CDT,96939,33.76,43.86,1.84,7.73,240.31,101744.2
TWB14,Uvalde_2020_02,29.60214,-99.73007,436.7784,6/28/21,p,2021,06/13/2021 18:50 CDT,96936,33.66,43.05,2.43,7.73,230.03,101741.86
TWB14,Uvalde_2020_02,29.60214,-99.73007,436.7784,6/28/21,p,2021,06/13/2021 18:55 CDT,96934,33.54,44.3,1.955,7.73,215.24,101742.31
TWB14,Uvalde_2020_02,29.60214,-99.73007,436.7784,6/28/21,p,2021,06/13/2021 19:00 CDT,96941,33.48,43.05,2.48,7.73,205.36,101750.47
TWB14,Uvalde_2020_02,29.60214,-99.73007,436.7784,6/28/21,p,2021,06/13/2021 19:05 CDT,96935,33.26,44.26,1.93,7.73,190.12,101748.17
TWB14,Uvalde_2020_02,29.60214,-99.73007,436.7784,6/28/21,p,2021,06/13/2021 19:10 CDT,96932,33.21,43.66,2.55,7.73,178.84,101745.83
TWB14,Uvalde_2020_02,29.60214,-99.73007,436.7784,6/28/21,p,2021,06/13/2021 19:15 CDT,96930,33.08,46.01,2.24,7.73,167.09,101745.95
TWB14,Uvalde_2020_02,29.60214,-99.73007,436.7784,6/28/21,p,2021,06/13/2021 19:20 CDT,96932,32.9,45.21,2.035,7.73,153.18,101750.63
TWB14,Uvalde_2020_02,29.60214,-99.73007,436.7784,6/28/21,p,2021,06/13/2021 19:25 CDT,96936,32.73,46.11,2.05,7.73,141.57,101757.87
TWB14,Uvalde_2020_02,29.60214,-99.73007,436.7784,6/28/21,p,2021,06/13/2021 19:30 CDT,96944,32.66,46.62,1.665,7.73,126.37,101767.88
TWB14,Uvalde_2020_02,29.60214,-99.73007,436.7784,6/28/21,p,2021,06/13/2021 19:35 CDT,96950,32.55,46.89,1.825,7.73,115.42,101776.11
TWB14,Uvalde_2020_02,29.60214,-99.73007,436.7784,6/28/21,p,2021,06/13/2021 19:40 CDT,96959,32.43,46.76,1.7,7.73,102.06,101787.49
TWB14,Uvalde_2020_02,29.60214,-99.73007,436.7784,6/28/21,p,2021,06/13/2021 19:45 CDT,96969,32.26,47.87,1.845,7.73,92.56,101800.72
TWB14,Uvalde_2020_02,29.60214,-99.73007,436.7784,6/28/21,p,2021,06/13/2021 19:50 CDT,96976,32.11,47.81,1.595,7.73,80.31,101810.66
TWB14,Uvalde_2020_02,29.60214,-99.73007,436.7784,6/28/21,p,2021,06/13/2021 19:55 CDT,96984,31.97,48.38,1.625,7.73,69.29,101821.65
TWB14,Uvalde_2020_02,29.60214,-99.73007,436.7784,6/28/21,p,2021,06/13/2021 20:00 CDT,96992,31.81,48.79,2,7.73,59.48,101832.15
TWB14,Uvalde_2020_02,29.60214,-99.73007,436.7784,6/28/21,p,2021,06/13/2021 20:05 CDT,96993,31.61,51.18,1.685,7.73,40.58,101836.41
TWB14,Uvalde_2020_02,29.60214,-99.73007,436.7784,6/28/21,p,2021,06/13/2021 20:10 CDT,96994,31.42,50.34,1.755,7.73,28.81,101840.56
TWB14,Uvalde_2020_02,29.60214,-99.73007,436.7784,6/28/21,p,2021,06/13/2021 20:15 CDT,96993,31.23,51.62,1.67,7.73,32.06,101842.91
TWB14,Uvalde_2020_02,29.60214,-99.73007,436.7784,6/28/21,p,2021,06/13/2021 20:20 CDT,96999,31,51.82,1.775,7.73,24.04,101853.12
TWB14,Uvalde_2020_02,29.60214,-99.73007,436.7784,6/28/21,p,2021,06/13/2021 20:25 CDT,96998,30.75,52.97,1.43,7.73,15.66,101856.14
TWB14,Uvalde_2020_02,29.60214,-99.73007,436.7784,6/28/21,p,2021,06/13/2021 20:30 CDT,96999,30.49,53.88,1.1,7.73,10.21,101861.43
TWB14,Uvalde_2020_02,29.60214,-99.73007,436.7784,6/28/21,p,2021,06/13/2021 20:35 CDT,96999,30.2,55.13,0.78,7.73,7.45,101866.01
TWB14,Uvalde_2020_02,29.60214,-99.73007,436.7784,6/28/21,p,2021,06/13/2021 20:40 CDT,97000,29.93,56.07,0.695,7.73,5.28,101872.14
TWB14,Uvalde_2020_02,29.60214,-99.73007,436.7784,6/28/21,p,2021,06/13/2021 20:45 CDT,97003,29.67,57.15,0.63,7.73,3.62,101880.05
TWB14,Uvalde_2020_02,29.60214,-99.73007,436.7784,6/28/21,p,2021,06/13/2021 20:50 CDT,97006,29.36,58.84,0.355,7.73,2.58,101888.62
TWB14,Uvalde_2020_02,29.60214,-99.73007,436.7784,6/28/21,p,2021,06/13/2021 20:55 CDT,97020,29.02,59.51,0.17,7.73,2.05,101909.6
TWB14,Uvalde_2020_02,29.60214,-99.73007,436.7784,6/28/21,p,2021,06/13/2021 21:00 CDT,97030,28.75,59.98,0.19,7.73,1.94,101924.9
TWB14,Uvalde_2020_02,29.60214,-99.73007,436.7784,6/28/21,p,2021,06/13/2021 21:05 CDT,97031,28.57,61.94,0.495,7.73,1.53,101930.75
TWB14,Uvalde_2020_02,29.60214,-99.73007,436.7784,6/28/21,p,2021,06/13/2021 21:10 CDT,97028,28.37,64.03,0.465,7.73,1.24,101933.06
TWB14,Uvalde_2020_02,29.60214,-99.73007,436.7784,6/28/21,p,2021,06/13/2021 21:15 CDT,97031,28.17,64.34,0.285,7.73,1.29,101941.71
TWB14,Uvalde_2020_02,29.60214,-99.73007,436.7784,6/28/21,p,2021,06/13/2021 21:20 CDT,97039,28.12,65.11,0.325,7.73,0.66,101953.28
TWB14,Uvalde_2020_02,29.60214,-99.73007,436.7784,6/28/21,p,2021,06/13/2021 21:25 CDT,97040,28.03,65.99,0.405,7.73,0.63,101957.17
TWB14,Uvalde_2020_02,29.60214,-99.73007,436.7784,6/28/21,p,2021,06/13/2021 21:30 CDT,97043,27.89,66.2,0.31,7.73,0.92,101964.17
TWB14,Uvalde_2020_02,29.60214,-99.73007,436.7784,6/28/21,p,2021,06/13/2021 21:35 CDT,97045,27.47,66.47,0.065,7.73,0.59,101971.14
TWB14,Uvalde_2020_02,29.60214,-99.73007,436.7784,6/28/21,p,2021,06/13/2021 21:40 CDT,97056,27.14,68.43,0.075,7.73,0.84,101987.55
TWB14,Uvalde_2020_02,29.60214,-99.73007,436.7784,6/28/21,p,2021,06/13/2021 21:45 CDT,97059,26.82,69.98,0.025,7.73,0.69,101993.72
TWB14,Uvalde_2020_02,29.60214,-99.73007,436.7784,6/28/21,p,2021,06/13/2021 21:50 CDT,97052,26.71,69.18,0.205,7.73,0.25,101989.41
TWB14,Uvalde_2020_02,29.60214,-99.73007,436.7784,6/28/21,p,2021,06/13/2021 21:55 CDT,97060,26.77,69.04,0.18,7.73,0.46,102000.85
TWB14,Uvalde_2020_02,29.60214,-99.73007,436.7784,6/28/21,p,2021,06/13/2021 22:00 CDT,97067,26.5,70.79,0,7.73,0.64,102011.07
TWB14,Uvalde_2020_02,29.60214,-99.73007,436.7784,6/28/21,p,2021,06/13/2021 22:05 CDT,97068,26.12,71.4,0,7.73,1.26,102015.16
TWB14,Uvalde_2020_02,29.60214,-99.73007,436.7784,6/28/21,p,2021,06/13/2021 22:10 CDT,97070,25.87,71.44,0,7.73,0.88,102021.5
TWB14,Uvalde_2020_02,29.60214,-99.73007,436.7784,6/28/21,p,2021,06/13/2021 22:15 CDT,97074,25.8,71.98,0.12,7.73,0.82,102028.75
TWB14,Uvalde_2020_02,29.60214,-99.73007,436.7784,6/28/21,p,2021,06/13/2021 22:20 CDT,97083,25.91,72.15,0.195,7.73,1.29,102040.08
TWB14,Uvalde_2020_02,29.60214,-99.73007,436.7784,6/28/21,p,2021,06/13/2021 22:25 CDT,97081,25.77,72.56,0.08,7.73,0.66,102041.03
TWB14,Uvalde_2020_02,29.60214,-99.73007,436.7784,6/28/21,p,2021,06/13/2021 22:30 CDT,97078,25.75,73.03,0.29,7.73,0.22,102039.58
TWB14,Uvalde_2020_02,29.60214,-99.73007,436.7784,6/28/21,p,2021,06/13/2021 22:35 CDT,97086,25.63,74.59,0.05,7.73,0.38,102048.49
TWB14,Uvalde_2020_02,29.60214,-99.73007,436.7784,6/28/21,p,2021,06/13/2021 22:40 CDT,97102,25.29,76.34,0,7.73,0.23,102067.68
TWB14,Uvalde_2020_02,29.60214,-99.73007,436.7784,6/28/21,p,2021,06/13/2021 22:45 CDT,97117,24.96,76.38,0,7.73,0.14,102086.17
TWB14,Uvalde_2020_02,29.60214,-99.73007,436.7784,6/28/21,p,2021,06/13/2021 22:50 CDT,97122,24.76,76.88,0,7.73,0.55,102093.99
TWB14,Uvalde_2020_02,29.60214,-99.73007,436.7784,6/28/21,p,2021,06/13/2021 22:55 CDT,97130,24.64,77.29,0,7.73,0.97,102104.28
TWB14,Uvalde_2020_02,29.60214,-99.73007,436.7784,6/28/21,p,2021,06/13/2021 23:00 CDT,97134,24.53,78.43,0,7.73,0.88,102111.21
TWB14,Uvalde_2020_02,29.60214,-99.73007,436.7784,6/28/21,p,2021,06/13/2021 23:05 CDT,97144,24.43,79.11,0,7.73,,102123.43
TWB14,Uvalde_2020_02,29.60214,-99.73007,436.7784,6/28/21,p,2021,06/13/2021 23:10 CDT,97146,24.39,78.84,0,7.73,0.01,102126.74
TWB14,Uvalde_2020_02,29.60214,-99.73007,436.7784,6/28/21,p,2021,06/13/2021 23:15 CDT,97145,24.4,79.11,0,7.73,0.03,102126.2
TWB14,Uvalde_2020_02,29.60214,-99.73007,436.7784,6/28/21,p,2021,06/13/2021 23:20 CDT,97146,24.37,79.38,0.14,7.73,0.11,102129.31
TWB14,Uvalde_2020_02,29.60214,-99.73007,436.7784,6/28/21,p,2021,06/13/2021 23:25 CDT,97147,24.37,79.39,0.145,7.73,0.59,102131.9
TWB14,Uvalde_2020_02,29.60214,-99.73007,436.7784,6/28/21,p,2021,06/13/2021 23:30 CDT,97150,24.33,80.2,0.01,7.73,0.67,102137.11
TWB14,Uvalde_2020_02,29.60214,-99.73007,436.7784,6/28/21,p,2021,06/13/2021 23:35 CDT,97155,24.05,81.2,0,7.73,0.06,102144.08
TWB14,Uvalde_2020_02,29.60214,-99.73007,436.7784,6/28/21,p,2021,06/13/2021 23:40 CDT,97168,23.75,82.1,0,7.73,0,102160.32
TWB14,Uvalde_2020_02,29.60214,-99.73007,436.7784,6/28/21,p,2021,06/13/2021 23:45 CDT,97172,23.53,82.1,0,7.73,0.25,102167.12
TWB14,Uvalde_2020_02,29.60214,-99.73007,436.7784,6/28/21,p,2021,06/13/2021 23:50 CDT,97181,23.51,82.2,0,7.73,0.11,102177.27
TWB14,Uvalde_2020_02,29.60214,-99.73007,436.7784,6/28/21,p,2021,06/13/2021 23:55 CDT,97183,23.54,82.2,0,7.73,0.32,102179.89
TWB14,Uvalde_2020_02,29.60214,-99.73007,436.7784,6/28/21,p,2021,06/14/2021 00:00 CDT,97187,23.46,83.2,0,7.73,0.51,102185.47
TWB14,Uvalde_2020_02,29.60214,-99.73007,436.7784,6/28/21,p,2021,06/14/2021 00:05 CDT,97196,23.41,83.2,0.065,7.73,0.49,102195.62
TWB14,Uvalde_2020_02,29.60214,-99.73007,436.7784,6/28/21,p,2021,06/14/2021 00:10 CDT,97190,23.64,83.2,0.45,7.73,0.2,102190.18
TWB14,Uvalde_2020_02,29.60214,-99.73007,436.7784,6/28/21,p,2021,06/14/2021 00:15 CDT,97189,24.17,83.4,0.39,7.73,0.1,102190.33
TWB14,Uvalde_2020_02,29.60214,-99.73007,436.7784,6/28/21,p,2021,06/14/2021 00:20 CDT,97196,23.99,84.2,0.08,7.73,0.17,102199.24
TWB14,Uvalde_2020_02,29.60214,-99.73007,436.7784,6/28/21,p,2021,06/14/2021 00:25 CDT,97189,23.53,84.7,0.045,7.73,0.71,102193.78
TWB14,Uvalde_2020_02,29.60214,-99.73007,436.7784,6/28/21,p,2021,06/14/2021 00:30 CDT,97190,23.33,86.3,0.23,7.73,0.67,102195.69
TWB14,Uvalde_2020_02,29.60214,-99.73007,436.7784,6/28/21,p,2021,06/14/2021 00:35 CDT,97202,23.24,87.1,0.29,7.73,0,102208.65
TWB14,Uvalde_2020_02,29.60214,-99.73007,436.7784,6/28/21,p,2021,06/14/2021 00:40 CDT,97211,22.88,87.5,0.24,7.73,0.02,102220.71
TWB14,Uvalde_2020_02,29.60214,-99.73007,436.7784,6/28/21,p,2021,06/14/2021 00:45 CDT,97210,22.69,87.6,0,7.73,0.52,102221.39
TWB14,Uvalde_2020_02,29.60214,-99.73007,436.7784,6/28/21,p,2021,06/14/2021 00:50 CDT,97204,22.66,88.6,0.04,7.73,0.02,102215.42
TWB14,Uvalde_2020_02,29.60214,-99.73007,436.7784,6/28/21,p,2021,06/14/2021 00:55 CDT,97198,22.73,88.2,0,7.73,0.42,102208.59
TWB14,Uvalde_2020_02,29.60214,-99.73007,436.7784,6/28/21,p,2021,06/14/2021 01:00 CDT,97199,22.78,88.1,0.1,7.73,0.62,102210.34
TWB14,Uvalde_2020_02,29.60214,-99.73007,436.7784,6/28/21,p,2021,06/14/2021 01:05 CDT,97197,23.2,88.1,0.415,7.73,0.58,102209.97
TWB14,Uvalde_2020_02,29.60214,-99.73007,436.7784,6/28/21,p,2021,06/14/2021 01:10 CDT,97203,23.2,87.8,0.36,7.73,0,102217.84
TWB14,Uvalde_2020_02,29.60214,-99.73007,436.7784,6/28/21,p,2021,06/14/2021 01:15 CDT,97211,22.86,88.2,0.42,7.73,0,102227.82
TWB14,Uvalde_2020_02,29.60214,-99.73007,436.7784,6/28/21,p,2021,06/14/2021 01:20 CDT,97212,22.65,88.2,0.04,7.73,0.26,102230.61
TWB14,Uvalde_2020_02,29.60214,-99.73007,436.7784,6/28/21,p,2021,06/14/2021 01:25 CDT,97215,22.44,88.9,0.245,7.73,0.6,102234.63
TWB14,Uvalde_2020_02,29.60214,-99.73007,436.7784,6/28/21,p,2021,06/14/2021 01:30 CDT,97221,22.3,89.7,0.015,7.73,0.63,102241.11
TWB14,Uvalde_2020_02,29.60214,-99.73007,436.7784,6/28/21,p,2021,06/14/2021 01:35 CDT,97228,22.28,89.3,0.03,7.73,0.02,102247.6
TWB14,Uvalde_2020_02,29.60214,-99.73007,436.7784,6/28/21,p,2021,06/14/2021 01:40 CDT,97226,22.44,88.3,0.18,7.73,0,102245.16
TWB14,Uvalde_2020_02,29.60214,-99.73007,436.7784,6/28/21,p,2021,06/14/2021 01:45 CDT,97228,22.79,87.7,0.11,7.73,0,102246.22
TWB14,Uvalde_2020_02,29.60214,-99.73007,436.7784,6/28/21,p,2021,06/14/2021 01:50 CDT,97232,22.94,87.6,0.03,7.73,0.15,102250.26
TWB14,Uvalde_2020_02,29.60214,-99.73007,436.7784,6/28/21,p,2021,06/14/2021 01:55 CDT,97231,22.82,87.9,0,7.73,0,102249.55
TWB14,Uvalde_2020_02,29.60214,-99.73007,436.7784,6/28/21,p,2021,06/14/2021 02:00 CDT,97224,22.64,87.6,0,7.73,0.23,102242.54
TWB14,Uvalde_2020_02,29.60214,-99.73007,436.7784,6/28/21,p,2021,06/14/2021 02:05 CDT,97221,22.44,87.9,0,7.73,0.65,102241.12
TWB14,Uvalde_2020_02,29.60214,-99.73007,436.7784,6/28/21,p,2021,06/14/2021 02:10 CDT,97226,22.28,88,0,7.73,0.69,102247.6
TWB14,Uvalde_2020_02,29.60214,-99.73007,436.7784,6/28/21,p,2021,06/14/2021 02:15 CDT,97224,22.13,88.9,0,7.73,0.73,102247.23
TWB14,Uvalde_2020_02,29.60214,-99.73007,436.7784,6/28/21,p,2021,06/14/2021 02:20 CDT,97226,22.02,89.1,0,7.73,0.78,102250.03
TWB14,Uvalde_2020_02,29.60214,-99.73007,436.7784,6/28/21,p,2021,06/14/2021 02:25 CDT,97241,21.89,89.6,0,7.73,0.63,102267.02
TWB14,Uvalde_2020_02,29.60214,-99.73007,436.7784,6/28/21,p,2021,06/14/2021 02:30 CDT,97243,21.82,90,0,7.73,0.07,102270.52
TWB14,Uvalde_2020_02,29.60214,-99.73007,436.7784,6/28/21,p,2021,06/14/2021 02:35 CDT,97239,21.75,90,0,7.73,0.33,102267.53
TWB14,Uvalde_2020_02,29.60214,-99.73007,436.7784,6/28/21,p,2021,06/14/2021 02:40 CDT,97241,21.73,91,0.15,7.73,0,102271.2
TWB14,Uvalde_2020_02,29.60214,-99.73007,436.7784,6/28/21,p,2021,06/14/2021 02:45 CDT,97244,21.53,91.2,0.54,7.73,0,102275.76
TWB14,Uvalde_2020_02,29.60214,-99.73007,436.7784,6/28/21,p,2021,06/14/2021 02:50 CDT,97244,21.39,91.7,0.27,7.73,0.28,102277.85
TWB14,Uvalde_2020_02,29.60214,-99.73007,436.7784,6/28/21,p,2021,06/14/2021 02:55 CDT,97243,21.49,91.7,0.28,7.73,0.02,102275.57
TWB14,Uvalde_2020_02,29.60214,-99.73007,436.7784,6/28/21,p,2021,06/14/2021 03:00 CDT,97238,21.59,91,0.305,7.73,0,102269.45
TWB14,Uvalde_2020_02,29.60214,-99.73007,436.7784,6/28/21,p,2021,06/14/2021 03:05 CDT,97230,21.58,91.3,0.355,7.73,0,102261.21
TWB14,Uvalde_2020_02,29.60214,-99.73007,436.7784,6/28/21,p,2021,06/14/2021 03:10 CDT,97226,21.46,91.4,0.475,7.73,0.17,102258.05
TWB14,Uvalde_2020_02,29.60214,-99.73007,436.7784,6/28/21,p,2021,06/14/2021 03:15 CDT,97217,21.32,92,0.25,7.73,0.19,102251.55
TWB14,Uvalde_2020_02,29.60214,-99.73007,436.7784,6/28/21,p,2021,06/14/2021 03:20 CDT,97218,21.28,91.7,0.285,7.73,0.06,102252.78
TWB14,Uvalde_2020_02,29.60214,-99.73007,436.7784,6/28/21,p,2021,06/14/2021 03:25 CDT,97217,21.27,91.8,0.2,7.73,0,102252.08
TWB14,Uvalde_2020_02,29.60214,-99.73007,436.7784,6/28/21,p,2021,06/14/2021 03:30 CDT,97217,21.29,91.9,0.255,7.73,0.01,102252.25
TWB14,Uvalde_2020_02,29.60214,-99.73007,436.7784,6/28/21,p,2021,06/14/2021 03:35 CDT,97217,21.29,92.2,0.26,7.73,0.34,102252.6
TWB14,Uvalde_2020_02,29.60214,-99.73007,436.7784,6/28/21,p,2021,06/14/2021 03:40 CDT,97217,21.3,91.7,0.065,7.73,0,102252.78
TWB14,Uvalde_2020_02,29.60214,-99.73007,436.7784,6/28/21,p,2021,06/14/2021 03:45 CDT,97217,21.29,91.8,0,7.73,0,102253.48
TWB14,Uvalde_2020_02,29.60214,-99.73007,436.7784,6/28/21,p,2021,06/14/2021 03:50 CDT,97220,21.16,92.1,0,7.73,0,102257.86
TWB14,Uvalde_2020_02,29.60214,-99.73007,436.7784,6/28/21,p,2021,06/14/2021 03:55 CDT,97218,21.01,92.2,0,7.73,0.01,102257.51
TWB14,Uvalde_2020_02,29.60214,-99.73007,436.7784,6/28/21,p,2021,06/14/2021 04:00 CDT,97217,20.94,92.5,0,7.73,0.05,102258.03
TWB14,Uvalde_2020_02,29.60214,-99.73007,436.7784,6/28/21,p,2021,06/14/2021 04:05 CDT,97215,20.92,92.4,0,7.73,0.69,102256.99
TWB14,Uvalde_2020_02,29.60214,-99.73007,436.7784,6/28/21,p,2021,06/14/2021 04:10 CDT,97217,20.8,92.9,0,7.73,0.17,102260.49
TWB14,Uvalde_2020_02,29.60214,-99.73007,436.7784,6/28/21,p,2021,06/14/2021 04:15 CDT,97219,20.68,93,0,7.73,0.02,102264
TWB14,Uvalde_2020_02,29.60214,-99.73007,436.7784,6/28/21,p,2021,06/14/2021 04:20 CDT,97226,20.57,93.4,0,7.73,0,102272.59
TWB14,Uvalde_2020_02,29.60214,-99.73007,436.7784,6/28/21,p,2021,06/14/2021 04:25 CDT,97231,20.54,93.5,0,7.73,0.2,102278.91
TWB14,Uvalde_2020_02,29.60214,-99.73007,436.7784,6/28/21,p,2021,06/14/2021 04:30 CDT,97230,20.52,93.7,0,7.73,0.26,102278.21
TWB14,Uvalde_2020_02,29.60214,-99.73007,436.7784,6/28/21,p,2021,06/14/2021 04:35 CDT,97225,20.44,93.8,0,7.73,0,102274.35
TWB14,Uvalde_2020_02,29.60214,-99.73007,436.7784,6/28/21,p,2021,06/14/2021 04:40 CDT,97237,20.32,93.7,0,7.73,0.05,102288.39
TWB14,Uvalde_2020_02,29.60214,-99.73007,436.7784,6/28/21,p,2021,06/14/2021 04:45 CDT,97241,20.18,93.8,0.455,7.73,0,102294.71
TWB14,Uvalde_2020_02,29.60214,-99.73007,436.7784,6/28/21,p,2021,06/14/2021 04:50 CDT,97241,20.09,94.4,0.4,7.73,0.12,102297.53
TWB14,Uvalde_2020_02,29.60214,-99.73007,436.7784,6/28/21,p,2021,06/14/2021 04:55 CDT,97231,20.12,95,0.21,7.73,0.07,102286.65
TWB14,Uvalde_2020_02,29.60214,-99.73007,436.7784,6/28/21,p,2021,06/14/2021 05:00 CDT,97225,20.18,94.8,0.18,7.73,0,102278.22
TWB14,Uvalde_2020_02,29.60214,-99.73007,436.7784,6/28/21,p,2021,06/14/2021 05:05 CDT,97232,20.19,94.4,0.165,7.73,0,102285.06
TWB14,Uvalde_2020_02,29.60214,-99.73007,436.7784,6/28/21,p,2021,06/14/2021 05:10 CDT,97231,20.15,94.5,0.09,7.73,0.07,102284.89
TWB14,Uvalde_2020_02,29.60214,-99.73007,436.7784,6/28/21,p,2021,06/14/2021 05:15 CDT,97230,20.11,94.7,0.18,7.73,0,102284.54
TWB14,Uvalde_2020_02,29.60214,-99.73007,436.7784,6/28/21,p,2021,06/14/2021 05:20 CDT,97236,20.04,94.3,0,7.73,0.47,102291.56
TWB14,Uvalde_2020_02,29.60214,-99.73007,436.7784,6/28/21,p,2021,06/14/2021 05:25 CDT,97232,20.02,94.5,0,7.73,0.27,102287.88
TWB14,Uvalde_2020_02,29.60214,-99.73007,436.7784,6/28/21,p,2021,06/14/2021 05:30 CDT,97243,19.98,95.1,0.25,7.73,0,102299.98
TWB14,Uvalde_2020_02,29.60214,-99.73007,436.7784,6/28/21,p,2021,06/14/2021 05:35 CDT,97248,19.92,95.3,0.34,7.73,0,102306.3
TWB14,Uvalde_2020_02,29.60214,-99.73007,436.7784,6/28/21,p,2021,06/14/2021 05:40 CDT,97245,19.95,95.2,0.505,7.73,0,102302.44
TWB14,Uvalde_2020_02,29.60214,-99.73007,436.7784,6/28/21,p,2021,06/14/2021 05:45 CDT,97234,19.98,95.2,0.27,7.73,0,102291.04
TWB14,Uvalde_2020_02,29.60214,-99.73007,436.7784,6/28/21,p,2021,06/14/2021 05:50 CDT,97224,20.01,95,0.06,7.73,0.22,102279.82
TWB14,Uvalde_2020_02,29.60214,-99.73007,436.7784,6/28/21,p,2021,06/14/2021 05:55 CDT,97223,19.98,95.2,0,7.73,0.02,102279.65
TWB14,Uvalde_2020_02,29.60214,-99.73007,436.7784,6/28/21,p,2021,06/14/2021 06:00 CDT,97223,19.95,95.3,0,7.73,0.14,102280.18
TWB14,Uvalde_2020_02,29.60214,-99.73007,436.7784,6/28/21,p,2021,06/14/2021 06:05 CDT,97224,19.96,95.3,0.26,7.73,0,102281.23
TWB14,Uvalde_2020_02,29.60214,-99.73007,436.7784,6/28/21,p,2021,06/14/2021 06:10 CDT,97226,19.96,95.4,0.055,7.73,0,102283.16
TWB14,Uvalde_2020_02,29.60214,-99.73007,436.7784,6/28/21,p,2021,06/14/2021 06:15 CDT,97240,19.92,94.9,0.175,7.73,0.01,102298.77
TWB14,Uvalde_2020_02,29.60214,-99.73007,436.7784,6/28/21,p,2021,06/14/2021 06:20 CDT,97250,19.78,95.2,0.105,7.73,0.39,102311.59
TWB14,Uvalde_2020_02,29.60214,-99.73007,436.7784,6/28/21,p,2021,06/14/2021 06:25 CDT,97250,19.75,95.6,0.085,7.73,0.06,102312.12
TWB14,Uvalde_2020_02,29.60214,-99.73007,436.7784,6/28/21,p,2021,06/14/2021 06:30 CDT,97251,19.86,96.2,0.18,7.73,0,102312.81
TWB14,Uvalde_2020_02,29.60214,-99.73007,436.7784,6/28/21,p,2021,06/14/2021 06:35 CDT,97250,19.85,95.5,0.04,7.73,1.13,102310.7
TWB14,Uvalde_2020_02,29.60214,-99.73007,436.7784,6/28/21,p,2021,06/14/2021 06:40 CDT,97250,19.74,95.3,0,7.73,3.27,102311.94
TWB14,Uvalde_2020_02,29.60214,-99.73007,436.7784,6/28/21,p,2021,06/14/2021 06:45 CDT,97252,19.66,95.5,0,7.73,4.44,102315.11
TWB14,Uvalde_2020_02,29.60214,-99.73007,436.7784,6/28/21,p,2021,06/14/2021 06:50 CDT,97250,19.61,95.5,0,7.73,6.33,102314.06
TWB14,Uvalde_2020_02,29.60214,-99.73007,436.7784,6/28/21,p,2021,06/14/2021 06:55 CDT,97250,19.59,95.8,0,7.73,8.81,102314.42
TWB14,Uvalde_2020_02,29.60214,-99.73007,436.7784,6/28/21,p,2021,06/14/2021 07:00 CDT,97239,19.61,95.8,0,7.73,11.68,102303.02
TWB14,Uvalde_2020_02,29.60214,-99.73007,436.7784,6/28/21,p,2021,06/14/2021 07:05 CDT,97245,19.6,95.9,0.225,7.73,14.36,102309.86
TWB14,Uvalde_2020_02,29.60214,-99.73007,436.7784,6/28/21,p,2021,06/14/2021 07:10 CDT,97245,19.73,95.9,0.205,7.73,17.52,102309.51
TWB14,Uvalde_2020_02,29.60214,-99.73007,436.7784,6/28/21,p,2021,06/14/2021 07:15 CDT,97242,19.93,96,0.15,7.73,20.19,102305.29
TWB14,Uvalde_2020_02,29.60214,-99.73007,436.7784,6/28/21,p,2021,06/14/2021 07:20 CDT,97245,20.17,96.5,0,7.73,33.65,102306.5
TWB14,Uvalde_2020_02,29.60214,-99.73007,436.7784,6/28/21,p,2021,06/14/2021 07:25 CDT,97243,20.34,96.3,0,7.73,51.99,102301.03
TWB14,Uvalde_2020_02,29.60214,-99.73007,436.7784,6/28/21,p,2021,06/14/2021 07:30 CDT,97249,20.44,95.9,0,7.73,65.77,102304.17
TWB14,Uvalde_2020_02,29.60214,-99.73007,436.7784,6/28/21,p,2021,06/14/2021 07:35 CDT,97252,20.59,95.4,0.305,7.73,78.13,102303.1
TWB14,Uvalde_2020_02,29.60214,-99.73007,436.7784,6/28/21,p,2021,06/14/2021 07:40 CDT,97250,20.71,95,0.72,7.73,89.93,102296.6
TWB14,Uvalde_2020_02,29.60214,-99.73007,436.7784,6/28/21,p,2021,06/14/2021 07:45 CDT,97250,20.83,93.7,1.29,7.73,102.43,102292.56
TWB14,Uvalde_2020_02,29.60214,-99.73007,436.7784,6/28/21,p,2021,06/14/2021 07:50 CDT,97252,21.01,92.8,1.065,7.73,111.97,102290.81
TWB14,Uvalde_2020_02,29.60214,-99.73007,436.7784,6/28/21,p,2021,06/14/2021 07:55 CDT,97262,21.31,91.3,0.97,7.73,119.4,102296.79
TWB14,Uvalde_2020_02,29.60214,-99.73007,436.7784,6/28/21,p,2021,06/14/2021 08:00 CDT,97261,21.66,89.9,0.675,7.73,126.58,102290.67
TWB14,Uvalde_2020_02,29.60214,-99.73007,436.7784,6/28/21,p,2021,06/14/2021 08:05 CDT,97258,21.85,89.1,1.19,7.73,137.16,102282.11
TWB14,Uvalde_2020_02,29.60214,-99.73007,436.7784,6/28/21,p,2021,06/14/2021 08:10 CDT,97254,22.07,88.2,1.375,7.73,150.77,102272.86
TWB14,Uvalde_2020_02,29.60214,-99.73007,436.7784,6/28/21,p,2021,06/14/2021 08:15 CDT,97254,22.33,86.8,1.3,7.73,161.89,102268.36
TWB14,Uvalde_2020_02,29.60214,-99.73007,436.7784,6/28/21,p,2021,06/14/2021 08:20 CDT,97262,22.63,85.7,1.29,7.73,172.07,102271.75
TWB14,Uvalde_2020_02,29.60214,-99.73007,436.7784,6/28/21,p,2021,06/14/2021 08:25 CDT,97271,23.06,85.2,0.655,7.73,181.15,102275.15
TWB14,Uvalde_2020_02,29.60214,-99.73007,436.7784,6/28/21,p,2021,06/14/2021 08:30 CDT,97270,23.82,83.1,0.21,7.73,186.61,102264.46
TWB14,Uvalde_2020_02,29.60214,-99.73007,436.7784,6/28/21,p,2021,06/14/2021 08:35 CDT,97270,24.33,80.4,0.31,7.73,201.28,102255.36
TWB14,Uvalde_2020_02,29.60214,-99.73007,436.7784,6/28/21,p,2021,06/14/2021 08:40 CDT,97269,24.73,78.74,0.215,7.73,213.2,102246.79
TWB14,Uvalde_2020_02,29.60214,-99.73007,436.7784,6/28/21,p,2021,06/14/2021 08:45 CDT,97277,25.05,78.53,0.465,7.73,231.93,102249.05
TWB14,Uvalde_2020_02,29.60214,-99.73007,436.7784,6/28/21,p,2021,06/14/2021 08:50 CDT,97286,25.37,77.45,0.33,7.73,245.16,102252.72
TWB14,Uvalde_2020_02,29.60214,-99.73007,436.7784,6/28/21,p,2021,06/14/2021 08:55 CDT,97285,26.05,75.22,0.03,7.73,254.12,102243.69
TWB14,Uvalde_2020_02,29.60214,-99.73007,436.7784,6/28/21,p,2021,06/14/2021 09:00 CDT,97282,26.98,73.27,0.14,7.73,267.79,102229.89
TWB14,Uvalde_2020_02,29.60214,-99.73007,436.7784,6/28/21,p,2021,06/14/2021 09:05 CDT,97286,27.09,71.92,0.385,7.73,287.33,102226.85
TWB14,Uvalde_2020_02,29.60214,-99.73007,436.7784,6/28/21,p,2021,06/14/2021 09:10 CDT,97292,27.17,70.84,0.275,7.73,301.06,102229.45
TWB14,Uvalde_2020_02,29.60214,-99.73007,436.7784,6/28/21,p,2021,06/14/2021 09:15 CDT,97300,27.64,71.51,0.275,7.73,310.46,102233.48
TWB14,Uvalde_2020_02,29.60214,-99.73007,436.7784,6/28/21,p,2021,06/14/2021 09:20 CDT,97289,27.64,71.3,0.25,7.73,326.99,102217.9
TWB14,Uvalde_2020_02,29.60214,-99.73007,436.7784,6/28/21,p,2021,06/14/2021 09:25 CDT,97282,28.04,69.88,0.145,7.73,335.18,102207.2
TWB14,Uvalde_2020_02,29.60214,-99.73007,436.7784,6/28/21,p,2021,06/14/2021 09:30 CDT,97281,28.47,67.92,0.355,7.73,351.27,102200.15
TWB14,Uvalde_2020_02,29.60214,-99.73007,436.7784,6/28/21,p,2021,06/14/2021 09:35 CDT,97278,28.15,70.51,0.61,7.73,373.54,102196.14
TWB14,Uvalde_2020_02,29.60214,-99.73007,436.7784,6/28/21,p,2021,06/14/2021 09:40 CDT,97275,27.78,69.12,0.475,7.73,382.14,102195.84
TWB14,Uvalde_2020_02,29.60214,-99.73007,436.7784,6/28/21,p,2021,06/14/2021 09:45 CDT,97281,28.07,70.74,0.415,7.73,393.02,102199.79
TWB14,Uvalde_2020_02,29.60214,-99.73007,436.7784,6/28/21,p,2021,06/14/2021 09:50 CDT,97288,28.32,68.51,0.385,7.73,400.29,102202.32
TWB14,Uvalde_2020_02,29.60214,-99.73007,436.7784,6/28/21,p,2021,06/14/2021 09:55 CDT,97295,28.46,65.98,0.605,7.73,416.86,102204.71
TWB14,Uvalde_2020_02,29.60214,-99.73007,436.7784,6/28/21,p,2021,06/14/2021 10:00 CDT,97295,28.6,66.99,0.325,7.73,425.93,102204.53
TWB14,Uvalde_2020_02,29.60214,-99.73007,436.7784,6/28/21,p,2021,06/14/2021 10:05 CDT,97295,28.85,66.08,0.565,7.73,439.71,102198.55
TWB14,Uvalde_2020_02,29.60214,-99.73007,436.7784,6/28/21,p,2021,06/14/2021 10:10 CDT,97298,28.67,67.22,0.895,7.73,456.32,102203.19
TWB14,Uvalde_2020_02,29.60214,-99.73007,436.7784,6/28/21,p,2021,06/14/2021 10:15 CDT,97309,28.66,65.13,1.135,7.73,467.45,102214.76
TWB14,Uvalde_2020_02,29.60214,-99.73007,436.7784,6/28/21,p,2021,06/14/2021 10:20 CDT,97316,29.04,60.61,0.53,7.73,474.63,102217.85
TWB14,Uvalde_2020_02,29.60214,-99.73007,436.7784,6/28/21,p,2021,06/14/2021 10:25 CDT,97315,29.43,60.1,0.55,7.73,483.97,102211.67
TWB14,Uvalde_2020_02,29.60214,-99.73007,436.7784,6/28/21,p,2021,06/14/2021 10:30 CDT,97313,29.51,64.51,1.22,7.73,507.06,102206.87
TWB14,Uvalde_2020_02,29.60214,-99.73007,436.7784,6/28/21,p,2021,06/14/2021 10:35 CDT,97309,29.43,64.24,1.07,7.73,516.25,102203.01
TWB14,Uvalde_2020_02,29.60214,-99.73007,436.7784,6/28/21,p,2021,06/14/2021 10:40 CDT,97309,29.42,61.98,1.05,7.73,528.47,102202.21
TWB14,Uvalde_2020_02,29.60214,-99.73007,436.7784,6/28/21,p,2021,06/14/2021 10:45 CDT,97317,29.48,62.52,1.27,7.73,542.36,102209.78
TWB14,Uvalde_2020_02,29.60214,-99.73007,436.7784,6/28/21,p,2021,06/14/2021 10:50 CDT,97319,29.68,60.22,0.775,7.73,543.8,102209.09
TWB14,Uvalde_2020_02,29.60214,-99.73007,436.7784,6/28/21,p,2021,06/14/2021 10:55 CDT,97314,30.13,60.05,0.515,7.73,552.98,102197.91
TWB14,Uvalde_2020_02,29.60214,-99.73007,436.7784,6/28/21,p,2021,06/14/2021 11:00 CDT,97306,30.42,60.93,0.54,7.73,377.29,102184.89
TWB14,Uvalde_2020_02,29.60214,-99.73007,436.7784,6/28/21,p,2021,06/14/2021 11:05 CDT,97318,30.58,53.92,0.85,7.73,580.57,102195.28
TWB14,Uvalde_2020_02,29.60214,-99.73007,436.7784,6/28/21,p,2021,06/14/2021 11:10 CDT,97325,30.67,54.7,1.005,7.73,598.05,102198.52
TWB14,Uvalde_2020_02,29.60214,-99.73007,436.7784,6/28/21,p,2021,06/14/2021 11:15 CDT,97328,30.75,53.31,2.08,7.73,621.76,102197.43
TWB14,Uvalde_2020_02,29.60214,-99.73007,436.7784,6/28/21,p,2021,06/14/2021 11:20 CDT,97327,30.71,56.31,1.405,7.73,624.69,102198.3
TWB14,Uvalde_2020_02,29.60214,-99.73007,436.7784,6/28/21,p,2021,06/14/2021 11:25 CDT,97325,31.06,54.79,1.86,7.73,637.53,102190.82
TWB14,Uvalde_2020_02,29.60214,-99.73007,436.7784,6/28/21,p,2021,06/14/2021 11:30 CDT,97323,31.24,55.33,1.705,7.73,647.04,102186.11
TWB14,Uvalde_2020_02,29.60214,-99.73007,436.7784,6/28/21,p,2021,06/14/2021 11:35 CDT,97323,30.94,54.99,1.77,7.73,350.08,102188.56
TWB14,Uvalde_2020_02,29.60214,-99.73007,436.7784,6/28/21,p,2021,06/14/2021 11:40 CDT,97319,31.05,53.81,1.81,7.73,677.7,102184.37
TWB14,Uvalde_2020_02,29.60214,-99.73007,436.7784,6/28/21,p,2021,06/14/2021 11:45 CDT,97320,31.45,51.29,1.965,7.73,680.82,102178.6
TWB14,Uvalde_2020_02,29.60214,-99.73007,436.7784,6/28/21,p,2021,06/14/2021 11:50 CDT,97321,31.52,48.76,1.915,7.73,705.35,102177.73
TWB14,Uvalde_2020_02,29.60214,-99.73007,436.7784,6/28/21,p,2021,06/14/2021 11:55 CDT,97321,31.77,45.23,1.825,7.73,715.35,102174.68
TWB14,Uvalde_2020_02,29.60214,-99.73007,436.7784,6/28/21,p,2021,06/14/2021 12:00 CDT,97321,31.74,49.84,1.5,7.73,683.48,102175.28
TWB14,Uvalde_2020_02,29.60214,-99.73007,436.7784,6/28/21,p,2021,06/14/2021 12:05 CDT,97321,31.77,49.54,1.21,7.73,387.43,102174.63
TWB14,Uvalde_2020_02,29.60214,-99.73007,436.7784,6/28/21,p,2021,06/14/2021 12:10 CDT,97321,31.84,49.73,1.355,7.73,669.07,102173.49
TWB14,Uvalde_2020_02,29.60214,-99.73007,436.7784,6/28/21,p,2021,06/14/2021 12:15 CDT,97319,31.63,53.94,2.445,7.73,342.83,102172.47
TWB14,Uvalde_2020_02,29.60214,-99.73007,436.7784,6/28/21,p,2021,06/14/2021 12:20 CDT,97318,31.72,48.28,1.91,7.73,758.34,102173.45
TWB14,Uvalde_2020_02,29.60214,-99.73007,436.7784,6/28/21,p,2021,06/14/2021 12:25 CDT,97317,32.3,47.31,1.72,7.73,720.11,102164.61
TWB14,Uvalde_2020_02,29.60214,-99.73007,436.7784,6/28/21,p,2021,06/14/2021 12:30 CDT,97317,32.09,48.62,2.23,7.73,753.26,102162.33
TWB14,Uvalde_2020_02,29.60214,-99.73007,436.7784,6/28/21,p,2021,06/14/2021 12:35 CDT,97317,32.11,47.74,2.435,7.73,804.47,102161.53
TWB14,Uvalde_2020_02,29.60214,-99.73007,436.7784,6/28/21,p,2021,06/14/2021 12:40 CDT,97313,32.13,48.08,1.735,7.73,418.51,102158.95
TWB14,Uvalde_2020_02,29.60214,-99.73007,436.7784,6/28/21,p,2021,06/14/2021 12:45 CDT,97311,31.67,46.09,1.995,7.73,238.07,102163.36
TWB14,Uvalde_2020_02,29.60214,-99.73007,436.7784,6/28/21,p,2021,06/14/2021 12:50 CDT,97300,31.55,48.92,2.18,7.73,363.87,102156.82
TWB14,Uvalde_2020_02,29.60214,-99.73007,436.7784,6/28/21,p,2021,06/14/2021 12:55 CDT,97291,31.59,48.68,2.465,7.73,274.22,102148.02
TWB14,Uvalde_2020_02,29.60214,-99.73007,436.7784,6/28/21,p,2021,06/14/2021 13:00 CDT,97283,31.75,44.78,1.485,7.73,632.1,102139.35
TWB14,Uvalde_2020_02,29.60214,-99.73007,436.7784,6/28/21,p,2021,06/14/2021 13:05 CDT,97267,32.41,41.88,0.93,7.73,767.23,102113
TWB14,Uvalde_2020_02,29.60214,-99.73007,436.7784,6/28/21,p,2021,06/14/2021 13:10 CDT,97256,32.84,41.98,1.545,7.73,760.45,102094.01
TWB14,Uvalde_2020_02,29.60214,-99.73007,436.7784,6/28/21,p,2021,06/14/2021 13:15 CDT,97247,33.07,43.09,1.305,7.73,790.96,102079.7
TWB14,Uvalde_2020_02,29.60214,-99.73007,436.7784,6/28/21,p,2021,06/14/2021 13:20 CDT,97243,33.06,41.78,1.745,7.73,789.91,102071.49
TWB14,Uvalde_2020_02,29.60214,-99.73007,436.7784,6/28/21,p,2021,06/14/2021 13:25 CDT,97231,32.87,42.69,1.09,7.73,771.26,102063.56
TWB14,Uvalde_2020_02,29.60214,-99.73007,436.7784,6/28/21,p,2021,06/14/2021 13:30 CDT,97219,33.29,42.79,1.46,7.73,763.8,102045.97
TWB14,Uvalde_2020_02,29.60214,-99.73007,436.7784,6/28/21,p,2021,06/14/2021 13:35 CDT,97221,33.58,44.34,1.27,7.73,798.26,102040.49
TWB14,Uvalde_2020_02,29.60214,-99.73007,436.7784,6/28/21,p,2021,06/14/2021 13:40 CDT,97219,33.47,42.66,1.69,7.73,570.52,102036.81
TWB14,Uvalde_2020_02,29.60214,-99.73007,436.7784,6/28/21,p,2021,06/14/2021 13:45 CDT,97204,32.98,42.25,1.58,7.73,419.91,102029.59
TWB14,Uvalde_2020_02,29.60214,-99.73007,436.7784,6/28/21,p,2021,06/14/2021 13:50 CDT,97199,32.69,43.63,0.78,7.73,157.95,102030.44
TWB14,Uvalde_2020_02,29.60214,-99.73007,436.7784,6/28/21,p,2021,06/14/2021 13:55 CDT,97192,32.55,45.65,0.86,7.73,325.36,102025.81
TWB14,Uvalde_2020_02,29.60214,-99.73007,436.7784,6/28/21,p,2021,06/14/2021 14:00 CDT,97181,32.92,41.44,1.4,7.73,657.72,102011.57
TWB14,Uvalde_2020_02,29.60214,-99.73007,436.7784,6/28/21,p,2021,06/14/2021 14:05 CDT,97170,33.3,41.41,1.195,7.73,754.85,101992.3
TWB14,Uvalde_2020_02,29.60214,-99.73007,436.7784,6/28/21,p,2021,06/14/2021 14:10 CDT,97161,33.45,44.33,2.155,7.73,766.39,101980.25
TWB14,Uvalde_2020_02,29.60214,-99.73007,436.7784,6/28/21,p,2021,06/14/2021 14:15 CDT,97158,33.63,42.08,1.38,7.73,753.18,101974.08
TWB14,Uvalde_2020_02,29.60214,-99.73007,436.7784,6/28/21,p,2021,06/14/2021 14:20 CDT,97149,33.46,41.51,1.29,7.73,370.48,101966.25
TWB14,Uvalde_2020_02,29.60214,-99.73007,436.7784,6/28/21,p,2021,06/14/2021 14:25 CDT,97139,33.52,42.25,1.14,7.73,765.13,101956.06
TWB14,Uvalde_2020_02,29.60214,-99.73007,436.7784,6/28/21,p,2021,06/14/2021 14:30 CDT,97133,33.69,41.13,1.185,7.73,227.34,101947.21
TWB14,Uvalde_2020_02,29.60214,-99.73007,436.7784,6/28/21,p,2021,06/14/2021 14:35 CDT,97137,33.01,45.07,2.865,7.73,163.05,101959.87
TWB14,Uvalde_2020_02,29.60214,-99.73007,436.7784,6/28/21,p,2021,06/14/2021 14:40 CDT,97133,32.72,43.66,2.7,7.73,581.66,101963.25
TWB14,Uvalde_2020_02,29.60214,-99.73007,436.7784,6/28/21,p,2021,06/14/2021 14:45 CDT,97122,33.31,40.66,2.17,7.73,477.59,101943.05
TWB14,Uvalde_2020_02,29.60214,-99.73007,436.7784,6/28/21,p,2021,06/14/2021 14:50 CDT,97120,32.96,42.01,2.21,7.73,155.81,101944.96
TWB14,Uvalde_2020_02,29.60214,-99.73007,436.7784,6/28/21,p,2021,06/14/2021 14:55 CDT,97118,32.83,46.15,1.7,7.73,315.45,101946.02
TWB14,Uvalde_2020_02,29.60214,-99.73007,436.7784,6/28/21,p,2021,06/14/2021 15:00 CDT,97115,33.17,47.86,1.575,7.73,740.31,101939.79
TWB14,Uvalde_2020_02,29.60214,-99.73007,436.7784,6/28/21,p,2021,06/14/2021 15:05 CDT,97104,33.57,42.45,2.3,7.73,731.8,101921.25
TWB14,Uvalde_2020_02,29.60214,-99.73007,436.7784,6/28/21,p,2021,06/14/2021 15:10 CDT,97093,33.66,39.42,2.49,7.73,731.6,101904.29
TWB14,Uvalde_2020_02,29.60214,-99.73007,436.7784,6/28/21,p,2021,06/14/2021 15:15 CDT,97085,34.02,40.53,1.58,7.73,519.2,101891.4
TWB14,Uvalde_2020_02,29.60214,-99.73007,436.7784,6/28/21,p,2021,06/14/2021 15:20 CDT,97086,33.85,39.12,2.855,7.73,510.13,101891.67
TWB14,Uvalde_2020_02,29.60214,-99.73007,436.7784,6/28/21,p,2021,06/14/2021 15:25 CDT,97078,33.75,39.28,2.24,7.565,737.12,101888.07
TWB14,Uvalde_2020_02,29.60214,-99.73007,436.7784,6/28/21,p,2021,06/14/2021 15:30 CDT,97063,34.53,38.04,0.99,7.565,691.7,101861.49
TWB14,Uvalde_2020_02,29.60214,-99.73007,436.7784,6/28/21,p,2021,06/14/2021 15:35 CDT,97056,34.9,38.88,1.63,7.565,456.36,101845.87
TWB14,Uvalde_2020_02,29.60214,-99.73007,436.7784,6/28/21,p,2021,06/14/2021 15:40 CDT,97049,34.06,40.7,1.67,7.565,283.34,101849.47
TWB14,Uvalde_2020_02,29.60214,-99.73007,436.7784,6/28/21,p,2021,06/14/2021 15:45 CDT,97039,34.03,40.09,1.905,7.565,327.29,101842.65
TWB14,Uvalde_2020_02,29.60214,-99.73007,436.7784,6/28/21,p,2021,06/14/2021 15:50 CDT,97032,33.6,42.55,2.065,7.565,445.15,101841.83
TWB14,Uvalde_2020_02,29.60214,-99.73007,436.7784,6/28/21,p,2021,06/14/2021 15:55 CDT,97017,33.99,40.8,1.99,7.565,662.92,101821.79
TWB14,Uvalde_2020_02,29.60214,-99.73007,436.7784,6/28/21,p,2021,06/14/2021 16:00 CDT,97012,34.3,38.85,3.115,7.65,495.43,101810.99
TWB14,Uvalde_2020_02,29.60214,-99.73007,436.7784,6/28/21,p,2021,06/14/2021 16:05 CDT,97009,33.98,39.12,2.745,7.65,375.01,101811.02
TWB14,Uvalde_2020_02,29.60214,-99.73007,436.7784,6/28/21,p,2021,06/14/2021 16:10 CDT,96998,34.1,40.6,1.685,7.65,599.86,101800.73
TWB14,Uvalde_2020_02,29.60214,-99.73007,436.7784,6/28/21,p,2021,06/14/2021 16:15 CDT,97006,34.48,41.2,2.85,7.65,639.5,101802.9
TWB14,Uvalde_2020_02,29.60214,-99.73007,436.7784,6/28/21,p,2021,06/14/2021 16:20 CDT,97006,34.2,41.17,2.565,7.65,,101804.66
TWB14,Uvalde_2020_02,29.60214,-99.73007,436.7784,6/28/21,p,2021,06/14/2021 16:25 CDT,97000,34.19,41.74,2.425,7.65,624.75,101797.71
TWB14,Uvalde_2020_02,29.60214,-99.73007,436.7784,6/28/21,p,2021,06/14/2021 16:30 CDT,96999,34.32,40.9,2.33,7.65,593.75,101795.56
TWB14,Uvalde_2020_02,29.60214,-99.73007,436.7784,6/28/21,p,2021,06/14/2021 16:35 CDT,97002,34.05,41.64,3.335,7.65,137.51,101802.2
TWB14,Uvalde_2020_02,29.60214,-99.73007,436.7784,6/28/21,p,2021,06/14/2021 16:40 CDT,96996,33.5,41.98,2.59,7.65,233.89,101806.13
TWB14,Uvalde_2020_02,29.60214,-99.73007,436.7784,6/28/21,p,2021,06/14/2021 16:45 CDT,96989,33.97,42.68,1.885,7.65,542.17,101795.89
TWB14,Uvalde_2020_02,29.60214,-99.73007,436.7784,6/28/21,p,2021,06/14/2021 16:50 CDT,96983,34.48,41.5,2.145,7.65,513.81,101780.51
TWB14,Uvalde_2020_02,29.60214,-99.73007,436.7784,6/28/21,p,2021,06/14/2021 16:55 CDT,96984,34.23,40.83,3.235,7.9,459.61,101781.25
TWB14,Uvalde_2020_02,29.60214,-99.73007,436.7784,6/28/21,p,2021,06/14/2021 17:00 CDT,96992,34.01,42.28,2.705,7.65,548.82,101792.82
TWB14,Uvalde_2020_02,29.60214,-99.73007,436.7784,6/28/21,p,2021,06/14/2021 17:05 CDT,96995,34,42.88,2.725,7.65,532.81,101797.55
TWB14,Uvalde_2020_02,29.60214,-99.73007,436.7784,6/28/21,p,2021,06/14/2021 17:10 CDT,96993,34.14,42.48,1.675,7.65,364.95,101794.66
TWB14,Uvalde_2020_02,29.60214,-99.73007,436.7784,6/28/21,p,2021,06/14/2021 17:15 CDT,96991,34.31,41.37,1.555,7.65,486.59,101790.19
TWB14,Uvalde_2020_02,29.60214,-99.73007,436.7784,6/28/21,p,2021,06/14/2021 17:20 CDT,96993,34.26,42.11,2.685,7.65,500.79,101790.52
TWB14,Uvalde_2020_02,29.60214,-99.73007,436.7784,6/28/21,p,2021,06/14/2021 17:25 CDT,96987,34.17,41.98,1.72,7.65,494.64,101785.02
TWB14,Uvalde_2020_02,29.60214,-99.73007,436.7784,6/28/21,p,2021,06/14/2021 17:30 CDT,96990,34.28,41.27,2.34,7.65,446.55,101786.91
TWB14,Uvalde_2020_02,29.60214,-99.73007,436.7784,6/28/21,p,2021,06/14/2021 17:35 CDT,96996,34.01,43.69,2.865,7.65,253.53,101795.56
TWB14,Uvalde_2020_02,29.60214,-99.73007,436.7784,6/28/21,p,2021,06/14/2021 17:40 CDT,96999,33.66,44.3,2.745,7.65,407.56,101806.53
TWB14,Uvalde_2020_02,29.60214,-99.73007,436.7784,6/28/21,p,2021,06/14/2021 17:45 CDT,97000,33.81,42.85,2.53,7.65,385.12,101806.32
TWB14,Uvalde_2020_02,29.60214,-99.73007,436.7784,6/28/21,p,2021,06/14/2021 17:50 CDT,96993,33.9,43.89,1.81,7.65,391.27,101798.32
TWB14,Uvalde_2020_02,29.60214,-99.73007,436.7784,6/28/21,p,2021,06/14/2021 17:55 CDT,96989,34,43.29,2.035,7.65,382.15,101791.25
TWB14,Uvalde_2020_02,29.60214,-99.73007,436.7784,6/28/21,p,2021,06/14/2021 18:00 CDT,96985,33.87,44.43,2.52,7.65,383.67,101788.79
TWB14,Uvalde_2020_02,29.60214,-99.73007,436.7784,6/28/21,p,2021,06/14/2021 18:05 CDT,96982,33.94,43.42,2.365,7.65,364.03,101785.82
TWB14,Uvalde_2020_02,29.60214,-99.73007,436.7784,6/28/21,p,2021,06/14/2021 18:10 CDT,96982,33.94,42.04,2.36,7.65,352.1,101786
TWB14,Uvalde_2020_02,29.60214,-99.73007,436.7784,6/28/21,p,2021,06/14/2021 18:15 CDT,96982,33.88,42.92,2.055,7.65,332.82,101787.74
TWB14,Uvalde_2020_02,29.60214,-99.73007,436.7784,6/28/21,p,2021,06/14/2021 18:20 CDT,96979,33.8,43.76,2.485,7.65,250.33,101784.58
TWB14,Uvalde_2020_02,29.60214,-99.73007,436.7784,6/28/21,p,2021,06/14/2021 18:25 CDT,96969,33.46,44.94,2.41,7.65,172.1,101779.03
TWB14,Uvalde_2020_02,29.60214,-99.73007,436.7784,6/28/21,p,2021,06/14/2021 18:30 CDT,96980,33.33,46.08,1.83,7.65,156.71,101793.77
TWB14,Uvalde_2020_02,29.60214,-99.73007,436.7784,6/28/21,p,2021,06/14/2021 18:35 CDT,96988,33.21,44.63,1.585,7.65,149.21,101803.95
TWB14,Uvalde_2020_02,29.60214,-99.73007,436.7784,6/28/21,p,2021,06/14/2021 18:40 CDT,96984,33.23,44.94,2.33,7.65,265.37,101800.39
TWB14,Uvalde_2020_02,29.60214,-99.73007,436.7784,6/28/21,p,2021,06/14/2021 18:45 CDT,96984,33.46,45.21,1.85,7.65,276.16,101798.3
TWB14,Uvalde_2020_02,29.60214,-99.73007,436.7784,6/28/21,p,2021,06/14/2021 18:50 CDT,96990,33.49,45.81,2.065,7.65,257.59,101802.99
TWB14,Uvalde_2020_02,29.60214,-99.73007,436.7784,6/28/21,p,2021,06/14/2021 18:55 CDT,96996,33.42,46.72,3.055,7.65,245.1,101809.11
TWB14,Uvalde_2020_02,29.60214,-99.73007,436.7784,6/28/21,p,2021,06/14/2021 19:00 CDT,96993,33.21,45.71,2.69,7.65,195.12,101809.03
TWB14,Uvalde_2020_02,29.60214,-99.73007,436.7784,6/28/21,p,2021,06/14/2021 19:05 CDT,96994,32.91,45.71,2.48,7.65,103.24,101814.74
TWB14,Uvalde_2020_02,29.60214,-99.73007,436.7784,6/28/21,p,2021,06/14/2021 19:10 CDT,96999,32.69,45.95,2.26,7.65,88.97,101824.33
TWB14,Uvalde_2020_02,29.60214,-99.73007,436.7784,6/28/21,p,2021,06/14/2021 19:15 CDT,97011,32.53,45.61,2.1,7.65,76.46,101840.16
TWB14,Uvalde_2020_02,29.60214,-99.73007,436.7784,6/28/21,p,2021,06/14/2021 19:20 CDT,97014,32.38,46.73,2.35,7.65,58.18,101845.88
TWB14,Uvalde_2020_02,29.60214,-99.73007,436.7784,6/28/21,p,2021,06/14/2021 19:25 CDT,97029,32.21,47.13,2.03,7.65,42.73,101864.69
TWB14,Uvalde_2020_02,29.60214,-99.73007,436.7784,6/28/21,p,2021,06/14/2021 19:30 CDT,97033,32.04,47.77,2.035,7.65,29.44,101872.29
TWB14,Uvalde_2020_02,29.60214,-99.73007,436.7784,6/28/21,p,2021,06/14/2021 19:35 CDT,97032,31.87,48.79,1.66,7.65,20.8,101873.98
TWB14,Uvalde_2020_02,29.60214,-99.73007,436.7784,6/28/21,p,2021,06/14/2021 19:40 CDT,97039,31.64,49.29,1.375,7.65,16.28,101884.9
TWB14,Uvalde_2020_02,29.60214,-99.73007,436.7784,6/28/21,p,2021,06/14/2021 19:45 CDT,97050,31.42,50.21,1.11,7.65,13.88,101900.5
TWB14,Uvalde_2020_02,29.60214,-99.73007,436.7784,6/28/21,p,2021,06/14/2021 19:50 CDT,97064,31.28,50.21,1.31,7.65,11.87,101918.13
TWB14,Uvalde_2020_02,29.60214,-99.73007,436.7784,6/28/21,p,2021,06/14/2021 19:55 CDT,97085,31.18,50.18,1.435,7.65,10.15,101942.14
TWB14,Uvalde_2020_02,29.60214,-99.73007,436.7784,6/28/21,p,2021,06/14/2021 20:00 CDT,97105,31.11,51.56,1.155,7.65,9.13,101964.43
TWB14,Uvalde_2020_02,29.60214,-99.73007,436.7784,6/28/21,p,2021,06/14/2021 20:05 CDT,97117,30.93,52.43,0.55,7.65,8.82,101979.96
TWB14,Uvalde_2020_02,29.60214,-99.73007,436.7784,6/28/21,p,2021,06/14/2021 20:10 CDT,97132,30.67,52.97,0.185,7.65,8.51,101999.64
TWB14,Uvalde_2020_02,29.60214,-99.73007,436.7784,6/28/21,p,2021,06/14/2021 20:15 CDT,97143,30.39,55.84,0.415,7.65,7.72,102016.24
TWB14,Uvalde_2020_02,29.60214,-99.73007,436.7784,6/28/21,p,2021,06/14/2021 20:20 CDT,97160,30.2,56.08,0.63,7.65,6.04,102039.02
TWB14,Uvalde_2020_02,29.60214,-99.73007,436.7784,6/28/21,p,2021,06/14/2021 20:25 CDT,97167,29.99,56.55,0.34,7.65,4.88,102050.81
TWB14,Uvalde_2020_02,29.60214,-99.73007,436.7784,6/28/21,p,2021,06/14/2021 20:30 CDT,97159,29.79,57.63,0.465,7.65,3.8,102046.53
TWB14,Uvalde_2020_02,29.60214,-99.73007,436.7784,6/28/21,p,2021,06/14/2021 20:35 CDT,97147,29.6,59.31,0.375,7.65,3.05,102037.7
TWB14,Uvalde_2020_02,29.60214,-99.73007,436.7784,6/28/21,p,2021,06/14/2021 20:40 CDT,97154,29.34,58.71,0.445,7.65,2.1,102048.37
TWB14,Uvalde_2020_02,29.60214,-99.73007,436.7784,6/28/21,p,2021,06/14/2021 20:45 CDT,97174,29.12,63.53,0.115,7.65,1.57,102071.65
TWB14,Uvalde_2020_02,29.60214,-99.73007,436.7784,6/28/21,p,2021,06/14/2021 20:50 CDT,97188,28.79,56.29,2.055,7.65,0.56,102092.41
TWB14,Uvalde_2020_02,29.60214,-99.73007,436.7784,6/28/21,p,2021,06/14/2021 20:55 CDT,97177,28.77,55.08,1.685,7.65,0,102079.87
TWB14,Uvalde_2020_02,29.60214,-99.73007,436.7784,6/28/21,p,2021,06/14/2021 21:00 CDT,97175,28.65,52.99,2.275,7.65,0,102078.95
TWB14,Uvalde_2020_02,29.60214,-99.73007,436.7784,6/28/21,p,2021,06/14/2021 21:05 CDT,97203,28.53,51.51,3.855,7.65,0,102109.71
TWB14,Uvalde_2020_02,29.60214,-99.73007,436.7784,6/28/21,p,2021,06/14/2021 21:10 CDT,97229,28.33,52.35,4.125,7.65,0.07,102139.51
TWB14,Uvalde_2020_02,29.60214,-99.73007,436.7784,6/28/21,p,2021,06/14/2021 21:15 CDT,97224,27.75,54.55,4.42,7.65,4.04,102140.9
TWB14,Uvalde_2020_02,29.60214,-99.73007,436.7784,6/28/21,p,2021,06/14/2021 21:20 CDT,97217,26.94,56.53,3.55,7.65,7.41,102146.75
TWB14,Uvalde_2020_02,29.60214,-99.73007,436.7784,6/28/21,p,2021,06/14/2021 21:25 CDT,97265,26.14,62.02,3.44,7.65,3.12,102209.09
TWB14,Uvalde_2020_02,29.60214,-99.73007,436.7784,6/28/21,p,2021,06/14/2021 21:30 CDT,97337,25.1,65.6,4.645,9.15,19.23,102304.04
TWB14,Uvalde_2020_02,29.60214,-99.73007,436.7784,6/28/21,p,2021,06/14/2021 21:35 CDT,97317,23.45,80.7,3.635,9.535,29.12,102306.15
TWB14,Uvalde_2020_02,29.60214,-99.73007,436.7784,6/28/21,p,2021,06/14/2021 21:40 CDT,97294,22.55,79.21,3.495,9.535,11.49,102304.75
TWB14,Uvalde_2020_02,29.60214,-99.73007,436.7784,6/28/21,p,2021,06/14/2021 21:45 CDT,97287,22.01,82.2,2.71,9.535,6.98,102304.65
TWB14,Uvalde_2020_02,29.60214,-99.73007,436.7784,6/28/21,p,2021,06/14/2021 21:50 CDT,97354,21.41,86,1.18,9.535,0.99,102385.36
TWB14,Uvalde_2020_02,29.60214,-99.73007,436.7784,6/28/21,p,2021,06/14/2021 21:55 CDT,97429,21.74,84.9,2.55,9.535,1.51,102464.07
TWB14,Uvalde_2020_02,29.60214,-99.73007,436.7784,6/28/21,p,2021,06/14/2021 22:00 CDT,97460,21.44,84.5,2.53,9.535,1.24,102498.95
TWB14,Uvalde_2020_02,29.60214,-99.73007,436.7784,6/28/21,p,2021,06/14/2021 22:05 CDT,97449,21.46,88.4,4.285,9.535,0.44,102488.58
TWB14,Uvalde_2020_02,29.60214,-99.73007,436.7784,6/28/21,p,2021,06/14/2021 22:10 CDT,97417,20.69,92.1,4.59,9.535,0.38,102465.6
TWB14,Uvalde_2020_02,29.60214,-99.73007,436.7784,6/28/21,p,2021,06/14/2021 22:15 CDT,97410,20.58,92,4.52,9.535,0.89,102462.98
TWB14,Uvalde_2020_02,29.60214,-99.73007,436.7784,6/28/21,p,2021,06/14/2021 22:20 CDT,97397,20.66,91.6,4.36,9.535,1.07,102448.96
TWB14,Uvalde_2020_02,29.60214,-99.73007,436.7784,6/28/21,p,2021,06/14/2021 22:25 CDT,97392,20.68,91.3,2.815,9.535,0.93,102443.17
TWB14,Uvalde_2020_02,29.60214,-99.73007,436.7784,6/28/21,p,2021,06/14/2021 22:30 CDT,97374,20.72,92,2.67,9.535,0.56,102423
TWB14,Uvalde_2020_02,29.60214,-99.73007,436.7784,6/28/21,p,2021,06/14/2021 22:35 CDT,97334,20.56,92.6,2.785,9.535,0.64,102382.51
TWB14,Uvalde_2020_02,29.60214,-99.73007,436.7784,6/28/21,p,2021,06/14/2021 22:40 CDT,97316,20.54,92.1,1.72,9.535,1.18,102364.81
TWB14,Uvalde_2020_02,29.60214,-99.73007,436.7784,6/28/21,p,2021,06/14/2021 22:45 CDT,97309,20.55,92.5,1.26,9.535,0.45,102356.56
TWB14,Uvalde_2020_02,29.60214,-99.73007,436.7784,6/28/21,p,2021,06/14/2021 22:50 CDT,97283,20.51,92.9,0.335,9.535,0.08,102329.21
TWB14,Uvalde_2020_02,29.60214,-99.73007,436.7784,6/28/21,p,2021,06/14/2021 22:55 CDT,97265,20.49,93.9,0.35,9.535,0.09,102310.27
TWB14,Uvalde_2020_02,29.60214,-99.73007,436.7784,6/28/21,p,2021,06/14/2021 23:00 CDT,97247,20.54,94.2,0.705,9.535,0,102290.46
TWB14,Uvalde_2020_02,29.60214,-99.73007,436.7784,6/28/21,p,2021,06/14/2021 23:05 CDT,97239,20.58,94.3,0.96,9.535,0,102281.52
TWB14,Uvalde_2020_02,29.60214,-99.73007,436.7784,6/28/21,p,2021,06/14/2021 23:10 CDT,97259,20.56,94.8,0.93,9.535,0.05,102302.55
TWB14,Uvalde_2020_02,29.60214,-99.73007,436.7784,6/28/21,p,2021,06/14/2021 23:15 CDT,97266,20.57,94.9,1.605,9.535,0.04,102310.97
TWB14,Uvalde_2020_02,29.60214,-99.73007,436.7784,6/28/21,p,2021,06/14/2021 23:20 CDT,97273,20.6,94,1.055,9.535,0.49,102318.51
TWB14,Uvalde_2020_02,29.60214,-99.73007,436.7784,6/28/21,p,2021,06/14/2021 23:25 CDT,97282,20.67,94,0.265,9.535,0.66,102328.33
TWB14,Uvalde_2020_02,29.60214,-99.73007,436.7784,6/28/21,p,2021,06/14/2021 23:30 CDT,97279,20.75,94.1,0.97,9.535,0.03,102324.47
TWB14,Uvalde_2020_02,29.60214,-99.73007,436.7784,6/28/21,p,2021,06/14/2021 23:35 CDT,97266,20.7,94.6,0.555,9.535,0,102310.62
TWB14,Uvalde_2020_02,29.60214,-99.73007,436.7784,6/28/21,p,2021,06/14/2021 23:40 CDT,97266,20.65,95.1,0.53,9.535,0,102309.91
TWB14,Uvalde_2020_02,29.60214,-99.73007,436.7784,6/28/21,p,2021,06/14/2021 23:45 CDT,97258,20.55,94.8,1.16,9.535,0.13,102302.02
TWB14,Uvalde_2020_02,29.60214,-99.73007,436.7784,6/28/21,p,2021,06/14/2021 23:50 CDT,97245,20.46,95.3,0.64,9.535,0.18,102290.63
TWB14,Uvalde_2020_02,29.60214,-99.73007,436.7784,6/28/21,p,2021,06/14/2021 23:55 CDT,97238,20.48,95,0.165,9.535,0.02,102282.74
TWB14,Uvalde_2020_02,29.60214,-99.73007,436.7784,6/28/21,p,2021,06/15/2021 00:00 CDT,97230,20.45,94.8,0.68,9.535,0.06,102275.21
TWB14,Uvalde_2020_02,29.60214,-99.73007,436.7784,6/28/21,p,2021,06/15/2021 00:05 CDT,97239,20.53,95,0.85,9.535,0,102284.85
TWB14,Uvalde_2020_02,29.60214,-99.73007,436.7784,6/28/21,p,2021,06/15/2021 00:10 CDT,97242,20.51,94.4,0.35,9.535,0.08,102287.66
TWB14,Uvalde_2020_02,29.60214,-99.73007,436.7784,6/28/21,p,2021,06/15/2021 00:15 CDT,97236,20.53,93.8,1.265,9.535,0.02,102282.05
TWB14,Uvalde_2020_02,29.60214,-99.73007,436.7784,6/28/21,p,2021,06/15/2021 00:20 CDT,97233,20.6,94.4,0.72,9.535,0,102278.89
TWB14,Uvalde_2020_02,29.60214,-99.73007,436.7784,6/28/21,p,2021,06/15/2021 00:25 CDT,97236,20.53,94.8,0.15,9.535,0,102281.69
TWB14,Uvalde_2020_02,29.60214,-99.73007,436.7784,6/28/21,p,2021,06/15/2021 00:30 CDT,97235,20.42,95.1,0.37,9.535,0,102281.17
TWB14,Uvalde_2020_02,29.60214,-99.73007,436.7784,6/28/21,p,2021,06/15/2021 00:35 CDT,97236,20.36,95,0.345,9.535,0,102283.45
TWB14,Uvalde_2020_02,29.60214,-99.73007,436.7784,6/28/21,p,2021,06/15/2021 00:40 CDT,97243,20.23,95.1,0.1,9.535,0.02,102292.75
TWB14,Uvalde_2020_02,29.60214,-99.73007,436.7784,6/28/21,p,2021,06/15/2021 00:45 CDT,97246,20.15,95.5,0.24,9.535,0.03,102297.14
TWB14,Uvalde_2020_02,29.60214,-99.73007,436.7784,6/28/21,p,2021,06/15/2021 00:50 CDT,97253,20.12,95.7,1.485,9.535,0,102304.68
TWB14,Uvalde_2020_02,29.60214,-99.73007,436.7784,6/28/21,p,2021,06/15/2021 00:55 CDT,97253,20.04,96.1,1.15,9.535,0,102306.26
TWB14,Uvalde_2020_02,29.60214,-99.73007,436.7784,6/28/21,p,2021,06/15/2021 01:00 CDT,97263,20.02,96.4,1.32,9.535,0,102317.66
TWB14,Uvalde_2020_02,29.60214,-99.73007,436.7784,6/28/21,p,2021,06/15/2021 01:05 CDT,97262,20.06,96.6,1.43,9.535,0,102316.08
TWB14,Uvalde_2020_02,29.60214,-99.73007,436.7784,6/28/21,p,2021,06/15/2021 01:10 CDT,97258,20.11,96.6,1.88,9.535,0,102310.99
TWB14,Uvalde_2020_02,29.60214,-99.73007,436.7784,6/28/21,p,2021,06/15/2021 01:15 CDT,97265,20.11,96.7,1.925,9.535,0,102318.17
TWB14,Uvalde_2020_02,29.60214,-99.73007,436.7784,6/28/21,p,2021,06/15/2021 01:20 CDT,97271,20.1,96.7,1.42,9.535,0,102324.49
TWB14,Uvalde_2020_02,29.60214,-99.73007,436.7784,6/28/21,p,2021,06/15/2021 01:25 CDT,97271,20.1,96.7,1.665,9.535,0,102324.49
TWB14,Uvalde_2020_02,29.60214,-99.73007,436.7784,6/28/21,p,2021,06/15/2021 01:30 CDT,97272,20.1,96.7,1.49,9.535,0,102325.54
TWB14,Uvalde_2020_02,29.60214,-99.73007,436.7784,6/28/21,p,2021,06/15/2021 01:35 CDT,97271,20.1,96.5,0.69,9.535,0,102324.49
TWB14,Uvalde_2020_02,29.60214,-99.73007,436.7784,6/28/21,p,2021,06/15/2021 01:40 CDT,97283,20.07,96.6,0.69,9.535,0,102337.46
TWB14,Uvalde_2020_02,29.60214,-99.73007,436.7784,6/28/21,p,2021,06/15/2021 01:45 CDT,97292,20.08,96.7,1.63,9.535,0,102347.11
TWB14,Uvalde_2020_02,29.60214,-99.73007,436.7784,6/28/21,p,2021,06/15/2021 01:50 CDT,97293,20.09,96.7,2.095,9.535,0,102347.98
TWB14,Uvalde_2020_02,29.60214,-99.73007,436.7784,6/28/21,p,2021,06/15/2021 01:55 CDT,97299,20.04,96.7,2.225,9.535,0,102355.18
TWB14,Uvalde_2020_02,29.60214,-99.73007,436.7784,6/28/21,p,2021,06/15/2021 02:00 CDT,97312,20.01,96.8,3.1,9.535,0,102369.56
TWB14,Uvalde_2020_02,29.60214,-99.73007,436.7784,6/28/21,p,2021,06/15/2021 02:05 CDT,97320,20.01,96.7,2.96,9.535,0,102378.33
TWB14,Uvalde_2020_02,29.60214,-99.73007,436.7784,6/28/21,p,2021,06/15/2021 02:10 CDT,97322,20,96.8,3.025,9.535,0,102380.43
TWB14,Uvalde_2020_02,29.60214,-99.73007,436.7784,6/28/21,p,2021,06/15/2021 02:15 CDT,97326,19.97,96.9,2.995,9.535,0,102384.99
TWB14,Uvalde_2020_02,29.60214,-99.73007,436.7784,6/28/21,p,2021,06/15/2021 02:20 CDT,97343,19.94,96.9,2.61,9.535,0,102403.4
TWB14,Uvalde_2020_02,29.60214,-99.73007,436.7784,6/28/21,p,2021,06/15/2021 02:25 CDT,97343,19.93,96.6,2.615,9.535,0.02,102403.76
TWB14,Uvalde_2020_02,29.60214,-99.73007,436.7784,6/28/21,p,2021,06/15/2021 02:30 CDT,97349,19.94,96.4,0.77,9.535,0.19,102410.25
TWB14,Uvalde_2020_02,29.60214,-99.73007,436.7784,6/28/21,p,2021,06/15/2021 02:35 CDT,97350,19.94,96.3,0.87,9.535,0.01,102411.3
TWB14,Uvalde_2020_02,29.60214,-99.73007,436.7784,6/28/21,p,2021,06/15/2021 02:40 CDT,97351,19.91,96.6,1.615,9.535,0,102412.71
TWB14,Uvalde_2020_02,29.60214,-99.73007,436.7784,6/28/21,p,2021,06/15/2021 02:45 CDT,97351,19.89,96.7,1.51,9.535,0,102413.06
TWB14,Uvalde_2020_02,29.60214,-99.73007,436.7784,6/28/21,p,2021,06/15/2021 02:50 CDT,97342,19.89,96.8,1.495,9.535,0,102403.59
TWB14,Uvalde_2020_02,29.60214,-99.73007,436.7784,6/28/21,p,2021,06/15/2021 02:55 CDT,97336,19.87,96.8,1.325,9.535,0,102397.28
TWB14,Uvalde_2020_02,29.60214,-99.73007,436.7784,6/28/21,p,2021,06/15/2021 03:00 CDT,97338,19.84,97,1.08,9.535,0,102399.73
TWB14,Uvalde_2020_02,29.60214,-99.73007,436.7784,6/28/21,p,2021,06/15/2021 03:05 CDT,97338,19.83,97,1.24,9.535,0,102399.73
TWB14,Uvalde_2020_02,29.60214,-99.73007,436.7784,6/28/21,p,2021,06/15/2021 03:10 CDT,97332,19.8,97,1.18,9.535,0,102394.13
TWB14,Uvalde_2020_02,29.60214,-99.73007,436.7784,6/28/21,p,2021,06/15/2021 03:15 CDT,97339,19.8,96.9,1.13,9.535,0,102401.67
TWB14,Uvalde_2020_02,29.60214,-99.73007,436.7784,6/28/21,p,2021,06/15/2021 03:20 CDT,97344,19.74,97.1,1.085,9.535,0,102408.17
TWB14,Uvalde_2020_02,29.60214,-99.73007,436.7784,6/28/21,p,2021,06/15/2021 03:25 CDT,97346,19.74,97.2,0.63,9.535,0,102410.45
TWB14,Uvalde_2020_02,29.60214,-99.73007,436.7784,6/28/21,p,2021,06/15/2021 03:30 CDT,97339,19.75,97.1,0.525,9.535,0,102402.91
TWB14,Uvalde_2020_02,29.60214,-99.73007,436.7784,6/28/21,p,2021,06/15/2021 03:35 CDT,97330,19.73,97,0.555,9.535,0,102393.62
TWB14,Uvalde_2020_02,29.60214,-99.73007,436.7784,6/28/21,p,2021,06/15/2021 03:40 CDT,97334,19.68,97.1,0.62,9.535,0,102398.53
TWB14,Uvalde_2020_02,29.60214,-99.73007,436.7784,6/28/21,p,2021,06/15/2021 03:45 CDT,97330,19.64,97.2,0.44,9.535,0,102395.21
TWB14,Uvalde_2020_02,29.60214,-99.73007,436.7784,6/28/21,p,2021,06/15/2021 03:50 CDT,97330,19.62,97.2,0.36,9.535,0.03,102395.56
TWB14,Uvalde_2020_02,29.60214,-99.73007,436.7784,6/28/21,p,2021,06/15/2021 03:55 CDT,97331,19.6,97.1,0.7,9.535,0,102396.97
TWB14,Uvalde_2020_02,29.60214,-99.73007,436.7784,6/28/21,p,2021,06/15/2021 04:00 CDT,97331,19.56,97.3,1.07,9.535,0,102397.68
TWB14,Uvalde_2020_02,29.60214,-99.73007,436.7784,6/28/21,p,2021,06/15/2021 04:05 CDT,97330,19.59,97.4,0.85,9.535,0,102396.27
TWB14,Uvalde_2020_02,29.60214,-99.73007,436.7784,6/28/21,p,2021,06/15/2021 04:10 CDT,97324,19.62,97.3,0.6,9.535,0,102389.6
TWB14,Uvalde_2020_02,29.60214,-99.73007,436.7784,6/28/21,p,2021,06/15/2021 04:15 CDT,97328,19.62,97.2,0.365,9.535,0,102393.81
TWB14,Uvalde_2020_02,29.60214,-99.73007,436.7784,6/28/21,p,2021,06/15/2021 04:20 CDT,97330,19.59,97.2,0.495,9.535,0,102396.09
TWB14,Uvalde_2020_02,29.60214,-99.73007,436.7784,6/28/21,p,2021,06/15/2021 04:25 CDT,97328,19.58,97.3,0.485,9.535,0,102394.7
TWB14,Uvalde_2020_02,29.60214,-99.73007,436.7784,6/28/21,p,2021,06/15/2021 04:30 CDT,97321,19.57,97.2,0.575,9.535,0,102387.16
TWB14,Uvalde_2020_02,29.60214,-99.73007,436.7784,6/28/21,p,2021,06/15/2021 04:35 CDT,97318,19.55,97.2,0.275,9.535,0.05,102384.35
TWB14,Uvalde_2020_02,29.60214,-99.73007,436.7784,6/28/21,p,2021,06/15/2021 04:40 CDT,97317,19.52,97.2,0,9.535,0.13,102383.66
TWB14,Uvalde_2020_02,29.60214,-99.73007,436.7784,6/28/21,p,2021,06/15/2021 04:45 CDT,97317,19.51,97.2,0.315,9.535,0.01,102384.19
TWB14,Uvalde_2020_02,29.60214,-99.73007,436.7784,6/28/21,p,2021,06/15/2021 04:50 CDT,97317,19.5,97.3,0.255,9.535,0,102384.72
TWB14,Uvalde_2020_02,29.60214,-99.73007,436.7784,6/28/21,p,2021,06/15/2021 04:55 CDT,97320,19.47,97.2,0.22,9.535,0,102388.23
TWB14,Uvalde_2020_02,29.60214,-99.73007,436.7784,6/28/21,p,2021,06/15/2021 05:00 CDT,97322,19.42,97.2,0.245,9.535,0,102391.58
TWB14,Uvalde_2020_02,29.60214,-99.73007,436.7784,6/28/21,p,2021,06/15/2021 05:05 CDT,97327,19.39,97.5,0.375,9.535,0,102397.37
TWB14,Uvalde_2020_02,29.60214,-99.73007,436.7784,6/28/21,p,2021,06/15/2021 05:10 CDT,97330,19.39,97.4,0.315,9.535,0,102399.81
TWB14,Uvalde_2020_02,29.60214,-99.73007,436.7784,6/28/21,p,2021,06/15/2021 05:15 CDT,97330,19.36,97.5,0.27,9.535,0,102400.34
TWB14,Uvalde_2020_02,29.60214,-99.73007,436.7784,6/28/21,p,2021,06/15/2021 05:20 CDT,97331,19.35,97.5,0.465,9.535,0,102401.57
TWB14,Uvalde_2020_02,29.60214,-99.73007,436.7784,6/28/21,p,2021,06/15/2021 05:25 CDT,97331,19.33,97.6,0.435,9.535,0,102401.75
TWB14,Uvalde_2020_02,29.60214,-99.73007,436.7784,6/28/21,p,2021,06/15/2021 05:30 CDT,97331,19.32,97.5,0.375,9.535,0,102401.75
TWB14,Uvalde_2020_02,29.60214,-99.73007,436.7784,6/28/21,p,2021,06/15/2021 05:35 CDT,97331,19.31,97.6,0.76,9.535,0,102401.75
TWB14,Uvalde_2020_02,29.60214,-99.73007,436.7784,6/28/21,p,2021,06/15/2021 05:40 CDT,97331,19.33,97.9,1.715,9.535,0,102401.75
TWB14,Uvalde_2020_02,29.60214,-99.73007,436.7784,6/28/21,p,2021,06/15/2021 05:45 CDT,97331,19.34,97.8,1.94,9.535,0,102401.75
TWB14,Uvalde_2020_02,29.60214,-99.73007,436.7784,6/28/21,p,2021,06/15/2021 05:50 CDT,97330,19.34,97.8,1.805,9.535,0,102400.52
TWB14,Uvalde_2020_02,29.60214,-99.73007,436.7784,6/28/21,p,2021,06/15/2021 05:55 CDT,97334,19.33,97.8,1.335,9.535,0,102404.91
TWB14,Uvalde_2020_02,29.60214,-99.73007,436.7784,6/28/21,p,2021,06/15/2021 06:00 CDT,97339,19.33,97.8,1.09,9.535,0,102410.17
TWB14,Uvalde_2020_02,29.60214,-99.73007,436.7784,6/28/21,p,2021,06/15/2021 06:05 CDT,97345,19.31,97.7,0.295,9.535,0.14,102416.48
TWB14,Uvalde_2020_02,29.60214,-99.73007,436.7784,6/28/21,p,2021,06/15/2021 06:10 CDT,97343,19.29,97.7,0.325,9.535,0,102414.38
TWB14,Uvalde_2020_02,29.60214,-99.73007,436.7784,6/28/21,p,2021,06/15/2021 06:15 CDT,97334,19.24,97.6,0.165,9.535,0.21,102405.79
TWB14,Uvalde_2020_02,29.60214,-99.73007,436.7784,6/28/21,p,2021,06/15/2021 06:20 CDT,97333,19.24,97.7,0.225,9.535,0.09,102405.45
TWB14,Uvalde_2020_02,29.60214,-99.73007,436.7784,6/28/21,p,2021,06/15/2021 06:25 CDT,97338,19.24,97.7,0.635,9.535,0,102410.71
TWB14,Uvalde_2020_02,29.60214,-99.73007,436.7784,6/28/21,p,2021,06/15/2021 06:30 CDT,97342,19.2,97.7,0.475,9.535,0.27,102415.63
TWB14,Uvalde_2020_02,29.60214,-99.73007,436.7784,6/28/21,p,2021,06/15/2021 06:35 CDT,97350,19.18,97.9,0.735,9.535,0.36,102424.4
TWB14,Uvalde_2020_02,29.60214,-99.73007,436.7784,6/28/21,p,2021,06/15/2021 06:40 CDT,97358,19.18,97.8,0.975,9.535,1.32,102432.64
TWB14,Uvalde_2020_02,29.60214,-99.73007,436.7784,6/28/21,p,2021,06/15/2021 06:45 CDT,97357,19.14,98,0.68,9.535,3.67,102432.3
TWB14,Uvalde_2020_02,29.60214,-99.73007,436.7784,6/28/21,p,2021,06/15/2021 06:50 CDT,97358,19.18,98,1.26,9.535,5.07,102433
TWB14,Uvalde_2020_02,29.60214,-99.73007,436.7784,6/28/21,p,2021,06/15/2021 06:55 CDT,97358,19.25,98,1.73,9.535,7.66,102431.58
TWB14,Uvalde_2020_02,29.60214,-99.73007,436.7784,6/28/21,p,2021,06/15/2021 07:00 CDT,97358,19.3,97.9,1.355,9.535,11.39,102430.51
TWB14,Uvalde_2020_02,29.60214,-99.73007,436.7784,6/28/21,p,2021,06/15/2021 07:05 CDT,97359,19.31,97.9,1.3,9.535,14.88,102431.21
TWB14,Uvalde_2020_02,29.60214,-99.73007,436.7784,6/28/21,p,2021,06/15/2021 07:10 CDT,97368,19.32,97.9,1.1,9.535,18.64,102440.68
TWB14,Uvalde_2020_02,29.60214,-99.73007,436.7784,6/28/21,p,2021,06/15/2021 07:15 CDT,97370,19.35,97.9,0.755,9.535,22.79,102442.78
TWB14,Uvalde_2020_02,29.60214,-99.73007,436.7784,6/28/21,p,2021,06/15/2021 07:20 CDT,97367,19.36,97.9,1.455,9.535,34.34,102439.62
TWB14,Uvalde_2020_02,29.60214,-99.73007,436.7784,6/28/21,p,2021,06/15/2021 07:25 CDT,97370,19.4,97.8,1.19,9.535,39.52,102442.07
TWB14,Uvalde_2020_02,29.60214,-99.73007,436.7784,6/28/21,p,2021,06/15/2021 07:30 CDT,97381,19.48,97.9,0.705,9.535,52.39,102452.58
TWB14,Uvalde_2020_02,29.60214,-99.73007,436.7784,6/28/21,p,2021,06/15/2021 07:35 CDT,97383,19.61,97.8,0.74,9.535,67.99,102452.56
TWB14,Uvalde_2020_02,29.60214,-99.73007,436.7784,6/28/21,p,2021,06/15/2021 07:40 CDT,97385,19.69,97.6,1.555,9.535,82.37,102453.07
TWB14,Uvalde_2020_02,29.60214,-99.73007,436.7784,6/28/21,p,2021,06/15/2021 07:45 CDT,97384,19.79,97.4,1.625,9.535,90.31,102450.25
TWB14,Uvalde_2020_02,29.60214,-99.73007,436.7784,6/28/21,p,2021,06/15/2021 07:50 CDT,97383,19.94,97.3,1.09,9.535,100.39,102446.72
TWB14,Uvalde_2020_02,29.60214,-99.73007,436.7784,6/28/21,p,2021,06/15/2021 07:55 CDT,97385,20.11,97.4,1.32,9.535,118.55,102445.46
TWB14,Uvalde_2020_02,29.60214,-99.73007,436.7784,6/28/21,p,2021,06/15/2021 08:00 CDT,97385,20.27,97.3,1.16,9.535,132.92,102442.82
TWB14,Uvalde_2020_02,29.60214,-99.73007,436.7784,6/28/21,p,2021,06/15/2021 08:05 CDT,97385,20.53,96.6,1.24,9.535,148.08,102438.42
TWB14,Uvalde_2020_02,29.60214,-99.73007,436.7784,6/28/21,p,2021,06/15/2021 08:10 CDT,97386,20.66,96.1,1.64,9.535,162.12,102437.18
TWB14,Uvalde_2020_02,29.60214,-99.73007,436.7784,6/28/21,p,2021,06/15/2021 08:15 CDT,97390,20.78,95.7,1.48,9.535,174.46,102439.11
TWB14,Uvalde_2020_02,29.60214,-99.73007,436.7784,6/28/21,p,2021,06/15/2021 08:20 CDT,97399,21.03,95.6,1.195,9.535,183.95,102444.53
TWB14,Uvalde_2020_02,29.60214,-99.73007,436.7784,6/28/21,p,2021,06/15/2021 08:25 CDT,97405,21.21,95,1.3,9.535,195.69,102447.86
TWB14,Uvalde_2020_02,29.60214,-99.73007,436.7784,6/28/21,p,2021,06/15/2021 08:30 CDT,97406,21.41,94.1,1.505,9.535,203.59,102445.77
TWB14,Uvalde_2020_02,29.60214,-99.73007,436.7784,6/28/21,p,2021,06/15/2021 08:35 CDT,97406,21.59,93.7,1.6,9.535,212.11,102442.1
TWB14,Uvalde_2020_02,29.60214,-99.73007,436.7784,6/28/21,p,2021,06/15/2021 08:40 CDT,97411,21.73,92.5,1.865,9.535,228.43,102443.34
TWB14,Uvalde_2020_02,29.60214,-99.73007,436.7784,6/28/21,p,2021,06/15/2021 08:45 CDT,97419,21.91,91,1.955,9.535,243.67,102448.63
TWB14,Uvalde_2020_02,29.60214,-99.73007,436.7784,6/28/21,p,2021,06/15/2021 08:50 CDT,97419,22.07,90.9,1.89,9.535,258.12,102445.84
TWB14,Uvalde_2020_02,29.60214,-99.73007,436.7784,6/28/21,p,2021,06/15/2021 08:55 CDT,97416,22.36,90,1.42,9.535,270.83,102438.34
TWB14,Uvalde_2020_02,29.60214,-99.73007,436.7784,6/28/21,p,2021,06/15/2021 09:00 CDT,97415,22.49,89.6,1.975,9.535,286.83,102433.29
TWB14,Uvalde_2020_02,29.60214,-99.73007,436.7784,6/28/21,p,2021,06/15/2021 09:05 CDT,97414,22.8,88.8,1.47,9.535,292.69,102427.39
TWB14,Uvalde_2020_02,29.60214,-99.73007,436.7784,6/28/21,p,2021,06/15/2021 09:10 CDT,97416,23.11,87,1.595,9.535,305.22,102423.62
TWB14,Uvalde_2020_02,29.60214,-99.73007,436.7784,6/28/21,p,2021,06/15/2021 09:15 CDT,97423,23.29,86.5,1.555,9.535,321.28,102428.05
TWB14,Uvalde_2020_02,29.60214,-99.73007,436.7784,6/28/21,p,2021,06/15/2021 09:20 CDT,97426,23.55,87.4,1.87,9.535,336.78,102426.02
TWB14,Uvalde_2020_02,29.60214,-99.73007,436.7784,6/28/21,p,2021,06/15/2021 09:25 CDT,97428,23.71,85.2,2.02,9.535,345.37,102423.66
TWB14,Uvalde_2020_02,29.60214,-99.73007,436.7784,6/28/21,p,2021,06/15/2021 09:30 CDT,97430,24.12,86.5,1.135,9.535,342.86,102419.91
TWB14,Uvalde_2020_02,29.60214,-99.73007,436.7784,6/28/21,p,2021,06/15/2021 09:35 CDT,97428,24.62,80.7,1.74,9.535,359.5,102410.48
TWB14,Uvalde_2020_02,29.60214,-99.73007,436.7784,6/28/21,p,2021,06/15/2021 09:40 CDT,97425,24.61,81.2,2.085,9.535,385.28,102404.93
TWB14,Uvalde_2020_02,29.60214,-99.73007,436.7784,6/28/21,p,2021,06/15/2021 09:45 CDT,97428,24.93,80.5,1.46,9.535,395.03,102403.99
TWB14,Uvalde_2020_02,29.60214,-99.73007,436.7784,6/28/21,p,2021,06/15/2021 09:50 CDT,97433,25.34,76.21,1.685,9.535,405.27,102401.95
TWB14,Uvalde_2020_02,29.60214,-99.73007,436.7784,6/28/21,p,2021,06/15/2021 09:55 CDT,97439,25.39,77.19,2.03,9.535,394.79,102406.21
TWB14,Uvalde_2020_02,29.60214,-99.73007,436.7784,6/28/21,p,2021,06/15/2021 10:00 CDT,97439,25.53,80.9,1.885,9.535,387.07,102404.65
TWB14,Uvalde_2020_02,29.60214,-99.73007,436.7784,6/28/21,p,2021,06/15/2021 10:05 CDT,97436,26.02,76.03,1.42,9.535,411.9,102394.91
TWB14,Uvalde_2020_02,29.60214,-99.73007,436.7784,6/28/21,p,2021,06/15/2021 10:10 CDT,97435,26.31,75.49,1.44,9.535,459.71,102387.94
TWB14,Uvalde_2020_02,29.60214,-99.73007,436.7784,6/28/21,p,2021,06/15/2021 10:15 CDT,97436,26.6,74.65,1.455,9.535,466.13,102382.75
TWB14,Uvalde_2020_02,29.60214,-99.73007,436.7784,6/28/21,p,2021,06/15/2021 10:20 CDT,97433,26.93,76.7,0.87,9.535,466.5,102375.37
TWB14,Uvalde_2020_02,29.60214,-99.73007,436.7784,6/28/21,p,2021,06/15/2021 10:25 CDT,97430,27.48,73.39,1.105,9.535,478.93,102363.5
TWB14,Uvalde_2020_02,29.60214,-99.73007,436.7784,6/28/21,p,2021,06/15/2021 10:30 CDT,97428,27.58,69.99,1.165,9.535,495.96,102357.24
TWB14,Uvalde_2020_02,29.60214,-99.73007,436.7784,6/28/21,p,2021,06/15/2021 10:35 CDT,97421,27.72,70.69,0.945,9.535,504.69,102347.87
TWB14,Uvalde_2020_02,29.60214,-99.73007,436.7784,6/28/21,p,2021,06/15/2021 10:40 CDT,97413,28.05,68.91,0.835,9.535,513.2,102335.14
TWB14,Uvalde_2020_02,29.60214,-99.73007,436.7784,6/28/21,p,2021,06/15/2021 10:45 CDT,97406,28.31,69.64,1.015,9.535,527.71,102323.27
TWB14,Uvalde_2020_02,29.60214,-99.73007,436.7784,6/28/21,p,2021,06/15/2021 10:50 CDT,97402,28.58,67.92,1.13,9.535,537.3,102314.59
TWB14,Uvalde_2020_02,29.60214,-99.73007,436.7784,6/28/21,p,2021,06/15/2021 10:55 CDT,97408,28.9,67.01,1.035,9.535,539.86,102316.24
TWB14,Uvalde_2020_02,29.60214,-99.73007,436.7784,6/28/21,p,2021,06/15/2021 11:00 CDT,97404,29.3,65.92,0.815,9.535,548.04,102306.08
TWB14,Uvalde_2020_02,29.60214,-99.73007,436.7784,6/28/21,p,2021,06/15/2021 11:05 CDT,97398,29.71,65.42,0.825,9.535,557.37,102294.15
TWB14,Uvalde_2020_02,29.60214,-99.73007,436.7784,6/28/21,p,2021,06/15/2021 11:10 CDT,97403,29.97,59.99,1.67,9.535,587.36,102292.53
TWB14,Uvalde_2020_02,29.60214,-99.73007,436.7784,6/28/21,p,2021,06/15/2021 11:15 CDT,97403,30.1,55.07,1.495,9.535,601.04,102288.96
TWB14,Uvalde_2020_02,29.60214,-99.73007,436.7784,6/28/21,p,2021,06/15/2021 11:20 CDT,97402,30,57.66,2.355,9.535,623.36,102288.21
TWB14,Uvalde_2020_02,29.60214,-99.73007,436.7784,6/28/21,p,2021,06/15/2021 11:25 CDT,97398,30.06,60.73,1.775,9.535,635.17,102283.98
TWB14,Uvalde_2020_02,29.60214,-99.73007,436.7784,6/28/21,p,2021,06/15/2021 11:30 CDT,97395,30.33,55.98,1.915,9.535,655.73,102276.77
TWB14,Uvalde_2020_02,29.60214,-99.73007,436.7784,6/28/21,p,2021,06/15/2021 11:35 CDT,97396,30.37,54.33,1.32,9.535,554.98,102277.02
TWB14,Uvalde_2020_02,29.60214,-99.73007,436.7784,6/28/21,p,2021,06/15/2021 11:40 CDT,97395,30.56,55.94,1.445,9.535,513.89,102273.32
TWB14,Uvalde_2020_02,29.60214,-99.73007,436.7784,6/28/21,p,2021,06/15/2021 11:45 CDT,97396,30.83,52.81,1.195,9.535,718.57,102269.82
TWB14,Uvalde_2020_02,29.60214,-99.73007,436.7784,6/28/21,p,2021,06/15/2021 11:50 CDT,97388,30.83,54.25,1.505,9.535,322.88,102259.43
TWB14,Uvalde_2020_02,29.60214,-99.73007,436.7784,6/28/21,p,2021,06/15/2021 11:55 CDT,97384,30.62,56.78,1.74,9.535,743.53,102257.82
TWB14,Uvalde_2020_02,29.60214,-99.73007,436.7784,6/28/21,p,2021,06/15/2021 12:00 CDT,97381,30.85,49.87,1.555,9.535,662.71,102252.63
TWB14,Uvalde_2020_02,29.60214,-99.73007,436.7784,6/28/21,p,2021,06/15/2021 12:05 CDT,97381,30.87,53.81,2.05,9.535,537.35,102251.76
TWB14,Uvalde_2020_02,29.60214,-99.73007,436.7784,6/28/21,p,2021,06/15/2021 12:10 CDT,97384,30.98,56,0.975,9.535,744.18,102253.41
TWB14,Uvalde_2020_02,29.60214,-99.73007,436.7784,6/28/21,p,2021,06/15/2021 12:15 CDT,97384,31.27,55.12,1.44,9.535,622.96,102248.36
TWB14,Uvalde_2020_02,29.60214,-99.73007,436.7784,6/28/21,p,2021,06/15/2021 12:20 CDT,97381,31.47,52.23,0.915,9.535,631.57,102244.1
TWB14,Uvalde_2020_02,29.60214,-99.73007,436.7784,6/28/21,p,2021,06/15/2021 12:25 CDT,97379,31.43,52.3,1.59,9.535,300.6,102240.54
TWB14,Uvalde_2020_02,29.60214,-99.73007,436.7784,6/28/21,p,2021,06/15/2021 12:30 CDT,97378,31.19,53.44,1.79,9.535,662.14,102243.39
TWB14,Uvalde_2020_02,29.60214,-99.73007,436.7784,6/28/21,p,2021,06/15/2021 12:35 CDT,97378,31.16,52.84,2.12,9.535,346.31,102244.86
TWB14,Uvalde_2020_02,29.60214,-99.73007,436.7784,6/28/21,p,2021,06/15/2021 12:40 CDT,97377,31.08,51.29,2.19,9.535,682.19,102246.45
TWB14,Uvalde_2020_02,29.60214,-99.73007,436.7784,6/28/21,p,2021,06/15/2021 12:45 CDT,97376,31.03,52.29,2.28,9.535,305.58,102244.08
TWB14,Uvalde_2020_02,29.60214,-99.73007,436.7784,6/28/21,p,2021,06/15/2021 12:50 CDT,97375,30.95,58.69,1.755,9.535,649.5,102246.22
TWB14,Uvalde_2020_02,29.60214,-99.73007,436.7784,6/28/21,p,2021,06/15/2021 12:55 CDT,97375,31.35,51.66,1.485,9.535,274.08,102240.42
TWB14,Uvalde_2020_02,29.60214,-99.73007,436.7784,6/28/21,p,2021,06/15/2021 13:00 CDT,97366,31.02,54.72,1.43,9.535,362.87,102235.67
TWB14,Uvalde_2020_02,29.60214,-99.73007,436.7784,6/28/21,p,2021,06/15/2021 13:05 CDT,97362,31.34,53.51,1.35,9.535,783.56,102227.4
TWB14,Uvalde_2020_02,29.60214,-99.73007,436.7784,6/28/21,p,2021,06/15/2021 13:10 CDT,97362,31.87,51.08,1.17,9.535,632.39,102219.77
TWB14,Uvalde_2020_02,29.60214,-99.73007,436.7784,6/28/21,p,2021,06/15/2021 13:15 CDT,97354,31.85,50.44,1.61,9.535,688.7,102208.61
TWB14,Uvalde_2020_02,29.60214,-99.73007,436.7784,6/28/21,p,2021,06/15/2021 13:20 CDT,97348,31.68,53.58,1.74,9.535,254.66,102205.04
TWB14,Uvalde_2020_02,29.60214,-99.73007,436.7784,6/28/21,p,2021,06/15/2021 13:25 CDT,97345,31.51,48.02,1.315,9.535,686.94,102205.54
TWB14,Uvalde_2020_02,29.60214,-99.73007,436.7784,6/28/21,p,2021,06/15/2021 13:30 CDT,97334,31.97,47.65,1.13,9.535,700.86,102187.81
TWB14,Uvalde_2020_02,29.60214,-99.73007,436.7784,6/28/21,p,2021,06/15/2021 13:35 CDT,97334,32.25,49.33,0.525,9.535,290.72,102183.89
TWB14,Uvalde_2020_02,29.60214,-99.73007,436.7784,6/28/21,p,2021,06/15/2021 13:40 CDT,97329,32.31,46.37,0.885,9.535,535.42,102177.55
TWB14,Uvalde_2020_02,29.60214,-99.73007,436.7784,6/28/21,p,2021,06/15/2021 13:45 CDT,97322,32.78,44.89,1.235,9.535,733.06,102164.39
TWB14,Uvalde_2020_02,29.60214,-99.73007,436.7784,6/28/21,p,2021,06/15/2021 13:50 CDT,97320,33.06,47.11,1.59,9.535,776.66,102156.6
TWB14,Uvalde_2020_02,29.60214,-99.73007,436.7784,6/28/21,p,2021,06/15/2021 13:55 CDT,97302,33.33,40.14,1.61,9.535,775.89,102133.12
TWB14,Uvalde_2020_02,29.60214,-99.73007,436.7784,6/28/21,p,2021,06/15/2021 14:00 CDT,97298,33.28,41.99,2.135,9.535,771.69,102128.26
TWB14,Uvalde_2020_02,29.60214,-99.73007,436.7784,6/28/21,p,2021,06/15/2021 14:05 CDT,97295,33.29,39.63,2.27,9.535,786.51,102124.5
TWB14,Uvalde_2020_02,29.60214,-99.73007,436.7784,6/28/21,p,2021,06/15/2021 14:10 CDT,97281,33.12,38.49,1.785,9.535,789.29,102111.91
TWB14,Uvalde_2020_02,29.60214,-99.73007,436.7784,6/28/21,p,2021,06/15/2021 14:15 CDT,97273,33.26,46.06,2.295,9.535,801.77,102102.6
TWB14,Uvalde_2020_02,29.60214,-99.73007,436.7784,6/28/21,p,2021,06/15/2021 14:20 CDT,97271,33.4,50.43,2.305,9.535,398.52,102096.91
TWB14,Uvalde_2020_02,29.60214,-99.73007,436.7784,6/28/21,p,2021,06/15/2021 14:25 CDT,97268,32.81,40.64,1.785,9.535,232.09,102102.59
TWB14,Uvalde_2020_02,29.60214,-99.73007,436.7784,6/28/21,p,2021,06/15/2021 14:30 CDT,97263,32.61,44.14,1.505,9.535,127.93,102102.14
TWB14,Uvalde_2020_02,29.60214,-99.73007,436.7784,6/28/21,p,2021,06/15/2021 14:35 CDT,97284,31.8,54.4,2.8,9.535,133.93,102133.45
TWB14,Uvalde_2020_02,29.60214,-99.73007,436.7784,6/28/21,p,2021,06/15/2021 14:40 CDT,97284,29.86,57.36,3.45,8.785,147.39,102163.47
TWB14,Uvalde_2020_02,29.60214,-99.73007,436.7784,6/28/21,p,2021,06/15/2021 14:45 CDT,97264,29.18,60.43,3.295,8.785,153.76,102157.27
TWB14,Uvalde_2020_02,29.60214,-99.73007,436.7784,6/28/21,p,2021,06/15/2021 14:50 CDT,97256,28.97,60.67,2.725,8.785,573.51,102154.33
TWB14,Uvalde_2020_02,29.60214,-99.73007,436.7784,6/28/21,p,2021,06/15/2021 14:55 CDT,97241,29.51,61.07,2.765,8.785,783.57,102130.47
TWB14,Uvalde_2020_02,29.60214,-99.73007,436.7784,6/28/21,p,2021,06/15/2021 15:00 CDT,97237,30.45,54.95,1.885,8.785,682.63,102114.14
TWB14,Uvalde_2020_02,29.60214,-99.73007,436.7784,6/28/21,p,2021,06/15/2021 15:05 CDT,97227,31.45,46.17,1.53,8.785,734.98,102087.7
TWB14,Uvalde_2020_02,29.60214,-99.73007,436.7784,6/28/21,p,2021,06/15/2021 15:10 CDT,97215,32.21,49.13,1.405,8.785,314.26,102061.4
TWB14,Uvalde_2020_02,29.60214,-99.73007,436.7784,6/28/21,p,2021,06/15/2021 15:15 CDT,97224,31.91,51.29,1.395,8.785,128.78,102071.63
TWB14,Uvalde_2020_02,29.60214,-99.73007,436.7784,6/28/21,p,2021,06/15/2021 15:20 CDT,97241,31.3,57.55,1.46,8.785,120.46,102098.35
TWB14,Uvalde_2020_02,29.60214,-99.73007,436.7784,6/28/21,p,2021,06/15/2021 15:25 CDT,97238,30.88,59.7,1.525,8.785,110.69,102102.68
TWB14,Uvalde_2020_02,29.60214,-99.73007,436.7784,6/28/21,p,2021,06/15/2021 15:30 CDT,97260,30.53,60.85,2.29,8.785,101.54,102131.99
TWB14,Uvalde_2020_02,29.60214,-99.73007,436.7784,6/28/21,p,2021,06/15/2021 15:35 CDT,97294,29.27,64.92,5.12,9.535,103.47,102184.77
TWB14,Uvalde_2020_02,29.60214,-99.73007,436.7784,6/28/21,p,2021,06/15/2021 15:40 CDT,97302,27.21,71.35,4.77,9.135,98.14,102228.37
TWB14,Uvalde_2020_02,29.60214,-99.73007,436.7784,6/28/21,p,2021,06/15/2021 15:45 CDT,97299,25.97,74.68,4.355,9.135,75.39,102248.75
TWB14,Uvalde_2020_02,29.60214,-99.73007,436.7784,6/28/21,p,2021,06/15/2021 15:50 CDT,97289,24.52,82,4.11,9.135,69.85,102261.8
TWB14,Uvalde_2020_02,29.60214,-99.73007,436.7784,6/28/21,p,2021,06/15/2021 15:55 CDT,97268,23.57,86.7,3.17,9.135,65.77,102257.33
TWB14,Uvalde_2020_02,29.60214,-99.73007,436.7784,6/28/21,p,2021,06/15/2021 16:00 CDT,97255,23.33,88.7,2.52,9.135,75.39,102250.02
TWB14,Uvalde_2020_02,29.60214,-99.73007,436.7784,6/28/21,p,2021,06/15/2021 16:05 CDT,97253,23.34,88.2,1.19,9.135,89.67,102247.75
TWB14,Uvalde_2020_02,29.60214,-99.73007,436.7784,6/28/21,p,2021,06/15/2021 16:10 CDT,97252,23.51,88.5,1.945,9.135,120.92,102245.66
TWB14,Uvalde_2020_02,29.60214,-99.73007,436.7784,6/28/21,p,2021,06/15/2021 16:15 CDT,97238,23.84,87.7,1.825,9.135,152.92,102227.16
TWB14,Uvalde_2020_02,29.60214,-99.73007,436.7784,6/28/21,p,2021,06/15/2021 16:20 CDT,97231,24.21,88,1.86,9.135,376.26,102213.62
TWB14,Uvalde_2020_02,29.60214,-99.73007,436.7784,6/28/21,p,2021,06/15/2021 16:25 CDT,97235,25.09,85.1,2.13,9.135,639.38,102204.5
TWB14,Uvalde_2020_02,29.60214,-99.73007,436.7784,6/28/21,p,2021,06/15/2021 16:30 CDT,97235,26.09,74.5,3.07,9.135,662.15,102185.05
TWB14,Uvalde_2020_02,29.60214,-99.73007,436.7784,6/28/21,p,2021,06/15/2021 16:35 CDT,97226,26.54,75.71,2.88,9.135,644.16,102165.45
TWB14,Uvalde_2020_02,29.60214,-99.73007,436.7784,6/28/21,p,2021,06/15/2021 16:40 CDT,97217,27.25,73.08,1.865,9.135,627.85,102144.75
TWB14,Uvalde_2020_02,29.60214,-99.73007,436.7784,6/28/21,p,2021,06/15/2021 16:45 CDT,97213,27.97,74.5,1.72,9.135,548.01,102127.48
TWB14,Uvalde_2020_02,29.60214,-99.73007,436.7784,6/28/21,p,2021,06/15/2021 16:50 CDT,97205,28.41,74.6,1.8,9.135,507.46,102110.91
TWB14,Uvalde_2020_02,29.60214,-99.73007,436.7784,6/28/21,p,2021,06/15/2021 16:55 CDT,97196,28.72,68.77,2.265,9.135,512.31,102095.7
TWB14,Uvalde_2020_02,29.60214,-99.73007,436.7784,6/28/21,p,2021,06/15/2021 17:00 CDT,97181,28.91,69.37,2.42,9.135,513.79,102075.46
TWB14,Uvalde_2020_02,29.60214,-99.73007,436.7784,6/28/21,p,2021,06/15/2021 17:05 CDT,97175,28.76,70.75,2.77,9.135,495.24,102070.14
TWB14,Uvalde_2020_02,29.60214,-99.73007,436.7784,6/28/21,p,2021,06/15/2021 17:10 CDT,97167,28.88,71.25,2.47,9.135,478.59,102060.73
TWB14,Uvalde_2020_02,29.60214,-99.73007,436.7784,6/28/21,p,2021,06/15/2021 17:15 CDT,97165,29.02,68.99,2.38,9.135,464.24,102056.17
TWB14,Uvalde_2020_02,29.60214,-99.73007,436.7784,6/28/21,p,2021,06/15/2021 17:20 CDT,97160,29.23,63.97,2.32,9.135,453.04,102048.33
TWB14,Uvalde_2020_02,29.60214,-99.73007,436.7784,6/28/21,p,2021,06/15/2021 17:25 CDT,97158,29.31,64.1,2.46,9.135,445.02,102044.25
TWB14,Uvalde_2020_02,29.60214,-99.73007,436.7784,6/28/21,p,2021,06/15/2021 17:30 CDT,97151,29.42,66.46,2.54,9.135,429.1,102035.55
TWB14,Uvalde_2020_02,29.60214,-99.73007,436.7784,6/28/21,p,2021,06/15/2021 17:35 CDT,97156,29.47,66.99,2.385,9.135,418.3,102039.64
TWB14,Uvalde_2020_02,29.60214,-99.73007,436.7784,6/28/21,p,2021,06/15/2021 17:40 CDT,97156,29.74,63.28,1.845,9.135,389.2,102036.39
TWB14,Uvalde_2020_02,29.60214,-99.73007,436.7784,6/28/21,p,2021,06/15/2021 17:45 CDT,97152,30.16,62.27,0.745,9.135,350.89,102026.28
TWB14,Uvalde_2020_02,29.60214,-99.73007,436.7784,6/28/21,p,2021,06/15/2021 17:50 CDT,97151,30.68,58.84,1.03,9.135,368.43,102017.23
TWB14,Uvalde_2020_02,29.60214,-99.73007,436.7784,6/28/21,p,2021,06/15/2021 17:55 CDT,97142,30.72,59.31,1.17,9.135,356.18,102005.15
TWB14,Uvalde_2020_02,29.60214,-99.73007,436.7784,6/28/21,p,2021,06/15/2021 18:00 CDT,97141,31.02,57.63,1.255,9.135,347.52,101999.87
TWB14,Uvalde_2020_02,29.60214,-99.73007,436.7784,6/28/21,p,2021,06/15/2021 18:05 CDT,97140,31.03,57.86,1.625,9.135,339.98,101997.68
TWB14,Uvalde_2020_02,29.60214,-99.73007,436.7784,6/28/21,p,2021,06/15/2021 18:10 CDT,97126,31.16,56.38,1.465,9.135,325.88,101981.69
TWB14,Uvalde_2020_02,29.60214,-99.73007,436.7784,6/28/21,p,2021,06/15/2021 18:15 CDT,97111,31.24,50.68,1.405,9.135,314.43,101964.87
TWB14,Uvalde_2020_02,29.60214,-99.73007,436.7784,6/28/21,p,2021,06/15/2021 18:20 CDT,97109,31.43,52.64,1.655,9.135,302.49,101959.98
TWB14,Uvalde_2020_02,29.60214,-99.73007,436.7784,6/28/21,p,2021,06/15/2021 18:25 CDT,97105,31.52,55.56,1.52,9.135,289.64,101953.79
TWB14,Uvalde_2020_02,29.60214,-99.73007,436.7784,6/28/21,p,2021,06/15/2021 18:30 CDT,97094,31.62,55.56,1.335,9.135,271.78,101940.78
TWB14,Uvalde_2020_02,29.60214,-99.73007,436.7784,6/28/21,p,2021,06/15/2021 18:35 CDT,97083,31.76,52.16,1.13,9.135,260.68,101927.81
TWB14,Uvalde_2020_02,29.60214,-99.73007,436.7784,6/28/21,p,2021,06/15/2021 18:40 CDT,97078,31.8,54.35,1.23,9.135,246.97,101921.88
TWB14,Uvalde_2020_02,29.60214,-99.73007,436.7784,6/28/21,p,2021,06/15/2021 18:45 CDT,97080,31.83,55.23,1.315,9.135,238.23,101923.48
TWB14,Uvalde_2020_02,29.60214,-99.73007,436.7784,6/28/21,p,2021,06/15/2021 18:50 CDT,97081,31.89,53.71,1.29,9.135,230,101923.9
TWB14,Uvalde_2020_02,29.60214,-99.73007,436.7784,6/28/21,p,2021,06/15/2021 18:55 CDT,97081,32.07,57.31,0.54,9.135,214.92,101922.4
TWB14,Uvalde_2020_02,29.60214,-99.73007,436.7784,6/28/21,p,2021,06/15/2021 19:00 CDT,97080,32.34,54.59,0.9,9.135,205.9,101916.68
TWB14,Uvalde_2020_02,29.60214,-99.73007,436.7784,6/28/21,p,2021,06/15/2021 19:05 CDT,97077,32.44,50.38,1.27,9.135,182.75,101911.49
TWB14,Uvalde_2020_02,29.60214,-99.73007,436.7784,6/28/21,p,2021,06/15/2021 19:10 CDT,97076,32.37,49,1.725,9.135,173.2,101910.62
TWB14,Uvalde_2020_02,29.60214,-99.73007,436.7784,6/28/21,p,2021,06/15/2021 19:15 CDT,97081,32.29,49.07,1.79,9.135,160.04,101917.48
TWB14,Uvalde_2020_02,29.60214,-99.73007,436.7784,6/28/21,p,2021,06/15/2021 19:20 CDT,97086,32.24,51.76,1.2,9.135,142.65,101924.31
TWB14,Uvalde_2020_02,29.60214,-99.73007,436.7784,6/28/21,p,2021,06/15/2021 19:25 CDT,97090,32.23,52.09,0.775,9.135,126.88,101929
TWB14,Uvalde_2020_02,29.60214,-99.73007,436.7784,6/28/21,p,2021,06/15/2021 19:30 CDT,97091,32.16,52.6,1.1,9.135,114.92,101931.01
TWB14,Uvalde_2020_02,29.60214,-99.73007,436.7784,6/28/21,p,2021,06/15/2021 19:35 CDT,97096,32.02,51.72,0.96,9.135,97.01,101937.41
TWB14,Uvalde_2020_02,29.60214,-99.73007,436.7784,6/28/21,p,2021,06/15/2021 19:40 CDT,97100,31.82,55.06,0.825,9.135,47.15,101943.19
TWB14,Uvalde_2020_02,29.60214,-99.73007,436.7784,6/28/21,p,2021,06/15/2021 19:45 CDT,97100,31.35,59.4,0.8,9.135,32.09,101950.93
TWB14,Uvalde_2020_02,29.60214,-99.73007,436.7784,6/28/21,p,2021,06/15/2021 19:50 CDT,97095,30.84,60.51,0.57,9.135,21.15,101954.64
TWB14,Uvalde_2020_02,29.60214,-99.73007,436.7784,6/28/21,p,2021,06/15/2021 19:55 CDT,97093,30.37,59.77,1.245,9.135,20.81,101963.36
TWB14,Uvalde_2020_02,29.60214,-99.73007,436.7784,6/28/21,p,2021,06/15/2021 20:00 CDT,97097,30.1,61.22,1.205,9.135,22.02,101972.64
TWB14,Uvalde_2020_02,29.60214,-99.73007,436.7784,6/28/21,p,2021,06/15/2021 20:05 CDT,97107,29.86,57.89,1.395,9.135,23.95,101989.43
TWB14,Uvalde_2020_02,29.60214,-99.73007,436.7784,6/28/21,p,2021,06/15/2021 20:10 CDT,97115,29.84,58.83,1.045,9.135,14.22,101998.81
TWB14,Uvalde_2020_02,29.60214,-99.73007,436.7784,6/28/21,p,2021,06/15/2021 20:15 CDT,97128,29.73,60.12,0.755,9.135,12.32,102014.6
TWB14,Uvalde_2020_02,29.60214,-99.73007,436.7784,6/28/21,p,2021,06/15/2021 20:20 CDT,97138,29.48,63.55,0.185,9.135,9.18,102028.54
TWB14,Uvalde_2020_02,29.60214,-99.73007,436.7784,6/28/21,p,2021,06/15/2021 20:25 CDT,97140,29.12,64.36,0.37,9.135,8.24,102035.93
TWB14,Uvalde_2020_02,29.60214,-99.73007,436.7784,6/28/21,p,2021,06/15/2021 20:30 CDT,97140,29,61.46,1.17,9.135,5.09,102041.27
TWB14,Uvalde_2020_02,29.60214,-99.73007,436.7784,6/28/21,p,2021,06/15/2021 20:35 CDT,97142,29.1,61,1.075,9.135,3.23,102043.54
TWB14,Uvalde_2020_02,29.60214,-99.73007,436.7784,6/28/21,p,2021,06/15/2021 20:40 CDT,97154,29.01,60.7,1.125,9.135,2.08,102057.81
TWB14,Uvalde_2020_02,29.60214,-99.73007,436.7784,6/28/21,p,2021,06/15/2021 20:45 CDT,97149,29.03,61.88,1.155,9.135,1.02,102052.71
TWB14,Uvalde_2020_02,29.60214,-99.73007,436.7784,6/28/21,p,2021,06/15/2021 20:50 CDT,97146,28.91,60.3,1.115,9.135,0.39,102051.24
TWB14,Uvalde_2020_02,29.60214,-99.73007,436.7784,6/28/21,p,2021,06/15/2021 20:55 CDT,97148,28.92,61.99,0.925,9.135,0.21,102052.32
TWB14,Uvalde_2020_02,29.60214,-99.73007,436.7784,6/28/21,p,2021,06/15/2021 21:00 CDT,97156,28.81,64.24,0.96,9.135,0.57,102063.03
TWB14,Uvalde_2020_02,29.60214,-99.73007,436.7784,6/28/21,p,2021,06/15/2021 21:05 CDT,97169,28.64,60.81,1.315,9.135,0.35,102081.72
TWB14,Uvalde_2020_02,29.60214,-99.73007,436.7784,6/28/21,p,2021,06/15/2021 21:10 CDT,97186,28.76,61.39,1.195,9.135,0,102096.74
TWB14,Uvalde_2020_02,29.60214,-99.73007,436.7784,6/28/21,p,2021,06/15/2021 21:15 CDT,97204,28.52,63.18,1.23,9.135,0.19,102115.63
TWB14,Uvalde_2020_02,29.60214,-99.73007,436.7784,6/28/21,p,2021,06/15/2021 21:20 CDT,97212,28.23,65.07,1.22,9.135,0.38,102128.36
TWB14,Uvalde_2020_02,29.60214,-99.73007,436.7784,6/28/21,p,2021,06/15/2021 21:25 CDT,97214,28.24,68.1,0.9,9.135,0.69,102133.94
TWB14,Uvalde_2020_02,29.60214,-99.73007,436.7784,6/28/21,p,2021,06/15/2021 21:30 CDT,97219,27.82,73.49,0.49,9.135,1.69,102146.51
TWB14,Uvalde_2020_02,29.60214,-99.73007,436.7784,6/28/21,p,2021,06/15/2021 21:35 CDT,97219,26.98,76.96,0.215,9.135,1.75,102156.06
TWB14,Uvalde_2020_02,29.60214,-99.73007,436.7784,6/28/21,p,2021,06/15/2021 21:40 CDT,97223,26.31,78.27,0.105,9.135,1.73,102169.7
TWB14,Uvalde_2020_02,29.60214,-99.73007,436.7784,6/28/21,p,2021,06/15/2021 21:45 CDT,97228,25.9,80.2,0.35,9.135,1.49,102181.37
TWB14,Uvalde_2020_02,29.60214,-99.73007,436.7784,6/28/21,p,2021,06/15/2021 21:50 CDT,97233,25.64,81.8,0.68,9.135,1.23,102194.25
TWB14,Uvalde_2020_02,29.60214,-99.73007,436.7784,6/28/21,p,2021,06/15/2021 21:55 CDT,97241,25.67,83.1,0.615,9.135,0.74,102206.39
TWB14,Uvalde_2020_02,29.60214,-99.73007,436.7784,6/28/21,p,2021,06/15/2021 22:00 CDT,97246,26.12,67.5,1.82,9.135,0.06,102211.27
TWB14,Uvalde_2020_02,29.60214,-99.73007,436.7784,6/28/21,p,2021,06/15/2021 22:05 CDT,97259,27.4,61.74,1.89,9.135,0,102201.6
TWB14,Uvalde_2020_02,29.60214,-99.73007,436.7784,6/28/21,p,2021,06/15/2021 22:10 CDT,97272,27.74,61.2,2.59,9.135,0,102201.98
TWB14,Uvalde_2020_02,29.60214,-99.73007,436.7784,6/28/21,p,2021,06/15/2021 22:15 CDT,97279,27.58,62.11,2.195,9.135,0,102207.31
TWB14,Uvalde_2020_02,29.60214,-99.73007,436.7784,6/28/21,p,2021,06/15/2021 22:20 CDT,97277,27.4,62.32,2.225,9.135,0,102206.55
TWB14,Uvalde_2020_02,29.60214,-99.73007,436.7784,6/28/21,p,2021,06/15/2021 22:25 CDT,97282,27.27,62.79,1.92,9.135,0.06,102213.65
TWB14,Uvalde_2020_02,29.60214,-99.73007,436.7784,6/28/21,p,2021,06/15/2021 22:30 CDT,97293,27.06,63.66,1.6,9.135,0.15,102228.05
TWB14,Uvalde_2020_02,29.60214,-99.73007,436.7784,6/28/21,p,2021,06/15/2021 22:35 CDT,97298,26.85,63.9,1.345,9.135,0.36,102236.5
TWB14,Uvalde_2020_02,29.60214,-99.73007,436.7784,6/28/21,p,2021,06/15/2021 22:40 CDT,97299,26.67,64.81,0.87,9.135,0.65,102239.73
TWB14,Uvalde_2020_02,29.60214,-99.73007,436.7784,6/28/21,p,2021,06/15/2021 22:45 CDT,97304,26.48,66.5,0.58,9.135,0.72,102248.68
TWB14,Uvalde_2020_02,29.60214,-99.73007,436.7784,6/28/21,p,2021,06/15/2021 22:50 CDT,97314,26.29,68.25,0.435,9.135,0.9,102263.39
TWB14,Uvalde_2020_02,29.60214,-99.73007,436.7784,6/28/21,p,2021,06/15/2021 22:55 CDT,97320,26.03,70.74,0.155,9.135,1.1,102273.74
TWB14,Uvalde_2020_02,29.60214,-99.73007,436.7784,6/28/21,p,2021,06/15/2021 23:00 CDT,97332,25.65,72.66,0.48,9.135,1.1,102292.6
TWB14,Uvalde_2020_02,29.60214,-99.73007,436.7784,6/28/21,p,2021,06/15/2021 23:05 CDT,97344,25.71,73.95,0.62,9.135,0.88,102310.98
TWB14,Uvalde_2020_02,29.60214,-99.73007,436.7784,6/28/21,p,2021,06/15/2021 23:10 CDT,97354,25.49,75.87,0.385,9.135,0.8,102325.57
TWB14,Uvalde_2020_02,29.60214,-99.73007,436.7784,6/28/21,p,2021,06/15/2021 23:15 CDT,97359,25.14,76.17,0.27,9.135,0.63,102335.09
TWB14,Uvalde_2020_02,29.60214,-99.73007,436.7784,6/28/21,p,2021,06/15/2021 23:20 CDT,97360,24.98,77.02,0.065,9.135,0.61,102338.69
TWB14,Uvalde_2020_02,29.60214,-99.73007,436.7784,6/28/21,p,2021,06/15/2021 23:25 CDT,97360,24.89,77.89,0,9.135,0.7,102342.11
TWB14,Uvalde_2020_02,29.60214,-99.73007,436.7784,6/28/21,p,2021,06/15/2021 23:30 CDT,97361,24.61,81.4,0.19,9.135,0.55,102346.9
TWB14,Uvalde_2020_02,29.60214,-99.73007,436.7784,6/28/21,p,2021,06/15/2021 23:35 CDT,97360,24.22,80.7,0.84,9.135,0.14,102349.98
TWB14,Uvalde_2020_02,29.60214,-99.73007,436.7784,6/28/21,p,2021,06/15/2021 23:40 CDT,97358,24.35,81.5,0.645,9.135,0.02,102349.07
TWB14,Uvalde_2020_02,29.60214,-99.73007,436.7784,6/28/21,p,2021,06/15/2021 23:45 CDT,97357,24.21,82.2,0.1,9.135,0.24,102348.87
TWB14,Uvalde_2020_02,29.60214,-99.73007,436.7784,6/28/21,p,2021,06/15/2021 23:50 CDT,97360,24.19,82.8,0.465,9.135,0,102353.57
TWB14,Uvalde_2020_02,29.60214,-99.73007,436.7784,6/28/21,p,2021,06/15/2021 23:55 CDT,97361,24.26,80.7,0.665,9.135,0,102355.32
TWB14,Uvalde_2020_02,29.60214,-99.73007,436.7784,6/28/21,p,2021,06/16/2021 00:00 CDT,97362,24.4,79.45,0.78,9.135,0,102353.98
TWB14,Uvalde_2020_02,29.60214,-99.73007,436.7784,6/28/21,p,2021,06/16/2021 00:05 CDT,97365,24.47,81.6,0.395,9.135,0,102355.91
TWB14,Uvalde_2020_02,29.60214,-99.73007,436.7784,6/28/21,p,2021,06/16/2021 00:10 CDT,97367,24.33,82,0.165,9.135,0.01,102358.35
TWB14,Uvalde_2020_02,29.60214,-99.73007,436.7784,6/28/21,p,2021,06/16/2021 00:15 CDT,97374,24.02,82.6,0.155,9.135,0.21,102367.94
TWB14,Uvalde_2020_02,29.60214,-99.73007,436.7784,6/28/21,p,2021,06/16/2021 00:20 CDT,97380,23.84,83.7,0.03,9.135,0.42,102375.62
TWB14,Uvalde_2020_02,29.60214,-99.73007,436.7784,6/28/21,p,2021,06/16/2021 00:25 CDT,97382,23.66,84.5,0.345,9.135,0.41,102380.3
TWB14,Uvalde_2020_02,29.60214,-99.73007,436.7784,6/28/21,p,2021,06/16/2021 00:30 CDT,97388,23.49,85.1,0.065,9.135,0.66,102389.53
TWB14,Uvalde_2020_02,29.60214,-99.73007,436.7784,6/28/21,p,2021,06/16/2021 00:35 CDT,97393,23.34,86,0.13,9.135,0.53,102397.72
TWB14,Uvalde_2020_02,29.60214,-99.73007,436.7784,6/28/21,p,2021,06/16/2021 00:40 CDT,97388,23.29,86.9,0.35,9.135,0.45,102394.36
TWB14,Uvalde_2020_02,29.60214,-99.73007,436.7784,6/28/21,p,2021,06/16/2021 00:45 CDT,97386,23.27,87.9,0.37,9.135,0.01,102395.36
TWB14,Uvalde_2020_02,29.60214,-99.73007,436.7784,6/28/21,p,2021,06/16/2021 00:50 CDT,97391,23.06,88.2,0.3,9.135,0.15,102403.9
TWB14,Uvalde_2020_02,29.60214,-99.73007,436.7784,6/28/21,p,2021,06/16/2021 00:55 CDT,97391,22.9,88.8,0.34,9.135,0.04,102405.98
TWB14,Uvalde_2020_02,29.60214,-99.73007,436.7784,6/28/21,p,2021,06/16/2021 01:00 CDT,97384,22.85,89,0.26,9.135,0.25,102398.79
TWB14,Uvalde_2020_02,29.60214,-99.73007,436.7784,6/28/21,p,2021,06/16/2021 01:05 CDT,97379,22.77,89.6,0.16,9.135,0.02,102394.74
TWB14,Uvalde_2020_02,29.60214,-99.73007,436.7784,6/28/21,p,2021,06/16/2021 01:10 CDT,97377,22.67,89.9,0.32,9.135,0.07,102394.2
TWB14,Uvalde_2020_02,29.60214,-99.73007,436.7784,6/28/21,p,2021,06/16/2021 01:15 CDT,97382,22.44,90.5,0.12,9.135,0.32,102402.06
TWB14,Uvalde_2020_02,29.60214,-99.73007,436.7784,6/28/21,p,2021,06/16/2021 01:20 CDT,97386,22.37,90.6,0.03,9.135,0.83,102407.83
TWB14,Uvalde_2020_02,29.60214,-99.73007,436.7784,6/28/21,p,2021,06/16/2021 01:25 CDT,97385,22.32,91,0.015,9.135,0.45,102408.34
TWB14,Uvalde_2020_02,29.60214,-99.73007,436.7784,6/28/21,p,2021,06/16/2021 01:30 CDT,97380,22.19,91.5,0.13,9.135,0,102405.17
TWB14,Uvalde_2020_02,29.60214,-99.73007,436.7784,6/28/21,p,2021,06/16/2021 01:35 CDT,97378,22.09,92,0.195,9.135,0,102405.85
TWB14,Uvalde_2020_02,29.60214,-99.73007,436.7784,6/28/21,p,2021,06/16/2021 01:40 CDT,97376,22.06,92.6,0.255,9.135,0.01,102404.44
TWB14,Uvalde_2020_02,29.60214,-99.73007,436.7784,6/28/21,p,2021,06/16/2021 01:45 CDT,97373,22.07,92.8,0.455,9.135,0,102400.94
TWB14,Uvalde_2020_02,29.60214,-99.73007,436.7784,6/28/21,p,2021,06/16/2021 01:50 CDT,97372,22.1,92.1,1.09,9.135,0,102399.19
TWB14,Uvalde_2020_02,29.60214,-99.73007,436.7784,6/28/21,p,2021,06/16/2021 01:55 CDT,97373,22.03,92.2,0.745,9.135,0,102400.77
TWB14,Uvalde_2020_02,29.60214,-99.73007,436.7784,6/28/21,p,2021,06/16/2021 02:00 CDT,97372,22.02,92.2,0.37,9.135,0,102399.54
TWB14,Uvalde_2020_02,29.60214,-99.73007,436.7784,6/28/21,p,2021,06/16/2021 02:05 CDT,97372,21.96,92.2,0.305,9.135,0.01,102399.89
TWB14,Uvalde_2020_02,29.60214,-99.73007,436.7784,6/28/21,p,2021,06/16/2021 02:10 CDT,97372,21.92,92.2,0.235,9.135,0.06,102400.24
TWB14,Uvalde_2020_02,29.60214,-99.73007,436.7784,6/28/21,p,2021,06/16/2021 02:15 CDT,97372,21.9,92.4,0.745,9.135,0.02,102400.24
TWB14,Uvalde_2020_02,29.60214,-99.73007,436.7784,6/28/21,p,2021,06/16/2021 02:20 CDT,97375,21.88,92.5,0.64,9.135,0,102403.91
TWB14,Uvalde_2020_02,29.60214,-99.73007,436.7784,6/28/21,p,2021,06/16/2021 02:25 CDT,97374,21.88,92.3,0.345,9.135,0,102403.04
TWB14,Uvalde_2020_02,29.60214,-99.73007,436.7784,6/28/21,p,2021,06/16/2021 02:30 CDT,97380,21.85,92.2,0.025,9.135,0.21,102409.35
TWB14,Uvalde_2020_02,29.60214,-99.73007,436.7784,6/28/21,p,2021,06/16/2021 02:35 CDT,97376,21.81,92.5,0.36,9.135,0,102406.01
TWB14,Uvalde_2020_02,29.60214,-99.73007,436.7784,6/28/21,p,2021,06/16/2021 02:40 CDT,97375,21.73,93,0.325,9.135,0,102406.53
TWB14,Uvalde_2020_02,29.60214,-99.73007,436.7784,6/28/21,p,2021,06/16/2021 02:45 CDT,97369,21.65,93.6,0.69,9.135,0,102401.61
TWB14,Uvalde_2020_02,29.60214,-99.73007,436.7784,6/28/21,p,2021,06/16/2021 02:50 CDT,97360,21.58,93.8,0.395,9.135,0.03,102393.37
TWB14,Uvalde_2020_02,29.60214,-99.73007,436.7784,6/28/21,p,2021,06/16/2021 02:55 CDT,97351,21.56,93.8,0.145,9.135,0.05,102383.73
TWB14,Uvalde_2020_02,29.60214,-99.73007,436.7784,6/28/21,p,2021,06/16/2021 03:00 CDT,97352,21.62,93.6,0.35,9.135,0,102384.78
TWB14,Uvalde_2020_02,29.60214,-99.73007,436.7784,6/28/21,p,2021,06/16/2021 03:05 CDT,97363,21.66,93.6,0.215,9.135,0,102396.52
TWB14,Uvalde_2020_02,29.60214,-99.73007,436.7784,6/28/21,p,2021,06/16/2021 03:10 CDT,97373,21.63,93.7,0.155,9.135,0.17,102407.91
TWB14,Uvalde_2020_02,29.60214,-99.73007,436.7784,6/28/21,p,2021,06/16/2021 03:15 CDT,97366,21.58,94,0.23,9.135,0.02,102400.9
TWB14,Uvalde_2020_02,29.60214,-99.73007,436.7784,6/28/21,p,2021,06/16/2021 03:20 CDT,97365,21.56,94.2,0.265,9.135,0,102400.55
TWB14,Uvalde_2020_02,29.60214,-99.73007,436.7784,6/28/21,p,2021,06/16/2021 03:25 CDT,97374,21.49,94.3,0.41,9.135,0,102410.71
TWB14,Uvalde_2020_02,29.60214,-99.73007,436.7784,6/28/21,p,2021,06/16/2021 03:30 CDT,97373,21.39,94.4,0.415,9.135,0.01,102410.53
TWB14,Uvalde_2020_02,29.60214,-99.73007,436.7784,6/28/21,p,2021,06/16/2021 03:35 CDT,97366,21.34,94.5,0.38,9.135,0.02,102404.22
TWB14,Uvalde_2020_02,29.60214,-99.73007,436.7784,6/28/21,p,2021,06/16/2021 03:40 CDT,97369,21.53,93.8,1.065,9.135,0.01,102407.38
TWB14,Uvalde_2020_02,29.60214,-99.73007,436.7784,6/28/21,p,2021,06/16/2021 03:45 CDT,97370,22.48,88.1,1.915,9.135,0,102400.26
TWB14,Uvalde_2020_02,29.60214,-99.73007,436.7784,6/28/21,p,2021,06/16/2021 03:50 CDT,97358,23.21,83.6,1.68,9.135,0,102373.23
TWB14,Uvalde_2020_02,29.60214,-99.73007,436.7784,6/28/21,p,2021,06/16/2021 03:55 CDT,97354,23.45,82.8,1.725,9.135,0,102360.71
TWB14,Uvalde_2020_02,29.60214,-99.73007,436.7784,6/28/21,p,2021,06/16/2021 04:00 CDT,97352,23.43,82.9,1.27,9.135,0,102356.54
TWB14,Uvalde_2020_02,29.60214,-99.73007,436.7784,6/28/21,p,2021,06/16/2021 04:05 CDT,97352,23.37,83.4,1.25,9.135,0,102356.19
TWB14,Uvalde_2020_02,29.60214,-99.73007,436.7784,6/28/21,p,2021,06/16/2021 04:10 CDT,97351,23.29,83.7,1.395,9.135,0,102357.03
TWB14,Uvalde_2020_02,29.60214,-99.73007,436.7784,6/28/21,p,2021,06/16/2021 04:15 CDT,97346,23.16,84.5,0.935,9.135,0,102353.15
TWB14,Uvalde_2020_02,29.60214,-99.73007,436.7784,6/28/21,p,2021,06/16/2021 04:20 CDT,97351,22.98,85.4,0.915,9.135,0,102360.31
TWB14,Uvalde_2020_02,29.60214,-99.73007,436.7784,6/28/21,p,2021,06/16/2021 04:25 CDT,97351,22.75,86.4,0.58,9.135,0.04,102364.46
TWB14,Uvalde_2020_02,29.60214,-99.73007,436.7784,6/28/21,p,2021,06/16/2021 04:30 CDT,97349,22.58,86.9,0.265,9.135,0.49,102365.3
TWB14,Uvalde_2020_02,29.60214,-99.73007,436.7784,6/28/21,p,2021,06/16/2021 04:35 CDT,97355,22.57,87.5,0.41,9.135,0.54,102373.86
TWB14,Uvalde_2020_02,29.60214,-99.73007,436.7784,6/28/21,p,2021,06/16/2021 04:40 CDT,97372,22.42,88.6,0.18,9.135,0.61,102395.38
TWB14,Uvalde_2020_02,29.60214,-99.73007,436.7784,6/28/21,p,2021,06/16/2021 04:45 CDT,97378,22.23,89.7,0.72,9.135,0,102405
TWB14,Uvalde_2020_02,29.60214,-99.73007,436.7784,6/28/21,p,2021,06/16/2021 04:50 CDT,97378,22.43,88,0.995,9.135,0,102403.96
TWB14,Uvalde_2020_02,29.60214,-99.73007,436.7784,6/28/21,p,2021,06/16/2021 04:55 CDT,97379,22.53,87.9,0.46,9.135,0,102401.88
TWB14,Uvalde_2020_02,29.60214,-99.73007,436.7784,6/28/21,p,2021,06/16/2021 05:00 CDT,97374,22.42,89.1,0.355,9.135,0,102396.27
TWB14,Uvalde_2020_02,29.60214,-99.73007,436.7784,6/28/21,p,2021,06/16/2021 05:05 CDT,97369,22.29,89.2,0.06,9.135,0,102391.88
TWB14,Uvalde_2020_02,29.60214,-99.73007,436.7784,6/28/21,p,2021,06/16/2021 05:10 CDT,97362,22.26,90,0,9.135,0,102384.68
TWB14,Uvalde_2020_02,29.60214,-99.73007,436.7784,6/28/21,p,2021,06/16/2021 05:15 CDT,97362,22.16,90.4,0.365,9.135,0.12,102385.03
TWB14,Uvalde_2020_02,29.60214,-99.73007,436.7784,6/28/21,p,2021,06/16/2021 05:20 CDT,97352,22.02,91.1,0.69,9.135,0.53,102377.82
TWB14,Uvalde_2020_02,29.60214,-99.73007,436.7784,6/28/21,p,2021,06/16/2021 05:25 CDT,97352,21.78,91.3,0.61,9.135,0.7,102380.61
TWB14,Uvalde_2020_02,29.60214,-99.73007,436.7784,6/28/21,p,2021,06/16/2021 05:30 CDT,97353,21.62,91.7,0.475,9.135,0.58,102384.1
TWB14,Uvalde_2020_02,29.60214,-99.73007,436.7784,6/28/21,p,2021,06/16/2021 05:35 CDT,97357,21.48,92,0.6,9.135,0.74,102390.05
TWB14,Uvalde_2020_02,29.60214,-99.73007,436.7784,6/28/21,p,2021,06/16/2021 05:40 CDT,97364,21.41,92.1,0.325,9.135,1.04,102399.16
TWB14,Uvalde_2020_02,29.60214,-99.73007,436.7784,6/28/21,p,2021,06/16/2021 05:45 CDT,97367,21.32,92,0.055,9.135,1.07,102404.41
TWB14,Uvalde_2020_02,29.60214,-99.73007,436.7784,6/28/21,p,2021,06/16/2021 05:50 CDT,97363,21.22,92.6,0.17,9.135,0.26,102402.66
TWB14,Uvalde_2020_02,29.60214,-99.73007,436.7784,6/28/21,p,2021,06/16/2021 05:55 CDT,97362,21.06,93.5,0.155,9.135,0,102404.75
TWB14,Uvalde_2020_02,29.60214,-99.73007,436.7784,6/28/21,p,2021,06/16/2021 06:00 CDT,97363,21,93.3,0,9.135,0.34,102407.03
TWB14,Uvalde_2020_02,29.60214,-99.73007,436.7784,6/28/21,p,2021,06/16/2021 06:05 CDT,97365,20.88,94.1,0,9.135,0.01,102411.41
TWB14,Uvalde_2020_02,29.60214,-99.73007,436.7784,6/28/21,p,2021,06/16/2021 06:10 CDT,97370,20.76,94,0,9.135,0,102418.43
TWB14,Uvalde_2020_02,29.60214,-99.73007,436.7784,6/28/21,p,2021,06/16/2021 06:15 CDT,97379,20.52,94.5,0,9.135,0,102431.41
TWB14,Uvalde_2020_02,29.60214,-99.73007,436.7784,6/28/21,p,2021,06/16/2021 06:20 CDT,97376,20.45,94.7,0,9.135,0,102429.49
TWB14,Uvalde_2020_02,29.60214,-99.73007,436.7784,6/28/21,p,2021,06/16/2021 06:25 CDT,97376,20.43,94.6,0.09,9.135,0.63,102430.9
TWB14,Uvalde_2020_02,29.60214,-99.73007,436.7784,6/28/21,p,2021,06/16/2021 06:30 CDT,97370,20.4,95.1,0,9.135,0.32,102426.17
TWB14,Uvalde_2020_02,29.60214,-99.73007,436.7784,6/28/21,p,2021,06/16/2021 06:35 CDT,97375,20.39,95.1,0.075,9.135,1.04,102431.61
TWB14,Uvalde_2020_02,29.60214,-99.73007,436.7784,6/28/21,p,2021,06/16/2021 06:40 CDT,97370,20.29,95.2,0.025,9.135,2.4,102427.58
TWB14,Uvalde_2020_02,29.60214,-99.73007,436.7784,6/28/21,p,2021,06/16/2021 06:45 CDT,97369,20.22,95.5,0.335,9.135,3.7,102427.76
TWB14,Uvalde_2020_02,29.60214,-99.73007,436.7784,6/28/21,p,2021,06/16/2021 06:50 CDT,97376,20.23,95.5,0.365,9.135,4.97,102435.83
TWB14,Uvalde_2020_02,29.60214,-99.73007,436.7784,6/28/21,p,2021,06/16/2021 06:55 CDT,97381,20.17,95.9,0.455,9.135,9.04,102443.39
TWB14,Uvalde_2020_02,29.60214,-99.73007,436.7784,6/28/21,p,2021,06/16/2021 07:00 CDT,97382,20.21,96.3,0.775,9.135,10.56,102443.73
TWB14,Uvalde_2020_02,29.60214,-99.73007,436.7784,6/28/21,p,2021,06/16/2021 07:05 CDT,97384,20.25,96.6,0.415,9.135,14.95,102444.24
TWB14,Uvalde_2020_02,29.60214,-99.73007,436.7784,6/28/21,p,2021,06/16/2021 07:10 CDT,97384,20.26,96.6,0.335,9.135,18.12,102443.36
TWB14,Uvalde_2020_02,29.60214,-99.73007,436.7784,6/28/21,p,2021,06/16/2021 07:15 CDT,97384,20.34,96.7,0.275,9.135,21.96,102441.95
TWB14,Uvalde_2020_02,29.60214,-99.73007,436.7784,6/28/21,p,2021,06/16/2021 07:20 CDT,97386,20.44,96.7,0.29,9.135,35.15,102442.11
TWB14,Uvalde_2020_02,29.60214,-99.73007,436.7784,6/28/21,p,2021,06/16/2021 07:25 CDT,97390,20.51,96.8,1.07,9.135,50.65,102444.55
TWB14,Uvalde_2020_02,29.60214,-99.73007,436.7784,6/28/21,p,2021,06/16/2021 07:30 CDT,97390,20.62,96.7,1.24,9.135,62.59,102442.62
TWB14,Uvalde_2020_02,29.60214,-99.73007,436.7784,6/28/21,p,2021,06/16/2021 07:35 CDT,97385,20.75,96.4,1.51,9.135,74.22,102434.55
TWB14,Uvalde_2020_02,29.60214,-99.73007,436.7784,6/28/21,p,2021,06/16/2021 07:40 CDT,97384,20.89,96.2,1.385,9.135,85.61,102431.03
TWB14,Uvalde_2020_02,29.60214,-99.73007,436.7784,6/28/21,p,2021,06/16/2021 07:45 CDT,97390,21.08,95.9,1.48,9.135,96.46,102434.19
TWB14,Uvalde_2020_02,29.60214,-99.73007,436.7784,6/28/21,p,2021,06/16/2021 07:50 CDT,97386,21.27,95.3,1.68,9.135,102.8,102425.95
TWB14,Uvalde_2020_02,29.60214,-99.73007,436.7784,6/28/21,p,2021,06/16/2021 07:55 CDT,97390,21.4,94.4,1.815,9.135,112.37,102427.89
TWB14,Uvalde_2020_02,29.60214,-99.73007,436.7784,6/28/21,p,2021,06/16/2021 08:00 CDT,97399,21.62,93.6,1.71,9.135,123.86,102433.86
TWB14,Uvalde_2020_02,29.60214,-99.73007,436.7784,6/28/21,p,2021,06/16/2021 08:05 CDT,97407,21.84,92.1,2,9.135,136.08,102438.27
TWB14,Uvalde_2020_02,29.60214,-99.73007,436.7784,6/28/21,p,2021,06/16/2021 08:10 CDT,97408,22.08,91.1,1.77,9.135,146.64,102435.31
TWB14,Uvalde_2020_02,29.60214,-99.73007,436.7784,6/28/21,p,2021,06/16/2021 08:15 CDT,97407,22.41,88.8,1.83,9.135,157.32,102428.54
TWB14,Uvalde_2020_02,29.60214,-99.73007,436.7784,6/28/21,p,2021,06/16/2021 08:20 CDT,97408,22.7,87.6,1.845,9.135,168.25,102424.39
TWB14,Uvalde_2020_02,29.60214,-99.73007,436.7784,6/28/21,p,2021,06/16/2021 08:25 CDT,97412,23.01,85.7,1.205,9.135,179.07,102423.23
TWB14,Uvalde_2020_02,29.60214,-99.73007,436.7784,6/28/21,p,2021,06/16/2021 08:30 CDT,97412,23.33,84.1,1.62,9.135,194.1,102417.36
TWB14,Uvalde_2020_02,29.60214,-99.73007,436.7784,6/28/21,p,2021,06/16/2021 08:35 CDT,97410,23.53,83.7,1.86,9.135,211.65,102411.12
TWB14,Uvalde_2020_02,29.60214,-99.73007,436.7784,6/28/21,p,2021,06/16/2021 08:40 CDT,97410,23.77,83.3,1.415,9.135,221.28,102406.47
TWB14,Uvalde_2020_02,29.60214,-99.73007,436.7784,6/28/21,p,2021,06/16/2021 08:45 CDT,97412,24.01,81.6,1.94,9.135,239.89,102403.6
TWB14,Uvalde_2020_02,29.60214,-99.73007,436.7784,6/28/21,p,2021,06/16/2021 08:50 CDT,97414,24.06,81.8,2.265,9.135,254.55,102403.99
TWB14,Uvalde_2020_02,29.60214,-99.73007,436.7784,6/28/21,p,2021,06/16/2021 08:55 CDT,97424,24.15,80.7,1.96,9.135,266.88,102412.79
TWB14,Uvalde_2020_02,29.60214,-99.73007,436.7784,6/28/21,p,2021,06/16/2021 09:00 CDT,97427,24.37,80.8,1.98,9.135,280.44,102411.83
TWB14,Uvalde_2020_02,29.60214,-99.73007,436.7784,6/28/21,p,2021,06/16/2021 09:05 CDT,97431,24.44,79.13,2.26,9.135,294.76,102414.51
TWB14,Uvalde_2020_02,29.60214,-99.73007,436.7784,6/28/21,p,2021,06/16/2021 09:10 CDT,97439,24.73,78.8,2.035,9.135,303.34,102419.15
TWB14,Uvalde_2020_02,29.60214,-99.73007,436.7784,6/28/21,p,2021,06/16/2021 09:15 CDT,97440,24.98,77.85,1.86,9.135,313.93,102415.77
TWB14,Uvalde_2020_02,29.60214,-99.73007,436.7784,6/28/21,p,2021,06/16/2021 09:20 CDT,97437,25.25,75.62,1.695,9.135,325.52,102408.89
TWB14,Uvalde_2020_02,29.60214,-99.73007,436.7784,6/28/21,p,2021,06/16/2021 09:25 CDT,97440,25.51,75.34,1.74,9.135,337.12,102406.6
TWB14,Uvalde_2020_02,29.60214,-99.73007,436.7784,6/28/21,p,2021,06/16/2021 09:30 CDT,97442,25.78,73.11,1.755,9.135,349.72,102404.13
TWB14,Uvalde_2020_02,29.60214,-99.73007,436.7784,6/28/21,p,2021,06/16/2021 09:35 CDT,97441,26.02,71.42,1.655,9.135,362.36,102398.69
TWB14,Uvalde_2020_02,29.60214,-99.73007,436.7784,6/28/21,p,2021,06/16/2021 09:40 CDT,97444,26.23,73.24,1.94,9.135,379.44,102397.42
TWB14,Uvalde_2020_02,29.60214,-99.73007,436.7784,6/28/21,p,2021,06/16/2021 09:45 CDT,97447,26.3,72.63,1.91,9.135,392.99,102398.89
TWB14,Uvalde_2020_02,29.60214,-99.73007,436.7784,6/28/21,p,2021,06/16/2021 09:50 CDT,97449,26.52,71.38,1.585,9.135,399.52,102397.96
TWB14,Uvalde_2020_02,29.60214,-99.73007,436.7784,6/28/21,p,2021,06/16/2021 09:55 CDT,97450,26.78,71.68,1.705,9.135,411.44,102394.79
TWB14,Uvalde_2020_02,29.60214,-99.73007,436.7784,6/28/21,p,2021,06/16/2021 10:00 CDT,97449,27.09,72.42,1.705,9.135,425.48,102388.35
TWB14,Uvalde_2020_02,29.60214,-99.73007,436.7784,6/28/21,p,2021,06/16/2021 10:05 CDT,97445,27.21,69.62,1.43,9.135,434.18,102381.31
TWB14,Uvalde_2020_02,29.60214,-99.73007,436.7784,6/28/21,p,2021,06/16/2021 10:10 CDT,97444,27.35,68.84,1.69,9.135,449.77,102377.75
TWB14,Uvalde_2020_02,29.60214,-99.73007,436.7784,6/28/21,p,2021,06/16/2021 10:15 CDT,97441,27.37,65.88,1.21,9.135,456.71,102374.13
TWB14,Uvalde_2020_02,29.60214,-99.73007,436.7784,6/28/21,p,2021,06/16/2021 10:20 CDT,97430,27.53,66.75,1.425,9.135,471.87,102360.05
TWB14,Uvalde_2020_02,29.60214,-99.73007,436.7784,6/28/21,p,2021,06/16/2021 10:25 CDT,97428,27.7,66.68,1.495,9.135,483.17,102354.6
TWB14,Uvalde_2020_02,29.60214,-99.73007,436.7784,6/28/21,p,2021,06/16/2021 10:30 CDT,97424,27.82,66.78,1.795,9.135,500.04,102347.55
TWB14,Uvalde_2020_02,29.60214,-99.73007,436.7784,6/28/21,p,2021,06/16/2021 10:35 CDT,97421,28.08,66.94,1.405,9.135,505.87,102341.72
TWB14,Uvalde_2020_02,29.60214,-99.73007,436.7784,6/28/21,p,2021,06/16/2021 10:40 CDT,97418,28.4,64.75,1.515,9.135,518.91,102334.59
TWB14,Uvalde_2020_02,29.60214,-99.73007,436.7784,6/28/21,p,2021,06/16/2021 10:45 CDT,97410,28.28,66.66,2.185,9.135,556.91,102325
TWB14,Uvalde_2020_02,29.60214,-99.73007,436.7784,6/28/21,p,2021,06/16/2021 10:50 CDT,97405,28.37,66.22,2.13,9.135,578.56,102318.42
TWB14,Uvalde_2020_02,29.60214,-99.73007,436.7784,6/28/21,p,2021,06/16/2021 10:55 CDT,97402,28.5,66.19,1.995,9.135,439.7,102312.28
TWB14,Uvalde_2020_02,29.60214,-99.73007,436.7784,6/28/21,p,2021,06/16/2021 11:00 CDT,97400,28.13,68.55,2.045,9.135,154.52,102315.31
TWB14,Uvalde_2020_02,29.60214,-99.73007,436.7784,6/28/21,p,2021,06/16/2021 11:05 CDT,97396,27.86,67.46,1.69,9.135,157.23,102317.13
TWB14,Uvalde_2020_02,29.60214,-99.73007,436.7784,6/28/21,p,2021,06/16/2021 11:10 CDT,97395,27.79,67.8,1.515,9.135,166.48,102318.75
TWB14,Uvalde_2020_02,29.60214,-99.73007,436.7784,6/28/21,p,2021,06/16/2021 11:15 CDT,97392,27.75,66.92,1.525,9.135,177.08,102316.61
TWB14,Uvalde_2020_02,29.60214,-99.73007,436.7784,6/28/21,p,2021,06/16/2021 11:20 CDT,97385,27.89,68.94,1.17,9.135,210.95,102308.4
TWB14,Uvalde_2020_02,29.60214,-99.73007,436.7784,6/28/21,p,2021,06/16/2021 11:25 CDT,97384,28.08,66.95,1.3,9.135,192.03,102304.19
TWB14,Uvalde_2020_02,29.60214,-99.73007,436.7784,6/28/21,p,2021,06/16/2021 11:30 CDT,97385,28.2,67.39,1.035,9.135,397.84,102304.07
TWB14,Uvalde_2020_02,29.60214,-99.73007,436.7784,6/28/21,p,2021,06/16/2021 11:35 CDT,97379,28.81,58.54,1.755,9.135,653.52,102288.86
TWB14,Uvalde_2020_02,29.60214,-99.73007,436.7784,6/28/21,p,2021,06/16/2021 11:40 CDT,97376,29.24,59.35,1.76,9.135,612.65,102277.24
TWB14,Uvalde_2020_02,29.60214,-99.73007,436.7784,6/28/21,p,2021,06/16/2021 11:45 CDT,97372,29.66,55.44,1.64,9.135,507.78,102266.3
TWB14,Uvalde_2020_02,29.60214,-99.73007,436.7784,6/28/21,p,2021,06/16/2021 11:50 CDT,97369,29.72,57.32,1.905,9.135,413.14,102259.66
TWB14,Uvalde_2020_02,29.60214,-99.73007,436.7784,6/28/21,p,2021,06/16/2021 11:55 CDT,97375,29.87,57.36,1.66,9.135,729.53,102263.82
TWB14,Uvalde_2020_02,29.60214,-99.73007,436.7784,6/28/21,p,2021,06/16/2021 12:00 CDT,97376,30.47,49.07,1.37,9.135,608.8,102256.9
TWB14,Uvalde_2020_02,29.60214,-99.73007,436.7784,6/28/21,p,2021,06/16/2021 12:05 CDT,97374,30.69,48.13,1.5,9.135,635.65,102250.05
TWB14,Uvalde_2020_02,29.60214,-99.73007,436.7784,6/28/21,p,2021,06/16/2021 12:10 CDT,97370,30.89,43.38,2.22,9.135,580.81,102242.46
TWB14,Uvalde_2020_02,29.60214,-99.73007,436.7784,6/28/21,p,2021,06/16/2021 12:15 CDT,97370,31.09,47.49,1.285,9.135,708.15,102240.12
TWB14,Uvalde_2020_02,29.60214,-99.73007,436.7784,6/28/21,p,2021,06/16/2021 12:20 CDT,97367,31.27,47.45,2.055,9.135,544.42,102232.4
TWB14,Uvalde_2020_02,29.60214,-99.73007,436.7784,6/28/21,p,2021,06/16/2021 12:25 CDT,97356,31.43,48.43,1.415,9.135,794.96,102220.84
TWB14,Uvalde_2020_02,29.60214,-99.73007,436.7784,6/28/21,p,2021,06/16/2021 12:30 CDT,97348,31.75,45.09,1.465,9.135,765.81,102206.61
TWB14,Uvalde_2020_02,29.60214,-99.73007,436.7784,6/28/21,p,2021,06/16/2021 12:35 CDT,97347,31.85,42.13,2.03,9.135,804.75,102202.51
TWB14,Uvalde_2020_02,29.60214,-99.73007,436.7784,6/28/21,p,2021,06/16/2021 12:40 CDT,97341,31.94,40.18,1.73,9.135,787.53,102193.63
TWB14,Uvalde_2020_02,29.60214,-99.73007,436.7784,6/28/21,p,2021,06/16/2021 12:45 CDT,97337,32,40.82,1.165,9.135,647.99,102188.94
TWB14,Uvalde_2020_02,29.60214,-99.73007,436.7784,6/28/21,p,2021,06/16/2021 12:50 CDT,97329,32.05,44.82,1.525,9.135,772.45,102176.76
TWB14,Uvalde_2020_02,29.60214,-99.73007,436.7784,6/28/21,p,2021,06/16/2021 12:55 CDT,97322,31.9,46.5,1.905,9.135,734.13,102169.22
TWB14,Uvalde_2020_02,29.60214,-99.73007,436.7784,6/28/21,p,2021,06/16/2021 13:00 CDT,97324,31.61,48.79,1.18,9.135,219.47,102175.68
TWB14,Uvalde_2020_02,29.60214,-99.73007,436.7784,6/28/21,p,2021,06/16/2021 13:05 CDT,97320,31.32,51.89,0.605,9.135,219.96,102177.45
TWB14,Uvalde_2020_02,29.60214,-99.73007,436.7784,6/28/21,p,2021,06/16/2021 13:10 CDT,97323,31.26,51.62,0.62,9.135,207.7,102183.54
TWB14,Uvalde_2020_02,29.60214,-99.73007,436.7784,6/28/21,p,2021,06/16/2021 13:15 CDT,97318,31.24,48.96,0.41,9.135,199.2,102180.44
TWB14,Uvalde_2020_02,29.60214,-99.73007,436.7784,6/28/21,p,2021,06/16/2021 13:20 CDT,97317,31.13,47.71,1.07,9.135,353.44,102181.37
TWB14,Uvalde_2020_02,29.60214,-99.73007,436.7784,6/28/21,p,2021,06/16/2021 13:25 CDT,97317,31.4,46.23,1.6,9.135,699.5,102179.26
TWB14,Uvalde_2020_02,29.60214,-99.73007,436.7784,6/28/21,p,2021,06/16/2021 13:30 CDT,97316,32.08,42.93,1.26,9.135,772.78,102167.68
TWB14,Uvalde_2020_02,29.60214,-99.73007,436.7784,6/28/21,p,2021,06/16/2021 13:35 CDT,97315,32.02,42.93,1.72,9.135,794.8,102164.19
TWB14,Uvalde_2020_02,29.60214,-99.73007,436.7784,6/28/21,p,2021,06/16/2021 13:40 CDT,97307,32.12,47.44,1.005,9.135,685.2,102156.06
TWB14,Uvalde_2020_02,29.60214,-99.73007,436.7784,6/28/21,p,2021,06/16/2021 13:45 CDT,97305,32.16,47.07,2.04,9.135,572.61,102151.21
TWB14,Uvalde_2020_02,29.60214,-99.73007,436.7784,6/28/21,p,2021,06/16/2021 13:50 CDT,97299,32.19,43.1,1.475,9.135,756.55,102145.61
TWB14,Uvalde_2020_02,29.60214,-99.73007,436.7784,6/28/21,p,2021,06/16/2021 13:55 CDT,97291,32.25,42.46,1.07,9.135,687.3,102135.76
TWB14,Uvalde_2020_02,29.60214,-99.73007,436.7784,6/28/21,p,2021,06/16/2021 14:00 CDT,97291,32.77,39.67,1.015,9.135,534.99,102129.65
TWB14,Uvalde_2020_02,29.60214,-99.73007,436.7784,6/28/21,p,2021,06/16/2021 14:05 CDT,97291,32.65,41.45,1.805,9.135,702.21,102128.82
TWB14,Uvalde_2020_02,29.60214,-99.73007,436.7784,6/28/21,p,2021,06/16/2021 14:10 CDT,97291,32.67,40.03,2.635,9.135,809.03,102129.32
TWB14,Uvalde_2020_02,29.60214,-99.73007,436.7784,6/28/21,p,2021,06/16/2021 14:15 CDT,97287,32.74,40.34,1.805,9.135,665.33,102123.66
TWB14,Uvalde_2020_02,29.60214,-99.73007,436.7784,6/28/21,p,2021,06/16/2021 14:20 CDT,97274,32.73,40.87,0.885,9.135,650.37,102110.98
TWB14,Uvalde_2020_02,29.60214,-99.73007,436.7784,6/28/21,p,2021,06/16/2021 14:25 CDT,97271,32.47,42.52,1.115,9.135,399.34,102111.04
TWB14,Uvalde_2020_02,29.60214,-99.73007,436.7784,6/28/21,p,2021,06/16/2021 14:30 CDT,97263,32.72,40.06,0.67,9.135,768.6,102101.22
TWB14,Uvalde_2020_02,29.60214,-99.73007,436.7784,6/28/21,p,2021,06/16/2021 14:35 CDT,97258,33.12,38.85,1.49,9.135,423.77,102088.89
TWB14,Uvalde_2020_02,29.60214,-99.73007,436.7784,6/28/21,p,2021,06/16/2021 14:40 CDT,97258,32.21,39.36,2.42,9.135,211.2,102100.67
TWB14,Uvalde_2020_02,29.60214,-99.73007,436.7784,6/28/21,p,2021,06/16/2021 14:45 CDT,97256,32.08,38.62,1.645,9.135,619.67,102103.12
TWB14,Uvalde_2020_02,29.60214,-99.73007,436.7784,6/28/21,p,2021,06/16/2021 14:50 CDT,97246,32.82,38.15,1.535,9.135,762.89,102082.75
TWB14,Uvalde_2020_02,29.60214,-99.73007,436.7784,6/28/21,p,2021,06/16/2021 14:55 CDT,97242,33.1,38.72,1.61,9.135,489.14,102071.45
TWB14,Uvalde_2020_02,29.60214,-99.73007,436.7784,6/28/21,p,2021,06/16/2021 15:00 CDT,97233,32.74,39.66,1.675,9.135,626.8,102066.34
TWB14,Uvalde_2020_02,29.60214,-99.73007,436.7784,6/28/21,p,2021,06/16/2021 15:05 CDT,97233,33.15,33.6,3.265,9.135,731.51,102061.91
TWB14,Uvalde_2020_02,29.60214,-99.73007,436.7784,6/28/21,p,2021,06/16/2021 15:10 CDT,97227,33.05,33.57,1.39,9.135,705.54,102055.13
TWB14,Uvalde_2020_02,29.60214,-99.73007,436.7784,6/28/21,p,2021,06/16/2021 15:15 CDT,97219,33.38,34.21,1.525,9.135,666.98,102043.67
TWB14,Uvalde_2020_02,29.60214,-99.73007,436.7784,6/28/21,p,2021,06/16/2021 15:20 CDT,97225,33.28,33.23,2.315,9.135,711.28,102049.66
TWB14,Uvalde_2020_02,29.60214,-99.73007,436.7784,6/28/21,p,2021,06/16/2021 15:25 CDT,97214,33.26,33.9,1.505,9.135,711.12,102039.07
TWB14,Uvalde_2020_02,29.60214,-99.73007,436.7784,6/28/21,p,2021,06/16/2021 15:30 CDT,97209,33.3,35.76,1.21,9.135,665.79,102033.8
TWB14,Uvalde_2020_02,29.60214,-99.73007,436.7784,6/28/21,p,2021,06/16/2021 15:35 CDT,97214,33.11,38.01,2.7,9.135,234.99,102040.3
TWB14,Uvalde_2020_02,29.60214,-99.73007,436.7784,6/28/21,p,2021,06/16/2021 15:40 CDT,97210,32.73,37.64,1.36,9.135,232.04,102043.36
TWB14,Uvalde_2020_02,29.60214,-99.73007,436.7784,6/28/21,p,2021,06/16/2021 15:45 CDT,97201,32.88,37.64,1.35,9.135,648.18,102034.23
TWB14,Uvalde_2020_02,29.60214,-99.73007,436.7784,6/28/21,p,2021,06/16/2021 15:50 CDT,97203,33.19,35.18,1.925,9.135,408.47,102031.21
TWB14,Uvalde_2020_02,29.60214,-99.73007,436.7784,6/28/21,p,2021,06/16/2021 15:55 CDT,97204,32.99,35.75,1.945,9.135,388.36,102034.34
TWB14,Uvalde_2020_02,29.60214,-99.73007,436.7784,6/28/21,p,2021,06/16/2021 16:00 CDT,97200,32.95,35.52,1.46,9.135,468.96,102031.6
TWB14,Uvalde_2020_02,29.60214,-99.73007,436.7784,6/28/21,p,2021,06/16/2021 16:05 CDT,97198,33.31,38.31,1.78,9.135,550.13,102024.31
TWB14,Uvalde_2020_02,29.60214,-99.73007,436.7784,6/28/21,p,2021,06/16/2021 16:10 CDT,97201,33.57,36.43,1.655,9.135,408.38,102022.5
TWB14,Uvalde_2020_02,29.60214,-99.73007,436.7784,6/28/21,p,2021,06/16/2021 16:15 CDT,97202,33.23,35.99,2.05,9.135,242.56,102026.77
TWB14,Uvalde_2020_02,29.60214,-99.73007,436.7784,6/28/21,p,2021,06/16/2021 16:20 CDT,97198,33.2,39.12,0.795,9.135,539.19,102025.74
TWB14,Uvalde_2020_02,29.60214,-99.73007,436.7784,6/28/21,p,2021,06/16/2021 16:25 CDT,97194,33.54,37.78,2.55,9.135,405.45,102015.94
TWB14,Uvalde_2020_02,29.60214,-99.73007,436.7784,6/28/21,p,2021,06/16/2021 16:30 CDT,97186,33.35,38.41,0.64,9.135,534.67,102010.74
TWB14,Uvalde_2020_02,29.60214,-99.73007,436.7784,6/28/21,p,2021,06/16/2021 16:35 CDT,97177,33.65,36.73,1.98,9.135,605.68,101995.86
TWB14,Uvalde_2020_02,29.60214,-99.73007,436.7784,6/28/21,p,2021,06/16/2021 16:40 CDT,97177,33.63,36.87,2.245,9.135,252.97,101995.38
TWB14,Uvalde_2020_02,29.60214,-99.73007,436.7784,6/28/21,p,2021,06/16/2021 16:45 CDT,97176,33.16,39.76,1.16,9.135,452.62,102001.84
TWB14,Uvalde_2020_02,29.60214,-99.73007,436.7784,6/28/21,p,2021,06/16/2021 16:50 CDT,97175,33.61,38.45,2.27,9.135,573.94,101996.31
TWB14,Uvalde_2020_02,29.60214,-99.73007,436.7784,6/28/21,p,2021,06/16/2021 16:55 CDT,97176,33.64,37.03,2.36,9.135,570.97,101993.52
TWB14,Uvalde_2020_02,29.60214,-99.73007,436.7784,6/28/21,p,2021,06/16/2021 17:00 CDT,97176,33.74,36.5,2.365,9.135,542.02,101991.93
TWB14,Uvalde_2020_02,29.60214,-99.73007,436.7784,6/28/21,p,2021,06/16/2021 17:05 CDT,97172,33.58,38.48,2.565,9.135,518.47,101989.14
TWB14,Uvalde_2020_02,29.60214,-99.73007,436.7784,6/28/21,p,2021,06/16/2021 17:10 CDT,97167,33.73,39.22,1.645,9.135,503.44,101983.25
TWB14,Uvalde_2020_02,29.60214,-99.73007,436.7784,6/28/21,p,2021,06/16/2021 17:15 CDT,97157,34.03,38.45,0.82,9.135,499.03,101969.56
TWB14,Uvalde_2020_02,29.60214,-99.73007,436.7784,6/28/21,p,2021,06/16/2021 17:20 CDT,97154,33.7,37.94,2.63,9.135,295.3,101967.54
TWB14,Uvalde_2020_02,29.60214,-99.73007,436.7784,6/28/21,p,2021,06/16/2021 17:25 CDT,97156,33.46,36.39,1.76,9.135,286.52,101975.11
TWB14,Uvalde_2020_02,29.60214,-99.73007,436.7784,6/28/21,p,2021,06/16/2021 17:30 CDT,97156,33.15,36.22,1.99,9.135,271.4,101979.93
TWB14,Uvalde_2020_02,29.60214,-99.73007,436.7784,6/28/21,p,2021,06/16/2021 17:35 CDT,97145,33.43,38.95,0.905,9.135,448.75,101968.02
TWB14,Uvalde_2020_02,29.60214,-99.73007,436.7784,6/28/21,p,2021,06/16/2021 17:40 CDT,97143,33.67,35.62,2.5,9.135,436.99,101960.83
TWB14,Uvalde_2020_02,29.60214,-99.73007,436.7784,6/28/21,p,2021,06/16/2021 17:45 CDT,97133,33.72,36.53,2.725,9.135,407.51,101949.04
TWB14,Uvalde_2020_02,29.60214,-99.73007,436.7784,6/28/21,p,2021,06/16/2021 17:50 CDT,97127,33.75,35.45,2.22,8.215,370.41,101941.8
TWB14,Uvalde_2020_02,29.60214,-99.73007,436.7784,6/28/21,p,2021,06/16/2021 17:55 CDT,97125,33.53,35.55,2.255,8.215,381.69,101943.06
TWB14,Uvalde_2020_02,29.60214,-99.73007,436.7784,6/28/21,p,2021,06/16/2021 18:00 CDT,97118,33.31,37.53,2.495,8.215,369.78,101937.93
TWB14,Uvalde_2020_02,29.60214,-99.73007,436.7784,6/28/21,p,2021,06/16/2021 18:05 CDT,97117,33.33,38.38,1.975,8.215,361.72,101937.36
TWB14,Uvalde_2020_02,29.60214,-99.73007,436.7784,6/28/21,p,2021,06/16/2021 18:10 CDT,97117,33.53,37.37,1.84,8.215,345.61,101935.44
TWB14,Uvalde_2020_02,29.60214,-99.73007,436.7784,6/28/21,p,2021,06/16/2021 18:15 CDT,97119,33.53,40.13,2.44,8.215,330.77,101936.7
TWB14,Uvalde_2020_02,29.60214,-99.73007,436.7784,6/28/21,p,2021,06/16/2021 18:20 CDT,97126,33.41,36.53,2.39,8.215,312.59,101946.34
TWB14,Uvalde_2020_02,29.60214,-99.73007,436.7784,6/28/21,p,2021,06/16/2021 18:25 CDT,97123,33.33,36.32,1.45,8.215,284.61,101945.45
TWB14,Uvalde_2020_02,29.60214,-99.73007,436.7784,6/28/21,p,2021,06/16/2021 18:30 CDT,97128,33.23,36.56,2.255,8.215,263.27,101950.85
TWB14,Uvalde_2020_02,29.60214,-99.73007,436.7784,6/28/21,p,2021,06/16/2021 18:35 CDT,97128,33.21,35.58,1.845,8.215,264.28,101952.15
TWB14,Uvalde_2020_02,29.60214,-99.73007,436.7784,6/28/21,p,2021,06/16/2021 18:40 CDT,97129,33.27,37.17,1.7,8.215,252.41,101953.02
TWB14,Uvalde_2020_02,29.60214,-99.73007,436.7784,6/28/21,p,2021,06/16/2021 18:45 CDT,97132,33.08,37.64,2.705,8.215,246.06,101958.26
TWB14,Uvalde_2020_02,29.60214,-99.73007,436.7784,6/28/21,p,2021,06/16/2021 18:50 CDT,97134,33.02,36.06,2.14,8.215,226.29,101962.79
TWB14,Uvalde_2020_02,29.60214,-99.73007,436.7784,6/28/21,p,2021,06/16/2021 18:55 CDT,97141,32.9,37.14,2.235,8.215,213.56,101971.09
TWB14,Uvalde_2020_02,29.60214,-99.73007,436.7784,6/28/21,p,2021,06/16/2021 19:00 CDT,97140,32.82,39.09,2.125,8.215,197.63,101972.11
TWB14,Uvalde_2020_02,29.60214,-99.73007,436.7784,6/28/21,p,2021,06/16/2021 19:05 CDT,97141,32.72,37.61,2.265,8.215,185.88,101974.31
TWB14,Uvalde_2020_02,29.60214,-99.73007,436.7784,6/28/21,p,2021,06/16/2021 19:10 CDT,97149,32.68,39.02,1.95,8.215,174.7,101983.82
TWB14,Uvalde_2020_02,29.60214,-99.73007,436.7784,6/28/21,p,2021,06/16/2021 19:15 CDT,97151,32.55,37.68,2.56,8.215,163.97,101987.88
TWB14,Uvalde_2020_02,29.60214,-99.73007,436.7784,6/28/21,p,2021,06/16/2021 19:20 CDT,97151,32.44,39.36,2.215,8.215,152.31,101989.96
TWB14,Uvalde_2020_02,29.60214,-99.73007,436.7784,6/28/21,p,2021,06/16/2021 19:25 CDT,97157,32.32,37.48,2.56,8.215,141.43,101998.71
TWB14,Uvalde_2020_02,29.60214,-99.73007,436.7784,6/28/21,p,2021,06/16/2021 19:30 CDT,97160,32.19,39.43,2.54,8.215,128.87,102003.78
TWB14,Uvalde_2020_02,29.60214,-99.73007,436.7784,6/28/21,p,2021,06/16/2021 19:35 CDT,97165,32.04,39.3,2.455,8.215,116.36,102011.95
TWB14,Uvalde_2020_02,29.60214,-99.73007,436.7784,6/28/21,p,2021,06/16/2021 19:40 CDT,97169,31.96,38.56,2.135,8.215,102.03,102017.78
TWB14,Uvalde_2020_02,29.60214,-99.73007,436.7784,6/28/21,p,2021,06/16/2021 19:45 CDT,97181,31.89,38.42,2.525,8.215,91.78,102031.19
TWB14,Uvalde_2020_02,29.60214,-99.73007,436.7784,6/28/21,p,2021,06/16/2021 19:50 CDT,97186,31.75,40.24,2.375,8.215,80.64,102038.86
TWB14,Uvalde_2020_02,29.60214,-99.73007,436.7784,6/28/21,p,2021,06/16/2021 19:55 CDT,97190,31.57,39.84,2.2,8.215,69.7,102045.67
TWB14,Uvalde_2020_02,29.60214,-99.73007,436.7784,6/28/21,p,2021,06/16/2021 20:00 CDT,97199,31.38,40.04,2.39,8.215,59.04,102058.38
TWB14,Uvalde_2020_02,29.60214,-99.73007,436.7784,6/28/21,p,2021,06/16/2021 20:05 CDT,97201,31.21,41.56,1.645,8.215,40.52,102063.39
TWB14,Uvalde_2020_02,29.60214,-99.73007,436.7784,6/28/21,p,2021,06/16/2021 20:10 CDT,97210,31.06,42.94,2.33,8.215,30.69,102075.61
TWB14,Uvalde_2020_02,29.60214,-99.73007,436.7784,6/28/21,p,2021,06/16/2021 20:15 CDT,97213,30.91,41.93,2.535,8.215,30.97,102081.55
TWB14,Uvalde_2020_02,29.60214,-99.73007,436.7784,6/28/21,p,2021,06/16/2021 20:20 CDT,97215,30.82,43.78,2.17,8.215,22.72,102084.77
TWB14,Uvalde_2020_02,29.60214,-99.73007,436.7784,6/28/21,p,2021,06/16/2021 20:25 CDT,97216,30.59,44.62,1.59,8.215,15.21,102089.42
TWB14,Uvalde_2020_02,29.60214,-99.73007,436.7784,6/28/21,p,2021,06/16/2021 20:30 CDT,97218,30.34,46.48,1.725,8.215,9.55,102095.6
TWB14,Uvalde_2020_02,29.60214,-99.73007,436.7784,6/28/21,p,2021,06/16/2021 20:35 CDT,97220,30.09,47.39,1.995,8.215,6.37,102102.46
TWB14,Uvalde_2020_02,29.60214,-99.73007,436.7784,6/28/21,p,2021,06/16/2021 20:40 CDT,97228,29.92,48.06,1.745,8.215,3.81,102113.66
TWB14,Uvalde_2020_02,29.60214,-99.73007,436.7784,6/28/21,p,2021,06/16/2021 20:45 CDT,97240,29.72,49.41,1.215,8.215,2.65,102129.21
TWB14,Uvalde_2020_02,29.60214,-99.73007,436.7784,6/28/21,p,2021,06/16/2021 20:50 CDT,97245,29.5,49.85,1.085,8.215,1.72,102138.59
TWB14,Uvalde_2020_02,29.60214,-99.73007,436.7784,6/28/21,p,2021,06/16/2021 20:55 CDT,97246,29.33,50.22,1.475,8.215,0.52,102143.28
TWB14,Uvalde_2020_02,29.60214,-99.73007,436.7784,6/28/21,p,2021,06/16/2021 21:00 CDT,97253,29.24,50.8,1.37,8.215,0.08,102152.44
TWB14,Uvalde_2020_02,29.60214,-99.73007,436.7784,6/28/21,p,2021,06/16/2021 21:05 CDT,97263,29.09,52.35,0.89,8.215,0.34,102165.09
TWB14,Uvalde_2020_02,29.60214,-99.73007,436.7784,6/28/21,p,2021,06/16/2021 21:10 CDT,97266,28.81,53.29,0.815,8.215,0.68,102173.54
TWB14,Uvalde_2020_02,29.60214,-99.73007,436.7784,6/28/21,p,2021,06/16/2021 21:15 CDT,97272,28.56,54.27,0.57,8.215,1.07,102184.99
TWB14,Uvalde_2020_02,29.60214,-99.73007,436.7784,6/28/21,p,2021,06/16/2021 21:20 CDT,97284,28.3,56.77,0.405,8.215,1.42,102202.91
TWB14,Uvalde_2020_02,29.60214,-99.73007,436.7784,6/28/21,p,2021,06/16/2021 21:25 CDT,97285,28.05,57.44,0.52,8.215,1.39,102210.14
TWB14,Uvalde_2020_02,29.60214,-99.73007,436.7784,6/28/21,p,2021,06/16/2021 21:30 CDT,97288,27.78,60.41,0.395,8.215,1.41,102218.97
TWB14,Uvalde_2020_02,29.60214,-99.73007,436.7784,6/28/21,p,2021,06/16/2021 21:35 CDT,97290,27.58,60.31,0.305,8.215,1.59,102226.11
TWB14,Uvalde_2020_02,29.60214,-99.73007,436.7784,6/28/21,p,2021,06/16/2021 21:40 CDT,97293,27.4,59.74,0.38,8.215,1.19,102234.31
TWB14,Uvalde_2020_02,29.60214,-99.73007,436.7784,6/28/21,p,2021,06/16/2021 21:45 CDT,97294,27.22,62.1,0.195,8.215,1.02,102239.73
TWB14,Uvalde_2020_02,29.60214,-99.73007,436.7784,6/28/21,p,2021,06/16/2021 21:50 CDT,97296,27.19,60.35,0.885,8.215,0.08,102243.53
TWB14,Uvalde_2020_02,29.60214,-99.73007,436.7784,6/28/21,p,2021,06/16/2021 21:55 CDT,97304,27.19,61.23,0.355,8.215,0.05,102250.08
TWB14,Uvalde_2020_02,29.60214,-99.73007,436.7784,6/28/21,p,2021,06/16/2021 22:00 CDT,97307,27.09,61.5,0.555,8.215,0.38,102256.6
TWB14,Uvalde_2020_02,29.60214,-99.73007,436.7784,6/28/21,p,2021,06/16/2021 22:05 CDT,97312,26.96,61.84,0.425,8.215,0.58,102265.41
TWB14,Uvalde_2020_02,29.60214,-99.73007,436.7784,6/28/21,p,2021,06/16/2021 22:10 CDT,97323,26.89,61.57,0.37,8.215,0.94,102278.33
TWB14,Uvalde_2020_02,29.60214,-99.73007,436.7784,6/28/21,p,2021,06/16/2021 22:15 CDT,97327,26.64,62.38,0.29,8.215,0.5,102285.23
TWB14,Uvalde_2020_02,29.60214,-99.73007,436.7784,6/28/21,p,2021,06/16/2021 22:20 CDT,97328,26.49,62.65,0.375,8.215,0.54,102288.32
TWB14,Uvalde_2020_02,29.60214,-99.73007,436.7784,6/28/21,p,2021,06/16/2021 22:25 CDT,97339,26.34,64.21,0.44,8.215,0.52,102303.09
TWB14,Uvalde_2020_02,29.60214,-99.73007,436.7784,6/28/21,p,2021,06/16/2021 22:30 CDT,97345,26.26,68.22,0.275,8.215,0.34,102312.09
TWB14,Uvalde_2020_02,29.60214,-99.73007,436.7784,6/28/21,p,2021,06/16/2021 22:35 CDT,97356,25.97,67.65,0.385,8.215,0.95,102328.93
TWB14,Uvalde_2020_02,29.60214,-99.73007,436.7784,6/28/21,p,2021,06/16/2021 22:40 CDT,97359,25.97,68.09,0.285,8.215,0.48,102334.47
TWB14,Uvalde_2020_02,29.60214,-99.73007,436.7784,6/28/21,p,2021,06/16/2021 22:45 CDT,97361,25.72,70.35,0.055,8.215,0.36,102339.8
TWB14,Uvalde_2020_02,29.60214,-99.73007,436.7784,6/28/21,p,2021,06/16/2021 22:50 CDT,97368,25.41,74.73,0.025,8.215,0.56,102350.37
TWB14,Uvalde_2020_02,29.60214,-99.73007,436.7784,6/28/21,p,2021,06/16/2021 22:55 CDT,97373,25.05,75.33,0,8.215,0.5,102360.08
TWB14,Uvalde_2020_02,29.60214,-99.73007,436.7784,6/28/21,p,2021,06/16/2021 23:00 CDT,97383,24.76,75,0,8.215,0.76,102374.03
TWB14,Uvalde_2020_02,29.60214,-99.73007,436.7784,6/28/21,p,2021,06/16/2021 23:05 CDT,97390,24.56,75.2,0,8.215,1,102384.31
TWB14,Uvalde_2020_02,29.60214,-99.73007,436.7784,6/28/21,p,2021,06/16/2021 23:10 CDT,97403,24.55,75.14,0.06,8.215,0.64,102400.21
TWB14,Uvalde_2020_02,29.60214,-99.73007,436.7784,6/28/21,p,2021,06/16/2021 23:15 CDT,97414,24.64,73.74,0.24,8.215,0.16,102413.34
TWB14,Uvalde_2020_02,29.60214,-99.73007,436.7784,6/28/21,p,2021,06/16/2021 23:20 CDT,97415,24.68,76.84,0.035,8.215,0.01,102414.02
TWB14,Uvalde_2020_02,29.60214,-99.73007,436.7784,6/28/21,p,2021,06/16/2021 23:25 CDT,97415,24.68,74.08,0.355,8.215,0.03,102415.42
TWB14,Uvalde_2020_02,29.60214,-99.73007,436.7784,6/28/21,p,2021,06/16/2021 23:30 CDT,97416,24.91,72.12,0.38,8.215,0.01,102414.59
TWB14,Uvalde_2020_02,29.60214,-99.73007,436.7784,6/28/21,p,2021,06/16/2021 23:35 CDT,97420,25.01,71.08,0.55,8.215,0,102416.4
TWB14,Uvalde_2020_02,29.60214,-99.73007,436.7784,6/28/21,p,2021,06/16/2021 23:40 CDT,97420,25.36,68.31,1.015,8.215,0,102409.2
TWB14,Uvalde_2020_02,29.60214,-99.73007,436.7784,6/28/21,p,2021,06/16/2021 23:45 CDT,97420,25.79,66.46,0.92,8.215,0,102399.29
TWB14,Uvalde_2020_02,29.60214,-99.73007,436.7784,6/28/21,p,2021,06/16/2021 23:50 CDT,97422,25.82,66.96,0.465,8.215,0,102397.46
TWB14,Uvalde_2020_02,29.60214,-99.73007,436.7784,6/28/21,p,2021,06/16/2021 23:55 CDT,97420,25.75,66.12,0.445,8.215,0.14,102396.05
TWB14,Uvalde_2020_02,29.60214,-99.73007,436.7784,6/28/21,p,2021,06/17/2021 00:00 CDT,97423,25.95,64.64,1.5,8.215,0,102396.14
TWB14,Uvalde_2020_02,29.60214,-99.73007,436.7784,6/28/21,p,2021,06/17/2021 00:05 CDT,97424,26.17,65.11,1.14,8.215,0,102390.21
TWB14,Uvalde_2020_02,29.60214,-99.73007,436.7784,6/28/21,p,2021,06/17/2021 00:10 CDT,97418,26.08,64.03,1.11,8.215,0,102384.59
TWB14,Uvalde_2020_02,29.60214,-99.73007,436.7784,6/28/21,p,2021,06/17/2021 00:15 CDT,97412,26.18,63.76,1.405,8.215,0,102376.42
TWB14,Uvalde_2020_02,29.60214,-99.73007,436.7784,6/28/21,p,2021,06/17/2021 00:20 CDT,97410,26.16,64.71,0.575,8.215,0.15,102373.29
TWB14,Uvalde_2020_02,29.60214,-99.73007,436.7784,6/28/21,p,2021,06/17/2021 00:25 CDT,97404,25.9,65.11,0.825,8.215,0.3,102370.55
TWB14,Uvalde_2020_02,29.60214,-99.73007,436.7784,6/28/21,p,2021,06/17/2021 00:30 CDT,97394,25.73,66.26,0.825,8.215,0.04,102362.07
TWB14,Uvalde_2020_02,29.60214,-99.73007,436.7784,6/28/21,p,2021,06/17/2021 00:35 CDT,97386,25.55,66.8,0.89,8.215,0,102356.21
TWB14,Uvalde_2020_02,29.60214,-99.73007,436.7784,6/28/21,p,2021,06/17/2021 00:40 CDT,97385,25.36,67.27,0.46,8.215,0.38,102357.54
TWB14,Uvalde_2020_02,29.60214,-99.73007,436.7784,6/28/21,p,2021,06/17/2021 00:45 CDT,97376,25.14,68.41,0.155,8.215,1.25,102351.31
TWB14,Uvalde_2020_02,29.60214,-99.73007,436.7784,6/28/21,p,2021,06/17/2021 00:50 CDT,97374,24.87,69.69,0.15,8.215,1.12,102354.16
TWB14,Uvalde_2020_02,29.60214,-99.73007,436.7784,6/28/21,p,2021,06/17/2021 00:55 CDT,97372,24.71,71.38,0.135,8.215,1.37,102355.98
TWB14,Uvalde_2020_02,29.60214,-99.73007,436.7784,6/28/21,p,2021,06/17/2021 01:00 CDT,97373,24.35,72.26,0,8.215,1.6,102362.51
TWB14,Uvalde_2020_02,29.60214,-99.73007,436.7784,6/28/21,p,2021,06/17/2021 01:05 CDT,97372,24.03,72.96,0,8.215,1.74,102367.12
TWB14,Uvalde_2020_02,29.60214,-99.73007,436.7784,6/28/21,p,2021,06/17/2021 01:10 CDT,97365,23.86,73.34,0.075,8.215,1.32,102364.07
TWB14,Uvalde_2020_02,29.60214,-99.73007,436.7784,6/28/21,p,2021,06/17/2021 01:15 CDT,97361,23.84,74.82,0.235,8.215,1.06,102363.82
TWB14,Uvalde_2020_02,29.60214,-99.73007,436.7784,6/28/21,p,2021,06/17/2021 01:20 CDT,97361,23.82,75.02,0.215,8.215,0.87,102367.27
TWB14,Uvalde_2020_02,29.60214,-99.73007,436.7784,6/28/21,p,2021,06/17/2021 01:25 CDT,97359,23.7,75.76,0.245,8.215,0.64,102367.75
TWB14,Uvalde_2020_02,29.60214,-99.73007,436.7784,6/28/21,p,2021,06/17/2021 01:30 CDT,97349,23.59,77.31,0.06,8.215,0.66,102358.79
TWB14,Uvalde_2020_02,29.60214,-99.73007,436.7784,6/28/21,p,2021,06/17/2021 01:35 CDT,97348,23.35,79.27,0.185,8.215,0,102360.84
TWB14,Uvalde_2020_02,29.60214,-99.73007,436.7784,6/28/21,p,2021,06/17/2021 01:40 CDT,97347,23.02,79.81,0.405,8.215,0,102363.94
TWB14,Uvalde_2020_02,29.60214,-99.73007,436.7784,6/28/21,p,2021,06/17/2021 01:45 CDT,97351,22.96,80.3,0.295,8.215,0,102371.62
TWB14,Uvalde_2020_02,29.60214,-99.73007,436.7784,6/28/21,p,2021,06/17/2021 01:50 CDT,97351,23.02,81.4,0.425,8.215,0.05,102374.4
TWB14,Uvalde_2020_02,29.60214,-99.73007,436.7784,6/28/21,p,2021,06/17/2021 01:55 CDT,97348,23.1,81.3,0.305,8.215,0.37,102373.33
TWB14,Uvalde_2020_02,29.60214,-99.73007,436.7784,6/28/21,p,2021,06/17/2021 02:00 CDT,97344,22.78,81.5,0,8.215,0.46,102371.39
TWB14,Uvalde_2020_02,29.60214,-99.73007,436.7784,6/28/21,p,2021,06/17/2021 02:05 CDT,97345,22.42,82.9,0,8.215,0.65,102374.35
TWB14,Uvalde_2020_02,29.60214,-99.73007,436.7784,6/28/21,p,2021,06/17/2021 02:10 CDT,97344,22.01,83.5,0.025,8.215,0.3,102375.91
TWB14,Uvalde_2020_02,29.60214,-99.73007,436.7784,6/28/21,p,2021,06/17/2021 02:15 CDT,97343,21.75,84.1,0,8.215,0.26,102377.48
TWB14,Uvalde_2020_02,29.60214,-99.73007,436.7784,6/28/21,p,2021,06/17/2021 02:20 CDT,97336,21.64,84.9,0.03,8.215,0.21,102372.21
TWB14,Uvalde_2020_02,29.60214,-99.73007,436.7784,6/28/21,p,2021,06/17/2021 02:25 CDT,97337,21.54,85.7,0,8.215,0.38,102374.83
TWB14,Uvalde_2020_02,29.60214,-99.73007,436.7784,6/28/21,p,2021,06/17/2021 02:30 CDT,97338,21.49,86.2,0.29,8.215,0,102377.81
TWB14,Uvalde_2020_02,29.60214,-99.73007,436.7784,6/28/21,p,2021,06/17/2021 02:35 CDT,97343,21.25,86.8,0.41,8.215,0,102385.87
TWB14,Uvalde_2020_02,29.60214,-99.73007,436.7784,6/28/21,p,2021,06/17/2021 02:40 CDT,97340,21.02,87.2,0.83,8.215,0,102386.57
TWB14,Uvalde_2020_02,29.60214,-99.73007,436.7784,6/28/21,p,2021,06/17/2021 02:45 CDT,97337,21.05,87,0.93,8.215,0,102385.35
TWB14,Uvalde_2020_02,29.60214,-99.73007,436.7784,6/28/21,p,2021,06/17/2021 02:50 CDT,97329,21.09,87.1,0.285,8.215,0.07,102375.18
TWB14,Uvalde_2020_02,29.60214,-99.73007,436.7784,6/28/21,p,2021,06/17/2021 02:55 CDT,97325,21.03,87.5,0.505,8.215,0,102371.84
TWB14,Uvalde_2020_02,29.60214,-99.73007,436.7784,6/28/21,p,2021,06/17/2021 03:00 CDT,97324,20.94,87.6,0.145,8.215,0.3,102372.55
TWB14,Uvalde_2020_02,29.60214,-99.73007,436.7784,6/28/21,p,2021,06/17/2021 03:05 CDT,97324,20.83,88.5,0.065,8.215,0.1,102373.6
TWB14,Uvalde_2020_02,29.60214,-99.73007,436.7784,6/28/21,p,2021,06/17/2021 03:10 CDT,97325,20.74,88.6,0,8.215,0.2,102375.71
TWB14,Uvalde_2020_02,29.60214,-99.73007,436.7784,6/28/21,p,2021,06/17/2021 03:15 CDT,97325,20.69,89.5,0.01,8.215,0.21,102376.58
TWB14,Uvalde_2020_02,29.60214,-99.73007,436.7784,6/28/21,p,2021,06/17/2021 03:20 CDT,97328,20.67,89.3,0.11,8.215,0,102379.74
TWB14,Uvalde_2020_02,29.60214,-99.73007,436.7784,6/28/21,p,2021,06/17/2021 03:25 CDT,97324,20.63,89.5,0.01,8.215,0.19,102375.88
TWB14,Uvalde_2020_02,29.60214,-99.73007,436.7784,6/28/21,p,2021,06/17/2021 03:30 CDT,97322,20.55,90,0.14,8.215,0.52,102375.01
TWB14,Uvalde_2020_02,29.60214,-99.73007,436.7784,6/28/21,p,2021,06/17/2021 03:35 CDT,97321,20.59,90.2,0.565,8.215,0,102375.19
TWB14,Uvalde_2020_02,29.60214,-99.73007,436.7784,6/28/21,p,2021,06/17/2021 03:40 CDT,97326,20.58,90,0.685,8.215,0,102380.8
TWB14,Uvalde_2020_02,29.60214,-99.73007,436.7784,6/28/21,p,2021,06/17/2021 03:45 CDT,97325,20.52,90.2,0.54,8.215,0,102380.28
TWB14,Uvalde_2020_02,29.60214,-99.73007,436.7784,6/28/21,p,2021,06/17/2021 03:50 CDT,97329,20.39,90.8,0.13,8.215,0,102385.89
TWB14,Uvalde_2020_02,29.60214,-99.73007,436.7784,6/28/21,p,2021,06/17/2021 03:55 CDT,97331,20.29,91.3,0.215,8.215,0.04,102388.7
TWB14,Uvalde_2020_02,29.60214,-99.73007,436.7784,6/28/21,p,2021,06/17/2021 04:00 CDT,97331,20.22,91.6,0.64,8.215,0,102389.4
TWB14,Uvalde_2020_02,29.60214,-99.73007,436.7784,6/28/21,p,2021,06/17/2021 04:05 CDT,97331,20.11,92.1,1.295,8.215,0,102390.63
TWB14,Uvalde_2020_02,29.60214,-99.73007,436.7784,6/28/21,p,2021,06/17/2021 04:10 CDT,97330,20.06,92.1,0.645,8.215,0,102390.11
TWB14,Uvalde_2020_02,29.60214,-99.73007,436.7784,6/28/21,p,2021,06/17/2021 04:15 CDT,97330,20.02,92.2,0.08,8.215,0.07,102390.11
TWB14,Uvalde_2020_02,29.60214,-99.73007,436.7784,6/28/21,p,2021,06/17/2021 04:20 CDT,97330,19.96,92.2,0,8.215,0.23,102390.82
TWB14,Uvalde_2020_02,29.60214,-99.73007,436.7784,6/28/21,p,2021,06/17/2021 04:25 CDT,97327,19.93,92.7,0.2,8.215,0.01,102388.19
TWB14,Uvalde_2020_02,29.60214,-99.73007,436.7784,6/28/21,p,2021,06/17/2021 04:30 CDT,97320,19.9,92.9,0.325,8.215,0,102382.06
TWB14,Uvalde_2020_02,29.60214,-99.73007,436.7784,6/28/21,p,2021,06/17/2021 04:35 CDT,97316,19.84,93.1,0.17,8.215,0.03,102378.74
TWB14,Uvalde_2020_02,29.60214,-99.73007,436.7784,6/28/21,p,2021,06/17/2021 04:40 CDT,97320,19.79,93.2,0.275,8.215,0.04,102383.47
TWB14,Uvalde_2020_02,29.60214,-99.73007,436.7784,6/28/21,p,2021,06/17/2021 04:45 CDT,97326,19.74,93.5,0.66,8.215,0,102390.67
TWB14,Uvalde_2020_02,29.60214,-99.73007,436.7784,6/28/21,p,2021,06/17/2021 04:50 CDT,97326,19.72,93.7,0.7,8.215,0,102391.38
TWB14,Uvalde_2020_02,29.60214,-99.73007,436.7784,6/28/21,p,2021,06/17/2021 04:55 CDT,97324,19.71,93.7,0.47,8.215,0,102389.45
TWB14,Uvalde_2020_02,29.60214,-99.73007,436.7784,6/28/21,p,2021,06/17/2021 05:00 CDT,97327,19.73,93.7,0.53,8.215,0,102392.25
TWB14,Uvalde_2020_02,29.60214,-99.73007,436.7784,6/28/21,p,2021,06/17/2021 05:05 CDT,97320,19.7,93.5,0.655,8.215,0,102385.06
TWB14,Uvalde_2020_02,29.60214,-99.73007,436.7784,6/28/21,p,2021,06/17/2021 05:10 CDT,97323,19.66,93.5,0.31,8.215,0,102388.57
TWB14,Uvalde_2020_02,29.60214,-99.73007,436.7784,6/28/21,p,2021,06/17/2021 05:15 CDT,97324,19.61,93.6,0.265,8.215,0.02,102390.33
TWB14,Uvalde_2020_02,29.60214,-99.73007,436.7784,6/28/21,p,2021,06/17/2021 05:20 CDT,97331,19.55,93.4,0.12,8.215,0.51,102399.12
TWB14,Uvalde_2020_02,29.60214,-99.73007,436.7784,6/28/21,p,2021,06/17/2021 05:25 CDT,97332,19.51,93.7,0.295,8.215,0.17,102401.59
TWB14,Uvalde_2020_02,29.60214,-99.73007,436.7784,6/28/21,p,2021,06/17/2021 05:30 CDT,97333,19.49,94.3,0.355,8.215,0,102403.34
TWB14,Uvalde_2020_02,29.60214,-99.73007,436.7784,6/28/21,p,2021,06/17/2021 05:35 CDT,97334,19.55,94,0.42,8.215,0,102403.69
TWB14,Uvalde_2020_02,29.60214,-99.73007,436.7784,6/28/21,p,2021,06/17/2021 05:40 CDT,97335,19.52,94.1,0.24,8.215,0,102405.45
TWB14,Uvalde_2020_02,29.60214,-99.73007,436.7784,6/28/21,p,2021,06/17/2021 05:45 CDT,97342,19.46,94.1,0,8.215,0.32,102413.52
TWB14,Uvalde_2020_02,29.60214,-99.73007,436.7784,6/28/21,p,2021,06/17/2021 05:50 CDT,97344,19.38,94.2,0.12,8.215,0.46,102416.87
TWB14,Uvalde_2020_02,29.60214,-99.73007,436.7784,6/28/21,p,2021,06/17/2021 05:55 CDT,97346,19.33,94.6,0.41,8.215,0,102419.86
TWB14,Uvalde_2020_02,29.60214,-99.73007,436.7784,6/28/21,p,2021,06/17/2021 06:00 CDT,97343,19.27,94.5,0.39,8.215,0,102417.06
TWB14,Uvalde_2020_02,29.60214,-99.73007,436.7784,6/28/21,p,2021,06/17/2021 06:05 CDT,97343,19.23,94.5,0.34,8.215,0,102417.77
TWB14,Uvalde_2020_02,29.60214,-99.73007,436.7784,6/28/21,p,2021,06/17/2021 06:10 CDT,97344,19.2,94.3,0.035,8.215,0.09,102419.71
TWB14,Uvalde_2020_02,29.60214,-99.73007,436.7784,6/28/21,p,2021,06/17/2021 06:15 CDT,97349,19.16,94.5,0.02,8.215,0.05,102425.5
TWB14,Uvalde_2020_02,29.60214,-99.73007,436.7784,6/28/21,p,2021,06/17/2021 06:20 CDT,97351,19.08,94.6,0,8.215,0.01,102429.21
TWB14,Uvalde_2020_02,29.60214,-99.73007,436.7784,6/28/21,p,2021,06/17/2021 06:25 CDT,97355,19.03,94.7,0.055,8.215,0,102435.19
TWB14,Uvalde_2020_02,29.60214,-99.73007,436.7784,6/28/21,p,2021,06/17/2021 06:30 CDT,97364,18.95,94.9,0.08,8.215,0.72,102445.73
TWB14,Uvalde_2020_02,29.60214,-99.73007,436.7784,6/28/21,p,2021,06/17/2021 06:35 CDT,97369,18.88,95,0.19,8.215,1.17,102451.35
TWB14,Uvalde_2020_02,29.60214,-99.73007,436.7784,6/28/21,p,2021,06/17/2021 06:40 CDT,97383,18.84,95,0.205,8.215,3.13,102467.86
TWB14,Uvalde_2020_02,29.60214,-99.73007,436.7784,6/28/21,p,2021,06/17/2021 06:45 CDT,97391,18.81,95.2,0.025,8.215,4.62,102477.52
TWB14,Uvalde_2020_02,29.60214,-99.73007,436.7784,6/28/21,p,2021,06/17/2021 06:50 CDT,97391,18.83,95.6,0.24,8.215,5.64,102476.63
TWB14,Uvalde_2020_02,29.60214,-99.73007,436.7784,6/28/21,p,2021,06/17/2021 06:55 CDT,97394,18.89,95.7,0.37,8.215,7.23,102477.83
TWB14,Uvalde_2020_02,29.60214,-99.73007,436.7784,6/28/21,p,2021,06/17/2021 07:00 CDT,97394,18.91,95.6,0.545,8.215,10.11,102477.29
TWB14,Uvalde_2020_02,29.60214,-99.73007,436.7784,6/28/21,p,2021,06/17/2021 07:05 CDT,97391,18.89,95.8,0.33,8.215,14.06,102474.31
TWB14,Uvalde_2020_02,29.60214,-99.73007,436.7784,6/28/21,p,2021,06/17/2021 07:10 CDT,97382,18.92,95.9,0.375,8.215,16.89,102464.66
TWB14,Uvalde_2020_02,29.60214,-99.73007,436.7784,6/28/21,p,2021,06/17/2021 07:15 CDT,97382,19,95.8,0.23,8.215,20.05,102464.31
TWB14,Uvalde_2020_02,29.60214,-99.73007,436.7784,6/28/21,p,2021,06/17/2021 07:20 CDT,97383,19.12,95.7,0.305,8.215,35.08,102464.47
TWB14,Uvalde_2020_02,29.60214,-99.73007,436.7784,6/28/21,p,2021,06/17/2021 07:25 CDT,97385,19.19,95.9,0.34,8.215,52.75,102465.33
TWB14,Uvalde_2020_02,29.60214,-99.73007,436.7784,6/28/21,p,2021,06/17/2021 07:30 CDT,97385,19.29,95.6,0.415,8.215,64.56,102462.48
TWB14,Uvalde_2020_02,29.60214,-99.73007,436.7784,6/28/21,p,2021,06/17/2021 07:35 CDT,97390,19.48,95.3,0.145,8.215,74.85,102464.55
TWB14,Uvalde_2020_02,29.60214,-99.73007,436.7784,6/28/21,p,2021,06/17/2021 07:40 CDT,97393,19.76,94.6,0.2,8.215,86.45,102463.98
TWB14,Uvalde_2020_02,29.60214,-99.73007,436.7784,6/28/21,p,2021,06/17/2021 07:45 CDT,97394,19.91,94,0.825,8.215,100.77,102461.32
TWB14,Uvalde_2020_02,29.60214,-99.73007,436.7784,6/28/21,p,2021,06/17/2021 07:50 CDT,97393,20.13,92.6,1.245,8.215,111.04,102455.32
TWB14,Uvalde_2020_02,29.60214,-99.73007,436.7784,6/28/21,p,2021,06/17/2021 07:55 CDT,97392,20.38,90.6,1.735,8.215,117.69,102449.34
TWB14,Uvalde_2020_02,29.60214,-99.73007,436.7784,6/28/21,p,2021,06/17/2021 08:00 CDT,97390,20.6,89.4,1.85,8.215,126.81,102442.84
TWB14,Uvalde_2020_02,29.60214,-99.73007,436.7784,6/28/21,p,2021,06/17/2021 08:05 CDT,97388,20.84,89.1,1.59,8.215,138.13,102436.34
TWB14,Uvalde_2020_02,29.60214,-99.73007,436.7784,6/28/21,p,2021,06/17/2021 08:10 CDT,97386,21.17,87.9,1.26,8.215,147.72,102428.46
TWB14,Uvalde_2020_02,29.60214,-99.73007,436.7784,6/28/21,p,2021,06/17/2021 08:15 CDT,97386,21.41,84.8,1.66,8.215,161.89,102423.05
TWB14,Uvalde_2020_02,29.60214,-99.73007,436.7784,6/28/21,p,2021,06/17/2021 08:20 CDT,97387,21.65,83.5,1.5,8.215,174.6,102419.91
TWB14,Uvalde_2020_02,29.60214,-99.73007,436.7784,6/28/21,p,2021,06/17/2021 08:25 CDT,97391,21.98,83.1,1.38,8.215,184.84,102418.89
TWB14,Uvalde_2020_02,29.60214,-99.73007,436.7784,6/28/21,p,2021,06/17/2021 08:30 CDT,97400,22.23,81,1.71,8.215,198.98,102423.32
TWB14,Uvalde_2020_02,29.60214,-99.73007,436.7784,6/28/21,p,2021,06/17/2021 08:35 CDT,97400,22.39,81,1.52,8.215,211.98,102419.67
TWB14,Uvalde_2020_02,29.60214,-99.73007,436.7784,6/28/21,p,2021,06/17/2021 08:40 CDT,97401,22.53,81.1,1.74,8.215,227.1,102417.42
TWB14,Uvalde_2020_02,29.60214,-99.73007,436.7784,6/28/21,p,2021,06/17/2021 08:45 CDT,97406,22.76,79.28,1.68,8.215,245.14,102419.22
TWB14,Uvalde_2020_02,29.60214,-99.73007,436.7784,6/28/21,p,2021,06/17/2021 08:50 CDT,97406,23.13,80.6,1.26,8.215,255.81,102413.85
TWB14,Uvalde_2020_02,29.60214,-99.73007,436.7784,6/28/21,p,2021,06/17/2021 08:55 CDT,97408,23.54,77.39,1.56,8.215,269.27,102408.55
TWB14,Uvalde_2020_02,29.60214,-99.73007,436.7784,6/28/21,p,2021,06/17/2021 09:00 CDT,97408,23.8,76.71,1.42,8.215,283.49,102403.05
TWB14,Uvalde_2020_02,29.60214,-99.73007,436.7784,6/28/21,p,2021,06/17/2021 09:05 CDT,97402,24.22,74.76,1.035,8.215,292.11,102390.4
TWB14,Uvalde_2020_02,29.60214,-99.73007,436.7784,6/28/21,p,2021,06/17/2021 09:10 CDT,97401,24.42,73.88,1.305,8.215,308.9,102384.73
TWB14,Uvalde_2020_02,29.60214,-99.73007,436.7784,6/28/21,p,2021,06/17/2021 09:15 CDT,97400,24.69,74.28,1.04,8.215,319.63,102379.4
TWB14,Uvalde_2020_02,29.60214,-99.73007,436.7784,6/28/21,p,2021,06/17/2021 09:20 CDT,97398,25.13,72.42,1.5,8.215,336.82,102369.8
TWB14,Uvalde_2020_02,29.60214,-99.73007,436.7784,6/28/21,p,2021,06/17/2021 09:25 CDT,97399,25.21,73.3,1.46,8.215,350.29,102368.12
TWB14,Uvalde_2020_02,29.60214,-99.73007,436.7784,6/28/21,p,2021,06/17/2021 09:30 CDT,97404,25.48,72.59,1.475,8.215,362.34,102368.95
TWB14,Uvalde_2020_02,29.60214,-99.73007,436.7784,6/28/21,p,2021,06/17/2021 09:35 CDT,97395,25.9,69.68,1.42,8.215,372.74,102353.92
TWB14,Uvalde_2020_02,29.60214,-99.73007,436.7784,6/28/21,p,2021,06/17/2021 09:40 CDT,97395,26.17,68.23,1.76,8.215,391.49,102347.84
TWB14,Uvalde_2020_02,29.60214,-99.73007,436.7784,6/28/21,p,2021,06/17/2021 09:45 CDT,97400,26.49,66.71,1.65,8.215,401.55,102348.03
TWB14,Uvalde_2020_02,29.60214,-99.73007,436.7784,6/28/21,p,2021,06/17/2021 09:50 CDT,97402,26.77,65.49,1.82,8.215,412.83,102345.09
TWB14,Uvalde_2020_02,29.60214,-99.73007,436.7784,6/28/21,p,2021,06/17/2021 09:55 CDT,97399,26.87,67.07,1.675,8.215,424.79,102338.55
TWB14,Uvalde_2020_02,29.60214,-99.73007,436.7784,6/28/21,p,2021,06/17/2021 10:00 CDT,97398,27.28,64.04,1.365,8.215,432.42,102332.49
TWB14,Uvalde_2020_02,29.60214,-99.73007,436.7784,6/28/21,p,2021,06/17/2021 10:05 CDT,97403,27.62,64.97,0.82,8.215,440.75,102332.37
TWB14,Uvalde_2020_02,29.60214,-99.73007,436.7784,6/28/21,p,2021,06/17/2021 10:10 CDT,97404,28.1,62.95,1.15,8.215,455.01,102326.75
TWB14,Uvalde_2020_02,29.60214,-99.73007,436.7784,6/28/21,p,2021,06/17/2021 10:15 CDT,97403,28.09,62.24,1.19,8.215,466.52,102324.2
TWB14,Uvalde_2020_02,29.60214,-99.73007,436.7784,6/28/21,p,2021,06/17/2021 10:20 CDT,97402,28.62,60.12,0.735,8.215,469.36,102315.17
TWB14,Uvalde_2020_02,29.60214,-99.73007,436.7784,6/28/21,p,2021,06/17/2021 10:25 CDT,97402,28.86,59.04,1.17,8.215,489.58,102309.86
TWB14,Uvalde_2020_02,29.60214,-99.73007,436.7784,6/28/21,p,2021,06/17/2021 10:30 CDT,97398,28.76,61.7,0.975,8.215,509.03,102305.8
TWB14,Uvalde_2020_02,29.60214,-99.73007,436.7784,6/28/21,p,2021,06/17/2021 10:35 CDT,97388,29.16,62.1,0.915,8.215,524.52,102290.64
TWB14,Uvalde_2020_02,29.60214,-99.73007,436.7784,6/28/21,p,2021,06/17/2021 10:40 CDT,97388,29.51,58.45,0.795,8.215,560.73,102286.04
TWB14,Uvalde_2020_02,29.60214,-99.73007,436.7784,6/28/21,p,2021,06/17/2021 10:45 CDT,97375,29.84,58.18,1.145,8.215,590.65,102266.44
TWB14,Uvalde_2020_02,29.60214,-99.73007,436.7784,6/28/21,p,2021,06/17/2021 10:50 CDT,97374,29.82,54.64,1.005,8.215,595.28,102261.48
TWB14,Uvalde_2020_02,29.60214,-99.73007,436.7784,6/28/21,p,2021,06/17/2021 10:55 CDT,97384,29.96,58.55,1.315,8.215,589.36,102271.77
TWB14,Uvalde_2020_02,29.60214,-99.73007,436.7784,6/28/21,p,2021,06/17/2021 11:00 CDT,97387,30.17,51.44,2.14,8.215,601.82,102272.2
TWB14,Uvalde_2020_02,29.60214,-99.73007,436.7784,6/28/21,p,2021,06/17/2021 11:05 CDT,97385,30.06,52.98,1.87,8.215,328.52,102268.11
TWB14,Uvalde_2020_02,29.60214,-99.73007,436.7784,6/28/21,p,2021,06/17/2021 11:10 CDT,97384,29.79,51.9,1.58,8.215,369.49,102271.52
TWB14,Uvalde_2020_02,29.60214,-99.73007,436.7784,6/28/21,p,2021,06/17/2021 11:15 CDT,97384,30.15,50.89,1.375,8.215,422.11,102268.07
TWB14,Uvalde_2020_02,29.60214,-99.73007,436.7784,6/28/21,p,2021,06/17/2021 11:20 CDT,97384,30.11,53.92,2.08,8.215,484.01,102269.02
TWB14,Uvalde_2020_02,29.60214,-99.73007,436.7784,6/28/21,p,2021,06/17/2021 11:25 CDT,97383,30.23,52.24,2.415,8.215,310.66,102265.69
TWB14,Uvalde_2020_02,29.60214,-99.73007,436.7784,6/28/21,p,2021,06/17/2021 11:30 CDT,97384,29.81,50.96,2.71,8.215,437.55,102273.01
TWB14,Uvalde_2020_02,29.60214,-99.73007,436.7784,6/28/21,p,2021,06/17/2021 11:35 CDT,97382,30.21,50.72,1.56,8.215,671.39,102266.8
TWB14,Uvalde_2020_02,29.60214,-99.73007,436.7784,6/28/21,p,2021,06/17/2021 11:40 CDT,97381,30.64,48.87,2.135,8.215,596.93,102258.87
TWB14,Uvalde_2020_02,29.60214,-99.73007,436.7784,6/28/21,p,2021,06/17/2021 11:45 CDT,97385,30.42,51.49,2.01,8.215,302.49,102263.69
TWB14,Uvalde_2020_02,29.60214,-99.73007,436.7784,6/28/21,p,2021,06/17/2021 11:50 CDT,97384,29.98,51.83,1.805,8.215,255.53,102269.21
TWB14,Uvalde_2020_02,29.60214,-99.73007,436.7784,6/28/21,p,2021,06/17/2021 11:55 CDT,97378,30,51.62,1.105,8.215,157.31,102263.9
TWB14,Uvalde_2020_02,29.60214,-99.73007,436.7784,6/28/21,p,2021,06/17/2021 12:00 CDT,97375,29.91,50.11,2.83,8.215,537.69,102263.73
TWB14,Uvalde_2020_02,29.60214,-99.73007,436.7784,6/28/21,p,2021,06/17/2021 12:05 CDT,97373,30.45,48.56,2.005,8.215,618.94,102254.24
TWB14,Uvalde_2020_02,29.60214,-99.73007,436.7784,6/28/21,p,2021,06/17/2021 12:10 CDT,97370,30.4,50.35,2.13,8.215,283.59,102249.1
TWB14,Uvalde_2020_02,29.60214,-99.73007,436.7784,6/28/21,p,2021,06/17/2021 12:15 CDT,97357,30.44,50.41,1.195,8.215,624.56,102236.11
TWB14,Uvalde_2020_02,29.60214,-99.73007,436.7784,6/28/21,p,2021,06/17/2021 12:20 CDT,97350,30.73,49.27,1.635,8.215,310.07,102223.36
TWB14,Uvalde_2020_02,29.60214,-99.73007,436.7784,6/28/21,p,2021,06/17/2021 12:25 CDT,97348,30.68,47.69,0.7,8.215,649.13,102222.92
TWB14,Uvalde_2020_02,29.60214,-99.73007,436.7784,6/28/21,p,2021,06/17/2021 12:30 CDT,97345,31.17,49.13,1.78,8.215,337.52,102211.89
TWB14,Uvalde_2020_02,29.60214,-99.73007,436.7784,6/28/21,p,2021,06/17/2021 12:35 CDT,97340,30.6,50.95,1.535,8.215,248.96,102212.02
TWB14,Uvalde_2020_02,29.60214,-99.73007,436.7784,6/28/21,p,2021,06/17/2021 12:40 CDT,97337,30.79,49.07,1.1,8.215,664.69,102209.05
TWB14,Uvalde_2020_02,29.60214,-99.73007,436.7784,6/28/21,p,2021,06/17/2021 12:45 CDT,97330,31.59,45.53,1.55,8.215,722.56,102191.45
TWB14,Uvalde_2020_02,29.60214,-99.73007,436.7784,6/28/21,p,2021,06/17/2021 12:50 CDT,97323,31.26,48.39,1.355,8.215,253,102183.09
TWB14,Uvalde_2020_02,29.60214,-99.73007,436.7784,6/28/21,p,2021,06/17/2021 12:55 CDT,97311,30.83,50.61,0.84,8.215,170.8,102177.48
TWB14,Uvalde_2020_02,29.60214,-99.73007,436.7784,6/28/21,p,2021,06/17/2021 13:00 CDT,97314,30.83,47.92,1.255,8.215,186.69,102181.97
TWB14,Uvalde_2020_02,29.60214,-99.73007,436.7784,6/28/21,p,2021,06/17/2021 13:05 CDT,97310,31.1,43.41,1.985,8.215,782.75,102177.34
TWB14,Uvalde_2020_02,29.60214,-99.73007,436.7784,6/28/21,p,2021,06/17/2021 13:10 CDT,97308,31.59,45.49,1.285,8.215,363.7,102165.26
TWB14,Uvalde_2020_02,29.60214,-99.73007,436.7784,6/28/21,p,2021,06/17/2021 13:15 CDT,97307,31.36,46.27,1.365,8.215,237.87,102166.64
TWB14,Uvalde_2020_02,29.60214,-99.73007,436.7784,6/28/21,p,2021,06/17/2021 13:20 CDT,97297,31.28,46.67,1.475,8.215,697.5,102158.42
TWB14,Uvalde_2020_02,29.60214,-99.73007,436.7784,6/28/21,p,2021,06/17/2021 13:25 CDT,97295,31.58,47.48,1.975,7.72,312.64,102151.1
TWB14,Uvalde_2020_02,29.60214,-99.73007,436.7784,6/28/21,p,2021,06/17/2021 13:30 CDT,97295,31.18,45.36,1.32,7.72,153.06,102156.99
TWB14,Uvalde_2020_02,29.60214,-99.73007,436.7784,6/28/21,p,2021,06/17/2021 13:35 CDT,97285,31.08,44.55,0.63,7.72,135.93,102149.27
TWB14,Uvalde_2020_02,29.60214,-99.73007,436.7784,6/28/21,p,2021,06/17/2021 13:40 CDT,97282,31.01,45.9,0.77,7.72,108.46,102147.74
TWB14,Uvalde_2020_02,29.60214,-99.73007,436.7784,6/28/21,p,2021,06/17/2021 13:45 CDT,97275,30.9,48.76,0.635,7.72,124.58,102142.16
TWB14,Uvalde_2020_02,29.60214,-99.73007,436.7784,6/28/21,p,2021,06/17/2021 13:50 CDT,97268,30.86,47.95,0.695,7.72,468.86,102136.12
TWB14,Uvalde_2020_02,29.60214,-99.73007,436.7784,6/28/21,p,2021,06/17/2021 13:55 CDT,97260,31.54,44.18,1.05,7.72,791.38,102119.77
TWB14,Uvalde_2020_02,29.60214,-99.73007,436.7784,6/28/21,p,2021,06/17/2021 14:00 CDT,97252,31.9,49.57,1,7.72,787.3,102105.11
TWB14,Uvalde_2020_02,29.60214,-99.73007,436.7784,6/28/21,p,2021,06/17/2021 14:05 CDT,97243,32.41,47.38,1.375,7.72,721.28,102086.44
TWB14,Uvalde_2020_02,29.60214,-99.73007,436.7784,6/28/21,p,2021,06/17/2021 14:10 CDT,97236,32.3,45.36,1.635,7.72,541.4,102077.34
TWB14,Uvalde_2020_02,29.60214,-99.73007,436.7784,6/28/21,p,2021,06/17/2021 14:15 CDT,97228,32.63,37.62,1.55,7.72,783.81,102065
TWB14,Uvalde_2020_02,29.60214,-99.73007,436.7784,6/28/21,p,2021,06/17/2021 14:20 CDT,97225,32.43,40.11,1.73,7.72,394,102062.14
TWB14,Uvalde_2020_02,29.60214,-99.73007,436.7784,6/28/21,p,2021,06/17/2021 14:25 CDT,97220,32.05,43.14,1.105,7.72,179.96,102061.86
TWB14,Uvalde_2020_02,29.60214,-99.73007,436.7784,6/28/21,p,2021,06/17/2021 14:30 CDT,97223,31.73,43.91,1.69,7.72,183.24,102071.16
TWB14,Uvalde_2020_02,29.60214,-99.73007,436.7784,6/28/21,p,2021,06/17/2021 14:35 CDT,97226,31.46,43.78,1.79,7.72,181.18,102080.16
TWB14,Uvalde_2020_02,29.60214,-99.73007,436.7784,6/28/21,p,2021,06/17/2021 14:40 CDT,97214,31.33,47.38,2.095,7.72,259.14,102070.78
TWB14,Uvalde_2020_02,29.60214,-99.73007,436.7784,6/28/21,p,2021,06/17/2021 14:45 CDT,97206,31.43,47.31,1.855,7.72,359.06,102062.38
TWB14,Uvalde_2020_02,29.60214,-99.73007,436.7784,6/28/21,p,2021,06/17/2021 14:50 CDT,97192,31.77,42.7,1.945,7.72,721.56,102042.69
TWB14,Uvalde_2020_02,29.60214,-99.73007,436.7784,6/28/21,p,2021,06/17/2021 14:55 CDT,97190,32.3,42.9,1.76,7.72,722.18,102031.83
TWB14,Uvalde_2020_02,29.60214,-99.73007,436.7784,6/28/21,p,2021,06/17/2021 15:00 CDT,97188,32.64,43.48,1.29,7.72,726.99,102024.06
TWB14,Uvalde_2020_02,29.60214,-99.73007,436.7784,6/28/21,p,2021,06/17/2021 15:05 CDT,97178,32.75,44.48,2.115,7.72,751,102009.51
TWB14,Uvalde_2020_02,29.60214,-99.73007,436.7784,6/28/21,p,2021,06/17/2021 15:10 CDT,97170,32.74,40.38,2.25,7.72,641.36,101999.24
TWB14,Uvalde_2020_02,29.60214,-99.73007,436.7784,6/28/21,p,2021,06/17/2021 15:15 CDT,97156,32.48,40.78,1.395,7.72,371.71,101987.6
TWB14,Uvalde_2020_02,29.60214,-99.73007,436.7784,6/28/21,p,2021,06/17/2021 15:20 CDT,97156,32.46,43.3,2.14,7.72,760.59,101989.82
TWB14,Uvalde_2020_02,29.60214,-99.73007,436.7784,6/28/21,p,2021,06/17/2021 15:25 CDT,97144,32.88,42.05,1,7.72,718.89,101973.21
TWB14,Uvalde_2020_02,29.60214,-99.73007,436.7784,6/28/21,p,2021,06/17/2021 15:30 CDT,97144,32.95,43.37,2.03,7.72,215.99,101969.33
TWB14,Uvalde_2020_02,29.60214,-99.73007,436.7784,6/28/21,p,2021,06/17/2021 15:35 CDT,97145,32.32,45.05,2.51,7.72,182.55,101979.06
TWB14,Uvalde_2020_02,29.60214,-99.73007,436.7784,6/28/21,p,2021,06/17/2021 15:40 CDT,97143,31.91,45.08,2.98,7.72,186.89,101985.86
TWB14,Uvalde_2020_02,29.60214,-99.73007,436.7784,6/28/21,p,2021,06/17/2021 15:45 CDT,97137,31.85,44.14,2.21,7.72,299.93,101982.98
TWB14,Uvalde_2020_02,29.60214,-99.73007,436.7784,6/28/21,p,2021,06/17/2021 15:50 CDT,97136,32.16,44.37,1.88,7.72,563.53,101977.87
TWB14,Uvalde_2020_02,29.60214,-99.73007,436.7784,6/28/21,p,2021,06/17/2021 15:55 CDT,97136,32.51,42.99,2.31,7.72,659.93,101971.58
TWB14,Uvalde_2020_02,29.60214,-99.73007,436.7784,6/28/21,p,2021,06/17/2021 16:00 CDT,97135,32.68,40.8,2.165,7.72,491.72,101966.04
TWB14,Uvalde_2020_02,29.60214,-99.73007,436.7784,6/28/21,p,2021,06/17/2021 16:05 CDT,97131,32.68,44.57,2.745,7.72,677.45,101961.47
TWB14,Uvalde_2020_02,29.60214,-99.73007,436.7784,6/28/21,p,2021,06/17/2021 16:10 CDT,97123,32.86,47.33,1.66,7.72,565.79,101950.45
TWB14,Uvalde_2020_02,29.60214,-99.73007,436.7784,6/28/21,p,2021,06/17/2021 16:15 CDT,97115,32.77,43.6,2.155,7.72,645.56,101941.46
TWB14,Uvalde_2020_02,29.60214,-99.73007,436.7784,6/28/21,p,2021,06/17/2021 16:20 CDT,97102,33.13,42.02,1.15,7.72,628.58,101923.49
TWB14,Uvalde_2020_02,29.60214,-99.73007,436.7784,6/28/21,p,2021,06/17/2021 16:25 CDT,97118,33.09,41.28,1.825,7.72,184.31,101938.04
TWB14,Uvalde_2020_02,29.60214,-99.73007,436.7784,6/28/21,p,2021,06/17/2021 16:30 CDT,97119,32.38,42.35,1.445,7.72,130.34,101949.7
TWB14,Uvalde_2020_02,29.60214,-99.73007,436.7784,6/28/21,p,2021,06/17/2021 16:35 CDT,97119,32.21,42.92,1.25,7.72,136.67,101955.35
TWB14,Uvalde_2020_02,29.60214,-99.73007,436.7784,6/28/21,p,2021,06/17/2021 16:40 CDT,97121,32.09,42.55,0.905,7.72,171.41,101961.5
TWB14,Uvalde_2020_02,29.60214,-99.73007,436.7784,6/28/21,p,2021,06/17/2021 16:45 CDT,97111,32.49,41.95,1.005,7.72,565.02,101946.96
TWB14,Uvalde_2020_02,29.60214,-99.73007,436.7784,6/28/21,p,2021,06/17/2021 16:50 CDT,97102,32.99,43.06,2.09,7.72,569.11,101928.46
TWB14,Uvalde_2020_02,29.60214,-99.73007,436.7784,6/28/21,p,2021,06/17/2021 16:55 CDT,97105,32.84,40.87,2.08,7.72,227.59,101930.68
TWB14,Uvalde_2020_02,29.60214,-99.73007,436.7784,6/28/21,p,2021,06/17/2021 17:00 CDT,97112,32.41,42.66,2.075,7.72,161.65,101944.61
TWB14,Uvalde_2020_02,29.60214,-99.73007,436.7784,6/28/21,p,2021,06/17/2021 17:05 CDT,97118,32.14,43.06,2.05,7.72,151.62,101957.05
TWB14,Uvalde_2020_02,29.60214,-99.73007,436.7784,6/28/21,p,2021,06/17/2021 17:10 CDT,97116,31.99,43.6,2.265,7.72,165.39,101958.67
TWB14,Uvalde_2020_02,29.60214,-99.73007,436.7784,6/28/21,p,2021,06/17/2021 17:15 CDT,97107,31.83,45.72,2.625,7.72,156.92,101951.79
TWB14,Uvalde_2020_02,29.60214,-99.73007,436.7784,6/28/21,p,2021,06/17/2021 17:20 CDT,97104,31.69,45.75,2.21,7.72,156.03,101951.07
TWB14,Uvalde_2020_02,29.60214,-99.73007,436.7784,6/28/21,p,2021,06/17/2021 17:25 CDT,97099,31.75,45.69,2.04,7.72,337.77,101946.96
TWB14,Uvalde_2020_02,29.60214,-99.73007,436.7784,6/28/21,p,2021,06/17/2021 17:30 CDT,97099,32.11,45.79,2.905,7.72,246.34,101940.95
TWB14,Uvalde_2020_02,29.60214,-99.73007,436.7784,6/28/21,p,2021,06/17/2021 17:35 CDT,97100,32.24,44.48,2.14,7.72,427.72,101939.27
TWB14,Uvalde_2020_02,29.60214,-99.73007,436.7784,6/28/21,p,2021,06/17/2021 17:40 CDT,97098,32.52,42.7,2.385,7.72,419.92,101932.34
TWB14,Uvalde_2020_02,29.60214,-99.73007,436.7784,6/28/21,p,2021,06/17/2021 17:45 CDT,97091,32.7,43.61,2.2,7.72,383.12,101921.59
TWB14,Uvalde_2020_02,29.60214,-99.73007,436.7784,6/28/21,p,2021,06/17/2021 17:50 CDT,97091,32.59,41.93,1.79,7.72,398.8,101921.45
TWB14,Uvalde_2020_02,29.60214,-99.73007,436.7784,6/28/21,p,2021,06/17/2021 17:55 CDT,97090,32.68,43.03,2.225,7.72,373.92,101918.28
TWB14,Uvalde_2020_02,29.60214,-99.73007,436.7784,6/28/21,p,2021,06/17/2021 18:00 CDT,97082,32.44,43.34,2.485,7.72,389.17,101912.79
TWB14,Uvalde_2020_02,29.60214,-99.73007,436.7784,6/28/21,p,2021,06/17/2021 18:05 CDT,97084,32.56,43,2.765,7.72,376.74,101914.89
TWB14,Uvalde_2020_02,29.60214,-99.73007,436.7784,6/28/21,p,2021,06/17/2021 18:10 CDT,97084,32.24,43.67,3,7.72,248.45,101919.24
TWB14,Uvalde_2020_02,29.60214,-99.73007,436.7784,6/28/21,p,2021,06/17/2021 18:15 CDT,97077,31.96,43.74,2.41,7.72,158.98,101916.75
TWB14,Uvalde_2020_02,29.60214,-99.73007,436.7784,6/28/21,p,2021,06/17/2021 18:20 CDT,97077,31.95,44.35,1.67,7.72,171.43,101919.01
TWB14,Uvalde_2020_02,29.60214,-99.73007,436.7784,6/28/21,p,2021,06/17/2021 18:25 CDT,97077,31.83,44.65,2.005,7.72,237.61,101919.82
TWB14,Uvalde_2020_02,29.60214,-99.73007,436.7784,6/28/21,p,2021,06/17/2021 18:30 CDT,97075,31.96,43.5,2.135,7.72,275.95,101917.08
TWB14,Uvalde_2020_02,29.60214,-99.73007,436.7784,6/28/21,p,2021,06/17/2021 18:35 CDT,97073,32.09,42.19,2.375,7.72,270.64,101913.05
TWB14,Uvalde_2020_02,29.60214,-99.73007,436.7784,6/28/21,p,2021,06/17/2021 18:40 CDT,97065,32.07,42.46,2.74,7.72,261.38,101904.33
TWB14,Uvalde_2020_02,29.60214,-99.73007,436.7784,6/28/21,p,2021,06/17/2021 18:45 CDT,97066,32.04,43.94,2.225,7.72,262.66,101906.01
TWB14,Uvalde_2020_02,29.60214,-99.73007,436.7784,6/28/21,p,2021,06/17/2021 18:50 CDT,97069,32.16,43,1.66,7.72,248.21,101907.71
TWB14,Uvalde_2020_02,29.60214,-99.73007,436.7784,6/28/21,p,2021,06/17/2021 18:55 CDT,97072,32.15,42.26,1.895,7.72,243.89,101910.38
TWB14,Uvalde_2020_02,29.60214,-99.73007,436.7784,6/28/21,p,2021,06/17/2021 19:00 CDT,97068,32.14,42.39,2,7.72,230.04,101905.86
TWB14,Uvalde_2020_02,29.60214,-99.73007,436.7784,6/28/21,p,2021,06/17/2021 19:05 CDT,97064,32.03,44.95,2.115,7.72,200.35,101903.09
TWB14,Uvalde_2020_02,29.60214,-99.73007,436.7784,6/28/21,p,2021,06/17/2021 19:10 CDT,97073,31.91,42.13,2.795,7.72,184.97,101915.32
TWB14,Uvalde_2020_02,29.60214,-99.73007,436.7784,6/28/21,p,2021,06/17/2021 19:15 CDT,97077,31.81,42.8,2.135,7.72,173.18,101921.46
TWB14,Uvalde_2020_02,29.60214,-99.73007,436.7784,6/28/21,p,2021,06/17/2021 19:20 CDT,97077,31.76,44.72,2.045,7.72,160.59,101922.41
TWB14,Uvalde_2020_02,29.60214,-99.73007,436.7784,6/28/21,p,2021,06/17/2021 19:25 CDT,97079,31.71,42.36,2.005,7.72,146.52,101925.84
TWB14,Uvalde_2020_02,29.60214,-99.73007,436.7784,6/28/21,p,2021,06/17/2021 19:30 CDT,97081,31.68,44.08,2.125,7.72,125.23,101928.57
TWB14,Uvalde_2020_02,29.60214,-99.73007,436.7784,6/28/21,p,2021,06/17/2021 19:35 CDT,97087,31.47,43.38,2.925,7.72,111.9,101937.32
TWB14,Uvalde_2020_02,29.60214,-99.73007,436.7784,6/28/21,p,2021,06/17/2021 19:40 CDT,97090,31.29,42.8,2.765,7.72,98.7,101943.73
TWB14,Uvalde_2020_02,29.60214,-99.73007,436.7784,6/28/21,p,2021,06/17/2021 19:45 CDT,97092,31.18,43.51,2.085,7.72,85.58,101948.27
TWB14,Uvalde_2020_02,29.60214,-99.73007,436.7784,6/28/21,p,2021,06/17/2021 19:50 CDT,97089,31.09,43.78,2.025,7.72,74.33,101946.91
TWB14,Uvalde_2020_02,29.60214,-99.73007,436.7784,6/28/21,p,2021,06/17/2021 19:55 CDT,97092,30.95,44.76,1.835,7.72,64.62,101952.33
TWB14,Uvalde_2020_02,29.60214,-99.73007,436.7784,6/28/21,p,2021,06/17/2021 20:00 CDT,97088,30.8,43.21,2.225,7.72,51.39,101951.09
TWB14,Uvalde_2020_02,29.60214,-99.73007,436.7784,6/28/21,p,2021,06/17/2021 20:05 CDT,97091,30.66,43.75,2.105,7.72,36.33,101956.36
TWB14,Uvalde_2020_02,29.60214,-99.73007,436.7784,6/28/21,p,2021,06/17/2021 20:10 CDT,97088,30.55,44.49,2.125,7.72,28.91,101955.66
TWB14,Uvalde_2020_02,29.60214,-99.73007,436.7784,6/28/21,p,2021,06/17/2021 20:15 CDT,97087,30.43,45.8,1.25,7.72,29.37,101956.07
TWB14,Uvalde_2020_02,29.60214,-99.73007,436.7784,6/28/21,p,2021,06/17/2021 20:20 CDT,97096,30.17,46.17,1.185,7.72,23.23,101970.11
TWB14,Uvalde_2020_02,29.60214,-99.73007,436.7784,6/28/21,p,2021,06/17/2021 20:25 CDT,97103,29.99,46.85,1.09,7.72,16.22,101980.91
TWB14,Uvalde_2020_02,29.60214,-99.73007,436.7784,6/28/21,p,2021,06/17/2021 20:30 CDT,97106,29.79,48,0.82,7.72,10.78,101987.5
TWB14,Uvalde_2020_02,29.60214,-99.73007,436.7784,6/28/21,p,2021,06/17/2021 20:35 CDT,97112,29.51,47.52,0.97,7.72,7.69,101998.43
TWB14,Uvalde_2020_02,29.60214,-99.73007,436.7784,6/28/21,p,2021,06/17/2021 20:40 CDT,97114,29.34,48.64,1.015,7.72,4.82,102004.15
TWB14,Uvalde_2020_02,29.60214,-99.73007,436.7784,6/28/21,p,2021,06/17/2021 20:45 CDT,97114,29.14,50.76,0.665,7.72,3.67,102008.1
TWB14,Uvalde_2020_02,29.60214,-99.73007,436.7784,6/28/21,p,2021,06/17/2021 20:50 CDT,97116,28.87,50.53,0.765,7.72,2.57,102016.33
TWB14,Uvalde_2020_02,29.60214,-99.73007,436.7784,6/28/21,p,2021,06/17/2021 20:55 CDT,97118,28.65,54.06,0.495,7.72,2.09,102023.55
TWB14,Uvalde_2020_02,29.60214,-99.73007,436.7784,6/28/21,p,2021,06/17/2021 21:00 CDT,97120,28.45,54.87,0.445,7.72,1.7,102031.47
TWB14,Uvalde_2020_02,29.60214,-99.73007,436.7784,6/28/21,p,2021,06/17/2021 21:05 CDT,97121,28.17,57.64,0.295,7.72,1.74,102038.17
TWB14,Uvalde_2020_02,29.60214,-99.73007,436.7784,6/28/21,p,2021,06/17/2021 21:10 CDT,97123,27.66,58.48,0,7.72,1.7,102046.96
TWB14,Uvalde_2020_02,29.60214,-99.73007,436.7784,6/28/21,p,2021,06/17/2021 21:15 CDT,97126,27.13,59.47,0.03,7.72,1.75,102057.49
TWB14,Uvalde_2020_02,29.60214,-99.73007,436.7784,6/28/21,p,2021,06/17/2021 21:20 CDT,97129,26.68,62.54,0.03,7.72,1.77,102066.17
TWB14,Uvalde_2020_02,29.60214,-99.73007,436.7784,6/28/21,p,2021,06/17/2021 21:25 CDT,97132,26.33,63.85,0,7.72,1.55,102074.71
TWB14,Uvalde_2020_02,29.60214,-99.73007,436.7784,6/28/21,p,2021,06/17/2021 21:30 CDT,97137,26.05,64.66,0,7.72,1.17,102085.7
TWB14,Uvalde_2020_02,29.60214,-99.73007,436.7784,6/28/21,p,2021,06/17/2021 21:35 CDT,97142,25.87,67.49,0,7.72,1.21,102095.68
TWB14,Uvalde_2020_02,29.60214,-99.73007,436.7784,6/28/21,p,2021,06/17/2021 21:40 CDT,97144,25.61,67.22,0,7.72,0.56,102102.54
TWB14,Uvalde_2020_02,29.60214,-99.73007,436.7784,6/28/21,p,2021,06/17/2021 21:45 CDT,97151,25.31,68.57,0,7.72,0.77,102114.13
TWB14,Uvalde_2020_02,29.60214,-99.73007,436.7784,6/28/21,p,2021,06/17/2021 21:50 CDT,97157,25.01,69.12,0,7.72,1.16,102124.87
TWB14,Uvalde_2020_02,29.60214,-99.73007,436.7784,6/28/21,p,2021,06/17/2021 21:55 CDT,97161,24.82,70.74,0,7.72,1.24,102132.64
TWB14,Uvalde_2020_02,29.60214,-99.73007,436.7784,6/28/21,p,2021,06/17/2021 22:00 CDT,97165,24.74,71.14,0,7.72,1.15,102140.26
TWB14,Uvalde_2020_02,29.60214,-99.73007,436.7784,6/28/21,p,2021,06/17/2021 22:05 CDT,97165,24.56,71.85,0,7.72,0.54,102143.85
TWB14,Uvalde_2020_02,29.60214,-99.73007,436.7784,6/28/21,p,2021,06/17/2021 22:10 CDT,97168,24.34,72.03,0,7.72,0.61,102149.92
TWB14,Uvalde_2020_02,29.60214,-99.73007,436.7784,6/28/21,p,2021,06/17/2021 22:15 CDT,97170,24.11,73.38,0,7.72,0.52,102154.93
TWB14,Uvalde_2020_02,29.60214,-99.73007,436.7784,6/28/21,p,2021,06/17/2021 22:20 CDT,97174,23.87,77.49,0.105,7.72,0.04,102163.05
TWB14,Uvalde_2020_02,29.60214,-99.73007,436.7784,6/28/21,p,2021,06/17/2021 22:25 CDT,97178,23.71,75.67,0.22,7.72,0.16,102171.92
TWB14,Uvalde_2020_02,29.60214,-99.73007,436.7784,6/28/21,p,2021,06/17/2021 22:30 CDT,97177,23.73,74.93,0.38,7.72,0.29,102172.25
TWB14,Uvalde_2020_02,29.60214,-99.73007,436.7784,6/28/21,p,2021,06/17/2021 22:35 CDT,97187,23.74,75.27,0.22,7.72,0,102184.32
TWB14,Uvalde_2020_02,29.60214,-99.73007,436.7784,6/28/21,p,2021,06/17/2021 22:40 CDT,97196,23.59,76.45,0.04,7.72,0,102195.84
TWB14,Uvalde_2020_02,29.60214,-99.73007,436.7784,6/28/21,p,2021,06/17/2021 22:45 CDT,97201,23.37,76.12,0,7.72,0.57,102202.66
TWB14,Uvalde_2020_02,29.60214,-99.73007,436.7784,6/28/21,p,2021,06/17/2021 22:50 CDT,97207,23.16,77.11,0.225,7.72,0.13,102211.73
TWB14,Uvalde_2020_02,29.60214,-99.73007,436.7784,6/28/21,p,2021,06/17/2021 22:55 CDT,97209,22.96,78.56,0.245,7.72,0.64,102215.55
TWB14,Uvalde_2020_02,29.60214,-99.73007,436.7784,6/28/21,p,2021,06/17/2021 23:00 CDT,97210,22.81,79.06,0,7.72,0.61,102218.16
TWB14,Uvalde_2020_02,29.60214,-99.73007,436.7784,6/28/21,p,2021,06/17/2021 23:05 CDT,97210,22.69,80.7,0,7.72,0.63,102220.22
TWB14,Uvalde_2020_02,29.60214,-99.73007,436.7784,6/28/21,p,2021,06/17/2021 23:10 CDT,97218,22.55,80.7,0,7.72,0,102231.41
TWB14,Uvalde_2020_02,29.60214,-99.73007,436.7784,6/28/21,p,2021,06/17/2021 23:15 CDT,97230,22.46,81.5,0.015,7.72,0.02,102247.15
TWB14,Uvalde_2020_02,29.60214,-99.73007,436.7784,6/28/21,p,2021,06/17/2021 23:20 CDT,97235,22.35,81.7,0.02,7.72,0.25,102255.19
TWB14,Uvalde_2020_02,29.60214,-99.73007,436.7784,6/28/21,p,2021,06/17/2021 23:25 CDT,97238,22.25,81.9,0,7.72,0.1,102260.09
TWB14,Uvalde_2020_02,29.60214,-99.73007,436.7784,6/28/21,p,2021,06/17/2021 23:30 CDT,97242,22.1,81.7,0,7.72,0.42,102266.56
TWB14,Uvalde_2020_02,29.60214,-99.73007,436.7784,6/28/21,p,2021,06/17/2021 23:35 CDT,97245,21.98,82.4,0,7.72,0.28,102271.45
TWB14,Uvalde_2020_02,29.60214,-99.73007,436.7784,6/28/21,p,2021,06/17/2021 23:40 CDT,97240,21.88,82.9,0,7.72,0.05,102267.06
TWB14,Uvalde_2020_02,29.60214,-99.73007,436.7784,6/28/21,p,2021,06/17/2021 23:45 CDT,97240,21.77,84.2,0.005,7.72,0.08,102268.28
TWB14,Uvalde_2020_02,29.60214,-99.73007,436.7784,6/28/21,p,2021,06/17/2021 23:50 CDT,97247,21.73,84.6,0,7.72,0.02,102277.73
TWB14,Uvalde_2020_02,29.60214,-99.73007,436.7784,6/28/21,p,2021,06/17/2021 23:55 CDT,97242,21.73,83.9,0.155,7.72,0,102273.7
TWB14,Uvalde_2020_02,29.60214,-99.73007,436.7784,6/28/21,p,2021,06/18/2021 00:00 CDT,97243,21.74,83.8,0.17,7.72,0,102275.1
TWB14,Uvalde_2020_02,29.60214,-99.73007,436.7784,6/28/21,p,2021,06/18/2021 00:05 CDT,97251,21.79,84.3,0.195,7.72,0,102283.34
TWB14,Uvalde_2020_02,29.60214,-99.73007,436.7784,6/28/21,p,2021,06/18/2021 00:10 CDT,97257,21.82,84.3,0.045,7.72,0.13,102289.83
TWB14,Uvalde_2020_02,29.60214,-99.73007,436.7784,6/28/21,p,2021,06/18/2021 00:15 CDT,97259,21.74,85.1,0.03,7.72,0.03,102292.62
TWB14,Uvalde_2020_02,29.60214,-99.73007,436.7784,6/28/21,p,2021,06/18/2021 00:20 CDT,97262,21.67,85.8,0.12,7.72,0.09,102296.82
TWB14,Uvalde_2020_02,29.60214,-99.73007,436.7784,6/28/21,p,2021,06/18/2021 00:25 CDT,97265,21.68,86.5,0.32,7.72,0,102301.55
TWB14,Uvalde_2020_02,29.60214,-99.73007,436.7784,6/28/21,p,2021,06/18/2021 00:30 CDT,97260,21.59,86,0.055,7.72,0,102297.34
TWB14,Uvalde_2020_02,29.60214,-99.73007,436.7784,6/28/21,p,2021,06/18/2021 00:35 CDT,97260,21.53,86.6,0.145,7.72,0,102297.69
TWB14,Uvalde_2020_02,29.60214,-99.73007,436.7784,6/28/21,p,2021,06/18/2021 00:40 CDT,97264,21.49,86.6,0.235,7.72,0,102302.77
TWB14,Uvalde_2020_02,29.60214,-99.73007,436.7784,6/28/21,p,2021,06/18/2021 00:45 CDT,97257,21.41,86.7,0.415,7.72,0,102297.16
TWB14,Uvalde_2020_02,29.60214,-99.73007,436.7784,6/28/21,p,2021,06/18/2021 00:50 CDT,97255,21.34,86.8,0.305,7.72,0,102296.64
TWB14,Uvalde_2020_02,29.60214,-99.73007,436.7784,6/28/21,p,2021,06/18/2021 00:55 CDT,97251,21.18,86.9,0,7.72,0.05,102292.78
TWB14,Uvalde_2020_02,29.60214,-99.73007,436.7784,6/28/21,p,2021,06/18/2021 01:00 CDT,97241,21.13,86.9,0,7.72,0,102283.32
TWB14,Uvalde_2020_02,29.60214,-99.73007,436.7784,6/28/21,p,2021,06/18/2021 01:05 CDT,97230,20.98,87.2,0,7.72,0.16,102273.68
TWB14,Uvalde_2020_02,29.60214,-99.73007,436.7784,6/28/21,p,2021,06/18/2021 01:10 CDT,97221,20.76,87.5,0,7.72,0.29,102265.61
TWB14,Uvalde_2020_02,29.60214,-99.73007,436.7784,6/28/21,p,2021,06/18/2021 01:15 CDT,97220,20.65,87.8,0.03,7.72,0.08,102265.97
TWB14,Uvalde_2020_02,29.60214,-99.73007,436.7784,6/28/21,p,2021,06/18/2021 01:20 CDT,97217,20.63,87.6,0.05,7.72,0.01,102263.69
TWB14,Uvalde_2020_02,29.60214,-99.73007,436.7784,6/28/21,p,2021,06/18/2021 01:25 CDT,97218,20.55,87.9,0,7.72,0.02,102266.15
TWB14,Uvalde_2020_02,29.60214,-99.73007,436.7784,6/28/21,p,2021,06/18/2021 01:30 CDT,97219,20.47,88.6,0,7.72,0.46,102268.78
TWB14,Uvalde_2020_02,29.60214,-99.73007,436.7784,6/28/21,p,2021,06/18/2021 01:35 CDT,97214,20.44,88.9,0.04,7.72,0.48,102263.69
TWB14,Uvalde_2020_02,29.60214,-99.73007,436.7784,6/28/21,p,2021,06/18/2021 01:40 CDT,97210,20.37,89.2,0,7.72,0.62,102260.37
TWB14,Uvalde_2020_02,29.60214,-99.73007,436.7784,6/28/21,p,2021,06/18/2021 01:45 CDT,97208,20.29,89.3,0,7.72,0.08,102260.02
TWB14,Uvalde_2020_02,29.60214,-99.73007,436.7784,6/28/21,p,2021,06/18/2021 01:50 CDT,97207,20.2,89.7,0,7.72,0.1,102260.56
TWB14,Uvalde_2020_02,29.60214,-99.73007,436.7784,6/28/21,p,2021,06/18/2021 01:55 CDT,97206,20.1,90,0,7.72,0.19,102260.38
TWB14,Uvalde_2020_02,29.60214,-99.73007,436.7784,6/28/21,p,2021,06/18/2021 02:00 CDT,97198,20.02,90.2,0.025,7.72,0.36,102253.38
TWB14,Uvalde_2020_02,29.60214,-99.73007,436.7784,6/28/21,p,2021,06/18/2021 02:05 CDT,97196,20.01,90.2,0.015,7.72,0.83,102253.04
TWB14,Uvalde_2020_02,29.60214,-99.73007,436.7784,6/28/21,p,2021,06/18/2021 02:10 CDT,97195,19.96,90.9,0,7.72,0.06,102252.87
TWB14,Uvalde_2020_02,29.60214,-99.73007,436.7784,6/28/21,p,2021,06/18/2021 02:15 CDT,97184,19.97,91,0,7.72,0.43,102241.82
TWB14,Uvalde_2020_02,29.60214,-99.73007,436.7784,6/28/21,p,2021,06/18/2021 02:20 CDT,97175,19.91,91.6,0,7.72,0.13,102233.24
TWB14,Uvalde_2020_02,29.60214,-99.73007,436.7784,6/28/21,p,2021,06/18/2021 02:25 CDT,97171,19.83,92,0.08,7.72,0,102230.09
TWB14,Uvalde_2020_02,29.60214,-99.73007,436.7784,6/28/21,p,2021,06/18/2021 02:30 CDT,97170,19.9,91.9,0.435,7.72,0,102229.92
TWB14,Uvalde_2020_02,29.60214,-99.73007,436.7784,6/28/21,p,2021,06/18/2021 02:35 CDT,97169,19.89,91.9,0.46,7.72,0,102230.28
TWB14,Uvalde_2020_02,29.60214,-99.73007,436.7784,6/28/21,p,2021,06/18/2021 02:40 CDT,97168,19.95,92.2,0.355,7.72,0,102230.29
TWB14,Uvalde_2020_02,29.60214,-99.73007,436.7784,6/28/21,p,2021,06/18/2021 02:45 CDT,97167,19.87,92.2,0,7.72,0.11,102229.06
TWB14,Uvalde_2020_02,29.60214,-99.73007,436.7784,6/28/21,p,2021,06/18/2021 02:50 CDT,97160,19.79,92.6,0.05,7.72,0.04,102221.87
TWB14,Uvalde_2020_02,29.60214,-99.73007,436.7784,6/28/21,p,2021,06/18/2021 02:55 CDT,97155,19.72,92.9,0,7.72,0.18,102216.61
TWB14,Uvalde_2020_02,29.60214,-99.73007,436.7784,6/28/21,p,2021,06/18/2021 03:00 CDT,97156,19.64,93.3,0,7.72,0,102217.48
TWB14,Uvalde_2020_02,29.60214,-99.73007,436.7784,6/28/21,p,2021,06/18/2021 03:05 CDT,97154,19.65,93.5,0.015,7.72,0.01,102215.2
TWB14,Uvalde_2020_02,29.60214,-99.73007,436.7784,6/28/21,p,2021,06/18/2021 03:10 CDT,97147,19.69,93.3,0.11,7.72,0.07,102207.66
TWB14,Uvalde_2020_02,29.60214,-99.73007,436.7784,6/28/21,p,2021,06/18/2021 03:15 CDT,97150,19.63,93.5,0,7.72,0,102211.35
TWB14,Uvalde_2020_02,29.60214,-99.73007,436.7784,6/28/21,p,2021,06/18/2021 03:20 CDT,97152,19.53,93.7,0,7.72,0,102214.51
TWB14,Uvalde_2020_02,29.60214,-99.73007,436.7784,6/28/21,p,2021,06/18/2021 03:25 CDT,97157,19.45,93.7,0.165,7.72,0,102221.72
TWB14,Uvalde_2020_02,29.60214,-99.73007,436.7784,6/28/21,p,2021,06/18/2021 03:30 CDT,97158,19.35,93.7,0.05,7.72,0.36,102224.55
TWB14,Uvalde_2020_02,29.60214,-99.73007,436.7784,6/28/21,p,2021,06/18/2021 03:35 CDT,97149,19.36,93.9,0.255,7.72,0,102215.96
TWB14,Uvalde_2020_02,29.60214,-99.73007,436.7784,6/28/21,p,2021,06/18/2021 03:40 CDT,97147,19.24,94.2,0.36,7.72,0,102216.16
TWB14,Uvalde_2020_02,29.60214,-99.73007,436.7784,6/28/21,p,2021,06/18/2021 03:45 CDT,97151,19.14,94.5,0.48,7.72,0.06,102221.44
TWB14,Uvalde_2020_02,29.60214,-99.73007,436.7784,6/28/21,p,2021,06/18/2021 03:50 CDT,97149,19.14,94.8,0.16,7.72,0.34,102218.98
TWB14,Uvalde_2020_02,29.60214,-99.73007,436.7784,6/28/21,p,2021,06/18/2021 03:55 CDT,97157,19.15,94.9,0,7.72,0.03,102226.15
TWB14,Uvalde_2020_02,29.60214,-99.73007,436.7784,6/28/21,p,2021,06/18/2021 04:00 CDT,97161,19.14,95.3,0,7.72,0,102230
TWB14,Uvalde_2020_02,29.60214,-99.73007,436.7784,6/28/21,p,2021,06/18/2021 04:05 CDT,97161,19.16,95.2,0.005,7.72,0.26,102229.65
TWB14,Uvalde_2020_02,29.60214,-99.73007,436.7784,6/28/21,p,2021,06/18/2021 04:10 CDT,97162,19.19,95.1,0.315,7.72,0,102230.34
TWB14,Uvalde_2020_02,29.60214,-99.73007,436.7784,6/28/21,p,2021,06/18/2021 04:15 CDT,97165,19.23,95.5,0.33,7.72,0,102233.5
TWB14,Uvalde_2020_02,29.60214,-99.73007,436.7784,6/28/21,p,2021,06/18/2021 04:20 CDT,97175,19.29,95.4,0.43,7.72,0,102243.13
TWB14,Uvalde_2020_02,29.60214,-99.73007,436.7784,6/28/21,p,2021,06/18/2021 04:25 CDT,97175,19.18,95.2,0.21,7.72,0,102245.09
TWB14,Uvalde_2020_02,29.60214,-99.73007,436.7784,6/28/21,p,2021,06/18/2021 04:30 CDT,97175,19.06,95.3,0.015,7.72,0.03,102246.86
TWB14,Uvalde_2020_02,29.60214,-99.73007,436.7784,6/28/21,p,2021,06/18/2021 04:35 CDT,97176,19.01,95.5,0,7.72,0,102248.09
TWB14,Uvalde_2020_02,29.60214,-99.73007,436.7784,6/28/21,p,2021,06/18/2021 04:40 CDT,97170,19.04,95.6,0,7.72,0,102241.42
TWB14,Uvalde_2020_02,29.60214,-99.73007,436.7784,6/28/21,p,2021,06/18/2021 04:45 CDT,97164,19.05,95.4,0,7.72,0.19,102235.29
TWB14,Uvalde_2020_02,29.60214,-99.73007,436.7784,6/28/21,p,2021,06/18/2021 04:50 CDT,97166,19.03,95.3,0.055,7.72,0,102237.57
TWB14,Uvalde_2020_02,29.60214,-99.73007,436.7784,6/28/21,p,2021,06/18/2021 04:55 CDT,97170,18.95,95.2,0.12,7.72,0,102243.91
TWB14,Uvalde_2020_02,29.60214,-99.73007,436.7784,6/28/21,p,2021,06/18/2021 05:00 CDT,97167,18.8,95.4,0.09,7.72,0.06,102243.25
TWB14,Uvalde_2020_02,29.60214,-99.73007,436.7784,6/28/21,p,2021,06/18/2021 05:05 CDT,97164,18.64,95.5,0.015,7.72,0.68,102241.52
TWB14,Uvalde_2020_02,29.60214,-99.73007,436.7784,6/28/21,p,2021,06/18/2021 05:10 CDT,97162,18.62,95.4,0.185,7.72,0.24,102240.66
TWB14,Uvalde_2020_02,29.60214,-99.73007,436.7784,6/28/21,p,2021,06/18/2021 05:15 CDT,97164,18.59,95.3,0.06,7.72,0.62,102244.37
TWB14,Uvalde_2020_02,29.60214,-99.73007,436.7784,6/28/21,p,2021,06/18/2021 05:20 CDT,97165,18.53,95.3,0.08,7.72,0.25,102246.49
TWB14,Uvalde_2020_02,29.60214,-99.73007,436.7784,6/28/21,p,2021,06/18/2021 05:25 CDT,97168,18.45,96,0.05,7.72,0.05,102250.71
TWB14,Uvalde_2020_02,29.60214,-99.73007,436.7784,6/28/21,p,2021,06/18/2021 05:30 CDT,97176,18.45,95.7,0.105,7.72,0.01,102258.6
TWB14,Uvalde_2020_02,29.60214,-99.73007,436.7784,6/28/21,p,2021,06/18/2021 05:35 CDT,97168,18.4,96.3,0.065,7.72,0.17,102251.25
TWB14,Uvalde_2020_02,29.60214,-99.73007,436.7784,6/28/21,p,2021,06/18/2021 05:40 CDT,97172,18.41,96.2,0.005,7.72,0,102254.57
TWB14,Uvalde_2020_02,29.60214,-99.73007,436.7784,6/28/21,p,2021,06/18/2021 05:45 CDT,97169,18.26,96,0,7.72,0.01,102252.84
TWB14,Uvalde_2020_02,29.60214,-99.73007,436.7784,6/28/21,p,2021,06/18/2021 05:50 CDT,97164,18.21,96.1,0,7.72,0.04,102249.18
TWB14,Uvalde_2020_02,29.60214,-99.73007,436.7784,6/28/21,p,2021,06/18/2021 05:55 CDT,97169,18.18,96.3,0,7.72,0.02,102254.98
TWB14,Uvalde_2020_02,29.60214,-99.73007,436.7784,6/28/21,p,2021,06/18/2021 06:00 CDT,97177,18.2,96.3,0.24,7.72,0,102263.58
TWB14,Uvalde_2020_02,29.60214,-99.73007,436.7784,6/28/21,p,2021,06/18/2021 06:05 CDT,97181,18.18,96.3,0.14,7.72,0,102269.22
TWB14,Uvalde_2020_02,29.60214,-99.73007,436.7784,6/28/21,p,2021,06/18/2021 06:10 CDT,97181,18.2,96.5,0,7.72,0.02,102270.11
TWB14,Uvalde_2020_02,29.60214,-99.73007,436.7784,6/28/21,p,2021,06/18/2021 06:15 CDT,97181,18.23,96.7,0,7.72,0,102268.86
TWB14,Uvalde_2020_02,29.60214,-99.73007,436.7784,6/28/21,p,2021,06/18/2021 06:20 CDT,97181,18.18,96.6,0,7.72,0,102268.14
TWB14,Uvalde_2020_02,29.60214,-99.73007,436.7784,6/28/21,p,2021,06/18/2021 06:25 CDT,97181,18.06,96.4,0,7.72,0.49,102269.4
TWB14,Uvalde_2020_02,29.60214,-99.73007,436.7784,6/28/21,p,2021,06/18/2021 06:30 CDT,97181,17.98,96.5,0,7.72,0,102271.18
TWB14,Uvalde_2020_02,29.60214,-99.73007,436.7784,6/28/21,p,2021,06/18/2021 06:35 CDT,97181,17.86,96.3,0,7.72,0.98,102273.33
TWB14,Uvalde_2020_02,29.60214,-99.73007,436.7784,6/28/21,p,2021,06/18/2021 06:40 CDT,97181,17.76,96.4,0.01,7.72,2.09,102275.66
TWB14,Uvalde_2020_02,29.60214,-99.73007,436.7784,6/28/21,p,2021,06/18/2021 06:45 CDT,97186,17.74,96.3,0.225,7.72,4.07,102282.36
TWB14,Uvalde_2020_02,29.60214,-99.73007,436.7784,6/28/21,p,2021,06/18/2021 06:50 CDT,97195,17.69,96.3,0.065,7.72,5.26,102293.27
TWB14,Uvalde_2020_02,29.60214,-99.73007,436.7784,6/28/21,p,2021,06/18/2021 06:55 CDT,97197,17.59,96.5,0.06,7.72,7.97,102296.63
TWB14,Uvalde_2020_02,29.60214,-99.73007,436.7784,6/28/21,p,2021,06/18/2021 07:00 CDT,97201,17.65,96.5,0.38,7.72,10.08,102301.56
TWB14,Uvalde_2020_02,29.60214,-99.73007,436.7784,6/28/21,p,2021,06/18/2021 07:05 CDT,97198,17.67,97.1,0.235,7.72,13.02,102297.5
TWB14,Uvalde_2020_02,29.60214,-99.73007,436.7784,6/28/21,p,2021,06/18/2021 07:10 CDT,97199,17.83,97,0.05,7.72,16.1,102295.68
TWB14,Uvalde_2020_02,29.60214,-99.73007,436.7784,6/28/21,p,2021,06/18/2021 07:15 CDT,97197,17.95,97.5,0.01,7.72,18.87,102292.86
TWB14,Uvalde_2020_02,29.60214,-99.73007,436.7784,6/28/21,p,2021,06/18/2021 07:20 CDT,97195,18.2,97.5,0,7.72,32.61,102287.17
TWB14,Uvalde_2020_02,29.60214,-99.73007,436.7784,6/28/21,p,2021,06/18/2021 07:25 CDT,97195,18.33,97.5,0.235,7.72,53.62,102283.77
TWB14,Uvalde_2020_02,29.60214,-99.73007,436.7784,6/28/21,p,2021,06/18/2021 07:30 CDT,97198,18.43,97.5,0.095,7.72,70.62,102284.24
TWB14,Uvalde_2020_02,29.60214,-99.73007,436.7784,6/28/21,p,2021,06/18/2021 07:35 CDT,97195,18.64,97.4,0.05,7.72,87.81,102277.33
TWB14,Uvalde_2020_02,29.60214,-99.73007,436.7784,6/28/21,p,2021,06/18/2021 07:40 CDT,97197,18.87,97.2,0.225,7.72,101.26,102274.8
TWB14,Uvalde_2020_02,29.60214,-99.73007,436.7784,6/28/21,p,2021,06/18/2021 07:45 CDT,97197,19.19,96.7,0.365,7.72,111.44,102269.11
TWB14,Uvalde_2020_02,29.60214,-99.73007,436.7784,6/28/21,p,2021,06/18/2021 07:50 CDT,97195,19.41,96.1,0.82,7.72,126.39,102262.57
TWB14,Uvalde_2020_02,29.60214,-99.73007,436.7784,6/28/21,p,2021,06/18/2021 07:55 CDT,97197,19.54,95.6,0.975,7.72,135.89,102260.07
TWB14,Uvalde_2020_02,29.60214,-99.73007,436.7784,6/28/21,p,2021,06/18/2021 08:00 CDT,97203,19.9,95,0.57,7.72,144.63,102260.55
TWB14,Uvalde_2020_02,29.60214,-99.73007,436.7784,6/28/21,p,2021,06/18/2021 08:05 CDT,97205,20.18,93.9,1.105,7.72,156.69,102257.01
TWB14,Uvalde_2020_02,29.60214,-99.73007,436.7784,6/28/21,p,2021,06/18/2021 08:10 CDT,97206,20.4,92,1.415,7.72,164.79,102253.5
TWB14,Uvalde_2020_02,29.60214,-99.73007,436.7784,6/28/21,p,2021,06/18/2021 08:15 CDT,97205,20.62,90.9,1.33,7.72,170.57,102247.88
TWB14,Uvalde_2020_02,29.60214,-99.73007,436.7784,6/28/21,p,2021,06/18/2021 08:20 CDT,97203,20.95,89.7,1.23,7.72,176.48,102240.52
TWB14,Uvalde_2020_02,29.60214,-99.73007,436.7784,6/28/21,p,2021,06/18/2021 08:25 CDT,97202,21.25,87.9,1.15,7.72,183.7,102233.35
TWB14,Uvalde_2020_02,29.60214,-99.73007,436.7784,6/28/21,p,2021,06/18/2021 08:30 CDT,97204,21.62,87.5,0.89,7.72,191.79,102229.87
TWB14,Uvalde_2020_02,29.60214,-99.73007,436.7784,6/28/21,p,2021,06/18/2021 08:35 CDT,97209,22.16,86,0.5,7.72,201.31,102226.95
TWB14,Uvalde_2020_02,29.60214,-99.73007,436.7784,6/28/21,p,2021,06/18/2021 08:40 CDT,97206,22.56,83,0.58,7.72,214.39,102217.04
TWB14,Uvalde_2020_02,29.60214,-99.73007,436.7784,6/28/21,p,2021,06/18/2021 08:45 CDT,97209,22.98,82.5,0.18,7.72,225.98,102215.17
TWB14,Uvalde_2020_02,29.60214,-99.73007,436.7784,6/28/21,p,2021,06/18/2021 08:50 CDT,97202,24.01,78.88,0.03,7.72,233.41,102198.34
TWB14,Uvalde_2020_02,29.60214,-99.73007,436.7784,6/28/21,p,2021,06/18/2021 08:55 CDT,97204,24.67,78.68,0.05,7.72,246.3,102190.29
TWB14,Uvalde_2020_02,29.60214,-99.73007,436.7784,6/28/21,p,2021,06/18/2021 09:00 CDT,97206,25.13,76.45,0.025,7.72,259,102182.63
TWB14,Uvalde_2020_02,29.60214,-99.73007,436.7784,6/28/21,p,2021,06/18/2021 09:05 CDT,97205,25.62,75.91,0.015,7.72,275.59,102174.58
TWB14,Uvalde_2020_02,29.60214,-99.73007,436.7784,6/28/21,p,2021,06/18/2021 09:10 CDT,97210,25.72,74.79,0.205,7.72,292.56,102172.69
TWB14,Uvalde_2020_02,29.60214,-99.73007,436.7784,6/28/21,p,2021,06/18/2021 09:15 CDT,97211,25.85,73.37,0.195,7.72,304.92,102168.15
TWB14,Uvalde_2020_02,29.60214,-99.73007,436.7784,6/28/21,p,2021,06/18/2021 09:20 CDT,97211,26.35,69.56,0.18,7.72,317.9,102161.23
TWB14,Uvalde_2020_02,29.60214,-99.73007,436.7784,6/28/21,p,2021,06/18/2021 09:25 CDT,97212,26.79,68.95,0.21,7.72,332.69,102154.51
TWB14,Uvalde_2020_02,29.60214,-99.73007,436.7784,6/28/21,p,2021,06/18/2021 09:30 CDT,97218,27.29,66.59,0.24,7.72,346.29,102154.43
TWB14,Uvalde_2020_02,29.60214,-99.73007,436.7784,6/28/21,p,2021,06/18/2021 09:35 CDT,97221,27.03,65.92,0.67,7.72,368.54,102153.38
TWB14,Uvalde_2020_02,29.60214,-99.73007,436.7784,6/28/21,p,2021,06/18/2021 09:40 CDT,97220,27.02,65.5,0.76,7.72,378.74,102150.66
TWB14,Uvalde_2020_02,29.60214,-99.73007,436.7784,6/28/21,p,2021,06/18/2021 09:45 CDT,97219,27.04,64.35,0.515,7.72,389.11,102149.11
TWB14,Uvalde_2020_02,29.60214,-99.73007,436.7784,6/28/21,p,2021,06/18/2021 09:50 CDT,97217,27.5,62.56,0.52,7.72,396.73,102140.66
TWB14,Uvalde_2020_02,29.60214,-99.73007,436.7784,6/28/21,p,2021,06/18/2021 09:55 CDT,97213,27.57,62.06,0.625,7.72,413.02,102132.95
TWB14,Uvalde_2020_02,29.60214,-99.73007,436.7784,6/28/21,p,2021,06/18/2021 10:00 CDT,97211,27.87,60.33,0.695,7.72,423.75,102127.69
TWB14,Uvalde_2020_02,29.60214,-99.73007,436.7784,6/28/21,p,2021,06/18/2021 10:05 CDT,97208,27.91,59.99,0.675,7.72,438.31,102124.37
TWB14,Uvalde_2020_02,29.60214,-99.73007,436.7784,6/28/21,p,2021,06/18/2021 10:10 CDT,97200,28.22,61,0.3,7.72,441.67,102112.12
TWB14,Uvalde_2020_02,29.60214,-99.73007,436.7784,6/28/21,p,2021,06/18/2021 10:15 CDT,97193,28.22,62.85,0.66,7.72,457.95,102102.75
TWB14,Uvalde_2020_02,29.60214,-99.73007,436.7784,6/28/21,p,2021,06/18/2021 10:20 CDT,97189,28.24,58.57,0.77,7.72,471.18,102095.59
TWB14,Uvalde_2020_02,29.60214,-99.73007,436.7784,6/28/21,p,2021,06/18/2021 10:25 CDT,97187,28.34,57.72,0.98,7.72,483.83,102091.34
TWB14,Uvalde_2020_02,29.60214,-99.73007,436.7784,6/28/21,p,2021,06/18/2021 10:30 CDT,97183,28.48,59.85,0.95,7.72,492.81,102084.13
TWB14,Uvalde_2020_02,29.60214,-99.73007,436.7784,6/28/21,p,2021,06/18/2021 10:35 CDT,97177,28.48,56.71,0.855,7.72,501.04,102079.68
TWB14,Uvalde_2020_02,29.60214,-99.73007,436.7784,6/28/21,p,2021,06/18/2021 10:40 CDT,97174,28.69,57.65,1.265,7.72,518.07,102072.37
TWB14,Uvalde_2020_02,29.60214,-99.73007,436.7784,6/28/21,p,2021,06/18/2021 10:45 CDT,97170,28.76,55.76,0.81,7.72,526.63,102068.19
TWB14,Uvalde_2020_02,29.60214,-99.73007,436.7784,6/28/21,p,2021,06/18/2021 10:50 CDT,97164,28.77,58.99,0.895,7.72,532.65,102061.52
TWB14,Uvalde_2020_02,29.60214,-99.73007,436.7784,6/28/21,p,2021,06/18/2021 10:55 CDT,97154,29.27,53.56,1.29,7.72,550.18,102043.63
TWB14,Uvalde_2020_02,29.60214,-99.73007,436.7784,6/28/21,p,2021,06/18/2021 11:00 CDT,97148,29.34,52.05,1.055,7.72,561.35,102035.53
TWB14,Uvalde_2020_02,29.60214,-99.73007,436.7784,6/28/21,p,2021,06/18/2021 11:05 CDT,97147,29.47,52.01,0.955,7.72,568.25,102031.51
TWB14,Uvalde_2020_02,29.60214,-99.73007,436.7784,6/28/21,p,2021,06/18/2021 11:10 CDT,97144,29.86,52.01,0.81,7.72,570.87,102022.26
TWB14,Uvalde_2020_02,29.60214,-99.73007,436.7784,6/28/21,p,2021,06/18/2021 11:15 CDT,97142,29.55,52.91,2.375,7.72,614.36,102019.66
TWB14,Uvalde_2020_02,29.60214,-99.73007,436.7784,6/28/21,p,2021,06/18/2021 11:20 CDT,97142,29.52,51.87,1.35,7.72,601.73,102021.81
TWB14,Uvalde_2020_02,29.60214,-99.73007,436.7784,6/28/21,p,2021,06/18/2021 11:25 CDT,97141,29.81,50.45,1.12,7.72,607.15,102016.99
TWB14,Uvalde_2020_02,29.60214,-99.73007,436.7784,6/28/21,p,2021,06/18/2021 11:30 CDT,97134,30.07,50.72,0.74,7.72,556.54,102007.17
TWB14,Uvalde_2020_02,29.60214,-99.73007,436.7784,6/28/21,p,2021,06/18/2021 11:35 CDT,97119,30.09,50.32,1.91,7.72,664.32,101990.28
TWB14,Uvalde_2020_02,29.60214,-99.73007,436.7784,6/28/21,p,2021,06/18/2021 11:40 CDT,97114,30.16,50.65,1.34,7.72,624.52,101982.56
TWB14,Uvalde_2020_02,29.60214,-99.73007,436.7784,6/28/21,p,2021,06/18/2021 11:45 CDT,97111,30.2,49.27,1.71,7.72,322.58,101977.63
TWB14,Uvalde_2020_02,29.60214,-99.73007,436.7784,6/28/21,p,2021,06/18/2021 11:50 CDT,97109,30.04,49.67,1.405,7.72,703.59,101978.96
TWB14,Uvalde_2020_02,29.60214,-99.73007,436.7784,6/28/21,p,2021,06/18/2021 11:55 CDT,97108,30.1,50.24,1.415,7.72,587.89,101976.92
TWB14,Uvalde_2020_02,29.60214,-99.73007,436.7784,6/28/21,p,2021,06/18/2021 12:00 CDT,97108,30.29,50.24,0.82,7.72,712.6,101975.61
TWB14,Uvalde_2020_02,29.60214,-99.73007,436.7784,6/28/21,p,2021,06/18/2021 12:05 CDT,97107,30.45,48.59,1.235,7.72,746.37,101973.27
TWB14,Uvalde_2020_02,29.60214,-99.73007,436.7784,6/28/21,p,2021,06/18/2021 12:10 CDT,97105,30.7,51.86,0.81,7.72,483.2,101969.66
TWB14,Uvalde_2020_02,29.60214,-99.73007,436.7784,6/28/21,p,2021,06/18/2021 12:15 CDT,97096,30.63,50.82,1.03,7.72,564.97,101958.59
TWB14,Uvalde_2020_02,29.60214,-99.73007,436.7784,6/28/21,p,2021,06/18/2021 12:20 CDT,97094,30.67,48.9,1.655,7.72,385.85,101954.06
TWB14,Uvalde_2020_02,29.60214,-99.73007,436.7784,6/28/21,p,2021,06/18/2021 12:25 CDT,97088,30.61,48.26,1.38,7.72,687.25,101948.09
TWB14,Uvalde_2020_02,29.60214,-99.73007,436.7784,6/28/21,p,2021,06/18/2021 12:30 CDT,97081,30.91,55.19,1.095,7.72,758.43,101936.58
TWB14,Uvalde_2020_02,29.60214,-99.73007,436.7784,6/28/21,p,2021,06/18/2021 12:35 CDT,97077,31.07,48.09,1.025,7.72,373.97,101929.85
TWB14,Uvalde_2020_02,29.60214,-99.73007,436.7784,6/28/21,p,2021,06/18/2021 12:40 CDT,97071,30.54,47.92,1.4,7.72,412.37,101930.08
TWB14,Uvalde_2020_02,29.60214,-99.73007,436.7784,6/28/21,p,2021,06/18/2021 12:45 CDT,97066,30.75,50.54,0.465,7.72,787.59,101924.96
TWB14,Uvalde_2020_02,29.60214,-99.73007,436.7784,6/28/21,p,2021,06/18/2021 12:50 CDT,97053,31.67,46,0.97,7.72,800.61,101898.17
TWB14,Uvalde_2020_02,29.60214,-99.73007,436.7784,6/28/21,p,2021,06/18/2021 12:55 CDT,97049,31.65,44.82,1.395,7.72,353.12,101890.58
TWB14,Uvalde_2020_02,29.60214,-99.73007,436.7784,6/28/21,p,2021,06/18/2021 13:00 CDT,97048,31.11,46.7,1.24,7.72,261.03,101894.87
TWB14,Uvalde_2020_02,29.60214,-99.73007,436.7784,6/28/21,p,2021,06/18/2021 13:05 CDT,97047,30.93,48.32,1.815,7.72,303.5,101898.03
TWB14,Uvalde_2020_02,29.60214,-99.73007,436.7784,6/28/21,p,2021,06/18/2021 13:10 CDT,97042,31.16,46.09,1.195,7.72,818.44,101892.31
TWB14,Uvalde_2020_02,29.60214,-99.73007,436.7784,6/28/21,p,2021,06/18/2021 13:15 CDT,97037,31.48,42.56,1.72,7.72,789.21,101879.63
TWB14,Uvalde_2020_02,29.60214,-99.73007,436.7784,6/28/21,p,2021,06/18/2021 13:20 CDT,97028,31.76,44.34,1.565,7.72,822.15,101865.95
TWB14,Uvalde_2020_02,29.60214,-99.73007,436.7784,6/28/21,p,2021,06/18/2021 13:25 CDT,97021,32.13,44.24,1.325,7.72,607.19,101854.71
TWB14,Uvalde_2020_02,29.60214,-99.73007,436.7784,6/28/21,p,2021,06/18/2021 13:30 CDT,97018,32,44.41,1.91,7.72,546.61,101851.4
TWB14,Uvalde_2020_02,29.60214,-99.73007,436.7784,6/28/21,p,2021,06/18/2021 13:35 CDT,97012,31.67,44.68,2.09,7.72,296.96,101847.36
TWB14,Uvalde_2020_02,29.60214,-99.73007,436.7784,6/28/21,p,2021,06/18/2021 13:40 CDT,97004,31.36,46.87,1.47,7.72,550.33,101846.88
TWB14,Uvalde_2020_02,29.60214,-99.73007,436.7784,6/28/21,p,2021,06/18/2021 13:45 CDT,96998,31.82,44.07,0.805,7.72,782.96,101835.91
TWB14,Uvalde_2020_02,29.60214,-99.73007,436.7784,6/28/21,p,2021,06/18/2021 13:50 CDT,96990,32.2,44.68,1.14,7.72,802.45,101822.16
TWB14,Uvalde_2020_02,29.60214,-99.73007,436.7784,6/28/21,p,2021,06/18/2021 13:55 CDT,96983,32.38,43.53,1.53,7.72,840.43,101812.25
TWB14,Uvalde_2020_02,29.60214,-99.73007,436.7784,6/28/21,p,2021,06/18/2021 14:00 CDT,96976,32.44,47.64,1.64,7.72,609.93,101801.78
TWB14,Uvalde_2020_02,29.60214,-99.73007,436.7784,6/28/21,p,2021,06/18/2021 14:05 CDT,96975,31.68,45.79,2.55,7.72,208.26,101809.48
TWB14,Uvalde_2020_02,29.60214,-99.73007,436.7784,6/28/21,p,2021,06/18/2021 14:10 CDT,96965,31.38,46.93,1.77,7.72,234.06,101805.61
TWB14,Uvalde_2020_02,29.60214,-99.73007,436.7784,6/28/21,p,2021,06/18/2021 14:15 CDT,96957,31.5,46.22,1,7.72,644.41,101798.19
TWB14,Uvalde_2020_02,29.60214,-99.73007,436.7784,6/28/21,p,2021,06/18/2021 14:20 CDT,96943,32.01,43.53,0.945,7.72,784.13,101777.04
TWB14,Uvalde_2020_02,29.60214,-99.73007,436.7784,6/28/21,p,2021,06/18/2021 14:25 CDT,96936,32.36,42.45,1.195,7.72,393.46,101763.08
TWB14,Uvalde_2020_02,29.60214,-99.73007,436.7784,6/28/21,p,2021,06/18/2021 14:30 CDT,96935,32.59,41.68,1.09,7.72,819.78,101758.65
TWB14,Uvalde_2020_02,29.60214,-99.73007,436.7784,6/28/21,p,2021,06/18/2021 14:35 CDT,96934,32.72,45.78,1.91,7.72,424.08,101753.85
TWB14,Uvalde_2020_02,29.60214,-99.73007,436.7784,6/28/21,p,2021,06/18/2021 14:40 CDT,96934,32.53,44.14,2.14,7.72,847.43,101755.48
TWB14,Uvalde_2020_02,29.60214,-99.73007,436.7784,6/28/21,p,2021,06/18/2021 14:45 CDT,96933,32.77,42.02,2.165,7.72,613.56,101748.67
TWB14,Uvalde_2020_02,29.60214,-99.73007,436.7784,6/28/21,p,2021,06/18/2021 14:50 CDT,96924,32.28,43.8,1.975,7.72,491.42,101745.47
TWB14,Uvalde_2020_02,29.60214,-99.73007,436.7784,6/28/21,p,2021,06/18/2021 14:55 CDT,96917,32.33,42.45,1.745,7.72,731.42,101740.23
TWB14,Uvalde_2020_02,29.60214,-99.73007,436.7784,6/28/21,p,2021,06/18/2021 15:00 CDT,96907,32.53,42.11,1.385,7.72,635.01,101726.84
TWB14,Uvalde_2020_02,29.60214,-99.73007,436.7784,6/28/21,p,2021,06/18/2021 15:05 CDT,96904,32.56,41.64,2.28,7.72,381.04,101722.25
TWB14,Uvalde_2020_02,29.60214,-99.73007,436.7784,6/28/21,p,2021,06/18/2021 15:10 CDT,96894,32.32,45.54,0.97,7.72,493.46,101715.72
TWB14,Uvalde_2020_02,29.60214,-99.73007,436.7784,6/28/21,p,2021,06/18/2021 15:15 CDT,96894,32.46,46.28,1.675,7.72,233.52,101713.62
TWB14,Uvalde_2020_02,29.60214,-99.73007,436.7784,6/28/21,p,2021,06/18/2021 15:20 CDT,96887,32.07,45.88,1.88,7.72,330.47,101712.56
TWB14,Uvalde_2020_02,29.60214,-99.73007,436.7784,6/28/21,p,2021,06/18/2021 15:25 CDT,96879,32.09,45.21,1.815,7.72,188.89,101706.11
TWB14,Uvalde_2020_02,29.60214,-99.73007,436.7784,6/28/21,p,2021,06/18/2021 15:30 CDT,96875,31.74,45.11,1.955,7.72,180.29,101707.57
TWB14,Uvalde_2020_02,29.60214,-99.73007,436.7784,6/28/21,p,2021,06/18/2021 15:35 CDT,96875,31.7,45.61,2.59,7.72,497.16,101710.16
TWB14,Uvalde_2020_02,29.60214,-99.73007,436.7784,6/28/21,p,2021,06/18/2021 15:40 CDT,96862,32.38,41.78,1.65,7.72,648.5,101687.98
TWB14,Uvalde_2020_02,29.60214,-99.73007,436.7784,6/28/21,p,2021,06/18/2021 15:45 CDT,96854,32.52,41.51,1.815,7.72,634.89,101673.95
TWB14,Uvalde_2020_02,29.60214,-99.73007,436.7784,6/28/21,p,2021,06/18/2021 15:50 CDT,96855,32.47,42.52,2,7.72,503.15,101673.86
TWB14,Uvalde_2020_02,29.60214,-99.73007,436.7784,6/28/21,p,2021,06/18/2021 15:55 CDT,96853,32.77,45.68,1.775,7.72,648.54,101667.53
TWB14,Uvalde_2020_02,29.60214,-99.73007,436.7784,6/28/21,p,2021,06/18/2021 16:00 CDT,96848,32.88,44.98,1.16,7.72,662.34,101661.33
TWB14,Uvalde_2020_02,29.60214,-99.73007,436.7784,6/28/21,p,2021,06/18/2021 16:05 CDT,96829,33.27,41.91,0.81,7.72,497.38,101637.9
TWB14,Uvalde_2020_02,29.60214,-99.73007,436.7784,6/28/21,p,2021,06/18/2021 16:10 CDT,96827,32.97,40.5,1.815,7.72,488.14,101635.01
TWB14,Uvalde_2020_02,29.60214,-99.73007,436.7784,6/28/21,p,2021,06/18/2021 16:15 CDT,96829,33.16,44.74,2.365,7.72,684.7,101634.65
TWB14,Uvalde_2020_02,29.60214,-99.73007,436.7784,6/28/21,p,2021,06/18/2021 16:20 CDT,96826,32.95,40.5,2.6,7.72,624.95,101632.2
TWB14,Uvalde_2020_02,29.60214,-99.73007,436.7784,6/28/21,p,2021,06/18/2021 16:25 CDT,96823,32.72,43.39,3.055,7.72,316.14,101631.9
TWB14,Uvalde_2020_02,29.60214,-99.73007,436.7784,6/28/21,p,2021,06/18/2021 16:30 CDT,96822,32.38,45.21,2.58,7.72,613.34,101639.98
TWB14,Uvalde_2020_02,29.60214,-99.73007,436.7784,6/28/21,p,2021,06/18/2021 16:35 CDT,96822,32.74,44.4,2.32,7.72,506.02,101634.85
TWB14,Uvalde_2020_02,29.60214,-99.73007,436.7784,6/28/21,p,2021,06/18/2021 16:40 CDT,96819,32.88,42.72,2.035,7.72,554.51,101630.44
TWB14,Uvalde_2020_02,29.60214,-99.73007,436.7784,6/28/21,p,2021,06/18/2021 16:45 CDT,96819,33,41.64,2.44,7.72,522.77,101627.4
TWB14,Uvalde_2020_02,29.60214,-99.73007,436.7784,6/28/21,p,2021,06/18/2021 16:50 CDT,96810,32.82,42.38,2.01,7.72,426.79,101619.39
TWB14,Uvalde_2020_02,29.60214,-99.73007,436.7784,6/28/21,p,2021,06/18/2021 16:55 CDT,96806,32.26,44.9,2.535,7.72,215.01,101623.68
TWB14,Uvalde_2020_02,29.60214,-99.73007,436.7784,6/28/21,p,2021,06/18/2021 17:00 CDT,96802,32.2,44.97,1.63,7.72,321.48,101623.18
TWB14,Uvalde_2020_02,29.60214,-99.73007,436.7784,6/28/21,p,2021,06/18/2021 17:05 CDT,96797,32.58,41.71,1.75,7.72,486.75,101614.59
TWB14,Uvalde_2020_02,29.60214,-99.73007,436.7784,6/28/21,p,2021,06/18/2021 17:10 CDT,96794,32.76,43.66,2.53,7.72,334.03,101606.43
TWB14,Uvalde_2020_02,29.60214,-99.73007,436.7784,6/28/21,p,2021,06/18/2021 17:15 CDT,96793,32.49,45.88,2.63,8.13,434.15,101608.73
TWB14,Uvalde_2020_02,29.60214,-99.73007,436.7784,6/28/21,p,2021,06/18/2021 17:20 CDT,96791,32.64,43.32,1.68,8.13,500.12,101606.02
TWB14,Uvalde_2020_02,29.60214,-99.73007,436.7784,6/28/21,p,2021,06/18/2021 17:25 CDT,96792,32.73,43.16,3.165,8.13,491.93,101603.7
TWB14,Uvalde_2020_02,29.60214,-99.73007,436.7784,6/28/21,p,2021,06/18/2021 17:30 CDT,96790,32.58,43.09,2.92,8.13,384.1,101604.17
TWB14,Uvalde_2020_02,29.60214,-99.73007,436.7784,6/28/21,p,2021,06/18/2021 17:35 CDT,96782,32.02,44.5,2.505,8.13,125.69,101602.84
TWB14,Uvalde_2020_02,29.60214,-99.73007,436.7784,6/28/21,p,2021,06/18/2021 17:40 CDT,96777,31.67,44.03,2.35,8.13,269.91,101606.15
TWB14,Uvalde_2020_02,29.60214,-99.73007,436.7784,6/28/21,p,2021,06/18/2021 17:45 CDT,96771,32.1,43.36,2.25,8.13,358.03,101595.66
TWB14,Uvalde_2020_02,29.60214,-99.73007,436.7784,6/28/21,p,2021,06/18/2021 17:50 CDT,96771,32.09,42.58,2.74,8.13,372.97,101593.41
TWB14,Uvalde_2020_02,29.60214,-99.73007,436.7784,6/28/21,p,2021,06/18/2021 17:55 CDT,96771,32.13,45.38,1.51,8.13,358.47,101592.89
TWB14,Uvalde_2020_02,29.60214,-99.73007,436.7784,6/28/21,p,2021,06/18/2021 18:00 CDT,96771,32.37,43.43,1.83,8.13,344.91,101589.21
TWB14,Uvalde_2020_02,29.60214,-99.73007,436.7784,6/28/21,p,2021,06/18/2021 18:05 CDT,96768,32.42,43.43,1.505,8.13,343,101585.09
TWB14,Uvalde_2020_02,29.60214,-99.73007,436.7784,6/28/21,p,2021,06/18/2021 18:10 CDT,96760,32.5,45.62,2.085,8.13,341.69,101574.89
TWB14,Uvalde_2020_02,29.60214,-99.73007,436.7784,6/28/21,p,2021,06/18/2021 18:15 CDT,96754,32.47,43.23,2.2,8.13,351.13,101569.59
TWB14,Uvalde_2020_02,29.60214,-99.73007,436.7784,6/28/21,p,2021,06/18/2021 18:20 CDT,96746,32.45,44.27,2.27,8.13,344.82,101560.7
TWB14,Uvalde_2020_02,29.60214,-99.73007,436.7784,6/28/21,p,2021,06/18/2021 18:25 CDT,96746,32.33,43.6,3.155,8.13,334.1,101562.48
TWB14,Uvalde_2020_02,29.60214,-99.73007,436.7784,6/28/21,p,2021,06/18/2021 18:30 CDT,96745,32.19,44.74,2.865,8.13,302.43,101564.8
TWB14,Uvalde_2020_02,29.60214,-99.73007,436.7784,6/28/21,p,2021,06/18/2021 18:35 CDT,96745,32.09,45.04,2.3,8.13,261.48,101566.4
TWB14,Uvalde_2020_02,29.60214,-99.73007,436.7784,6/28/21,p,2021,06/18/2021 18:40 CDT,96740,31.96,44.74,2.135,8.13,177.33,101563.1
TWB14,Uvalde_2020_02,29.60214,-99.73007,436.7784,6/28/21,p,2021,06/18/2021 18:45 CDT,96737,31.74,46.46,1.945,8.13,216.98,101564.29
TWB14,Uvalde_2020_02,29.60214,-99.73007,436.7784,6/28/21,p,2021,06/18/2021 18:50 CDT,96744,31.82,48.95,1.76,8.13,203.96,101570.8
TWB14,Uvalde_2020_02,29.60214,-99.73007,436.7784,6/28/21,p,2021,06/18/2021 18:55 CDT,96736,31.8,45.48,2.23,8.13,197.46,101562.44
TWB14,Uvalde_2020_02,29.60214,-99.73007,436.7784,6/28/21,p,2021,06/18/2021 19:00 CDT,96732,31.68,45.48,2.47,8.13,188.24,101559.54
TWB14,Uvalde_2020_02,29.60214,-99.73007,436.7784,6/28/21,p,2021,06/18/2021 19:05 CDT,96733,31.55,46.43,1.81,8.13,169.01,101563.33
TWB14,Uvalde_2020_02,29.60214,-99.73007,436.7784,6/28/21,p,2021,06/18/2021 19:10 CDT,96735,31.51,46.03,2.01,8.13,158.94,101566.08
TWB14,Uvalde_2020_02,29.60214,-99.73007,436.7784,6/28/21,p,2021,06/18/2021 19:15 CDT,96736,31.47,46.97,1.81,8.13,143.74,101567.93
TWB14,Uvalde_2020_02,29.60214,-99.73007,436.7784,6/28/21,p,2021,06/18/2021 19:20 CDT,96740,31.34,47.14,1.855,8.13,137.17,101574.39
TWB14,Uvalde_2020_02,29.60214,-99.73007,436.7784,6/28/21,p,2021,06/18/2021 19:25 CDT,96741,31.3,47.38,1.585,8.13,124.49,101576.25
TWB14,Uvalde_2020_02,29.60214,-99.73007,436.7784,6/28/21,p,2021,06/18/2021 19:30 CDT,96747,31.27,47.04,1.685,8.13,114.22,101583.37
TWB14,Uvalde_2020_02,29.60214,-99.73007,436.7784,6/28/21,p,2021,06/18/2021 19:35 CDT,96745,31.2,47.24,1.54,8.13,100.86,101582.24
TWB14,Uvalde_2020_02,29.60214,-99.73007,436.7784,6/28/21,p,2021,06/18/2021 19:40 CDT,96752,31.07,47.65,2.29,8.13,92.17,101591.7
TWB14,Uvalde_2020_02,29.60214,-99.73007,436.7784,6/28/21,p,2021,06/18/2021 19:45 CDT,96756,30.94,48.32,1.99,8.13,81.4,101598.17
TWB14,Uvalde_2020_02,29.60214,-99.73007,436.7784,6/28/21,p,2021,06/18/2021 19:50 CDT,96757,30.82,47.65,2.075,8.13,72.38,101601.67
TWB14,Uvalde_2020_02,29.60214,-99.73007,436.7784,6/28/21,p,2021,06/18/2021 19:55 CDT,96762,30.7,48.73,1.87,8.13,63.47,101608.7
TWB14,Uvalde_2020_02,29.60214,-99.73007,436.7784,6/28/21,p,2021,06/18/2021 20:00 CDT,96772,30.57,50.34,1.605,8.13,53.81,101621.46
TWB14,Uvalde_2020_02,29.60214,-99.73007,436.7784,6/28/21,p,2021,06/18/2021 20:05 CDT,96773,30.43,48.93,1.745,8.13,39.93,101624.98
TWB14,Uvalde_2020_02,29.60214,-99.73007,436.7784,6/28/21,p,2021,06/18/2021 20:10 CDT,96776,30.25,49.27,1.96,8.13,32.14,101631.56
TWB14,Uvalde_2020_02,29.60214,-99.73007,436.7784,6/28/21,p,2021,06/18/2021 20:15 CDT,96783,30.1,49.74,2,8.13,29.69,101641.36
TWB14,Uvalde_2020_02,29.60214,-99.73007,436.7784,6/28/21,p,2021,06/18/2021 20:20 CDT,96788,29.95,50.49,1.655,8.13,22.1,101649.22
TWB14,Uvalde_2020_02,29.60214,-99.73007,436.7784,6/28/21,p,2021,06/18/2021 20:25 CDT,96789,29.74,51.43,1.595,8.13,15.39,101653.71
TWB14,Uvalde_2020_02,29.60214,-99.73007,436.7784,6/28/21,p,2021,06/18/2021 20:30 CDT,96790,29.54,51.67,1.8,8.13,11.05,101658.04
TWB14,Uvalde_2020_02,29.60214,-99.73007,436.7784,6/28/21,p,2021,06/18/2021 20:35 CDT,96791,29.34,51.9,1.755,8.13,7.35,101662.54
TWB14,Uvalde_2020_02,29.60214,-99.73007,436.7784,6/28/21,p,2021,06/18/2021 20:40 CDT,96791,29.22,51.3,1.815,8.13,4.27,101665.35
TWB14,Uvalde_2020_02,29.60214,-99.73007,436.7784,6/28/21,p,2021,06/18/2021 20:45 CDT,96791,29.09,51.77,1.675,8.13,2.82,101667.32
TWB14,Uvalde_2020_02,29.60214,-99.73007,436.7784,6/28/21,p,2021,06/18/2021 20:50 CDT,96796,28.94,51.84,1.72,8.13,1.44,101675.71
TWB14,Uvalde_2020_02,29.60214,-99.73007,436.7784,6/28/21,p,2021,06/18/2021 20:55 CDT,96801,28.78,52.78,1.325,8.13,0.88,101683.43
TWB14,Uvalde_2020_02,29.60214,-99.73007,436.7784,6/28/21,p,2021,06/18/2021 21:00 CDT,96804,28.64,52.92,1.52,8.13,0.19,101689.23
TWB14,Uvalde_2020_02,29.60214,-99.73007,436.7784,6/28/21,p,2021,06/18/2021 21:05 CDT,96810,28.59,53.56,1.465,8.13,0.06,101697.18
TWB14,Uvalde_2020_02,29.60214,-99.73007,436.7784,6/28/21,p,2021,06/18/2021 21:10 CDT,96822,28.51,53.8,1.59,8.13,0,101711.27
TWB14,Uvalde_2020_02,29.60214,-99.73007,436.7784,6/28/21,p,2021,06/18/2021 21:15 CDT,96825,28.48,54.27,1.275,8.13,0,101715.08
TWB14,Uvalde_2020_02,29.60214,-99.73007,436.7784,6/28/21,p,2021,06/18/2021 21:20 CDT,96828,28.44,53.91,1.645,8.13,0.02,101719.4
TWB14,Uvalde_2020_02,29.60214,-99.73007,436.7784,6/28/21,p,2021,06/18/2021 21:25 CDT,96840,28.39,54.68,1.58,8.13,0,101732.5
TWB14,Uvalde_2020_02,29.60214,-99.73007,436.7784,6/28/21,p,2021,06/18/2021 21:30 CDT,96850,28.32,54.68,1.68,8.13,0,101744.5
TWB14,Uvalde_2020_02,29.60214,-99.73007,436.7784,6/28/21,p,2021,06/18/2021 21:35 CDT,96854,28.23,55.16,1.5,8.13,0,101749.36
TWB14,Uvalde_2020_02,29.60214,-99.73007,436.7784,6/28/21,p,2021,06/18/2021 21:40 CDT,96860,28.18,55.8,1.92,8.13,0,101756.82
TWB14,Uvalde_2020_02,29.60214,-99.73007,436.7784,6/28/21,p,2021,06/18/2021 21:45 CDT,96863,28.15,56.41,1.96,8.13,0,101759.96
TWB14,Uvalde_2020_02,29.60214,-99.73007,436.7784,6/28/21,p,2021,06/18/2021 21:50 CDT,96872,28.04,56.98,1.525,8.13,0.01,101770.74
TWB14,Uvalde_2020_02,29.60214,-99.73007,436.7784,6/28/21,p,2021,06/18/2021 21:55 CDT,96880,27.95,57.45,1.715,8.13,0,101781.14
TWB14,Uvalde_2020_02,29.60214,-99.73007,436.7784,6/28/21,p,2021,06/18/2021 22:00 CDT,96889,27.96,57.45,1.975,8.13,0,101790.43
TWB14,Uvalde_2020_02,29.60214,-99.73007,436.7784,6/28/21,p,2021,06/18/2021 22:05 CDT,96893,27.89,58.46,1.715,8.13,0,101795.62
TWB14,Uvalde_2020_02,29.60214,-99.73007,436.7784,6/28/21,p,2021,06/18/2021 22:10 CDT,96897,27.75,58.8,1.525,8.13,0,101801.99
TWB14,Uvalde_2020_02,29.60214,-99.73007,436.7784,6/28/21,p,2021,06/18/2021 22:15 CDT,96904,27.69,58.77,1.91,8.13,0,101810.67
TWB14,Uvalde_2020_02,29.60214,-99.73007,436.7784,6/28/21,p,2021,06/18/2021 22:20 CDT,96911,27.63,58.94,1.43,8.13,0,101818.53
TWB14,Uvalde_2020_02,29.60214,-99.73007,436.7784,6/28/21,p,2021,06/18/2021 22:25 CDT,96917,27.65,58.53,2.215,8.13,0,101825
TWB14,Uvalde_2020_02,29.60214,-99.73007,436.7784,6/28/21,p,2021,06/18/2021 22:30 CDT,96923,27.7,59.04,2.11,8.13,0,101830.3
TWB14,Uvalde_2020_02,29.60214,-99.73007,436.7784,6/28/21,p,2021,06/18/2021 22:35 CDT,96932,27.59,58.61,1.695,8.13,0,101841.1
TWB14,Uvalde_2020_02,29.60214,-99.73007,436.7784,6/28/21,p,2021,06/18/2021 22:40 CDT,96937,27.51,58.87,2.265,8.13,0,101847.51
TWB14,Uvalde_2020_02,29.60214,-99.73007,436.7784,6/28/21,p,2021,06/18/2021 22:45 CDT,96948,27.43,59.35,1.93,8.13,0,101860.24
TWB14,Uvalde_2020_02,29.60214,-99.73007,436.7784,6/28/21,p,2021,06/18/2021 22:50 CDT,96957,27.37,59.52,2.17,8.13,0,101870.86
TWB14,Uvalde_2020_02,29.60214,-99.73007,436.7784,6/28/21,p,2021,06/18/2021 22:55 CDT,96963,27.24,58.61,1.925,8.13,0.02,101880.02
TWB14,Uvalde_2020_02,29.60214,-99.73007,436.7784,6/28/21,p,2021,06/18/2021 23:00 CDT,96975,27.17,58.81,1.51,8.13,0.04,101893.63
TWB14,Uvalde_2020_02,29.60214,-99.73007,436.7784,6/28/21,p,2021,06/18/2021 23:05 CDT,96977,27.13,58.68,2,8.13,0,101896.57
TWB14,Uvalde_2020_02,29.60214,-99.73007,436.7784,6/28/21,p,2021,06/18/2021 23:10 CDT,96977,27.09,58.07,1.965,8.13,0,101897.41
TWB14,Uvalde_2020_02,29.60214,-99.73007,436.7784,6/28/21,p,2021,06/18/2021 23:15 CDT,96978,27.01,57.87,1.56,8.13,0,101899.98
TWB14,Uvalde_2020_02,29.60214,-99.73007,436.7784,6/28/21,p,2021,06/18/2021 23:20 CDT,96986,26.94,57.19,1.915,8.13,0,101909.73
TWB14,Uvalde_2020_02,29.60214,-99.73007,436.7784,6/28/21,p,2021,06/18/2021 23:25 CDT,96993,26.93,57.33,1.55,8.13,0,101917.25
TWB14,Uvalde_2020_02,29.60214,-99.73007,436.7784,6/28/21,p,2021,06/18/2021 23:30 CDT,97001,26.85,57.73,1.255,8.13,0,101926.83
TWB14,Uvalde_2020_02,29.60214,-99.73007,436.7784,6/28/21,p,2021,06/18/2021 23:35 CDT,97004,26.75,56.66,1.55,8.13,0.02,101932.51
TWB14,Uvalde_2020_02,29.60214,-99.73007,436.7784,6/28/21,p,2021,06/18/2021 23:40 CDT,97004,26.76,56.45,1.72,8.13,0,101932.51
TWB14,Uvalde_2020_02,29.60214,-99.73007,436.7784,6/28/21,p,2021,06/18/2021 23:45 CDT,97005,26.75,56.19,1.97,8.13,0,101933.74
TWB14,Uvalde_2020_02,29.60214,-99.73007,436.7784,6/28/21,p,2021,06/18/2021 23:50 CDT,97011,26.72,56.73,1.555,8.13,0,101939.87
TWB14,Uvalde_2020_02,29.60214,-99.73007,436.7784,6/28/21,p,2021,06/18/2021 23:55 CDT,97020,26.64,55.45,1.77,8.13,0,101950.51
TWB14,Uvalde_2020_02,29.60214,-99.73007,436.7784,6/28/21,p,2021,06/19/2021 00:00 CDT,97023,26.71,54.51,2.325,8.13,0,101953.84
TWB14,Uvalde_2020_02,29.60214,-99.73007,436.7784,6/28/21,p,2021,06/19/2021 00:05 CDT,97030,26.71,54.17,2.34,8.13,0,101960.36
TWB14,Uvalde_2020_02,29.60214,-99.73007,436.7784,6/28/21,p,2021,06/19/2021 00:10 CDT,97029,26.68,54.3,2.195,8.13,0,101959.48
TWB14,Uvalde_2020_02,29.60214,-99.73007,436.7784,6/28/21,p,2021,06/19/2021 00:15 CDT,97031,26.59,55.18,1.72,8.13,0.03,101962.24
TWB14,Uvalde_2020_02,29.60214,-99.73007,436.7784,6/28/21,p,2021,06/19/2021 00:20 CDT,97032,26.42,56.02,1.75,8.13,0.09,101965.98
TWB14,Uvalde_2020_02,29.60214,-99.73007,436.7784,6/28/21,p,2021,06/19/2021 00:25 CDT,97027,26.32,56.73,2.13,8.13,0,101962.74
TWB14,Uvalde_2020_02,29.60214,-99.73007,436.7784,6/28/21,p,2021,06/19/2021 00:30 CDT,97031,26.26,57.41,2.16,8.13,0,101967.44
TWB14,Uvalde_2020_02,29.60214,-99.73007,436.7784,6/28/21,p,2021,06/19/2021 00:35 CDT,97029,26.11,58.05,1.905,8.13,0.04,101967.7
TWB14,Uvalde_2020_02,29.60214,-99.73007,436.7784,6/28/21,p,2021,06/19/2021 00:40 CDT,97030,26.01,59.06,1.47,8.13,0.04,101970.43
TWB14,Uvalde_2020_02,29.60214,-99.73007,436.7784,6/28/21,p,2021,06/19/2021 00:45 CDT,97036,25.81,59.97,1.28,8.13,0.36,101979.94
TWB14,Uvalde_2020_02,29.60214,-99.73007,436.7784,6/28/21,p,2021,06/19/2021 00:50 CDT,97037,25.62,60.74,1.13,8.13,0.27,101984.37
TWB14,Uvalde_2020_02,29.60214,-99.73007,436.7784,6/28/21,p,2021,06/19/2021 00:55 CDT,97036,25.49,60.84,1.27,8.13,0.15,101986.87
TWB14,Uvalde_2020_02,29.60214,-99.73007,436.7784,6/28/21,p,2021,06/19/2021 01:00 CDT,97035,25.46,60.94,1.31,8.13,0,101986.67
TWB14,Uvalde_2020_02,29.60214,-99.73007,436.7784,6/28/21,p,2021,06/19/2021 01:05 CDT,97028,25.4,60.98,1.165,8.13,0,101980.16
TWB14,Uvalde_2020_02,29.60214,-99.73007,436.7784,6/28/21,p,2021,06/19/2021 01:10 CDT,97030,25.39,60.64,1.575,8.13,0,101982.94
TWB14,Uvalde_2020_02,29.60214,-99.73007,436.7784,6/28/21,p,2021,06/19/2021 01:15 CDT,97029,25.42,61.45,1.235,8.13,0,101981.38
TWB14,Uvalde_2020_02,29.60214,-99.73007,436.7784,6/28/21,p,2021,06/19/2021 01:20 CDT,97020,25.28,61.72,1.46,8.13,0.02,101973.78
TWB14,Uvalde_2020_02,29.60214,-99.73007,436.7784,6/28/21,p,2021,06/19/2021 01:25 CDT,97011,25.21,62.12,1.245,8.13,0,101965.85
TWB14,Uvalde_2020_02,29.60214,-99.73007,436.7784,6/28/21,p,2021,06/19/2021 01:30 CDT,97008,25.01,63.2,0.46,8.13,0.39,101965.23
TWB14,Uvalde_2020_02,29.60214,-99.73007,436.7784,6/28/21,p,2021,06/19/2021 01:35 CDT,97009,24.82,63.54,0.455,8.13,1.1,101970.03
TWB14,Uvalde_2020_02,29.60214,-99.73007,436.7784,6/28/21,p,2021,06/19/2021 01:40 CDT,97004,24.68,63.95,0.79,8.13,0.68,101968.52
TWB14,Uvalde_2020_02,29.60214,-99.73007,436.7784,6/28/21,p,2021,06/19/2021 01:45 CDT,97001,24.52,64.69,0.435,8.13,0.95,101967.92
TWB14,Uvalde_2020_02,29.60214,-99.73007,436.7784,6/28/21,p,2021,06/19/2021 01:50 CDT,97002,24.32,65.64,0.425,8.13,1.09,101972.38
TWB14,Uvalde_2020_02,29.60214,-99.73007,436.7784,6/28/21,p,2021,06/19/2021 01:55 CDT,96997,24.18,66.32,0.285,8.13,0.87,101970.88
TWB14,Uvalde_2020_02,29.60214,-99.73007,436.7784,6/28/21,p,2021,06/19/2021 02:00 CDT,96995,24,67.13,0.115,8.13,1.41,101972.37
TWB14,Uvalde_2020_02,29.60214,-99.73007,436.7784,6/28/21,p,2021,06/19/2021 02:05 CDT,96994,23.8,68.28,0.165,8.13,0.98,101975.43
TWB14,Uvalde_2020_02,29.60214,-99.73007,436.7784,6/28/21,p,2021,06/19/2021 02:10 CDT,96986,23.59,69.36,0.37,8.13,0.31,101970.79
TWB14,Uvalde_2020_02,29.60214,-99.73007,436.7784,6/28/21,p,2021,06/19/2021 02:15 CDT,96981,23.39,70.23,0.345,8.13,0.59,101969.66
TWB14,Uvalde_2020_02,29.60214,-99.73007,436.7784,6/28/21,p,2021,06/19/2021 02:20 CDT,96981,23.31,70.5,0.57,8.13,0.36,101972.41
TWB14,Uvalde_2020_02,29.60214,-99.73007,436.7784,6/28/21,p,2021,06/19/2021 02:25 CDT,96976,23.28,71.04,0.56,8.13,0.06,101969.4
TWB14,Uvalde_2020_02,29.60214,-99.73007,436.7784,6/28/21,p,2021,06/19/2021 02:30 CDT,96975,23.17,70.44,0.75,8.13,0,101969.73
TWB14,Uvalde_2020_02,29.60214,-99.73007,436.7784,6/28/21,p,2021,06/19/2021 02:35 CDT,96968,23.19,68.95,1.065,8.13,0,101962.21
TWB14,Uvalde_2020_02,29.60214,-99.73007,436.7784,6/28/21,p,2021,06/19/2021 02:40 CDT,96966,23.32,69.43,1,8.13,0,101957.34
TWB14,Uvalde_2020_02,29.60214,-99.73007,436.7784,6/28/21,p,2021,06/19/2021 02:45 CDT,96962,23.31,69.39,0.815,8.13,0,101951.75
TWB14,Uvalde_2020_02,29.60214,-99.73007,436.7784,6/28/21,p,2021,06/19/2021 02:50 CDT,96956,23.31,70.44,1.01,8.13,0,101944.58
TWB14,Uvalde_2020_02,29.60214,-99.73007,436.7784,6/28/21,p,2021,06/19/2021 02:55 CDT,96958,23.32,70.98,1.135,8.13,0,101946.68
TWB14,Uvalde_2020_02,29.60214,-99.73007,436.7784,6/28/21,p,2021,06/19/2021 03:00 CDT,96960,23.34,70.81,1.065,8.13,0,101947.57
TWB14,Uvalde_2020_02,29.60214,-99.73007,436.7784,6/28/21,p,2021,06/19/2021 03:05 CDT,96955,23.33,71.18,1.195,8.13,0,101941.45
TWB14,Uvalde_2020_02,29.60214,-99.73007,436.7784,6/28/21,p,2021,06/19/2021 03:10 CDT,96949,23.26,71.89,1.19,8.13,0,101935.31
TWB14,Uvalde_2020_02,29.60214,-99.73007,436.7784,6/28/21,p,2021,06/19/2021 03:15 CDT,96950,23.18,72.33,0.66,8.13,0.02,101937.39
TWB14,Uvalde_2020_02,29.60214,-99.73007,436.7784,6/28/21,p,2021,06/19/2021 03:20 CDT,96957,23.08,73.65,0.6,8.13,0.24,101946.12
TWB14,Uvalde_2020_02,29.60214,-99.73007,436.7784,6/28/21,p,2021,06/19/2021 03:25 CDT,96960,23.03,73.82,0.605,8.13,0.02,101951
TWB14,Uvalde_2020_02,29.60214,-99.73007,436.7784,6/28/21,p,2021,06/19/2021 03:30 CDT,96958,23.03,74.22,0.79,8.13,0,101949.58
TWB14,Uvalde_2020_02,29.60214,-99.73007,436.7784,6/28/21,p,2021,06/19/2021 03:35 CDT,96948,23.04,74.76,0.68,8.13,0,101938.55
TWB14,Uvalde_2020_02,29.60214,-99.73007,436.7784,6/28/21,p,2021,06/19/2021 03:40 CDT,96947,22.92,75.81,0.32,8.13,0.44,101939.38
TWB14,Uvalde_2020_02,29.60214,-99.73007,436.7784,6/28/21,p,2021,06/19/2021 03:45 CDT,96947,22.78,76.35,0.235,8.13,0.78,101941.97
TWB14,Uvalde_2020_02,29.60214,-99.73007,436.7784,6/28/21,p,2021,06/19/2021 03:50 CDT,96948,22.63,76.99,0.1,8.13,0.99,101945.61
TWB14,Uvalde_2020_02,29.60214,-99.73007,436.7784,6/28/21,p,2021,06/19/2021 03:55 CDT,96947,22.4,79.11,0.01,8.13,0.72,101948.53
TWB14,Uvalde_2020_02,29.60214,-99.73007,436.7784,6/28/21,p,2021,06/19/2021 04:00 CDT,96951,22.08,81,0.24,8.13,0.19,101959.66
TWB14,Uvalde_2020_02,29.60214,-99.73007,436.7784,6/28/21,p,2021,06/19/2021 04:05 CDT,96951,21.83,81.7,0.145,8.13,0.34,101964.87
TWB14,Uvalde_2020_02,29.60214,-99.73007,436.7784,6/28/21,p,2021,06/19/2021 04:10 CDT,96949,21.74,82.2,0,8.13,0.77,101965.03
TWB14,Uvalde_2020_02,29.60214,-99.73007,436.7784,6/28/21,p,2021,06/19/2021 04:15 CDT,96949,21.63,82.5,0.02,8.13,1.08,101967.82
TWB14,Uvalde_2020_02,29.60214,-99.73007,436.7784,6/28/21,p,2021,06/19/2021 04:20 CDT,96948,21.42,83.1,0,8.13,1.16,101969.38
TWB14,Uvalde_2020_02,29.60214,-99.73007,436.7784,6/28/21,p,2021,06/19/2021 04:25 CDT,96948,21.27,83.8,0,8.13,1.21,101971.82
TWB14,Uvalde_2020_02,29.60214,-99.73007,436.7784,6/28/21,p,2021,06/19/2021 04:30 CDT,96947,21.17,84.7,0,8.13,0.95,101973.21
TWB14,Uvalde_2020_02,29.60214,-99.73007,436.7784,6/28/21,p,2021,06/19/2021 04:35 CDT,96947,21.03,86,0,8.13,0.34,101974.78
TWB14,Uvalde_2020_02,29.60214,-99.73007,436.7784,6/28/21,p,2021,06/19/2021 04:40 CDT,96948,20.9,86.4,0,8.13,0.24,101977.93
TWB14,Uvalde_2020_02,29.60214,-99.73007,436.7784,6/28/21,p,2021,06/19/2021 04:45 CDT,96949,20.85,86.8,0,8.13,0,101980.03
TWB14,Uvalde_2020_02,29.60214,-99.73007,436.7784,6/28/21,p,2021,06/19/2021 04:50 CDT,96950,20.91,86.1,0,8.13,0,101981.79
TWB14,Uvalde_2020_02,29.60214,-99.73007,436.7784,6/28/21,p,2021,06/19/2021 04:55 CDT,96946,20.96,86.3,0,8.13,0.09,101978.28
TWB14,Uvalde_2020_02,29.60214,-99.73007,436.7784,6/28/21,p,2021,06/19/2021 05:00 CDT,96948,20.83,86.8,0,8.13,0.18,101982.48
TWB14,Uvalde_2020_02,29.60214,-99.73007,436.7784,6/28/21,p,2021,06/19/2021 05:05 CDT,96951,20.64,87.1,0,8.13,0.91,101987.22
TWB14,Uvalde_2020_02,29.60214,-99.73007,436.7784,6/28/21,p,2021,06/19/2021 05:10 CDT,96947,20.58,86.8,0,8.13,1.18,101983.54
TWB14,Uvalde_2020_02,29.60214,-99.73007,436.7784,6/28/21,p,2021,06/19/2021 05:15 CDT,96947,20.52,87.5,0,8.13,1.07,101985.29
TWB14,Uvalde_2020_02,29.60214,-99.73007,436.7784,6/28/21,p,2021,06/19/2021 05:20 CDT,96950,20.43,87.9,0,8.13,0.97,101990.38
TWB14,Uvalde_2020_02,29.60214,-99.73007,436.7784,6/28/21,p,2021,06/19/2021 05:25 CDT,96953,20.36,88.8,0,8.13,0.58,101994.59
TWB14,Uvalde_2020_02,29.60214,-99.73007,436.7784,6/28/21,p,2021,06/19/2021 05:30 CDT,96953,20.31,89.1,0,8.13,0.36,101995.47
TWB14,Uvalde_2020_02,29.60214,-99.73007,436.7784,6/28/21,p,2021,06/19/2021 05:35 CDT,96954,20.27,89.5,0,8.13,0.27,101997.92
TWB14,Uvalde_2020_02,29.60214,-99.73007,436.7784,6/28/21,p,2021,06/19/2021 05:40 CDT,96958,20.2,89.9,0,8.13,0,102003.19
TWB14,Uvalde_2020_02,29.60214,-99.73007,436.7784,6/28/21,p,2021,06/19/2021 05:45 CDT,96964,20.12,90.4,0,8.13,0,102010.2
TWB14,Uvalde_2020_02,29.60214,-99.73007,436.7784,6/28/21,p,2021,06/19/2021 05:50 CDT,96966,20.04,90.6,0,8.13,0.01,102013.01
TWB14,Uvalde_2020_02,29.60214,-99.73007,436.7784,6/28/21,p,2021,06/19/2021 05:55 CDT,96967,19.95,90.7,0,8.13,0,102014.59
TWB14,Uvalde_2020_02,29.60214,-99.73007,436.7784,6/28/21,p,2021,06/19/2021 06:00 CDT,96968,19.79,91,0,8.13,0,102018.11
TWB14,Uvalde_2020_02,29.60214,-99.73007,436.7784,6/28/21,p,2021,06/19/2021 06:05 CDT,96966,19.69,91.2,0,8.13,0.1,102017.24
TWB14,Uvalde_2020_02,29.60214,-99.73007,436.7784,6/28/21,p,2021,06/19/2021 06:10 CDT,96969,19.59,91.1,0,8.13,0.51,102020.93
TWB14,Uvalde_2020_02,29.60214,-99.73007,436.7784,6/28/21,p,2021,06/19/2021 06:15 CDT,96980,19.44,91.8,0,8.13,0.15,102033.91
TWB14,Uvalde_2020_02,29.60214,-99.73007,436.7784,6/28/21,p,2021,06/19/2021 06:20 CDT,96981,19.38,92.5,0,8.13,0,102036.02
TWB14,Uvalde_2020_02,29.60214,-99.73007,436.7784,6/28/21,p,2021,06/19/2021 06:25 CDT,96984,19.32,92.6,0,8.13,0,102039.89
TWB14,Uvalde_2020_02,29.60214,-99.73007,436.7784,6/28/21,p,2021,06/19/2021 06:30 CDT,96994,19.23,92.8,0.235,8.13,0.01,102052.18
TWB14,Uvalde_2020_02,29.60214,-99.73007,436.7784,6/28/21,p,2021,06/19/2021 06:35 CDT,96996,19.12,92.7,0.02,8.13,1.37,102056.23
TWB14,Uvalde_2020_02,29.60214,-99.73007,436.7784,6/28/21,p,2021,06/19/2021 06:40 CDT,97003,19.06,92.8,0.07,8.13,2.88,102065.01
TWB14,Uvalde_2020_02,29.60214,-99.73007,436.7784,6/28/21,p,2021,06/19/2021 06:45 CDT,97010,19.05,93.1,0.22,8.13,4.97,102073.26
TWB14,Uvalde_2020_02,29.60214,-99.73007,436.7784,6/28/21,p,2021,06/19/2021 06:50 CDT,97010,19.08,93.1,0.26,8.13,6.61,102073.44
TWB14,Uvalde_2020_02,29.60214,-99.73007,436.7784,6/28/21,p,2021,06/19/2021 06:55 CDT,97008,19.16,93.3,0.355,8.13,8.57,102071.34
TWB14,Uvalde_2020_02,29.60214,-99.73007,436.7784,6/28/21,p,2021,06/19/2021 07:00 CDT,97002,19.18,93.4,0.3,8.13,11.2,102065.02
TWB14,Uvalde_2020_02,29.60214,-99.73007,436.7784,6/28/21,p,2021,06/19/2021 07:05 CDT,97000,19.21,93.6,0.38,8.13,14.96,102062.92
TWB14,Uvalde_2020_02,29.60214,-99.73007,436.7784,6/28/21,p,2021,06/19/2021 07:10 CDT,97005,19.31,93.7,0.165,8.13,18.31,102068
TWB14,Uvalde_2020_02,29.60214,-99.73007,436.7784,6/28/21,p,2021,06/19/2021 07:15 CDT,97005,19.46,93.7,0.005,8.13,21.61,102066.58
TWB14,Uvalde_2020_02,29.60214,-99.73007,436.7784,6/28/21,p,2021,06/19/2021 07:20 CDT,97006,19.73,93.9,0,8.13,33.59,102066.21
TWB14,Uvalde_2020_02,29.60214,-99.73007,436.7784,6/28/21,p,2021,06/19/2021 07:25 CDT,97013,19.98,94.2,0,8.13,48.71,102071.45
TWB14,Uvalde_2020_02,29.60214,-99.73007,436.7784,6/28/21,p,2021,06/19/2021 07:30 CDT,97013,20.3,94.3,0,8.13,56.79,102066.85
TWB14,Uvalde_2020_02,29.60214,-99.73007,436.7784,6/28/21,p,2021,06/19/2021 07:35 CDT,97013,20.84,94.9,0,8.13,65.08,102059.78
TWB14,Uvalde_2020_02,29.60214,-99.73007,436.7784,6/28/21,p,2021,06/19/2021 07:40 CDT,97013,21.35,93.2,0,8.13,75.26,102052.4
TWB14,Uvalde_2020_02,29.60214,-99.73007,436.7784,6/28/21,p,2021,06/19/2021 07:45 CDT,97012,21.77,91.2,0,8.13,86.1,102046.44
TWB14,Uvalde_2020_02,29.60214,-99.73007,436.7784,6/28/21,p,2021,06/19/2021 07:50 CDT,97010,22.44,87.9,0,8.13,91.38,102037.53
TWB14,Uvalde_2020_02,29.60214,-99.73007,436.7784,6/28/21,p,2021,06/19/2021 07:55 CDT,97009,23.02,88.6,0,8.13,98.87,102028.26
TWB14,Uvalde_2020_02,29.60214,-99.73007,436.7784,6/28/21,p,2021,06/19/2021 08:00 CDT,97007,23.48,85,0,8.13,108.26,102016.79
TWB14,Uvalde_2020_02,29.60214,-99.73007,436.7784,6/28/21,p,2021,06/19/2021 08:05 CDT,97005,23.54,82.5,0,8.13,120.8,102004.99
TWB14,Uvalde_2020_02,29.60214,-99.73007,436.7784,6/28/21,p,2021,06/19/2021 08:10 CDT,97005,23.75,80.3,0,8.13,134.29,101997.75
TWB14,Uvalde_2020_02,29.60214,-99.73007,436.7784,6/28/21,p,2021,06/19/2021 08:15 CDT,97002,23.91,77.47,0.02,8.13,148.39,101987.55
TWB14,Uvalde_2020_02,29.60214,-99.73007,436.7784,6/28/21,p,2021,06/19/2021 08:20 CDT,96998,24.14,76.7,0,8.13,162.95,101976.13
TWB14,Uvalde_2020_02,29.60214,-99.73007,436.7784,6/28/21,p,2021,06/19/2021 08:25 CDT,97004,24.64,73.9,0.07,8.13,176.32,101974.41
TWB14,Uvalde_2020_02,29.60214,-99.73007,436.7784,6/28/21,p,2021,06/19/2021 08:30 CDT,97004,24.57,76.66,0.395,8.13,194.03,101969.78
TWB14,Uvalde_2020_02,29.60214,-99.73007,436.7784,6/28/21,p,2021,06/19/2021 08:35 CDT,97003,24.45,74.43,0.75,8.13,210.46,101966.7
TWB14,Uvalde_2020_02,29.60214,-99.73007,436.7784,6/28/21,p,2021,06/19/2021 08:40 CDT,97002,24.32,74.36,0.9,8.13,226.22,101967.01
TWB14,Uvalde_2020_02,29.60214,-99.73007,436.7784,6/28/21,p,2021,06/19/2021 08:45 CDT,97009,24.66,72.47,0.49,8.13,231.46,101969.95
TWB14,Uvalde_2020_02,29.60214,-99.73007,436.7784,6/28/21,p,2021,06/19/2021 08:50 CDT,97017,24.79,73.27,0.77,8.13,246.74,101975.63
TWB14,Uvalde_2020_02,29.60214,-99.73007,436.7784,6/28/21,p,2021,06/19/2021 08:55 CDT,97022,24.92,74.05,0.73,8.13,262.04,101978.84
TWB14,Uvalde_2020_02,29.60214,-99.73007,436.7784,6/28/21,p,2021,06/19/2021 09:00 CDT,97023,25.06,71.72,1.085,8.13,275.64,101976.34
TWB14,Uvalde_2020_02,29.60214,-99.73007,436.7784,6/28/21,p,2021,06/19/2021 09:05 CDT,97024,25.05,71.79,1.63,8.13,294.76,101976.03
TWB14,Uvalde_2020_02,29.60214,-99.73007,436.7784,6/28/21,p,2021,06/19/2021 09:10 CDT,97024,25.14,69.02,1.97,8.13,308.34,101974.36
TWB14,Uvalde_2020_02,29.60214,-99.73007,436.7784,6/28/21,p,2021,06/19/2021 09:15 CDT,97022,25.32,71.72,1.475,8.13,318.06,101969.69
TWB14,Uvalde_2020_02,29.60214,-99.73007,436.7784,6/28/21,p,2021,06/19/2021 09:20 CDT,97019,25.53,70.53,1.915,8.13,333.5,101962.32
TWB14,Uvalde_2020_02,29.60214,-99.73007,436.7784,6/28/21,p,2021,06/19/2021 09:25 CDT,97015,25.7,65.9,1.71,8.13,343.38,101956.12
TWB14,Uvalde_2020_02,29.60214,-99.73007,436.7784,6/28/21,p,2021,06/19/2021 09:30 CDT,97012,25.75,66.91,1.95,8.13,360.07,101951.27
TWB14,Uvalde_2020_02,29.60214,-99.73007,436.7784,6/28/21,p,2021,06/19/2021 09:35 CDT,97014,25.96,65.9,1.74,8.13,371.59,101950.68
TWB14,Uvalde_2020_02,29.60214,-99.73007,436.7784,6/28/21,p,2021,06/19/2021 09:40 CDT,97020,26.12,65.02,2.06,8.13,383.67,101953.12
TWB14,Uvalde_2020_02,29.60214,-99.73007,436.7784,6/28/21,p,2021,06/19/2021 09:45 CDT,97021,26.29,63.4,1.77,8.13,391.9,101951.16
TWB14,Uvalde_2020_02,29.60214,-99.73007,436.7784,6/28/21,p,2021,06/19/2021 09:50 CDT,97019,26.43,66.06,1.615,8.13,406.01,101946.67
TWB14,Uvalde_2020_02,29.60214,-99.73007,436.7784,6/28/21,p,2021,06/19/2021 09:55 CDT,97018,26.83,62.11,1.385,8.13,421.73,101940.12
TWB14,Uvalde_2020_02,29.60214,-99.73007,436.7784,6/28/21,p,2021,06/19/2021 10:00 CDT,97016,26.93,61.77,1.785,8.13,433.51,101935.34
TWB14,Uvalde_2020_02,29.60214,-99.73007,436.7784,6/28/21,p,2021,06/19/2021 10:05 CDT,97014,27.04,61.3,1.24,8.13,446.9,101931.24
TWB14,Uvalde_2020_02,29.60214,-99.73007,436.7784,6/28/21,p,2021,06/19/2021 10:10 CDT,97023,27.08,58.84,2.52,8.13,468.46,101938.71
TWB14,Uvalde_2020_02,29.60214,-99.73007,436.7784,6/28/21,p,2021,06/19/2021 10:15 CDT,97025,27.1,60.28,1.935,8.13,486.84,101940.8
TWB14,Uvalde_2020_02,29.60214,-99.73007,436.7784,6/28/21,p,2021,06/19/2021 10:20 CDT,97025,27.12,57.39,2.265,8.13,462.05,101940.49
TWB14,Uvalde_2020_02,29.60214,-99.73007,436.7784,6/28/21,p,2021,06/19/2021 10:25 CDT,97023,27.12,58.46,1.655,8.13,413.21,101938.21
TWB14,Uvalde_2020_02,29.60214,-99.73007,436.7784,6/28/21,p,2021,06/19/2021 10:30 CDT,97023,27.54,55.93,1.69,8.13,552.29,101934.06
TWB14,Uvalde_2020_02,29.60214,-99.73007,436.7784,6/28/21,p,2021,06/19/2021 10:35 CDT,97021,27.65,54.01,2.225,8.13,420.57,101926.81
TWB14,Uvalde_2020_02,29.60214,-99.73007,436.7784,6/28/21,p,2021,06/19/2021 10:40 CDT,97019,27.37,56.37,1.665,8.13,502.5,101928.85
TWB14,Uvalde_2020_02,29.60214,-99.73007,436.7784,6/28/21,p,2021,06/19/2021 10:45 CDT,97010,27.83,56.26,1.285,8.13,591.08,101914.4
TWB14,Uvalde_2020_02,29.60214,-99.73007,436.7784,6/28/21,p,2021,06/19/2021 10:50 CDT,97012,28.15,54.37,1.92,8.13,592.35,101910.2
TWB14,Uvalde_2020_02,29.60214,-99.73007,436.7784,6/28/21,p,2021,06/19/2021 10:55 CDT,97014,28.27,52.18,2.07,8.13,600.59,101909.17
TWB14,Uvalde_2020_02,29.60214,-99.73007,436.7784,6/28/21,p,2021,06/19/2021 11:00 CDT,97012,28.17,54.54,2.145,8.13,613.07,101906.22
TWB14,Uvalde_2020_02,29.60214,-99.73007,436.7784,6/28/21,p,2021,06/19/2021 11:05 CDT,97013,27.9,53.19,2.575,8.13,604.91,101909.77
TWB14,Uvalde_2020_02,29.60214,-99.73007,436.7784,6/28/21,p,2021,06/19/2021 11:10 CDT,97012,27.95,52.55,1.745,8.13,594.08,101911.21
TWB14,Uvalde_2020_02,29.60214,-99.73007,436.7784,6/28/21,p,2021,06/19/2021 11:15 CDT,97011,28.49,52.34,1.45,8.13,591.88,101904.19
TWB14,Uvalde_2020_02,29.60214,-99.73007,436.7784,6/28/21,p,2021,06/19/2021 11:20 CDT,97008,28.62,51.5,1.855,8.13,603.43,101896.58
TWB14,Uvalde_2020_02,29.60214,-99.73007,436.7784,6/28/21,p,2021,06/19/2021 11:25 CDT,97007,28.69,47.93,1.945,8.13,615.34,101894.08
TWB14,Uvalde_2020_02,29.60214,-99.73007,436.7784,6/28/21,p,2021,06/19/2021 11:30 CDT,97007,28.61,49.28,2.305,8.13,630.94,101894.07
TWB14,Uvalde_2020_02,29.60214,-99.73007,436.7784,6/28/21,p,2021,06/19/2021 11:35 CDT,97004,28.55,48.4,1.84,8.13,628.74,101890.43
TWB14,Uvalde_2020_02,29.60214,-99.73007,436.7784,6/28/21,p,2021,06/19/2021 11:40 CDT,97004,28.61,52.71,2.265,8.13,642.71,101889.72
TWB14,Uvalde_2020_02,29.60214,-99.73007,436.7784,6/28/21,p,2021,06/19/2021 11:45 CDT,97000,28.66,51.3,2.475,8.13,651.07,101885.04
TWB14,Uvalde_2020_02,29.60214,-99.73007,436.7784,6/28/21,p,2021,06/19/2021 11:50 CDT,96999,28.59,47.89,1.105,8.13,644.78,101885.68
TWB14,Uvalde_2020_02,29.60214,-99.73007,436.7784,6/28/21,p,2021,06/19/2021 11:55 CDT,96994,28.8,48.8,1.71,8.13,658.43,101878.43
TWB14,Uvalde_2020_02,29.60214,-99.73007,436.7784,6/28/21,p,2021,06/19/2021 12:00 CDT,96981,28.87,47.79,1.45,8.13,661.3,101864.62
TWB14,Uvalde_2020_02,29.60214,-99.73007,436.7784,6/28/21,p,2021,06/19/2021 12:05 CDT,96976,29.15,49.4,0.87,8.13,665.52,101856.06
TWB14,Uvalde_2020_02,29.60214,-99.73007,436.7784,6/28/21,p,2021,06/19/2021 12:10 CDT,96974,29.15,47.42,2.115,8.13,679.46,101852
TWB14,Uvalde_2020_02,29.60214,-99.73007,436.7784,6/28/21,p,2021,06/19/2021 12:15 CDT,96970,29.38,47.62,1.87,8.13,689.94,101842.7
TWB14,Uvalde_2020_02,29.60214,-99.73007,436.7784,6/28/21,p,2021,06/19/2021 12:20 CDT,96962,29.57,47.58,1.195,8.13,681.1,101832.49
TWB14,Uvalde_2020_02,29.60214,-99.73007,436.7784,6/28/21,p,2021,06/19/2021 12:25 CDT,96959,29.76,48.63,2.39,8.13,701.71,101824.89
TWB14,Uvalde_2020_02,29.60214,-99.73007,436.7784,6/28/21,p,2021,06/19/2021 12:30 CDT,96960,29.46,52.3,2.06,8.13,682.52,101828.86
TWB14,Uvalde_2020_02,29.60214,-99.73007,436.7784,6/28/21,p,2021,06/19/2021 12:35 CDT,96951,29.74,45.9,0.895,8.13,694.9,101817.51
TWB14,Uvalde_2020_02,29.60214,-99.73007,436.7784,6/28/21,p,2021,06/19/2021 12:40 CDT,96938,30.13,47.08,1.735,8.13,710.23,101800.73
TWB14,Uvalde_2020_02,29.60214,-99.73007,436.7784,6/28/21,p,2021,06/19/2021 12:45 CDT,96931,30.17,45.83,1.67,8.13,713.97,101790.12
TWB14,Uvalde_2020_02,29.60214,-99.73007,436.7784,6/28/21,p,2021,06/19/2021 12:50 CDT,96931,30.16,48.12,2.23,8.13,725.95,101788.29
TWB14,Uvalde_2020_02,29.60214,-99.73007,436.7784,6/28/21,p,2021,06/19/2021 12:55 CDT,96924,30.08,45.03,1.47,8.13,719.54,101782.45
TWB14,Uvalde_2020_02,29.60214,-99.73007,436.7784,6/28/21,p,2021,06/19/2021 13:00 CDT,96919,30.33,46.78,1.725,8.13,706.41,101774.24
TWB14,Uvalde_2020_02,29.60214,-99.73007,436.7784,6/28/21,p,2021,06/19/2021 13:05 CDT,96918,30.2,45.9,2.39,8.13,739,101773.03
TWB14,Uvalde_2020_02,29.60214,-99.73007,436.7784,6/28/21,p,2021,06/19/2021 13:10 CDT,96908,30.02,45.16,1.95,8.13,742.79,101766.14
TWB14,Uvalde_2020_02,29.60214,-99.73007,436.7784,6/28/21,p,2021,06/19/2021 13:15 CDT,96894,30.29,45.16,0.82,8.13,726.27,101749.64
TWB14,Uvalde_2020_02,29.60214,-99.73007,436.7784,6/28/21,p,2021,06/19/2021 13:20 CDT,96885,30.6,46.41,1.52,8.13,733.11,101736.42
TWB14,Uvalde_2020_02,29.60214,-99.73007,436.7784,6/28/21,p,2021,06/19/2021 13:25 CDT,96872,30.77,44.76,1.17,8.13,733.44,101719.36
TWB14,Uvalde_2020_02,29.60214,-99.73007,436.7784,6/28/21,p,2021,06/19/2021 13:30 CDT,96864,31.11,43.07,1.855,8.13,741.93,101705.29
TWB14,Uvalde_2020_02,29.60214,-99.73007,436.7784,6/28/21,p,2021,06/19/2021 13:35 CDT,96854,30.85,42.7,2.435,8.13,751.18,101695.44
TWB14,Uvalde_2020_02,29.60214,-99.73007,436.7784,6/28/21,p,2021,06/19/2021 13:40 CDT,96840,31.1,42.2,1.4,8.13,739.23,101679.45
TWB14,Uvalde_2020_02,29.60214,-99.73007,436.7784,6/28/21,p,2021,06/19/2021 13:45 CDT,96836,31.3,45.16,1.755,8.13,739.91,101673.43
TWB14,Uvalde_2020_02,29.60214,-99.73007,436.7784,6/28/21,p,2021,06/19/2021 13:50 CDT,96831,31.43,43.91,2.025,8.13,743.83,101664.95
TWB14,Uvalde_2020_02,29.60214,-99.73007,436.7784,6/28/21,p,2021,06/19/2021 13:55 CDT,96818,31.73,36.54,2.145,8.13,742.81,101647.35
TWB14,Uvalde_2020_02,29.60214,-99.73007,436.7784,6/28/21,p,2021,06/19/2021 14:00 CDT,96820,31.53,37.92,3.26,8.13,758,101648.62
TWB14,Uvalde_2020_02,29.60214,-99.73007,436.7784,6/28/21,p,2021,06/19/2021 14:05 CDT,96810,31.27,39.4,2.505,8.13,754.53,101642.8
TWB14,Uvalde_2020_02,29.60214,-99.73007,436.7784,6/28/21,p,2021,06/19/2021 14:10 CDT,96798,31.45,36.81,1.08,8.13,730.9,101627.64
TWB14,Uvalde_2020_02,29.60214,-99.73007,436.7784,6/28/21,p,2021,06/19/2021 14:15 CDT,96782,31.69,39.6,1.575,8.13,729.97,101608.06
TWB14,Uvalde_2020_02,29.60214,-99.73007,436.7784,6/28/21,p,2021,06/19/2021 14:20 CDT,96779,31.76,36.2,2.015,8.13,740.11,101603.02
TWB14,Uvalde_2020_02,29.60214,-99.73007,436.7784,6/28/21,p,2021,06/19/2021 14:25 CDT,96779,31.87,34.32,2.425,8.13,743.12,101601.59
TWB14,Uvalde_2020_02,29.60214,-99.73007,436.7784,6/28/21,p,2021,06/19/2021 14:30 CDT,96779,31.83,34.28,1.005,8.13,727.98,101603.2
TWB14,Uvalde_2020_02,29.60214,-99.73007,436.7784,6/28/21,p,2021,06/19/2021 14:35 CDT,96779,32.16,33.24,2.54,8.13,735.55,101598.7
TWB14,Uvalde_2020_02,29.60214,-99.73007,436.7784,6/28/21,p,2021,06/19/2021 14:40 CDT,96775,31.96,37.68,2.615,7.635,739.13,101595.57
TWB14,Uvalde_2020_02,29.60214,-99.73007,436.7784,6/28/21,p,2021,06/19/2021 14:45 CDT,96763,32.28,36.33,2.15,7.635,722.47,101580.09
TWB14,Uvalde_2020_02,29.60214,-99.73007,436.7784,6/28/21,p,2021,06/19/2021 14:50 CDT,96758,32.44,30.98,2.565,7.635,723.84,101571.86
TWB14,Uvalde_2020_02,29.60214,-99.73007,436.7784,6/28/21,p,2021,06/19/2021 14:55 CDT,96750,32.21,33.57,2.9,7.635,727.6,101565.2
TWB14,Uvalde_2020_02,29.60214,-99.73007,436.7784,6/28/21,p,2021,06/19/2021 15:00 CDT,96746,32.23,34.75,2.285,7.635,715.75,101562.43
TWB14,Uvalde_2020_02,29.60214,-99.73007,436.7784,6/28/21,p,2021,06/19/2021 15:05 CDT,96745,32.55,33.6,2.69,7.635,711.12,101555.45
TWB14,Uvalde_2020_02,29.60214,-99.73007,436.7784,6/28/21,p,2021,06/19/2021 15:10 CDT,96742,32.47,33,3.035,7.635,707.93,101552.79
TWB14,Uvalde_2020_02,29.60214,-99.73007,436.7784,6/28/21,p,2021,06/19/2021 15:15 CDT,96741,32.53,34.98,2.75,7.635,700.38,101551.87
TWB14,Uvalde_2020_02,29.60214,-99.73007,436.7784,6/28/21,p,2021,06/19/2021 15:20 CDT,96732,32.5,33.57,2.005,7.635,684.94,101541.48
TWB14,Uvalde_2020_02,29.60214,-99.73007,436.7784,6/28/21,p,2021,06/19/2021 15:25 CDT,96729,32.47,34.48,2.71,7.635,688.83,101539.12
TWB14,Uvalde_2020_02,29.60214,-99.73007,436.7784,6/28/21,p,2021,06/19/2021 15:30 CDT,96719,32.52,36.86,2.23,7.635,677.68,101527.47
TWB14,Uvalde_2020_02,29.60214,-99.73007,436.7784,6/28/21,p,2021,06/19/2021 15:35 CDT,96721,32.7,35.85,2.905,7.635,677.8,101528.46
TWB14,Uvalde_2020_02,29.60214,-99.73007,436.7784,6/28/21,p,2021,06/19/2021 15:40 CDT,96716,32.7,34.54,2.235,7.635,664.1,101524.51
TWB14,Uvalde_2020_02,29.60214,-99.73007,436.7784,6/28/21,p,2021,06/19/2021 15:45 CDT,96714,32.84,32.72,2.485,7.635,659.14,101518.11
TWB14,Uvalde_2020_02,29.60214,-99.73007,436.7784,6/28/21,p,2021,06/19/2021 15:50 CDT,96710,32.69,33.67,2.32,7.635,650,101514.7
TWB14,Uvalde_2020_02,29.60214,-99.73007,436.7784,6/28/21,p,2021,06/19/2021 15:55 CDT,96704,32.61,32.12,2.325,7.635,633.54,101509.86
TWB14,Uvalde_2020_02,29.60214,-99.73007,436.7784,6/28/21,p,2021,06/19/2021 16:00 CDT,96696,32.53,33.4,1.88,7.635,634.03,101503.69
TWB14,Uvalde_2020_02,29.60214,-99.73007,436.7784,6/28/21,p,2021,06/19/2021 16:05 CDT,96687,32.73,33.6,2.035,7.635,620.48,101494.24
TWB14,Uvalde_2020_02,29.60214,-99.73007,436.7784,6/28/21,p,2021,06/19/2021 16:10 CDT,96686,32.59,34.57,2.655,7.635,620.9,101491.58
TWB14,Uvalde_2020_02,29.60214,-99.73007,436.7784,6/28/21,p,2021,06/19/2021 16:15 CDT,96685,32.85,31.38,2.35,7.635,609.51,101488.17
TWB14,Uvalde_2020_02,29.60214,-99.73007,436.7784,6/28/21,p,2021,06/19/2021 16:20 CDT,96684,32.65,33.33,1.97,7.635,595.12,101488.37
TWB14,Uvalde_2020_02,29.60214,-99.73007,436.7784,6/28/21,p,2021,06/19/2021 16:25 CDT,96683,32.97,34.07,2.26,7.635,580.91,101485.07
TWB14,Uvalde_2020_02,29.60214,-99.73007,436.7784,6/28/21,p,2021,06/19/2021 16:30 CDT,96683,32.9,37.74,2.255,7.635,575.23,101485.5
TWB14,Uvalde_2020_02,29.60214,-99.73007,436.7784,6/28/21,p,2021,06/19/2021 16:35 CDT,96681,32.9,34.4,2.9,7.635,570.04,101482.49
TWB14,Uvalde_2020_02,29.60214,-99.73007,436.7784,6/28/21,p,2021,06/19/2021 16:40 CDT,96679,32.68,35.08,2.945,7.635,566.14,101483.9
TWB14,Uvalde_2020_02,29.60214,-99.73007,436.7784,6/28/21,p,2021,06/19/2021 16:45 CDT,96671,32.62,34.4,2.92,7.635,549.66,101475.99
TWB14,Uvalde_2020_02,29.60214,-99.73007,436.7784,6/28/21,p,2021,06/19/2021 16:50 CDT,96668,32.51,35.88,2.23,7.635,539.88,101474.75
TWB14,Uvalde_2020_02,29.60214,-99.73007,436.7784,6/28/21,p,2021,06/19/2021 16:55 CDT,96676,32.69,33.29,2.66,7.635,527.35,101482.22
TWB14,Uvalde_2020_02,29.60214,-99.73007,436.7784,6/28/21,p,2021,06/19/2021 17:00 CDT,96675,32.74,31.54,3.485,7.635,522.09,101480.07
TWB14,Uvalde_2020_02,29.60214,-99.73007,436.7784,6/28/21,p,2021,06/19/2021 17:05 CDT,96676,32.63,31.81,2.29,7.635,502.55,101481.76
TWB14,Uvalde_2020_02,29.60214,-99.73007,436.7784,6/28/21,p,2021,06/19/2021 17:10 CDT,96669,32.7,31.48,2.03,7.635,490.76,101473.13
TWB14,Uvalde_2020_02,29.60214,-99.73007,436.7784,6/28/21,p,2021,06/19/2021 17:15 CDT,96660,32.7,33.29,2.705,7.635,484.88,101465.1
TWB14,Uvalde_2020_02,29.60214,-99.73007,436.7784,6/28/21,p,2021,06/19/2021 17:20 CDT,96657,32.65,32.99,2.685,7.635,476.08,101462.76
TWB14,Uvalde_2020_02,29.60214,-99.73007,436.7784,6/28/21,p,2021,06/19/2021 17:25 CDT,96659,32.7,32.02,2.24,7.635,461.53,101464.39
TWB14,Uvalde_2020_02,29.60214,-99.73007,436.7784,6/28/21,p,2021,06/19/2021 17:30 CDT,96658,32.82,31.24,2.495,7.635,457.9,101462.07
TWB14,Uvalde_2020_02,29.60214,-99.73007,436.7784,6/28/21,p,2021,06/19/2021 17:35 CDT,96646,32.66,31.75,2.845,7.635,460.94,101451.23
TWB14,Uvalde_2020_02,29.60214,-99.73007,436.7784,6/28/21,p,2021,06/19/2021 17:40 CDT,96646,32.62,31.71,2.62,7.635,436.95,101451.71
TWB14,Uvalde_2020_02,29.60214,-99.73007,436.7784,6/28/21,p,2021,06/19/2021 17:45 CDT,96641,32.8,33.87,1.86,7.635,394,101444.19
TWB14,Uvalde_2020_02,29.60214,-99.73007,436.7784,6/28/21,p,2021,06/19/2021 17:50 CDT,96640,32.9,32.52,2.205,7.635,414.6,101440.59
TWB14,Uvalde_2020_02,29.60214,-99.73007,436.7784,6/28/21,p,2021,06/19/2021 17:55 CDT,96637,32.72,33.23,3.11,7.635,409.05,101440.96
TWB14,Uvalde_2020_02,29.60214,-99.73007,436.7784,6/28/21,p,2021,06/19/2021 18:00 CDT,96637,32.55,32.49,2.95,7.635,391.49,101443.86
TWB14,Uvalde_2020_02,29.60214,-99.73007,436.7784,6/28/21,p,2021,06/19/2021 18:05 CDT,96635,32.55,33.53,2.645,7.635,379.18,101442.87
TWB14,Uvalde_2020_02,29.60214,-99.73007,436.7784,6/28/21,p,2021,06/19/2021 18:10 CDT,96633,32.41,32.96,2.59,7.635,366.32,101441.9
TWB14,Uvalde_2020_02,29.60214,-99.73007,436.7784,6/28/21,p,2021,06/19/2021 18:15 CDT,96623,32.43,34.81,2.715,7.635,345.54,101432.34
TWB14,Uvalde_2020_02,29.60214,-99.73007,436.7784,6/28/21,p,2021,06/19/2021 18:20 CDT,96620,32.51,34.14,2.145,7.635,329.03,101428.72
TWB14,Uvalde_2020_02,29.60214,-99.73007,436.7784,6/28/21,p,2021,06/19/2021 18:25 CDT,96625,32.37,34.68,2.685,7.635,258.62,101434.92
TWB14,Uvalde_2020_02,29.60214,-99.73007,436.7784,6/28/21,p,2021,06/19/2021 18:30 CDT,96631,32.15,34.3,2.875,7.635,254.32,101445.25
TWB14,Uvalde_2020_02,29.60214,-99.73007,436.7784,6/28/21,p,2021,06/19/2021 18:35 CDT,96627,31.9,35.65,3.435,7.635,238.16,101445.7
TWB14,Uvalde_2020_02,29.60214,-99.73007,436.7784,6/28/21,p,2021,06/19/2021 18:40 CDT,96627,31.86,35.69,2.695,7.635,292.54,101447.32
TWB14,Uvalde_2020_02,29.60214,-99.73007,436.7784,6/28/21,p,2021,06/19/2021 18:45 CDT,96624,32.06,34.78,2.32,7.635,280.61,101441.92
TWB14,Uvalde_2020_02,29.60214,-99.73007,436.7784,6/28/21,p,2021,06/19/2021 18:50 CDT,96629,32.18,31.55,2.575,7.635,259.23,101445.11
TWB14,Uvalde_2020_02,29.60214,-99.73007,436.7784,6/28/21,p,2021,06/19/2021 18:55 CDT,96634,31.97,33.1,2.58,7.635,234.39,101451.96
TWB14,Uvalde_2020_02,29.60214,-99.73007,436.7784,6/28/21,p,2021,06/19/2021 19:00 CDT,96635,31.9,34.75,2.065,7.635,180.51,101455.4
TWB14,Uvalde_2020_02,29.60214,-99.73007,436.7784,6/28/21,p,2021,06/19/2021 19:05 CDT,96633,31.81,35.45,2.63,7.635,180.11,101454.91
TWB14,Uvalde_2020_02,29.60214,-99.73007,436.7784,6/28/21,p,2021,06/19/2021 19:10 CDT,96632,31.59,33.97,3.135,7.635,184.71,101457.11
TWB14,Uvalde_2020_02,29.60214,-99.73007,436.7784,6/28/21,p,2021,06/19/2021 19:15 CDT,96631,31.48,33.64,3.1,7.635,179.56,101458.33
TWB14,Uvalde_2020_02,29.60214,-99.73007,436.7784,6/28/21,p,2021,06/19/2021 19:20 CDT,96633,31.44,35.56,2.45,7.635,164.45,101461.7
TWB14,Uvalde_2020_02,29.60214,-99.73007,436.7784,6/28/21,p,2021,06/19/2021 19:25 CDT,96642,31.41,35.93,2.29,7.635,149.38,101472.12
TWB14,Uvalde_2020_02,29.60214,-99.73007,436.7784,6/28/21,p,2021,06/19/2021 19:30 CDT,96644,31.37,36.71,2.435,7.635,135.97,101474.53
TWB14,Uvalde_2020_02,29.60214,-99.73007,436.7784,6/28/21,p,2021,06/19/2021 19:35 CDT,96647,31.24,37.62,2.39,7.635,125.02,101479.62
TWB14,Uvalde_2020_02,29.60214,-99.73007,436.7784,6/28/21,p,2021,06/19/2021 19:40 CDT,96657,31.17,37.69,2.165,7.635,110.36,101491.9
TWB14,Uvalde_2020_02,29.60214,-99.73007,436.7784,6/28/21,p,2021,06/19/2021 19:45 CDT,96670,31.06,37.38,1.89,7.635,97.85,101507.18
TWB14,Uvalde_2020_02,29.60214,-99.73007,436.7784,6/28/21,p,2021,06/19/2021 19:50 CDT,96675,30.97,38.29,2.495,7.635,87.88,101513.72
TWB14,Uvalde_2020_02,29.60214,-99.73007,436.7784,6/28/21,p,2021,06/19/2021 19:55 CDT,96676,30.77,38.63,2.315,7.635,77.21,101517.85
TWB14,Uvalde_2020_02,29.60214,-99.73007,436.7784,6/28/21,p,2021,06/19/2021 20:00 CDT,96676,30.66,39.57,2.79,7.635,60.65,101519.96
TWB14,Uvalde_2020_02,29.60214,-99.73007,436.7784,6/28/21,p,2021,06/19/2021 20:05 CDT,96677,30.47,39.84,2.18,7.635,43.14,101524.43
TWB14,Uvalde_2020_02,29.60214,-99.73007,436.7784,6/28/21,p,2021,06/19/2021 20:10 CDT,96678,30.33,41.12,1.815,7.635,31.9,101528.08
TWB14,Uvalde_2020_02,29.60214,-99.73007,436.7784,6/28/21,p,2021,06/19/2021 20:15 CDT,96681,30.17,41.46,1.395,7.635,34.22,101533.68
TWB14,Uvalde_2020_02,29.60214,-99.73007,436.7784,6/28/21,p,2021,06/19/2021 20:20 CDT,96686,30.05,41.66,2.61,7.635,27.07,101542.03
TWB14,Uvalde_2020_02,29.60214,-99.73007,436.7784,6/28/21,p,2021,06/19/2021 20:25 CDT,96686,29.96,42.24,2.23,7.635,18.6,101543.34
TWB14,Uvalde_2020_02,29.60214,-99.73007,436.7784,6/28/21,p,2021,06/19/2021 20:30 CDT,96685,29.8,42.98,1.745,7.635,10.92,101544.9
TWB14,Uvalde_2020_02,29.60214,-99.73007,436.7784,6/28/21,p,2021,06/19/2021 20:35 CDT,96693,29.66,42.95,2.01,7.635,7.45,101555.27
TWB14,Uvalde_2020_02,29.60214,-99.73007,436.7784,6/28/21,p,2021,06/19/2021 20:40 CDT,96694,29.51,43.25,1.765,7.635,4.71,101559.11
TWB14,Uvalde_2020_02,29.60214,-99.73007,436.7784,6/28/21,p,2021,06/19/2021 20:45 CDT,96693,29.41,43.32,1.805,7.635,2.56,101560.03
TWB14,Uvalde_2020_02,29.60214,-99.73007,436.7784,6/28/21,p,2021,06/19/2021 20:50 CDT,96688,29.22,44.73,1.315,7.635,1.77,101557.56
TWB14,Uvalde_2020_02,29.60214,-99.73007,436.7784,6/28/21,p,2021,06/19/2021 20:55 CDT,96690,29.1,44.7,1.885,7.635,0.2,101562.96
TWB14,Uvalde_2020_02,29.60214,-99.73007,436.7784,6/28/21,p,2021,06/19/2021 21:00 CDT,96700,29.01,45.11,1.33,7.635,0.07,101575.1
TWB14,Uvalde_2020_02,29.60214,-99.73007,436.7784,6/28/21,p,2021,06/19/2021 21:05 CDT,96699,28.87,45.51,1.415,7.635,0,101576.03
TWB14,Uvalde_2020_02,29.60214,-99.73007,436.7784,6/28/21,p,2021,06/19/2021 21:10 CDT,96703,28.75,46.59,1.245,7.635,0,101582.04
TWB14,Uvalde_2020_02,29.60214,-99.73007,436.7784,6/28/21,p,2021,06/19/2021 21:15 CDT,96712,28.71,46.8,1.655,7.635,0,101593.31
TWB14,Uvalde_2020_02,29.60214,-99.73007,436.7784,6/28/21,p,2021,06/19/2021 21:20 CDT,96714,28.7,46.87,1.955,7.635,0,101595.57
TWB14,Uvalde_2020_02,29.60214,-99.73007,436.7784,6/28/21,p,2021,06/19/2021 21:25 CDT,96718,28.71,47.34,1.85,7.635,0,101599.27
TWB14,Uvalde_2020_02,29.60214,-99.73007,436.7784,6/28/21,p,2021,06/19/2021 21:30 CDT,96724,28.64,48.83,1.985,7.635,0,101605.73
TWB14,Uvalde_2020_02,29.60214,-99.73007,436.7784,6/28/21,p,2021,06/19/2021 21:35 CDT,96733,28.52,50.04,1.815,7.635,0,101617.16
TWB14,Uvalde_2020_02,29.60214,-99.73007,436.7784,6/28/21,p,2021,06/19/2021 21:40 CDT,96741,28.47,50.72,1.92,7.635,0,101626.88
TWB14,Uvalde_2020_02,29.60214,-99.73007,436.7784,6/28/21,p,2021,06/19/2021 21:45 CDT,96740,28.43,51.46,2.575,7.635,0,101626.48
TWB14,Uvalde_2020_02,29.60214,-99.73007,436.7784,6/28/21,p,2021,06/19/2021 21:50 CDT,96739,28.38,52.33,2.185,7.635,0,101625.59
TWB14,Uvalde_2020_02,29.60214,-99.73007,436.7784,6/28/21,p,2021,06/19/2021 21:55 CDT,96746,28.32,53.01,2.035,7.635,0,101633.93
TWB14,Uvalde_2020_02,29.60214,-99.73007,436.7784,6/28/21,p,2021,06/19/2021 22:00 CDT,96755,28.24,53.28,2.18,7.635,0,101644.71
TWB14,Uvalde_2020_02,29.60214,-99.73007,436.7784,6/28/21,p,2021,06/19/2021 22:05 CDT,96756,28.2,53.51,2.425,7.635,0,101646.75
TWB14,Uvalde_2020_02,29.60214,-99.73007,436.7784,6/28/21,p,2021,06/19/2021 22:10 CDT,96761,28.08,53.92,2.125,7.635,0,101653.33
TWB14,Uvalde_2020_02,29.60214,-99.73007,436.7784,6/28/21,p,2021,06/19/2021 22:15 CDT,96770,28.04,54.02,2.57,7.635,0,101663.78
TWB14,Uvalde_2020_02,29.60214,-99.73007,436.7784,6/28/21,p,2021,06/19/2021 22:20 CDT,96782,28.08,54.22,2.7,7.635,0,101676.05
TWB14,Uvalde_2020_02,29.60214,-99.73007,436.7784,6/28/21,p,2021,06/19/2021 22:25 CDT,96786,28.01,55.06,2.255,7.635,0,101680.41
TWB14,Uvalde_2020_02,29.60214,-99.73007,436.7784,6/28/21,p,2021,06/19/2021 22:30 CDT,96793,27.93,55.33,2.545,7.635,0,101689.43
TWB14,Uvalde_2020_02,29.60214,-99.73007,436.7784,6/28/21,p,2021,06/19/2021 22:35 CDT,96798,27.91,55.91,2.31,7.635,0,101695.01
TWB14,Uvalde_2020_02,29.60214,-99.73007,436.7784,6/28/21,p,2021,06/19/2021 22:40 CDT,96801,27.84,55.98,3.085,7.635,0,101699.82
TWB14,Uvalde_2020_02,29.60214,-99.73007,436.7784,6/28/21,p,2021,06/19/2021 22:45 CDT,96804,27.86,56.18,2.77,7.635,0,101702.31
TWB14,Uvalde_2020_02,29.60214,-99.73007,436.7784,6/28/21,p,2021,06/19/2021 22:50 CDT,96809,27.75,56.85,2.17,7.635,0.01,101708.88
TWB14,Uvalde_2020_02,29.60214,-99.73007,436.7784,6/28/21,p,2021,06/19/2021 22:55 CDT,96810,27.68,57.19,2.58,7.635,0,101711.6
TWB14,Uvalde_2020_02,29.60214,-99.73007,436.7784,6/28/21,p,2021,06/19/2021 23:00 CDT,96802,27.65,57.46,2.485,7.635,0,101703.69
TWB14,Uvalde_2020_02,29.60214,-99.73007,436.7784,6/28/21,p,2021,06/19/2021 23:05 CDT,96805,27.58,57.53,2.305,7.635,0,101708.51
TWB14,Uvalde_2020_02,29.60214,-99.73007,436.7784,6/28/21,p,2021,06/19/2021 23:10 CDT,96806,27.59,57.77,2.73,7.635,0,101709.56
TWB14,Uvalde_2020_02,29.60214,-99.73007,436.7784,6/28/21,p,2021,06/19/2021 23:15 CDT,96807,27.52,57.53,2.605,7.635,0,101711.44
TWB14,Uvalde_2020_02,29.60214,-99.73007,436.7784,6/28/21,p,2021,06/19/2021 23:20 CDT,96806,27.43,58.07,2.035,7.635,0,101711.22
TWB14,Uvalde_2020_02,29.60214,-99.73007,436.7784,6/28/21,p,2021,06/19/2021 23:25 CDT,96813,27.4,58.04,2.3,7.635,0,101719.24
TWB14,Uvalde_2020_02,29.60214,-99.73007,436.7784,6/28/21,p,2021,06/19/2021 23:30 CDT,96815,27.4,57.13,2.745,7.635,0,101721.85
TWB14,Uvalde_2020_02,29.60214,-99.73007,436.7784,6/28/21,p,2021,06/19/2021 23:35 CDT,96824,27.41,58.64,3.055,7.635,0,101730.79
TWB14,Uvalde_2020_02,29.60214,-99.73007,436.7784,6/28/21,p,2021,06/19/2021 23:40 CDT,96837,27.34,61.67,3.195,7.635,0,101745.09
TWB14,Uvalde_2020_02,29.60214,-99.73007,436.7784,6/28/21,p,2021,06/19/2021 23:45 CDT,96840,27.19,63.87,3.29,7.635,0,101750.4
TWB14,Uvalde_2020_02,29.60214,-99.73007,436.7784,6/28/21,p,2021,06/19/2021 23:50 CDT,96841,27.04,65.41,2.91,7.635,0.02,101753.44
TWB14,Uvalde_2020_02,29.60214,-99.73007,436.7784,6/28/21,p,2021,06/19/2021 23:55 CDT,96837,26.89,66.56,2.76,7.635,0,101752.07
TWB14,Uvalde_2020_02,29.60214,-99.73007,436.7784,6/28/21,p,2021,06/20/2021 00:00 CDT,96836,26.78,66.97,3.25,7.635,0.02,101752.69
TWB14,Uvalde_2020_02,29.60214,-99.73007,436.7784,6/28/21,p,2021,06/20/2021 00:05 CDT,96840,26.69,67.57,2.905,7.635,0,101758.57
TWB14,Uvalde_2020_02,29.60214,-99.73007,436.7784,6/28/21,p,2021,06/20/2021 00:10 CDT,96841,26.56,67.94,3.23,7.635,0,101761.97
TWB14,Uvalde_2020_02,29.60214,-99.73007,436.7784,6/28/21,p,2021,06/20/2021 00:15 CDT,96833,26.45,68.65,2.73,7.635,0,101755.06
TWB14,Uvalde_2020_02,29.60214,-99.73007,436.7784,6/28/21,p,2021,06/20/2021 00:20 CDT,96822,26.36,69.29,2.935,7.635,0,101745.35
TWB14,Uvalde_2020_02,29.60214,-99.73007,436.7784,6/28/21,p,2021,06/20/2021 00:25 CDT,96817,26.29,69.59,2.665,7.635,0,101741.44
TWB14,Uvalde_2020_02,29.60214,-99.73007,436.7784,6/28/21,p,2021,06/20/2021 00:30 CDT,96816,26.19,70.34,2.02,7.635,0,101741.56
TWB14,Uvalde_2020_02,29.60214,-99.73007,436.7784,6/28/21,p,2021,06/20/2021 00:35 CDT,96815,26.06,70.47,2.425,7.635,0,101743.2
TWB14,Uvalde_2020_02,29.60214,-99.73007,436.7784,6/28/21,p,2021,06/20/2021 00:40 CDT,96816,26.03,70.67,2.93,7.635,0,101744.92
TWB14,Uvalde_2020_02,29.60214,-99.73007,436.7784,6/28/21,p,2021,06/20/2021 00:45 CDT,96822,25.98,70.94,3,7.635,0,101751.9
TWB14,Uvalde_2020_02,29.60214,-99.73007,436.7784,6/28/21,p,2021,06/20/2021 00:50 CDT,96828,25.9,71.28,2.635,7.635,0,101759.55
TWB14,Uvalde_2020_02,29.60214,-99.73007,436.7784,6/28/21,p,2021,06/20/2021 00:55 CDT,96826,25.84,71.59,2.895,7.635,0,101758.63
TWB14,Uvalde_2020_02,29.60214,-99.73007,436.7784,6/28/21,p,2021,06/20/2021 01:00 CDT,96819,25.77,71.92,3.175,7.635,0,101752.28
TWB14,Uvalde_2020_02,29.60214,-99.73007,436.7784,6/28/21,p,2021,06/20/2021 01:05 CDT,96818,25.71,72.43,2.645,7.635,0,101752.07
TWB14,Uvalde_2020_02,29.60214,-99.73007,436.7784,6/28/21,p,2021,06/20/2021 01:10 CDT,96819,25.65,72.8,2.77,7.635,0,101754.13
TWB14,Uvalde_2020_02,29.60214,-99.73007,436.7784,6/28/21,p,2021,06/20/2021 01:15 CDT,96818,25.65,72.91,2.51,7.635,0,101753.59
TWB14,Uvalde_2020_02,29.60214,-99.73007,436.7784,6/28/21,p,2021,06/20/2021 01:20 CDT,96820,25.57,73.58,2.165,7.635,0,101756.36
TWB14,Uvalde_2020_02,29.60214,-99.73007,436.7784,6/28/21,p,2021,06/20/2021 01:25 CDT,96819,25.47,74.19,2.12,7.635,0,101757.16
TWB14,Uvalde_2020_02,29.60214,-99.73007,436.7784,6/28/21,p,2021,06/20/2021 01:30 CDT,96809,25.42,74.52,2.065,7.635,0,101747.83
TWB14,Uvalde_2020_02,29.60214,-99.73007,436.7784,6/28/21,p,2021,06/20/2021 01:35 CDT,96808,25.34,74.96,2.095,7.635,0,101747.96
TWB14,Uvalde_2020_02,29.60214,-99.73007,436.7784,6/28/21,p,2021,06/20/2021 01:40 CDT,96810,25.33,74.93,2.265,7.635,0,101750.74
TWB14,Uvalde_2020_02,29.60214,-99.73007,436.7784,6/28/21,p,2021,06/20/2021 01:45 CDT,96813,25.28,75.47,2.02,7.635,0,101754.23
TWB14,Uvalde_2020_02,29.60214,-99.73007,436.7784,6/28/21,p,2021,06/20/2021 01:50 CDT,96805,25.25,75.53,2.685,7.635,0,101746.67
TWB14,Uvalde_2020_02,29.60214,-99.73007,436.7784,6/28/21,p,2021,06/20/2021 01:55 CDT,96801,25.23,75.84,2.42,7.635,0,101742.46
TWB14,Uvalde_2020_02,29.60214,-99.73007,436.7784,6/28/21,p,2021,06/20/2021 02:00 CDT,96806,25.16,76.38,2.07,7.635,0,101748.56
TWB14,Uvalde_2020_02,29.60214,-99.73007,436.7784,6/28/21,p,2021,06/20/2021 02:05 CDT,96796,25.07,76.88,1.965,7.635,0,101739.4
TWB14,Uvalde_2020_02,29.60214,-99.73007,436.7784,6/28/21,p,2021,06/20/2021 02:10 CDT,96792,24.99,77.42,2.05,7.635,0,101736.89
TWB14,Uvalde_2020_02,29.60214,-99.73007,436.7784,6/28/21,p,2021,06/20/2021 02:15 CDT,96790,24.93,77.83,2.035,7.635,0,101736.14
TWB14,Uvalde_2020_02,29.60214,-99.73007,436.7784,6/28/21,p,2021,06/20/2021 02:20 CDT,96781,24.88,78,1.935,7.635,0,101727.19
TWB14,Uvalde_2020_02,29.60214,-99.73007,436.7784,6/28/21,p,2021,06/20/2021 02:25 CDT,96784,24.84,78.37,2.165,7.635,0,101731.02
TWB14,Uvalde_2020_02,29.60214,-99.73007,436.7784,6/28/21,p,2021,06/20/2021 02:30 CDT,96781,24.79,78.64,1.65,7.635,0,101728.37
TWB14,Uvalde_2020_02,29.60214,-99.73007,436.7784,6/28/21,p,2021,06/20/2021 02:35 CDT,96775,24.7,79.17,1.335,7.635,0,101723.42
TWB14,Uvalde_2020_02,29.60214,-99.73007,436.7784,6/28/21,p,2021,06/20/2021 02:40 CDT,96768,24.66,79.38,1.455,7.635,0,101717.25
TWB14,Uvalde_2020_02,29.60214,-99.73007,436.7784,6/28/21,p,2021,06/20/2021 02:45 CDT,96766,24.61,79.98,2.045,7.635,0,101715.99
TWB14,Uvalde_2020_02,29.60214,-99.73007,436.7784,6/28/21,p,2021,06/20/2021 02:50 CDT,96757,24.58,80.2,1.675,7.635,0,101706.87
TWB14,Uvalde_2020_02,29.60214,-99.73007,436.7784,6/28/21,p,2021,06/20/2021 02:55 CDT,96752,24.54,80.4,1.095,7.635,0,101702.12
TWB14,Uvalde_2020_02,29.60214,-99.73007,436.7784,6/28/21,p,2021,06/20/2021 03:00 CDT,96743,24.53,80.9,2.11,7.635,0,101692.83
TWB14,Uvalde_2020_02,29.60214,-99.73007,436.7784,6/28/21,p,2021,06/20/2021 03:05 CDT,96741,24.57,80.7,2.21,7.635,0,101690.39
TWB14,Uvalde_2020_02,29.60214,-99.73007,436.7784,6/28/21,p,2021,06/20/2021 03:10 CDT,96739,24.55,81,1.805,7.635,0,101688.11
TWB14,Uvalde_2020_02,29.60214,-99.73007,436.7784,6/28/21,p,2021,06/20/2021 03:15 CDT,96738,24.53,81.1,2.515,7.635,0,101687.57
TWB14,Uvalde_2020_02,29.60214,-99.73007,436.7784,6/28/21,p,2021,06/20/2021 03:20 CDT,96740,24.52,81.1,1.895,7.635,0,101689.67
TWB14,Uvalde_2020_02,29.60214,-99.73007,436.7784,6/28/21,p,2021,06/20/2021 03:25 CDT,96735,24.53,81.3,1.9,7.635,0,101683.91
TWB14,Uvalde_2020_02,29.60214,-99.73007,436.7784,6/28/21,p,2021,06/20/2021 03:30 CDT,96728,24.51,81.5,2.08,7.635,0,101676.89
TWB14,Uvalde_2020_02,29.60214,-99.73007,436.7784,6/28/21,p,2021,06/20/2021 03:35 CDT,96725,24.49,81.6,2.015,7.635,0,101673.9
TWB14,Uvalde_2020_02,29.60214,-99.73007,436.7784,6/28/21,p,2021,06/20/2021 03:40 CDT,96728,24.49,81.8,2.295,7.635,0,101677.05
TWB14,Uvalde_2020_02,29.60214,-99.73007,436.7784,6/28/21,p,2021,06/20/2021 03:45 CDT,96728,24.47,82,1.71,7.635,0,101677.05
TWB14,Uvalde_2020_02,29.60214,-99.73007,436.7784,6/28/21,p,2021,06/20/2021 03:50 CDT,96726,24.47,82.2,2.14,7.635,0,101674.95
TWB14,Uvalde_2020_02,29.60214,-99.73007,436.7784,6/28/21,p,2021,06/20/2021 03:55 CDT,96727,24.46,82.3,2.095,7.635,0,101676.17
TWB14,Uvalde_2020_02,29.60214,-99.73007,436.7784,6/28/21,p,2021,06/20/2021 04:00 CDT,96718,24.44,82.7,2.44,7.635,0,101667.21
TWB14,Uvalde_2020_02,29.60214,-99.73007,436.7784,6/28/21,p,2021,06/20/2021 04:05 CDT,96713,24.42,82.9,1.92,7.635,0,101662.47
TWB14,Uvalde_2020_02,29.60214,-99.73007,436.7784,6/28/21,p,2021,06/20/2021 04:10 CDT,96714,24.4,83.1,2.335,7.635,0,101663.69
TWB14,Uvalde_2020_02,29.60214,-99.73007,436.7784,6/28/21,p,2021,06/20/2021 04:15 CDT,96714,24.36,83.4,2.585,7.635,0,101664.54
TWB14,Uvalde_2020_02,29.60214,-99.73007,436.7784,6/28/21,p,2021,06/20/2021 04:20 CDT,96709,24.33,83.5,2.495,7.635,0,101659.79
TWB14,Uvalde_2020_02,29.60214,-99.73007,436.7784,6/28/21,p,2021,06/20/2021 04:25 CDT,96705,24.29,83.8,2.8,7.635,0.05,101656.26
TWB14,Uvalde_2020_02,29.60214,-99.73007,436.7784,6/28/21,p,2021,06/20/2021 04:30 CDT,96704,24.23,84.1,2.465,7.635,0,101656.06
TWB14,Uvalde_2020_02,29.60214,-99.73007,436.7784,6/28/21,p,2021,06/20/2021 04:35 CDT,96700,24.17,84.6,2.335,7.635,0.03,101652.87
TWB14,Uvalde_2020_02,29.60214,-99.73007,436.7784,6/28/21,p,2021,06/20/2021 04:40 CDT,96692,24.1,84.7,2.11,7.635,0,101646
TWB14,Uvalde_2020_02,29.60214,-99.73007,436.7784,6/28/21,p,2021,06/20/2021 04:45 CDT,96700,24.06,85,2.395,7.635,0,101655.09
TWB14,Uvalde_2020_02,29.60214,-99.73007,436.7784,6/28/21,p,2021,06/20/2021 04:50 CDT,96699,24.02,85.3,2.325,7.635,0,101654.72
TWB14,Uvalde_2020_02,29.60214,-99.73007,436.7784,6/28/21,p,2021,06/20/2021 04:55 CDT,96699,23.94,85.6,2.435,7.635,0.02,101655.91
TWB14,Uvalde_2020_02,29.60214,-99.73007,436.7784,6/28/21,p,2021,06/20/2021 05:00 CDT,96700,23.92,85.7,1.85,7.635,0,101657.81
TWB14,Uvalde_2020_02,29.60214,-99.73007,436.7784,6/28/21,p,2021,06/20/2021 05:05 CDT,96701,23.89,85.9,2.13,7.635,0,101659.37
TWB14,Uvalde_2020_02,29.60214,-99.73007,436.7784,6/28/21,p,2021,06/20/2021 05:10 CDT,96705,23.83,86.1,1.66,7.635,0,101664.43
TWB14,Uvalde_2020_02,29.60214,-99.73007,436.7784,6/28/21,p,2021,06/20/2021 05:15 CDT,96706,23.8,86.2,2.005,7.635,0,101666.34
TWB14,Uvalde_2020_02,29.60214,-99.73007,436.7784,6/28/21,p,2021,06/20/2021 05:20 CDT,96710,23.78,86.3,1.685,7.635,0,101671.22
TWB14,Uvalde_2020_02,29.60214,-99.73007,436.7784,6/28/21,p,2021,06/20/2021 05:25 CDT,96714,23.73,86.5,1.555,7.635,0,101676.11
TWB14,Uvalde_2020_02,29.60214,-99.73007,436.7784,6/28/21,p,2021,06/20/2021 05:30 CDT,96716,23.72,86.8,1.54,7.635,0,101678.21
TWB14,Uvalde_2020_02,29.60214,-99.73007,436.7784,6/28/21,p,2021,06/20/2021 05:35 CDT,96719,23.72,86.9,1.695,7.635,0,101681.37
TWB14,Uvalde_2020_02,29.60214,-99.73007,436.7784,6/28/21,p,2021,06/20/2021 05:40 CDT,96722,23.74,86.8,2.26,7.635,0,101684.52
TWB14,Uvalde_2020_02,29.60214,-99.73007,436.7784,6/28/21,p,2021,06/20/2021 05:45 CDT,96723,23.73,87.3,1.81,7.635,0,101685.57
TWB14,Uvalde_2020_02,29.60214,-99.73007,436.7784,6/28/21,p,2021,06/20/2021 05:50 CDT,96727,23.68,87.3,1.705,7.635,0,101690.63
TWB14,Uvalde_2020_02,29.60214,-99.73007,436.7784,6/28/21,p,2021,06/20/2021 05:55 CDT,96734,23.65,87.4,1.75,7.635,0,101698.67
TWB14,Uvalde_2020_02,29.60214,-99.73007,436.7784,6/28/21,p,2021,06/20/2021 06:00 CDT,96728,23.62,87.1,1.46,7.635,0,101693.22
TWB14,Uvalde_2020_02,29.60214,-99.73007,436.7784,6/28/21,p,2021,06/20/2021 06:05 CDT,96724,23.56,87.4,1.3,7.635,0,101689.87
TWB14,Uvalde_2020_02,29.60214,-99.73007,436.7784,6/28/21,p,2021,06/20/2021 06:10 CDT,96724,23.52,87.9,1.545,7.635,0,101690.72
TWB14,Uvalde_2020_02,29.60214,-99.73007,436.7784,6/28/21,p,2021,06/20/2021 06:15 CDT,96725,23.51,87.8,1.5,7.635,0,101691.95
TWB14,Uvalde_2020_02,29.60214,-99.73007,436.7784,6/28/21,p,2021,06/20/2021 06:20 CDT,96725,23.48,87.9,1.81,7.635,0,101692.12
TWB14,Uvalde_2020_02,29.60214,-99.73007,436.7784,6/28/21,p,2021,06/20/2021 06:25 CDT,96724,23.48,87.7,2.19,7.635,0,101691.75
TWB14,Uvalde_2020_02,29.60214,-99.73007,436.7784,6/28/21,p,2021,06/20/2021 06:30 CDT,96724,23.45,87.9,1.895,7.635,0.45,101692.27
TWB14,Uvalde_2020_02,29.60214,-99.73007,436.7784,6/28/21,p,2021,06/20/2021 06:35 CDT,96725,23.42,87.9,1.635,7.635,1.66,101693.83
TWB14,Uvalde_2020_02,29.60214,-99.73007,436.7784,6/28/21,p,2021,06/20/2021 06:40 CDT,96730,23.44,87.8,1.635,7.635,1.79,101698.75
TWB14,Uvalde_2020_02,29.60214,-99.73007,436.7784,6/28/21,p,2021,06/20/2021 06:45 CDT,96730,23.48,87.4,1.755,7.635,0.21,101697.89
TWB14,Uvalde_2020_02,29.60214,-99.73007,436.7784,6/28/21,p,2021,06/20/2021 06:50 CDT,96725,23.55,87.1,1.735,7.635,0.64,101691.44
TWB14,Uvalde_2020_02,29.60214,-99.73007,436.7784,6/28/21,p,2021,06/20/2021 06:55 CDT,96724,23.64,86.7,1.455,7.635,1.82,101688.51
TWB14,Uvalde_2020_02,29.60214,-99.73007,436.7784,6/28/21,p,2021,06/20/2021 07:00 CDT,96724,23.69,86.7,1.7,7.635,3.48,101687.14
TWB14,Uvalde_2020_02,29.60214,-99.73007,436.7784,6/28/21,p,2021,06/20/2021 07:05 CDT,96724,23.74,86.6,1.71,7.635,4.38,101686.28
TWB14,Uvalde_2020_02,29.60214,-99.73007,436.7784,6/28/21,p,2021,06/20/2021 07:10 CDT,96724,23.78,86.6,1.54,7.635,5.82,101685.6
TWB14,Uvalde_2020_02,29.60214,-99.73007,436.7784,6/28/21,p,2021,06/20/2021 07:15 CDT,96725,23.83,86.7,1.335,7.635,6.98,101685.62
TWB14,Uvalde_2020_02,29.60214,-99.73007,436.7784,6/28/21,p,2021,06/20/2021 07:20 CDT,96725,23.88,86.7,1.735,7.635,11.51,101684.43
TWB14,Uvalde_2020_02,29.60214,-99.73007,436.7784,6/28/21,p,2021,06/20/2021 07:25 CDT,96730,23.95,86.8,1.445,7.635,15.33,101688.32
TWB14,Uvalde_2020_02,29.60214,-99.73007,436.7784,6/28/21,p,2021,06/20/2021 07:30 CDT,96735,24,86.8,1.36,7.635,19.86,101692.89
TWB14,Uvalde_2020_02,29.60214,-99.73007,436.7784,6/28/21,p,2021,06/20/2021 07:35 CDT,96739,24.05,86.7,2.15,7.635,24.16,101696.24
TWB14,Uvalde_2020_02,29.60214,-99.73007,436.7784,6/28/21,p,2021,06/20/2021 07:40 CDT,96738,24.08,86.7,2.205,7.635,26.13,101694.51
TWB14,Uvalde_2020_02,29.60214,-99.73007,436.7784,6/28/21,p,2021,06/20/2021 07:45 CDT,96741,24.12,86.7,1.685,7.635,35.94,101696.98
TWB14,Uvalde_2020_02,29.60214,-99.73007,436.7784,6/28/21,p,2021,06/20/2021 07:50 CDT,96750,24.2,86.3,1.985,7.635,41.19,101704.91
TWB14,Uvalde_2020_02,29.60214,-99.73007,436.7784,6/28/21,p,2021,06/20/2021 07:55 CDT,96751,24.25,86.1,1.71,7.635,42.81,101704.94
TWB14,Uvalde_2020_02,29.60214,-99.73007,436.7784,6/28/21,p,2021,06/20/2021 08:00 CDT,96750,24.3,86.2,2.01,7.635,43.93,101703.04
TWB14,Uvalde_2020_02,29.60214,-99.73007,436.7784,6/28/21,p,2021,06/20/2021 08:05 CDT,96748,24.34,86.2,2.02,7.635,41.86,101700.25
TWB14,Uvalde_2020_02,29.60214,-99.73007,436.7784,6/28/21,p,2021,06/20/2021 08:10 CDT,96747,24.34,85.9,2.605,7.635,42.76,101699.2
TWB14,Uvalde_2020_02,29.60214,-99.73007,436.7784,6/28/21,p,2021,06/20/2021 08:15 CDT,96744,24.33,86.3,2.355,7.635,43.45,101696.05
TWB14,Uvalde_2020_02,29.60214,-99.73007,436.7784,6/28/21,p,2021,06/20/2021 08:20 CDT,96748,24.38,85.9,2.035,7.635,53.67,101699.23
TWB14,Uvalde_2020_02,29.60214,-99.73007,436.7784,6/28/21,p,2021,06/20/2021 08:25 CDT,96750,24.46,86.1,1.685,7.635,66.27,101699.97
TWB14,Uvalde_2020_02,29.60214,-99.73007,436.7784,6/28/21,p,2021,06/20/2021 08:30 CDT,96753,24.54,85.3,2.225,7.635,87.89,101701.94
TWB14,Uvalde_2020_02,29.60214,-99.73007,436.7784,6/28/21,p,2021,06/20/2021 08:35 CDT,96758,24.66,85.3,1.925,7.635,90.55,101705.5
TWB14,Uvalde_2020_02,29.60214,-99.73007,436.7784,6/28/21,p,2021,06/20/2021 08:40 CDT,96760,24.74,84.4,2.105,7.635,149.92,101705.74
TWB14,Uvalde_2020_02,29.60214,-99.73007,436.7784,6/28/21,p,2021,06/20/2021 08:45 CDT,96766,25,83.7,1.735,7.635,145.26,101708.49
TWB14,Uvalde_2020_02,29.60214,-99.73007,436.7784,6/28/21,p,2021,06/20/2021 08:50 CDT,96767,24.98,83.3,2.065,7.635,133.89,101707.68
TWB14,Uvalde_2020_02,29.60214,-99.73007,436.7784,6/28/21,p,2021,06/20/2021 08:55 CDT,96769,25.01,82.9,2.34,7.635,139.22,101709.11
TWB14,Uvalde_2020_02,29.60214,-99.73007,436.7784,6/28/21,p,2021,06/20/2021 09:00 CDT,96779,25.15,81.6,2.12,7.635,143.73,101718.27
TWB14,Uvalde_2020_02,29.60214,-99.73007,436.7784,6/28/21,p,2021,06/20/2021 09:05 CDT,96784,25.13,81.8,2.58,7.635,141.03,101723.02
TWB14,Uvalde_2020_02,29.60214,-99.73007,436.7784,6/28/21,p,2021,06/20/2021 09:10 CDT,96780,25.07,81.9,2.71,7.635,147.84,101719.83
TWB14,Uvalde_2020_02,29.60214,-99.73007,436.7784,6/28/21,p,2021,06/20/2021 09:15 CDT,96777,25.15,82,2.085,7.635,142.55,101715.49
TWB14,Uvalde_2020_02,29.60214,-99.73007,436.7784,6/28/21,p,2021,06/20/2021 09:20 CDT,96780,25.23,82.5,2.375,7.635,182.07,101717.11
TWB14,Uvalde_2020_02,29.60214,-99.73007,436.7784,6/28/21,p,2021,06/20/2021 09:25 CDT,96787,25.28,82.2,2.29,7.635,148.34,101723.8
TWB14,Uvalde_2020_02,29.60214,-99.73007,436.7784,6/28/21,p,2021,06/20/2021 09:30 CDT,96790,25.36,81.3,2.13,7.635,148.37,101725.77
TWB14,Uvalde_2020_02,29.60214,-99.73007,436.7784,6/28/21,p,2021,06/20/2021 09:35 CDT,96794,25.41,81,2.355,7.635,170.09,101729.3
TWB14,Uvalde_2020_02,29.60214,-99.73007,436.7784,6/28/21,p,2021,06/20/2021 09:40 CDT,96805,25.7,78.72,1.945,7.635,241.7,101736.49
TWB14,Uvalde_2020_02,29.60214,-99.73007,436.7784,6/28/21,p,2021,06/20/2021 09:45 CDT,96807,25.83,78.55,2.07,7.635,195.42,101735.73
TWB14,Uvalde_2020_02,29.60214,-99.73007,436.7784,6/28/21,p,2021,06/20/2021 09:50 CDT,96803,25.74,79.22,2.08,7.635,216.79,101731.86
TWB14,Uvalde_2020_02,29.60214,-99.73007,436.7784,6/28/21,p,2021,06/20/2021 09:55 CDT,96794,25.84,78.38,2.265,7.635,226.07,101720.89
TWB14,Uvalde_2020_02,29.60214,-99.73007,436.7784,6/28/21,p,2021,06/20/2021 10:00 CDT,96786,25.84,77.47,2.695,7.635,252.59,101711.82
TWB14,Uvalde_2020_02,29.60214,-99.73007,436.7784,6/28/21,p,2021,06/20/2021 10:05 CDT,96783,26.11,75.44,2.05,7.635,304.08,101705.65
TWB14,Uvalde_2020_02,29.60214,-99.73007,436.7784,6/28/21,p,2021,06/20/2021 10:10 CDT,96782,26.44,74.43,2.37,7.635,400.86,101699.07
TWB14,Uvalde_2020_02,29.60214,-99.73007,436.7784,6/28/21,p,2021,06/20/2021 10:15 CDT,96770,26.43,75.48,2.63,7.635,327.3,101683.93
TWB14,Uvalde_2020_02,29.60214,-99.73007,436.7784,6/28/21,p,2021,06/20/2021 10:20 CDT,96756,26.58,73.15,3.06,7.635,439.62,101668.07
TWB14,Uvalde_2020_02,29.60214,-99.73007,436.7784,6/28/21,p,2021,06/20/2021 10:25 CDT,96753,26.91,71.64,2.625,7.635,470.83,101659.91
TWB14,Uvalde_2020_02,29.60214,-99.73007,436.7784,6/28/21,p,2021,06/20/2021 10:30 CDT,96741,27.2,72.61,2.36,7.635,401.59,101641.95
TWB14,Uvalde_2020_02,29.60214,-99.73007,436.7784,6/28/21,p,2021,06/20/2021 10:35 CDT,96736,27.41,72.65,2.34,7.635,578.79,101632.7
TWB14,Uvalde_2020_02,29.60214,-99.73007,436.7784,6/28/21,p,2021,06/20/2021 10:40 CDT,96733,27.89,68.7,2.495,7.635,458.01,101620.94
TWB14,Uvalde_2020_02,29.60214,-99.73007,436.7784,6/28/21,p,2021,06/20/2021 10:45 CDT,96727,27.64,68.53,2.91,7.635,492.76,101616.3
TWB14,Uvalde_2020_02,29.60214,-99.73007,436.7784,6/28/21,p,2021,06/20/2021 10:50 CDT,96723,27.63,67.11,2.94,7.635,510.93,101613.11
TWB14,Uvalde_2020_02,29.60214,-99.73007,436.7784,6/28/21,p,2021,06/20/2021 10:55 CDT,96719,27.85,66.9,2.93,7.635,572.86,101606.09
TWB14,Uvalde_2020_02,29.60214,-99.73007,436.7784,6/28/21,p,2021,06/20/2021 11:00 CDT,96708,28.06,66.63,2.995,7.635,583.19,101591.55
TWB14,Uvalde_2020_02,29.60214,-99.73007,436.7784,6/28/21,p,2021,06/20/2021 11:05 CDT,96704,28.25,65.85,2.675,7.635,513.36,101583.88
TWB14,Uvalde_2020_02,29.60214,-99.73007,436.7784,6/28/21,p,2021,06/20/2021 11:10 CDT,96702,28.45,63.9,2.785,7.635,547.3,101578.49
TWB14,Uvalde_2020_02,29.60214,-99.73007,436.7784,6/28/21,p,2021,06/20/2021 11:15 CDT,96698,28.26,64.91,2.635,7.635,442.01,101575.77
TWB14,Uvalde_2020_02,29.60214,-99.73007,436.7784,6/28/21,p,2021,06/20/2021 11:20 CDT,96691,28.59,64.23,2.85,7.635,574.05,101565.62
TWB14,Uvalde_2020_02,29.60214,-99.73007,436.7784,6/28/21,p,2021,06/20/2021 11:25 CDT,96685,28.71,64.06,2.8,7.635,366.68,101555.85
TWB14,Uvalde_2020_02,29.60214,-99.73007,436.7784,6/28/21,p,2021,06/20/2021 11:30 CDT,96684,28.49,65.71,2.58,7.635,554.61,101558.41
TWB14,Uvalde_2020_02,29.60214,-99.73007,436.7784,6/28/21,p,2021,06/20/2021 11:35 CDT,96680,29.1,63.28,2.825,7.635,691.88,101546.33
TWB14,Uvalde_2020_02,29.60214,-99.73007,436.7784,6/28/21,p,2021,06/20/2021 11:40 CDT,96681,29.4,61.4,2.88,7.635,574.86,101540
TWB14,Uvalde_2020_02,29.60214,-99.73007,436.7784,6/28/21,p,2021,06/20/2021 11:45 CDT,,29.42,63.55,2.18,7.635,561.97,
TWB14,Uvalde_2020_02,29.60214,-99.73007,436.7784,6/28/21,p,2021,06/20/2021 11:50 CDT,96680,29.71,61.87,2.52,7.635,548.18,101533.87
TWB14,Uvalde_2020_02,29.60214,-99.73007,436.7784,6/28/21,p,2021,06/20/2021 11:55 CDT,96683,29.6,64.19,2.69,7.635,627.43,101537.98
TWB14,Uvalde_2020_02,29.60214,-99.73007,436.7784,6/28/21,p,2021,06/20/2021 12:00 CDT,96675,29.89,61.94,2.34,7.635,602.78,101525.83
TWB14,Uvalde_2020_02,29.60214,-99.73007,436.7784,6/28/21,p,2021,06/20/2021 12:05 CDT,96666,30.09,58.09,2.86,7.635,678.4,101512.67
TWB14,Uvalde_2020_02,29.60214,-99.73007,436.7784,6/28/21,p,2021,06/20/2021 12:10 CDT,96656,30.02,59.3,3.1,7.635,695.15,101500.85
TWB14,Uvalde_2020_02,29.60214,-99.73007,436.7784,6/28/21,p,2021,06/20/2021 12:15 CDT,96647,30.21,58.09,2.475,7.635,678.26,101490.43
TWB14,Uvalde_2020_02,29.60214,-99.73007,436.7784,6/28/21,p,2021,06/20/2021 12:20 CDT,96639,30.47,56.4,3.56,7.635,715.39,101477.33
TWB14,Uvalde_2020_02,29.60214,-99.73007,436.7784,6/28/21,p,2021,06/20/2021 12:25 CDT,96628,30.55,57.79,2.66,7.635,579.14,101463.81
TWB14,Uvalde_2020_02,29.60214,-99.73007,436.7784,6/28/21,p,2021,06/20/2021 12:30 CDT,96623,30.49,56.07,2.9,7.635,584.14,101459.23
TWB14,Uvalde_2020_02,29.60214,-99.73007,436.7784,6/28/21,p,2021,06/20/2021 12:35 CDT,96620,30.4,58.56,2.82,7.635,527.57,101458.17
TWB14,Uvalde_2020_02,29.60214,-99.73007,436.7784,6/28/21,p,2021,06/20/2021 12:40 CDT,96620,30.58,57.75,3.015,7.635,553.91,101457.69
TWB14,Uvalde_2020_02,29.60214,-99.73007,436.7784,6/28/21,p,2021,06/20/2021 12:45 CDT,96616,30.7,57.38,3.15,7.635,664.59,101450.56
TWB14,Uvalde_2020_02,29.60214,-99.73007,436.7784,6/28/21,p,2021,06/20/2021 12:50 CDT,96602,30.64,54.18,3.805,7.635,725.61,101435.41
TWB14,Uvalde_2020_02,29.60214,-99.73007,436.7784,6/28/21,p,2021,06/20/2021 12:55 CDT,96595,30.8,54.96,4.32,7.635,790.64,101425.78
TWB14,Uvalde_2020_02,29.60214,-99.73007,436.7784,6/28/21,p,2021,06/20/2021 13:00 CDT,96587,30.98,55.22,3.85,7.635,746.63,101414.62
TWB14,Uvalde_2020_02,29.60214,-99.73007,436.7784,6/28/21,p,2021,06/20/2021 13:05 CDT,96574,31.15,53.31,3.28,7.635,706.81,101397.59
TWB14,Uvalde_2020_02,29.60214,-99.73007,436.7784,6/28/21,p,2021,06/20/2021 13:10 CDT,96568,31.64,52.73,3.065,7.635,777.29,101385.32
TWB14,Uvalde_2020_02,29.60214,-99.73007,436.7784,6/28/21,p,2021,06/20/2021 13:15 CDT,96567,31.41,54.35,3.6,9.215,710.31,101386.19
TWB14,Uvalde_2020_02,29.60214,-99.73007,436.7784,6/28/21,p,2021,06/20/2021 13:20 CDT,96564,31.34,55.45,3.72,8.8,600.12,101383.19
TWB14,Uvalde_2020_02,29.60214,-99.73007,436.7784,6/28/21,p,2021,06/20/2021 13:25 CDT,96555,31.22,52.83,3.445,8.8,498.75,101377
TWB14,Uvalde_2020_02,29.60214,-99.73007,436.7784,6/28/21,p,2021,06/20/2021 13:30 CDT,96542,31.39,53.64,2.815,8.8,470.73,101362.05
TWB14,Uvalde_2020_02,29.60214,-99.73007,436.7784,6/28/21,p,2021,06/20/2021 13:35 CDT,96535,31.47,53.37,2.905,8.8,502.75,101353.57
TWB14,Uvalde_2020_02,29.60214,-99.73007,436.7784,6/28/21,p,2021,06/20/2021 13:40 CDT,96524,31.42,52.86,2.87,8.8,431.16,101342.52
TWB14,Uvalde_2020_02,29.60214,-99.73007,436.7784,6/28/21,p,2021,06/20/2021 13:45 CDT,96513,31.41,52.12,2.855,8.8,523.86,101332.75
TWB14,Uvalde_2020_02,29.60214,-99.73007,436.7784,6/28/21,p,2021,06/20/2021 13:50 CDT,96509,31.68,50.3,2.505,8.8,606.42,101323.57
TWB14,Uvalde_2020_02,29.60214,-99.73007,436.7784,6/28/21,p,2021,06/20/2021 13:55 CDT,96505,31.97,52.32,3.02,8.8,787.89,101314.19
TWB14,Uvalde_2020_02,29.60214,-99.73007,436.7784,6/28/21,p,2021,06/20/2021 14:00 CDT,96495,32.38,49.83,2.72,8.8,705.75,101296.33
TWB14,Uvalde_2020_02,29.60214,-99.73007,436.7784,6/28/21,p,2021,06/20/2021 14:05 CDT,96490,32.21,51.62,3.07,8.8,639.97,101291.86
TWB14,Uvalde_2020_02,29.60214,-99.73007,436.7784,6/28/21,p,2021,06/20/2021 14:10 CDT,96480,31.9,52.96,3.35,8.8,523.43,101287.29
TWB14,Uvalde_2020_02,29.60214,-99.73007,436.7784,6/28/21,p,2021,06/20/2021 14:15 CDT,96479,31.75,52.76,3,8.8,574.49,101288.5
TWB14,Uvalde_2020_02,29.60214,-99.73007,436.7784,6/28/21,p,2021,06/20/2021 14:20 CDT,96480,32.05,51.41,2.775,8.8,844.91,101286.19
TWB14,Uvalde_2020_02,29.60214,-99.73007,436.7784,6/28/21,p,2021,06/20/2021 14:25 CDT,96478,32.41,51.14,3.085,8.8,760.84,101276.86
TWB14,Uvalde_2020_02,29.60214,-99.73007,436.7784,6/28/21,p,2021,06/20/2021 14:30 CDT,96475,32.36,50.67,2.49,8.8,819.21,101274.52
TWB14,Uvalde_2020_02,29.60214,-99.73007,436.7784,6/28/21,p,2021,06/20/2021 14:35 CDT,96462,32.49,50.26,2.97,8.8,706.65,101258.8
TWB14,Uvalde_2020_02,29.60214,-99.73007,436.7784,6/28/21,p,2021,06/20/2021 14:40 CDT,96451,32.32,48.58,2.745,8.8,552.01,101249.52
TWB14,Uvalde_2020_02,29.60214,-99.73007,436.7784,6/28/21,p,2021,06/20/2021 14:45 CDT,96446,32.37,48.98,2.555,8.8,561.26,101244.42
TWB14,Uvalde_2020_02,29.60214,-99.73007,436.7784,6/28/21,p,2021,06/20/2021 14:50 CDT,96436,32.86,49.45,2.26,8.8,648.59,101228.15
TWB14,Uvalde_2020_02,29.60214,-99.73007,436.7784,6/28/21,p,2021,06/20/2021 14:55 CDT,96434,33,47.46,2.88,8.8,416.25,101221.29
TWB14,Uvalde_2020_02,29.60214,-99.73007,436.7784,6/28/21,p,2021,06/20/2021 15:00 CDT,96431,32.5,49.55,2.46,8.8,343.6,101225.78
TWB14,Uvalde_2020_02,29.60214,-99.73007,436.7784,6/28/21,p,2021,06/20/2021 15:05 CDT,96422,32.18,49.92,2.905,8.8,270.42,101222.1
TWB14,Uvalde_2020_02,29.60214,-99.73007,436.7784,6/28/21,p,2021,06/20/2021 15:10 CDT,96422,31.88,49.51,3.305,8.385,287.46,101228.38
TWB14,Uvalde_2020_02,29.60214,-99.73007,436.7784,6/28/21,p,2021,06/20/2021 15:15 CDT,96423,31.8,50.35,3.445,8.385,435.44,101231.83
TWB14,Uvalde_2020_02,29.60214,-99.73007,436.7784,6/28/21,p,2021,06/20/2021 15:20 CDT,96412,32.16,48.5,2.635,8.385,676.32,101216.6
TWB14,Uvalde_2020_02,29.60214,-99.73007,436.7784,6/28/21,p,2021,06/20/2021 15:25 CDT,96401,32.49,47.7,3.52,8.385,605.16,101197.36
TWB14,Uvalde_2020_02,29.60214,-99.73007,436.7784,6/28/21,p,2021,06/20/2021 15:30 CDT,96398,32.43,47.4,4.255,8.8,411.51,101193.89
TWB14,Uvalde_2020_02,29.60214,-99.73007,436.7784,6/28/21,p,2021,06/20/2021 15:35 CDT,96401,32.02,49.62,2.775,8.8,237.36,101203.75
TWB14,Uvalde_2020_02,29.60214,-99.73007,436.7784,6/28/21,p,2021,06/20/2021 15:40 CDT,96397,32,50.16,2.83,8.8,270.9,101202.12
TWB14,Uvalde_2020_02,29.60214,-99.73007,436.7784,6/28/21,p,2021,06/20/2021 15:45 CDT,96396,32.07,49.65,2.87,8.8,274.83,101200.59
TWB14,Uvalde_2020_02,29.60214,-99.73007,436.7784,6/28/21,p,2021,06/20/2021 15:50 CDT,96397,31.94,49.82,3.13,8.8,257.28,101203.09
TWB14,Uvalde_2020_02,29.60214,-99.73007,436.7784,6/28/21,p,2021,06/20/2021 15:55 CDT,96395,31.98,50.53,2.79,8.8,266.19,101201.3
TWB14,Uvalde_2020_02,29.60214,-99.73007,436.7784,6/28/21,p,2021,06/20/2021 16:00 CDT,96394,32.04,50.56,2.935,8.8,281.71,101199.13
TWB14,Uvalde_2020_02,29.60214,-99.73007,436.7784,6/28/21,p,2021,06/20/2021 16:05 CDT,96391,32.09,50.87,2,8.8,351.65,101195.81
TWB14,Uvalde_2020_02,29.60214,-99.73007,436.7784,6/28/21,p,2021,06/20/2021 16:10 CDT,96383,32.47,48.81,2.015,8.8,398.85,101181.34
TWB14,Uvalde_2020_02,29.60214,-99.73007,436.7784,6/28/21,p,2021,06/20/2021 16:15 CDT,96374,32.75,47.1,2.205,8.8,478.23,101167.1
TWB14,Uvalde_2020_02,29.60214,-99.73007,436.7784,6/28/21,p,2021,06/20/2021 16:20 CDT,96372,32.88,49.12,2.155,8.8,288.19,101160.66
TWB14,Uvalde_2020_02,29.60214,-99.73007,436.7784,6/28/21,p,2021,06/20/2021 16:25 CDT,96367,33,49.96,2.185,8.8,551.8,101154.44
TWB14,Uvalde_2020_02,29.60214,-99.73007,436.7784,6/28/21,p,2021,06/20/2021 16:30 CDT,96365,33.43,45.59,2.37,8.8,410.75,101145.22
TWB14,Uvalde_2020_02,29.60214,-99.73007,436.7784,6/28/21,p,2021,06/20/2021 16:35 CDT,96357,33.17,46.56,2.43,8.8,249.86,101139.68
TWB14,Uvalde_2020_02,29.60214,-99.73007,436.7784,6/28/21,p,2021,06/20/2021 16:40 CDT,96351,32.81,46.46,2.73,8.8,225.78,101139.45
TWB14,Uvalde_2020_02,29.60214,-99.73007,436.7784,6/28/21,p,2021,06/20/2021 16:45 CDT,96345,32.64,47.17,2.75,8.8,232.41,101137.46
TWB14,Uvalde_2020_02,29.60214,-99.73007,436.7784,6/28/21,p,2021,06/20/2021 16:50 CDT,96343,32.61,47.77,2.23,8.8,366.57,101136.47
TWB14,Uvalde_2020_02,29.60214,-99.73007,436.7784,6/28/21,p,2021,06/20/2021 16:55 CDT,96342,33.23,46.39,2.32,8.8,551.47,101127.45
TWB14,Uvalde_2020_02,29.60214,-99.73007,436.7784,6/28/21,p,2021,06/20/2021 17:00 CDT,96342,33.26,45.69,2.66,8.8,351.8,101123.79
TWB14,Uvalde_2020_02,29.60214,-99.73007,436.7784,6/28/21,p,2021,06/20/2021 17:05 CDT,96342,33.25,46.12,2.21,8.8,325.04,101124.42
TWB14,Uvalde_2020_02,29.60214,-99.73007,436.7784,6/28/21,p,2021,06/20/2021 17:10 CDT,96336,33.1,46.76,3.285,8.8,385.47,101119.23
TWB14,Uvalde_2020_02,29.60214,-99.73007,436.7784,6/28/21,p,2021,06/20/2021 17:15 CDT,96331,33.08,48.31,2.575,8.8,271.99,101115.4
TWB14,Uvalde_2020_02,29.60214,-99.73007,436.7784,6/28/21,p,2021,06/20/2021 17:20 CDT,96332,32.94,49.59,2.075,8.8,272.61,101118.02
TWB14,Uvalde_2020_02,29.60214,-99.73007,436.7784,6/28/21,p,2021,06/20/2021 17:25 CDT,96332,32.91,48.98,2.59,8.8,424.94,101119.31
TWB14,Uvalde_2020_02,29.60214,-99.73007,436.7784,6/28/21,p,2021,06/20/2021 17:30 CDT,96324,33.22,49.02,2.54,8.8,484.71,101107.24
TWB14,Uvalde_2020_02,29.60214,-99.73007,436.7784,6/28/21,p,2021,06/20/2021 17:35 CDT,96317,33.42,46.22,3.27,8.8,364.79,101094.99
TWB14,Uvalde_2020_02,29.60214,-99.73007,436.7784,6/28/21,p,2021,06/20/2021 17:40 CDT,96318,33.05,46.73,3.73,8.8,401.52,101100.18
TWB14,Uvalde_2020_02,29.60214,-99.73007,436.7784,6/28/21,p,2021,06/20/2021 17:45 CDT,96315,33.03,45.41,2.635,8.8,374.22,101099.6
TWB14,Uvalde_2020_02,29.60214,-99.73007,436.7784,6/28/21,p,2021,06/20/2021 17:50 CDT,96315,33.21,46.16,2.62,8.8,405.89,101097.51
TWB14,Uvalde_2020_02,29.60214,-99.73007,436.7784,6/28/21,p,2021,06/20/2021 17:55 CDT,96314,33.41,43.29,2.26,8.8,362.35,101092.84
TWB14,Uvalde_2020_02,29.60214,-99.73007,436.7784,6/28/21,p,2021,06/20/2021 18:00 CDT,96315,33.2,44.27,2.685,8.8,211.91,101095.31
TWB14,Uvalde_2020_02,29.60214,-99.73007,436.7784,6/28/21,p,2021,06/20/2021 18:05 CDT,96315,32.8,47.03,3.055,8.8,251.33,101101.97
TWB14,Uvalde_2020_02,29.60214,-99.73007,436.7784,6/28/21,p,2021,06/20/2021 18:10 CDT,96315,32.9,46.69,2.84,8.8,369.65,101102.61
TWB14,Uvalde_2020_02,29.60214,-99.73007,436.7784,6/28/21,p,2021,06/20/2021 18:15 CDT,96312,32.95,48.21,3.51,8.8,374.22,101097.69
TWB14,Uvalde_2020_02,29.60214,-99.73007,436.7784,6/28/21,p,2021,06/20/2021 18:20 CDT,96309,32.77,49.45,3.92,8.8,366.81,101096.44
TWB14,Uvalde_2020_02,29.60214,-99.73007,436.7784,6/28/21,p,2021,06/20/2021 18:25 CDT,96311,32.81,50.5,3.315,8.8,346.18,101099.32
TWB14,Uvalde_2020_02,29.60214,-99.73007,436.7784,6/28/21,p,2021,06/20/2021 18:30 CDT,96313,32.67,52.72,3.325,8.8,324.23,101102.2
TWB14,Uvalde_2020_02,29.60214,-99.73007,436.7784,6/28/21,p,2021,06/20/2021 18:35 CDT,96314,32.56,51.91,3.345,8.8,305.62,101105.82
TWB14,Uvalde_2020_02,29.60214,-99.73007,436.7784,6/28/21,p,2021,06/20/2021 18:40 CDT,96317,32.53,53.36,3.47,8.8,285.11,101109.59
TWB14,Uvalde_2020_02,29.60214,-99.73007,436.7784,6/28/21,p,2021,06/20/2021 18:45 CDT,96319,32.3,54.4,3.84,8.8,270.42,101115.2
TWB14,Uvalde_2020_02,29.60214,-99.73007,436.7784,6/28/21,p,2021,06/20/2021 18:50 CDT,96318,31.99,55.54,3.65,8.8,252.3,101119.44
TWB14,Uvalde_2020_02,29.60214,-99.73007,436.7784,6/28/21,p,2021,06/20/2021 18:55 CDT,96321,31.91,55.71,3.66,8.8,217.96,101124.68
TWB14,Uvalde_2020_02,29.60214,-99.73007,436.7784,6/28/21,p,2021,06/20/2021 19:00 CDT,96332,31.79,56.52,3.5,8.8,209.56,101138.47
TWB14,Uvalde_2020_02,29.60214,-99.73007,436.7784,6/28/21,p,2021,06/20/2021 19:05 CDT,96332,31.8,55.88,2.8,8.8,193.98,101139.12
TWB14,Uvalde_2020_02,29.60214,-99.73007,436.7784,6/28/21,p,2021,06/20/2021 19:10 CDT,96338,31.5,57.19,3.985,8.8,159.29,101147.98
TWB14,Uvalde_2020_02,29.60214,-99.73007,436.7784,6/28/21,p,2021,06/20/2021 19:15 CDT,96342,31.35,56.49,4.28,8.8,175.71,101156.39
TWB14,Uvalde_2020_02,29.60214,-99.73007,436.7784,6/28/21,p,2021,06/20/2021 19:20 CDT,96344,31.33,57.06,3.06,8.8,157.79,101159.61
TWB14,Uvalde_2020_02,29.60214,-99.73007,436.7784,6/28/21,p,2021,06/20/2021 19:25 CDT,96345,31.34,56.9,2.75,8.8,146.08,101160.51
TWB14,Uvalde_2020_02,29.60214,-99.73007,436.7784,6/28/21,p,2021,06/20/2021 19:30 CDT,96347,31.28,56.87,3.525,8.8,136.13,101162.93
TWB14,Uvalde_2020_02,29.60214,-99.73007,436.7784,6/28/21,p,2021,06/20/2021 19:35 CDT,96347,31.06,57.14,3.19,8.8,124.22,101166.65
TWB14,Uvalde_2020_02,29.60214,-99.73007,436.7784,6/28/21,p,2021,06/20/2021 19:40 CDT,96348,30.97,57.54,3.59,8.8,110.94,101169.15
TWB14,Uvalde_2020_02,29.60214,-99.73007,436.7784,6/28/21,p,2021,06/20/2021 19:45 CDT,96351,30.85,58.12,2.95,8.8,96.21,101174.73
TWB14,Uvalde_2020_02,29.60214,-99.73007,436.7784,6/28/21,p,2021,06/20/2021 19:50 CDT,96357,30.72,58.59,3.45,8.8,56.01,101182.81
TWB14,Uvalde_2020_02,29.60214,-99.73007,436.7784,6/28/21,p,2021,06/20/2021 19:55 CDT,96361,30.51,59.03,3.3,8.8,62.69,101190.74
TWB14,Uvalde_2020_02,29.60214,-99.73007,436.7784,6/28/21,p,2021,06/20/2021 20:00 CDT,96361,30.48,58.42,3.325,8.8,60.81,101192.05
TWB14,Uvalde_2020_02,29.60214,-99.73007,436.7784,6/28/21,p,2021,06/20/2021 20:05 CDT,96359,30.42,58.53,2.57,8.8,42.61,101190.92
TWB14,Uvalde_2020_02,29.60214,-99.73007,436.7784,6/28/21,p,2021,06/20/2021 20:10 CDT,96365,30.32,58.02,2.495,8.8,33.86,101199.18
TWB14,Uvalde_2020_02,29.60214,-99.73007,436.7784,6/28/21,p,2021,06/20/2021 20:15 CDT,96368,30.23,58.63,3.03,8.8,35.05,101203.79
TWB14,Uvalde_2020_02,29.60214,-99.73007,436.7784,6/28/21,p,2021,06/20/2021 20:20 CDT,96371,30.15,59,2.915,8.8,26.98,101208.24
TWB14,Uvalde_2020_02,29.60214,-99.73007,436.7784,6/28/21,p,2021,06/20/2021 20:25 CDT,96382,30.06,59.71,2.585,8.8,19.77,101221.26
TWB14,Uvalde_2020_02,29.60214,-99.73007,436.7784,6/28/21,p,2021,06/20/2021 20:30 CDT,96383,29.94,61.39,2.925,8.8,12.57,101224.08
TWB14,Uvalde_2020_02,29.60214,-99.73007,436.7784,6/28/21,p,2021,06/20/2021 20:35 CDT,96385,29.77,62.2,2.36,8.8,9.42,101228.95
TWB14,Uvalde_2020_02,29.60214,-99.73007,436.7784,6/28/21,p,2021,06/20/2021 20:40 CDT,96386,29.67,62.68,3.555,8.8,5.88,101231.96
TWB14,Uvalde_2020_02,29.60214,-99.73007,436.7784,6/28/21,p,2021,06/20/2021 20:45 CDT,96386,29.61,63.28,2.985,8.8,4.09,101232.77
TWB14,Uvalde_2020_02,29.60214,-99.73007,436.7784,6/28/21,p,2021,06/20/2021 20:50 CDT,96387,29.47,64.16,2.215,8.8,2.81,101235.94
TWB14,Uvalde_2020_02,29.60214,-99.73007,436.7784,6/28/21,p,2021,06/20/2021 20:55 CDT,96387,29.35,64.9,3.255,8.8,0.26,101238.23
TWB14,Uvalde_2020_02,29.60214,-99.73007,436.7784,6/28/21,p,2021,06/20/2021 21:00 CDT,96389,29.26,65.44,2.645,8.8,0.07,101241.64
TWB14,Uvalde_2020_02,29.60214,-99.73007,436.7784,6/28/21,p,2021,06/20/2021 21:05 CDT,96396,29.14,66.52,2.29,8.8,0,101250.95
TWB14,Uvalde_2020_02,29.60214,-99.73007,436.7784,6/28/21,p,2021,06/20/2021 21:10 CDT,96392,29,68.28,2.87,8.8,0.03,101248.7
TWB14,Uvalde_2020_02,29.60214,-99.73007,436.7784,6/28/21,p,2021,06/20/2021 21:15 CDT,96399,28.84,69.35,2.975,8.8,0,101258.84
TWB14,Uvalde_2020_02,29.60214,-99.73007,436.7784,6/28/21,p,2021,06/20/2021 21:20 CDT,96410,28.75,70.03,3.145,8.8,0,101271.87
TWB14,Uvalde_2020_02,29.60214,-99.73007,436.7784,6/28/21,p,2021,06/20/2021 21:25 CDT,96414,28.63,70.84,2.425,8.8,0,101277.87
TWB14,Uvalde_2020_02,29.60214,-99.73007,436.7784,6/28/21,p,2021,06/20/2021 21:30 CDT,96417,28.49,71.71,2.765,8.8,0.02,101283.33
TWB14,Uvalde_2020_02,29.60214,-99.73007,436.7784,6/28/21,p,2021,06/20/2021 21:35 CDT,96421,28.42,71.99,3.11,8.8,0,101289.01
TWB14,Uvalde_2020_02,29.60214,-99.73007,436.7784,6/28/21,p,2021,06/20/2021 21:40 CDT,96427,28.34,72.53,2.325,8.8,0,101296.63
TWB14,Uvalde_2020_02,29.60214,-99.73007,436.7784,6/28/21,p,2021,06/20/2021 21:45 CDT,96437,28.24,72.94,2.19,8.8,0.03,101308.78
TWB14,Uvalde_2020_02,29.60214,-99.73007,436.7784,6/28/21,p,2021,06/20/2021 21:50 CDT,96445,28.18,73.37,2.265,8.8,0,101318.18
TWB14,Uvalde_2020_02,29.60214,-99.73007,436.7784,6/28/21,p,2021,06/20/2021 21:55 CDT,96452,28.1,73.75,2.885,8.8,0,101327.18
TWB14,Uvalde_2020_02,29.60214,-99.73007,436.7784,6/28/21,p,2021,06/20/2021 22:00 CDT,96462,28.04,74.05,2.57,8.8,0,101338.84
TWB14,Uvalde_2020_02,29.60214,-99.73007,436.7784,6/28/21,p,2021,06/20/2021 22:05 CDT,96473,27.98,74.56,2.845,8.8,0,101351.06
TWB14,Uvalde_2020_02,29.60214,-99.73007,436.7784,6/28/21,p,2021,06/20/2021 22:10 CDT,96475,27.93,74.9,3.435,8.8,0,101353.98
TWB14,Uvalde_2020_02,29.60214,-99.73007,436.7784,6/28/21,p,2021,06/20/2021 22:15 CDT,96475,27.87,75.37,3.055,8.8,0,101354.81
TWB14,Uvalde_2020_02,29.60214,-99.73007,436.7784,6/28/21,p,2021,06/20/2021 22:20 CDT,96483,27.76,75.81,2.505,8.8,0,101365.03
TWB14,Uvalde_2020_02,29.60214,-99.73007,436.7784,6/28/21,p,2021,06/20/2021 22:25 CDT,96485,27.73,76.08,2.89,8.8,0,101367.96
TWB14,Uvalde_2020_02,29.60214,-99.73007,436.7784,6/28/21,p,2021,06/20/2021 22:30 CDT,96486,27.66,76.45,2.99,8.8,0,101369.84
TWB14,Uvalde_2020_02,29.60214,-99.73007,436.7784,6/28/21,p,2021,06/20/2021 22:35 CDT,96485,27.62,76.79,2.95,8.8,0,101369.62
TWB14,Uvalde_2020_02,29.60214,-99.73007,436.7784,6/28/21,p,2021,06/20/2021 22:40 CDT,96491,27.59,77.13,2.885,8.8,0,101376.41
TWB14,Uvalde_2020_02,29.60214,-99.73007,436.7784,6/28/21,p,2021,06/20/2021 22:45 CDT,96499,27.55,77.19,2.69,8.8,0,101385.48
TWB14,Uvalde_2020_02,29.60214,-99.73007,436.7784,6/28/21,p,2021,06/20/2021 22:50 CDT,96506,27.5,77.53,3.025,8.8,0,101394
TWB14,Uvalde_2020_02,29.60214,-99.73007,436.7784,6/28/21,p,2021,06/20/2021 22:55 CDT,96512,27.45,78,2.86,8.8,0,101400.96
TWB14,Uvalde_2020_02,29.60214,-99.73007,436.7784,6/28/21,p,2021,06/20/2021 23:00 CDT,96514,27.41,78.2,2.91,8.8,0,101403.73
TWB14,Uvalde_2020_02,29.60214,-99.73007,436.7784,6/28/21,p,2021,06/20/2021 23:05 CDT,96523,27.4,78.54,2.925,8.8,0,101413.35
TWB14,Uvalde_2020_02,29.60214,-99.73007,436.7784,6/28/21,p,2021,06/20/2021 23:10 CDT,96524,27.41,78.68,3.495,8.8,0,101414.23
TWB14,Uvalde_2020_02,29.60214,-99.73007,436.7784,6/28/21,p,2021,06/20/2021 23:15 CDT,96527,27.41,78.95,2.91,8.8,0,101417.38
TWB14,Uvalde_2020_02,29.60214,-99.73007,436.7784,6/28/21,p,2021,06/20/2021 23:20 CDT,96528,27.42,79.01,3.06,8.8,0,101418.43
TWB14,Uvalde_2020_02,29.60214,-99.73007,436.7784,6/28/21,p,2021,06/20/2021 23:25 CDT,96528,27.4,79.08,3.725,8.8,0,101418.6
TWB14,Uvalde_2020_02,29.60214,-99.73007,436.7784,6/28/21,p,2021,06/20/2021 23:30 CDT,96527,27.42,79.18,3.46,8.8,0,101417.54
TWB14,Uvalde_2020_02,29.60214,-99.73007,436.7784,6/28/21,p,2021,06/20/2021 23:35 CDT,96525,27.41,79.35,3.18,8.8,0,101415.44
TWB14,Uvalde_2020_02,29.60214,-99.73007,436.7784,6/28/21,p,2021,06/20/2021 23:40 CDT,96525,27.36,79.82,2.635,8.8,0,101415.6
TWB14,Uvalde_2020_02,29.60214,-99.73007,436.7784,6/28/21,p,2021,06/20/2021 23:45 CDT,96529,27.35,80,3.65,8.8,0,101419.97
TWB14,Uvalde_2020_02,29.60214,-99.73007,436.7784,6/28/21,p,2021,06/20/2021 23:50 CDT,96530,27.32,80.4,3.29,8.8,0,101421.52
TWB14,Uvalde_2020_02,29.60214,-99.73007,436.7784,6/28/21,p,2021,06/20/2021 23:55 CDT,96534,27.29,80.5,3.485,8.8,0,101426.05
TWB14,Uvalde_2020_02,29.60214,-99.73007,436.7784,6/28/21,p,2021,06/21/2021 00:00 CDT,96538,27.27,80.8,2.805,8.8,0,101430.42
TWB14,Uvalde_2020_02,29.60214,-99.73007,436.7784,6/28/21,p,2021,06/21/2021 00:05 CDT,96539,27.24,80.8,3.065,8.8,0,101432.3
TWB14,Uvalde_2020_02,29.60214,-99.73007,436.7784,6/28/21,p,2021,06/21/2021 00:10 CDT,96540,27.21,81.2,2.415,8.8,0,101433.85
TWB14,Uvalde_2020_02,29.60214,-99.73007,436.7784,6/28/21,p,2021,06/21/2021 00:15 CDT,96539,27.17,81.2,3.08,8.8,0,101433.47
TWB14,Uvalde_2020_02,29.60214,-99.73007,436.7784,6/28/21,p,2021,06/21/2021 00:20 CDT,96539,27.17,81.2,2.635,8.8,0,101433.47
TWB14,Uvalde_2020_02,29.60214,-99.73007,436.7784,6/28/21,p,2021,06/21/2021 00:25 CDT,96539,27.19,80.8,2.98,8.8,0,101433.47
TWB14,Uvalde_2020_02,29.60214,-99.73007,436.7784,6/28/21,p,2021,06/21/2021 00:30 CDT,96540,27.23,79.96,3.84,8.8,0,101434.2
TWB14,Uvalde_2020_02,29.60214,-99.73007,436.7784,6/28/21,p,2021,06/21/2021 00:35 CDT,96542,27.29,79.89,3.265,8.8,0,101434.63
TWB14,Uvalde_2020_02,29.60214,-99.73007,436.7784,6/28/21,p,2021,06/21/2021 00:40 CDT,96540,27.25,80.6,2.91,8.8,0,101433.02
TWB14,Uvalde_2020_02,29.60214,-99.73007,436.7784,6/28/21,p,2021,06/21/2021 00:45 CDT,96543,27.17,81.2,2.97,8.8,0,101437.5
TWB14,Uvalde_2020_02,29.60214,-99.73007,436.7784,6/28/21,p,2021,06/21/2021 00:50 CDT,96545,27.12,81.2,2.94,8.8,0,101440.44
TWB14,Uvalde_2020_02,29.60214,-99.73007,436.7784,6/28/21,p,2021,06/21/2021 00:55 CDT,96548,27.09,81.5,3.035,8.8,0,101444.09
TWB14,Uvalde_2020_02,29.60214,-99.73007,436.7784,6/28/21,p,2021,06/21/2021 01:00 CDT,96544,27.08,81.5,2.855,8.8,0,101440.05
TWB14,Uvalde_2020_02,29.60214,-99.73007,436.7784,6/28/21,p,2021,06/21/2021 01:05 CDT,96547,27.07,81.7,2.225,8.8,0,101443.2
TWB14,Uvalde_2020_02,29.60214,-99.73007,436.7784,6/28/21,p,2021,06/21/2021 01:10 CDT,96551,27.06,82,2.91,8.8,0,101447.74
TWB14,Uvalde_2020_02,29.60214,-99.73007,436.7784,6/28/21,p,2021,06/21/2021 01:15 CDT,96546,27.02,82.2,2.93,8.8,0,101442.81
TWB14,Uvalde_2020_02,29.60214,-99.73007,436.7784,6/28/21,p,2021,06/21/2021 01:20 CDT,96541,27,82.7,2.2,8.8,0,101437.89
TWB14,Uvalde_2020_02,29.60214,-99.73007,436.7784,6/28/21,p,2021,06/21/2021 01:25 CDT,96540,26.96,82.9,2.96,8.8,0,101437.34
TWB14,Uvalde_2020_02,29.60214,-99.73007,436.7784,6/28/21,p,2021,06/21/2021 01:30 CDT,96539,26.92,82.9,2.795,8.8,0,101436.95
TWB14,Uvalde_2020_02,29.60214,-99.73007,436.7784,6/28/21,p,2021,06/21/2021 01:35 CDT,96539,26.89,82.9,2.72,8.8,0,101437.79
TWB14,Uvalde_2020_02,29.60214,-99.73007,436.7784,6/28/21,p,2021,06/21/2021 01:40 CDT,96539,26.88,82.9,3.045,8.8,0,101437.96
TWB14,Uvalde_2020_02,29.60214,-99.73007,436.7784,6/28/21,p,2021,06/21/2021 01:45 CDT,96535,26.88,82.9,3.375,8.8,0,101433.75
TWB14,Uvalde_2020_02,29.60214,-99.73007,436.7784,6/28/21,p,2021,06/21/2021 01:50 CDT,96530,26.85,83.1,3.065,8.8,0,101429
TWB14,Uvalde_2020_02,29.60214,-99.73007,436.7784,6/28/21,p,2021,06/21/2021 01:55 CDT,96528,26.82,83,2.66,8.8,0,101427.4
TWB14,Uvalde_2020_02,29.60214,-99.73007,436.7784,6/28/21,p,2021,06/21/2021 02:00 CDT,96527,26.82,82.9,3.88,8.8,0,101426.52
TWB14,Uvalde_2020_02,29.60214,-99.73007,436.7784,6/28/21,p,2021,06/21/2021 02:05 CDT,96522,26.8,83.2,3.84,8.8,0,101421.43
TWB14,Uvalde_2020_02,29.60214,-99.73007,436.7784,6/28/21,p,2021,06/21/2021 02:10 CDT,96522,26.76,83.8,3.245,8.8,0.06,101422.09
TWB14,Uvalde_2020_02,29.60214,-99.73007,436.7784,6/28/21,p,2021,06/21/2021 02:15 CDT,96524,26.72,83.6,2.91,8.8,0,101424.53
TWB14,Uvalde_2020_02,29.60214,-99.73007,436.7784,6/28/21,p,2021,06/21/2021 02:20 CDT,96526,26.71,84,2.595,8.8,0,101426.79
TWB14,Uvalde_2020_02,29.60214,-99.73007,436.7784,6/28/21,p,2021,06/21/2021 02:25 CDT,96516,26.66,84.1,2.9,8.8,0,101416.95
TWB14,Uvalde_2020_02,29.60214,-99.73007,436.7784,6/28/21,p,2021,06/21/2021 02:30 CDT,96511,26.62,84,3.35,8.885,0,101412.7
TWB14,Uvalde_2020_02,29.60214,-99.73007,436.7784,6/28/21,p,2021,06/21/2021 02:35 CDT,96504,26.58,84,2.885,8.885,0,101406.02
TWB14,Uvalde_2020_02,29.60214,-99.73007,436.7784,6/28/21,p,2021,06/21/2021 02:40 CDT,96497,26.55,84.3,2.88,8.885,0,101399.33
TWB14,Uvalde_2020_02,29.60214,-99.73007,436.7784,6/28/21,p,2021,06/21/2021 02:45 CDT,96495,26.51,84.1,3.535,8.885,0,101398.07
TWB14,Uvalde_2020_02,29.60214,-99.73007,436.7784,6/28/21,p,2021,06/21/2021 02:50 CDT,96494,26.47,84.3,3.1,8.885,0,101397.35
TWB14,Uvalde_2020_02,29.60214,-99.73007,436.7784,6/28/21,p,2021,06/21/2021 02:55 CDT,96494,26.43,84.4,3.28,8.885,0.07,101397.68
TWB14,Uvalde_2020_02,29.60214,-99.73007,436.7784,6/28/21,p,2021,06/21/2021 03:00 CDT,96491,26.37,84.4,3.125,8.885,0.03,101395.7
TWB14,Uvalde_2020_02,29.60214,-99.73007,436.7784,6/28/21,p,2021,06/21/2021 03:05 CDT,96486,26.34,84.2,2.51,8.885,0,101391.29
TWB14,Uvalde_2020_02,29.60214,-99.73007,436.7784,6/28/21,p,2021,06/21/2021 03:10 CDT,96488,26.34,84.1,2.47,8.885,0,101393.39
TWB14,Uvalde_2020_02,29.60214,-99.73007,436.7784,6/28/21,p,2021,06/21/2021 03:15 CDT,96491,26.33,83.9,2.79,8.885,0,101396.71
TWB14,Uvalde_2020_02,29.60214,-99.73007,436.7784,6/28/21,p,2021,06/21/2021 03:20 CDT,96493,26.29,83.9,3.48,8.885,0,101399.65
TWB14,Uvalde_2020_02,29.60214,-99.73007,436.7784,6/28/21,p,2021,06/21/2021 03:25 CDT,96491,26.27,83.9,3.005,8.885,0,101397.88
TWB14,Uvalde_2020_02,29.60214,-99.73007,436.7784,6/28/21,p,2021,06/21/2021 03:30 CDT,96494,26.24,84,2.735,8.885,0,101401.54
TWB14,Uvalde_2020_02,29.60214,-99.73007,436.7784,6/28/21,p,2021,06/21/2021 03:35 CDT,96498,26.21,84.2,2.935,8.885,0,101406.08
TWB14,Uvalde_2020_02,29.60214,-99.73007,436.7784,6/28/21,p,2021,06/21/2021 03:40 CDT,96493,26.19,83.9,2.84,8.885,0,101400.99
TWB14,Uvalde_2020_02,29.60214,-99.73007,436.7784,6/28/21,p,2021,06/21/2021 03:45 CDT,96487,26.17,84.2,2.325,8.885,0,101394.85
TWB14,Uvalde_2020_02,29.60214,-99.73007,436.7784,6/28/21,p,2021,06/21/2021 03:50 CDT,96481,26.14,83.9,2.445,8.885,0,101389.22
TWB14,Uvalde_2020_02,29.60214,-99.73007,436.7784,6/28/21,p,2021,06/21/2021 03:55 CDT,96474,26.12,84.1,2.66,8.885,0,101382.2
TWB14,Uvalde_2020_02,29.60214,-99.73007,436.7784,6/28/21,p,2021,06/21/2021 04:00 CDT,96473,26.07,84.3,2.79,8.885,0,101381.99
TWB14,Uvalde_2020_02,29.60214,-99.73007,436.7784,6/28/21,p,2021,06/21/2021 04:05 CDT,96483,26.06,84.1,2.68,8.885,0,101392.83
TWB14,Uvalde_2020_02,29.60214,-99.73007,436.7784,6/28/21,p,2021,06/21/2021 04:10 CDT,96481,26.05,84.3,2.095,8.885,0,101390.73
TWB14,Uvalde_2020_02,29.60214,-99.73007,436.7784,6/28/21,p,2021,06/21/2021 04:15 CDT,96483,26,84.2,2.845,8.885,0,101393.67
TWB14,Uvalde_2020_02,29.60214,-99.73007,436.7784,6/28/21,p,2021,06/21/2021 04:20 CDT,96485,25.95,84.5,2.835,8.885,0,101396.78
TWB14,Uvalde_2020_02,29.60214,-99.73007,436.7784,6/28/21,p,2021,06/21/2021 04:25 CDT,96478,25.93,84.9,2.34,8.885,0,101389.59
TWB14,Uvalde_2020_02,29.60214,-99.73007,436.7784,6/28/21,p,2021,06/21/2021 04:30 CDT,96474,25.9,84.8,2.54,8.885,0,101385.72
TWB14,Uvalde_2020_02,29.60214,-99.73007,436.7784,6/28/21,p,2021,06/21/2021 04:35 CDT,96475,25.88,84.4,2.67,8.885,0,101387.28
TWB14,Uvalde_2020_02,29.60214,-99.73007,436.7784,6/28/21,p,2021,06/21/2021 04:40 CDT,96473,25.87,84.6,2.63,8.885,0,101385.34
TWB14,Uvalde_2020_02,29.60214,-99.73007,436.7784,6/28/21,p,2021,06/21/2021 04:45 CDT,96474,25.84,84.4,2.495,8.885,0,101386.9
TWB14,Uvalde_2020_02,29.60214,-99.73007,436.7784,6/28/21,p,2021,06/21/2021 04:50 CDT,96472,25.83,84.2,2.565,8.885,0,101385.13
TWB14,Uvalde_2020_02,29.60214,-99.73007,436.7784,6/28/21,p,2021,06/21/2021 04:55 CDT,96465,25.82,84,3.8,8.885,0,101378.12
TWB14,Uvalde_2020_02,29.60214,-99.73007,436.7784,6/28/21,p,2021,06/21/2021 05:00 CDT,96466,25.81,84.1,2.72,8.885,0,101379.33
TWB14,Uvalde_2020_02,29.60214,-99.73007,436.7784,6/28/21,p,2021,06/21/2021 05:05 CDT,96484,25.8,84.2,2.005,8.885,0,101398.25
TWB14,Uvalde_2020_02,29.60214,-99.73007,436.7784,6/28/21,p,2021,06/21/2021 05:10 CDT,96493,25.79,84.2,2.16,8.885,0,101407.71
TWB14,Uvalde_2020_02,29.60214,-99.73007,436.7784,6/28/21,p,2021,06/21/2021 05:15 CDT,96492,25.76,84.4,2.075,8.885,0,101407.33
TWB14,Uvalde_2020_02,29.60214,-99.73007,436.7784,6/28/21,p,2021,06/21/2021 05:20 CDT,96487,25.73,84.3,2.505,8.885,0,101402.58
TWB14,Uvalde_2020_02,29.60214,-99.73007,436.7784,6/28/21,p,2021,06/21/2021 05:25 CDT,96490,25.71,84.3,2.28,8.885,0,101406.41
TWB14,Uvalde_2020_02,29.60214,-99.73007,436.7784,6/28/21,p,2021,06/21/2021 05:30 CDT,96492,25.7,84.4,2.4,8.885,0,101408.51
TWB14,Uvalde_2020_02,29.60214,-99.73007,436.7784,6/28/21,p,2021,06/21/2021 05:35 CDT,96501,25.7,84.2,2.58,8.885,0,101418.14
TWB14,Uvalde_2020_02,29.60214,-99.73007,436.7784,6/28/21,p,2021,06/21/2021 05:40 CDT,96505,25.7,84.4,2.355,8.885,0,101422.34
TWB14,Uvalde_2020_02,29.60214,-99.73007,436.7784,6/28/21,p,2021,06/21/2021 05:45 CDT,96503,25.68,84.6,2.465,8.885,0,101420.23
TWB14,Uvalde_2020_02,29.60214,-99.73007,436.7784,6/28/21,p,2021,06/21/2021 05:50 CDT,96511,25.66,84.5,3.215,8.885,0,101429.15
TWB14,Uvalde_2020_02,29.60214,-99.73007,436.7784,6/28/21,p,2021,06/21/2021 05:55 CDT,96513,25.65,84.7,2.455,8.885,0,101431.25
TWB14,Uvalde_2020_02,29.60214,-99.73007,436.7784,6/28/21,p,2021,06/21/2021 06:00 CDT,96507,25.64,84.6,2.62,8.885,0,101424.94
TWB14,Uvalde_2020_02,29.60214,-99.73007,436.7784,6/28/21,p,2021,06/21/2021 06:05 CDT,96505,25.61,85,2.665,8.885,0,101423.34
TWB14,Uvalde_2020_02,29.60214,-99.73007,436.7784,6/28/21,p,2021,06/21/2021 06:10 CDT,96517,25.57,85.1,2.765,8.885,0,101436.29
TWB14,Uvalde_2020_02,29.60214,-99.73007,436.7784,6/28/21,p,2021,06/21/2021 06:15 CDT,96521,25.55,85.3,2.025,8.885,0,101441.33
TWB14,Uvalde_2020_02,29.60214,-99.73007,436.7784,6/28/21,p,2021,06/21/2021 06:20 CDT,96531,25.54,85.3,2.545,8.885,0,101451.84
TWB14,Uvalde_2020_02,29.60214,-99.73007,436.7784,6/28/21,p,2021,06/21/2021 06:25 CDT,96535,25.51,85.3,2.055,8.885,0,101456.55
TWB14,Uvalde_2020_02,29.60214,-99.73007,436.7784,6/28/21,p,2021,06/21/2021 06:30 CDT,96542,25.5,85.2,2.415,8.885,0,101464.25
TWB14,Uvalde_2020_02,29.60214,-99.73007,436.7784,6/28/21,p,2021,06/21/2021 06:35 CDT,96552,25.5,85.2,2.245,8.885,0.01,101474.93
TWB14,Uvalde_2020_02,29.60214,-99.73007,436.7784,6/28/21,p,2021,06/21/2021 06:40 CDT,96563,25.49,85.3,1.88,8.885,0.35,101486.66
TWB14,Uvalde_2020_02,29.60214,-99.73007,436.7784,6/28/21,p,2021,06/21/2021 06:45 CDT,96573,25.5,85.1,2.15,8.885,0.46,101497.17
TWB14,Uvalde_2020_02,29.60214,-99.73007,436.7784,6/28/21,p,2021,06/21/2021 06:50 CDT,96575,25.51,85.1,1.785,8.885,1.16,101499.1
TWB14,Uvalde_2020_02,29.60214,-99.73007,436.7784,6/28/21,p,2021,06/21/2021 06:55 CDT,96583,25.51,85,2.305,8.885,1.65,101507.34
TWB14,Uvalde_2020_02,29.60214,-99.73007,436.7784,6/28/21,p,2021,06/21/2021 07:00 CDT,96586,25.51,85.2,1.875,8.885,2.36,101510.49
TWB14,Uvalde_2020_02,29.60214,-99.73007,436.7784,6/28/21,p,2021,06/21/2021 07:05 CDT,96575,25.5,85.4,1.75,8.885,3.14,101498.93
TWB14,Uvalde_2020_02,29.60214,-99.73007,436.7784,6/28/21,p,2021,06/21/2021 07:10 CDT,96576,25.45,85.8,2.17,8.885,4.07,101500.65
TWB14,Uvalde_2020_02,29.60214,-99.73007,436.7784,6/28/21,p,2021,06/21/2021 07:15 CDT,96579,25.36,86.6,1.87,8.885,4.82,101504.81
TWB14,Uvalde_2020_02,29.60214,-99.73007,436.7784,6/28/21,p,2021,06/21/2021 07:20 CDT,96574,25.21,87.8,2.47,8.885,6.52,101501.4
TWB14,Uvalde_2020_02,29.60214,-99.73007,436.7784,6/28/21,p,2021,06/21/2021 07:25 CDT,96582,25.11,88.1,2.03,8.885,6.2,101512.01
TWB14,Uvalde_2020_02,29.60214,-99.73007,436.7784,6/28/21,p,2021,06/21/2021 07:30 CDT,96587,25.12,88.4,2.06,8.885,7.49,101517.6
TWB14,Uvalde_2020_02,29.60214,-99.73007,436.7784,6/28/21,p,2021,06/21/2021 07:35 CDT,96588,25.05,89.1,2.205,8.885,9.16,101519.15
TWB14,Uvalde_2020_02,29.60214,-99.73007,436.7784,6/28/21,p,2021,06/21/2021 07:40 CDT,96587,24.97,89.7,1.785,8.885,11.62,101519.45
TWB14,Uvalde_2020_02,29.60214,-99.73007,436.7784,6/28/21,p,2021,06/21/2021 07:45 CDT,96595,24.94,89.9,2.08,8.885,12.43,101528.36
TWB14,Uvalde_2020_02,29.60214,-99.73007,436.7784,6/28/21,p,2021,06/21/2021 07:50 CDT,96604,24.91,90.2,1.815,8.885,10.37,101538.67
TWB14,Uvalde_2020_02,29.60214,-99.73007,436.7784,6/28/21,p,2021,06/21/2021 07:55 CDT,96622,24.9,90.4,1.41,8.885,10.36,101557.75
TWB14,Uvalde_2020_02,29.60214,-99.73007,436.7784,6/28/21,p,2021,06/21/2021 08:00 CDT,96615,24.89,90.5,2.48,8.885,10.42,101550.56
TWB14,Uvalde_2020_02,29.60214,-99.73007,436.7784,6/28/21,p,2021,06/21/2021 08:05 CDT,96612,24.87,90.4,2.53,8.885,16.47,101548.26
TWB14,Uvalde_2020_02,29.60214,-99.73007,436.7784,6/28/21,p,2021,06/21/2021 08:10 CDT,96608,24.94,89.8,2.095,8.885,20.91,101543.38
TWB14,Uvalde_2020_02,29.60214,-99.73007,436.7784,6/28/21,p,2021,06/21/2021 08:15 CDT,96602,25.02,89.4,2.475,8.885,22.77,101535.72
TWB14,Uvalde_2020_02,29.60214,-99.73007,436.7784,6/28/21,p,2021,06/21/2021 08:20 CDT,96607,25.06,89.1,2.21,8.885,23.06,101539.8
TWB14,Uvalde_2020_02,29.60214,-99.73007,436.7784,6/28/21,p,2021,06/21/2021 08:25 CDT,96611,25.07,89,2.74,8.885,25.87,101543.83
TWB14,Uvalde_2020_02,29.60214,-99.73007,436.7784,6/28/21,p,2021,06/21/2021 08:30 CDT,96614,25.09,88.9,2.51,8.885,24.5,101546.65
TWB14,Uvalde_2020_02,29.60214,-99.73007,436.7784,6/28/21,p,2021,06/21/2021 08:35 CDT,96623,25.14,88.6,2.27,8.885,23.7,101555.6
TWB14,Uvalde_2020_02,29.60214,-99.73007,436.7784,6/28/21,p,2021,06/21/2021 08:40 CDT,96627,25.16,88.7,1.74,8.885,26.73,101559.47
TWB14,Uvalde_2020_02,29.60214,-99.73007,436.7784,6/28/21,p,2021,06/21/2021 08:45 CDT,96627,25.17,88.8,1.67,8.885,27.05,101558.96
TWB14,Uvalde_2020_02,29.60214,-99.73007,436.7784,6/28/21,p,2021,06/21/2021 08:50 CDT,96628,25.2,88.5,2.31,8.885,24.03,101559.34
TWB14,Uvalde_2020_02,29.60214,-99.73007,436.7784,6/28/21,p,2021,06/21/2021 08:55 CDT,96629,25.2,88.5,2.215,8.885,23.97,101560.56
TWB14,Uvalde_2020_02,29.60214,-99.73007,436.7784,6/28/21,p,2021,06/21/2021 09:00 CDT,96628,25.19,88.5,2.14,8.885,26.49,101559.51
TWB14,Uvalde_2020_02,29.60214,-99.73007,436.7784,6/28/21,p,2021,06/21/2021 09:05 CDT,96626,25.22,88,2.415,8.885,35.55,101557.07
TWB14,Uvalde_2020_02,29.60214,-99.73007,436.7784,6/28/21,p,2021,06/21/2021 09:10 CDT,96626,25.29,87.3,2.725,8.885,40.56,101556.06
TWB14,Uvalde_2020_02,29.60214,-99.73007,436.7784,6/28/21,p,2021,06/21/2021 09:15 CDT,96627,25.34,87.3,3.11,8.885,38.48,101556.1
TWB14,Uvalde_2020_02,29.60214,-99.73007,436.7784,6/28/21,p,2021,06/21/2021 09:20 CDT,96627,25.34,87.5,2.805,8.885,43.02,101555.93
TWB14,Uvalde_2020_02,29.60214,-99.73007,436.7784,6/28/21,p,2021,06/21/2021 09:25 CDT,96628,25.36,87.2,2.79,8.885,42.32,101556.81
TWB14,Uvalde_2020_02,29.60214,-99.73007,436.7784,6/28/21,p,2021,06/21/2021 09:30 CDT,96628,25.4,87.1,2.17,8.885,44.01,101556.31
TWB14,Uvalde_2020_02,29.60214,-99.73007,436.7784,6/28/21,p,2021,06/21/2021 09:35 CDT,96630,25.45,87,1.995,8.885,39.34,101557.73
TWB14,Uvalde_2020_02,29.60214,-99.73007,436.7784,6/28/21,p,2021,06/21/2021 09:40 CDT,96633,25.45,87,2.745,8.885,43.36,101560.21
TWB14,Uvalde_2020_02,29.60214,-99.73007,436.7784,6/28/21,p,2021,06/21/2021 09:45 CDT,96646,25.42,87.3,2.85,8.885,44.3,101574.38
TWB14,Uvalde_2020_02,29.60214,-99.73007,436.7784,6/28/21,p,2021,06/21/2021 09:50 CDT,96644,25.44,87,2.86,8.885,47.25,101571.94
TWB14,Uvalde_2020_02,29.60214,-99.73007,436.7784,6/28/21,p,2021,06/21/2021 09:55 CDT,96641,25.49,86.5,2.695,8.885,53.38,101568.12
TWB14,Uvalde_2020_02,29.60214,-99.73007,436.7784,6/28/21,p,2021,06/21/2021 10:00 CDT,96642,25.52,86.5,3.55,8.885,57.03,101568.49
TWB14,Uvalde_2020_02,29.60214,-99.73007,436.7784,6/28/21,p,2021,06/21/2021 10:05 CDT,96645,25.52,86.5,2.415,8.885,47.39,101571.65
TWB14,Uvalde_2020_02,29.60214,-99.73007,436.7784,6/28/21,p,2021,06/21/2021 10:10 CDT,96652,25.55,86.6,2.2,8.885,56.08,101578.66
TWB14,Uvalde_2020_02,29.60214,-99.73007,436.7784,6/28/21,p,2021,06/21/2021 10:15 CDT,96654,25.58,86.4,2.355,8.885,56.45,101580.26
TWB14,Uvalde_2020_02,29.60214,-99.73007,436.7784,6/28/21,p,2021,06/21/2021 10:20 CDT,96653,25.65,86.2,2.35,8.885,67.09,101578.2
TWB14,Uvalde_2020_02,29.60214,-99.73007,436.7784,6/28/21,p,2021,06/21/2021 10:25 CDT,96654,25.69,86.1,2.29,8.885,54.26,101578.24
TWB14,Uvalde_2020_02,29.60214,-99.73007,436.7784,6/28/21,p,2021,06/21/2021 10:30 CDT,96653,25.7,85.8,2.215,8.885,63.29,101577.02
TWB14,Uvalde_2020_02,29.60214,-99.73007,436.7784,6/28/21,p,2021,06/21/2021 10:35 CDT,96652,25.7,85.8,2.965,8.885,66.42,101575.8
TWB14,Uvalde_2020_02,29.60214,-99.73007,436.7784,6/28/21,p,2021,06/21/2021 10:40 CDT,96653,25.71,85.5,2.88,8.885,85.25,101576.86
TWB14,Uvalde_2020_02,29.60214,-99.73007,436.7784,6/28/21,p,2021,06/21/2021 10:45 CDT,96652,25.73,85.9,3.055,8.885,75.33,101575.47
TWB14,Uvalde_2020_02,29.60214,-99.73007,436.7784,6/28/21,p,2021,06/21/2021 10:50 CDT,96653,25.74,85.7,3.05,8.885,88.47,101576.35
TWB14,Uvalde_2020_02,29.60214,-99.73007,436.7784,6/28/21,p,2021,06/21/2021 10:55 CDT,96653,25.79,85.9,2.53,8.885,112.32,101575.51
TWB14,Uvalde_2020_02,29.60214,-99.73007,436.7784,6/28/21,p,2021,06/21/2021 11:00 CDT,96653,25.89,85.7,2.82,8.885,91.68,101573.66
TWB14,Uvalde_2020_02,29.60214,-99.73007,436.7784,6/28/21,p,2021,06/21/2021 11:05 CDT,96654,25.91,85.5,2.5,8.885,83.29,101574.37
TWB14,Uvalde_2020_02,29.60214,-99.73007,436.7784,6/28/21,p,2021,06/21/2021 11:10 CDT,96652,25.95,85.6,2.245,8.885,88.33,101571.6
TWB14,Uvalde_2020_02,29.60214,-99.73007,436.7784,6/28/21,p,2021,06/21/2021 11:15 CDT,96653,26.01,84.7,2.245,8.885,84.58,101571.81
TWB14,Uvalde_2020_02,29.60214,-99.73007,436.7784,6/28/21,p,2021,06/21/2021 11:20 CDT,96669,26.12,84.7,1.745,8.885,96.35,101586.78
TWB14,Uvalde_2020_02,29.60214,-99.73007,436.7784,6/28/21,p,2021,06/21/2021 11:25 CDT,96677,26.17,84.5,2.38,8.885,97.81,101594.01
TWB14,Uvalde_2020_02,29.60214,-99.73007,436.7784,6/28/21,p,2021,06/21/2021 11:30 CDT,96677,26.23,84.5,2.605,8.885,94.45,101593.34
TWB14,Uvalde_2020_02,29.60214,-99.73007,436.7784,6/28/21,p,2021,06/21/2021 11:35 CDT,96676,26.3,84.2,2.155,8.885,123.61,101591.28
TWB14,Uvalde_2020_02,29.60214,-99.73007,436.7784,6/28/21,p,2021,06/21/2021 11:40 CDT,96677,26.43,83.6,2.695,8.885,108.11,101589.82
TWB14,Uvalde_2020_02,29.60214,-99.73007,436.7784,6/28/21,p,2021,06/21/2021 11:45 CDT,96689,26.48,83.1,2.175,8.885,95.39,101601.6
TWB14,Uvalde_2020_02,29.60214,-99.73007,436.7784,6/28/21,p,2021,06/21/2021 11:50 CDT,96692,26.54,83,1.86,8.885,103.63,101603.74
TWB14,Uvalde_2020_02,29.60214,-99.73007,436.7784,6/28/21,p,2021,06/21/2021 11:55 CDT,96699,26.67,82.7,1.965,8.885,136.33,101609.09
TWB14,Uvalde_2020_02,29.60214,-99.73007,436.7784,6/28/21,p,2021,06/21/2021 12:00 CDT,96701,26.74,82,2.08,8.885,114.73,101609.86
TWB14,Uvalde_2020_02,29.60214,-99.73007,436.7784,6/28/21,p,2021,06/21/2021 12:05 CDT,96701,26.77,81.7,1.94,8.885,122.48,101608.86
TWB14,Uvalde_2020_02,29.60214,-99.73007,436.7784,6/28/21,p,2021,06/21/2021 12:10 CDT,96701,26.86,81.8,2.465,8.885,125.28,101607.18
TWB14,Uvalde_2020_02,29.60214,-99.73007,436.7784,6/28/21,p,2021,06/21/2021 12:15 CDT,96700,26.98,80.8,2.07,8.885,171.25,101604.64
TWB14,Uvalde_2020_02,29.60214,-99.73007,436.7784,6/28/21,p,2021,06/21/2021 12:20 CDT,96694,27.08,81.2,2.44,8.885,221.3,101596.33
TWB14,Uvalde_2020_02,29.60214,-99.73007,436.7784,6/28/21,p,2021,06/21/2021 12:25 CDT,96695,27.33,79.92,2.415,8.885,,101593.38
TWB14,Uvalde_2020_02,29.60214,-99.73007,436.7784,6/28/21,p,2021,06/21/2021 12:30 CDT,96692,27.41,80.2,2.8,8.885,259.09,101587.4
TWB14,Uvalde_2020_02,29.60214,-99.73007,436.7784,6/28/21,p,2021,06/21/2021 12:35 CDT,96688,27.49,79.01,2.745,8.885,270.81,101581.54
TWB14,Uvalde_2020_02,29.60214,-99.73007,436.7784,6/28/21,p,2021,06/21/2021 12:40 CDT,96688,27.52,78.41,2.575,8.885,235.05,101581.38
TWB14,Uvalde_2020_02,29.60214,-99.73007,436.7784,6/28/21,p,2021,06/21/2021 12:45 CDT,96698,27.48,79.21,2.385,8.885,235.36,101591.88
TWB14,Uvalde_2020_02,29.60214,-99.73007,436.7784,6/28/21,p,2021,06/21/2021 12:50 CDT,96698,27.69,77.25,2.715,8.885,320.42,101589.24
TWB14,Uvalde_2020_02,29.60214,-99.73007,436.7784,6/28/21,p,2021,06/21/2021 12:55 CDT,96696,27.77,77.52,2.535,8.885,217.67,101585.47
TWB14,Uvalde_2020_02,29.60214,-99.73007,436.7784,6/28/21,p,2021,06/21/2021 13:00 CDT,96696,27.82,77.99,2.61,8.885,224.04,101584.3
TWB14,Uvalde_2020_02,29.60214,-99.73007,436.7784,6/28/21,p,2021,06/21/2021 13:05 CDT,96690,27.87,77.99,2.795,8.885,204.75,101577.17
TWB14,Uvalde_2020_02,29.60214,-99.73007,436.7784,6/28/21,p,2021,06/21/2021 13:10 CDT,96677,27.82,77.72,2.245,8.885,140.66,101564.01
TWB14,Uvalde_2020_02,29.60214,-99.73007,436.7784,6/28/21,p,2021,06/21/2021 13:15 CDT,96677,27.71,79.16,2.36,8.885,259.34,101565.66
TWB14,Uvalde_2020_02,29.60214,-99.73007,436.7784,6/28/21,p,2021,06/21/2021 13:20 CDT,96679,27.88,77.44,2.77,8.885,276.79,101565.78
TWB14,Uvalde_2020_02,29.60214,-99.73007,436.7784,6/28/21,p,2021,06/21/2021 13:25 CDT,96675,27.93,76.56,2.66,8.885,277.46,101560.26
TWB14,Uvalde_2020_02,29.60214,-99.73007,436.7784,6/28/21,p,2021,06/21/2021 13:30 CDT,96675,28.09,76.93,2.45,8.885,292.86,101558.93
TWB14,Uvalde_2020_02,29.60214,-99.73007,436.7784,6/28/21,p,2021,06/21/2021 13:35 CDT,96683,28.14,77.37,2.45,8.885,236.75,101564.85
TWB14,Uvalde_2020_02,29.60214,-99.73007,436.7784,6/28/21,p,2021,06/21/2021 13:40 CDT,96681,28.22,76.16,2.22,8.885,212.7,101562.1
TWB14,Uvalde_2020_02,29.60214,-99.73007,436.7784,6/28/21,p,2021,06/21/2021 13:45 CDT,96684,28.3,74.47,2.145,8.885,244.38,101563.94
TWB14,Uvalde_2020_02,29.60214,-99.73007,436.7784,6/28/21,p,2021,06/21/2021 13:50 CDT,96679,28.37,75.35,2.075,8.885,317.44,101558.18
TWB14,Uvalde_2020_02,29.60214,-99.73007,436.7784,6/28/21,p,2021,06/21/2021 13:55 CDT,96674,28.54,75.89,2.2,8.885,294.64,101549.29
TWB14,Uvalde_2020_02,29.60214,-99.73007,436.7784,6/28/21,p,2021,06/21/2021 14:00 CDT,96677,28.64,75.55,2.39,8.885,242.35,101550.13
TWB14,Uvalde_2020_02,29.60214,-99.73007,436.7784,6/28/21,p,2021,06/21/2021 14:05 CDT,96686,28.67,75.45,1.995,8.885,318.07,101559.25
TWB14,Uvalde_2020_02,29.60214,-99.73007,436.7784,6/28/21,p,2021,06/21/2021 14:10 CDT,96678,28.94,72.14,1.87,8.885,400.64,101547.42
TWB14,Uvalde_2020_02,29.60214,-99.73007,436.7784,6/28/21,p,2021,06/21/2021 14:15 CDT,96683,29.31,72.71,2.215,8.885,526.64,101545.43
TWB14,Uvalde_2020_02,29.60214,-99.73007,436.7784,6/28/21,p,2021,06/21/2021 14:20 CDT,96691,29.54,71.16,1.77,8.885,316.1,101550.07
TWB14,Uvalde_2020_02,29.60214,-99.73007,436.7784,6/28/21,p,2021,06/21/2021 14:25 CDT,96698,29.22,72.1,1.96,8.885,375.95,101561.52
TWB14,Uvalde_2020_02,29.60214,-99.73007,436.7784,6/28/21,p,2021,06/21/2021 14:30 CDT,96702,29.45,71.13,0.94,8.885,369.81,101564.09
TWB14,Uvalde_2020_02,29.60214,-99.73007,436.7784,6/28/21,p,2021,06/21/2021 14:35 CDT,96708,30.29,66.04,1,8.885,578.01,101559.79
TWB14,Uvalde_2020_02,29.60214,-99.73007,436.7784,6/28/21,p,2021,06/21/2021 14:40 CDT,96710,30.39,66.92,2.565,8.885,352.96,101555.35
TWB14,Uvalde_2020_02,29.60214,-99.73007,436.7784,6/28/21,p,2021,06/21/2021 14:45 CDT,96695,30.06,67.45,2.225,8.885,577.69,101544.32
TWB14,Uvalde_2020_02,29.60214,-99.73007,436.7784,6/28/21,p,2021,06/21/2021 14:50 CDT,96676,30.16,66.74,2.92,8.885,716.83,101524.22
TWB14,Uvalde_2020_02,29.60214,-99.73007,436.7784,6/28/21,p,2021,06/21/2021 14:55 CDT,96662,30.34,64.69,2.48,8.885,720.89,101505.78
TWB14,Uvalde_2020_02,29.60214,-99.73007,436.7784,6/28/21,p,2021,06/21/2021 15:00 CDT,96659,30.62,63.58,2.44,8.885,734.5,101497.27
TWB14,Uvalde_2020_02,29.60214,-99.73007,436.7784,6/28/21,p,2021,06/21/2021 15:05 CDT,96674,30.89,65.36,1.75,8.885,343.1,101508.77
TWB14,Uvalde_2020_02,29.60214,-99.73007,436.7784,6/28/21,p,2021,06/21/2021 15:10 CDT,96676,30.67,62.8,1.7,8.885,209.3,101514.32
TWB14,Uvalde_2020_02,29.60214,-99.73007,436.7784,6/28/21,p,2021,06/21/2021 15:15 CDT,96657,30.61,65.8,1.365,8.885,550.4,101496.93
TWB14,Uvalde_2020_02,29.60214,-99.73007,436.7784,6/28/21,p,2021,06/21/2021 15:20 CDT,96644,31.05,63.88,2.555,8.885,586.75,101476.15
TWB14,Uvalde_2020_02,29.60214,-99.73007,436.7784,6/28/21,p,2021,06/21/2021 15:25 CDT,96632,30.91,58.59,2.115,8.885,436.21,101462.8
TWB14,Uvalde_2020_02,29.60214,-99.73007,436.7784,6/28/21,p,2021,06/21/2021 15:30 CDT,96639,31.26,59.1,1.95,8.885,700.68,101467.07
TWB14,Uvalde_2020_02,29.60214,-99.73007,436.7784,6/28/21,p,2021,06/21/2021 15:35 CDT,96617,31.69,55.86,1.795,8.885,682.1,101435.92
TWB14,Uvalde_2020_02,29.60214,-99.73007,436.7784,6/28/21,p,2021,06/21/2021 15:40 CDT,96590,31.96,58.22,1.965,8.885,676.12,101403.83
TWB14,Uvalde_2020_02,29.60214,-99.73007,436.7784,6/28/21,p,2021,06/21/2021 15:45 CDT,96584,32.33,58.08,1.085,8.885,562.45,101391.42
TWB14,Uvalde_2020_02,29.60214,-99.73007,436.7784,6/28/21,p,2021,06/21/2021 15:50 CDT,96559,32.23,53.97,2.87,8.885,610.06,101364.59
TWB14,Uvalde_2020_02,29.60214,-99.73007,436.7784,6/28/21,p,2021,06/21/2021 15:55 CDT,96559,32.18,55.31,2.4,7.72,645.59,101364.89
TWB14,Uvalde_2020_02,29.60214,-99.73007,436.7784,6/28/21,p,2021,06/21/2021 16:00 CDT,96560,32.29,56.05,2.235,7.72,635.66,101364.48
TWB14,Uvalde_2020_02,29.60214,-99.73007,436.7784,6/28/21,p,2021,06/21/2021 16:05 CDT,96567,32.15,54.5,2.13,7.72,670.72,101373.14
TWB14,Uvalde_2020_02,29.60214,-99.73007,436.7784,6/28/21,p,2021,06/21/2021 16:10 CDT,96563,32.51,53.39,1.43,7.72,506.23,101365.58
TWB14,Uvalde_2020_02,29.60214,-99.73007,436.7784,6/28/21,p,2021,06/21/2021 16:15 CDT,96567,32.35,54.57,2.03,7.72,501.99,101371.69
TWB14,Uvalde_2020_02,29.60214,-99.73007,436.7784,6/28/21,p,2021,06/21/2021 16:20 CDT,96555,32.61,52.14,1.715,7.72,533.07,101355.76
TWB14,Uvalde_2020_02,29.60214,-99.73007,436.7784,6/28/21,p,2021,06/21/2021 16:25 CDT,96533,32.46,53.69,2.265,7.72,575.36,101334.89
TWB14,Uvalde_2020_02,29.60214,-99.73007,436.7784,6/28/21,p,2021,06/21/2021 16:30 CDT,96532,32.77,50.29,2.38,7.72,568.33,101329.55
TWB14,Uvalde_2020_02,29.60214,-99.73007,436.7784,6/28/21,p,2021,06/21/2021 16:35 CDT,96518,32.63,52.98,2.22,7.72,543.43,101314.66
TWB14,Uvalde_2020_02,29.60214,-99.73007,436.7784,6/28/21,p,2021,06/21/2021 16:40 CDT,96519,32.67,50.86,2.975,7.72,540.92,101316.22
TWB14,Uvalde_2020_02,29.60214,-99.73007,436.7784,6/28/21,p,2021,06/21/2021 16:45 CDT,96510,32.82,53.99,1.995,7.72,524.48,101305.61
TWB14,Uvalde_2020_02,29.60214,-99.73007,436.7784,6/28/21,p,2021,06/21/2021 16:50 CDT,96500,33.06,51.26,2.02,7.72,509.32,101291.79
TWB14,Uvalde_2020_02,29.60214,-99.73007,436.7784,6/28/21,p,2021,06/21/2021 16:55 CDT,96498,32.95,51.73,3.32,8.05,512.99,101289.21
TWB14,Uvalde_2020_02,29.60214,-99.73007,436.7784,6/28/21,p,2021,06/21/2021 17:00 CDT,96494,32.98,50.19,2.065,7.965,488.37,101285.83
TWB14,Uvalde_2020_02,29.60214,-99.73007,436.7784,6/28/21,p,2021,06/21/2021 17:05 CDT,96484,33,53.05,1.95,7.965,473.13,101274.49
TWB14,Uvalde_2020_02,29.60214,-99.73007,436.7784,6/28/21,p,2021,06/21/2021 17:10 CDT,96488,33.07,52.88,2.46,7.965,464.71,101276.78
TWB14,Uvalde_2020_02,29.60214,-99.73007,436.7784,6/28/21,p,2021,06/21/2021 17:15 CDT,96489,33.18,51.09,2.065,7.965,450.24,101277.37
TWB14,Uvalde_2020_02,29.60214,-99.73007,436.7784,6/28/21,p,2021,06/21/2021 17:20 CDT,96497,33.14,49.28,2.46,7.965,436.56,101285.16
TWB14,Uvalde_2020_02,29.60214,-99.73007,436.7784,6/28/21,p,2021,06/21/2021 17:25 CDT,96505,33.12,49.78,2.395,7.965,429.54,101295.14
TWB14,Uvalde_2020_02,29.60214,-99.73007,436.7784,6/28/21,p,2021,06/21/2021 17:30 CDT,96523,33.04,51.19,2.31,7.965,416.75,101314.82
TWB14,Uvalde_2020_02,29.60214,-99.73007,436.7784,6/28/21,p,2021,06/21/2021 17:35 CDT,96524,33.16,51.83,1.745,7.965,394.91,101315.86
TWB14,Uvalde_2020_02,29.60214,-99.73007,436.7784,6/28/21,p,2021,06/21/2021 17:40 CDT,96524,33.28,50.82,2.15,7.965,390.91,101312.68
TWB14,Uvalde_2020_02,29.60214,-99.73007,436.7784,6/28/21,p,2021,06/21/2021 17:45 CDT,96524,33.37,51.33,1.955,7.965,367.6,101312.03
TWB14,Uvalde_2020_02,29.60214,-99.73007,436.7784,6/28/21,p,2021,06/21/2021 17:50 CDT,96526,33.52,50.69,2.27,7.965,319.23,101312.07
TWB14,Uvalde_2020_02,29.60214,-99.73007,436.7784,6/28/21,p,2021,06/21/2021 17:55 CDT,96536,33.33,50.79,2.2,7.965,356.71,101326.07
TWB14,Uvalde_2020_02,29.60214,-99.73007,436.7784,6/28/21,p,2021,06/21/2021 18:00 CDT,96535,33.29,51.19,2.45,7.965,319.82,101325.65
TWB14,Uvalde_2020_02,29.60214,-99.73007,436.7784,6/28/21,p,2021,06/21/2021 18:05 CDT,96532,33.27,51.43,2.86,7.965,342.1,101323.46
TWB14,Uvalde_2020_02,29.60214,-99.73007,436.7784,6/28/21,p,2021,06/21/2021 18:10 CDT,96525,33.16,52.04,2.15,7.965,330.24,101316.9
TWB14,Uvalde_2020_02,29.60214,-99.73007,436.7784,6/28/21,p,2021,06/21/2021 18:15 CDT,96524,33.18,51.13,2.495,7.965,321.24,101316.19
TWB14,Uvalde_2020_02,29.60214,-99.73007,436.7784,6/28/21,p,2021,06/21/2021 18:20 CDT,96523,33.19,50.45,2.55,7.965,286.64,101315.94
TWB14,Uvalde_2020_02,29.60214,-99.73007,436.7784,6/28/21,p,2021,06/21/2021 18:25 CDT,96508,33.15,52.2,1.905,7.965,278.52,101300.5
TWB14,Uvalde_2020_02,29.60214,-99.73007,436.7784,6/28/21,p,2021,06/21/2021 18:30 CDT,96498,33.12,51.03,2.205,7.965,275.68,101289.86
TWB14,Uvalde_2020_02,29.60214,-99.73007,436.7784,6/28/21,p,2021,06/21/2021 18:35 CDT,96497,33.06,51.77,2.135,7.965,264.81,101290.07
TWB14,Uvalde_2020_02,29.60214,-99.73007,436.7784,6/28/21,p,2021,06/21/2021 18:40 CDT,96497,33.15,52.74,2.475,7.965,239.67,101289.26
TWB14,Uvalde_2020_02,29.60214,-99.73007,436.7784,6/28/21,p,2021,06/21/2021 18:45 CDT,96497,32.88,52.84,2.58,7.965,222.29,101292.3
TWB14,Uvalde_2020_02,29.60214,-99.73007,436.7784,6/28/21,p,2021,06/21/2021 18:50 CDT,96497,32.8,54.29,2.49,7.965,214.04,101294.2
TWB14,Uvalde_2020_02,29.60214,-99.73007,436.7784,6/28/21,p,2021,06/21/2021 18:55 CDT,96498,32.83,54.09,2.35,7.965,199.22,101296.22
TWB14,Uvalde_2020_02,29.60214,-99.73007,436.7784,6/28/21,p,2021,06/21/2021 19:00 CDT,96500,32.82,54.26,2.32,7.965,185.71,101298.63
TWB14,Uvalde_2020_02,29.60214,-99.73007,436.7784,6/28/21,p,2021,06/21/2021 19:05 CDT,96505,32.69,55.13,2.31,7.965,174.44,101305.48
TWB14,Uvalde_2020_02,29.60214,-99.73007,436.7784,6/28/21,p,2021,06/21/2021 19:10 CDT,96515,32.6,54.7,2.19,7.965,161.04,101317.58
TWB14,Uvalde_2020_02,29.60214,-99.73007,436.7784,6/28/21,p,2021,06/21/2021 19:15 CDT,96520,32.53,56.04,2.275,7.965,147.64,101323.78
TWB14,Uvalde_2020_02,29.60214,-99.73007,436.7784,6/28/21,p,2021,06/21/2021 19:20 CDT,96532,32.39,55.44,2.385,7.965,136.08,101338.63
TWB14,Uvalde_2020_02,29.60214,-99.73007,436.7784,6/28/21,p,2021,06/21/2021 19:25 CDT,96540,32.17,56.25,3.105,7.965,127.39,101350.72
TWB14,Uvalde_2020_02,29.60214,-99.73007,436.7784,6/28/21,p,2021,06/21/2021 19:30 CDT,96540,32.08,57.6,1.7,7.965,112.05,101352.96
TWB14,Uvalde_2020_02,29.60214,-99.73007,436.7784,6/28/21,p,2021,06/21/2021 19:35 CDT,96548,32.01,57.29,2.485,7.965,102.41,101362.33
TWB14,Uvalde_2020_02,29.60214,-99.73007,436.7784,6/28/21,p,2021,06/21/2021 19:40 CDT,96556,31.88,57.97,2.345,7.965,91.7,101372.98
TWB14,Uvalde_2020_02,29.60214,-99.73007,436.7784,6/28/21,p,2021,06/21/2021 19:45 CDT,96563,31.76,58.41,2.455,7.965,82.22,101382.1
TWB14,Uvalde_2020_02,29.60214,-99.73007,436.7784,6/28/21,p,2021,06/21/2021 19:50 CDT,96572,31.65,58.82,2.395,7.965,70.57,101393.65
TWB14,Uvalde_2020_02,29.60214,-99.73007,436.7784,6/28/21,p,2021,06/21/2021 19:55 CDT,96592,31.54,59.39,2.31,7.965,60.61,101416.58
TWB14,Uvalde_2020_02,29.60214,-99.73007,436.7784,6/28/21,p,2021,06/21/2021 20:00 CDT,96607,31.44,59.76,2.27,7.965,51.07,101434.11
TWB14,Uvalde_2020_02,29.60214,-99.73007,436.7784,6/28/21,p,2021,06/21/2021 20:05 CDT,96610,31.29,60.24,1.725,7.965,38.05,101439.52
TWB14,Uvalde_2020_02,29.60214,-99.73007,436.7784,6/28/21,p,2021,06/21/2021 20:10 CDT,96617,31.14,60.44,2.28,7.965,26.8,101449.47
TWB14,Uvalde_2020_02,29.60214,-99.73007,436.7784,6/28/21,p,2021,06/21/2021 20:15 CDT,96622,30.98,61.12,2.2,7.965,15.3,101457.31
TWB14,Uvalde_2020_02,29.60214,-99.73007,436.7784,6/28/21,p,2021,06/21/2021 20:20 CDT,96625,30.79,61.72,2.66,7.965,9.66,101463.87
TWB14,Uvalde_2020_02,29.60214,-99.73007,436.7784,6/28/21,p,2021,06/21/2021 20:25 CDT,96627,30.68,62.26,2.395,7.965,6.07,101467.75
TWB14,Uvalde_2020_02,29.60214,-99.73007,436.7784,6/28/21,p,2021,06/21/2021 20:30 CDT,96634,30.54,63.14,2.09,7.965,4.03,101477.54
TWB14,Uvalde_2020_02,29.60214,-99.73007,436.7784,6/28/21,p,2021,06/21/2021 20:35 CDT,96641,30.39,63.58,2.02,7.965,2.99,101487.33
TWB14,Uvalde_2020_02,29.60214,-99.73007,436.7784,6/28/21,p,2021,06/21/2021 20:40 CDT,96659,30.28,63.88,1.65,7.965,1.86,101508.36
TWB14,Uvalde_2020_02,29.60214,-99.73007,436.7784,6/28/21,p,2021,06/21/2021 20:45 CDT,96680,30.19,64.22,1.215,7.965,1.2,101531.88
TWB14,Uvalde_2020_02,29.60214,-99.73007,436.7784,6/28/21,p,2021,06/21/2021 20:50 CDT,96682,30.05,64.83,1.525,7.965,0.49,101536.59
TWB14,Uvalde_2020_02,29.60214,-99.73007,436.7784,6/28/21,p,2021,06/21/2021 20:55 CDT,96683,30,64.7,2.28,7.965,0,101539.28
TWB14,Uvalde_2020_02,29.60214,-99.73007,436.7784,6/28/21,p,2021,06/21/2021 21:00 CDT,96691,29.95,65.07,1.735,7.965,0,101548.17
TWB14,Uvalde_2020_02,29.60214,-99.73007,436.7784,6/28/21,p,2021,06/21/2021 21:05 CDT,96694,29.85,65.4,1.42,7.965,0,101552.63
TWB14,Uvalde_2020_02,29.60214,-99.73007,436.7784,6/28/21,p,2021,06/21/2021 21:10 CDT,96703,29.75,65.91,1.39,7.965,0.12,101563.72
TWB14,Uvalde_2020_02,29.60214,-99.73007,436.7784,6/28/21,p,2021,06/21/2021 21:15 CDT,96731,29.67,66.18,1.425,7.965,0.05,101594.43
TWB14,Uvalde_2020_02,29.60214,-99.73007,436.7784,6/28/21,p,2021,06/21/2021 21:20 CDT,96741,29.59,66.79,1.155,7.965,0.03,101606.25
TWB14,Uvalde_2020_02,29.60214,-99.73007,436.7784,6/28/21,p,2021,06/21/2021 21:25 CDT,96743,29.47,67.03,1.21,7.965,0.06,101610.81
TWB14,Uvalde_2020_02,29.60214,-99.73007,436.7784,6/28/21,p,2021,06/21/2021 21:30 CDT,96757,29.41,67.33,1.45,7.965,0,101626.83
TWB14,Uvalde_2020_02,29.60214,-99.73007,436.7784,6/28/21,p,2021,06/21/2021 21:35 CDT,96760,29.35,67.6,1.215,7.965,0,101630.8
TWB14,Uvalde_2020_02,29.60214,-99.73007,436.7784,6/28/21,p,2021,06/21/2021 21:40 CDT,96772,29.26,67.87,0.92,7.965,0,101644.88
TWB14,Uvalde_2020_02,29.60214,-99.73007,436.7784,6/28/21,p,2021,06/21/2021 21:45 CDT,96782,29.17,68.68,0.845,7.965,0.12,101656.7
TWB14,Uvalde_2020_02,29.60214,-99.73007,436.7784,6/28/21,p,2021,06/21/2021 21:50 CDT,96794,29.03,69.06,0.39,7.965,0.51,101671.28
TWB14,Uvalde_2020_02,29.60214,-99.73007,436.7784,6/28/21,p,2021,06/21/2021 21:55 CDT,96807,28.89,69.73,0.745,7.965,0.09,101687.74
TWB14,Uvalde_2020_02,29.60214,-99.73007,436.7784,6/28/21,p,2021,06/21/2021 22:00 CDT,96816,28.86,69.77,0.91,7.965,0.01,101698.18
TWB14,Uvalde_2020_02,29.60214,-99.73007,436.7784,6/28/21,p,2021,06/21/2021 22:05 CDT,96840,28.82,69.84,0.86,7.965,0,101724.55
TWB14,Uvalde_2020_02,29.60214,-99.73007,436.7784,6/28/21,p,2021,06/21/2021 22:10 CDT,96856,28.86,69.57,1.11,7.965,0,101741.36
TWB14,Uvalde_2020_02,29.60214,-99.73007,436.7784,6/28/21,p,2021,06/21/2021 22:15 CDT,96857,28.83,69.57,1.24,7.965,0,101742.41
TWB14,Uvalde_2020_02,29.60214,-99.73007,436.7784,6/28/21,p,2021,06/21/2021 22:20 CDT,96859,28.82,69.64,1.205,7.965,0,101744.51
TWB14,Uvalde_2020_02,29.60214,-99.73007,436.7784,6/28/21,p,2021,06/21/2021 22:25 CDT,96873,28.78,70.22,0.39,7.965,0.04,101759.38
TWB14,Uvalde_2020_02,29.60214,-99.73007,436.7784,6/28/21,p,2021,06/21/2021 22:30 CDT,96878,28.65,70.59,0.72,7.965,0,101766.61
TWB14,Uvalde_2020_02,29.60214,-99.73007,436.7784,6/28/21,p,2021,06/21/2021 22:35 CDT,96871,28.57,70.93,1.2,7.965,0,101760.91
TWB14,Uvalde_2020_02,29.60214,-99.73007,436.7784,6/28/21,p,2021,06/21/2021 22:40 CDT,96881,28.5,71.2,0.98,7.965,0,101772.74
TWB14,Uvalde_2020_02,29.60214,-99.73007,436.7784,6/28/21,p,2021,06/21/2021 22:45 CDT,96905,28.56,71,1.13,7.965,0,101797.79
TWB14,Uvalde_2020_02,29.60214,-99.73007,436.7784,6/28/21,p,2021,06/21/2021 22:50 CDT,96912,28.58,71.6,0.625,7.965,0,101803.98
TWB14,Uvalde_2020_02,29.60214,-99.73007,436.7784,6/28/21,p,2021,06/21/2021 22:55 CDT,96908,28.51,72.17,0.83,7.965,0.03,101801.26
TWB14,Uvalde_2020_02,29.60214,-99.73007,436.7784,6/28/21,p,2021,06/21/2021 23:00 CDT,96908,28.36,73.02,0.78,7.965,0.21,101803.41
TWB14,Uvalde_2020_02,29.60214,-99.73007,436.7784,6/28/21,p,2021,06/21/2021 23:05 CDT,96909,28.25,73.29,0.685,7.965,0.07,101806.62
TWB14,Uvalde_2020_02,29.60214,-99.73007,436.7784,6/28/21,p,2021,06/21/2021 23:10 CDT,96913,28.23,73.35,1.275,7.965,0,101811.32
TWB14,Uvalde_2020_02,29.60214,-99.73007,436.7784,6/28/21,p,2021,06/21/2021 23:15 CDT,96905,28.28,73.22,1.675,7.965,0,101801.92
TWB14,Uvalde_2020_02,29.60214,-99.73007,436.7784,6/28/21,p,2021,06/21/2021 23:20 CDT,96918,28.37,73.42,1.66,7.965,0,101814.08
TWB14,Uvalde_2020_02,29.60214,-99.73007,436.7784,6/28/21,p,2021,06/21/2021 23:25 CDT,96930,28.37,73.89,1.21,7.965,0,101826.02
TWB14,Uvalde_2020_02,29.60214,-99.73007,436.7784,6/28/21,p,2021,06/21/2021 23:30 CDT,96937,28.36,74.16,1.745,7.965,0,101833.04
TWB14,Uvalde_2020_02,29.60214,-99.73007,436.7784,6/28/21,p,2021,06/21/2021 23:35 CDT,96957,28.34,74.36,1.785,7.965,0,101854.54
TWB14,Uvalde_2020_02,29.60214,-99.73007,436.7784,6/28/21,p,2021,06/21/2021 23:40 CDT,96987,28.34,74.5,1.61,7.965,0,101885.89
TWB14,Uvalde_2020_02,29.60214,-99.73007,436.7784,6/28/21,p,2021,06/21/2021 23:45 CDT,96993,28.3,74.84,1.485,7.965,0,101892.52
TWB14,Uvalde_2020_02,29.60214,-99.73007,436.7784,6/28/21,p,2021,06/21/2021 23:50 CDT,96990,28.29,75.31,2.22,7.965,0,101889.53
TWB14,Uvalde_2020_02,29.60214,-99.73007,436.7784,6/28/21,p,2021,06/21/2021 23:55 CDT,97001,28.27,75.78,1.485,7.965,0,101901.08
TWB14,Uvalde_2020_02,29.60214,-99.73007,436.7784,6/28/21,p,2021,06/22/2021 00:00 CDT,97008,28.23,75.81,2.095,7.965,0,101909.1
TWB14,Uvalde_2020_02,29.60214,-99.73007,436.7784,6/28/21,p,2021,06/22/2021 00:05 CDT,97002,28.19,76.32,1.825,7.965,0,101903.13
TWB14,Uvalde_2020_02,29.60214,-99.73007,436.7784,6/28/21,p,2021,06/22/2021 00:10 CDT,97000,28.14,76.59,2.135,7.965,0,101902.02
TWB14,Uvalde_2020_02,29.60214,-99.73007,436.7784,6/28/21,p,2021,06/22/2021 00:15 CDT,96991,28.13,76.59,2.17,7.965,0,101892.73
TWB14,Uvalde_2020_02,29.60214,-99.73007,436.7784,6/28/21,p,2021,06/22/2021 00:20 CDT,96972,28.09,76.99,1.79,7.965,0,101873.27
TWB14,Uvalde_2020_02,29.60214,-99.73007,436.7784,6/28/21,p,2021,06/22/2021 00:25 CDT,96970,27.99,77.46,1.525,7.965,0.02,101872.66
TWB14,Uvalde_2020_02,29.60214,-99.73007,436.7784,6/28/21,p,2021,06/22/2021 00:30 CDT,96966,27.9,77.87,1.56,7.965,0,101869.79
TWB14,Uvalde_2020_02,29.60214,-99.73007,436.7784,6/28/21,p,2021,06/22/2021 00:35 CDT,96956,27.88,78.14,1.775,7.965,0,101859.78
TWB14,Uvalde_2020_02,29.60214,-99.73007,436.7784,6/28/21,p,2021,06/22/2021 00:40 CDT,96941,27.88,78.07,2.29,7.965,0,101844.19
TWB14,Uvalde_2020_02,29.60214,-99.73007,436.7784,6/28/21,p,2021,06/22/2021 00:45 CDT,96948,27.86,78.27,2.32,7.965,0,101851.71
TWB14,Uvalde_2020_02,29.60214,-99.73007,436.7784,6/28/21,p,2021,06/22/2021 00:50 CDT,96976,27.83,78.54,1.455,7.965,0,101881.45
TWB14,Uvalde_2020_02,29.60214,-99.73007,436.7784,6/28/21,p,2021,06/22/2021 00:55 CDT,96993,27.76,78.68,1.8,7.965,0,101900.48
TWB14,Uvalde_2020_02,29.60214,-99.73007,436.7784,6/28/21,p,2021,06/22/2021 01:00 CDT,96969,27.71,79.08,1.955,7.965,0,101876.26
TWB14,Uvalde_2020_02,29.60214,-99.73007,436.7784,6/28/21,p,2021,06/22/2021 01:05 CDT,96954,27.64,79.42,2.75,7.965,0,101861.5
TWB14,Uvalde_2020_02,29.60214,-99.73007,436.7784,6/28/21,p,2021,06/22/2021 01:10 CDT,96958,27.58,79.82,3.475,7.965,0,101866.7
TWB14,Uvalde_2020_02,29.60214,-99.73007,436.7784,6/28/21,p,2021,06/22/2021 01:15 CDT,97013,27.56,79.96,2.55,7.965,0,101924.82
TWB14,Uvalde_2020_02,29.60214,-99.73007,436.7784,6/28/21,p,2021,06/22/2021 01:20 CDT,97030,27.53,79.89,3.06,7.965,0,101943.18
TWB14,Uvalde_2020_02,29.60214,-99.73007,436.7784,6/28/21,p,2021,06/22/2021 01:25 CDT,97030,27.45,80.2,2.525,7.965,0,101944.52
TWB14,Uvalde_2020_02,29.60214,-99.73007,436.7784,6/28/21,p,2021,06/22/2021 01:30 CDT,97095,27.44,80.3,2.22,7.965,0,102013.14
TWB14,Uvalde_2020_02,29.60214,-99.73007,436.7784,6/28/21,p,2021,06/22/2021 01:35 CDT,97076,27.42,80.4,1.78,7.965,0,101993.35
TWB14,Uvalde_2020_02,29.60214,-99.73007,436.7784,6/28/21,p,2021,06/22/2021 01:40 CDT,97027,27.36,80.6,2.035,7.965,0.05,101942.7
TWB14,Uvalde_2020_02,29.60214,-99.73007,436.7784,6/28/21,p,2021,06/22/2021 01:45 CDT,97009,27.26,83.5,3.115,7.965,8.59,101924.93
TWB14,Uvalde_2020_02,29.60214,-99.73007,436.7784,6/28/21,p,2021,06/22/2021 01:50 CDT,97024,26.74,87.2,2.255,8.465,8.58,101948.03
TWB14,Uvalde_2020_02,29.60214,-99.73007,436.7784,6/28/21,p,2021,06/22/2021 01:55 CDT,97110,26.31,88.8,1.525,8.215,2.6,102045.45
TWB14,Uvalde_2020_02,29.60214,-99.73007,436.7784,6/28/21,p,2021,06/22/2021 02:00 CDT,97136,26.1,90.2,1.88,8.215,0.8,102076.98
TWB14,Uvalde_2020_02,29.60214,-99.73007,436.7784,6/28/21,p,2021,06/22/2021 02:05 CDT,97173,25.62,81.9,3.66,9.63,12.76,102122.2
TWB14,Uvalde_2020_02,29.60214,-99.73007,436.7784,6/28/21,p,2021,06/22/2021 02:10 CDT,97198,23.48,85,4.395,9.865,22.76,102180.15
TWB14,Uvalde_2020_02,29.60214,-99.73007,436.7784,6/28/21,p,2021,06/22/2021 02:15 CDT,97212,22.41,85.3,4.085,10.03,9.65,102217.44
TWB14,Uvalde_2020_02,29.60214,-99.73007,436.7784,6/28/21,p,2021,06/22/2021 02:20 CDT,97205,22.19,84.1,5.86,11.91,6.56,102218.76
TWB14,Uvalde_2020_02,29.60214,-99.73007,436.7784,6/28/21,p,2021,06/22/2021 02:25 CDT,97135,21.83,85.7,3.63,10.265,4.24,102149.83
TWB14,Uvalde_2020_02,29.60214,-99.73007,436.7784,6/28/21,p,2021,06/22/2021 02:30 CDT,97057,21.38,87,4.085,10.265,3.16,102075.79
TWB14,Uvalde_2020_02,29.60214,-99.73007,436.7784,6/28/21,p,2021,06/22/2021 02:35 CDT,97059,21.41,86.1,2.805,9.865,0.62,102079.3
TWB14,Uvalde_2020_02,29.60214,-99.73007,436.7784,6/28/21,p,2021,06/22/2021 02:40 CDT,97058,21.21,86.3,1.095,9.865,1.59,102080.69
TWB14,Uvalde_2020_02,29.60214,-99.73007,436.7784,6/28/21,p,2021,06/22/2021 02:45 CDT,97027,20.99,89.8,1.385,9.865,0.58,102052.08
TWB14,Uvalde_2020_02,29.60214,-99.73007,436.7784,6/28/21,p,2021,06/22/2021 02:50 CDT,97035,20.79,90.8,0.425,9.865,0,102063.63
TWB14,Uvalde_2020_02,29.60214,-99.73007,436.7784,6/28/21,p,2021,06/22/2021 02:55 CDT,97057,20.69,92.6,2.21,9.865,0,102088.34
TWB14,Uvalde_2020_02,29.60214,-99.73007,436.7784,6/28/21,p,2021,06/22/2021 03:00 CDT,97053,20.68,92.4,2.605,9.865,0.83,102085.36
TWB14,Uvalde_2020_02,29.60214,-99.73007,436.7784,6/28/21,p,2021,06/22/2021 03:05 CDT,97047,20.79,91.7,2.21,9.865,2.33,102079.05
TWB14,Uvalde_2020_02,29.60214,-99.73007,436.7784,6/28/21,p,2021,06/22/2021 03:10 CDT,97048,20.72,91.3,2.38,9.865,2.84,102079.93
TWB14,Uvalde_2020_02,29.60214,-99.73007,436.7784,6/28/21,p,2021,06/22/2021 03:15 CDT,97048,20.69,91.7,2.27,9.865,1.39,102080.63
TWB14,Uvalde_2020_02,29.60214,-99.73007,436.7784,6/28/21,p,2021,06/22/2021 03:20 CDT,97029,20.85,91,1.91,9.865,1.95,102059.59
TWB14,Uvalde_2020_02,29.60214,-99.73007,436.7784,6/28/21,p,2021,06/22/2021 03:25 CDT,96991,20.75,91.5,0.96,9.865,1.42,102019.45
TWB14,Uvalde_2020_02,29.60214,-99.73007,436.7784,6/28/21,p,2021,06/22/2021 03:30 CDT,96959,20.73,91.5,0.785,9.865,2.1,101987.01
TWB14,Uvalde_2020_02,29.60214,-99.73007,436.7784,6/28/21,p,2021,06/22/2021 03:35 CDT,96964,20.71,92.4,0.705,9.865,0.11,101992.09
TWB14,Uvalde_2020_02,29.60214,-99.73007,436.7784,6/28/21,p,2021,06/22/2021 03:40 CDT,96974,20.68,93.5,0.92,9.865,0,102002.95
TWB14,Uvalde_2020_02,29.60214,-99.73007,436.7784,6/28/21,p,2021,06/22/2021 03:45 CDT,97017,20.65,93.2,1.065,9.865,0.74,102048.71
TWB14,Uvalde_2020_02,29.60214,-99.73007,436.7784,6/28/21,p,2021,06/22/2021 03:50 CDT,97023,20.61,93.5,0.65,9.865,0.19,102055.02
TWB14,Uvalde_2020_02,29.60214,-99.73007,436.7784,6/28/21,p,2021,06/22/2021 03:55 CDT,97036,20.55,94.2,1.085,9.865,0,102069.04
TWB14,Uvalde_2020_02,29.60214,-99.73007,436.7784,6/28/21,p,2021,06/22/2021 04:00 CDT,97027,20.57,94.3,0.625,9.865,0,102059.57
TWB14,Uvalde_2020_02,29.60214,-99.73007,436.7784,6/28/21,p,2021,06/22/2021 04:05 CDT,97015,20.62,94.8,1.16,9.865,0,102045.89
TWB14,Uvalde_2020_02,29.60214,-99.73007,436.7784,6/28/21,p,2021,06/22/2021 04:10 CDT,96996,20.62,94.9,1.95,9.865,0.08,102025.91
TWB14,Uvalde_2020_02,29.60214,-99.73007,436.7784,6/28/21,p,2021,06/22/2021 04:15 CDT,96970,20.61,94.9,0.64,9.865,0.13,101998.74
TWB14,Uvalde_2020_02,29.60214,-99.73007,436.7784,6/28/21,p,2021,06/22/2021 04:20 CDT,96964,20.63,95.1,0.34,9.865,0,101992.07
TWB14,Uvalde_2020_02,29.60214,-99.73007,436.7784,6/28/21,p,2021,06/22/2021 04:25 CDT,96974,20.66,95.4,0.865,9.865,0,102001.71
TWB14,Uvalde_2020_02,29.60214,-99.73007,436.7784,6/28/21,p,2021,06/22/2021 04:30 CDT,96971,20.67,95,0.14,9.865,0.11,101998.39
TWB14,Uvalde_2020_02,29.60214,-99.73007,436.7784,6/28/21,p,2021,06/22/2021 04:35 CDT,96972,20.7,95.2,0.23,9.865,0,101998.91
TWB14,Uvalde_2020_02,29.60214,-99.73007,436.7784,6/28/21,p,2021,06/22/2021 04:40 CDT,96973,20.79,95.1,1.405,9.865,0.17,101999.09
TWB14,Uvalde_2020_02,29.60214,-99.73007,436.7784,6/28/21,p,2021,06/22/2021 04:45 CDT,96986,20.78,94.9,1.185,9.865,0.99,102012.94
TWB14,Uvalde_2020_02,29.60214,-99.73007,436.7784,6/28/21,p,2021,06/22/2021 04:50 CDT,96995,20.78,94.3,1.465,9.865,1.45,102022.41
TWB14,Uvalde_2020_02,29.60214,-99.73007,436.7784,6/28/21,p,2021,06/22/2021 04:55 CDT,97005,20.76,94.3,1.31,9.865,2.25,102033.45
TWB14,Uvalde_2020_02,29.60214,-99.73007,436.7784,6/28/21,p,2021,06/22/2021 05:00 CDT,97024,20.78,94.4,0.84,9.865,1.12,102052.91
TWB14,Uvalde_2020_02,29.60214,-99.73007,436.7784,6/28/21,p,2021,06/22/2021 05:05 CDT,97027,20.8,94.7,0.675,9.865,1.22,102055.72
TWB14,Uvalde_2020_02,29.60214,-99.73007,436.7784,6/28/21,p,2021,06/22/2021 05:10 CDT,97041,20.85,94.8,1.09,9.865,1,102069.22
TWB14,Uvalde_2020_02,29.60214,-99.73007,436.7784,6/28/21,p,2021,06/22/2021 05:15 CDT,97049,20.93,94.3,0.885,9.865,1.51,102076.76
TWB14,Uvalde_2020_02,29.60214,-99.73007,436.7784,6/28/21,p,2021,06/22/2021 05:20 CDT,97033,21.04,93.8,0.28,9.865,1.57,102059.41
TWB14,Uvalde_2020_02,29.60214,-99.73007,436.7784,6/28/21,p,2021,06/22/2021 05:25 CDT,97021,21.14,93.8,1.375,9.865,0.79,102045.04
TWB14,Uvalde_2020_02,29.60214,-99.73007,436.7784,6/28/21,p,2021,06/22/2021 05:30 CDT,97001,21.17,93.8,0.415,9.865,1.09,102022.78
TWB14,Uvalde_2020_02,29.60214,-99.73007,436.7784,6/28/21,p,2021,06/22/2021 05:35 CDT,97002,21.18,94.2,0.36,9.865,0.25,102023.48
TWB14,Uvalde_2020_02,29.60214,-99.73007,436.7784,6/28/21,p,2021,06/22/2021 05:40 CDT,97016,21.19,95.1,0.16,9.865,0,102037.85
TWB14,Uvalde_2020_02,29.60214,-99.73007,436.7784,6/28/21,p,2021,06/22/2021 05:45 CDT,97013,21.25,94.5,0.245,9.865,0.33,102033.48
TWB14,Uvalde_2020_02,29.60214,-99.73007,436.7784,6/28/21,p,2021,06/22/2021 05:50 CDT,97026,21.32,94.2,0.31,9.865,0.83,102046.8
TWB14,Uvalde_2020_02,29.60214,-99.73007,436.7784,6/28/21,p,2021,06/22/2021 05:55 CDT,97030,21.4,94.3,0.69,9.865,0.29,102049.61
TWB14,Uvalde_2020_02,29.60214,-99.73007,436.7784,6/28/21,p,2021,06/22/2021 06:00 CDT,97051,21.48,94.3,0.7,9.865,0.35,102069.78
TWB14,Uvalde_2020_02,29.60214,-99.73007,436.7784,6/28/21,p,2021,06/22/2021 06:05 CDT,97055,21.57,93.5,1.555,9.865,1.22,102072.95
TWB14,Uvalde_2020_02,29.60214,-99.73007,436.7784,6/28/21,p,2021,06/22/2021 06:10 CDT,97055,21.57,93.5,0.325,9.865,1.07,102072.6
TWB14,Uvalde_2020_02,29.60214,-99.73007,436.7784,6/28/21,p,2021,06/22/2021 06:15 CDT,97072,21.53,93.5,0.26,9.865,0.5,102090.48
TWB14,Uvalde_2020_02,29.60214,-99.73007,436.7784,6/28/21,p,2021,06/22/2021 06:20 CDT,97081,21.53,93.5,1.005,9.865,0.2,102100.12
TWB14,Uvalde_2020_02,29.60214,-99.73007,436.7784,6/28/21,p,2021,06/22/2021 06:25 CDT,97084,21.55,93.4,0.97,9.865,0.76,102103.8
TWB14,Uvalde_2020_02,29.60214,-99.73007,436.7784,6/28/21,p,2021,06/22/2021 06:30 CDT,97099,21.58,93.7,0.775,9.865,2.88,102119.75
TWB14,Uvalde_2020_02,29.60214,-99.73007,436.7784,6/28/21,p,2021,06/22/2021 06:35 CDT,97104,21.58,93.2,0.99,9.865,9.4,102125.36
TWB14,Uvalde_2020_02,29.60214,-99.73007,436.7784,6/28/21,p,2021,06/22/2021 06:40 CDT,97105,21.6,93.6,0.755,9.865,11.02,102126.23
TWB14,Uvalde_2020_02,29.60214,-99.73007,436.7784,6/28/21,p,2021,06/22/2021 06:45 CDT,97109,21.52,94,1.385,9.865,7.71,102130.61
TWB14,Uvalde_2020_02,29.60214,-99.73007,436.7784,6/28/21,p,2021,06/22/2021 06:50 CDT,97120,21.44,94.1,0.89,9.865,8.84,102142.87
TWB14,Uvalde_2020_02,29.60214,-99.73007,436.7784,6/28/21,p,2021,06/22/2021 06:55 CDT,97133,21.44,94.4,0.39,9.865,7.97,102156.55
TWB14,Uvalde_2020_02,29.60214,-99.73007,436.7784,6/28/21,p,2021,06/22/2021 07:00 CDT,97150,21.47,93.7,1.135,9.865,8.07,102173.73
TWB14,Uvalde_2020_02,29.60214,-99.73007,436.7784,6/28/21,p,2021,06/22/2021 07:05 CDT,97159,21.57,93.6,1.635,9.865,9.23,102182.67
TWB14,Uvalde_2020_02,29.60214,-99.73007,436.7784,6/28/21,p,2021,06/22/2021 07:10 CDT,97169,21.57,93.8,1.415,9.865,11.33,102192.32
TWB14,Uvalde_2020_02,29.60214,-99.73007,436.7784,6/28/21,p,2021,06/22/2021 07:15 CDT,97189,21.57,93.6,0.735,9.865,11.31,102213
TWB14,Uvalde_2020_02,29.60214,-99.73007,436.7784,6/28/21,p,2021,06/22/2021 07:20 CDT,97204,21.59,93.9,0.59,9.865,11.84,102228.25
TWB14,Uvalde_2020_02,29.60214,-99.73007,436.7784,6/28/21,p,2021,06/22/2021 07:25 CDT,97214,21.64,94,0.52,9.865,13.46,102237.55
TWB14,Uvalde_2020_02,29.60214,-99.73007,436.7784,6/28/21,p,2021,06/22/2021 07:30 CDT,97216,21.66,93.7,0.61,9.865,18.37,102238.96
TWB14,Uvalde_2020_02,29.60214,-99.73007,436.7784,6/28/21,p,2021,06/22/2021 07:35 CDT,97227,21.7,93.6,0.365,9.865,22.05,102250
TWB14,Uvalde_2020_02,29.60214,-99.73007,436.7784,6/28/21,p,2021,06/22/2021 07:40 CDT,97235,21.77,93.2,1.24,9.865,27.06,102257.37
TWB14,Uvalde_2020_02,29.60214,-99.73007,436.7784,6/28/21,p,2021,06/22/2021 07:45 CDT,97238,21.86,92.6,0.84,9.865,23.79,102259.66
TWB14,Uvalde_2020_02,29.60214,-99.73007,436.7784,6/28/21,p,2021,06/22/2021 07:50 CDT,97238,21.95,93,0.8,9.865,22.44,102257.92
TWB14,Uvalde_2020_02,29.60214,-99.73007,436.7784,6/28/21,p,2021,06/22/2021 07:55 CDT,97238,21.96,93.1,1.455,9.865,33.39,102256.7
TWB14,Uvalde_2020_02,29.60214,-99.73007,436.7784,6/28/21,p,2021,06/22/2021 08:00 CDT,97244,22.02,92.7,1.25,9.865,31.75,102262.14
TWB14,Uvalde_2020_02,29.60214,-99.73007,436.7784,6/28/21,p,2021,06/22/2021 08:05 CDT,97264,22.07,92.4,0.63,9.865,18.71,102282.48
TWB14,Uvalde_2020_02,29.60214,-99.73007,436.7784,6/28/21,p,2021,06/22/2021 08:10 CDT,97259,22.1,92.9,0.935,9.865,32.25,102276.52
TWB14,Uvalde_2020_02,29.60214,-99.73007,436.7784,6/28/21,p,2021,06/22/2021 08:15 CDT,97256,22.22,92.7,0.995,9.865,62.11,102271.28
TWB14,Uvalde_2020_02,29.60214,-99.73007,436.7784,6/28/21,p,2021,06/22/2021 08:20 CDT,97266,22.29,93,1.325,9.865,33.76,102280.06
TWB14,Uvalde_2020_02,29.60214,-99.73007,436.7784,6/28/21,p,2021,06/22/2021 08:25 CDT,97262,22.25,92.5,1.75,9.865,80.81,102276.03
TWB14,Uvalde_2020_02,29.60214,-99.73007,436.7784,6/28/21,p,2021,06/22/2021 08:30 CDT,97260,22.33,93.2,1.915,9.865,99.98,102273.23
TWB14,Uvalde_2020_02,29.60214,-99.73007,436.7784,6/28/21,p,2021,06/22/2021 08:35 CDT,97252,22.48,92.3,1.84,9.865,122,102261.7
TWB14,Uvalde_2020_02,29.60214,-99.73007,436.7784,6/28/21,p,2021,06/22/2021 08:40 CDT,97237,22.6,91.9,1.765,9.865,106.26,102244.03
TWB14,Uvalde_2020_02,29.60214,-99.73007,436.7784,6/28/21,p,2021,06/22/2021 08:45 CDT,97238,22.63,91.6,2.09,9.865,69.02,102244.04
TWB14,Uvalde_2020_02,29.60214,-99.73007,436.7784,6/28/21,p,2021,06/22/2021 08:50 CDT,97251,22.63,91.9,1.305,9.865,57.48,102257.88
TWB14,Uvalde_2020_02,29.60214,-99.73007,436.7784,6/28/21,p,2021,06/22/2021 08:55 CDT,97257,22.66,92.1,1.455,9.865,66.27,102263.67
TWB14,Uvalde_2020_02,29.60214,-99.73007,436.7784,6/28/21,p,2021,06/22/2021 09:00 CDT,97265,22.72,92.1,1.535,9.865,62.29,102271.22
TWB14,Uvalde_2020_02,29.60214,-99.73007,436.7784,6/28/21,p,2021,06/22/2021 09:05 CDT,97261,22.76,92.7,1.85,9.865,97.23,102266.31
TWB14,Uvalde_2020_02,29.60214,-99.73007,436.7784,6/28/21,p,2021,06/22/2021 09:10 CDT,97259,22.86,91.4,2.165,9.865,110.81,102262.32
TWB14,Uvalde_2020_02,29.60214,-99.73007,436.7784,6/28/21,p,2021,06/22/2021 09:15 CDT,97262,22.93,92.1,2.195,9.865,127.56,102264.6
TWB14,Uvalde_2020_02,29.60214,-99.73007,436.7784,6/28/21,p,2021,06/22/2021 09:20 CDT,97263,23.07,92.2,2.55,9.865,179.86,102263.23
TWB14,Uvalde_2020_02,29.60214,-99.73007,436.7784,6/28/21,p,2021,06/22/2021 09:25 CDT,97264,23.24,89.5,2.54,9.865,234.38,102261.54
TWB14,Uvalde_2020_02,29.60214,-99.73007,436.7784,6/28/21,p,2021,06/22/2021 09:30 CDT,97281,23.38,89.5,2.235,9.865,154.4,102276.66
TWB14,Uvalde_2020_02,29.60214,-99.73007,436.7784,6/28/21,p,2021,06/22/2021 09:35 CDT,97299,23.48,89.3,1.44,9.865,124.23,102293.86
TWB14,Uvalde_2020_02,29.60214,-99.73007,436.7784,6/28/21,p,2021,06/22/2021 09:40 CDT,97314,23.57,89.8,1.52,9.865,112.17,102307.56
TWB14,Uvalde_2020_02,29.60214,-99.73007,436.7784,6/28/21,p,2021,06/22/2021 09:45 CDT,97313,23.64,88.7,1.605,9.865,117.67,102305.31
TWB14,Uvalde_2020_02,29.60214,-99.73007,436.7784,6/28/21,p,2021,06/22/2021 09:50 CDT,97328,23.73,88.3,1.73,9.865,95.26,102319.54
TWB14,Uvalde_2020_02,29.60214,-99.73007,436.7784,6/28/21,p,2021,06/22/2021 09:55 CDT,97333,23.79,87.3,1.335,9.865,76.71,102324.29
TWB14,Uvalde_2020_02,29.60214,-99.73007,436.7784,6/28/21,p,2021,06/22/2021 10:00 CDT,97330,23.88,87.6,0.625,9.865,88.97,102319.41
TWB14,Uvalde_2020_02,29.60214,-99.73007,436.7784,6/28/21,p,2021,06/22/2021 10:05 CDT,97331,24.07,86.9,0.155,9.865,120.51,102318.24
TWB14,Uvalde_2020_02,29.60214,-99.73007,436.7784,6/28/21,p,2021,06/22/2021 10:10 CDT,97315,24.27,86.1,0.775,9.865,161.18,102298.16
TWB14,Uvalde_2020_02,29.60214,-99.73007,436.7784,6/28/21,p,2021,06/22/2021 10:15 CDT,97307,24.41,85.6,0.79,9.865,163.57,102286.5
TWB14,Uvalde_2020_02,29.60214,-99.73007,436.7784,6/28/21,p,2021,06/22/2021 10:20 CDT,97306,24.48,84.7,0.725,9.865,146.01,102283.58
TWB14,Uvalde_2020_02,29.60214,-99.73007,436.7784,6/28/21,p,2021,06/22/2021 10:25 CDT,97291,24.53,84,1.15,9.865,157.52,102267.13
TWB14,Uvalde_2020_02,29.60214,-99.73007,436.7784,6/28/21,p,2021,06/22/2021 10:30 CDT,97285,24.63,84.9,0.695,9.865,223.65,102259.62
TWB14,Uvalde_2020_02,29.60214,-99.73007,436.7784,6/28/21,p,2021,06/22/2021 10:35 CDT,97294,25.02,83.4,0.725,9.865,347.64,102263.97
TWB14,Uvalde_2020_02,29.60214,-99.73007,436.7784,6/28/21,p,2021,06/22/2021 10:40 CDT,97303,25.32,82.6,0.665,9.865,323.46,102268.16
TWB14,Uvalde_2020_02,29.60214,-99.73007,436.7784,6/28/21,p,2021,06/22/2021 10:45 CDT,97302,25.82,81.1,0.095,9.865,364.78,102261.51
TWB14,Uvalde_2020_02,29.60214,-99.73007,436.7784,6/28/21,p,2021,06/22/2021 10:50 CDT,97301,26,79.1,1.09,9.865,271.13,102253.52
TWB14,Uvalde_2020_02,29.60214,-99.73007,436.7784,6/28/21,p,2021,06/22/2021 10:55 CDT,97301,25.78,80.4,1.245,9.865,274.06,102254.19
TWB14,Uvalde_2020_02,29.60214,-99.73007,436.7784,6/28/21,p,2021,06/22/2021 11:00 CDT,97300,25.75,80.3,1.61,9.865,315.39,102252.63
TWB14,Uvalde_2020_02,29.60214,-99.73007,436.7784,6/28/21,p,2021,06/22/2021 11:05 CDT,97299,25.93,79.63,0.61,9.865,281.84,102250.91
TWB14,Uvalde_2020_02,29.60214,-99.73007,436.7784,6/28/21,p,2021,06/22/2021 11:10 CDT,97296,26.25,77.6,0.565,9.865,317.93,102242.87
TWB14,Uvalde_2020_02,29.60214,-99.73007,436.7784,6/28/21,p,2021,06/22/2021 11:15 CDT,97296,26.35,77.4,0.97,9.865,320.69,102240.85
TWB14,Uvalde_2020_02,29.60214,-99.73007,436.7784,6/28/21,p,2021,06/22/2021 11:20 CDT,97304,26.4,77.09,1.135,9.865,369.05,102247.74
TWB14,Uvalde_2020_02,29.60214,-99.73007,436.7784,6/28/21,p,2021,06/22/2021 11:25 CDT,97297,26.54,76.05,1.445,9.865,476.87,102238.53
TWB14,Uvalde_2020_02,29.60214,-99.73007,436.7784,6/28/21,p,2021,06/22/2021 11:30 CDT,97296,26.69,78.74,1.175,9.865,513.25,102233.92
TWB14,Uvalde_2020_02,29.60214,-99.73007,436.7784,6/28/21,p,2021,06/22/2021 11:35 CDT,97295,27.04,74.8,1.265,9.865,324.76,102226.18
TWB14,Uvalde_2020_02,29.60214,-99.73007,436.7784,6/28/21,p,2021,06/22/2021 11:40 CDT,97280,27.02,73.85,1.345,9.865,464.8,102211.27
TWB14,Uvalde_2020_02,29.60214,-99.73007,436.7784,6/28/21,p,2021,06/22/2021 11:45 CDT,97266,27.05,77.32,0.89,9.865,399.19,102195.69
TWB14,Uvalde_2020_02,29.60214,-99.73007,436.7784,6/28/21,p,2021,06/22/2021 11:50 CDT,97262,27.39,74.15,0.81,9.865,330.06,102186.15
TWB14,Uvalde_2020_02,29.60214,-99.73007,436.7784,6/28/21,p,2021,06/22/2021 11:55 CDT,97259,27.73,73.47,0.22,9.865,384.66,102178.32
TWB14,Uvalde_2020_02,29.60214,-99.73007,436.7784,6/28/21,p,2021,06/22/2021 12:00 CDT,97251,28.11,70.91,0.92,9.865,487.67,102162.93
TWB14,Uvalde_2020_02,29.60214,-99.73007,436.7784,6/28/21,p,2021,06/22/2021 12:05 CDT,97242,28.07,68.58,1.375,9.865,560.67,102153
TWB14,Uvalde_2020_02,29.60214,-99.73007,436.7784,6/28/21,p,2021,06/22/2021 12:10 CDT,97243,28.15,71.78,0.79,9.865,572.64,102152.18
TWB14,Uvalde_2020_02,29.60214,-99.73007,436.7784,6/28/21,p,2021,06/22/2021 12:15 CDT,97239,28.5,69.32,0.56,9.865,560.96,102144.35
TWB14,Uvalde_2020_02,29.60214,-99.73007,436.7784,6/28/21,p,2021,06/22/2021 12:20 CDT,97228,28.73,67.97,0.87,9.865,548.59,102128.99
TWB14,Uvalde_2020_02,29.60214,-99.73007,436.7784,6/28/21,p,2021,06/22/2021 12:25 CDT,97225,28.56,69.41,0.94,9.865,430.82,102125.32
TWB14,Uvalde_2020_02,29.60214,-99.73007,436.7784,6/28/21,p,2021,06/22/2021 12:30 CDT,97221,28.26,70.02,1.12,9.865,352.25,102125.27
TWB14,Uvalde_2020_02,29.60214,-99.73007,436.7784,6/28/21,p,2021,06/22/2021 12:35 CDT,97212,28.48,68.77,0.39,9.865,331.94,102115.49
TWB14,Uvalde_2020_02,29.60214,-99.73007,436.7784,6/28/21,p,2021,06/22/2021 12:40 CDT,97216,28.71,71.16,0.585,9.865,366.21,102116.85
TWB14,Uvalde_2020_02,29.60214,-99.73007,436.7784,6/28/21,p,2021,06/22/2021 12:45 CDT,97222,29,68.33,0.59,9.865,478.54,102119.7
TWB14,Uvalde_2020_02,29.60214,-99.73007,436.7784,6/28/21,p,2021,06/22/2021 12:50 CDT,97218,28.95,66.58,1.71,9.865,549.76,102113.36
TWB14,Uvalde_2020_02,29.60214,-99.73007,436.7784,6/28/21,p,2021,06/22/2021 12:55 CDT,97207,29.09,66.81,0.705,9.865,665.38,102101.31
TWB14,Uvalde_2020_02,29.60214,-99.73007,436.7784,6/28/21,p,2021,06/22/2021 13:00 CDT,97197,29.59,68.93,0.995,9.865,646.72,102083.34
TWB14,Uvalde_2020_02,29.60214,-99.73007,436.7784,6/28/21,p,2021,06/22/2021 13:05 CDT,97185,29.68,63.95,0.575,9.865,631.74,102068.65
TWB14,Uvalde_2020_02,29.60214,-99.73007,436.7784,6/28/21,p,2021,06/22/2021 13:10 CDT,97171,30.08,64.25,0.71,9.865,609.6,102048.18
TWB14,Uvalde_2020_02,29.60214,-99.73007,436.7784,6/28/21,p,2021,06/22/2021 13:15 CDT,97166,30.31,62.97,0.7,9.865,514.03,102037.19
TWB14,Uvalde_2020_02,29.60214,-99.73007,436.7784,6/28/21,p,2021,06/22/2021 13:20 CDT,97162,30.15,61.25,0.84,9.865,548.33,102034.33
TWB14,Uvalde_2020_02,29.60214,-99.73007,436.7784,6/28/21,p,2021,06/22/2021 13:25 CDT,97156,30.15,59.64,0.665,9.865,645.91,102028.7
TWB14,Uvalde_2020_02,29.60214,-99.73007,436.7784,6/28/21,p,2021,06/22/2021 13:30 CDT,97152,30.24,62.56,0.815,9.865,611.32,102022.99
TWB14,Uvalde_2020_02,29.60214,-99.73007,436.7784,6/28/21,p,2021,06/22/2021 13:35 CDT,97156,30.63,58.15,0.845,9.865,587.17,102022
TWB14,Uvalde_2020_02,29.60214,-99.73007,436.7784,6/28/21,p,2021,06/22/2021 13:40 CDT,97159,30.72,61.59,0.985,9.865,554.91,102021.18
TWB14,Uvalde_2020_02,29.60214,-99.73007,436.7784,6/28/21,p,2021,06/22/2021 13:45 CDT,97152,30.42,58.96,1.935,9.865,598.22,102016.64
TWB14,Uvalde_2020_02,29.60214,-99.73007,436.7784,6/28/21,p,2021,06/22/2021 13:50 CDT,97146,30.37,56.91,1.775,9.865,636.36,102013.15
TWB14,Uvalde_2020_02,29.60214,-99.73007,436.7784,6/28/21,p,2021,06/22/2021 13:55 CDT,97143,30.39,62.36,1.335,9.865,688.72,102008.13
TWB14,Uvalde_2020_02,29.60214,-99.73007,436.7784,6/28/21,p,2021,06/22/2021 14:00 CDT,97135,30.83,63.54,1.52,9.865,694.47,101993.67
TWB14,Uvalde_2020_02,29.60214,-99.73007,436.7784,6/28/21,p,2021,06/22/2021 14:05 CDT,97133,30.93,56.54,1.67,9.865,617.53,101989.04
TWB14,Uvalde_2020_02,29.60214,-99.73007,436.7784,6/28/21,p,2021,06/22/2021 14:10 CDT,97129,30.94,54.68,1.785,9.865,608.22,101983.88
TWB14,Uvalde_2020_02,29.60214,-99.73007,436.7784,6/28/21,p,2021,06/22/2021 14:15 CDT,97128,31.14,57.41,1.315,9.865,667.81,101980.52
TWB14,Uvalde_2020_02,29.60214,-99.73007,436.7784,6/28/21,p,2021,06/22/2021 14:20 CDT,97121,31.37,55.59,0.9,9.865,716.01,101971.89
TWB14,Uvalde_2020_02,29.60214,-99.73007,436.7784,6/28/21,p,2021,06/22/2021 14:25 CDT,97114,31.18,55.45,2.13,9.865,580.19,101967.15
TWB14,Uvalde_2020_02,29.60214,-99.73007,436.7784,6/28/21,p,2021,06/22/2021 14:30 CDT,97106,31.23,54.2,1.13,9.865,454.18,101957.13
TWB14,Uvalde_2020_02,29.60214,-99.73007,436.7784,6/28/21,p,2021,06/22/2021 14:35 CDT,97106,31.24,53.77,2.115,9.865,399.12,101955.35
TWB14,Uvalde_2020_02,29.60214,-99.73007,436.7784,6/28/21,p,2021,06/22/2021 14:40 CDT,97099,31.36,54.1,2.01,9.865,689.64,101948.16
TWB14,Uvalde_2020_02,29.60214,-99.73007,436.7784,6/28/21,p,2021,06/22/2021 14:45 CDT,97097,31.61,50.06,2.29,9.865,692.65,101940.91
TWB14,Uvalde_2020_02,29.60214,-99.73007,436.7784,6/28/21,p,2021,06/22/2021 14:50 CDT,97096,31.83,49.22,1.525,9.865,719.44,101938.74
TWB14,Uvalde_2020_02,29.60214,-99.73007,436.7784,6/28/21,p,2021,06/22/2021 14:55 CDT,97089,31.9,50.43,1.625,9.865,632.5,101926.02
TWB14,Uvalde_2020_02,29.60214,-99.73007,436.7784,6/28/21,p,2021,06/22/2021 15:00 CDT,97075,32.07,50.53,1.04,9.865,688.16,101910.84
TWB14,Uvalde_2020_02,29.60214,-99.73007,436.7784,6/28/21,p,2021,06/22/2021 15:05 CDT,97075,32.23,53.29,1.53,9.865,665.12,101907.25
TWB14,Uvalde_2020_02,29.60214,-99.73007,436.7784,6/28/21,p,2021,06/22/2021 15:10 CDT,97070,32.34,51.67,1.095,9.865,523.85,101899.44
TWB14,Uvalde_2020_02,29.60214,-99.73007,436.7784,6/28/21,p,2021,06/22/2021 15:15 CDT,97066,32.57,49.58,1.755,9.865,685.9,101892.04
TWB14,Uvalde_2020_02,29.60214,-99.73007,436.7784,6/28/21,p,2021,06/22/2021 15:20 CDT,97055,32.25,48.94,1.5,9.865,718.89,101885.18
TWB14,Uvalde_2020_02,29.60214,-99.73007,436.7784,6/28/21,p,2021,06/22/2021 15:25 CDT,97048,32.51,48.27,1.29,9.865,723.99,101873.97
TWB14,Uvalde_2020_02,29.60214,-99.73007,436.7784,6/28/21,p,2021,06/22/2021 15:30 CDT,97040,32.68,47.06,2.15,9.865,713.18,101861.24
TWB14,Uvalde_2020_02,29.60214,-99.73007,436.7784,6/28/21,p,2021,06/22/2021 15:35 CDT,97039,32.48,47.29,1.905,9.865,691.51,101861.63
TWB14,Uvalde_2020_02,29.60214,-99.73007,436.7784,6/28/21,p,2021,06/22/2021 15:40 CDT,97037,32.61,48.5,1.085,9.865,606.37,101860.16
TWB14,Uvalde_2020_02,29.60214,-99.73007,436.7784,6/28/21,p,2021,06/22/2021 15:45 CDT,97037,32.54,50.39,2.095,9.865,462.09,101860.3
TWB14,Uvalde_2020_02,29.60214,-99.73007,436.7784,6/28/21,p,2021,06/22/2021 15:50 CDT,97036,32.04,51.53,2.71,9.865,718.95,101866.49
TWB14,Uvalde_2020_02,29.60214,-99.73007,436.7784,6/28/21,p,2021,06/22/2021 15:55 CDT,97035,32.01,49.98,2.01,9.865,585.62,101869.18
TWB14,Uvalde_2020_02,29.60214,-99.73007,436.7784,6/28/21,p,2021,06/22/2021 16:00 CDT,97025,32.24,49.34,0.945,9.865,595.53,101853.68
TWB14,Uvalde_2020_02,29.60214,-99.73007,436.7784,6/28/21,p,2021,06/22/2021 16:05 CDT,97011,32.49,50.29,1.635,9.865,647.72,101834.94
TWB14,Uvalde_2020_02,29.60214,-99.73007,436.7784,6/28/21,p,2021,06/22/2021 16:10 CDT,97009,32.38,52.94,2.595,9.865,438.65,101835.71
TWB14,Uvalde_2020_02,29.60214,-99.73007,436.7784,6/28/21,p,2021,06/22/2021 16:15 CDT,97001,32.04,54.79,2.38,9.865,582.35,101832.45
TWB14,Uvalde_2020_02,29.60214,-99.73007,436.7784,6/28/21,p,2021,06/22/2021 16:20 CDT,96985,31.98,53.62,2.3,9.865,511.09,101816.16
TWB14,Uvalde_2020_02,29.60214,-99.73007,436.7784,6/28/21,p,2021,06/22/2021 16:25 CDT,96981,31.85,55.43,2.21,9.865,419.46,101814.36
TWB14,Uvalde_2020_02,29.60214,-99.73007,436.7784,6/28/21,p,2021,06/22/2021 16:30 CDT,96971,31.7,54.83,2.305,9.865,558.02,101805.16
TWB14,Uvalde_2020_02,29.60214,-99.73007,436.7784,6/28/21,p,2021,06/22/2021 16:35 CDT,96964,31.74,54.73,1.95,9.865,537.8,101799.43
TWB14,Uvalde_2020_02,29.60214,-99.73007,436.7784,6/28/21,p,2021,06/22/2021 16:40 CDT,96953,31.7,56.24,2.205,9.865,569.41,101788.03
TWB14,Uvalde_2020_02,29.60214,-99.73007,436.7784,6/28/21,p,2021,06/22/2021 16:45 CDT,96941,32.08,51.6,1.7,9.865,525.46,101772.58
TWB14,Uvalde_2020_02,29.60214,-99.73007,436.7784,6/28/21,p,2021,06/22/2021 16:50 CDT,96939,32.24,52.2,1.58,9.865,538.8,101765.62
TWB14,Uvalde_2020_02,29.60214,-99.73007,436.7784,6/28/21,p,2021,06/22/2021 16:55 CDT,96937,32.48,51.4,1.565,9.865,572.29,101759.02
TWB14,Uvalde_2020_02,29.60214,-99.73007,436.7784,6/28/21,p,2021,06/22/2021 17:00 CDT,96932,32.7,51.63,2.15,9.865,547.63,101748.29
TWB14,Uvalde_2020_02,29.60214,-99.73007,436.7784,6/28/21,p,2021,06/22/2021 17:05 CDT,96933,32.23,52.07,3.015,9.865,505.96,101753.68
TWB14,Uvalde_2020_02,29.60214,-99.73007,436.7784,6/28/21,p,2021,06/22/2021 17:10 CDT,96928,32.11,53.79,2.45,9.865,421.57,101753.57
TWB14,Uvalde_2020_02,29.60214,-99.73007,436.7784,6/28/21,p,2021,06/22/2021 17:15 CDT,96921,31.87,54.05,2.455,9.865,387.16,101750.25
TWB14,Uvalde_2020_02,29.60214,-99.73007,436.7784,6/28/21,p,2021,06/22/2021 17:20 CDT,96915,31.95,52.44,2.03,9.865,244.14,101743.98
TWB14,Uvalde_2020_02,29.60214,-99.73007,436.7784,6/28/21,p,2021,06/22/2021 17:25 CDT,96914,31.68,55.1,2.545,9.865,204.01,101747.26
TWB14,Uvalde_2020_02,29.60214,-99.73007,436.7784,6/28/21,p,2021,06/22/2021 17:30 CDT,96904,31.51,52.98,2.195,9.865,187.7,101741.16
TWB14,Uvalde_2020_02,29.60214,-99.73007,436.7784,6/28/21,p,2021,06/22/2021 17:35 CDT,96901,31.37,54.59,1.91,9.865,196.53,101740.91
TWB14,Uvalde_2020_02,29.60214,-99.73007,436.7784,6/28/21,p,2021,06/22/2021 17:40 CDT,96900,31.42,56.54,1.91,9.865,214.32,101739.84
TWB14,Uvalde_2020_02,29.60214,-99.73007,436.7784,6/28/21,p,2021,06/22/2021 17:45 CDT,96899,31.37,54.66,2.36,9.865,229,101739.46
TWB14,Uvalde_2020_02,29.60214,-99.73007,436.7784,6/28/21,p,2021,06/22/2021 17:50 CDT,96894,31.45,51.13,2.95,9.865,439.55,101733.61
TWB14,Uvalde_2020_02,29.60214,-99.73007,436.7784,6/28/21,p,2021,06/22/2021 17:55 CDT,96887,31.7,52.55,2.395,9.865,414.85,101722.83
TWB14,Uvalde_2020_02,29.60214,-99.73007,436.7784,6/28/21,p,2021,06/22/2021 18:00 CDT,96888,31.89,52.18,2.06,9.865,319.71,101720.65
TWB14,Uvalde_2020_02,29.60214,-99.73007,436.7784,6/28/21,p,2021,06/22/2021 18:05 CDT,96890,31.89,51.87,2.395,9.865,367.73,101721.94
TWB14,Uvalde_2020_02,29.60214,-99.73007,436.7784,6/28/21,p,2021,06/22/2021 18:10 CDT,96892,31.77,52.85,2.78,9.865,184.94,101724.51
TWB14,Uvalde_2020_02,29.60214,-99.73007,436.7784,6/28/21,p,2021,06/22/2021 18:15 CDT,96894,31.41,54.5,2.48,9.865,265.36,101732.59
TWB14,Uvalde_2020_02,29.60214,-99.73007,436.7784,6/28/21,p,2021,06/22/2021 18:20 CDT,96900,31.44,53.53,2.735,9.865,304.44,101739.55
TWB14,Uvalde_2020_02,29.60214,-99.73007,436.7784,6/28/21,p,2021,06/22/2021 18:25 CDT,96899,31.53,53.53,2.78,9.865,318.25,101736.88
TWB14,Uvalde_2020_02,29.60214,-99.73007,436.7784,6/28/21,p,2021,06/22/2021 18:30 CDT,96905,31.5,53.32,3.19,9.865,276.96,101743.18
TWB14,Uvalde_2020_02,29.60214,-99.73007,436.7784,6/28/21,p,2021,06/22/2021 18:35 CDT,96908,31.22,54.84,2.52,9.065,113.67,101750.37
TWB14,Uvalde_2020_02,29.60214,-99.73007,436.7784,6/28/21,p,2021,06/22/2021 18:40 CDT,96909,30.74,56.46,3.3,9.065,98.72,101759.54
TWB14,Uvalde_2020_02,29.60214,-99.73007,436.7784,6/28/21,p,2021,06/22/2021 18:45 CDT,96908,30.54,56.73,2.71,9.065,114.16,101763.55
TWB14,Uvalde_2020_02,29.60214,-99.73007,436.7784,6/28/21,p,2021,06/22/2021 18:50 CDT,96911,30.77,55.25,2.79,9.065,259.3,101764.76
TWB14,Uvalde_2020_02,29.60214,-99.73007,436.7784,6/28/21,p,2021,06/22/2021 18:55 CDT,96910,30.96,55.79,3.285,9.065,230.22,101759.62
TWB14,Uvalde_2020_02,29.60214,-99.73007,436.7784,6/28/21,p,2021,06/22/2021 19:00 CDT,96914,30.89,55.96,2.875,8.065,158.85,101763.82
TWB14,Uvalde_2020_02,29.60214,-99.73007,436.7784,6/28/21,p,2021,06/22/2021 19:05 CDT,96918,30.88,55.8,3.36,8.065,201.32,101768.35
TWB14,Uvalde_2020_02,29.60214,-99.73007,436.7784,6/28/21,p,2021,06/22/2021 19:10 CDT,96919,30.83,57.82,3.37,8.065,158.33,101770.19
TWB14,Uvalde_2020_02,29.60214,-99.73007,436.7784,6/28/21,p,2021,06/22/2021 19:15 CDT,96921,30.42,58.96,3.94,8.735,112.92,101777.18
TWB14,Uvalde_2020_02,29.60214,-99.73007,436.7784,6/28/21,p,2021,06/22/2021 19:20 CDT,96930,30,60.98,3.35,8.4,54.73,101793.97
TWB14,Uvalde_2020_02,29.60214,-99.73007,436.7784,6/28/21,p,2021,06/22/2021 19:25 CDT,96932,29.63,61.62,3.43,8.4,42.94,101802.79
TWB14,Uvalde_2020_02,29.60214,-99.73007,436.7784,6/28/21,p,2021,06/22/2021 19:30 CDT,96929,29.39,62.53,3.385,8.4,62.88,101804.74
TWB14,Uvalde_2020_02,29.60214,-99.73007,436.7784,6/28/21,p,2021,06/22/2021 19:35 CDT,96921,29.35,62.56,3.135,8.4,81.32,101797.98
TWB14,Uvalde_2020_02,29.60214,-99.73007,436.7784,6/28/21,p,2021,06/22/2021 19:40 CDT,96923,29.41,62.03,3.55,8.4,91.44,101799.92
TWB14,Uvalde_2020_02,29.60214,-99.73007,436.7784,6/28/21,p,2021,06/22/2021 19:45 CDT,96931,29.4,62.13,3.59,8.4,78.04,101808.32
TWB14,Uvalde_2020_02,29.60214,-99.73007,436.7784,6/28/21,p,2021,06/22/2021 19:50 CDT,96931,29.29,62.97,2.72,8.4,60.39,101809.63
TWB14,Uvalde_2020_02,29.60214,-99.73007,436.7784,6/28/21,p,2021,06/22/2021 19:55 CDT,96932,29.15,63.82,2.675,8.4,52.57,101812.82
TWB14,Uvalde_2020_02,29.60214,-99.73007,436.7784,6/28/21,p,2021,06/22/2021 20:00 CDT,96926,29.04,63.89,2.72,8.4,45.93,101808.66
TWB14,Uvalde_2020_02,29.60214,-99.73007,436.7784,6/28/21,p,2021,06/22/2021 20:05 CDT,96927,28.94,64.83,1.785,8.4,35.28,101811.36
TWB14,Uvalde_2020_02,29.60214,-99.73007,436.7784,6/28/21,p,2021,06/22/2021 20:10 CDT,96935,28.85,63.96,2.305,8.4,29.57,101821.75
TWB14,Uvalde_2020_02,29.60214,-99.73007,436.7784,6/28/21,p,2021,06/22/2021 20:15 CDT,96935,28.83,64.02,2.52,8.4,26.78,101822.42
TWB14,Uvalde_2020_02,29.60214,-99.73007,436.7784,6/28/21,p,2021,06/22/2021 20:20 CDT,96928,28.74,64.43,2.035,8.4,20.31,101816.05
TWB14,Uvalde_2020_02,29.60214,-99.73007,436.7784,6/28/21,p,2021,06/22/2021 20:25 CDT,96929,28.6,65.44,1.385,8.4,14.94,101819.08
TWB14,Uvalde_2020_02,29.60214,-99.73007,436.7784,6/28/21,p,2021,06/22/2021 20:30 CDT,96931,28.46,65.24,1.68,8.4,10.47,101823.84
TWB14,Uvalde_2020_02,29.60214,-99.73007,436.7784,6/28/21,p,2021,06/22/2021 20:35 CDT,96933,28.35,66.53,1.525,8.4,7.15,101827.92
TWB14,Uvalde_2020_02,29.60214,-99.73007,436.7784,6/28/21,p,2021,06/22/2021 20:40 CDT,96939,28.26,66.46,1.665,8.4,4.16,101836.38
TWB14,Uvalde_2020_02,29.60214,-99.73007,436.7784,6/28/21,p,2021,06/22/2021 20:45 CDT,96943,28.14,66.93,1.37,8.4,2.93,101842.57
TWB14,Uvalde_2020_02,29.60214,-99.73007,436.7784,6/28/21,p,2021,06/22/2021 20:50 CDT,96945,27.95,67.54,1.495,8.4,1.63,101847.99
TWB14,Uvalde_2020_02,29.60214,-99.73007,436.7784,6/28/21,p,2021,06/22/2021 20:55 CDT,96946,27.84,67.61,1.53,8.4,0.55,101851.21
TWB14,Uvalde_2020_02,29.60214,-99.73007,436.7784,6/28/21,p,2021,06/22/2021 21:00 CDT,96957,27.81,67.55,1.775,8.4,0,101863.94
TWB14,Uvalde_2020_02,29.60214,-99.73007,436.7784,6/28/21,p,2021,06/22/2021 21:05 CDT,96964,27.8,67.34,1.92,8.4,0,101871.46
TWB14,Uvalde_2020_02,29.60214,-99.73007,436.7784,6/28/21,p,2021,06/22/2021 21:10 CDT,96967,27.77,67.89,1.75,8.4,0,101874.61
TWB14,Uvalde_2020_02,29.60214,-99.73007,436.7784,6/28/21,p,2021,06/22/2021 21:15 CDT,96975,27.63,68.46,1.48,8.4,0,101885.01
TWB14,Uvalde_2020_02,29.60214,-99.73007,436.7784,6/28/21,p,2021,06/22/2021 21:20 CDT,96987,27.52,69.51,1.05,8.4,0.04,101899.78
TWB14,Uvalde_2020_02,29.60214,-99.73007,436.7784,6/28/21,p,2021,06/22/2021 21:25 CDT,96997,27.36,70.19,0.77,8.4,0.36,101912.62
TWB14,Uvalde_2020_02,29.60214,-99.73007,436.7784,6/28/21,p,2021,06/22/2021 21:30 CDT,97009,27.21,70.79,1.195,8.4,0.05,101928.4
TWB14,Uvalde_2020_02,29.60214,-99.73007,436.7784,6/28/21,p,2021,06/22/2021 21:35 CDT,97013,27.09,71.2,1.06,8.4,0.05,101934.78
TWB14,Uvalde_2020_02,29.60214,-99.73007,436.7784,6/28/21,p,2021,06/22/2021 21:40 CDT,97022,26.96,71.87,0.915,8.4,0.13,101946.58
TWB14,Uvalde_2020_02,29.60214,-99.73007,436.7784,6/28/21,p,2021,06/22/2021 21:45 CDT,97024,26.85,72.75,1.175,8.4,0,101950.35
TWB14,Uvalde_2020_02,29.60214,-99.73007,436.7784,6/28/21,p,2021,06/22/2021 21:50 CDT,97025,26.76,73.19,1.13,8.4,0,101953.59
TWB14,Uvalde_2020_02,29.60214,-99.73007,436.7784,6/28/21,p,2021,06/22/2021 21:55 CDT,97026,26.71,73.29,1.345,8.4,0,101955.98
TWB14,Uvalde_2020_02,29.60214,-99.73007,436.7784,6/28/21,p,2021,06/22/2021 22:00 CDT,97033,26.74,73.29,1.665,8.4,0,101963.17
TWB14,Uvalde_2020_02,29.60214,-99.73007,436.7784,6/28/21,p,2021,06/22/2021 22:05 CDT,97044,26.78,73.03,1.67,8.4,0,101973.72
TWB14,Uvalde_2020_02,29.60214,-99.73007,436.7784,6/28/21,p,2021,06/22/2021 22:10 CDT,97051,26.78,73.26,1.49,8.4,0,101980.74
TWB14,Uvalde_2020_02,29.60214,-99.73007,436.7784,6/28/21,p,2021,06/22/2021 22:15 CDT,97058,26.69,73.64,1.145,8.4,0.05,101989.44
TWB14,Uvalde_2020_02,29.60214,-99.73007,436.7784,6/28/21,p,2021,06/22/2021 22:20 CDT,97068,26.59,74.48,0.975,8.4,0.21,102001.11
TWB14,Uvalde_2020_02,29.60214,-99.73007,436.7784,6/28/21,p,2021,06/22/2021 22:25 CDT,97076,26.43,74.51,1.095,8.4,0.04,102012.89
TWB14,Uvalde_2020_02,29.60214,-99.73007,436.7784,6/28/21,p,2021,06/22/2021 22:30 CDT,97085,26.38,75.39,0.68,8.4,0.38,102023.52
TWB14,Uvalde_2020_02,29.60214,-99.73007,436.7784,6/28/21,p,2021,06/22/2021 22:35 CDT,97094,26.22,75.86,0.42,8.4,0.61,102036.02
TWB14,Uvalde_2020_02,29.60214,-99.73007,436.7784,6/28/21,p,2021,06/22/2021 22:40 CDT,97103,26.05,76.57,0.515,8.4,0.45,102047.83
TWB14,Uvalde_2020_02,29.60214,-99.73007,436.7784,6/28/21,p,2021,06/22/2021 22:45 CDT,97112,25.95,77.04,1.025,8.4,0.02,102060
TWB14,Uvalde_2020_02,29.60214,-99.73007,436.7784,6/28/21,p,2021,06/22/2021 22:50 CDT,97115,25.9,76.41,1.21,8.4,0,102064.51
TWB14,Uvalde_2020_02,29.60214,-99.73007,436.7784,6/28/21,p,2021,06/22/2021 22:55 CDT,97119,26.07,75.2,1.61,8.4,0,102067.03
TWB14,Uvalde_2020_02,29.60214,-99.73007,436.7784,6/28/21,p,2021,06/22/2021 23:00 CDT,97130,26.17,74.79,1.705,8.4,0,102076.06
TWB14,Uvalde_2020_02,29.60214,-99.73007,436.7784,6/28/21,p,2021,06/22/2021 23:05 CDT,97134,26.19,74.32,1.725,8.4,0,102079.25
TWB14,Uvalde_2020_02,29.60214,-99.73007,436.7784,6/28/21,p,2021,06/22/2021 23:10 CDT,97134,26.21,73.92,1.65,8.4,0,102078.75
TWB14,Uvalde_2020_02,29.60214,-99.73007,436.7784,6/28/21,p,2021,06/22/2021 23:15 CDT,97144,26.19,74.39,1.33,8.4,0,102089.08
TWB14,Uvalde_2020_02,29.60214,-99.73007,436.7784,6/28/21,p,2021,06/22/2021 23:20 CDT,97145,26.1,75.13,0.985,8.4,0.08,102090.97
TWB14,Uvalde_2020_02,29.60214,-99.73007,436.7784,6/28/21,p,2021,06/22/2021 23:25 CDT,97145,25.98,75.84,1.2,8.4,0.04,102092.83
TWB14,Uvalde_2020_02,29.60214,-99.73007,436.7784,6/28/21,p,2021,06/22/2021 23:30 CDT,97152,25.91,76.18,1.245,8.4,0.01,102101.53
TWB14,Uvalde_2020_02,29.60214,-99.73007,436.7784,6/28/21,p,2021,06/22/2021 23:35 CDT,97151,25.85,77.02,0.88,8.4,0.03,102101.15
TWB14,Uvalde_2020_02,29.60214,-99.73007,436.7784,6/28/21,p,2021,06/22/2021 23:40 CDT,97145,25.81,77.35,1.32,8.4,0,102095.69
TWB14,Uvalde_2020_02,29.60214,-99.73007,436.7784,6/28/21,p,2021,06/22/2021 23:45 CDT,97158,25.78,77.69,1.3,8.4,0,102110.03
TWB14,Uvalde_2020_02,29.60214,-99.73007,436.7784,6/28/21,p,2021,06/22/2021 23:50 CDT,97165,25.76,77.99,1.26,8.4,0,102117.21
TWB14,Uvalde_2020_02,29.60214,-99.73007,436.7784,6/28/21,p,2021,06/22/2021 23:55 CDT,97170,25.62,78.74,0.96,8.4,0.08,102124.5
TWB14,Uvalde_2020_02,29.60214,-99.73007,436.7784,6/28/21,p,2021,06/23/2021 00:00 CDT,97172,25.53,79.11,1,8.4,0.03,102128.46
TWB14,Uvalde_2020_02,29.60214,-99.73007,436.7784,6/28/21,p,2021,06/23/2021 00:05 CDT,97179,25.39,80.1,0.63,8.4,0.38,102137.68
TWB14,Uvalde_2020_02,29.60214,-99.73007,436.7784,6/28/21,p,2021,06/23/2021 00:10 CDT,97184,25.28,81.3,1.165,8.4,0.12,102145.48
TWB14,Uvalde_2020_02,29.60214,-99.73007,436.7784,6/28/21,p,2021,06/23/2021 00:15 CDT,97185,25.2,81.5,1.23,8.4,0,102148.23
TWB14,Uvalde_2020_02,29.60214,-99.73007,436.7784,6/28/21,p,2021,06/23/2021 00:20 CDT,97185,25.2,81.5,1.355,8.4,0,102148.23
TWB14,Uvalde_2020_02,29.60214,-99.73007,436.7784,6/28/21,p,2021,06/23/2021 00:25 CDT,97190,25.24,81.3,1.945,8.4,0,102153.15
TWB14,Uvalde_2020_02,29.60214,-99.73007,436.7784,6/28/21,p,2021,06/23/2021 00:30 CDT,97195,25.31,81.1,1.775,8.4,0,102156.7
TWB14,Uvalde_2020_02,29.60214,-99.73007,436.7784,6/28/21,p,2021,06/23/2021 00:35 CDT,97197,25.36,79.85,2.01,8.4,0,102157.79
TWB14,Uvalde_2020_02,29.60214,-99.73007,436.7784,6/28/21,p,2021,06/23/2021 00:40 CDT,97198,25.46,78.84,1.98,8.4,0,102156.64
TWB14,Uvalde_2020_02,29.60214,-99.73007,436.7784,6/28/21,p,2021,06/23/2021 00:45 CDT,97191,25.53,77.97,1.88,8.4,0,102147.93
TWB14,Uvalde_2020_02,29.60214,-99.73007,436.7784,6/28/21,p,2021,06/23/2021 00:50 CDT,97188,25.57,78.03,1.88,8.4,0,102143.59
TWB14,Uvalde_2020_02,29.60214,-99.73007,436.7784,6/28/21,p,2021,06/23/2021 00:55 CDT,97187,25.58,77.96,2.015,8.4,0,102142.2
TWB14,Uvalde_2020_02,29.60214,-99.73007,436.7784,6/28/21,p,2021,06/23/2021 01:00 CDT,97186,25.58,78.37,1.675,8.4,0,102140.64
TWB14,Uvalde_2020_02,29.60214,-99.73007,436.7784,6/28/21,p,2021,06/23/2021 01:05 CDT,97181,25.54,78.3,1.81,8.4,0,102136.06
TWB14,Uvalde_2020_02,29.60214,-99.73007,436.7784,6/28/21,p,2021,06/23/2021 01:10 CDT,97172,25.56,78.16,2.2,8.4,0,102126.44
TWB14,Uvalde_2020_02,29.60214,-99.73007,436.7784,6/28/21,p,2021,06/23/2021 01:15 CDT,97167,25.55,78.43,1.97,8.4,0,102120.84
TWB14,Uvalde_2020_02,29.60214,-99.73007,436.7784,6/28/21,p,2021,06/23/2021 01:20 CDT,97154,25.47,79.17,2.035,8.4,0.32,102108.19
TWB14,Uvalde_2020_02,29.60214,-99.73007,436.7784,6/28/21,p,2021,06/23/2021 01:25 CDT,97146,25.37,79.98,2.075,8.4,0.56,102101.3
TWB14,Uvalde_2020_02,29.60214,-99.73007,436.7784,6/28/21,p,2021,06/23/2021 01:30 CDT,97145,25.2,81,1.76,8.4,0.62,102102.96
TWB14,Uvalde_2020_02,29.60214,-99.73007,436.7784,6/28/21,p,2021,06/23/2021 01:35 CDT,97143,25.06,81.9,1.63,8.4,0.39,102103.4
TWB14,Uvalde_2020_02,29.60214,-99.73007,436.7784,6/28/21,p,2021,06/23/2021 01:40 CDT,97143,24.91,82.6,1.675,8.4,0.1,102106.29
TWB14,Uvalde_2020_02,29.60214,-99.73007,436.7784,6/28/21,p,2021,06/23/2021 01:45 CDT,97138,24.82,83.4,1.57,8.4,0,102102.39
TWB14,Uvalde_2020_02,29.60214,-99.73007,436.7784,6/28/21,p,2021,06/23/2021 01:50 CDT,97131,24.72,84.1,1.335,8.4,0.02,102096.9
TWB14,Uvalde_2020_02,29.60214,-99.73007,436.7784,6/28/21,p,2021,06/23/2021 01:55 CDT,97131,24.6,84.7,1.21,8.4,0.02,102099.11
TWB14,Uvalde_2020_02,29.60214,-99.73007,436.7784,6/28/21,p,2021,06/23/2021 02:00 CDT,97132,24.54,85.2,1.13,8.4,0,102101.01
TWB14,Uvalde_2020_02,29.60214,-99.73007,436.7784,6/28/21,p,2021,06/23/2021 02:05 CDT,97130,24.45,85.8,1.125,8.4,0,102100.44
TWB14,Uvalde_2020_02,29.60214,-99.73007,436.7784,6/28/21,p,2021,06/23/2021 02:10 CDT,97127,24.37,86.3,1.155,8.4,0,102099
TWB14,Uvalde_2020_02,29.60214,-99.73007,436.7784,6/28/21,p,2021,06/23/2021 02:15 CDT,97118,24.29,86.7,0.97,8.4,0,102090.73
TWB14,Uvalde_2020_02,29.60214,-99.73007,436.7784,6/28/21,p,2021,06/23/2021 02:20 CDT,97110,24.23,87.3,1.02,8.4,0,102083.34
TWB14,Uvalde_2020_02,29.60214,-99.73007,436.7784,6/28/21,p,2021,06/23/2021 02:25 CDT,97098,24.18,87.5,1.265,8.4,0,102071.75
TWB14,Uvalde_2020_02,29.60214,-99.73007,436.7784,6/28/21,p,2021,06/23/2021 02:30 CDT,97091,24.13,87.7,1.015,8.4,0,102065.25
TWB14,Uvalde_2020_02,29.60214,-99.73007,436.7784,6/28/21,p,2021,06/23/2021 02:35 CDT,97092,24.1,88,1.18,8.4,0,102066.81
TWB14,Uvalde_2020_02,29.60214,-99.73007,436.7784,6/28/21,p,2021,06/23/2021 02:40 CDT,97091,24.06,88.3,1.245,8.4,0,102066.61
TWB14,Uvalde_2020_02,29.60214,-99.73007,436.7784,6/28/21,p,2021,06/23/2021 02:45 CDT,97082,23.99,88.6,0.82,8.4,0,102058.01
TWB14,Uvalde_2020_02,29.60214,-99.73007,436.7784,6/28/21,p,2021,06/23/2021 02:50 CDT,97076,23.89,88.8,0.415,8.4,0.13,102052.55
TWB14,Uvalde_2020_02,29.60214,-99.73007,436.7784,6/28/21,p,2021,06/23/2021 02:55 CDT,97071,23.76,89.4,0.405,8.4,0.42,102049.69
TWB14,Uvalde_2020_02,29.60214,-99.73007,436.7784,6/28/21,p,2021,06/23/2021 03:00 CDT,97071,23.65,89.8,0.395,8.4,0.41,102052.09
TWB14,Uvalde_2020_02,29.60214,-99.73007,436.7784,6/28/21,p,2021,06/23/2021 03:05 CDT,97071,23.52,89.9,0.075,8.4,1.08,102054.67
TWB14,Uvalde_2020_02,29.60214,-99.73007,436.7784,6/28/21,p,2021,06/23/2021 03:10 CDT,97073,23.43,90.5,0.17,8.4,0.95,102058.31
TWB14,Uvalde_2020_02,29.60214,-99.73007,436.7784,6/28/21,p,2021,06/23/2021 03:15 CDT,97072,23.32,91.3,0.35,8.4,0,102059.49
TWB14,Uvalde_2020_02,29.60214,-99.73007,436.7784,6/28/21,p,2021,06/23/2021 03:20 CDT,97062,23.28,92.1,0.325,8.4,0,102050.35
TWB14,Uvalde_2020_02,29.60214,-99.73007,436.7784,6/28/21,p,2021,06/23/2021 03:25 CDT,97055,23.32,92.3,0.66,8.4,0,102042.82
TWB14,Uvalde_2020_02,29.60214,-99.73007,436.7784,6/28/21,p,2021,06/23/2021 03:30 CDT,97049,23.39,92.3,0.805,8.4,0,102034.96
TWB14,Uvalde_2020_02,29.60214,-99.73007,436.7784,6/28/21,p,2021,06/23/2021 03:35 CDT,97048,23.46,91.8,0.9,8.4,0,102032.36
TWB14,Uvalde_2020_02,29.60214,-99.73007,436.7784,6/28/21,p,2021,06/23/2021 03:40 CDT,97050,23.49,91.7,0.78,8.4,0,102033.61
TWB14,Uvalde_2020_02,29.60214,-99.73007,436.7784,6/28/21,p,2021,06/23/2021 03:45 CDT,97050,23.55,91.5,0.665,8.4,0,102032.75
TWB14,Uvalde_2020_02,29.60214,-99.73007,436.7784,6/28/21,p,2021,06/23/2021 03:50 CDT,97048,23.57,91.2,0.8,8.4,0,102029.96
TWB14,Uvalde_2020_02,29.60214,-99.73007,436.7784,6/28/21,p,2021,06/23/2021 03:55 CDT,97046,23.57,91.1,0.565,8.4,0.07,102027.52
TWB14,Uvalde_2020_02,29.60214,-99.73007,436.7784,6/28/21,p,2021,06/23/2021 04:00 CDT,97042,23.52,91.3,0.6,8.4,0.17,102024
TWB14,Uvalde_2020_02,29.60214,-99.73007,436.7784,6/28/21,p,2021,06/23/2021 04:05 CDT,97036,23.44,91.5,0.795,8.4,0.11,102018.89
TWB14,Uvalde_2020_02,29.60214,-99.73007,436.7784,6/28/21,p,2021,06/23/2021 04:10 CDT,97035,23.36,91.7,0.61,8.4,0.34,102019.21
TWB14,Uvalde_2020_02,29.60214,-99.73007,436.7784,6/28/21,p,2021,06/23/2021 04:15 CDT,97046,23.23,92.1,0.66,8.4,0.58,102033.36
TWB14,Uvalde_2020_02,29.60214,-99.73007,436.7784,6/28/21,p,2021,06/23/2021 04:20 CDT,97049,23.13,92.7,0.55,8.4,0.14,102038.4
TWB14,Uvalde_2020_02,29.60214,-99.73007,436.7784,6/28/21,p,2021,06/23/2021 04:25 CDT,97049,23.07,93.2,0.8,8.4,0,102039.77
TWB14,Uvalde_2020_02,29.60214,-99.73007,436.7784,6/28/21,p,2021,06/23/2021 04:30 CDT,97049,23.07,93.6,0.7,8.4,0,102039.77
TWB14,Uvalde_2020_02,29.60214,-99.73007,436.7784,6/28/21,p,2021,06/23/2021 04:35 CDT,97049,23.12,93.6,0.34,8.4,0,102039.08
TWB14,Uvalde_2020_02,29.60214,-99.73007,436.7784,6/28/21,p,2021,06/23/2021 04:40 CDT,97049,23.2,93.8,0.62,8.4,0,102037.87
TWB14,Uvalde_2020_02,29.60214,-99.73007,436.7784,6/28/21,p,2021,06/23/2021 04:45 CDT,97047,23.32,93.8,0.925,8.4,0,102034.22
TWB14,Uvalde_2020_02,29.60214,-99.73007,436.7784,6/28/21,p,2021,06/23/2021 04:50 CDT,97048,23.43,93.4,1.31,8.4,0,102033.04
TWB14,Uvalde_2020_02,29.60214,-99.73007,436.7784,6/28/21,p,2021,06/23/2021 04:55 CDT,97048,23.5,93.1,1.135,8.4,0,102031.49
TWB14,Uvalde_2020_02,29.60214,-99.73007,436.7784,6/28/21,p,2021,06/23/2021 05:00 CDT,97048,23.5,92.7,0.905,8.4,0,102030.98
TWB14,Uvalde_2020_02,29.60214,-99.73007,436.7784,6/28/21,p,2021,06/23/2021 05:05 CDT,97048,23.47,92.7,0.985,8.4,0,102030.81
TWB14,Uvalde_2020_02,29.60214,-99.73007,436.7784,6/28/21,p,2021,06/23/2021 05:10 CDT,97047,23.45,92.6,0.575,8.4,0,102029.76
TWB14,Uvalde_2020_02,29.60214,-99.73007,436.7784,6/28/21,p,2021,06/23/2021 05:15 CDT,97048,23.43,92.8,0.525,8.4,0,102031.32
TWB14,Uvalde_2020_02,29.60214,-99.73007,436.7784,6/28/21,p,2021,06/23/2021 05:20 CDT,97048,23.47,92.9,0.65,8.4,0,102030.64
TWB14,Uvalde_2020_02,29.60214,-99.73007,436.7784,6/28/21,p,2021,06/23/2021 05:25 CDT,97048,23.51,92.8,0.47,8.4,0,102030.12
TWB14,Uvalde_2020_02,29.60214,-99.73007,436.7784,6/28/21,p,2021,06/23/2021 05:30 CDT,97048,23.54,92.8,0.16,8.4,0,102029.61
TWB14,Uvalde_2020_02,29.60214,-99.73007,436.7784,6/28/21,p,2021,06/23/2021 05:35 CDT,97047,23.54,93,0.28,8.4,0,102028.38
TWB14,Uvalde_2020_02,29.60214,-99.73007,436.7784,6/28/21,p,2021,06/23/2021 05:40 CDT,97045,23.55,93.1,0.475,8.4,0,102026.11
TWB14,Uvalde_2020_02,29.60214,-99.73007,436.7784,6/28/21,p,2021,06/23/2021 05:45 CDT,97047,23.59,93.2,0.52,8.4,0,102027.52
TWB14,Uvalde_2020_02,29.60214,-99.73007,436.7784,6/28/21,p,2021,06/23/2021 05:50 CDT,97047,23.63,93.2,0.405,8.4,0,102026.83
TWB14,Uvalde_2020_02,29.60214,-99.73007,436.7784,6/28/21,p,2021,06/23/2021 05:55 CDT,97049,23.67,93,0.94,8.4,0,102028.25
TWB14,Uvalde_2020_02,29.60214,-99.73007,436.7784,6/28/21,p,2021,06/23/2021 06:00 CDT,97051,23.71,93.1,0.69,8.4,0,102030.01
TWB14,Uvalde_2020_02,29.60214,-99.73007,436.7784,6/28/21,p,2021,06/23/2021 06:05 CDT,97054,23.73,92.9,0.505,8.4,0,102032.82
TWB14,Uvalde_2020_02,29.60214,-99.73007,436.7784,6/28/21,p,2021,06/23/2021 06:10 CDT,97061,23.77,92.9,0.88,8.4,0,102039.67
TWB14,Uvalde_2020_02,29.60214,-99.73007,436.7784,6/28/21,p,2021,06/23/2021 06:15 CDT,97064,23.81,92.9,0.215,8.4,0,102042.13
TWB14,Uvalde_2020_02,29.60214,-99.73007,436.7784,6/28/21,p,2021,06/23/2021 06:20 CDT,97074,23.83,92.9,0.555,8.4,0,102051.96
TWB14,Uvalde_2020_02,29.60214,-99.73007,436.7784,6/28/21,p,2021,06/23/2021 06:25 CDT,97085,23.85,92.9,0.49,8.4,0,102063.18
TWB14,Uvalde_2020_02,29.60214,-99.73007,436.7784,6/28/21,p,2021,06/23/2021 06:30 CDT,97090,23.87,92.9,0.76,8.4,0,102067.92
TWB14,Uvalde_2020_02,29.60214,-99.73007,436.7784,6/28/21,p,2021,06/23/2021 06:35 CDT,97097,23.89,92.8,1.045,8.4,0.03,102074.94
TWB14,Uvalde_2020_02,29.60214,-99.73007,436.7784,6/28/21,p,2021,06/23/2021 06:40 CDT,97102,23.92,92.7,1.23,8.4,0.05,102080.03
TWB14,Uvalde_2020_02,29.60214,-99.73007,436.7784,6/28/21,p,2021,06/23/2021 06:45 CDT,97101,23.97,92.5,1.245,8.4,0.34,102078.12
TWB14,Uvalde_2020_02,29.60214,-99.73007,436.7784,6/28/21,p,2021,06/23/2021 06:50 CDT,97106,24,92.2,1.275,8.4,1.86,102083.04
TWB14,Uvalde_2020_02,29.60214,-99.73007,436.7784,6/28/21,p,2021,06/23/2021 06:55 CDT,97116,24.05,91.9,1.46,8.4,3.45,102093.04
TWB14,Uvalde_2020_02,29.60214,-99.73007,436.7784,6/28/21,p,2021,06/23/2021 07:00 CDT,97114,24.08,91.5,1.28,8.4,4.65,102090.59
TWB14,Uvalde_2020_02,29.60214,-99.73007,436.7784,6/28/21,p,2021,06/23/2021 07:05 CDT,97111,24.13,91.3,1.9,8.4,5,102086.59
TWB14,Uvalde_2020_02,29.60214,-99.73007,436.7784,6/28/21,p,2021,06/23/2021 07:10 CDT,97116,24.19,91.2,1.48,8.4,6.39,102090.81
TWB14,Uvalde_2020_02,29.60214,-99.73007,436.7784,6/28/21,p,2021,06/23/2021 07:15 CDT,97123,24.22,91.1,1.595,8.4,11.92,102097.32
TWB14,Uvalde_2020_02,29.60214,-99.73007,436.7784,6/28/21,p,2021,06/23/2021 07:20 CDT,97124,24.26,91.1,1.58,8.4,8.51,102097.68
TWB14,Uvalde_2020_02,29.60214,-99.73007,436.7784,6/28/21,p,2021,06/23/2021 07:25 CDT,97124,24.28,91,1.605,8.4,15.96,102097
TWB14,Uvalde_2020_02,29.60214,-99.73007,436.7784,6/28/21,p,2021,06/23/2021 07:30 CDT,97127,24.33,90.6,2,8.4,32.32,102099.82
TWB14,Uvalde_2020_02,29.60214,-99.73007,436.7784,6/28/21,p,2021,06/23/2021 07:35 CDT,97135,24.43,90.1,2.15,8.4,43.73,102106.69
TWB14,Uvalde_2020_02,29.60214,-99.73007,436.7784,6/28/21,p,2021,06/23/2021 07:40 CDT,97135,24.5,89.8,2.01,8.4,36.15,102104.98
TWB14,Uvalde_2020_02,29.60214,-99.73007,436.7784,6/28/21,p,2021,06/23/2021 07:45 CDT,97141,24.52,89.4,1.845,8.4,44.05,102110.78
TWB14,Uvalde_2020_02,29.60214,-99.73007,436.7784,6/28/21,p,2021,06/23/2021 07:50 CDT,97145,24.59,89.1,1.94,8.4,69.48,102113.96
TWB14,Uvalde_2020_02,29.60214,-99.73007,436.7784,6/28/21,p,2021,06/23/2021 07:55 CDT,97145,24.72,88.1,2.025,8.4,98.2,102111.75
TWB14,Uvalde_2020_02,29.60214,-99.73007,436.7784,6/28/21,p,2021,06/23/2021 08:00 CDT,97145,24.84,87.9,2.03,8.4,94.82,102109.71
TWB14,Uvalde_2020_02,29.60214,-99.73007,436.7784,6/28/21,p,2021,06/23/2021 08:05 CDT,97145,24.93,87.1,2.21,8.4,111.64,102107.5
TWB14,Uvalde_2020_02,29.60214,-99.73007,436.7784,6/28/21,p,2021,06/23/2021 08:10 CDT,97145,25.03,85.9,2.06,8.4,105.67,102105.81
TWB14,Uvalde_2020_02,29.60214,-99.73007,436.7784,6/28/21,p,2021,06/23/2021 08:15 CDT,97146,25.04,86.1,1.98,8.4,68.2,102105.84
TWB14,Uvalde_2020_02,29.60214,-99.73007,436.7784,6/28/21,p,2021,06/23/2021 08:20 CDT,97146,25.01,86.3,1.845,8.4,106.8,102106.17
TWB14,Uvalde_2020_02,29.60214,-99.73007,436.7784,6/28/21,p,2021,06/23/2021 08:25 CDT,97149,25.21,85.4,1.88,8.4,168.66,102107.29
TWB14,Uvalde_2020_02,29.60214,-99.73007,436.7784,6/28/21,p,2021,06/23/2021 08:30 CDT,97158,25.24,85,1.87,8.4,87.31,102115.23
TWB14,Uvalde_2020_02,29.60214,-99.73007,436.7784,6/28/21,p,2021,06/23/2021 08:35 CDT,97169,25.17,85.5,2.2,8.4,78.15,102127.29
TWB14,Uvalde_2020_02,29.60214,-99.73007,436.7784,6/28/21,p,2021,06/23/2021 08:40 CDT,97172,25.22,84.8,1.99,8.4,120.49,102130.28
TWB14,Uvalde_2020_02,29.60214,-99.73007,436.7784,6/28/21,p,2021,06/23/2021 08:45 CDT,97182,25.34,84.9,2.24,8.4,124.58,102138.92
TWB14,Uvalde_2020_02,29.60214,-99.73007,436.7784,6/28/21,p,2021,06/23/2021 08:50 CDT,97192,25.42,84,2.02,8.4,113.98,102147.91
TWB14,Uvalde_2020_02,29.60214,-99.73007,436.7784,6/28/21,p,2021,06/23/2021 08:55 CDT,97194,25.52,83.4,2.05,8.4,129.99,102148.32
TWB14,Uvalde_2020_02,29.60214,-99.73007,436.7784,6/28/21,p,2021,06/23/2021 09:00 CDT,97194,25.69,81.3,2.89,8.4,241.98,102146.14
TWB14,Uvalde_2020_02,29.60214,-99.73007,436.7784,6/28/21,p,2021,06/23/2021 09:05 CDT,97200,26.17,77.78,2.635,8.4,298.17,102144.69
TWB14,Uvalde_2020_02,29.60214,-99.73007,436.7784,6/28/21,p,2021,06/23/2021 09:10 CDT,97215,26.08,77.88,3,8.4,119.93,102158.26
TWB14,Uvalde_2020_02,29.60214,-99.73007,436.7784,6/28/21,p,2021,06/23/2021 09:15 CDT,97224,25.6,80.4,3.225,8.4,70.04,102175.47
TWB14,Uvalde_2020_02,29.60214,-99.73007,436.7784,6/28/21,p,2021,06/23/2021 09:20 CDT,97229,25.3,81.4,2.91,8.4,56.25,102186.82
TWB14,Uvalde_2020_02,29.60214,-99.73007,436.7784,6/28/21,p,2021,06/23/2021 09:25 CDT,97232,25.26,81.1,1.995,8.4,222.47,102192.87
TWB14,Uvalde_2020_02,29.60214,-99.73007,436.7784,6/28/21,p,2021,06/23/2021 09:30 CDT,97235,25.87,77.64,2.51,8.4,378.62,102187.56
TWB14,Uvalde_2020_02,29.60214,-99.73007,436.7784,6/28/21,p,2021,06/23/2021 09:35 CDT,97241,26.19,76.26,3.28,8.4,385.76,102185.76
TWB14,Uvalde_2020_02,29.60214,-99.73007,436.7784,6/28/21,p,2021,06/23/2021 09:40 CDT,97236,26.38,75.04,3.1,8.4,370.82,102176.81
TWB14,Uvalde_2020_02,29.60214,-99.73007,436.7784,6/28/21,p,2021,06/23/2021 09:45 CDT,97224,26.47,72.95,3.69,8.4,498.41,102162.02
TWB14,Uvalde_2020_02,29.60214,-99.73007,436.7784,6/28/21,p,2021,06/23/2021 09:50 CDT,97215,26.75,72.14,3.625,8.4,502.04,102148.87
TWB14,Uvalde_2020_02,29.60214,-99.73007,436.7784,6/28/21,p,2021,06/23/2021 09:55 CDT,97219,27.17,72.34,3.2,8.4,367.99,102145.51
TWB14,Uvalde_2020_02,29.60214,-99.73007,436.7784,6/28/21,p,2021,06/23/2021 10:00 CDT,97223,26.97,72.44,2.475,8.4,341.39,102151.39
TWB14,Uvalde_2020_02,29.60214,-99.73007,436.7784,6/28/21,p,2021,06/23/2021 10:05 CDT,97225,27.22,72.71,2.86,8.4,476.22,102150.14
TWB14,Uvalde_2020_02,29.60214,-99.73007,436.7784,6/28/21,p,2021,06/23/2021 10:10 CDT,97218,27.26,73.01,2.87,8.4,464.95,102141.94
TWB14,Uvalde_2020_02,29.60214,-99.73007,436.7784,6/28/21,p,2021,06/23/2021 10:15 CDT,97223,27.57,68.93,3.07,8.4,389.03,102141.21
TWB14,Uvalde_2020_02,29.60214,-99.73007,436.7784,6/28/21,p,2021,06/23/2021 10:20 CDT,97223,27.47,70.35,3.195,8.4,598.06,102141.53
TWB14,Uvalde_2020_02,29.60214,-99.73007,436.7784,6/28/21,p,2021,06/23/2021 10:25 CDT,97218,27.84,70.71,2.565,8.4,521.53,102130.77
TWB14,Uvalde_2020_02,29.60214,-99.73007,436.7784,6/28/21,p,2021,06/23/2021 10:30 CDT,97220,28.02,66.3,3.35,8.4,624.7,102129.74
TWB14,Uvalde_2020_02,29.60214,-99.73007,436.7784,6/28/21,p,2021,06/23/2021 10:35 CDT,97220,28.09,65.82,3.77,8.4,654.01,102126.92
TWB14,Uvalde_2020_02,29.60214,-99.73007,436.7784,6/28/21,p,2021,06/23/2021 10:40 CDT,97224,28.07,68.28,3.55,8.4,402.14,102130.1
TWB14,Uvalde_2020_02,29.60214,-99.73007,436.7784,6/28/21,p,2021,06/23/2021 10:45 CDT,97228,27.87,67.97,3.15,8.4,512.88,102139.63
TWB14,Uvalde_2020_02,29.60214,-99.73007,436.7784,6/28/21,p,2021,06/23/2021 10:50 CDT,97227,28.07,67.67,2.525,8.4,300.68,102134.75
TWB14,Uvalde_2020_02,29.60214,-99.73007,436.7784,6/28/21,p,2021,06/23/2021 10:55 CDT,97225,27.6,71.2,3.25,8.4,218.2,102139.62
TWB14,Uvalde_2020_02,29.60214,-99.73007,436.7784,6/28/21,p,2021,06/23/2021 11:00 CDT,97226,27.41,72.64,2.48,8.4,231.52,102146
TWB14,Uvalde_2020_02,29.60214,-99.73007,436.7784,6/28/21,p,2021,06/23/2021 11:05 CDT,97223,27.66,68.03,2.505,8.4,521.6,102141.22
TWB14,Uvalde_2020_02,29.60214,-99.73007,436.7784,6/28/21,p,2021,06/23/2021 11:10 CDT,97225,28.19,67.46,3.225,8.4,585.59,102133.49
TWB14,Uvalde_2020_02,29.60214,-99.73007,436.7784,6/28/21,p,2021,06/23/2021 11:15 CDT,97224,28.46,67.66,3.215,8.4,655.41,102126.78
TWB14,Uvalde_2020_02,29.60214,-99.73007,436.7784,6/28/21,p,2021,06/23/2021 11:20 CDT,97222,28.68,65.3,3.08,8.4,649.35,102120.06
TWB14,Uvalde_2020_02,29.60214,-99.73007,436.7784,6/28/21,p,2021,06/23/2021 11:25 CDT,97222,28.92,64.8,2.96,8.4,688.96,102115.1
TWB14,Uvalde_2020_02,29.60214,-99.73007,436.7784,6/28/21,p,2021,06/23/2021 11:30 CDT,97222,28.96,65.17,3.07,8.4,536.86,102114.27
TWB14,Uvalde_2020_02,29.60214,-99.73007,436.7784,6/28/21,p,2021,06/23/2021 11:35 CDT,97223,28.89,63.69,3.05,8.4,537.57,102116.49
TWB14,Uvalde_2020_02,29.60214,-99.73007,436.7784,6/28/21,p,2021,06/23/2021 11:40 CDT,97222,28.74,64.02,3.245,8.4,329.17,102118.08
TWB14,Uvalde_2020_02,29.60214,-99.73007,436.7784,6/28/21,p,2021,06/23/2021 11:45 CDT,97220,28.82,64.12,2.755,8.4,708.16,102116.65
TWB14,Uvalde_2020_02,29.60214,-99.73007,436.7784,6/28/21,p,2021,06/23/2021 11:50 CDT,97217,29.38,64.93,3.055,8.4,717.66,102103.57
TWB14,Uvalde_2020_02,29.60214,-99.73007,436.7784,6/28/21,p,2021,06/23/2021 11:55 CDT,97219,29.45,62.13,3.585,8.4,702.5,102102.56
TWB14,Uvalde_2020_02,29.60214,-99.73007,436.7784,6/28/21,p,2021,06/23/2021 12:00 CDT,97217,29.81,61.83,2.835,8.4,626.93,102095.2
TWB14,Uvalde_2020_02,29.60214,-99.73007,436.7784,6/28/21,p,2021,06/23/2021 12:05 CDT,97215,29.98,59.6,2.805,8.485,783.19,102090.99
TWB14,Uvalde_2020_02,29.60214,-99.73007,436.7784,6/28/21,p,2021,06/23/2021 12:10 CDT,97216,29.9,60.24,3.835,8.485,453.74,102090.55
TWB14,Uvalde_2020_02,29.60214,-99.73007,436.7784,6/28/21,p,2021,06/23/2021 12:15 CDT,97216,29.43,61.79,2.5,8.485,307.86,102098.92
TWB14,Uvalde_2020_02,29.60214,-99.73007,436.7784,6/28/21,p,2021,06/23/2021 12:20 CDT,97220,29.28,63.68,3.63,8.485,232.23,102107.56
TWB14,Uvalde_2020_02,29.60214,-99.73007,436.7784,6/28/21,p,2021,06/23/2021 12:25 CDT,97226,29.29,62.6,2.6,8.485,672.53,102115.85
TWB14,Uvalde_2020_02,29.60214,-99.73007,436.7784,6/28/21,p,2021,06/23/2021 12:30 CDT,97215,29.96,61.45,3.125,8.485,590.45,102093.76
TWB14,Uvalde_2020_02,29.60214,-99.73007,436.7784,6/28/21,p,2021,06/23/2021 12:35 CDT,97215,29.59,61.92,3.34,8.485,469.18,102096.55
TWB14,Uvalde_2020_02,29.60214,-99.73007,436.7784,6/28/21,p,2021,06/23/2021 12:40 CDT,97213,29.96,60.98,2.785,8.485,760.85,102091.5
TWB14,Uvalde_2020_02,29.60214,-99.73007,436.7784,6/28/21,p,2021,06/23/2021 12:45 CDT,97209,30.29,60.1,2.74,8.485,744.04,102080.09
TWB14,Uvalde_2020_02,29.60214,-99.73007,436.7784,6/28/21,p,2021,06/23/2021 12:50 CDT,97201,30.7,58.79,2.085,8.485,469.47,102064.5
TWB14,Uvalde_2020_02,29.60214,-99.73007,436.7784,6/28/21,p,2021,06/23/2021 12:55 CDT,97199,30.89,58.29,2.95,8.485,790.22,102059.63
TWB14,Uvalde_2020_02,29.60214,-99.73007,436.7784,6/28/21,p,2021,06/23/2021 13:00 CDT,97207,30.85,56.74,3.845,8.485,745.6,102065.92
TWB14,Uvalde_2020_02,29.60214,-99.73007,436.7784,6/28/21,p,2021,06/23/2021 13:05 CDT,97202,30.9,57.45,3.185,8.485,612.58,102060.5
TWB14,Uvalde_2020_02,29.60214,-99.73007,436.7784,6/28/21,p,2021,06/23/2021 13:10 CDT,97193,30.54,58.22,2.965,8.485,815.07,102056.43
TWB14,Uvalde_2020_02,29.60214,-99.73007,436.7784,6/28/21,p,2021,06/23/2021 13:15 CDT,97180,31.13,55.52,2.575,8.485,601.83,102035.79
TWB14,Uvalde_2020_02,29.60214,-99.73007,436.7784,6/28/21,p,2021,06/23/2021 13:20 CDT,97169,31.32,55.52,2.715,8.485,663.46,102020.17
TWB14,Uvalde_2020_02,29.60214,-99.73007,436.7784,6/28/21,p,2021,06/23/2021 13:25 CDT,97164,31.18,54.61,2.91,8.485,466.69,102015.42
TWB14,Uvalde_2020_02,29.60214,-99.73007,436.7784,6/28/21,p,2021,06/23/2021 13:30 CDT,97158,30.81,57.04,2.22,8.485,456.73,102014.96
TWB14,Uvalde_2020_02,29.60214,-99.73007,436.7784,6/28/21,p,2021,06/23/2021 13:35 CDT,97146,31.14,56.09,2.195,8.485,628.72,102001.07
TWB14,Uvalde_2020_02,29.60214,-99.73007,436.7784,6/28/21,p,2021,06/23/2021 13:40 CDT,97143,31.3,53.03,2.64,8.485,712.42,101993.23
TWB14,Uvalde_2020_02,29.60214,-99.73007,436.7784,6/28/21,p,2021,06/23/2021 13:45 CDT,97132,31.37,54.75,2.175,8.485,759.21,101981.66
TWB14,Uvalde_2020_02,29.60214,-99.73007,436.7784,6/28/21,p,2021,06/23/2021 13:50 CDT,97128,32,53.5,2.475,8.485,437.86,101966.44
TWB14,Uvalde_2020_02,29.60214,-99.73007,436.7784,6/28/21,p,2021,06/23/2021 13:55 CDT,97129,31.43,54.81,2.565,8.485,421.2,101974.61
TWB14,Uvalde_2020_02,29.60214,-99.73007,436.7784,6/28/21,p,2021,06/23/2021 14:00 CDT,97126,31.23,55.92,2.645,8.485,491.75,101974.7
TWB14,Uvalde_2020_02,29.60214,-99.73007,436.7784,6/28/21,p,2021,06/23/2021 14:05 CDT,97116,31.07,57.47,2.385,8.485,215.5,101968.25
TWB14,Uvalde_2020_02,29.60214,-99.73007,436.7784,6/28/21,p,2021,06/23/2021 14:10 CDT,97105,31.18,56.49,1.695,8.485,674.68,101957.03
TWB14,Uvalde_2020_02,29.60214,-99.73007,436.7784,6/28/21,p,2021,06/23/2021 14:15 CDT,97103,31.97,52.56,2.585,8.485,687.68,101941.99
TWB14,Uvalde_2020_02,29.60214,-99.73007,436.7784,6/28/21,p,2021,06/23/2021 14:20 CDT,97100,31.69,54.44,2.815,8.485,539.79,101939.95
TWB14,Uvalde_2020_02,29.60214,-99.73007,436.7784,6/28/21,p,2021,06/23/2021 14:25 CDT,97100,31.72,52.69,2.645,8.485,576.01,101940.95
TWB14,Uvalde_2020_02,29.60214,-99.73007,436.7784,6/28/21,p,2021,06/23/2021 14:30 CDT,97093,32.15,51.44,2.385,8.485,782.46,101928.27
TWB14,Uvalde_2020_02,29.60214,-99.73007,436.7784,6/28/21,p,2021,06/23/2021 14:35 CDT,97079,32.39,52.89,2.4,8.485,794.18,101907.58
TWB14,Uvalde_2020_02,29.60214,-99.73007,436.7784,6/28/21,p,2021,06/23/2021 14:40 CDT,97067,32.49,51.34,2.085,8.485,757.17,101893.23
TWB14,Uvalde_2020_02,29.60214,-99.73007,436.7784,6/28/21,p,2021,06/23/2021 14:45 CDT,97062,32.96,51.74,2.08,8.485,762.18,101879.93
TWB14,Uvalde_2020_02,29.60214,-99.73007,436.7784,6/28/21,p,2021,06/23/2021 14:50 CDT,97056,32.85,49.89,2.895,8.485,769.28,101874.3
TWB14,Uvalde_2020_02,29.60214,-99.73007,436.7784,6/28/21,p,2021,06/23/2021 14:55 CDT,97053,32.53,51.84,2.885,8.485,753.38,101875.14
TWB14,Uvalde_2020_02,29.60214,-99.73007,436.7784,6/28/21,p,2021,06/23/2021 15:00 CDT,97045,32.64,50.66,1.885,8.485,727.84,101868.37
TWB14,Uvalde_2020_02,29.60214,-99.73007,436.7784,6/28/21,p,2021,06/23/2021 15:05 CDT,97037,32.99,50.19,1.97,8.485,735.77,101855.47
TWB14,Uvalde_2020_02,29.60214,-99.73007,436.7784,6/28/21,p,2021,06/23/2021 15:10 CDT,97035,32.95,50.89,2.555,8.485,665.79,101851.12
TWB14,Uvalde_2020_02,29.60214,-99.73007,436.7784,6/28/21,p,2021,06/23/2021 15:15 CDT,97025,32.81,49.51,2.695,8.485,732.65,101842.57
TWB14,Uvalde_2020_02,29.60214,-99.73007,436.7784,6/28/21,p,2021,06/23/2021 15:20 CDT,97013,32.41,52.71,2.07,8.485,392.42,101836.68
TWB14,Uvalde_2020_02,29.60214,-99.73007,436.7784,6/28/21,p,2021,06/23/2021 15:25 CDT,97009,32.11,52.1,2.225,8.485,385.67,101838.3
TWB14,Uvalde_2020_02,29.60214,-99.73007,436.7784,6/28/21,p,2021,06/23/2021 15:30 CDT,97002,32.53,48.94,2.16,8.485,689.81,101827.44
TWB14,Uvalde_2020_02,29.60214,-99.73007,436.7784,6/28/21,p,2021,06/23/2021 15:35 CDT,96994,32.94,46.48,2.33,8.485,697.71,101811.19
TWB14,Uvalde_2020_02,29.60214,-99.73007,436.7784,6/28/21,p,2021,06/23/2021 15:40 CDT,96986,33.03,50.72,2.525,8.485,689.65,101800.01
TWB14,Uvalde_2020_02,29.60214,-99.73007,436.7784,6/28/21,p,2021,06/23/2021 15:45 CDT,96984,33.34,46.42,1.82,8.485,616.16,101792.52
TWB14,Uvalde_2020_02,29.60214,-99.73007,436.7784,6/28/21,p,2021,06/23/2021 15:50 CDT,96982,33.48,47.83,2.38,8.485,531.96,101788.64
TWB14,Uvalde_2020_02,29.60214,-99.73007,436.7784,6/28/21,p,2021,06/23/2021 15:55 CDT,96981,33.04,51.26,1.9,8.485,248.91,101792.99
TWB14,Uvalde_2020_02,29.60214,-99.73007,436.7784,6/28/21,p,2021,06/23/2021 16:00 CDT,96971,33.18,46.32,2.415,8.485,574.4,101782.72
TWB14,Uvalde_2020_02,29.60214,-99.73007,436.7784,6/28/21,p,2021,06/23/2021 16:05 CDT,96975,32.86,47.36,2.09,8.485,411.4,101789.79
TWB14,Uvalde_2020_02,29.60214,-99.73007,436.7784,6/28/21,p,2021,06/23/2021 16:10 CDT,96972,33.2,46.62,2.035,8.485,650.86,101783.12
TWB14,Uvalde_2020_02,29.60214,-99.73007,436.7784,6/28/21,p,2021,06/23/2021 16:15 CDT,96969,33.59,45.54,1.67,8.485,497.17,101773.26
TWB14,Uvalde_2020_02,29.60214,-99.73007,436.7784,6/28/21,p,2021,06/23/2021 16:20 CDT,96967,33.32,45.98,1.655,8.485,255.74,101773.72
TWB14,Uvalde_2020_02,29.60214,-99.73007,436.7784,6/28/21,p,2021,06/23/2021 16:25 CDT,96962,33.07,47.12,2.025,8.485,219.88,101773.58
TWB14,Uvalde_2020_02,29.60214,-99.73007,436.7784,6/28/21,p,2021,06/23/2021 16:30 CDT,96959,33.15,46.28,1.87,8.485,601.33,101772.37
TWB14,Uvalde_2020_02,29.60214,-99.73007,436.7784,6/28/21,p,2021,06/23/2021 16:35 CDT,96956,33.71,44.73,2.41,8.485,592.93,101758.19
TWB14,Uvalde_2020_02,29.60214,-99.73007,436.7784,6/28/21,p,2021,06/23/2021 16:40 CDT,96954,33.72,45.24,2.365,8.485,583.9,101755.93
TWB14,Uvalde_2020_02,29.60214,-99.73007,436.7784,6/28/21,p,2021,06/23/2021 16:45 CDT,96949,33.84,44.77,2.5,8.485,565.42,101748.13
TWB14,Uvalde_2020_02,29.60214,-99.73007,436.7784,6/28/21,p,2021,06/23/2021 16:50 CDT,96942,33.8,44.13,3.19,8.485,541.86,101741.91
TWB14,Uvalde_2020_02,29.60214,-99.73007,436.7784,6/28/21,p,2021,06/23/2021 16:55 CDT,96940,33.78,44.03,2.56,8.485,539.39,101740.45
TWB14,Uvalde_2020_02,29.60214,-99.73007,436.7784,6/28/21,p,2021,06/23/2021 17:00 CDT,96935,33.98,43.86,2.5,8.485,523.97,101733.13
TWB14,Uvalde_2020_02,29.60214,-99.73007,436.7784,6/28/21,p,2021,06/23/2021 17:05 CDT,96931,33.98,44.26,1.935,8.485,519.8,101726.86
TWB14,Uvalde_2020_02,29.60214,-99.73007,436.7784,6/28/21,p,2021,06/23/2021 17:10 CDT,96929,34.05,44.06,1.975,8.485,517.63,101724.28
TWB14,Uvalde_2020_02,29.60214,-99.73007,436.7784,6/28/21,p,2021,06/23/2021 17:15 CDT,96927,34.13,44.57,1.5,8.485,489.68,101721.7
TWB14,Uvalde_2020_02,29.60214,-99.73007,436.7784,6/28/21,p,2021,06/23/2021 17:20 CDT,96923,34.49,43.15,1.72,8.485,474.95,101712.91
TWB14,Uvalde_2020_02,29.60214,-99.73007,436.7784,6/28/21,p,2021,06/23/2021 17:25 CDT,96918,33.92,45.13,2.515,8.485,411.34,101712.4
TWB14,Uvalde_2020_02,29.60214,-99.73007,436.7784,6/28/21,p,2021,06/23/2021 17:30 CDT,96912,33.99,41.77,1.76,8.485,400.11,101707.91
TWB14,Uvalde_2020_02,29.60214,-99.73007,436.7784,6/28/21,p,2021,06/23/2021 17:35 CDT,96909,33.98,42.61,2.425,8.485,430.89,101704.11
TWB14,Uvalde_2020_02,29.60214,-99.73007,436.7784,6/28/21,p,2021,06/23/2021 17:40 CDT,96906,34.08,42.44,1.565,8.485,420.29,101701.76
TWB14,Uvalde_2020_02,29.60214,-99.73007,436.7784,6/28/21,p,2021,06/23/2021 17:45 CDT,96903,34.18,41.97,1.93,8.485,377.48,101696.55
TWB14,Uvalde_2020_02,29.60214,-99.73007,436.7784,6/28/21,p,2021,06/23/2021 17:50 CDT,96899,34.24,43.85,1.81,8.485,404.31,101691.21
TWB14,Uvalde_2020_02,29.60214,-99.73007,436.7784,6/28/21,p,2021,06/23/2021 17:55 CDT,96897,34.26,42.17,1.97,8.485,388.32,101688.98
TWB14,Uvalde_2020_02,29.60214,-99.73007,436.7784,6/28/21,p,2021,06/23/2021 18:00 CDT,96898,33.94,43.55,1.775,8.485,377.08,101691.12
TWB14,Uvalde_2020_02,29.60214,-99.73007,436.7784,6/28/21,p,2021,06/23/2021 18:05 CDT,96895,34.05,43.62,2.035,8.485,369.71,101688.77
TWB14,Uvalde_2020_02,29.60214,-99.73007,436.7784,6/28/21,p,2021,06/23/2021 18:10 CDT,96891,34.14,44.36,2.17,8.485,368.2,101683.44
TWB14,Uvalde_2020_02,29.60214,-99.73007,436.7784,6/28/21,p,2021,06/23/2021 18:15 CDT,96888,34.11,44.46,2.07,8.485,373.71,101680.61
TWB14,Uvalde_2020_02,29.60214,-99.73007,436.7784,6/28/21,p,2021,06/23/2021 18:20 CDT,96892,34.11,43.95,2.185,8.485,359.07,101684.98
TWB14,Uvalde_2020_02,29.60214,-99.73007,436.7784,6/28/21,p,2021,06/23/2021 18:25 CDT,96889,33.94,44.52,3.335,8.485,367.24,101684.37
TWB14,Uvalde_2020_02,29.60214,-99.73007,436.7784,6/28/21,p,2021,06/23/2021 18:30 CDT,96886,33.85,45.26,2.91,8.485,301.22,101684.72
TWB14,Uvalde_2020_02,29.60214,-99.73007,436.7784,6/28/21,p,2021,06/23/2021 18:35 CDT,96889,33.51,46.31,2.91,8.485,212.43,101692.17
TWB14,Uvalde_2020_02,29.60214,-99.73007,436.7784,6/28/21,p,2021,06/23/2021 18:40 CDT,96888,33.12,47.72,2.84,8.485,152.89,101697.82
TWB14,Uvalde_2020_02,29.60214,-99.73007,436.7784,6/28/21,p,2021,06/23/2021 18:45 CDT,96885,32.97,48.43,2.655,8.485,133.72,101698.2
TWB14,Uvalde_2020_02,29.60214,-99.73007,436.7784,6/28/21,p,2021,06/23/2021 18:50 CDT,96887,32.91,49.21,2.915,8.485,233.08,101702.86
TWB14,Uvalde_2020_02,29.60214,-99.73007,436.7784,6/28/21,p,2021,06/23/2021 18:55 CDT,96893,32.92,48.43,3.58,8.485,216.79,101708.68
TWB14,Uvalde_2020_02,29.60214,-99.73007,436.7784,6/28/21,p,2021,06/23/2021 19:00 CDT,96896,32.81,49.11,3.205,8.235,168.68,101713.75
TWB14,Uvalde_2020_02,29.60214,-99.73007,436.7784,6/28/21,p,2021,06/23/2021 19:05 CDT,96896,32.74,49.78,2.335,8.235,188.89,101716
TWB14,Uvalde_2020_02,29.60214,-99.73007,436.7784,6/28/21,p,2021,06/23/2021 19:10 CDT,96893,32.72,49.24,3.385,8.235,208.79,101713.18
TWB14,Uvalde_2020_02,29.60214,-99.73007,436.7784,6/28/21,p,2021,06/23/2021 19:15 CDT,96894,32.72,49.65,3.225,8.235,171.6,101714.06
TWB14,Uvalde_2020_02,29.60214,-99.73007,436.7784,6/28/21,p,2021,06/23/2021 19:20 CDT,96892,32.62,49.92,3.245,8.235,117.3,101712.92
TWB14,Uvalde_2020_02,29.60214,-99.73007,436.7784,6/28/21,p,2021,06/23/2021 19:25 CDT,96901,32.27,51.33,2.965,8.235,63.23,101727.35
TWB14,Uvalde_2020_02,29.60214,-99.73007,436.7784,6/28/21,p,2021,06/23/2021 19:30 CDT,96897,32.07,51.77,2.615,8.235,106.1,101727.35
TWB14,Uvalde_2020_02,29.60214,-99.73007,436.7784,6/28/21,p,2021,06/23/2021 19:35 CDT,96899,32.16,51.4,2.985,8.235,124.75,101729.13
TWB14,Uvalde_2020_02,29.60214,-99.73007,436.7784,6/28/21,p,2021,06/23/2021 19:40 CDT,96906,32.06,51.61,4.275,8.235,96.48,101737.61
TWB14,Uvalde_2020_02,29.60214,-99.73007,436.7784,6/28/21,p,2021,06/23/2021 19:45 CDT,96911,31.97,52.01,2.89,8.235,86.63,101744.96
TWB14,Uvalde_2020_02,29.60214,-99.73007,436.7784,6/28/21,p,2021,06/23/2021 19:50 CDT,96922,31.92,53.09,2.715,8.235,68.35,101757.47
TWB14,Uvalde_2020_02,29.60214,-99.73007,436.7784,6/28/21,p,2021,06/23/2021 19:55 CDT,96925,31.83,52.99,2.79,8.235,43.51,101761.75
TWB14,Uvalde_2020_02,29.60214,-99.73007,436.7784,6/28/21,p,2021,06/23/2021 20:00 CDT,96929,31.65,53.37,3.035,8.235,31.97,101768.87
TWB14,Uvalde_2020_02,29.60214,-99.73007,436.7784,6/28/21,p,2021,06/23/2021 20:05 CDT,96930,31.54,53.17,3.02,8.235,26.05,101771.54
TWB14,Uvalde_2020_02,29.60214,-99.73007,436.7784,6/28/21,p,2021,06/23/2021 20:10 CDT,96931,31.42,53.71,2.805,8.235,23.91,101775.02
TWB14,Uvalde_2020_02,29.60214,-99.73007,436.7784,6/28/21,p,2021,06/23/2021 20:15 CDT,96943,31.31,54.11,2.485,8.235,26,101789.57
TWB14,Uvalde_2020_02,29.60214,-99.73007,436.7784,6/28/21,p,2021,06/23/2021 20:20 CDT,96944,31.26,53.84,2.91,8.235,21.24,101792.09
TWB14,Uvalde_2020_02,29.60214,-99.73007,436.7784,6/28/21,p,2021,06/23/2021 20:25 CDT,96945,31.18,54.01,2.44,8.235,15.13,101794.44
TWB14,Uvalde_2020_02,29.60214,-99.73007,436.7784,6/28/21,p,2021,06/23/2021 20:30 CDT,96946,31.08,54.15,2.375,8.235,10.37,101796.79
TWB14,Uvalde_2020_02,29.60214,-99.73007,436.7784,6/28/21,p,2021,06/23/2021 20:35 CDT,96946,31,53.85,2.715,8.235,5.96,101798.43
TWB14,Uvalde_2020_02,29.60214,-99.73007,436.7784,6/28/21,p,2021,06/23/2021 20:40 CDT,96946,30.95,54.39,2.155,8.235,3.3,101799.23
TWB14,Uvalde_2020_02,29.60214,-99.73007,436.7784,6/28/21,p,2021,06/23/2021 20:45 CDT,96950,30.87,55.06,3.28,8.565,1.02,101805.06
TWB14,Uvalde_2020_02,29.60214,-99.73007,436.7784,6/28/21,p,2021,06/23/2021 20:50 CDT,96957,30.77,57.02,3.665,8.485,0.12,101813.2
TWB14,Uvalde_2020_02,29.60214,-99.73007,436.7784,6/28/21,p,2021,06/23/2021 20:55 CDT,96967,30.61,58.16,3.545,8.235,0.28,101825.98
TWB14,Uvalde_2020_02,29.60214,-99.73007,436.7784,6/28/21,p,2021,06/23/2021 21:00 CDT,96973,30.45,60.18,3.495,8.235,0.6,101834.71
TWB14,Uvalde_2020_02,29.60214,-99.73007,436.7784,6/28/21,p,2021,06/23/2021 21:05 CDT,96978,30.28,61.26,3.755,8.235,0.35,101842.9
TWB14,Uvalde_2020_02,29.60214,-99.73007,436.7784,6/28/21,p,2021,06/23/2021 21:10 CDT,96979,30.15,61.94,3.91,8.235,0.09,101846.07
TWB14,Uvalde_2020_02,29.60214,-99.73007,436.7784,6/28/21,p,2021,06/23/2021 21:15 CDT,96989,30.02,62.47,2.535,8.235,0.07,101858.87
TWB14,Uvalde_2020_02,29.60214,-99.73007,436.7784,6/28/21,p,2021,06/23/2021 21:20 CDT,96997,29.9,62.74,2.96,8.4,0.17,101869.4
TWB14,Uvalde_2020_02,29.60214,-99.73007,436.7784,6/28/21,p,2021,06/23/2021 21:25 CDT,97000,29.85,63.18,2.915,8.315,0,101873.54
TWB14,Uvalde_2020_02,29.60214,-99.73007,436.7784,6/28/21,p,2021,06/23/2021 21:30 CDT,97004,29.75,63.56,2.87,8.315,0,101879.54
TWB14,Uvalde_2020_02,29.60214,-99.73007,436.7784,6/28/21,p,2021,06/23/2021 21:35 CDT,97010,29.67,64.07,3.385,8.4,0,101887.16
TWB14,Uvalde_2020_02,29.60214,-99.73007,436.7784,6/28/21,p,2021,06/23/2021 21:40 CDT,97011,29.55,64.27,3.355,8.4,0,101889.85
TWB14,Uvalde_2020_02,29.60214,-99.73007,436.7784,6/28/21,p,2021,06/23/2021 21:45 CDT,97012,29.47,64.47,3.52,8.4,0,101892.88
TWB14,Uvalde_2020_02,29.60214,-99.73007,436.7784,6/28/21,p,2021,06/23/2021 21:50 CDT,97014,29.38,64.37,3.505,8.4,0,101896.14
TWB14,Uvalde_2020_02,29.60214,-99.73007,436.7784,6/28/21,p,2021,06/23/2021 21:55 CDT,97024,29.32,64.78,3.92,8.4,0,101907.63
TWB14,Uvalde_2020_02,29.60214,-99.73007,436.7784,6/28/21,p,2021,06/23/2021 22:00 CDT,97035,29.22,65.48,3.105,8.4,0,101920.99
TWB14,Uvalde_2020_02,29.60214,-99.73007,436.7784,6/28/21,p,2021,06/23/2021 22:05 CDT,97041,29.1,65.65,3.575,8.4,0.01,101929.44
TWB14,Uvalde_2020_02,29.60214,-99.73007,436.7784,6/28/21,p,2021,06/23/2021 22:10 CDT,97058,29.03,65.49,4.485,8.565,0,101948.12
TWB14,Uvalde_2020_02,29.60214,-99.73007,436.7784,6/28/21,p,2021,06/23/2021 22:15 CDT,97069,28.94,65.99,3.81,8.565,0,101961.33
TWB14,Uvalde_2020_02,29.60214,-99.73007,436.7784,6/28/21,p,2021,06/23/2021 22:20 CDT,97079,28.82,66.53,3.53,8.565,0,101973.65
TWB14,Uvalde_2020_02,29.60214,-99.73007,436.7784,6/28/21,p,2021,06/23/2021 22:25 CDT,97087,28.74,66.87,3.13,8.565,0.01,101983.21
TWB14,Uvalde_2020_02,29.60214,-99.73007,436.7784,6/28/21,p,2021,06/23/2021 22:30 CDT,97093,28.64,67.21,3.185,8.565,0,101991.34
TWB14,Uvalde_2020_02,29.60214,-99.73007,436.7784,6/28/21,p,2021,06/23/2021 22:35 CDT,97099,28.52,67.45,2.755,8.565,0.03,101999.46
TWB14,Uvalde_2020_02,29.60214,-99.73007,436.7784,6/28/21,p,2021,06/23/2021 22:40 CDT,97096,28.42,67.62,2.585,8.565,0,101997.97
TWB14,Uvalde_2020_02,29.60214,-99.73007,436.7784,6/28/21,p,2021,06/23/2021 22:45 CDT,97095,28.33,67.41,3.035,8.565,0,101999.09
TWB14,Uvalde_2020_02,29.60214,-99.73007,436.7784,6/28/21,p,2021,06/23/2021 22:50 CDT,97098,28.29,67.69,2.75,8.565,0,102003.07
TWB14,Uvalde_2020_02,29.60214,-99.73007,436.7784,6/28/21,p,2021,06/23/2021 22:55 CDT,97101,28.23,67.55,3.255,8.565,0,102007.05
TWB14,Uvalde_2020_02,29.60214,-99.73007,436.7784,6/28/21,p,2021,06/23/2021 23:00 CDT,97105,28.21,67.76,3.015,8.565,0,102011.58
TWB14,Uvalde_2020_02,29.60214,-99.73007,436.7784,6/28/21,p,2021,06/23/2021 23:05 CDT,97120,28.11,67.93,2.78,8.565,0,102028.67
TWB14,Uvalde_2020_02,29.60214,-99.73007,436.7784,6/28/21,p,2021,06/23/2021 23:10 CDT,97131,28.03,68.23,2.915,8.565,0,102041.73
TWB14,Uvalde_2020_02,29.60214,-99.73007,436.7784,6/28/21,p,2021,06/23/2021 23:15 CDT,97131,27.95,68.3,2.98,8.565,0,102043.23
TWB14,Uvalde_2020_02,29.60214,-99.73007,436.7784,6/28/21,p,2021,06/23/2021 23:20 CDT,97132,27.85,68.7,2.725,8.565,0,102045.94
TWB14,Uvalde_2020_02,29.60214,-99.73007,436.7784,6/28/21,p,2021,06/23/2021 23:25 CDT,97132,27.75,69.04,2.595,8.565,0,102047.61
TWB14,Uvalde_2020_02,29.60214,-99.73007,436.7784,6/28/21,p,2021,06/23/2021 23:30 CDT,97137,27.67,69.72,3.335,8.565,0,102054.19
TWB14,Uvalde_2020_02,29.60214,-99.73007,436.7784,6/28/21,p,2021,06/23/2021 23:35 CDT,97150,27.6,70.32,2.645,8.565,0,102069.02
TWB14,Uvalde_2020_02,29.60214,-99.73007,436.7784,6/28/21,p,2021,06/23/2021 23:40 CDT,97159,27.53,70.46,3.315,8.565,0,102079.81
TWB14,Uvalde_2020_02,29.60214,-99.73007,436.7784,6/28/21,p,2021,06/23/2021 23:45 CDT,97160,27.45,71,3.07,8.565,0,102082.03
TWB14,Uvalde_2020_02,29.60214,-99.73007,436.7784,6/28/21,p,2021,06/23/2021 23:50 CDT,97173,27.36,71.33,2.655,8.565,0,102097.02
TWB14,Uvalde_2020_02,29.60214,-99.73007,436.7784,6/28/21,p,2021,06/23/2021 23:55 CDT,97184,27.32,71.74,3.11,8.565,0,102109.25
TWB14,Uvalde_2020_02,29.60214,-99.73007,436.7784,6/28/21,p,2021,06/24/2021 00:00 CDT,97186,27.21,72.28,2.97,8.565,0,102113.19
TWB14,Uvalde_2020_02,29.60214,-99.73007,436.7784,6/28/21,p,2021,06/24/2021 00:05 CDT,97193,27.11,73.02,2.695,8.565,0,102122.22
TWB14,Uvalde_2020_02,29.60214,-99.73007,436.7784,6/28/21,p,2021,06/24/2021 00:10 CDT,97204,27.02,73.69,2.815,8.565,0,102135.11
TWB14,Uvalde_2020_02,29.60214,-99.73007,436.7784,6/28/21,p,2021,06/24/2021 00:15 CDT,97211,26.96,74.03,3.31,8.565,0,102143.81
TWB14,Uvalde_2020_02,29.60214,-99.73007,436.7784,6/28/21,p,2021,06/24/2021 00:20 CDT,97213,26.86,74.63,3.085,8.565,0,102147.08
TWB14,Uvalde_2020_02,29.60214,-99.73007,436.7784,6/28/21,p,2021,06/24/2021 00:25 CDT,97219,26.77,75.24,2.86,8.565,0,102154.9
TWB14,Uvalde_2020_02,29.60214,-99.73007,436.7784,6/28/21,p,2021,06/24/2021 00:30 CDT,97235,26.67,75.95,2.58,8.565,0,102173.39
TWB14,Uvalde_2020_02,29.60214,-99.73007,436.7784,6/28/21,p,2021,06/24/2021 00:35 CDT,97242,26.58,76.8,2.4,8.565,0,102182.42
TWB14,Uvalde_2020_02,29.60214,-99.73007,436.7784,6/28/21,p,2021,06/24/2021 00:40 CDT,97243,26.51,77.2,2.65,8.565,0,102184.48
TWB14,Uvalde_2020_02,29.60214,-99.73007,436.7784,6/28/21,p,2021,06/24/2021 00:45 CDT,97245,26.44,77.34,2.865,8.565,0,102187.76
TWB14,Uvalde_2020_02,29.60214,-99.73007,436.7784,6/28/21,p,2021,06/24/2021 00:50 CDT,97247,26.35,77.81,2.5,8.565,0,102191.38
TWB14,Uvalde_2020_02,29.60214,-99.73007,436.7784,6/28/21,p,2021,06/24/2021 00:55 CDT,97253,26.26,78.28,2.36,8.565,0,102199.37
TWB14,Uvalde_2020_02,29.60214,-99.73007,436.7784,6/28/21,p,2021,06/24/2021 01:00 CDT,97260,26.23,78.55,2.53,8.565,0,102207.23
TWB14,Uvalde_2020_02,29.60214,-99.73007,436.7784,6/28/21,p,2021,06/24/2021 01:05 CDT,97258,26.14,79.13,2.43,8.565,0,102206.47
TWB14,Uvalde_2020_02,29.60214,-99.73007,436.7784,6/28/21,p,2021,06/24/2021 01:10 CDT,97258,26.05,79.5,2.82,8.565,0,102208.33
TWB14,Uvalde_2020_02,29.60214,-99.73007,436.7784,6/28/21,p,2021,06/24/2021 01:15 CDT,97256,26.02,79.77,3.45,8.565,0,102206.9
TWB14,Uvalde_2020_02,29.60214,-99.73007,436.7784,6/28/21,p,2021,06/24/2021 01:20 CDT,97260,25.98,80.1,3.39,8.565,0,102211.27
TWB14,Uvalde_2020_02,29.60214,-99.73007,436.7784,6/28/21,p,2021,06/24/2021 01:25 CDT,97258,25.9,80.5,2.95,8.565,0.01,102210.02
TWB14,Uvalde_2020_02,29.60214,-99.73007,436.7784,6/28/21,p,2021,06/24/2021 01:30 CDT,97253,25.78,81.1,2.6,8.565,0.13,102206.79
TWB14,Uvalde_2020_02,29.60214,-99.73007,436.7784,6/28/21,p,2021,06/24/2021 01:35 CDT,97250,25.67,81.7,2.465,8.565,0.03,102205.5
TWB14,Uvalde_2020_02,29.60214,-99.73007,436.7784,6/28/21,p,2021,06/24/2021 01:40 CDT,97247,25.61,81.8,2.495,8.565,0,102203.53
TWB14,Uvalde_2020_02,29.60214,-99.73007,436.7784,6/28/21,p,2021,06/24/2021 01:45 CDT,97246,25.56,82.1,2.465,8.565,0,102203.66
TWB14,Uvalde_2020_02,29.60214,-99.73007,436.7784,6/28/21,p,2021,06/24/2021 01:50 CDT,97236,25.47,82.5,2.345,8.565,0,102194.85
TWB14,Uvalde_2020_02,29.60214,-99.73007,436.7784,6/28/21,p,2021,06/24/2021 01:55 CDT,97225,25.46,82.1,2.95,8.565,0,102183.97
TWB14,Uvalde_2020_02,29.60214,-99.73007,436.7784,6/28/21,p,2021,06/24/2021 02:00 CDT,97219,25.45,82.5,2.66,8.565,0,102177.49
TWB14,Uvalde_2020_02,29.60214,-99.73007,436.7784,6/28/21,p,2021,06/24/2021 02:05 CDT,97220,25.43,82.5,2.595,8.565,0,102178.71
TWB14,Uvalde_2020_02,29.60214,-99.73007,436.7784,6/28/21,p,2021,06/24/2021 02:10 CDT,97221,25.43,82.4,2.42,8.565,0,102179.77
TWB14,Uvalde_2020_02,29.60214,-99.73007,436.7784,6/28/21,p,2021,06/24/2021 02:15 CDT,97220,25.41,82.5,2.625,8.565,0,102178.71
TWB14,Uvalde_2020_02,29.60214,-99.73007,436.7784,6/28/21,p,2021,06/24/2021 02:20 CDT,97222,25.36,82.6,2.6,8.565,0,102181.32
TWB14,Uvalde_2020_02,29.60214,-99.73007,436.7784,6/28/21,p,2021,06/24/2021 02:25 CDT,97222,25.29,82.9,2.475,8.565,0.08,102182.34
TWB14,Uvalde_2020_02,29.60214,-99.73007,436.7784,6/28/21,p,2021,06/24/2021 02:30 CDT,97222,25.21,83.4,2.14,8.565,0.14,102183.7
TWB14,Uvalde_2020_02,29.60214,-99.73007,436.7784,6/28/21,p,2021,06/24/2021 02:35 CDT,97217,25.13,83.8,2.085,8.565,0.15,102179.8
TWB14,Uvalde_2020_02,29.60214,-99.73007,436.7784,6/28/21,p,2021,06/24/2021 02:40 CDT,97209,25.05,84.1,2.21,8.565,0.03,102172.92
TWB14,Uvalde_2020_02,29.60214,-99.73007,436.7784,6/28/21,p,2021,06/24/2021 02:45 CDT,97210,24.99,84.5,1.89,8.565,0,102175.16
TWB14,Uvalde_2020_02,29.60214,-99.73007,436.7784,6/28/21,p,2021,06/24/2021 02:50 CDT,97209,24.92,84.6,2.33,8.565,0,102175.64
TWB14,Uvalde_2020_02,29.60214,-99.73007,436.7784,6/28/21,p,2021,06/24/2021 02:55 CDT,97203,24.87,84.9,2.19,8.565,0,102170.19
TWB14,Uvalde_2020_02,29.60214,-99.73007,436.7784,6/28/21,p,2021,06/24/2021 03:00 CDT,97198,24.83,85.1,2.13,8.565,0,102165.44
TWB14,Uvalde_2020_02,29.60214,-99.73007,436.7784,6/28/21,p,2021,06/24/2021 03:05 CDT,97199,24.82,85.1,2.36,8.565,0,102166.49
TWB14,Uvalde_2020_02,29.60214,-99.73007,436.7784,6/28/21,p,2021,06/24/2021 03:10 CDT,97199,24.82,85.1,2.5,8.565,0,102166.49
TWB14,Uvalde_2020_02,29.60214,-99.73007,436.7784,6/28/21,p,2021,06/24/2021 03:15 CDT,97198,24.84,84.9,2.59,8.565,0,102165.27
TWB14,Uvalde_2020_02,29.60214,-99.73007,436.7784,6/28/21,p,2021,06/24/2021 03:20 CDT,97198,24.85,84.8,2.995,8.565,0,102165.27
TWB14,Uvalde_2020_02,29.60214,-99.73007,436.7784,6/28/21,p,2021,06/24/2021 03:25 CDT,97198,24.86,84.8,2.62,8.565,0,102164.93
TWB14,Uvalde_2020_02,29.60214,-99.73007,436.7784,6/28/21,p,2021,06/24/2021 03:30 CDT,97198,24.88,84.6,2.32,8.565,0,102164.76
TWB14,Uvalde_2020_02,29.60214,-99.73007,436.7784,6/28/21,p,2021,06/24/2021 03:35 CDT,97188,24.87,84.7,2.29,8.565,0,102153.91
TWB14,Uvalde_2020_02,29.60214,-99.73007,436.7784,6/28/21,p,2021,06/24/2021 03:40 CDT,97185,24.88,84.4,3.23,8.565,0,102151.1
TWB14,Uvalde_2020_02,29.60214,-99.73007,436.7784,6/28/21,p,2021,06/24/2021 03:45 CDT,97187,24.87,84.6,2.415,8.565,0,102153.2
TWB14,Uvalde_2020_02,29.60214,-99.73007,436.7784,6/28/21,p,2021,06/24/2021 03:50 CDT,97189,24.83,84.9,1.75,8.565,0.03,102155.81
TWB14,Uvalde_2020_02,29.60214,-99.73007,436.7784,6/28/21,p,2021,06/24/2021 03:55 CDT,97187,24.8,84.9,2.06,8.565,0,102154.05
TWB14,Uvalde_2020_02,29.60214,-99.73007,436.7784,6/28/21,p,2021,06/24/2021 04:00 CDT,97184,24.77,85,2.66,8.565,0,102151.58
TWB14,Uvalde_2020_02,29.60214,-99.73007,436.7784,6/28/21,p,2021,06/24/2021 04:05 CDT,97182,24.75,85.2,2.455,8.565,0,102149.65
TWB14,Uvalde_2020_02,29.60214,-99.73007,436.7784,6/28/21,p,2021,06/24/2021 04:10 CDT,97181,24.74,85.2,2.39,8.565,0,102148.77
TWB14,Uvalde_2020_02,29.60214,-99.73007,436.7784,6/28/21,p,2021,06/24/2021 04:15 CDT,97185,24.73,85.3,2.33,8.565,0,102152.97
TWB14,Uvalde_2020_02,29.60214,-99.73007,436.7784,6/28/21,p,2021,06/24/2021 04:20 CDT,97189,24.71,85.2,2.705,8.565,0,102157.86
TWB14,Uvalde_2020_02,29.60214,-99.73007,436.7784,6/28/21,p,2021,06/24/2021 04:25 CDT,97191,24.7,85,2.64,8.565,0,102159.96
TWB14,Uvalde_2020_02,29.60214,-99.73007,436.7784,6/28/21,p,2021,06/24/2021 04:30 CDT,97192,24.69,84.9,2.78,8.565,0,102161.18
TWB14,Uvalde_2020_02,29.60214,-99.73007,436.7784,6/28/21,p,2021,06/24/2021 04:35 CDT,97198,24.69,84.9,3.02,8.565,0,102167.66
TWB14,Uvalde_2020_02,29.60214,-99.73007,436.7784,6/28/21,p,2021,06/24/2021 04:40 CDT,97198,24.67,85,2.91,8.565,0,102167.83
TWB14,Uvalde_2020_02,29.60214,-99.73007,436.7784,6/28/21,p,2021,06/24/2021 04:45 CDT,97199,24.64,85.1,2.27,8.565,0,102169.56
TWB14,Uvalde_2020_02,29.60214,-99.73007,436.7784,6/28/21,p,2021,06/24/2021 04:50 CDT,97198,24.6,85.3,2.1,8.565,0,102168.85
TWB14,Uvalde_2020_02,29.60214,-99.73007,436.7784,6/28/21,p,2021,06/24/2021 04:55 CDT,97192,24.58,85.4,2.245,8.565,0,102162.89
TWB14,Uvalde_2020_02,29.60214,-99.73007,436.7784,6/28/21,p,2021,06/24/2021 05:00 CDT,97185,24.53,85.6,2.305,8.565,0,102156.21
TWB14,Uvalde_2020_02,29.60214,-99.73007,436.7784,6/28/21,p,2021,06/24/2021 05:05 CDT,97179,24.49,85.8,2.44,8.565,0,102150.58
TWB14,Uvalde_2020_02,29.60214,-99.73007,436.7784,6/28/21,p,2021,06/24/2021 05:10 CDT,97176,24.45,86,2.785,8.565,0,102148.11
TWB14,Uvalde_2020_02,29.60214,-99.73007,436.7784,6/28/21,p,2021,06/24/2021 05:15 CDT,97172,24.41,86.1,2.67,8.565,0,102144.59
TWB14,Uvalde_2020_02,29.60214,-99.73007,436.7784,6/28/21,p,2021,06/24/2021 05:20 CDT,97171,24.38,86.3,2.4,8.565,0,102144.22
TWB14,Uvalde_2020_02,29.60214,-99.73007,436.7784,6/28/21,p,2021,06/24/2021 05:25 CDT,97170,24.38,86.1,2.355,8.565,0,102143.52
TWB14,Uvalde_2020_02,29.60214,-99.73007,436.7784,6/28/21,p,2021,06/24/2021 05:30 CDT,97169,24.37,86.2,2.77,8.565,0,102142.81
TWB14,Uvalde_2020_02,29.60214,-99.73007,436.7784,6/28/21,p,2021,06/24/2021 05:35 CDT,97169,24.36,86.3,2.615,8.565,0,102142.98
TWB14,Uvalde_2020_02,29.60214,-99.73007,436.7784,6/28/21,p,2021,06/24/2021 05:40 CDT,97164,24.37,86.1,2.425,8.565,0,102137.55
TWB14,Uvalde_2020_02,29.60214,-99.73007,436.7784,6/28/21,p,2021,06/24/2021 05:45 CDT,97154,24.36,86.2,2.605,8.565,0,102127.21
TWB14,Uvalde_2020_02,29.60214,-99.73007,436.7784,6/28/21,p,2021,06/24/2021 05:50 CDT,97145,24.35,86.2,2.57,8.565,0,102117.75
TWB14,Uvalde_2020_02,29.60214,-99.73007,436.7784,6/28/21,p,2021,06/24/2021 05:55 CDT,97146,24.34,86.2,2.105,8.565,0,102118.97
TWB14,Uvalde_2020_02,29.60214,-99.73007,436.7784,6/28/21,p,2021,06/24/2021 06:00 CDT,97145,24.32,86,2.11,8.565,0,102118.6
TWB14,Uvalde_2020_02,29.60214,-99.73007,436.7784,6/28/21,p,2021,06/24/2021 06:05 CDT,97144,24.33,85.8,2.545,8.565,0,102117.38
TWB14,Uvalde_2020_02,29.60214,-99.73007,436.7784,6/28/21,p,2021,06/24/2021 06:10 CDT,97144,24.34,86,1.985,8.565,0,102116.87
TWB14,Uvalde_2020_02,29.60214,-99.73007,436.7784,6/28/21,p,2021,06/24/2021 06:15 CDT,97145,24.34,85.9,1.85,8.565,0,102117.92
TWB14,Uvalde_2020_02,29.60214,-99.73007,436.7784,6/28/21,p,2021,06/24/2021 06:20 CDT,97146,24.34,86.1,2.205,8.565,0,102118.8
TWB14,Uvalde_2020_02,29.60214,-99.73007,436.7784,6/28/21,p,2021,06/24/2021 06:25 CDT,97151,24.33,86.1,2.135,8.565,0,102124.23
TWB14,Uvalde_2020_02,29.60214,-99.73007,436.7784,6/28/21,p,2021,06/24/2021 06:30 CDT,97157,24.33,86.1,2.155,8.565,0.02,102130.7
TWB14,Uvalde_2020_02,29.60214,-99.73007,436.7784,6/28/21,p,2021,06/24/2021 06:35 CDT,97163,24.32,86.2,2.16,8.565,0.34,102137.18
TWB14,Uvalde_2020_02,29.60214,-99.73007,436.7784,6/28/21,p,2021,06/24/2021 06:40 CDT,97171,24.32,86.1,1.66,8.565,0.83,102145.59
TWB14,Uvalde_2020_02,29.60214,-99.73007,436.7784,6/28/21,p,2021,06/24/2021 06:45 CDT,97171,24.32,86.1,1.965,8.565,1.52,102145.42
TWB14,Uvalde_2020_02,29.60214,-99.73007,436.7784,6/28/21,p,2021,06/24/2021 06:50 CDT,97172,24.31,85.9,2.275,8.565,2.07,102146.99
TWB14,Uvalde_2020_02,29.60214,-99.73007,436.7784,6/28/21,p,2021,06/24/2021 06:55 CDT,97174,24.3,86,1.98,8.565,3.57,102149.09
TWB14,Uvalde_2020_02,29.60214,-99.73007,436.7784,6/28/21,p,2021,06/24/2021 07:00 CDT,97170,24.29,86,2.155,8.565,5.25,102145.06
TWB14,Uvalde_2020_02,29.60214,-99.73007,436.7784,6/28/21,p,2021,06/24/2021 07:05 CDT,97170,24.29,85.8,2.01,8.565,6.53,102145.06
TWB14,Uvalde_2020_02,29.60214,-99.73007,436.7784,6/28/21,p,2021,06/24/2021 07:10 CDT,97171,24.29,85.8,2.44,8.565,9.9,102146.11
TWB14,Uvalde_2020_02,29.60214,-99.73007,436.7784,6/28/21,p,2021,06/24/2021 07:15 CDT,97173,24.29,85.9,2.245,8.565,13.41,102148.21
TWB14,Uvalde_2020_02,29.60214,-99.73007,436.7784,6/28/21,p,2021,06/24/2021 07:20 CDT,97182,24.3,85.7,1.865,8.565,15.31,102157.5
TWB14,Uvalde_2020_02,29.60214,-99.73007,436.7784,6/28/21,p,2021,06/24/2021 07:25 CDT,97182,24.31,85.6,2.445,8.565,20.4,102157.33
TWB14,Uvalde_2020_02,29.60214,-99.73007,436.7784,6/28/21,p,2021,06/24/2021 07:30 CDT,97183,24.33,85.4,2.015,8.565,26.14,102157.87
TWB14,Uvalde_2020_02,29.60214,-99.73007,436.7784,6/28/21,p,2021,06/24/2021 07:35 CDT,97185,24.34,85.2,2.015,8.565,27.13,102159.8
TWB14,Uvalde_2020_02,29.60214,-99.73007,436.7784,6/28/21,p,2021,06/24/2021 07:40 CDT,97196,24.37,84.8,3,8.565,26.11,102170.86
TWB14,Uvalde_2020_02,29.60214,-99.73007,436.7784,6/28/21,p,2021,06/24/2021 07:45 CDT,97198,24.38,84.7,2.245,8.565,34.14,102172.79
TWB14,Uvalde_2020_02,29.60214,-99.73007,436.7784,6/28/21,p,2021,06/24/2021 07:50 CDT,97198,24.42,84.8,2.4,8.565,37.88,102171.93
TWB14,Uvalde_2020_02,29.60214,-99.73007,436.7784,6/28/21,p,2021,06/24/2021 07:55 CDT,97198,24.43,84.6,2.27,8.565,55.45,102171.42
TWB14,Uvalde_2020_02,29.60214,-99.73007,436.7784,6/28/21,p,2021,06/24/2021 08:00 CDT,97198,24.48,84.4,1.925,8.565,66.6,102170.91
TWB14,Uvalde_2020_02,29.60214,-99.73007,436.7784,6/28/21,p,2021,06/24/2021 08:05 CDT,97195,24.53,84,2.375,8.565,79.49,102166.91
TWB14,Uvalde_2020_02,29.60214,-99.73007,436.7784,6/28/21,p,2021,06/24/2021 08:10 CDT,97197,24.53,83.9,2.64,8.565,59.54,102168.67
TWB14,Uvalde_2020_02,29.60214,-99.73007,436.7784,6/28/21,p,2021,06/24/2021 08:15 CDT,97199,24.51,83.1,2.805,8.565,60.04,102170.95
TWB14,Uvalde_2020_02,29.60214,-99.73007,436.7784,6/28/21,p,2021,06/24/2021 08:20 CDT,97200,24.55,83.2,2.575,8.565,63.82,102171.66
TWB14,Uvalde_2020_02,29.60214,-99.73007,436.7784,6/28/21,p,2021,06/24/2021 08:25 CDT,97201,24.59,83.4,2.4,8.565,76.73,102172.02
TWB14,Uvalde_2020_02,29.60214,-99.73007,436.7784,6/28/21,p,2021,06/24/2021 08:30 CDT,97213,24.64,82.3,2.925,8.565,82.99,102183.62
TWB14,Uvalde_2020_02,29.60214,-99.73007,436.7784,6/28/21,p,2021,06/24/2021 08:35 CDT,97225,24.7,81.9,2.315,8.565,77.26,102195.21
TWB14,Uvalde_2020_02,29.60214,-99.73007,436.7784,6/28/21,p,2021,06/24/2021 08:40 CDT,97225,24.73,81.8,2.4,8.565,79.62,102194.36
TWB14,Uvalde_2020_02,29.60214,-99.73007,436.7784,6/28/21,p,2021,06/24/2021 08:45 CDT,97225,24.75,82.1,2.49,8.565,105.52,102193.85
TWB14,Uvalde_2020_02,29.60214,-99.73007,436.7784,6/28/21,p,2021,06/24/2021 08:50 CDT,97225,24.89,80.9,2.84,8.565,118.8,102191.98
TWB14,Uvalde_2020_02,29.60214,-99.73007,436.7784,6/28/21,p,2021,06/24/2021 08:55 CDT,97225,24.95,81,2.935,8.565,113.08,102190.45
TWB14,Uvalde_2020_02,29.60214,-99.73007,436.7784,6/28/21,p,2021,06/24/2021 09:00 CDT,97230,24.99,81.1,2.61,8.565,92.48,102194.85
TWB14,Uvalde_2020_02,29.60214,-99.73007,436.7784,6/28/21,p,2021,06/24/2021 09:05 CDT,97236,25.02,81.1,2.09,8.565,89.19,102200.47
TWB14,Uvalde_2020_02,29.60214,-99.73007,436.7784,6/28/21,p,2021,06/24/2021 09:10 CDT,97241,25.01,81.4,2.595,8.565,65.29,102205.56
TWB14,Uvalde_2020_02,29.60214,-99.73007,436.7784,6/28/21,p,2021,06/24/2021 09:15 CDT,97243,25,82,2.65,8.565,68.82,102208.16
TWB14,Uvalde_2020_02,29.60214,-99.73007,436.7784,6/28/21,p,2021,06/24/2021 09:20 CDT,97243,25.04,81.7,2.23,8.565,69.52,102207.83
TWB14,Uvalde_2020_02,29.60214,-99.73007,436.7784,6/28/21,p,2021,06/24/2021 09:25 CDT,97241,25.08,82,2.165,8.565,65.83,102205.21
TWB14,Uvalde_2020_02,29.60214,-99.73007,436.7784,6/28/21,p,2021,06/24/2021 09:30 CDT,97246,25.07,82.1,2.52,8.565,54.31,102210.47
TWB14,Uvalde_2020_02,29.60214,-99.73007,436.7784,6/28/21,p,2021,06/24/2021 09:35 CDT,97247,25.06,81.9,2.175,8.565,79.61,102211.52
TWB14,Uvalde_2020_02,29.60214,-99.73007,436.7784,6/28/21,p,2021,06/24/2021 09:40 CDT,97247,25.1,82.2,2.165,8.565,75.96,102211.35
TWB14,Uvalde_2020_02,29.60214,-99.73007,436.7784,6/28/21,p,2021,06/24/2021 09:45 CDT,97248,25.15,82.2,2.34,8.565,99.43,102211.72
TWB14,Uvalde_2020_02,29.60214,-99.73007,436.7784,6/28/21,p,2021,06/24/2021 09:50 CDT,97249,25.27,81.5,1.83,8.565,89.89,102210.56
TWB14,Uvalde_2020_02,29.60214,-99.73007,436.7784,6/28/21,p,2021,06/24/2021 09:55 CDT,97251,25.32,81.5,2.445,8.565,107.2,102211.13
TWB14,Uvalde_2020_02,29.60214,-99.73007,436.7784,6/28/21,p,2021,06/24/2021 10:00 CDT,97248,25.35,82,2.5,8.565,93.19,102207.81
TWB14,Uvalde_2020_02,29.60214,-99.73007,436.7784,6/28/21,p,2021,06/24/2021 10:05 CDT,97248,25.42,81.1,2.785,8.565,127.77,102206.62
TWB14,Uvalde_2020_02,29.60214,-99.73007,436.7784,6/28/21,p,2021,06/24/2021 10:10 CDT,97247,25.51,80.5,2.485,8.565,118.07,102203.71
TWB14,Uvalde_2020_02,29.60214,-99.73007,436.7784,6/28/21,p,2021,06/24/2021 10:15 CDT,97245,25.49,81.3,2.62,8.565,91.44,102201.43
TWB14,Uvalde_2020_02,29.60214,-99.73007,436.7784,6/28/21,p,2021,06/24/2021 10:20 CDT,97241,25.48,80.7,2.36,8.565,130.98,102197.91
TWB14,Uvalde_2020_02,29.60214,-99.73007,436.7784,6/28/21,p,2021,06/24/2021 10:25 CDT,97244,25.6,80.3,2.19,8.565,150.14,102199.54
TWB14,Uvalde_2020_02,29.60214,-99.73007,436.7784,6/28/21,p,2021,06/24/2021 10:30 CDT,97244,25.74,79.83,2.085,8.565,142.18,102196.83
TWB14,Uvalde_2020_02,29.60214,-99.73007,436.7784,6/28/21,p,2021,06/24/2021 10:35 CDT,97244,25.84,79.63,2.15,8.565,131.72,102195.14
TWB14,Uvalde_2020_02,29.60214,-99.73007,436.7784,6/28/21,p,2021,06/24/2021 10:40 CDT,97244,25.85,80.4,2.22,8.565,100.91,102194.46
TWB14,Uvalde_2020_02,29.60214,-99.73007,436.7784,6/28/21,p,2021,06/24/2021 10:45 CDT,97244,25.84,80.4,2.085,8.565,138.54,102194.63
TWB14,Uvalde_2020_02,29.60214,-99.73007,436.7784,6/28/21,p,2021,06/24/2021 10:50 CDT,97243,25.97,79.55,2.45,8.565,132.45,102191.72
TWB14,Uvalde_2020_02,29.60214,-99.73007,436.7784,6/28/21,p,2021,06/24/2021 10:55 CDT,97241,26.02,79.08,1.955,8.565,126.64,102188.61
TWB14,Uvalde_2020_02,29.60214,-99.73007,436.7784,6/28/21,p,2021,06/24/2021 11:00 CDT,97241,26.08,79.89,2.375,8.565,127.44,102187.59
TWB14,Uvalde_2020_02,29.60214,-99.73007,436.7784,6/28/21,p,2021,06/24/2021 11:05 CDT,97240,26.11,79.99,1.765,8.565,120.83,102186.03
TWB14,Uvalde_2020_02,29.60214,-99.73007,436.7784,6/28/21,p,2021,06/24/2021 11:10 CDT,97239,26.24,79.22,1.84,8.565,161.45,102183.46
TWB14,Uvalde_2020_02,29.60214,-99.73007,436.7784,6/28/21,p,2021,06/24/2021 11:15 CDT,97240,26.34,78.47,2.695,8.565,191.41,102181.99
TWB14,Uvalde_2020_02,29.60214,-99.73007,436.7784,6/28/21,p,2021,06/24/2021 11:20 CDT,97240,26.35,77.8,2.37,8.565,142.31,102181.32
TWB14,Uvalde_2020_02,29.60214,-99.73007,436.7784,6/28/21,p,2021,06/24/2021 11:25 CDT,97241,26.37,79.86,2.6,8.565,179.8,102182.18
TWB14,Uvalde_2020_02,29.60214,-99.73007,436.7784,6/28/21,p,2021,06/24/2021 11:30 CDT,97245,26.61,78.68,2.21,8.565,210.94,102183.36
TWB14,Uvalde_2020_02,29.60214,-99.73007,436.7784,6/28/21,p,2021,06/24/2021 11:35 CDT,97250,26.88,76.22,2.05,8.565,361.2,102184.26
TWB14,Uvalde_2020_02,29.60214,-99.73007,436.7784,6/28/21,p,2021,06/24/2021 11:40 CDT,97244,26.94,76.18,2.445,8.565,250.61,102175.61
TWB14,Uvalde_2020_02,29.60214,-99.73007,436.7784,6/28/21,p,2021,06/24/2021 11:45 CDT,97241,27.19,74.09,2.905,8.565,452.74,102167.77
TWB14,Uvalde_2020_02,29.60214,-99.73007,436.7784,6/28/21,p,2021,06/24/2021 11:50 CDT,97244,27.08,75.91,2.86,8.565,182.32,102170.4
TWB14,Uvalde_2020_02,29.60214,-99.73007,436.7784,6/28/21,p,2021,06/24/2021 11:55 CDT,97242,26.81,77.06,2.79,8.565,135.64,102172.99
TWB14,Uvalde_2020_02,29.60214,-99.73007,436.7784,6/28/21,p,2021,06/24/2021 12:00 CDT,97239,26.7,78.54,2.245,8.565,209.88,102173.19
TWB14,Uvalde_2020_02,29.60214,-99.73007,436.7784,6/28/21,p,2021,06/24/2021 12:05 CDT,97236,27.04,75.7,2.22,8.565,553.4,102166.03
TWB14,Uvalde_2020_02,29.60214,-99.73007,436.7784,6/28/21,p,2021,06/24/2021 12:10 CDT,97234,27.46,74.79,2.44,8.565,246.29,102156.56
TWB14,Uvalde_2020_02,29.60214,-99.73007,436.7784,6/28/21,p,2021,06/24/2021 12:15 CDT,97234,27.3,75.5,2.515,8.565,194.21,102157.72
TWB14,Uvalde_2020_02,29.60214,-99.73007,436.7784,6/28/21,p,2021,06/24/2021 12:20 CDT,97227,27.55,74.12,2.14,8.565,444.69,102147.7
TWB14,Uvalde_2020_02,29.60214,-99.73007,436.7784,6/28/21,p,2021,06/24/2021 12:25 CDT,97217,28.14,70.88,3.52,8.565,729.34,102126.38
TWB14,Uvalde_2020_02,29.60214,-99.73007,436.7784,6/28/21,p,2021,06/24/2021 12:30 CDT,97205,28.46,68.96,3.165,8.565,477.2,102104.49
TWB14,Uvalde_2020_02,29.60214,-99.73007,436.7784,6/28/21,p,2021,06/24/2021 12:35 CDT,97203,28.16,71.11,2.94,8.565,256.6,102107.68
TWB14,Uvalde_2020_02,29.60214,-99.73007,436.7784,6/28/21,p,2021,06/24/2021 12:40 CDT,97199,28.2,68.55,2.33,8.565,554.79,102105
TWB14,Uvalde_2020_02,29.60214,-99.73007,436.7784,6/28/21,p,2021,06/24/2021 12:45 CDT,97189,28.64,66.26,2.67,8.565,516.84,102087.87
TWB14,Uvalde_2020_02,29.60214,-99.73007,436.7784,6/28/21,p,2021,06/24/2021 12:50 CDT,97184,28.99,66.56,2.51,8.565,478.52,102077.32
TWB14,Uvalde_2020_02,29.60214,-99.73007,436.7784,6/28/21,p,2021,06/24/2021 12:55 CDT,97180,29.22,64.44,3.12,8.565,512.85,102068.67
TWB14,Uvalde_2020_02,29.60214,-99.73007,436.7784,6/28/21,p,2021,06/24/2021 13:00 CDT,97180,29.13,66.32,2.55,7.9,378.9,102068.65
TWB14,Uvalde_2020_02,29.60214,-99.73007,436.7784,6/28/21,p,2021,06/24/2021 13:05 CDT,97171,29.29,64.16,2.375,7.9,259.5,102057.08
TWB14,Uvalde_2020_02,29.60214,-99.73007,436.7784,6/28/21,p,2021,06/24/2021 13:10 CDT,97169,29.33,63.25,2.45,7.9,597.53,102054.99
TWB14,Uvalde_2020_02,29.60214,-99.73007,436.7784,6/28/21,p,2021,06/24/2021 13:15 CDT,97168,29.66,63.92,2.82,7.9,372.52,102047.5
TWB14,Uvalde_2020_02,29.60214,-99.73007,436.7784,6/28/21,p,2021,06/24/2021 13:20 CDT,97158,29.68,61.03,2.685,7.9,405.33,102037.52
TWB14,Uvalde_2020_02,29.60214,-99.73007,436.7784,6/28/21,p,2021,06/24/2021 13:25 CDT,97151,29.94,59.51,2.91,7.9,730.83,102025.91
TWB14,Uvalde_2020_02,29.60214,-99.73007,436.7784,6/28/21,p,2021,06/24/2021 13:30 CDT,97141,30.69,58.5,2.14,7.9,797.85,102004.28
TWB14,Uvalde_2020_02,29.60214,-99.73007,436.7784,6/28/21,p,2021,06/24/2021 13:35 CDT,97139,31.01,56.78,2.975,7.9,788.06,101993.06
TWB14,Uvalde_2020_02,29.60214,-99.73007,436.7784,6/28/21,p,2021,06/24/2021 13:40 CDT,97133,30.84,56.51,3.195,8.235,695.91,101988.88
TWB14,Uvalde_2020_02,29.60214,-99.73007,436.7784,6/28/21,p,2021,06/24/2021 13:45 CDT,97126,30.97,56.24,3.005,8.235,535.81,101979.74
TWB14,Uvalde_2020_02,29.60214,-99.73007,436.7784,6/28/21,p,2021,06/24/2021 13:50 CDT,97119,30.78,56.91,2.745,8.235,526.07,101975.8
TWB14,Uvalde_2020_02,29.60214,-99.73007,436.7784,6/28/21,p,2021,06/24/2021 13:55 CDT,97110,30.72,58.26,2.865,8.235,475.02,101967.15
TWB14,Uvalde_2020_02,29.60214,-99.73007,436.7784,6/28/21,p,2021,06/24/2021 14:00 CDT,97104,30.66,58.69,2.78,8.235,261.05,101963.3
TWB14,Uvalde_2020_02,29.60214,-99.73007,436.7784,6/28/21,p,2021,06/24/2021 14:05 CDT,97101,30.39,59.13,2.785,8.235,330.31,101965.21
TWB14,Uvalde_2020_02,29.60214,-99.73007,436.7784,6/28/21,p,2021,06/24/2021 14:10 CDT,97088,30.38,60.31,2.945,8.235,278.69,101952.53
TWB14,Uvalde_2020_02,29.60214,-99.73007,436.7784,6/28/21,p,2021,06/24/2021 14:15 CDT,97087,30.35,59.94,3.28,8.235,587.25,101951.65
TWB14,Uvalde_2020_02,29.60214,-99.73007,436.7784,6/28/21,p,2021,06/24/2021 14:20 CDT,97081,30.63,58.76,3.77,8.235,424.11,101939.47
TWB14,Uvalde_2020_02,29.60214,-99.73007,436.7784,6/28/21,p,2021,06/24/2021 14:25 CDT,97071,31.09,56.87,2.625,8.235,683.05,101923.77
TWB14,Uvalde_2020_02,29.60214,-99.73007,436.7784,6/28/21,p,2021,06/24/2021 14:30 CDT,97059,31.17,56.87,3.495,8.235,620.08,101907.1
TWB14,Uvalde_2020_02,29.60214,-99.73007,436.7784,6/28/21,p,2021,06/24/2021 14:35 CDT,97052,31.49,54.75,3.08,8.235,743.04,101897.18
TWB14,Uvalde_2020_02,29.60214,-99.73007,436.7784,6/28/21,p,2021,06/24/2021 14:40 CDT,97052,31.55,55.86,3.17,8.235,700.93,101893.59
TWB14,Uvalde_2020_02,29.60214,-99.73007,436.7784,6/28/21,p,2021,06/24/2021 14:45 CDT,97044,31.85,53.61,3.01,8.235,792.7,101881.17
TWB14,Uvalde_2020_02,29.60214,-99.73007,436.7784,6/28/21,p,2021,06/24/2021 14:50 CDT,97024,32.05,52.83,2.985,8.235,773.25,101857.11
TWB14,Uvalde_2020_02,29.60214,-99.73007,436.7784,6/28/21,p,2021,06/24/2021 14:55 CDT,97017,32.02,53.3,3.19,8.235,492.34,101848.78
TWB14,Uvalde_2020_02,29.60214,-99.73007,436.7784,6/28/21,p,2021,06/24/2021 15:00 CDT,97004,31.91,50.44,3.35,8.235,716.39,101838.24
TWB14,Uvalde_2020_02,29.60214,-99.73007,436.7784,6/28/21,p,2021,06/24/2021 15:05 CDT,96994,32.35,50.2,2.765,8.235,746.42,101819.51
TWB14,Uvalde_2020_02,29.60214,-99.73007,436.7784,6/28/21,p,2021,06/24/2021 15:10 CDT,96983,32.44,49.83,3.045,8.235,733.12,101804.91
TWB14,Uvalde_2020_02,29.60214,-99.73007,436.7784,6/28/21,p,2021,06/24/2021 15:15 CDT,96977,32.55,49.45,3.055,8.235,730.36,101798.61
TWB14,Uvalde_2020_02,29.60214,-99.73007,436.7784,6/28/21,p,2021,06/24/2021 15:20 CDT,96967,32.55,49.39,3.225,8.235,766.16,101788.12
TWB14,Uvalde_2020_02,29.60214,-99.73007,436.7784,6/28/21,p,2021,06/24/2021 15:25 CDT,96963,32.77,51.34,2.655,8.235,742.71,101777.62
TWB14,Uvalde_2020_02,29.60214,-99.73007,436.7784,6/28/21,p,2021,06/24/2021 15:30 CDT,96962,32.68,50.56,3.145,8.235,334.97,101777.23
TWB14,Uvalde_2020_02,29.60214,-99.73007,436.7784,6/28/21,p,2021,06/24/2021 15:35 CDT,96961,31.94,52.48,3.035,8.235,245.73,101789.84
TWB14,Uvalde_2020_02,29.60214,-99.73007,436.7784,6/28/21,p,2021,06/24/2021 15:40 CDT,96957,31.9,50.99,2.39,8.235,485.29,101789.06
TWB14,Uvalde_2020_02,29.60214,-99.73007,436.7784,6/28/21,p,2021,06/24/2021 15:45 CDT,96954,32.02,52.81,3.345,8.235,392.69,101783.14
TWB14,Uvalde_2020_02,29.60214,-99.73007,436.7784,6/28/21,p,2021,06/24/2021 15:50 CDT,96936,31.94,51.6,3.94,8.235,463.52,101767.65
TWB14,Uvalde_2020_02,29.60214,-99.73007,436.7784,6/28/21,p,2021,06/24/2021 15:55 CDT,96930,32.32,50.52,3.37,8.235,511.54,101755.39
TWB14,Uvalde_2020_02,29.60214,-99.73007,436.7784,6/28/21,p,2021,06/24/2021 16:00 CDT,96929,32.1,50.76,3.465,8.235,516.37,101756.59
TWB14,Uvalde_2020_02,29.60214,-99.73007,436.7784,6/28/21,p,2021,06/24/2021 16:05 CDT,96925,32.29,50.99,3.34,8.235,380.85,101749.65
TWB14,Uvalde_2020_02,29.60214,-99.73007,436.7784,6/28/21,p,2021,06/24/2021 16:10 CDT,96916,32.76,50.15,2.29,8.235,408.76,101734.57
TWB14,Uvalde_2020_02,29.60214,-99.73007,436.7784,6/28/21,p,2021,06/24/2021 16:15 CDT,96907,32.47,49.61,3.1,8.235,517.15,101726.58
TWB14,Uvalde_2020_02,29.60214,-99.73007,436.7784,6/28/21,p,2021,06/24/2021 16:20 CDT,96906,32.55,52.07,3.165,8.235,290.05,101724.37
TWB14,Uvalde_2020_02,29.60214,-99.73007,436.7784,6/28/21,p,2021,06/24/2021 16:25 CDT,96908,32.37,49.78,3.69,8.235,512.52,101729.56
TWB14,Uvalde_2020_02,29.60214,-99.73007,436.7784,6/28/21,p,2021,06/24/2021 16:30 CDT,96900,32.19,51.7,3.395,8.235,170.9,101724.68
TWB14,Uvalde_2020_02,29.60214,-99.73007,436.7784,6/28/21,p,2021,06/24/2021 16:35 CDT,96896,32.19,50.32,2.705,8.235,502.17,101722.92
TWB14,Uvalde_2020_02,29.60214,-99.73007,436.7784,6/28/21,p,2021,06/24/2021 16:40 CDT,96885,32.6,50.73,3.33,8.235,384.48,101703.47
TWB14,Uvalde_2020_02,29.60214,-99.73007,436.7784,6/28/21,p,2021,06/24/2021 16:45 CDT,96877,32.26,51.1,2.78,8.235,250.83,101699.9
TWB14,Uvalde_2020_02,29.60214,-99.73007,436.7784,6/28/21,p,2021,06/24/2021 16:50 CDT,96873,32.6,50.15,2.68,8.235,542.16,101693.14
TWB14,Uvalde_2020_02,29.60214,-99.73007,436.7784,6/28/21,p,2021,06/24/2021 16:55 CDT,96868,32.91,48.1,3.625,8.235,549.08,101680.2
TWB14,Uvalde_2020_02,29.60214,-99.73007,436.7784,6/28/21,p,2021,06/24/2021 17:00 CDT,96853,32.75,49.79,3.725,8.235,297.01,101665.55
TWB14,Uvalde_2020_02,29.60214,-99.73007,436.7784,6/28/21,p,2021,06/24/2021 17:05 CDT,96851,32.65,51.87,2.835,8.235,512.42,101667.12
TWB14,Uvalde_2020_02,29.60214,-99.73007,436.7784,6/28/21,p,2021,06/24/2021 17:10 CDT,96833,33.12,47.93,3.32,8.315,388.26,101641.05
TWB14,Uvalde_2020_02,29.60214,-99.73007,436.7784,6/28/21,p,2021,06/24/2021 17:15 CDT,96828,32.61,49.15,3.55,8.235,194.69,101641.73
TWB14,Uvalde_2020_02,29.60214,-99.73007,436.7784,6/28/21,p,2021,06/24/2021 17:20 CDT,96835,32.36,49.01,3.495,8.235,267.81,101655.68
TWB14,Uvalde_2020_02,29.60214,-99.73007,436.7784,6/28/21,p,2021,06/24/2021 17:25 CDT,96827,32.5,49.05,3.255,8.235,291.95,101646.47
TWB14,Uvalde_2020_02,29.60214,-99.73007,436.7784,6/28/21,p,2021,06/24/2021 17:30 CDT,96823,32.79,48.98,2.585,8.235,373.92,101637.61
TWB14,Uvalde_2020_02,29.60214,-99.73007,436.7784,6/28/21,p,2021,06/24/2021 17:35 CDT,96819,33.1,48.04,3.41,8.235,458.74,101628.44
TWB14,Uvalde_2020_02,29.60214,-99.73007,436.7784,6/28/21,p,2021,06/24/2021 17:40 CDT,96821,33.14,46.76,3.845,8.235,327.96,101627.83
TWB14,Uvalde_2020_02,29.60214,-99.73007,436.7784,6/28/21,p,2021,06/24/2021 17:45 CDT,96820,32.81,47.1,2.64,8.235,293.01,101632.39
TWB14,Uvalde_2020_02,29.60214,-99.73007,436.7784,6/28/21,p,2021,06/24/2021 17:50 CDT,96812,33.23,46.36,2.28,8.235,410.2,101619.83
TWB14,Uvalde_2020_02,29.60214,-99.73007,436.7784,6/28/21,p,2021,06/24/2021 17:55 CDT,96808,33.46,44.94,3.43,8.235,359.27,101610.05
TWB14,Uvalde_2020_02,29.60214,-99.73007,436.7784,6/28/21,p,2021,06/24/2021 18:00 CDT,96807,33.14,46.53,3.3,8.235,253.43,101612.98
TWB14,Uvalde_2020_02,29.60214,-99.73007,436.7784,6/28/21,p,2021,06/24/2021 18:05 CDT,96799,33.19,47,2.945,8.235,383.58,101605.86
TWB14,Uvalde_2020_02,29.60214,-99.73007,436.7784,6/28/21,p,2021,06/24/2021 18:10 CDT,96797,33.57,45.75,2.81,8.235,362.7,101598.81
TWB14,Uvalde_2020_02,29.60214,-99.73007,436.7784,6/28/21,p,2021,06/24/2021 18:15 CDT,96796,33.41,46.15,2.84,8.235,149.2,101596.96
TWB14,Uvalde_2020_02,29.60214,-99.73007,436.7784,6/28/21,p,2021,06/24/2021 18:20 CDT,96789,32.94,45.48,3.55,8.65,332.01,101597.95
TWB14,Uvalde_2020_02,29.60214,-99.73007,436.7784,6/28/21,p,2021,06/24/2021 18:25 CDT,96785,33.16,46.15,2.96,8.4,214.51,101591.65
TWB14,Uvalde_2020_02,29.60214,-99.73007,436.7784,6/28/21,p,2021,06/24/2021 18:30 CDT,96783,32.75,46.76,3.35,8.4,108.56,101594.36
TWB14,Uvalde_2020_02,29.60214,-99.73007,436.7784,6/28/21,p,2021,06/24/2021 18:35 CDT,96773,32.46,47.13,3.085,8.4,188.27,101590.29
TWB14,Uvalde_2020_02,29.60214,-99.73007,436.7784,6/28/21,p,2021,06/24/2021 18:40 CDT,96772,32.8,46.36,2.795,8.4,256.71,101586.03
TWB14,Uvalde_2020_02,29.60214,-99.73007,436.7784,6/28/21,p,2021,06/24/2021 18:45 CDT,96772,32.75,47.1,3.37,8.4,105.83,101584.42
TWB14,Uvalde_2020_02,29.60214,-99.73007,436.7784,6/28/21,p,2021,06/24/2021 18:50 CDT,96780,32.53,47.13,3.025,8.4,192.38,101597.32
TWB14,Uvalde_2020_02,29.60214,-99.73007,436.7784,6/28/21,p,2021,06/24/2021 18:55 CDT,96781,32.59,46.69,2.975,8.4,205.55,101597.73
TWB14,Uvalde_2020_02,29.60214,-99.73007,436.7784,6/28/21,p,2021,06/24/2021 19:00 CDT,96778,32.69,46.56,2.875,8.4,193.95,101593.62
TWB14,Uvalde_2020_02,29.60214,-99.73007,436.7784,6/28/21,p,2021,06/24/2021 19:05 CDT,96784,32.57,47.64,3.21,8.4,108.3,101600.71
TWB14,Uvalde_2020_02,29.60214,-99.73007,436.7784,6/28/21,p,2021,06/24/2021 19:10 CDT,96782,32.39,48.31,2.83,8.4,163.43,101601.82
TWB14,Uvalde_2020_02,29.60214,-99.73007,436.7784,6/28/21,p,2021,06/24/2021 19:15 CDT,96778,32.48,48.42,3.03,8.4,154.96,101597.46
TWB14,Uvalde_2020_02,29.60214,-99.73007,436.7784,6/28/21,p,2021,06/24/2021 19:20 CDT,96780,32.48,47.74,3.755,8.4,150.65,101599.4
TWB14,Uvalde_2020_02,29.60214,-99.73007,436.7784,6/28/21,p,2021,06/24/2021 19:25 CDT,96785,32.45,47.78,3.055,8.4,123.23,101604.81
TWB14,Uvalde_2020_02,29.60214,-99.73007,436.7784,6/28/21,p,2021,06/24/2021 19:30 CDT,96798,32.3,47.88,3.615,8.4,79.2,101620.23
TWB14,Uvalde_2020_02,29.60214,-99.73007,436.7784,6/28/21,p,2021,06/24/2021 19:35 CDT,96801,32.08,48.25,3.485,8.4,85.08,101627.25
TWB14,Uvalde_2020_02,29.60214,-99.73007,436.7784,6/28/21,p,2021,06/24/2021 19:40 CDT,96804,32.05,48.76,3.355,8.4,63.62,101631.53
TWB14,Uvalde_2020_02,29.60214,-99.73007,436.7784,6/28/21,p,2021,06/24/2021 19:45 CDT,96809,31.89,50.14,2.465,8.4,46.02,101639.19
TWB14,Uvalde_2020_02,29.60214,-99.73007,436.7784,6/28/21,p,2021,06/24/2021 19:50 CDT,96811,31.81,50.08,3.425,8.4,58.34,101642.91
TWB14,Uvalde_2020_02,29.60214,-99.73007,436.7784,6/28/21,p,2021,06/24/2021 19:55 CDT,96811,31.79,50.07,3.265,8.4,71.11,101643.72
TWB14,Uvalde_2020_02,29.60214,-99.73007,436.7784,6/28/21,p,2021,06/24/2021 20:00 CDT,96810,31.74,50.48,3.19,8.4,58.56,101643.47
TWB14,Uvalde_2020_02,29.60214,-99.73007,436.7784,6/28/21,p,2021,06/24/2021 20:05 CDT,96811,31.66,50.58,2.92,8.4,43.39,101645.82
TWB14,Uvalde_2020_02,29.60214,-99.73007,436.7784,6/28/21,p,2021,06/24/2021 20:10 CDT,96820,31.56,51.42,2.57,8.4,33.45,101656.72
TWB14,Uvalde_2020_02,29.60214,-99.73007,436.7784,6/28/21,p,2021,06/24/2021 20:15 CDT,96828,31.45,51.69,3.04,8.4,30.49,101667.06
TWB14,Uvalde_2020_02,29.60214,-99.73007,436.7784,6/28/21,p,2021,06/24/2021 20:20 CDT,96836,31.36,52.3,3.16,8.4,26.16,101676.75
TWB14,Uvalde_2020_02,29.60214,-99.73007,436.7784,6/28/21,p,2021,06/24/2021 20:25 CDT,96838,31.3,52.13,1.93,8.4,16.26,101679.67
TWB14,Uvalde_2020_02,29.60214,-99.73007,436.7784,6/28/21,p,2021,06/24/2021 20:30 CDT,96839,31.22,52.13,2.61,8.4,11.76,101682.35
TWB14,Uvalde_2020_02,29.60214,-99.73007,436.7784,6/28/21,p,2021,06/24/2021 20:35 CDT,96844,31.14,52.94,2.52,8.4,7.35,101688.89
TWB14,Uvalde_2020_02,29.60214,-99.73007,436.7784,6/28/21,p,2021,06/24/2021 20:40 CDT,96861,31.08,54.93,3.255,8.4,3.82,101707.69
TWB14,Uvalde_2020_02,29.60214,-99.73007,436.7784,6/28/21,p,2021,06/24/2021 20:45 CDT,96860,30.89,57.69,3.995,7.985,2.83,101708.73
TWB14,Uvalde_2020_02,29.60214,-99.73007,436.7784,6/28/21,p,2021,06/24/2021 20:50 CDT,96856,30.67,59.44,3.385,7.985,1.88,101708.1
TWB14,Uvalde_2020_02,29.60214,-99.73007,436.7784,6/28/21,p,2021,06/24/2021 20:55 CDT,96861,30.46,61.13,3.545,7.985,1.03,101716.92
TWB14,Uvalde_2020_02,29.60214,-99.73007,436.7784,6/28/21,p,2021,06/24/2021 21:00 CDT,96867,30.25,62.21,4.465,8.985,0.3,101726.81
TWB14,Uvalde_2020_02,29.60214,-99.73007,436.7784,6/28/21,p,2021,06/24/2021 21:05 CDT,96871,30.12,63.08,4.885,9.565,0.06,101733.13
TWB14,Uvalde_2020_02,29.60214,-99.73007,436.7784,6/28/21,p,2021,06/24/2021 21:10 CDT,96871,29.96,63.86,4.11,9.15,0.05,101735.91
TWB14,Uvalde_2020_02,29.60214,-99.73007,436.7784,6/28/21,p,2021,06/24/2021 21:15 CDT,96879,29.82,64.87,3.415,9.15,0.17,101746.44
TWB14,Uvalde_2020_02,29.60214,-99.73007,436.7784,6/28/21,p,2021,06/24/2021 21:20 CDT,96888,29.68,65.51,4.18,9.15,0,101758.51
TWB14,Uvalde_2020_02,29.60214,-99.73007,436.7784,6/28/21,p,2021,06/24/2021 21:25 CDT,96893,29.57,66.32,4.225,9.4,0.05,101765.4
TWB14,Uvalde_2020_02,29.60214,-99.73007,436.7784,6/28/21,p,2021,06/24/2021 21:30 CDT,96889,29.46,66.66,4.3,9.23,0.02,101763.34
TWB14,Uvalde_2020_02,29.60214,-99.73007,436.7784,6/28/21,p,2021,06/24/2021 21:35 CDT,96892,29.34,67.47,3.325,9.23,0.09,101768.13
TWB14,Uvalde_2020_02,29.60214,-99.73007,436.7784,6/28/21,p,2021,06/24/2021 21:40 CDT,96902,29.25,67.81,4.025,9.23,0,101780.28
TWB14,Uvalde_2020_02,29.60214,-99.73007,436.7784,6/28/21,p,2021,06/24/2021 21:45 CDT,96895,29.14,68.28,4.36,9.23,0,101774.9
TWB14,Uvalde_2020_02,29.60214,-99.73007,436.7784,6/28/21,p,2021,06/24/2021 21:50 CDT,96893,29.02,68.82,3.655,9.23,0,101774.61
TWB14,Uvalde_2020_02,29.60214,-99.73007,436.7784,6/28/21,p,2021,06/24/2021 21:55 CDT,96899,28.9,69.62,3.655,9.23,0.03,101782.89
TWB14,Uvalde_2020_02,29.60214,-99.73007,436.7784,6/28/21,p,2021,06/24/2021 22:00 CDT,96902,28.78,70.16,4.485,9.23,0,101788.18
TWB14,Uvalde_2020_02,29.60214,-99.73007,436.7784,6/28/21,p,2021,06/24/2021 22:05 CDT,96907,28.68,70.57,3.7,9.63,0.02,101794.76
TWB14,Uvalde_2020_02,29.60214,-99.73007,436.7784,6/28/21,p,2021,06/24/2021 22:10 CDT,96916,28.56,70.91,4.39,9.3,0.01,101806.53
TWB14,Uvalde_2020_02,29.60214,-99.73007,436.7784,6/28/21,p,2021,06/24/2021 22:15 CDT,96929,28.47,71.45,3.815,9.215,0,101821.5
TWB14,Uvalde_2020_02,29.60214,-99.73007,436.7784,6/28/21,p,2021,06/24/2021 22:20 CDT,96943,28.37,71.99,2.945,9.215,0.03,101837.87
TWB14,Uvalde_2020_02,29.60214,-99.73007,436.7784,6/28/21,p,2021,06/24/2021 22:25 CDT,96948,28.25,72.46,3.3,9.215,0.05,101845.11
TWB14,Uvalde_2020_02,29.60214,-99.73007,436.7784,6/28/21,p,2021,06/24/2021 22:30 CDT,96962,28.17,72.87,3.545,9.05,0,101861.14
TWB14,Uvalde_2020_02,29.60214,-99.73007,436.7784,6/28/21,p,2021,06/24/2021 22:35 CDT,96964,28.06,73.27,3.265,9.05,0,101865.07
TWB14,Uvalde_2020_02,29.60214,-99.73007,436.7784,6/28/21,p,2021,06/24/2021 22:40 CDT,96967,27.95,73.65,3.44,9.05,0,101870.21
TWB14,Uvalde_2020_02,29.60214,-99.73007,436.7784,6/28/21,p,2021,06/24/2021 22:45 CDT,96982,27.86,73.82,4.075,9.05,0,101887.47
TWB14,Uvalde_2020_02,29.60214,-99.73007,436.7784,6/28/21,p,2021,06/24/2021 22:50 CDT,96993,27.79,74.02,3.425,9.05,0,101900.19
TWB14,Uvalde_2020_02,29.60214,-99.73007,436.7784,6/28/21,p,2021,06/24/2021 22:55 CDT,97000,27.7,74.23,3.24,9.05,0,101909.21
TWB14,Uvalde_2020_02,29.60214,-99.73007,436.7784,6/28/21,p,2021,06/24/2021 23:00 CDT,97014,27.64,74.67,3.46,9.05,0,101924.75
TWB14,Uvalde_2020_02,29.60214,-99.73007,436.7784,6/28/21,p,2021,06/24/2021 23:05 CDT,97021,27.56,74.9,3.3,9.05,0,101933.27
TWB14,Uvalde_2020_02,29.60214,-99.73007,436.7784,6/28/21,p,2021,06/24/2021 23:10 CDT,97025,27.47,74.97,3.63,9.05,0,101939.31
TWB14,Uvalde_2020_02,29.60214,-99.73007,436.7784,6/28/21,p,2021,06/24/2021 23:15 CDT,97028,27.39,75.31,3.23,9.05,0,101943.63
TWB14,Uvalde_2020_02,29.60214,-99.73007,436.7784,6/28/21,p,2021,06/24/2021 23:20 CDT,97044,27.32,75.78,2.895,9.05,0,101961.44
TWB14,Uvalde_2020_02,29.60214,-99.73007,436.7784,6/28/21,p,2021,06/24/2021 23:25 CDT,97047,27.25,76.01,2.875,9.05,0,101965.6
TWB14,Uvalde_2020_02,29.60214,-99.73007,436.7784,6/28/21,p,2021,06/24/2021 23:30 CDT,97057,27.17,76.08,2.91,9.05,0,101977.78
TWB14,Uvalde_2020_02,29.60214,-99.73007,436.7784,6/28/21,p,2021,06/24/2021 23:35 CDT,97067,27.11,76.18,3.48,9.05,0,101989.29
TWB14,Uvalde_2020_02,29.60214,-99.73007,436.7784,6/28/21,p,2021,06/24/2021 23:40 CDT,97066,27.04,76.25,3.87,9.05,0,101989.42
TWB14,Uvalde_2020_02,29.60214,-99.73007,436.7784,6/28/21,p,2021,06/24/2021 23:45 CDT,97063,26.97,76.59,3.465,9.05,0,101987.1
TWB14,Uvalde_2020_02,29.60214,-99.73007,436.7784,6/28/21,p,2021,06/24/2021 23:50 CDT,97067,26.87,76.79,3.395,9.05,0,101993.15
TWB14,Uvalde_2020_02,29.60214,-99.73007,436.7784,6/28/21,p,2021,06/24/2021 23:55 CDT,97068,26.81,76.79,3.59,9.05,0,101995.21
TWB14,Uvalde_2020_02,29.60214,-99.73007,436.7784,6/28/21,p,2021,06/25/2021 00:00 CDT,97077,26.76,77.13,2.64,9.05,0,102005.5
TWB14,Uvalde_2020_02,29.60214,-99.73007,436.7784,6/28/21,p,2021,06/25/2021 00:05 CDT,97080,26.73,76.92,2.78,9.05,0,102008.82
TWB14,Uvalde_2020_02,29.60214,-99.73007,436.7784,6/28/21,p,2021,06/25/2021 00:10 CDT,97081,26.68,76.72,3.865,9.05,0.01,102010.88
TWB14,Uvalde_2020_02,29.60214,-99.73007,436.7784,6/28/21,p,2021,06/25/2021 00:15 CDT,97080,26.61,76.79,3.565,8.385,0.01,102011.01
TWB14,Uvalde_2020_02,29.60214,-99.73007,436.7784,6/28/21,p,2021,06/25/2021 00:20 CDT,97079,26.54,76.92,3.03,8.385,0.15,102011.14
TWB14,Uvalde_2020_02,29.60214,-99.73007,436.7784,6/28/21,p,2021,06/25/2021 00:25 CDT,97078,26.47,77.06,3.15,8.385,0.19,102011.09
TWB14,Uvalde_2020_02,29.60214,-99.73007,436.7784,6/28/21,p,2021,06/25/2021 00:30 CDT,97075,26.38,77.06,3.525,9.05,0.13,102009.29
TWB14,Uvalde_2020_02,29.60214,-99.73007,436.7784,6/28/21,p,2021,06/25/2021 00:35 CDT,97072,26.29,77.2,2.98,9.05,0.22,102007.99
TWB14,Uvalde_2020_02,29.60214,-99.73007,436.7784,6/28/21,p,2021,06/25/2021 00:40 CDT,97076,26.22,77.06,3.705,9.3,0.1,102013.54
TWB14,Uvalde_2020_02,29.60214,-99.73007,436.7784,6/28/21,p,2021,06/25/2021 00:45 CDT,97076,26.16,77.2,3.43,8.965,0.04,102014.22
TWB14,Uvalde_2020_02,29.60214,-99.73007,436.7784,6/28/21,p,2021,06/25/2021 00:50 CDT,97079,26.08,77.47,3.11,8.965,0.03,102018.89
TWB14,Uvalde_2020_02,29.60214,-99.73007,436.7784,6/28/21,p,2021,06/25/2021 00:55 CDT,97077,26.04,77.33,2.765,8.965,0,102017.8
TWB14,Uvalde_2020_02,29.60214,-99.73007,436.7784,6/28/21,p,2021,06/25/2021 01:00 CDT,97070,25.99,77.47,2.82,8.965,0,102011.29
TWB14,Uvalde_2020_02,29.60214,-99.73007,436.7784,6/28/21,p,2021,06/25/2021 01:05 CDT,97072,25.95,77.41,3.21,8.965,0,102013.9
TWB14,Uvalde_2020_02,29.60214,-99.73007,436.7784,6/28/21,p,2021,06/25/2021 01:10 CDT,97073,25.94,77.4,2.965,8.965,0,102014.95
TWB14,Uvalde_2020_02,29.60214,-99.73007,436.7784,6/28/21,p,2021,06/25/2021 01:15 CDT,97070,25.9,77.64,2.68,8.965,0,102012.47
TWB14,Uvalde_2020_02,29.60214,-99.73007,436.7784,6/28/21,p,2021,06/25/2021 01:20 CDT,97073,25.87,77.61,3.11,8.965,0,102015.96
TWB14,Uvalde_2020_02,29.60214,-99.73007,436.7784,6/28/21,p,2021,06/25/2021 01:25 CDT,97073,25.83,77.41,2.975,8.965,0,102016.81
TWB14,Uvalde_2020_02,29.60214,-99.73007,436.7784,6/28/21,p,2021,06/25/2021 01:30 CDT,97072,25.81,77.41,2.55,8.965,0,102016.09
TWB14,Uvalde_2020_02,29.60214,-99.73007,436.7784,6/28/21,p,2021,06/25/2021 01:35 CDT,97072,25.78,77.48,3.085,8.965,0,102016.6
TWB14,Uvalde_2020_02,29.60214,-99.73007,436.7784,6/28/21,p,2021,06/25/2021 01:40 CDT,97062,25.73,77.54,2.405,8.965,0,102007.11
TWB14,Uvalde_2020_02,29.60214,-99.73007,436.7784,6/28/21,p,2021,06/25/2021 01:45 CDT,97071,25.69,77.41,2.94,8.965,0,102017.24
TWB14,Uvalde_2020_02,29.60214,-99.73007,436.7784,6/28/21,p,2021,06/25/2021 01:50 CDT,97071,25.68,77.48,2.395,8.965,0,102017.24
TWB14,Uvalde_2020_02,29.60214,-99.73007,436.7784,6/28/21,p,2021,06/25/2021 01:55 CDT,97070,25.65,77.75,2.8,8.965,0,102016.53
TWB14,Uvalde_2020_02,29.60214,-99.73007,436.7784,6/28/21,p,2021,06/25/2021 02:00 CDT,97072,25.61,78.08,2.95,8.965,0,102019.3
TWB14,Uvalde_2020_02,29.60214,-99.73007,436.7784,6/28/21,p,2021,06/25/2021 02:05 CDT,97082,25.57,78.62,2.995,8.965,0,102030.32
TWB14,Uvalde_2020_02,29.60214,-99.73007,436.7784,6/28/21,p,2021,06/25/2021 02:10 CDT,97085,25.54,79.09,2.68,8.965,0,102034.14
TWB14,Uvalde_2020_02,29.60214,-99.73007,436.7784,6/28/21,p,2021,06/25/2021 02:15 CDT,97080,25.5,79.43,3.82,8.965,0,102029.56
TWB14,Uvalde_2020_02,29.60214,-99.73007,436.7784,6/28/21,p,2021,06/25/2021 02:20 CDT,97083,25.47,79.7,2.935,8.965,0,102033.56
TWB14,Uvalde_2020_02,29.60214,-99.73007,436.7784,6/28/21,p,2021,06/25/2021 02:25 CDT,97080,25.43,80.2,3.015,8.965,0,102031.08
TWB14,Uvalde_2020_02,29.60214,-99.73007,436.7784,6/28/21,p,2021,06/25/2021 02:30 CDT,97076,25.4,80.7,3.4,8.965,0,102027.04
TWB14,Uvalde_2020_02,29.60214,-99.73007,436.7784,6/28/21,p,2021,06/25/2021 02:35 CDT,97067,25.35,81.2,3.045,8.965,0,102018.26
TWB14,Uvalde_2020_02,29.60214,-99.73007,436.7784,6/28/21,p,2021,06/25/2021 02:40 CDT,97068,25.31,81.7,3.305,8.965,0.01,102019.98
TWB14,Uvalde_2020_02,29.60214,-99.73007,436.7784,6/28/21,p,2021,06/25/2021 02:45 CDT,97067,25.27,82,3.44,8.965,0,102019.78
TWB14,Uvalde_2020_02,29.60214,-99.73007,436.7784,6/28/21,p,2021,06/25/2021 02:50 CDT,97072,25.23,82.2,2.625,8.965,0,102025.88
TWB14,Uvalde_2020_02,29.60214,-99.73007,436.7784,6/28/21,p,2021,06/25/2021 02:55 CDT,97064,25.2,82.6,2.72,8.965,0,102017.81
TWB14,Uvalde_2020_02,29.60214,-99.73007,436.7784,6/28/21,p,2021,06/25/2021 03:00 CDT,97068,25.16,82.9,3.155,8.965,0,102022.86
TWB14,Uvalde_2020_02,29.60214,-99.73007,436.7784,6/28/21,p,2021,06/25/2021 03:05 CDT,97075,25.14,82.9,3.055,8.965,0,102030.56
TWB14,Uvalde_2020_02,29.60214,-99.73007,436.7784,6/28/21,p,2021,06/25/2021 03:10 CDT,97081,25.12,83.2,3.79,8.965,0,102037.03
TWB14,Uvalde_2020_02,29.60214,-99.73007,436.7784,6/28/21,p,2021,06/25/2021 03:15 CDT,97065,25.1,83.3,3.42,8.8,0,102020.55
TWB14,Uvalde_2020_02,29.60214,-99.73007,436.7784,6/28/21,p,2021,06/25/2021 03:20 CDT,97064,25.07,83.3,2.955,8.8,0,102020.01
TWB14,Uvalde_2020_02,29.60214,-99.73007,436.7784,6/28/21,p,2021,06/25/2021 03:25 CDT,97058,25.05,83.5,2.33,8.8,0.08,102014.05
TWB14,Uvalde_2020_02,29.60214,-99.73007,436.7784,6/28/21,p,2021,06/25/2021 03:30 CDT,97055,25.02,83.1,3.395,8.8,0,102011.58
TWB14,Uvalde_2020_02,29.60214,-99.73007,436.7784,6/28/21,p,2021,06/25/2021 03:35 CDT,97054,25.02,83.3,3.39,8.385,0,102010.69
TWB14,Uvalde_2020_02,29.60214,-99.73007,436.7784,6/28/21,p,2021,06/25/2021 03:40 CDT,97050,24.98,83.2,3.265,8.385,0,102007.17
TWB14,Uvalde_2020_02,29.60214,-99.73007,436.7784,6/28/21,p,2021,06/25/2021 03:45 CDT,97047,24.94,83.6,2.42,8.385,0.11,102004.52
TWB14,Uvalde_2020_02,29.60214,-99.73007,436.7784,6/28/21,p,2021,06/25/2021 03:50 CDT,97047,24.88,83.5,3.03,8.385,0,102005.72
TWB14,Uvalde_2020_02,29.60214,-99.73007,436.7784,6/28/21,p,2021,06/25/2021 03:55 CDT,97048,24.85,83.3,3.03,8.385,0.02,102007.45
TWB14,Uvalde_2020_02,29.60214,-99.73007,436.7784,6/28/21,p,2021,06/25/2021 04:00 CDT,97035,24.78,83.5,2.955,8.385,0.1,101994.8
TWB14,Uvalde_2020_02,29.60214,-99.73007,436.7784,6/28/21,p,2021,06/25/2021 04:05 CDT,97033,24.7,84,2.64,8.385,0.02,101994.23
TWB14,Uvalde_2020_02,29.60214,-99.73007,436.7784,6/28/21,p,2021,06/25/2021 04:10 CDT,97030,24.61,84.4,2.65,8.385,0,101992.78
TWB14,Uvalde_2020_02,29.60214,-99.73007,436.7784,6/28/21,p,2021,06/25/2021 04:15 CDT,97031,24.57,84.6,2.665,8.385,0,101994.51
TWB14,Uvalde_2020_02,29.60214,-99.73007,436.7784,6/28/21,p,2021,06/25/2021 04:20 CDT,97030,24.56,84.7,2.795,8.385,0,101993.46
TWB14,Uvalde_2020_02,29.60214,-99.73007,436.7784,6/28/21,p,2021,06/25/2021 04:25 CDT,97036,24.56,84.6,2.74,8.385,0,101999.77
TWB14,Uvalde_2020_02,29.60214,-99.73007,436.7784,6/28/21,p,2021,06/25/2021 04:30 CDT,97040,24.57,84.5,2.985,8.385,0,102003.97
TWB14,Uvalde_2020_02,29.60214,-99.73007,436.7784,6/28/21,p,2021,06/25/2021 04:35 CDT,97047,24.56,84.6,2.28,8.385,0,102011.33
TWB14,Uvalde_2020_02,29.60214,-99.73007,436.7784,6/28/21,p,2021,06/25/2021 04:40 CDT,97041,24.56,84.4,2.795,8.385,0,102005.02
TWB14,Uvalde_2020_02,29.60214,-99.73007,436.7784,6/28/21,p,2021,06/25/2021 04:45 CDT,97041,24.56,84,2.59,8.385,0,102005.03
TWB14,Uvalde_2020_02,29.60214,-99.73007,436.7784,6/28/21,p,2021,06/25/2021 04:50 CDT,97045,24.56,83.8,2.245,8.385,0,102009.23
TWB14,Uvalde_2020_02,29.60214,-99.73007,436.7784,6/28/21,p,2021,06/25/2021 04:55 CDT,97050,24.56,83.8,2.235,8.385,0,102014.49
TWB14,Uvalde_2020_02,29.60214,-99.73007,436.7784,6/28/21,p,2021,06/25/2021 05:00 CDT,97051,24.57,83.4,3.01,8.385,0,102015.54
TWB14,Uvalde_2020_02,29.60214,-99.73007,436.7784,6/28/21,p,2021,06/25/2021 05:05 CDT,97040,24.56,83.4,2.555,8.385,0,102003.98
TWB14,Uvalde_2020_02,29.60214,-99.73007,436.7784,6/28/21,p,2021,06/25/2021 05:10 CDT,97038,24.56,83.4,3.075,8.385,0,102001.88
TWB14,Uvalde_2020_02,29.60214,-99.73007,436.7784,6/28/21,p,2021,06/25/2021 05:15 CDT,97036,24.56,83.6,2.555,8.385,0,101999.77
TWB14,Uvalde_2020_02,29.60214,-99.73007,436.7784,6/28/21,p,2021,06/25/2021 05:20 CDT,97037,24.53,83.8,2.555,8.385,0,102000.99
TWB14,Uvalde_2020_02,29.60214,-99.73007,436.7784,6/28/21,p,2021,06/25/2021 05:25 CDT,97037,24.49,83.9,2.24,8.385,0,102001.68
TWB14,Uvalde_2020_02,29.60214,-99.73007,436.7784,6/28/21,p,2021,06/25/2021 05:30 CDT,97038,24.47,83.8,2.24,8.385,0,102003.07
TWB14,Uvalde_2020_02,29.60214,-99.73007,436.7784,6/28/21,p,2021,06/25/2021 05:35 CDT,97037,24.44,83.8,2.14,8.385,0,102002.87
TWB14,Uvalde_2020_02,29.60214,-99.73007,436.7784,6/28/21,p,2021,06/25/2021 05:40 CDT,97038,24.42,83.6,2.74,8.385,0,102004.27
TWB14,Uvalde_2020_02,29.60214,-99.73007,436.7784,6/28/21,p,2021,06/25/2021 05:45 CDT,97037,24.41,83.6,2.59,8.385,0,102003.39
TWB14,Uvalde_2020_02,29.60214,-99.73007,436.7784,6/28/21,p,2021,06/25/2021 05:50 CDT,97037,24.37,83.6,2.955,8.385,0,102004.24
TWB14,Uvalde_2020_02,29.60214,-99.73007,436.7784,6/28/21,p,2021,06/25/2021 05:55 CDT,97039,24.33,83.6,3,8.385,0,102007.2
TWB14,Uvalde_2020_02,29.60214,-99.73007,436.7784,6/28/21,p,2021,06/25/2021 06:00 CDT,97044,24.31,83.8,3.35,8.385,0,102012.79
TWB14,Uvalde_2020_02,29.60214,-99.73007,436.7784,6/28/21,p,2021,06/25/2021 06:05 CDT,97046,24.29,84.1,2.555,8.385,0,102014.89
TWB14,Uvalde_2020_02,29.60214,-99.73007,436.7784,6/28/21,p,2021,06/25/2021 06:10 CDT,97059,24.26,83.7,2.885,8.385,0,102029.25
TWB14,Uvalde_2020_02,29.60214,-99.73007,436.7784,6/28/21,p,2021,06/25/2021 06:15 CDT,97063,24.27,83.6,2.655,8.385,0,102033.62
TWB14,Uvalde_2020_02,29.60214,-99.73007,436.7784,6/28/21,p,2021,06/25/2021 06:20 CDT,97063,24.3,82.7,3.225,8.385,0,102032.95
TWB14,Uvalde_2020_02,29.60214,-99.73007,436.7784,6/28/21,p,2021,06/25/2021 06:25 CDT,97064,24.31,83,3.34,8.385,0,102033.99
TWB14,Uvalde_2020_02,29.60214,-99.73007,436.7784,6/28/21,p,2021,06/25/2021 06:30 CDT,97067,24.28,83.4,2.55,8.385,0.02,102036.97
TWB14,Uvalde_2020_02,29.60214,-99.73007,436.7784,6/28/21,p,2021,06/25/2021 06:35 CDT,97072,24.24,83.8,3,8.385,0.28,102042.74
TWB14,Uvalde_2020_02,29.60214,-99.73007,436.7784,6/28/21,p,2021,06/25/2021 06:40 CDT,97073,24.21,83.8,3.02,8.385,0.54,102044.3
TWB14,Uvalde_2020_02,29.60214,-99.73007,436.7784,6/28/21,p,2021,06/25/2021 06:45 CDT,97075,24.22,83.8,2.935,8.385,0.76,102046.41
TWB14,Uvalde_2020_02,29.60214,-99.73007,436.7784,6/28/21,p,2021,06/25/2021 06:50 CDT,97076,24.22,83.6,3.13,8.385,1.73,102047.46
TWB14,Uvalde_2020_02,29.60214,-99.73007,436.7784,6/28/21,p,2021,06/25/2021 06:55 CDT,97069,24.21,83.5,3.09,8.385,2.99,102040.1
TWB14,Uvalde_2020_02,29.60214,-99.73007,436.7784,6/28/21,p,2021,06/25/2021 07:00 CDT,97067,24.19,83.7,3.42,8.385,7.07,102038.17
TWB14,Uvalde_2020_02,29.60214,-99.73007,436.7784,6/28/21,p,2021,06/25/2021 07:05 CDT,97067,24.14,84,3.665,8.385,13.22,102039.19
TWB14,Uvalde_2020_02,29.60214,-99.73007,436.7784,6/28/21,p,2021,06/25/2021 07:10 CDT,97068,24.06,84.2,2.655,8.385,15.87,102041.78
TWB14,Uvalde_2020_02,29.60214,-99.73007,436.7784,6/28/21,p,2021,06/25/2021 07:15 CDT,97072,24.06,84,3.465,8.385,22.16,102046.5
TWB14,Uvalde_2020_02,29.60214,-99.73007,436.7784,6/28/21,p,2021,06/25/2021 07:20 CDT,97067,24.07,84,2.96,8.385,23.28,102040.73
TWB14,Uvalde_2020_02,29.60214,-99.73007,436.7784,6/28/21,p,2021,06/25/2021 07:25 CDT,97068,24.08,83.8,3.415,8.385,24.05,102041.61
TWB14,Uvalde_2020_02,29.60214,-99.73007,436.7784,6/28/21,p,2021,06/25/2021 07:30 CDT,97069,24.09,83.8,3.725,8.385,27.79,102042.49
TWB14,Uvalde_2020_02,29.60214,-99.73007,436.7784,6/28/21,p,2021,06/25/2021 07:35 CDT,97075,24.11,83.7,2.79,8.385,23.18,102048.46
TWB14,Uvalde_2020_02,29.60214,-99.73007,436.7784,6/28/21,p,2021,06/25/2021 07:40 CDT,97082,24.15,83.4,3.395,8.385,28.19,102054.97
TWB14,Uvalde_2020_02,29.60214,-99.73007,436.7784,6/28/21,p,2021,06/25/2021 07:45 CDT,97091,24.19,83.1,3.3,8.385,24.49,102063.74
TWB14,Uvalde_2020_02,29.60214,-99.73007,436.7784,6/28/21,p,2021,06/25/2021 07:50 CDT,97097,24.21,83,2.705,8.385,20.95,102069.54
TWB14,Uvalde_2020_02,29.60214,-99.73007,436.7784,6/28/21,p,2021,06/25/2021 07:55 CDT,97113,24.22,82.9,2.78,8.385,30.47,102086.19
TWB14,Uvalde_2020_02,29.60214,-99.73007,436.7784,6/28/21,p,2021,06/25/2021 08:00 CDT,97121,24.24,83.2,2.815,8.385,16.39,102093.91
TWB14,Uvalde_2020_02,29.60214,-99.73007,436.7784,6/28/21,p,2021,06/25/2021 08:05 CDT,97124,24.21,83,2.84,8.385,22.3,102097.58
TWB14,Uvalde_2020_02,29.60214,-99.73007,436.7784,6/28/21,p,2021,06/25/2021 08:10 CDT,97131,24.21,83.4,3,8.385,18.18,102104.93
TWB14,Uvalde_2020_02,29.60214,-99.73007,436.7784,6/28/21,p,2021,06/25/2021 08:15 CDT,97138,24.21,83.4,2.41,8.385,18.04,102112.29
TWB14,Uvalde_2020_02,29.60214,-99.73007,436.7784,6/28/21,p,2021,06/25/2021 08:20 CDT,97142,24.21,83.5,2.42,8.385,23.91,102116.67
TWB14,Uvalde_2020_02,29.60214,-99.73007,436.7784,6/28/21,p,2021,06/25/2021 08:25 CDT,97145,24.22,83.4,2.23,8.385,21.01,102119.65
TWB14,Uvalde_2020_02,29.60214,-99.73007,436.7784,6/28/21,p,2021,06/25/2021 08:30 CDT,97145,24.23,83.3,2.8,8.385,22.59,102119.48
TWB14,Uvalde_2020_02,29.60214,-99.73007,436.7784,6/28/21,p,2021,06/25/2021 08:35 CDT,97144,24.26,83.4,2.465,8.385,30.06,102117.92
TWB14,Uvalde_2020_02,29.60214,-99.73007,436.7784,6/28/21,p,2021,06/25/2021 08:40 CDT,97144,24.28,83,2.385,8.385,33.3,102117.75
TWB14,Uvalde_2020_02,29.60214,-99.73007,436.7784,6/28/21,p,2021,06/25/2021 08:45 CDT,97145,24.32,82.9,3.045,8.385,31.7,102117.95
TWB14,Uvalde_2020_02,29.60214,-99.73007,436.7784,6/28/21,p,2021,06/25/2021 08:50 CDT,97151,24.31,82.9,3.03,8.385,31.05,102124.42
TWB14,Uvalde_2020_02,29.60214,-99.73007,436.7784,6/28/21,p,2021,06/25/2021 08:55 CDT,97157,24.33,83.2,2.925,8.385,35.19,102130.39
TWB14,Uvalde_2020_02,29.60214,-99.73007,436.7784,6/28/21,p,2021,06/25/2021 09:00 CDT,97157,24.36,83.2,2.175,8.385,44.11,102130.04
TWB14,Uvalde_2020_02,29.60214,-99.73007,436.7784,6/28/21,p,2021,06/25/2021 09:05 CDT,97154,24.42,82.9,2.355,8.385,61.13,102125.53
TWB14,Uvalde_2020_02,29.60214,-99.73007,436.7784,6/28/21,p,2021,06/25/2021 09:10 CDT,97158,24.47,82.8,3,8.385,73.08,102128.71
TWB14,Uvalde_2020_02,29.60214,-99.73007,436.7784,6/28/21,p,2021,06/25/2021 09:15 CDT,97160,24.5,82.9,2.765,8.385,61.53,102130.12
TWB14,Uvalde_2020_02,29.60214,-99.73007,436.7784,6/28/21,p,2021,06/25/2021 09:20 CDT,97161,24.54,82.8,2.22,8.385,58.71,102130.66
TWB14,Uvalde_2020_02,29.60214,-99.73007,436.7784,6/28/21,p,2021,06/25/2021 09:25 CDT,97167,24.54,82.8,2.955,8.385,66.24,102136.46
TWB14,Uvalde_2020_02,29.60214,-99.73007,436.7784,6/28/21,p,2021,06/25/2021 09:30 CDT,97170,24.59,83,2.395,8.385,71.68,102139.27
TWB14,Uvalde_2020_02,29.60214,-99.73007,436.7784,6/28/21,p,2021,06/25/2021 09:35 CDT,97170,24.67,82.7,2.62,8.385,70.22,102137.57
TWB14,Uvalde_2020_02,29.60214,-99.73007,436.7784,6/28/21,p,2021,06/25/2021 09:40 CDT,97171,24.69,83.3,2.26,8.385,61.06,102138.27
TWB14,Uvalde_2020_02,29.60214,-99.73007,436.7784,6/28/21,p,2021,06/25/2021 09:45 CDT,97171,24.73,82.7,2.105,8.385,56.12,102137.42
TWB14,Uvalde_2020_02,29.60214,-99.73007,436.7784,6/28/21,p,2021,06/25/2021 09:50 CDT,97166,24.75,82.9,1.905,8.385,66.39,102131.99
TWB14,Uvalde_2020_02,29.60214,-99.73007,436.7784,6/28/21,p,2021,06/25/2021 09:55 CDT,97161,24.8,82.8,1.955,8.385,58.07,102125.89
TWB14,Uvalde_2020_02,29.60214,-99.73007,436.7784,6/28/21,p,2021,06/25/2021 10:00 CDT,97163,24.76,82.5,2.82,8.385,68.05,102128.33
TWB14,Uvalde_2020_02,29.60214,-99.73007,436.7784,6/28/21,p,2021,06/25/2021 10:05 CDT,97161,24.8,83,2.025,8.385,68.87,102126.23
TWB14,Uvalde_2020_02,29.60214,-99.73007,436.7784,6/28/21,p,2021,06/25/2021 10:10 CDT,97158,24.82,83,2.155,8.385,72.55,102122.22
TWB14,Uvalde_2020_02,29.60214,-99.73007,436.7784,6/28/21,p,2021,06/25/2021 10:15 CDT,97154,24.82,83.1,1.845,8.385,88.56,102118.02
TWB14,Uvalde_2020_02,29.60214,-99.73007,436.7784,6/28/21,p,2021,06/25/2021 10:20 CDT,97142,24.95,82.6,1.775,8.385,100.25,102103.36
TWB14,Uvalde_2020_02,29.60214,-99.73007,436.7784,6/28/21,p,2021,06/25/2021 10:25 CDT,97141,24.99,83.2,1.55,8.385,76.1,102101.12
TWB14,Uvalde_2020_02,29.60214,-99.73007,436.7784,6/28/21,p,2021,06/25/2021 10:30 CDT,97141,25,82.7,1.68,8.385,87.8,102100.61
TWB14,Uvalde_2020_02,29.60214,-99.73007,436.7784,6/28/21,p,2021,06/25/2021 10:35 CDT,97140,25.05,82.4,1.645,8.385,87.87,102099.22
TWB14,Uvalde_2020_02,29.60214,-99.73007,436.7784,6/28/21,p,2021,06/25/2021 10:40 CDT,97139,25.08,83,1.105,8.385,107.04,102097.83
TWB14,Uvalde_2020_02,29.60214,-99.73007,436.7784,6/28/21,p,2021,06/25/2021 10:45 CDT,97132,25.27,81.3,2.25,8.385,158.95,102087.59
TWB14,Uvalde_2020_02,29.60214,-99.73007,436.7784,6/28/21,p,2021,06/25/2021 10:50 CDT,97115,25.41,81.3,1.96,8.385,153.48,102066.5
TWB14,Uvalde_2020_02,29.60214,-99.73007,436.7784,6/28/21,p,2021,06/25/2021 10:55 CDT,97112,25.63,78.96,1.825,8.385,364.33,102060.32
TWB14,Uvalde_2020_02,29.60214,-99.73007,436.7784,6/28/21,p,2021,06/25/2021 11:00 CDT,97111,26.26,78.49,1.95,8.385,452.45,102049.47
TWB14,Uvalde_2020_02,29.60214,-99.73007,436.7784,6/28/21,p,2021,06/25/2021 11:05 CDT,97111,26.76,74.51,2.005,8.385,429.55,102040.07
TWB14,Uvalde_2020_02,29.60214,-99.73007,436.7784,6/28/21,p,2021,06/25/2021 11:10 CDT,97109,26.89,75.15,2.46,8.385,296.45,102033.1
TWB14,Uvalde_2020_02,29.60214,-99.73007,436.7784,6/28/21,p,2021,06/25/2021 11:15 CDT,97103,26.74,76.19,2.51,8.385,411.55,102027.96
TWB14,Uvalde_2020_02,29.60214,-99.73007,436.7784,6/28/21,p,2021,06/25/2021 11:20 CDT,97103,27.24,72.98,2.155,8.385,589.11,102022.29
TWB14,Uvalde_2020_02,29.60214,-99.73007,436.7784,6/28/21,p,2021,06/25/2021 11:25 CDT,97103,27.69,69.78,2.915,8.385,595.81,102012.3
TWB14,Uvalde_2020_02,29.60214,-99.73007,436.7784,6/28/21,p,2021,06/25/2021 11:30 CDT,97104,27.75,70.56,3.235,8.385,493.02,102010.01
TWB14,Uvalde_2020_02,29.60214,-99.73007,436.7784,6/28/21,p,2021,06/25/2021 11:35 CDT,97094,27.88,68.3,2.61,8.385,378.3,101999.19
TWB14,Uvalde_2020_02,29.60214,-99.73007,436.7784,6/28/21,p,2021,06/25/2021 11:40 CDT,97079,27.82,68.93,2.3,8.385,342.56,101984.43
TWB14,Uvalde_2020_02,29.60214,-99.73007,436.7784,6/28/21,p,2021,06/25/2021 11:45 CDT,97075,28.33,63.07,3.2,8.385,651.1,101974.63
TWB14,Uvalde_2020_02,29.60214,-99.73007,436.7784,6/28/21,p,2021,06/25/2021 11:50 CDT,97070,28.73,63.9,3.73,8.965,691.91,101959.75
TWB14,Uvalde_2020_02,29.60214,-99.73007,436.7784,6/28/21,p,2021,06/25/2021 11:55 CDT,97067,28.94,62.86,2.445,8.715,536.17,101952.15
TWB14,Uvalde_2020_02,29.60214,-99.73007,436.7784,6/28/21,p,2021,06/25/2021 12:00 CDT,97067,29.17,61.31,3.14,8.715,476.86,101948.87
TWB14,Uvalde_2020_02,29.60214,-99.73007,436.7784,6/28/21,p,2021,06/25/2021 12:05 CDT,97059,29.1,59.59,2.76,9.05,647.91,101941.47
TWB14,Uvalde_2020_02,29.60214,-99.73007,436.7784,6/28/21,p,2021,06/25/2021 12:10 CDT,97056,29.26,58.2,3.885,8.635,698.29,101935.2
TWB14,Uvalde_2020_02,29.60214,-99.73007,436.7784,6/28/21,p,2021,06/25/2021 12:15 CDT,97052,29.73,57.26,3.31,8.635,694.09,101924.93
TWB14,Uvalde_2020_02,29.60214,-99.73007,436.7784,6/28/21,p,2021,06/25/2021 12:20 CDT,97047,29.86,56.15,3.305,8.635,562.26,101915.26
TWB14,Uvalde_2020_02,29.60214,-99.73007,436.7784,6/28/21,p,2021,06/25/2021 12:25 CDT,97037,29.79,56.18,2.905,8.635,564.23,101906.23
TWB14,Uvalde_2020_02,29.60214,-99.73007,436.7784,6/28/21,p,2021,06/25/2021 12:30 CDT,97031,29.98,55.74,3.355,8.635,440.54,101898.29
TWB14,Uvalde_2020_02,29.60214,-99.73007,436.7784,6/28/21,p,2021,06/25/2021 12:35 CDT,97021,30.03,55.03,3.415,8.635,723.62,101886.82
TWB14,Uvalde_2020_02,29.60214,-99.73007,436.7784,6/28/21,p,2021,06/25/2021 12:40 CDT,97005,30.19,55.5,3.31,8.635,667.24,101866.24
TWB14,Uvalde_2020_02,29.60214,-99.73007,436.7784,6/28/21,p,2021,06/25/2021 12:45 CDT,96997,30.49,54.99,3.005,8.635,557.18,101854.41
TWB14,Uvalde_2020_02,29.60214,-99.73007,436.7784,6/28/21,p,2021,06/25/2021 12:50 CDT,96986,30.75,53.21,2.925,8.635,715.07,101837.5
TWB14,Uvalde_2020_02,29.60214,-99.73007,436.7784,6/28/21,p,2021,06/25/2021 12:55 CDT,96979,30.84,51.99,3.385,8.635,705.76,101827.23
TWB14,Uvalde_2020_02,29.60214,-99.73007,436.7784,6/28/21,p,2021,06/25/2021 13:00 CDT,96975,30.91,53.37,3.455,9.465,689.62,101822.2
TWB14,Uvalde_2020_02,29.60214,-99.73007,436.7784,6/28/21,p,2021,06/25/2021 13:05 CDT,96979,30.89,51.32,4.485,9.05,793.13,101826.43
TWB14,Uvalde_2020_02,29.60214,-99.73007,436.7784,6/28/21,p,2021,06/25/2021 13:10 CDT,96970,30.98,50.85,4.175,9.05,784.07,101816.17
TWB14,Uvalde_2020_02,29.60214,-99.73007,436.7784,6/28/21,p,2021,06/25/2021 13:15 CDT,96970,30.97,50.65,4.32,9.05,750.97,101816.99
TWB14,Uvalde_2020_02,29.60214,-99.73007,436.7784,6/28/21,p,2021,06/25/2021 13:20 CDT,96961,31.05,51.35,4.435,9.465,776.38,101805.25
TWB14,Uvalde_2020_02,29.60214,-99.73007,436.7784,6/28/21,p,2021,06/25/2021 13:25 CDT,96952,31.22,50.18,3.605,9.465,762.78,101793.54
TWB14,Uvalde_2020_02,29.60214,-99.73007,436.7784,6/28/21,p,2021,06/25/2021 13:30 CDT,96952,31.29,49.2,4.56,9.465,760.67,101791.12
TWB14,Uvalde_2020_02,29.60214,-99.73007,436.7784,6/28/21,p,2021,06/25/2021 13:35 CDT,96946,31.59,48.16,3.265,9.465,758.6,101781.91
TWB14,Uvalde_2020_02,29.60214,-99.73007,436.7784,6/28/21,p,2021,06/25/2021 13:40 CDT,96938,31.62,50.21,3.855,9.465,766.14,101771.38
TWB14,Uvalde_2020_02,29.60214,-99.73007,436.7784,6/28/21,p,2021,06/25/2021 13:45 CDT,96924,31.99,49.74,3.025,9.465,704.56,101753.46
TWB14,Uvalde_2020_02,29.60214,-99.73007,436.7784,6/28/21,p,2021,06/25/2021 13:50 CDT,96916,32.19,47.92,3.575,9.465,755.24,101740.56
TWB14,Uvalde_2020_02,29.60214,-99.73007,436.7784,6/28/21,p,2021,06/25/2021 13:55 CDT,96914,31.94,48.66,3.8,9.465,765.81,101741.36
TWB14,Uvalde_2020_02,29.60214,-99.73007,436.7784,6/28/21,p,2021,06/25/2021 14:00 CDT,96900,32.35,47.34,3.275,9.465,713.81,101721.68
TWB14,Uvalde_2020_02,29.60214,-99.73007,436.7784,6/28/21,p,2021,06/25/2021 14:05 CDT,96892,32.06,49.13,4.335,9.465,710.07,101713.42
TWB14,Uvalde_2020_02,29.60214,-99.73007,436.7784,6/28/21,p,2021,06/25/2021 14:10 CDT,96886,32,48.05,3.335,8.965,721.1,101710.84
TWB14,Uvalde_2020_02,29.60214,-99.73007,436.7784,6/28/21,p,2021,06/25/2021 14:15 CDT,96883,32.22,46.76,3.2,8.965,708.44,101704
TWB14,Uvalde_2020_02,29.60214,-99.73007,436.7784,6/28/21,p,2021,06/25/2021 14:20 CDT,96882,32.35,47,3.98,8.965,768.72,101701.18
TWB14,Uvalde_2020_02,29.60214,-99.73007,436.7784,6/28/21,p,2021,06/25/2021 14:25 CDT,96869,32.73,44.41,3.16,9.05,753.08,101684.35
TWB14,Uvalde_2020_02,29.60214,-99.73007,436.7784,6/28/21,p,2021,06/25/2021 14:30 CDT,96858,32.56,48.14,3.77,8.8,632.17,101670.82
TWB14,Uvalde_2020_02,29.60214,-99.73007,436.7784,6/28/21,p,2021,06/25/2021 14:35 CDT,96858,32.31,46.66,4.975,11.08,717.59,101677.27
TWB14,Uvalde_2020_02,29.60214,-99.73007,436.7784,6/28/21,p,2021,06/25/2021 14:40 CDT,96847,32.38,46.49,4.54,10.135,681.89,101664.92
TWB14,Uvalde_2020_02,29.60214,-99.73007,436.7784,6/28/21,p,2021,06/25/2021 14:45 CDT,96831,32.73,45.48,3.39,9.465,730.94,101643.32
TWB14,Uvalde_2020_02,29.60214,-99.73007,436.7784,6/28/21,p,2021,06/25/2021 14:50 CDT,96827,32.81,44.47,3.88,9.465,680.02,101637.85
TWB14,Uvalde_2020_02,29.60214,-99.73007,436.7784,6/28/21,p,2021,06/25/2021 14:55 CDT,96825,32.79,45.75,4.34,8.965,739.51,101633.97
TWB14,Uvalde_2020_02,29.60214,-99.73007,436.7784,6/28/21,p,2021,06/25/2021 15:00 CDT,96823,32.78,45.38,4.25,8.965,738.61,101632.03
TWB14,Uvalde_2020_02,29.60214,-99.73007,436.7784,6/28/21,p,2021,06/25/2021 15:05 CDT,96821,33.07,45.07,4.12,8.965,750.14,101626.89
TWB14,Uvalde_2020_02,29.60214,-99.73007,436.7784,6/28/21,p,2021,06/25/2021 15:10 CDT,96816,32.87,43.59,4.91,8.965,694.63,101622.14
TWB14,Uvalde_2020_02,29.60214,-99.73007,436.7784,6/28/21,p,2021,06/25/2021 15:15 CDT,96800,32.88,45.17,3.96,8.965,675.22,101606.77
TWB14,Uvalde_2020_02,29.60214,-99.73007,436.7784,6/28/21,p,2021,06/25/2021 15:20 CDT,96793,32.92,44.57,4.205,8.965,682.79,101600.39
TWB14,Uvalde_2020_02,29.60214,-99.73007,436.7784,6/28/21,p,2021,06/25/2021 15:25 CDT,96793,33.19,42.88,4.23,8.965,696.2,101596.41
TWB14,Uvalde_2020_02,29.60214,-99.73007,436.7784,6/28/21,p,2021,06/25/2021 15:30 CDT,96788,33.12,43.73,4.965,8.965,722.13,101590.83
TWB14,Uvalde_2020_02,29.60214,-99.73007,436.7784,6/28/21,p,2021,06/25/2021 15:35 CDT,96775,33.28,42.58,4.065,8.965,606.83,101575.92
TWB14,Uvalde_2020_02,29.60214,-99.73007,436.7784,6/28/21,p,2021,06/25/2021 15:40 CDT,96770,32.98,43.72,4.47,9.385,532.69,101573.86
TWB14,Uvalde_2020_02,29.60214,-99.73007,436.7784,6/28/21,p,2021,06/25/2021 15:45 CDT,96769,32.85,45.21,3.84,9.385,349.37,101575.51
TWB14,Uvalde_2020_02,29.60214,-99.73007,436.7784,6/28/21,p,2021,06/25/2021 15:50 CDT,96760,33.14,44.67,3.3,9.385,413.6,101564.31
TWB14,Uvalde_2020_02,29.60214,-99.73007,436.7784,6/28/21,p,2021,06/25/2021 15:55 CDT,96751,33.2,43.15,3.45,9.385,605.71,101553.12
TWB14,Uvalde_2020_02,29.60214,-99.73007,436.7784,6/28/21,p,2021,06/25/2021 16:00 CDT,96740,33.35,44.47,4.085,9.385,497.01,101537.56
TWB14,Uvalde_2020_02,29.60214,-99.73007,436.7784,6/28/21,p,2021,06/25/2021 16:05 CDT,96737,33.12,45.71,4.325,9.3,358.72,101538.55
TWB14,Uvalde_2020_02,29.60214,-99.73007,436.7784,6/28/21,p,2021,06/25/2021 16:10 CDT,96733,32.99,45.54,4.55,9.965,661.93,101537.08
TWB14,Uvalde_2020_02,29.60214,-99.73007,436.7784,6/28/21,p,2021,06/25/2021 16:15 CDT,96719,33.08,44.94,4.49,9.965,354.7,101521.59
TWB14,Uvalde_2020_02,29.60214,-99.73007,436.7784,6/28/21,p,2021,06/25/2021 16:20 CDT,96712,32.95,44.33,5.12,10.135,589.08,101516.49
TWB14,Uvalde_2020_02,29.60214,-99.73007,436.7784,6/28/21,p,2021,06/25/2021 16:25 CDT,96712,33.14,43.96,4.63,9.885,618.5,101513.94
TWB14,Uvalde_2020_02,29.60214,-99.73007,436.7784,6/28/21,p,2021,06/25/2021 16:30 CDT,96712,33.47,43.86,4.08,9.885,489.38,101507.54
TWB14,Uvalde_2020_02,29.60214,-99.73007,436.7784,6/28/21,p,2021,06/25/2021 16:35 CDT,96706,33.18,45.21,3.805,9.385,531.69,101504.26
TWB14,Uvalde_2020_02,29.60214,-99.73007,436.7784,6/28/21,p,2021,06/25/2021 16:40 CDT,96695,33.3,44.26,4.12,9.385,452.17,101492.89
TWB14,Uvalde_2020_02,29.60214,-99.73007,436.7784,6/28/21,p,2021,06/25/2021 16:45 CDT,96693,33.32,44.3,4.255,9.385,524.83,101490.31
TWB14,Uvalde_2020_02,29.60214,-99.73007,436.7784,6/28/21,p,2021,06/25/2021 16:50 CDT,96685,33.38,43.86,2.905,9.215,444.79,101481.28
TWB14,Uvalde_2020_02,29.60214,-99.73007,436.7784,6/28/21,p,2021,06/25/2021 16:55 CDT,96678,33.46,44.63,3.105,9.215,315.97,101472.64
TWB14,Uvalde_2020_02,29.60214,-99.73007,436.7784,6/28/21,p,2021,06/25/2021 17:00 CDT,96675,33.46,43.66,3.615,9.215,500.18,101469.51
TWB14,Uvalde_2020_02,29.60214,-99.73007,436.7784,6/28/21,p,2021,06/25/2021 17:05 CDT,96668,33.32,44.87,3.64,9.215,315.42,101462.62
TWB14,Uvalde_2020_02,29.60214,-99.73007,436.7784,6/28/21,p,2021,06/25/2021 17:10 CDT,96664,33.18,45.1,3.58,9.215,366.53,101462.74
TWB14,Uvalde_2020_02,29.60214,-99.73007,436.7784,6/28/21,p,2021,06/25/2021 17:15 CDT,96659,33.16,45.37,2.855,9.215,288.92,101457.81
TWB14,Uvalde_2020_02,29.60214,-99.73007,436.7784,6/28/21,p,2021,06/25/2021 17:20 CDT,96654,33.37,44.3,3.5,9.215,372.31,101450.33
TWB14,Uvalde_2020_02,29.60214,-99.73007,436.7784,6/28/21,p,2021,06/25/2021 17:25 CDT,96653,33.26,44.73,3.33,9.215,227.2,101449.12
TWB14,Uvalde_2020_02,29.60214,-99.73007,436.7784,6/28/21,p,2021,06/25/2021 17:30 CDT,96640,33.13,44.26,4.23,9.215,377.33,101438.84
TWB14,Uvalde_2020_02,29.60214,-99.73007,436.7784,6/28/21,p,2021,06/25/2021 17:35 CDT,96634,33.41,43.62,3.64,9.215,401.48,101428.07
TWB14,Uvalde_2020_02,29.60214,-99.73007,436.7784,6/28/21,p,2021,06/25/2021 17:40 CDT,96625,33.3,44.74,4.345,9.215,387.36,101419.25
TWB14,Uvalde_2020_02,29.60214,-99.73007,436.7784,6/28/21,p,2021,06/25/2021 17:45 CDT,96614,33.52,45.07,3.24,9.215,383.22,101406.1
TWB14,Uvalde_2020_02,29.60214,-99.73007,436.7784,6/28/21,p,2021,06/25/2021 17:50 CDT,96606,33.73,44.06,3.08,9.215,382.38,101393.89
TWB14,Uvalde_2020_02,29.60214,-99.73007,436.7784,6/28/21,p,2021,06/25/2021 17:55 CDT,96603,33.7,43.79,3.585,9.215,296.21,101389.47
TWB14,Uvalde_2020_02,29.60214,-99.73007,436.7784,6/28/21,p,2021,06/25/2021 18:00 CDT,96604,33.22,45,4.96,10.2,172.88,101398.16
TWB14,Uvalde_2020_02,29.60214,-99.73007,436.7784,6/28/21,p,2021,06/25/2021 18:05 CDT,96599,33.04,44.13,3.43,9.3,366.72,101398.84
TWB14,Uvalde_2020_02,29.60214,-99.73007,436.7784,6/28/21,p,2021,06/25/2021 18:10 CDT,96593,33.41,44.6,3.615,9.3,291.32,101386.14
TWB14,Uvalde_2020_02,29.60214,-99.73007,436.7784,6/28/21,p,2021,06/25/2021 18:15 CDT,96597,33.4,43.83,3.59,10.285,326.59,101390.67
TWB14,Uvalde_2020_02,29.60214,-99.73007,436.7784,6/28/21,p,2021,06/25/2021 18:20 CDT,96584,33.34,44.16,4.17,10.03,315.8,101376.86
TWB14,Uvalde_2020_02,29.60214,-99.73007,436.7784,6/28/21,p,2021,06/25/2021 18:25 CDT,96581,33.18,43.46,4.585,10.365,326.25,101376.6
TWB14,Uvalde_2020_02,29.60214,-99.73007,436.7784,6/28/21,p,2021,06/25/2021 18:30 CDT,96577,33.15,44.7,3.985,9.215,259.71,101373.18
TWB14,Uvalde_2020_02,29.60214,-99.73007,436.7784,6/28/21,p,2021,06/25/2021 18:35 CDT,96569,33.2,43.73,3.73,9.215,270.31,101364.8
TWB14,Uvalde_2020_02,29.60214,-99.73007,436.7784,6/28/21,p,2021,06/25/2021 18:40 CDT,96568,33.32,43.09,3.405,9.215,254.25,101362.48
TWB14,Uvalde_2020_02,29.60214,-99.73007,436.7784,6/28/21,p,2021,06/25/2021 18:45 CDT,96563,33.29,42.85,3.575,9.215,246.7,101356.59
TWB14,Uvalde_2020_02,29.60214,-99.73007,436.7784,6/28/21,p,2021,06/25/2021 18:50 CDT,96554,33.17,43.73,3.325,9.215,232.55,101349.37
TWB14,Uvalde_2020_02,29.60214,-99.73007,436.7784,6/28/21,p,2021,06/25/2021 18:55 CDT,96554,33.11,42.95,4.245,9.215,221.28,101349.86
TWB14,Uvalde_2020_02,29.60214,-99.73007,436.7784,6/28/21,p,2021,06/25/2021 19:00 CDT,96555,32.93,43.53,4.105,9.215,204.91,101354.27
TWB14,Uvalde_2020_02,29.60214,-99.73007,436.7784,6/28/21,p,2021,06/25/2021 19:05 CDT,96556,32.9,42.96,4.155,9.215,192.47,101356.13
TWB14,Uvalde_2020_02,29.60214,-99.73007,436.7784,6/28/21,p,2021,06/25/2021 19:10 CDT,96556,32.72,43.46,4.9,10.265,181.59,101359.33
TWB14,Uvalde_2020_02,29.60214,-99.73007,436.7784,6/28/21,p,2021,06/25/2021 19:15 CDT,96555,32.67,43.66,4.145,9.95,165.64,101359.56
TWB14,Uvalde_2020_02,29.60214,-99.73007,436.7784,6/28/21,p,2021,06/25/2021 19:20 CDT,96546,32.65,43.93,3.82,9.95,153.89,101350.75
TWB14,Uvalde_2020_02,29.60214,-99.73007,436.7784,6/28/21,p,2021,06/25/2021 19:25 CDT,96545,32.55,44.81,3.995,9.95,142.78,101350.97
TWB14,Uvalde_2020_02,29.60214,-99.73007,436.7784,6/28/21,p,2021,06/25/2021 19:30 CDT,96552,32.43,45.01,3.825,9.95,129.98,101360.41
TWB14,Uvalde_2020_02,29.60214,-99.73007,436.7784,6/28/21,p,2021,06/25/2021 19:35 CDT,96556,32.36,44,4.08,9.95,118.56,101366.07
TWB14,Uvalde_2020_02,29.60214,-99.73007,436.7784,6/28/21,p,2021,06/25/2021 19:40 CDT,96559,32.28,44.14,3.65,9.45,105.81,101370.82
TWB14,Uvalde_2020_02,29.60214,-99.73007,436.7784,6/28/21,p,2021,06/25/2021 19:45 CDT,96562,32.18,44.41,4.655,10.285,94.88,101375.58
TWB14,Uvalde_2020_02,29.60214,-99.73007,436.7784,6/28/21,p,2021,06/25/2021 19:50 CDT,96564,32.02,45.02,3.83,9.785,82.03,101380.09
TWB14,Uvalde_2020_02,29.60214,-99.73007,436.7784,6/28/21,p,2021,06/25/2021 19:55 CDT,96577,31.9,44.95,3.735,9.785,70.74,101396
TWB14,Uvalde_2020_02,29.60214,-99.73007,436.7784,6/28/21,p,2021,06/25/2021 20:00 CDT,96591,31.82,45.29,3.35,9.7,58.9,101412.15
TWB14,Uvalde_2020_02,29.60214,-99.73007,436.7784,6/28/21,p,2021,06/25/2021 20:05 CDT,96600,31.7,45.9,3.38,9.7,45.09,101423.85
TWB14,Uvalde_2020_02,29.60214,-99.73007,436.7784,6/28/21,p,2021,06/25/2021 20:10 CDT,96609,31.61,45.29,3.27,9.7,34.14,101434.6
TWB14,Uvalde_2020_02,29.60214,-99.73007,436.7784,6/28/21,p,2021,06/25/2021 20:15 CDT,96606,31.49,45.83,3.205,9.7,30.05,101433.55
TWB14,Uvalde_2020_02,29.60214,-99.73007,436.7784,6/28/21,p,2021,06/25/2021 20:20 CDT,96615,31.38,46.44,3.23,9.7,23.75,101444.61
TWB14,Uvalde_2020_02,29.60214,-99.73007,436.7784,6/28/21,p,2021,06/25/2021 20:25 CDT,96623,31.21,46.91,2.845,9.7,17.36,101455.44
TWB14,Uvalde_2020_02,29.60214,-99.73007,436.7784,6/28/21,p,2021,06/25/2021 20:30 CDT,96634,31.1,46.64,3.545,9.7,9.11,101469.43
TWB14,Uvalde_2020_02,29.60214,-99.73007,436.7784,6/28/21,p,2021,06/25/2021 20:35 CDT,96641,30.99,47.01,2.795,9.2,5.01,101478.24
TWB14,Uvalde_2020_02,29.60214,-99.73007,436.7784,6/28/21,p,2021,06/25/2021 20:40 CDT,96649,30.9,47.25,4.025,9.535,1.93,101488.91
TWB14,Uvalde_2020_02,29.60214,-99.73007,436.7784,6/28/21,p,2021,06/25/2021 20:45 CDT,96651,30.83,48.06,3.43,9.2,1.2,101491.49
TWB14,Uvalde_2020_02,29.60214,-99.73007,436.7784,6/28/21,p,2021,06/25/2021 20:50 CDT,96651,30.67,48.94,3.48,9.2,0.46,101493.92
TWB14,Uvalde_2020_02,29.60214,-99.73007,436.7784,6/28/21,p,2021,06/25/2021 20:55 CDT,96662,30.53,49.95,3.14,9.2,0.17,101508.07
TWB14,Uvalde_2020_02,29.60214,-99.73007,436.7784,6/28/21,p,2021,06/25/2021 21:00 CDT,96680,30.39,51.5,2.555,9.2,0,101529.08
TWB14,Uvalde_2020_02,29.60214,-99.73007,436.7784,6/28/21,p,2021,06/25/2021 21:05 CDT,96687,30.26,52.64,3.19,9.2,0,101538.71
TWB14,Uvalde_2020_02,29.60214,-99.73007,436.7784,6/28/21,p,2021,06/25/2021 21:10 CDT,96685,30.16,53.18,3.46,9.2,0,101538.23
TWB14,Uvalde_2020_02,29.60214,-99.73007,436.7784,6/28/21,p,2021,06/25/2021 21:15 CDT,96683,30.07,53.66,3.535,9.2,0,101537.44
TWB14,Uvalde_2020_02,29.60214,-99.73007,436.7784,6/28/21,p,2021,06/25/2021 21:20 CDT,96679,29.9,54.13,2.76,9.2,0.05,101536.02
TWB14,Uvalde_2020_02,29.60214,-99.73007,436.7784,6/28/21,p,2021,06/25/2021 21:25 CDT,96686,29.8,54.5,3.19,9.2,0,101545.82
TWB14,Uvalde_2020_02,29.60214,-99.73007,436.7784,6/28/21,p,2021,06/25/2021 21:30 CDT,96688,29.71,54.94,2.7,9.2,0,101549.07
TWB14,Uvalde_2020_02,29.60214,-99.73007,436.7784,6/28/21,p,2021,06/25/2021 21:35 CDT,96689,29.64,55.21,3.335,9.2,0,101551.26
TWB14,Uvalde_2020_02,29.60214,-99.73007,436.7784,6/28/21,p,2021,06/25/2021 21:40 CDT,96699,29.55,55.48,3.27,9.2,0,101563.24
TWB14,Uvalde_2020_02,29.60214,-99.73007,436.7784,6/28/21,p,2021,06/25/2021 21:45 CDT,96714,29.49,55.75,3.405,9.2,0,101579.98
TWB14,Uvalde_2020_02,29.60214,-99.73007,436.7784,6/28/21,p,2021,06/25/2021 21:50 CDT,96719,29.45,56.09,2.81,9.2,0,101585.72
TWB14,Uvalde_2020_02,29.60214,-99.73007,436.7784,6/28/21,p,2021,06/25/2021 21:55 CDT,96732,29.34,56.43,3.08,9.2,0,101601.02
TWB14,Uvalde_2020_02,29.60214,-99.73007,436.7784,6/28/21,p,2021,06/25/2021 22:00 CDT,96747,29.28,56.83,3.235,9.2,0,101618.08
TWB14,Uvalde_2020_02,29.60214,-99.73007,436.7784,6/28/21,p,2021,06/25/2021 22:05 CDT,96762,29.18,58.05,2.985,9.2,0,101635.31
TWB14,Uvalde_2020_02,29.60214,-99.73007,436.7784,6/28/21,p,2021,06/25/2021 22:10 CDT,96779,29.05,59.94,2.72,9.2,0,101654.96
TWB14,Uvalde_2020_02,29.60214,-99.73007,436.7784,6/28/21,p,2021,06/25/2021 22:15 CDT,96791,28.88,61.35,3.095,9.2,0,101670.19
TWB14,Uvalde_2020_02,29.60214,-99.73007,436.7784,6/28/21,p,2021,06/25/2021 22:20 CDT,96794,28.75,63.71,3.22,9.2,0.03,101675.3
TWB14,Uvalde_2020_02,29.60214,-99.73007,436.7784,6/28/21,p,2021,06/25/2021 22:25 CDT,96803,28.61,64.92,3.595,9.2,0,101687.39
TWB14,Uvalde_2020_02,29.60214,-99.73007,436.7784,6/28/21,p,2021,06/25/2021 22:30 CDT,96804,28.52,66.54,3.535,9.2,0,101689.75
TWB14,Uvalde_2020_02,29.60214,-99.73007,436.7784,6/28/21,p,2021,06/25/2021 22:35 CDT,96802,28.42,67.42,3.82,9.2,0,101689.13
TWB14,Uvalde_2020_02,29.60214,-99.73007,436.7784,6/28/21,p,2021,06/25/2021 22:40 CDT,96806,28.28,68.5,3.655,9.2,0.03,101695.81
TWB14,Uvalde_2020_02,29.60214,-99.73007,436.7784,6/28/21,p,2021,06/25/2021 22:45 CDT,96815,28.19,69.38,3.02,9.2,0.01,101706.42
TWB14,Uvalde_2020_02,29.60214,-99.73007,436.7784,6/28/21,p,2021,06/25/2021 22:50 CDT,96831,28.08,70.12,3.085,9.2,0.01,101725.54
TWB14,Uvalde_2020_02,29.60214,-99.73007,436.7784,6/28/21,p,2021,06/25/2021 22:55 CDT,96846,27.99,71.06,3.51,9.2,0,101742.62
TWB14,Uvalde_2020_02,29.60214,-99.73007,436.7784,6/28/21,p,2021,06/25/2021 23:00 CDT,96847,27.89,72.68,4.505,9.535,0,101745.15
TWB14,Uvalde_2020_02,29.60214,-99.73007,436.7784,6/28/21,p,2021,06/25/2021 23:05 CDT,96846,27.77,73.15,3.59,9.45,0,101745.93
TWB14,Uvalde_2020_02,29.60214,-99.73007,436.7784,6/28/21,p,2021,06/25/2021 23:10 CDT,96843,27.66,73.96,3.71,9.45,0.02,101744.77
TWB14,Uvalde_2020_02,29.60214,-99.73007,436.7784,6/28/21,p,2021,06/25/2021 23:15 CDT,96841,27.6,74.16,3.655,9.45,0,101743.67
TWB14,Uvalde_2020_02,29.60214,-99.73007,436.7784,6/28/21,p,2021,06/25/2021 23:20 CDT,96838,27.55,74.3,3.54,9.45,0,101741.51
TWB14,Uvalde_2020_02,29.60214,-99.73007,436.7784,6/28/21,p,2021,06/25/2021 23:25 CDT,96836,27.5,74.77,3.555,9.45,0,101740.24
TWB14,Uvalde_2020_02,29.60214,-99.73007,436.7784,6/28/21,p,2021,06/25/2021 23:30 CDT,96836,27.38,75.31,3.565,9.45,0,101741.74
TWB14,Uvalde_2020_02,29.60214,-99.73007,436.7784,6/28/21,p,2021,06/25/2021 23:35 CDT,96846,27.29,75.85,3.215,9.365,0,101753.58
TWB14,Uvalde_2020_02,29.60214,-99.73007,436.7784,6/28/21,p,2021,06/25/2021 23:40 CDT,96860,27.19,76.25,3.435,9.365,0,101769.95
TWB14,Uvalde_2020_02,29.60214,-99.73007,436.7784,6/28/21,p,2021,06/25/2021 23:45 CDT,96862,27.12,76.72,3.91,9.365,0,101773.39
TWB14,Uvalde_2020_02,29.60214,-99.73007,436.7784,6/28/21,p,2021,06/25/2021 23:50 CDT,96858,27.03,77.19,3.84,9.365,0.07,101770.35
TWB14,Uvalde_2020_02,29.60214,-99.73007,436.7784,6/28/21,p,2021,06/25/2021 23:55 CDT,96863,26.95,77.4,4.37,9.365,0.07,101777.11
TWB14,Uvalde_2020_02,29.60214,-99.73007,436.7784,6/28/21,p,2021,06/26/2021 00:00 CDT,96877,26.86,77.67,4.065,9.365,0,101793.5
TWB14,Uvalde_2020_02,29.60214,-99.73007,436.7784,6/28/21,p,2021,06/26/2021 00:05 CDT,96886,26.81,78,3.745,9.365,0,101803.79
TWB14,Uvalde_2020_02,29.60214,-99.73007,436.7784,6/28/21,p,2021,06/26/2021 00:10 CDT,96886,26.75,78.21,3.17,9.365,0,101804.62
TWB14,Uvalde_2020_02,29.60214,-99.73007,436.7784,6/28/21,p,2021,06/26/2021 00:15 CDT,96888,26.69,78.61,3.015,9.365,0.09,101807.39
TWB14,Uvalde_2020_02,29.60214,-99.73007,436.7784,6/28/21,p,2021,06/26/2021 00:20 CDT,96889,26.55,79.15,3.305,9.365,0.27,101810.79
TWB14,Uvalde_2020_02,29.60214,-99.73007,436.7784,6/28/21,p,2021,06/26/2021 00:25 CDT,96877,26.46,79.45,3.365,9.365,0.14,101799.86
TWB14,Uvalde_2020_02,29.60214,-99.73007,436.7784,6/28/21,p,2021,06/26/2021 00:30 CDT,96866,26.41,79.69,3.465,9.365,0,101789.14
TWB14,Uvalde_2020_02,29.60214,-99.73007,436.7784,6/28/21,p,2021,06/26/2021 00:35 CDT,96863,26.34,79.92,3.32,9.365,0.12,101787.33
TWB14,Uvalde_2020_02,29.60214,-99.73007,436.7784,6/28/21,p,2021,06/26/2021 00:40 CDT,96864,26.26,79.82,4.255,10.7,0,101789.89
TWB14,Uvalde_2020_02,29.60214,-99.73007,436.7784,6/28/21,p,2021,06/26/2021 00:45 CDT,96863,26.22,80.1,4.035,9.785,0.04,101789.68
TWB14,Uvalde_2020_02,29.60214,-99.73007,436.7784,6/28/21,p,2021,06/26/2021 00:50 CDT,96853,26.15,80.3,4.6,9.785,0.18,101780.01
TWB14,Uvalde_2020_02,29.60214,-99.73007,436.7784,6/28/21,p,2021,06/26/2021 00:55 CDT,96848,26.04,80.7,3.525,9.865,0.29,101776.78
TWB14,Uvalde_2020_02,29.60214,-99.73007,436.7784,6/28/21,p,2021,06/26/2021 01:00 CDT,96861,25.96,80.6,4.075,9.865,0,101792.12
TWB14,Uvalde_2020_02,29.60214,-99.73007,436.7784,6/28/21,p,2021,06/26/2021 01:05 CDT,96872,25.96,80.8,3.395,9.865,0,101803.68
TWB14,Uvalde_2020_02,29.60214,-99.73007,436.7784,6/28/21,p,2021,06/26/2021 01:10 CDT,96874,25.95,80.6,3.48,9.865,0,101805.79
TWB14,Uvalde_2020_02,29.60214,-99.73007,436.7784,6/28/21,p,2021,06/26/2021 01:15 CDT,96872,25.95,80.4,3.565,9.865,0,101803.69
TWB14,Uvalde_2020_02,29.60214,-99.73007,436.7784,6/28/21,p,2021,06/26/2021 01:20 CDT,96884,25.91,80.7,2.635,9.865,0,101816.8
TWB14,Uvalde_2020_02,29.60214,-99.73007,436.7784,6/28/21,p,2021,06/26/2021 01:25 CDT,96890,25.89,80.8,2.875,9.865,0,101823.27
TWB14,Uvalde_2020_02,29.60214,-99.73007,436.7784,6/28/21,p,2021,06/26/2021 01:30 CDT,96891,25.86,80.8,3.1,9.865,0,101824.83
TWB14,Uvalde_2020_02,29.60214,-99.73007,436.7784,6/28/21,p,2021,06/26/2021 01:35 CDT,96879,25.82,80.6,3.77,8.95,0,101813.07
TWB14,Uvalde_2020_02,29.60214,-99.73007,436.7784,6/28/21,p,2021,06/26/2021 01:40 CDT,96872,25.8,80.8,3.22,8.95,0,101806.04
TWB14,Uvalde_2020_02,29.60214,-99.73007,436.7784,6/28/21,p,2021,06/26/2021 01:45 CDT,96873,25.74,80,4.035,9.615,0,101808.29
TWB14,Uvalde_2020_02,29.60214,-99.73007,436.7784,6/28/21,p,2021,06/26/2021 01:50 CDT,96870,25.73,79.23,3.34,9.215,0,101805.81
TWB14,Uvalde_2020_02,29.60214,-99.73007,436.7784,6/28/21,p,2021,06/26/2021 01:55 CDT,96870,25.73,79.87,3.795,9.215,0,101805.81
TWB14,Uvalde_2020_02,29.60214,-99.73007,436.7784,6/28/21,p,2021,06/26/2021 02:00 CDT,96869,25.7,80.5,4.16,9.215,0,101804.75
TWB14,Uvalde_2020_02,29.60214,-99.73007,436.7784,6/28/21,p,2021,06/26/2021 02:05 CDT,96869,25.67,80.8,3.875,9.465,0,101805.09
TWB14,Uvalde_2020_02,29.60214,-99.73007,436.7784,6/28/21,p,2021,06/26/2021 02:10 CDT,96857,25.63,80.9,3.55,9.385,0,101792.98
TWB14,Uvalde_2020_02,29.60214,-99.73007,436.7784,6/28/21,p,2021,06/26/2021 02:15 CDT,96853,25.6,81.2,3.835,9.385,0,101789.28
TWB14,Uvalde_2020_02,29.60214,-99.73007,436.7784,6/28/21,p,2021,06/26/2021 02:20 CDT,96854,25.57,81.3,3.245,9.135,0,101790.84
TWB14,Uvalde_2020_02,29.60214,-99.73007,436.7784,6/28/21,p,2021,06/26/2021 02:25 CDT,96845,25.54,81.5,3.555,8.965,0,101781.89
TWB14,Uvalde_2020_02,29.60214,-99.73007,436.7784,6/28/21,p,2021,06/26/2021 02:30 CDT,96841,25.52,81.5,2.74,8.965,0.01,101778.19
TWB14,Uvalde_2020_02,29.60214,-99.73007,436.7784,6/28/21,p,2021,06/26/2021 02:35 CDT,96840,25.49,81.8,3.05,8.965,0,101777.64
TWB14,Uvalde_2020_02,29.60214,-99.73007,436.7784,6/28/21,p,2021,06/26/2021 02:40 CDT,96837,25.46,81.2,3.85,8.965,0,101775.34
TWB14,Uvalde_2020_02,29.60214,-99.73007,436.7784,6/28/21,p,2021,06/26/2021 02:45 CDT,96836,25.43,81.7,2.985,8.965,0,101774.62
TWB14,Uvalde_2020_02,29.60214,-99.73007,436.7784,6/28/21,p,2021,06/26/2021 02:50 CDT,96841,25.4,82.1,3.03,8.965,0,101780.21
TWB14,Uvalde_2020_02,29.60214,-99.73007,436.7784,6/28/21,p,2021,06/26/2021 02:55 CDT,96834,25.38,82.2,3.11,8.965,0,101773.03
TWB14,Uvalde_2020_02,29.60214,-99.73007,436.7784,6/28/21,p,2021,06/26/2021 03:00 CDT,96824,25.32,82.3,3.54,8.965,0,101763.36
TWB14,Uvalde_2020_02,29.60214,-99.73007,436.7784,6/28/21,p,2021,06/26/2021 03:05 CDT,96815,25.29,81.7,3.43,8.885,0,101754.58
TWB14,Uvalde_2020_02,29.60214,-99.73007,436.7784,6/28/21,p,2021,06/26/2021 03:10 CDT,96815,25.29,81.4,3.665,8.885,0,101754.93
TWB14,Uvalde_2020_02,29.60214,-99.73007,436.7784,6/28/21,p,2021,06/26/2021 03:15 CDT,96816,25.28,81.3,3.805,8.885,0,101756.15
TWB14,Uvalde_2020_02,29.60214,-99.73007,436.7784,6/28/21,p,2021,06/26/2021 03:20 CDT,96815,25.24,81.1,3.985,8.885,0,101755.94
TWB14,Uvalde_2020_02,29.60214,-99.73007,436.7784,6/28/21,p,2021,06/26/2021 03:25 CDT,96817,25.21,81.6,3.615,8.885,0,101758.38
TWB14,Uvalde_2020_02,29.60214,-99.73007,436.7784,6/28/21,p,2021,06/26/2021 03:30 CDT,96817,25.16,81.3,3.02,8.885,0,101759.06
TWB14,Uvalde_2020_02,29.60214,-99.73007,436.7784,6/28/21,p,2021,06/26/2021 03:35 CDT,96815,25.15,80.7,3.77,8.885,0,101757.3
TWB14,Uvalde_2020_02,29.60214,-99.73007,436.7784,6/28/21,p,2021,06/26/2021 03:40 CDT,96816,25.15,80.2,4.435,10.05,0,101758.36
TWB14,Uvalde_2020_02,29.60214,-99.73007,436.7784,6/28/21,p,2021,06/26/2021 03:45 CDT,96807,25.15,79.97,3.73,9.215,0,101748.9
TWB14,Uvalde_2020_02,29.60214,-99.73007,436.7784,6/28/21,p,2021,06/26/2021 03:50 CDT,96796,25.12,80.7,3.355,9.215,0,101737.67
TWB14,Uvalde_2020_02,29.60214,-99.73007,436.7784,6/28/21,p,2021,06/26/2021 03:55 CDT,96794,25.07,80.8,3.34,9.385,0,101736.08
TWB14,Uvalde_2020_02,29.60214,-99.73007,436.7784,6/28/21,p,2021,06/26/2021 04:00 CDT,96794,25.03,80.8,3.64,9.215,0,101736.93
TWB14,Uvalde_2020_02,29.60214,-99.73007,436.7784,6/28/21,p,2021,06/26/2021 04:05 CDT,96807,25.02,80.5,3.11,9.215,0,101751.1
TWB14,Uvalde_2020_02,29.60214,-99.73007,436.7784,6/28/21,p,2021,06/26/2021 04:10 CDT,96805,24.97,80.2,3.255,9.215,0,101749.51
TWB14,Uvalde_2020_02,29.60214,-99.73007,436.7784,6/28/21,p,2021,06/26/2021 04:15 CDT,96804,24.96,80.1,3.62,9.215,0,101749.14
TWB14,Uvalde_2020_02,29.60214,-99.73007,436.7784,6/28/21,p,2021,06/26/2021 04:20 CDT,96804,24.96,79.07,3.165,9.215,0,101749.15
TWB14,Uvalde_2020_02,29.60214,-99.73007,436.7784,6/28/21,p,2021,06/26/2021 04:25 CDT,96809,24.96,79.91,3.54,9.215,0,101754.23
TWB14,Uvalde_2020_02,29.60214,-99.73007,436.7784,6/28/21,p,2021,06/26/2021 04:30 CDT,96799,24.89,80.1,2.75,9.215,0.06,101744.73
TWB14,Uvalde_2020_02,29.60214,-99.73007,436.7784,6/28/21,p,2021,06/26/2021 04:35 CDT,96787,24.84,80.4,3.335,9.215,0,101733.13
TWB14,Uvalde_2020_02,29.60214,-99.73007,436.7784,6/28/21,p,2021,06/26/2021 04:40 CDT,96776,24.82,80.9,2.835,9.215,0,101721.91
TWB14,Uvalde_2020_02,29.60214,-99.73007,436.7784,6/28/21,p,2021,06/26/2021 04:45 CDT,96768,24.8,81.2,2.77,9.215,0,101713.67
TWB14,Uvalde_2020_02,29.60214,-99.73007,436.7784,6/28/21,p,2021,06/26/2021 04:50 CDT,96773,24.77,81.3,2.8,9.215,0,101719.43
TWB14,Uvalde_2020_02,29.60214,-99.73007,436.7784,6/28/21,p,2021,06/26/2021 04:55 CDT,96781,24.75,81.5,3.1,9.215,0,101728.35
TWB14,Uvalde_2020_02,29.60214,-99.73007,436.7784,6/28/21,p,2021,06/26/2021 05:00 CDT,96785,24.74,81.5,2.8,9.215,0,101732.55
TWB14,Uvalde_2020_02,29.60214,-99.73007,436.7784,6/28/21,p,2021,06/26/2021 05:05 CDT,96780,24.74,81.6,3.085,9.215,0,101727.29
TWB14,Uvalde_2020_02,29.60214,-99.73007,436.7784,6/28/21,p,2021,06/26/2021 05:10 CDT,96787,24.75,81.4,3.455,9.215,0,101734.65
TWB14,Uvalde_2020_02,29.60214,-99.73007,436.7784,6/28/21,p,2021,06/26/2021 05:15 CDT,96789,24.72,81.7,3.165,8.965,0,101737.26
TWB14,Uvalde_2020_02,29.60214,-99.73007,436.7784,6/28/21,p,2021,06/26/2021 05:20 CDT,96782,24.69,81.5,3.31,8.965,0,101730.42
TWB14,Uvalde_2020_02,29.60214,-99.73007,436.7784,6/28/21,p,2021,06/26/2021 05:25 CDT,96783,24.69,81,2.69,8.965,0,101731.64
TWB14,Uvalde_2020_02,29.60214,-99.73007,436.7784,6/28/21,p,2021,06/26/2021 05:30 CDT,96782,24.7,81.9,3.385,8.965,0,101730.41
TWB14,Uvalde_2020_02,29.60214,-99.73007,436.7784,6/28/21,p,2021,06/26/2021 05:35 CDT,96775,24.65,82.3,2.94,8.565,0,101723.73
TWB14,Uvalde_2020_02,29.60214,-99.73007,436.7784,6/28/21,p,2021,06/26/2021 05:40 CDT,96774,24.63,82.4,3.145,8.565,0,101723.19
TWB14,Uvalde_2020_02,29.60214,-99.73007,436.7784,6/28/21,p,2021,06/26/2021 05:45 CDT,96784,24.61,82.7,2.71,8.565,0,101733.87
TWB14,Uvalde_2020_02,29.60214,-99.73007,436.7784,6/28/21,p,2021,06/26/2021 05:50 CDT,96786,24.58,82.9,2.615,8.565,0,101736.48
TWB14,Uvalde_2020_02,29.60214,-99.73007,436.7784,6/28/21,p,2021,06/26/2021 05:55 CDT,96786,24.57,82.8,2.595,8.565,0,101736.82
TWB14,Uvalde_2020_02,29.60214,-99.73007,436.7784,6/28/21,p,2021,06/26/2021 06:00 CDT,96783,24.57,83.1,2.88,8.565,0,101733.67
TWB14,Uvalde_2020_02,29.60214,-99.73007,436.7784,6/28/21,p,2021,06/26/2021 06:05 CDT,96776,24.54,83.4,2.75,8.565,0,101726.48
TWB14,Uvalde_2020_02,29.60214,-99.73007,436.7784,6/28/21,p,2021,06/26/2021 06:10 CDT,96772,24.53,83.4,3.165,8.565,0,101722.44
TWB14,Uvalde_2020_02,29.60214,-99.73007,436.7784,6/28/21,p,2021,06/26/2021 06:15 CDT,96790,24.53,83.4,2.9,8.565,0,101741.36
TWB14,Uvalde_2020_02,29.60214,-99.73007,436.7784,6/28/21,p,2021,06/26/2021 06:20 CDT,96794,24.53,83.5,2.575,8.565,0,101745.57
TWB14,Uvalde_2020_02,29.60214,-99.73007,436.7784,6/28/21,p,2021,06/26/2021 06:25 CDT,96796,24.52,83.5,2.48,8.565,0,101747.67
TWB14,Uvalde_2020_02,29.60214,-99.73007,436.7784,6/28/21,p,2021,06/26/2021 06:30 CDT,96801,24.53,83.6,3.14,8.565,0,101752.92
TWB14,Uvalde_2020_02,29.60214,-99.73007,436.7784,6/28/21,p,2021,06/26/2021 06:35 CDT,96808,24.52,83.6,3.41,8.565,0,101760.45
TWB14,Uvalde_2020_02,29.60214,-99.73007,436.7784,6/28/21,p,2021,06/26/2021 06:40 CDT,96802,24.53,83.4,2.745,8.565,0.14,101753.98
TWB14,Uvalde_2020_02,29.60214,-99.73007,436.7784,6/28/21,p,2021,06/26/2021 06:45 CDT,96796,24.54,83.4,3.275,8.565,1.76,101747.67
TWB14,Uvalde_2020_02,29.60214,-99.73007,436.7784,6/28/21,p,2021,06/26/2021 06:50 CDT,96792,24.55,83.2,4.02,8.565,2.96,101743.64
TWB14,Uvalde_2020_02,29.60214,-99.73007,436.7784,6/28/21,p,2021,06/26/2021 06:55 CDT,96791,24.54,83.3,2.505,8.565,4.94,101742.41
TWB14,Uvalde_2020_02,29.60214,-99.73007,436.7784,6/28/21,p,2021,06/26/2021 07:00 CDT,96796,24.54,83.4,3.28,8.565,5.39,101747.67
TWB14,Uvalde_2020_02,29.60214,-99.73007,436.7784,6/28/21,p,2021,06/26/2021 07:05 CDT,96802,24.53,83.6,2.715,8.565,6.21,101753.97
TWB14,Uvalde_2020_02,29.60214,-99.73007,436.7784,6/28/21,p,2021,06/26/2021 07:10 CDT,96807,24.54,83.7,2.395,8.565,8.03,101759.06
TWB14,Uvalde_2020_02,29.60214,-99.73007,436.7784,6/28/21,p,2021,06/26/2021 07:15 CDT,96805,24.54,83.6,2.9,8.565,9.57,101756.96
TWB14,Uvalde_2020_02,29.60214,-99.73007,436.7784,6/28/21,p,2021,06/26/2021 07:20 CDT,96808,24.55,83.6,2.725,8.565,11.56,101760.11
TWB14,Uvalde_2020_02,29.60214,-99.73007,436.7784,6/28/21,p,2021,06/26/2021 07:25 CDT,96817,24.56,83.6,2.895,8.565,9.63,101769.4
TWB14,Uvalde_2020_02,29.60214,-99.73007,436.7784,6/28/21,p,2021,06/26/2021 07:30 CDT,96806,24.56,83.6,2.65,8.565,8.52,101757.84
TWB14,Uvalde_2020_02,29.60214,-99.73007,436.7784,6/28/21,p,2021,06/26/2021 07:35 CDT,96804,24.56,83.7,2.41,8.565,12.75,101755.74
TWB14,Uvalde_2020_02,29.60214,-99.73007,436.7784,6/28/21,p,2021,06/26/2021 07:40 CDT,96808,24.59,83.6,2.575,8.565,22.91,101759.26
TWB14,Uvalde_2020_02,29.60214,-99.73007,436.7784,6/28/21,p,2021,06/26/2021 07:45 CDT,96813,24.63,83.6,2.59,8.565,18.64,101764.01
TWB14,Uvalde_2020_02,29.60214,-99.73007,436.7784,6/28/21,p,2021,06/26/2021 07:50 CDT,96814,24.64,83.6,3.12,8.565,18.36,101764.72
TWB14,Uvalde_2020_02,29.60214,-99.73007,436.7784,6/28/21,p,2021,06/26/2021 07:55 CDT,96819,24.63,83.5,2.48,8.565,13.36,101770.14
TWB14,Uvalde_2020_02,29.60214,-99.73007,436.7784,6/28/21,p,2021,06/26/2021 08:00 CDT,96820,24.64,83.6,2.825,8.565,13.01,101771.02
TWB14,Uvalde_2020_02,29.60214,-99.73007,436.7784,6/28/21,p,2021,06/26/2021 08:05 CDT,96821,24.61,83.8,2.885,8.565,12,101772.41
TWB14,Uvalde_2020_02,29.60214,-99.73007,436.7784,6/28/21,p,2021,06/26/2021 08:10 CDT,96827,24.58,84.4,2.845,8.565,13.19,101779.05
TWB14,Uvalde_2020_02,29.60214,-99.73007,436.7784,6/28/21,p,2021,06/26/2021 08:15 CDT,96824,24.53,84.6,2.48,8.565,16.01,101776.75
TWB14,Uvalde_2020_02,29.60214,-99.73007,436.7784,6/28/21,p,2021,06/26/2021 08:20 CDT,96840,24.54,84.5,2.17,8.565,18.89,101793.74
TWB14,Uvalde_2020_02,29.60214,-99.73007,436.7784,6/28/21,p,2021,06/26/2021 08:25 CDT,96848,24.56,84.4,2.26,8.565,19.32,101801.81
TWB14,Uvalde_2020_02,29.60214,-99.73007,436.7784,6/28/21,p,2021,06/26/2021 08:30 CDT,96847,24.49,85.5,2.99,8.565,21.13,101801.09
TWB14,Uvalde_2020_02,29.60214,-99.73007,436.7784,6/28/21,p,2021,06/26/2021 08:35 CDT,96848,24.37,86,2.665,8.565,14.55,101804.18
TWB14,Uvalde_2020_02,29.60214,-99.73007,436.7784,6/28/21,p,2021,06/26/2021 08:40 CDT,96848,24.24,87.8,2.52,8.565,21.69,101806.21
TWB14,Uvalde_2020_02,29.60214,-99.73007,436.7784,6/28/21,p,2021,06/26/2021 08:45 CDT,96856,24.07,89.4,2.19,8.565,28.79,101817.34
TWB14,Uvalde_2020_02,29.60214,-99.73007,436.7784,6/28/21,p,2021,06/26/2021 08:50 CDT,96864,23.94,89.9,2.09,8.565,31.63,101827.97
TWB14,Uvalde_2020_02,29.60214,-99.73007,436.7784,6/28/21,p,2021,06/26/2021 08:55 CDT,96857,23.91,90.2,2.08,8.565,47.48,101821.63
TWB14,Uvalde_2020_02,29.60214,-99.73007,436.7784,6/28/21,p,2021,06/26/2021 09:00 CDT,96861,23.98,89.8,1.98,8.565,69.36,101825.84
TWB14,Uvalde_2020_02,29.60214,-99.73007,436.7784,6/28/21,p,2021,06/26/2021 09:05 CDT,96865,24.14,88.1,1.83,8.565,89.24,101827.83
TWB14,Uvalde_2020_02,29.60214,-99.73007,436.7784,6/28/21,p,2021,06/26/2021 09:10 CDT,96859,24.33,86.9,2.115,8.565,104.04,101818.46
TWB14,Uvalde_2020_02,29.60214,-99.73007,436.7784,6/28/21,p,2021,06/26/2021 09:15 CDT,96851,24.57,84.5,2.31,8.565,133.06,101805.98
TWB14,Uvalde_2020_02,29.60214,-99.73007,436.7784,6/28/21,p,2021,06/26/2021 09:20 CDT,96855,24.93,82.3,2.295,8.565,247.78,101804.76
TWB14,Uvalde_2020_02,29.60214,-99.73007,436.7784,6/28/21,p,2021,06/26/2021 09:25 CDT,96852,25.53,79.38,2.925,8.565,363.84,101791.29
TWB14,Uvalde_2020_02,29.60214,-99.73007,436.7784,6/28/21,p,2021,06/26/2021 09:30 CDT,96847,25.73,78.97,3.275,8.565,298.63,101778.94
TWB14,Uvalde_2020_02,29.60214,-99.73007,436.7784,6/28/21,p,2021,06/26/2021 09:35 CDT,96841,25.75,78.06,3.335,8.565,308.9,101771.47
TWB14,Uvalde_2020_02,29.60214,-99.73007,436.7784,6/28/21,p,2021,06/26/2021 09:40 CDT,96850,25.95,76.61,3.415,8.565,279.33,101778.24
TWB14,Uvalde_2020_02,29.60214,-99.73007,436.7784,6/28/21,p,2021,06/26/2021 09:45 CDT,96858,25.93,76.14,3.59,8.565,348.64,101785.81
TWB14,Uvalde_2020_02,29.60214,-99.73007,436.7784,6/28/21,p,2021,06/26/2021 09:50 CDT,96845,26.28,75.19,2.665,8.565,252.81,101767.95
TWB14,Uvalde_2020_02,29.60214,-99.73007,436.7784,6/28/21,p,2021,06/26/2021 09:55 CDT,96842,26.2,75.89,3.25,8.565,187.77,101764.12
TWB14,Uvalde_2020_02,29.60214,-99.73007,436.7784,6/28/21,p,2021,06/26/2021 10:00 CDT,96837,26.26,74.24,2.54,8.565,271.93,101759.55
TWB14,Uvalde_2020_02,29.60214,-99.73007,436.7784,6/28/21,p,2021,06/26/2021 10:05 CDT,96836,26.67,74.54,2.765,8.565,459.62,101752.12
TWB14,Uvalde_2020_02,29.60214,-99.73007,436.7784,6/28/21,p,2021,06/26/2021 10:10 CDT,96829,27.01,70.56,3.255,8.565,463.38,101737.1
TWB14,Uvalde_2020_02,29.60214,-99.73007,436.7784,6/28/21,p,2021,06/26/2021 10:15 CDT,96823,27.25,68.34,3.52,8.565,530.27,101725.81
TWB14,Uvalde_2020_02,29.60214,-99.73007,436.7784,6/28/21,p,2021,06/26/2021 10:20 CDT,96821,27.5,68.23,3.27,8.565,496.59,101719.05
TWB14,Uvalde_2020_02,29.60214,-99.73007,436.7784,6/28/21,p,2021,06/26/2021 10:25 CDT,96822,27.34,68.37,3.135,8.565,269.88,101722.26
TWB14,Uvalde_2020_02,29.60214,-99.73007,436.7784,6/28/21,p,2021,06/26/2021 10:30 CDT,96810,27.32,68.16,2.505,8.565,449.53,101711.66
TWB14,Uvalde_2020_02,29.60214,-99.73007,436.7784,6/28/21,p,2021,06/26/2021 10:35 CDT,96806,27.9,64.92,2.84,8.565,543.73,101699.16
TWB14,Uvalde_2020_02,29.60214,-99.73007,436.7784,6/28/21,p,2021,06/26/2021 10:40 CDT,96803,28.03,64.35,3.83,8.565,505.51,101690.71
TWB14,Uvalde_2020_02,29.60214,-99.73007,436.7784,6/28/21,p,2021,06/26/2021 10:45 CDT,96796,27.95,62.76,4.32,8.565,545.3,101685.53
TWB14,Uvalde_2020_02,29.60214,-99.73007,436.7784,6/28/21,p,2021,06/26/2021 10:50 CDT,96783,28.04,62.66,3.61,8.565,549.01,101669.88
TWB14,Uvalde_2020_02,29.60214,-99.73007,436.7784,6/28/21,p,2021,06/26/2021 10:55 CDT,96770,28.55,61.14,3.095,8.565,567.46,101648.96
TWB14,Uvalde_2020_02,29.60214,-99.73007,436.7784,6/28/21,p,2021,06/26/2021 11:00 CDT,96770,28.76,59.89,3.23,8.565,575.79,101643.53
TWB14,Uvalde_2020_02,29.60214,-99.73007,436.7784,6/28/21,p,2021,06/26/2021 11:05 CDT,96772,28.69,60.33,4.125,8.565,593.64,101645.46
TWB14,Uvalde_2020_02,29.60214,-99.73007,436.7784,6/28/21,p,2021,06/26/2021 11:10 CDT,96772,28.69,60.87,3.19,8.565,596.84,101647.6
TWB14,Uvalde_2020_02,29.60214,-99.73007,436.7784,6/28/21,p,2021,06/26/2021 11:15 CDT,96767,29.02,56.22,3.745,8.735,606.24,101637.12
TWB14,Uvalde_2020_02,29.60214,-99.73007,436.7784,6/28/21,p,2021,06/26/2021 11:20 CDT,96767,28.86,58.03,3.97,8.485,617.23,101637.27
TWB14,Uvalde_2020_02,29.60214,-99.73007,436.7784,6/28/21,p,2021,06/26/2021 11:25 CDT,96764,29.03,56.95,3.375,8.485,569.01,101633.31
TWB14,Uvalde_2020_02,29.60214,-99.73007,436.7784,6/28/21,p,2021,06/26/2021 11:30 CDT,96758,29.41,56.48,3.31,8.485,626.3,101621.58
TWB14,Uvalde_2020_02,29.60214,-99.73007,436.7784,6/28/21,p,2021,06/26/2021 11:35 CDT,96765,29.51,58.03,3.425,8.485,630.42,101625.8
TWB14,Uvalde_2020_02,29.60214,-99.73007,436.7784,6/28/21,p,2021,06/26/2021 11:40 CDT,96764,29.68,54.93,3.455,8.485,648.11,101620.85
TWB14,Uvalde_2020_02,29.60214,-99.73007,436.7784,6/28/21,p,2021,06/26/2021 11:45 CDT,96771,29.81,54.19,3.5,8.485,658.6,101627.39
TWB14,Uvalde_2020_02,29.60214,-99.73007,436.7784,6/28/21,p,2021,06/26/2021 11:50 CDT,96784,29.69,54.56,4.03,8.485,674.15,101641.53
TWB14,Uvalde_2020_02,29.60214,-99.73007,436.7784,6/28/21,p,2021,06/26/2021 11:55 CDT,96774,29.82,54.39,3.85,8.485,656.05,101630.71
TWB14,Uvalde_2020_02,29.60214,-99.73007,436.7784,6/28/21,p,2021,06/26/2021 12:00 CDT,96760,29.98,53.24,3.385,9.065,556.02,101614.22
TWB14,Uvalde_2020_02,29.60214,-99.73007,436.7784,6/28/21,p,2021,06/26/2021 12:05 CDT,96758,30.01,53.51,3.18,8.485,640.02,101610.64
TWB14,Uvalde_2020_02,29.60214,-99.73007,436.7784,6/28/21,p,2021,06/26/2021 12:10 CDT,96751,30.17,52.63,3.835,8.485,690.31,101599.71
TWB14,Uvalde_2020_02,29.60214,-99.73007,436.7784,6/28/21,p,2021,06/26/2021 12:15 CDT,96740,30.44,53.11,3.39,8.65,599.42,101583.91
TWB14,Uvalde_2020_02,29.60214,-99.73007,436.7784,6/28/21,p,2021,06/26/2021 12:20 CDT,96732,30.49,52.94,3.29,8.65,673.11,101574.54
TWB14,Uvalde_2020_02,29.60214,-99.73007,436.7784,6/28/21,p,2021,06/26/2021 12:25 CDT,96739,30.89,51.18,3.12,10.115,571.18,101576.22
TWB14,Uvalde_2020_02,29.60214,-99.73007,436.7784,6/28/21,p,2021,06/26/2021 12:30 CDT,96742,30.59,54.05,3.1,9.035,644.41,101582.91
TWB14,Uvalde_2020_02,29.60214,-99.73007,436.7784,6/28/21,p,2021,06/26/2021 12:35 CDT,96749,30.66,50.41,3.87,9.035,727.86,101589.65
TWB14,Uvalde_2020_02,29.60214,-99.73007,436.7784,6/28/21,p,2021,06/26/2021 12:40 CDT,96737,30.84,51.96,3.59,9.035,742.04,101573.3
TWB14,Uvalde_2020_02,29.60214,-99.73007,436.7784,6/28/21,p,2021,06/26/2021 12:45 CDT,96728,30.67,51.08,3.73,9.035,680.35,101566.94
TWB14,Uvalde_2020_02,29.60214,-99.73007,436.7784,6/28/21,p,2021,06/26/2021 12:50 CDT,96729,31.19,50.54,3.3,9.035,700.72,101561.34
TWB14,Uvalde_2020_02,29.60214,-99.73007,436.7784,6/28/21,p,2021,06/26/2021 12:55 CDT,96729,31.46,50.34,3.52,9.035,737.17,101556.65
TWB14,Uvalde_2020_02,29.60214,-99.73007,436.7784,6/28/21,p,2021,06/26/2021 13:00 CDT,96729,31.58,47.92,3.545,9.035,683.62,101552.96
TWB14,Uvalde_2020_02,29.60214,-99.73007,436.7784,6/28/21,p,2021,06/26/2021 13:05 CDT,96724,31.58,47.82,3.26,9.035,700.81,101548.04
TWB14,Uvalde_2020_02,29.60214,-99.73007,436.7784,6/28/21,p,2021,06/26/2021 13:10 CDT,96729,31.5,48.15,4.345,9.035,674.24,101554.74
TWB14,Uvalde_2020_02,29.60214,-99.73007,436.7784,6/28/21,p,2021,06/26/2021 13:15 CDT,96731,31.86,47.78,3.135,9.035,749.49,101551.19
TWB14,Uvalde_2020_02,29.60214,-99.73007,436.7784,6/28/21,p,2021,06/26/2021 13:20 CDT,96725,31.92,48.45,2.845,9.035,683.31,101543.11
TWB14,Uvalde_2020_02,29.60214,-99.73007,436.7784,6/28/21,p,2021,06/26/2021 13:25 CDT,96725,31.78,47.44,3.61,9.2,608.87,101545.22
TWB14,Uvalde_2020_02,29.60214,-99.73007,436.7784,6/28/21,p,2021,06/26/2021 13:30 CDT,96726,31.91,46.57,3.99,9.535,761.8,101544.5
TWB14,Uvalde_2020_02,29.60214,-99.73007,436.7784,6/28/21,p,2021,06/26/2021 13:35 CDT,96728,31.84,47.1,3.7,9.7,769.05,101546.76
TWB14,Uvalde_2020_02,29.60214,-99.73007,436.7784,6/28/21,p,2021,06/26/2021 13:40 CDT,96717,31.94,47.34,3.22,9.615,518.13,101534.24
TWB14,Uvalde_2020_02,29.60214,-99.73007,436.7784,6/28/21,p,2021,06/26/2021 13:45 CDT,96702,31.89,46.33,4.19,9.615,769.06,101519.63
TWB14,Uvalde_2020_02,29.60214,-99.73007,436.7784,6/28/21,p,2021,06/26/2021 13:50 CDT,96695,32.13,45.52,4.435,9.285,702.46,101508.27
TWB14,Uvalde_2020_02,29.60214,-99.73007,436.7784,6/28/21,p,2021,06/26/2021 13:55 CDT,96702,31.96,45.89,3.81,9.285,508.33,101518.03
TWB14,Uvalde_2020_02,29.60214,-99.73007,436.7784,6/28/21,p,2021,06/26/2021 14:00 CDT,96701,32.01,45.11,4.25,9.7,642.02,101518.28
TWB14,Uvalde_2020_02,29.60214,-99.73007,436.7784,6/28/21,p,2021,06/26/2021 14:05 CDT,96695,32.31,44.57,3.745,9.215,772.58,101508.12
TWB14,Uvalde_2020_02,29.60214,-99.73007,436.7784,6/28/21,p,2021,06/26/2021 14:10 CDT,96693,32.51,44.34,3.295,9.215,773.16,101502.49
TWB14,Uvalde_2020_02,29.60214,-99.73007,436.7784,6/28/21,p,2021,06/26/2021 14:15 CDT,96689,32.56,44.41,4.305,9.465,686.46,101495.08
TWB14,Uvalde_2020_02,29.60214,-99.73007,436.7784,6/28/21,p,2021,06/26/2021 14:20 CDT,96684,32.68,42.66,3.22,9.135,620.26,101490.17
TWB14,Uvalde_2020_02,29.60214,-99.73007,436.7784,6/28/21,p,2021,06/26/2021 14:25 CDT,96678,32.76,42.32,3.625,9.135,633.27,101481.79
TWB14,Uvalde_2020_02,29.60214,-99.73007,436.7784,6/28/21,p,2021,06/26/2021 14:30 CDT,96670,32.52,43.26,3.85,9.3,516.74,101476.27
TWB14,Uvalde_2020_02,29.60214,-99.73007,436.7784,6/28/21,p,2021,06/26/2021 14:35 CDT,96668,32.69,42.86,3.635,9.3,689.52,101472.57
TWB14,Uvalde_2020_02,29.60214,-99.73007,436.7784,6/28/21,p,2021,06/26/2021 14:40 CDT,96664,33.09,43.06,3.445,9.55,724.69,101463.09
TWB14,Uvalde_2020_02,29.60214,-99.73007,436.7784,6/28/21,p,2021,06/26/2021 14:45 CDT,96652,33.12,42.42,3.215,9.465,538.99,101448.42
TWB14,Uvalde_2020_02,29.60214,-99.73007,436.7784,6/28/21,p,2021,06/26/2021 14:50 CDT,96652,33.38,41.95,4.09,9.465,741.64,101446.03
TWB14,Uvalde_2020_02,29.60214,-99.73007,436.7784,6/28/21,p,2021,06/26/2021 14:55 CDT,96638,33.12,41.1,4.43,9.715,627.2,101432.94
TWB14,Uvalde_2020_02,29.60214,-99.73007,436.7784,6/28/21,p,2021,06/26/2021 15:00 CDT,96634,33.02,40.6,4.24,9.715,722.84,101430.99
TWB14,Uvalde_2020_02,29.60214,-99.73007,436.7784,6/28/21,p,2021,06/26/2021 15:05 CDT,96620,33.53,39.18,3.635,9.8,654.57,101409.93
TWB14,Uvalde_2020_02,29.60214,-99.73007,436.7784,6/28/21,p,2021,06/26/2021 15:10 CDT,96619,33.16,40.73,4.29,9.3,469.23,101411.57
TWB14,Uvalde_2020_02,29.60214,-99.73007,436.7784,6/28/21,p,2021,06/26/2021 15:15 CDT,96610,33.4,40.29,3.49,9.3,694.19,101402.61
TWB14,Uvalde_2020_02,29.60214,-99.73007,436.7784,6/28/21,p,2021,06/26/2021 15:20 CDT,96605,34.1,39.01,2.765,9.3,682.09,101386.39
TWB14,Uvalde_2020_02,29.60214,-99.73007,436.7784,6/28/21,p,2021,06/26/2021 15:25 CDT,96607,33.91,39.22,4.41,9.3,694.77,101385.94
TWB14,Uvalde_2020_02,29.60214,-99.73007,436.7784,6/28/21,p,2021,06/26/2021 15:30 CDT,96597,33.82,38.85,3.64,8.885,687.15,101379.58
TWB14,Uvalde_2020_02,29.60214,-99.73007,436.7784,6/28/21,p,2021,06/26/2021 15:35 CDT,96592,33.94,37.47,4.195,8.885,681.27,101373.08
TWB14,Uvalde_2020_02,29.60214,-99.73007,436.7784,6/28/21,p,2021,06/26/2021 15:40 CDT,96592,33.81,37.47,4.41,9.385,672.18,101373.4
TWB14,Uvalde_2020_02,29.60214,-99.73007,436.7784,6/28/21,p,2021,06/26/2021 15:45 CDT,96580,33.92,36.73,4.21,9.785,661.33,101360.02
TWB14,Uvalde_2020_02,29.60214,-99.73007,436.7784,6/28/21,p,2021,06/26/2021 15:50 CDT,96577,33.98,37.26,3.81,9.865,655.65,101357.35
TWB14,Uvalde_2020_02,29.60214,-99.73007,436.7784,6/28/21,p,2021,06/26/2021 15:55 CDT,96580,34.05,36.79,4.515,9.95,651.15,101357.48
TWB14,Uvalde_2020_02,29.60214,-99.73007,436.7784,6/28/21,p,2021,06/26/2021 16:00 CDT,96583,33.92,38.41,4.305,9.95,641.73,101363.15
TWB14,Uvalde_2020_02,29.60214,-99.73007,436.7784,6/28/21,p,2021,06/26/2021 16:05 CDT,96576,34.13,36.15,3.495,9.95,642.56,101354.41
TWB14,Uvalde_2020_02,29.60214,-99.73007,436.7784,6/28/21,p,2021,06/26/2021 16:10 CDT,96582,34.16,37.8,4.09,9.95,634.56,101357.51
TWB14,Uvalde_2020_02,29.60214,-99.73007,436.7784,6/28/21,p,2021,06/26/2021 16:15 CDT,96579,34.11,36.19,4.42,10.45,620.98,101355.65
TWB14,Uvalde_2020_02,29.60214,-99.73007,436.7784,6/28/21,p,2021,06/26/2021 16:20 CDT,96578,34.17,36.09,3.935,9.55,620.78,101354.6
TWB14,Uvalde_2020_02,29.60214,-99.73007,436.7784,6/28/21,p,2021,06/26/2021 16:25 CDT,96558,34.16,35.11,4.33,9.55,539.99,101334.58
TWB14,Uvalde_2020_02,29.60214,-99.73007,436.7784,6/28/21,p,2021,06/26/2021 16:30 CDT,96557,34.28,36.72,4.505,9.63,604.21,101331.29
TWB14,Uvalde_2020_02,29.60214,-99.73007,436.7784,6/28/21,p,2021,06/26/2021 16:35 CDT,96545,34.31,35.95,4.455,10.635,582.09,101318.23
TWB14,Uvalde_2020_02,29.60214,-99.73007,436.7784,6/28/21,p,2021,06/26/2021 16:40 CDT,96545,34.2,37.33,5.135,9.885,588.19,101318.37
TWB14,Uvalde_2020_02,29.60214,-99.73007,436.7784,6/28/21,p,2021,06/26/2021 16:45 CDT,96543,33.97,36.82,4.56,9.865,561.8,101321.99
TWB14,Uvalde_2020_02,29.60214,-99.73007,436.7784,6/28/21,p,2021,06/26/2021 16:50 CDT,96533,34.01,38,4.995,9.865,547.89,101310.68
TWB14,Uvalde_2020_02,29.60214,-99.73007,436.7784,6/28/21,p,2021,06/26/2021 16:55 CDT,96533,34.43,36.55,3.39,9.865,548.51,101306.1
TWB14,Uvalde_2020_02,29.60214,-99.73007,436.7784,6/28/21,p,2021,06/26/2021 17:00 CDT,96534,34.32,36.89,4.735,10.6,542.18,101305.4
TWB14,Uvalde_2020_02,29.60214,-99.73007,436.7784,6/28/21,p,2021,06/26/2021 17:05 CDT,96527,34.09,36.79,4.61,11.765,462.37,101303.13
TWB14,Uvalde_2020_02,29.60214,-99.73007,436.7784,6/28/21,p,2021,06/26/2021 17:10 CDT,96538,33.95,36.86,4.46,10.7,500.8,101317.37
TWB14,Uvalde_2020_02,29.60214,-99.73007,436.7784,6/28/21,p,2021,06/26/2021 17:15 CDT,96534,34.07,36.42,4.06,10.7,448.72,101311.59
TWB14,Uvalde_2020_02,29.60214,-99.73007,436.7784,6/28/21,p,2021,06/26/2021 17:20 CDT,96534,34.09,37.36,4.21,10.7,484.79,101311.42
TWB14,Uvalde_2020_02,29.60214,-99.73007,436.7784,6/28/21,p,2021,06/26/2021 17:25 CDT,96533,34.06,38.57,4.47,10.7,470.67,101310.04
TWB14,Uvalde_2020_02,29.60214,-99.73007,436.7784,6/28/21,p,2021,06/26/2021 17:30 CDT,96525,34.14,38.2,4.055,11.16,470.56,101301.49
TWB14,Uvalde_2020_02,29.60214,-99.73007,436.7784,6/28/21,p,2021,06/26/2021 17:35 CDT,96522,34.01,36.86,3.625,9.785,358.16,101301.22
TWB14,Uvalde_2020_02,29.60214,-99.73007,436.7784,6/28/21,p,2021,06/26/2021 17:40 CDT,96523,34.1,36.62,4.22,10.935,429.64,101299.57
TWB14,Uvalde_2020_02,29.60214,-99.73007,436.7784,6/28/21,p,2021,06/26/2021 17:45 CDT,96522,33.93,37.33,4.04,10.1,380.31,101301.53
TWB14,Uvalde_2020_02,29.60214,-99.73007,436.7784,6/28/21,p,2021,06/26/2021 17:50 CDT,96524,34.18,36.46,4.06,10.185,388.98,101301.42
TWB14,Uvalde_2020_02,29.60214,-99.73007,436.7784,6/28/21,p,2021,06/26/2021 17:55 CDT,96531,33.85,37.67,4.06,10.185,336.92,101311.92
TWB14,Uvalde_2020_02,29.60214,-99.73007,436.7784,6/28/21,p,2021,06/26/2021 18:00 CDT,96531,33.69,37.37,4.835,9.95,363.19,101315.27
TWB14,Uvalde_2020_02,29.60214,-99.73007,436.7784,6/28/21,p,2021,06/26/2021 18:05 CDT,96528,33.73,36.09,4.285,9.95,317.56,101312.77
TWB14,Uvalde_2020_02,29.60214,-99.73007,436.7784,6/28/21,p,2021,06/26/2021 18:10 CDT,96529,33.7,36.36,4.69,9.95,320.69,101313.66
TWB14,Uvalde_2020_02,29.60214,-99.73007,436.7784,6/28/21,p,2021,06/26/2021 18:15 CDT,96524,33.72,36.63,3.79,9.95,300.56,101308.73
TWB14,Uvalde_2020_02,29.60214,-99.73007,436.7784,6/28/21,p,2021,06/26/2021 18:20 CDT,96521,33.7,37,4.695,10.285,324.23,101305.57
TWB14,Uvalde_2020_02,29.60214,-99.73007,436.7784,6/28/21,p,2021,06/26/2021 18:25 CDT,96516,33.71,37.43,4.05,9.95,306.89,101300.16
TWB14,Uvalde_2020_02,29.60214,-99.73007,436.7784,6/28/21,p,2021,06/26/2021 18:30 CDT,96518,33.72,37.2,3.165,9.95,291.81,101302.26
TWB14,Uvalde_2020_02,29.60214,-99.73007,436.7784,6/28/21,p,2021,06/26/2021 18:35 CDT,96516,33.73,37.57,3.55,9.95,291.89,101299.68
TWB14,Uvalde_2020_02,29.60214,-99.73007,436.7784,6/28/21,p,2021,06/26/2021 18:40 CDT,96520,33.6,37.67,4.715,9.95,285.92,101306.27
TWB14,Uvalde_2020_02,29.60214,-99.73007,436.7784,6/28/21,p,2021,06/26/2021 18:45 CDT,96517,33.6,37.74,3.355,9.05,253.63,101303.91
TWB14,Uvalde_2020_02,29.60214,-99.73007,436.7784,6/28/21,p,2021,06/26/2021 18:50 CDT,96509,33.47,38.44,4.345,9.63,239.5,101296.14
TWB14,Uvalde_2020_02,29.60214,-99.73007,436.7784,6/28/21,p,2021,06/26/2021 18:55 CDT,96514,33.13,40.43,5.24,10.515,235.16,101307.27
TWB14,Uvalde_2020_02,29.60214,-99.73007,436.7784,6/28/21,p,2021,06/26/2021 19:00 CDT,96503,32.92,40.8,4.225,9.865,217.52,101299.72
TWB14,Uvalde_2020_02,29.60214,-99.73007,436.7784,6/28/21,p,2021,06/26/2021 19:05 CDT,96497,32.9,41.27,4.8,10.2,204.18,101294.05
TWB14,Uvalde_2020_02,29.60214,-99.73007,436.7784,6/28/21,p,2021,06/26/2021 19:10 CDT,96493,32.83,42.08,4.27,9.95,189.42,101291.77
TWB14,Uvalde_2020_02,29.60214,-99.73007,436.7784,6/28/21,p,2021,06/26/2021 19:15 CDT,96493,32.77,42.65,4.07,9.95,176.09,101292.56
TWB14,Uvalde_2020_02,29.60214,-99.73007,436.7784,6/28/21,p,2021,06/26/2021 19:20 CDT,96488,32.67,42.75,4.17,9.95,163.65,101288.91
TWB14,Uvalde_2020_02,29.60214,-99.73007,436.7784,6/28/21,p,2021,06/26/2021 19:25 CDT,96477,32.49,43.23,4.01,9.95,151.13,101280.09
TWB14,Uvalde_2020_02,29.60214,-99.73007,436.7784,6/28/21,p,2021,06/26/2021 19:30 CDT,96478,32.35,43.33,4.555,9.785,139.05,101283.38
TWB14,Uvalde_2020_02,29.60214,-99.73007,436.7784,6/28/21,p,2021,06/26/2021 19:35 CDT,96482,32.18,44.4,4.81,10.825,127.6,101290.47
TWB14,Uvalde_2020_02,29.60214,-99.73007,436.7784,6/28/21,p,2021,06/26/2021 19:40 CDT,96482,32.06,44.64,5.13,10.66,114.79,101292.72
TWB14,Uvalde_2020_02,29.60214,-99.73007,436.7784,6/28/21,p,2021,06/26/2021 19:45 CDT,96481,31.91,44.88,4.445,10.265,101.18,101294.24
TWB14,Uvalde_2020_02,29.60214,-99.73007,436.7784,6/28/21,p,2021,06/26/2021 19:50 CDT,96480,31.75,45.66,4.675,10.265,90.37,101295.76
TWB14,Uvalde_2020_02,29.60214,-99.73007,436.7784,6/28/21,p,2021,06/26/2021 19:55 CDT,96481,31.65,45.49,5.1,10.865,77.85,101299.08
TWB14,Uvalde_2020_02,29.60214,-99.73007,436.7784,6/28/21,p,2021,06/26/2021 20:00 CDT,96481,31.6,46.03,3.935,10.03,65.11,101300.04
TWB14,Uvalde_2020_02,29.60214,-99.73007,436.7784,6/28/21,p,2021,06/26/2021 20:05 CDT,96486,31.47,47.11,3.99,10.03,46.91,101307.05
TWB14,Uvalde_2020_02,29.60214,-99.73007,436.7784,6/28/21,p,2021,06/26/2021 20:10 CDT,96496,31.24,48.32,5.33,10.115,35.55,101320.94
TWB14,Uvalde_2020_02,29.60214,-99.73007,436.7784,6/28/21,p,2021,06/26/2021 20:15 CDT,96493,31.05,48.96,4.24,9.7,31.95,101321.18
TWB14,Uvalde_2020_02,29.60214,-99.73007,436.7784,6/28/21,p,2021,06/26/2021 20:20 CDT,96496,30.9,49.81,3.83,10.115,25.99,101326.76
TWB14,Uvalde_2020_02,29.60214,-99.73007,436.7784,6/28/21,p,2021,06/26/2021 20:25 CDT,96498,30.73,50.82,4.38,10.365,19.17,101331.45
TWB14,Uvalde_2020_02,29.60214,-99.73007,436.7784,6/28/21,p,2021,06/26/2021 20:30 CDT,96502,30.53,52.03,3.42,9.7,10.94,101339.05
TWB14,Uvalde_2020_02,29.60214,-99.73007,436.7784,6/28/21,p,2021,06/26/2021 20:35 CDT,96515,30.37,52.84,3.95,9.7,5.78,101355.14
TWB14,Uvalde_2020_02,29.60214,-99.73007,436.7784,6/28/21,p,2021,06/26/2021 20:40 CDT,96517,30.21,53.38,4.19,10.365,3.3,101360.33
TWB14,Uvalde_2020_02,29.60214,-99.73007,436.7784,6/28/21,p,2021,06/26/2021 20:45 CDT,96524,30.09,53.85,3.48,10.365,1.9,101369.63
TWB14,Uvalde_2020_02,29.60214,-99.73007,436.7784,6/28/21,p,2021,06/26/2021 20:50 CDT,96542,29.97,54.12,4.535,10.365,0.27,101390.82
TWB14,Uvalde_2020_02,29.60214,-99.73007,436.7784,6/28/21,p,2021,06/26/2021 20:55 CDT,96551,29.87,54.8,3.41,10.365,0.29,101401.58
TWB14,Uvalde_2020_02,29.60214,-99.73007,436.7784,6/28/21,p,2021,06/26/2021 21:00 CDT,96555,29.71,55.47,2.89,10.365,0.12,101408.55
TWB14,Uvalde_2020_02,29.60214,-99.73007,436.7784,6/28/21,p,2021,06/26/2021 21:05 CDT,96568,29.61,56.01,3.525,10.365,0,101424.01
TWB14,Uvalde_2020_02,29.60214,-99.73007,436.7784,6/28/21,p,2021,06/26/2021 21:10 CDT,96581,29.48,56.68,3.2,10.365,0,101439.62
TWB14,Uvalde_2020_02,29.60214,-99.73007,436.7784,6/28/21,p,2021,06/26/2021 21:15 CDT,96599,29.37,57.36,3.295,10.365,0,101460.33
TWB14,Uvalde_2020_02,29.60214,-99.73007,436.7784,6/28/21,p,2021,06/26/2021 21:20 CDT,96611,29.29,57.8,4.05,10.365,0,101474.4
TWB14,Uvalde_2020_02,29.60214,-99.73007,436.7784,6/28/21,p,2021,06/26/2021 21:25 CDT,96623,29.19,58.38,4.08,10.365,0,101488.65
TWB14,Uvalde_2020_02,29.60214,-99.73007,436.7784,6/28/21,p,2021,06/26/2021 21:30 CDT,96632,29.07,58.92,3.455,9.55,0,101500.07
TWB14,Uvalde_2020_02,29.60214,-99.73007,436.7784,6/28/21,p,2021,06/26/2021 21:35 CDT,96647,28.93,59.52,2.82,9.55,0.04,101517.8
TWB14,Uvalde_2020_02,29.60214,-99.73007,436.7784,6/28/21,p,2021,06/26/2021 21:40 CDT,96673,28.78,60.46,2.27,9.55,0.27,101547.74
TWB14,Uvalde_2020_02,29.60214,-99.73007,436.7784,6/28/21,p,2021,06/26/2021 21:45 CDT,96683,28.69,61.24,3.325,9.55,0,101559.89
TWB14,Uvalde_2020_02,29.60214,-99.73007,436.7784,6/28/21,p,2021,06/26/2021 21:50 CDT,96684,28.55,62.35,4.24,10.215,0,101563.24
TWB14,Uvalde_2020_02,29.60214,-99.73007,436.7784,6/28/21,p,2021,06/26/2021 21:55 CDT,96692,28.47,62.69,4.905,9.385,0,101572.8
TWB14,Uvalde_2020_02,29.60214,-99.73007,436.7784,6/28/21,p,2021,06/26/2021 22:00 CDT,96694,28.36,63.13,3.72,9.3,0,101576.55
TWB14,Uvalde_2020_02,29.60214,-99.73007,436.7784,6/28/21,p,2021,06/26/2021 22:05 CDT,96693,28.23,63.84,3.375,9.3,0.05,101577.81
TWB14,Uvalde_2020_02,29.60214,-99.73007,436.7784,6/28/21,p,2021,06/26/2021 22:10 CDT,96701,28.12,64.42,3.91,9.3,0,101588.03
TWB14,Uvalde_2020_02,29.60214,-99.73007,436.7784,6/28/21,p,2021,06/26/2021 22:15 CDT,96722,28,65.13,3.06,9.3,0.03,101612.08
TWB14,Uvalde_2020_02,29.60214,-99.73007,436.7784,6/28/21,p,2021,06/26/2021 22:20 CDT,96749,27.89,65.53,4.295,10.1,0.02,101642.27
TWB14,Uvalde_2020_02,29.60214,-99.73007,436.7784,6/28/21,p,2021,06/26/2021 22:25 CDT,96759,27.83,65.87,3.99,10.05,0,101653.93
TWB14,Uvalde_2020_02,29.60214,-99.73007,436.7784,6/28/21,p,2021,06/26/2021 22:30 CDT,96768,27.71,66.14,3.18,10.05,0,101665.38
TWB14,Uvalde_2020_02,29.60214,-99.73007,436.7784,6/28/21,p,2021,06/26/2021 22:35 CDT,96790,27.62,66.35,3.66,10.05,0,101689.99
TWB14,Uvalde_2020_02,29.60214,-99.73007,436.7784,6/28/21,p,2021,06/26/2021 22:40 CDT,96807,27.56,66.55,3.775,10.05,0,101709.02
TWB14,Uvalde_2020_02,29.60214,-99.73007,436.7784,6/28/21,p,2021,06/26/2021 22:45 CDT,96809,27.48,66.65,3.09,10.05,0,101712.62
TWB14,Uvalde_2020_02,29.60214,-99.73007,436.7784,6/28/21,p,2021,06/26/2021 22:50 CDT,96808,27.39,67.09,2.68,10.05,0,101712.73
TWB14,Uvalde_2020_02,29.60214,-99.73007,436.7784,6/28/21,p,2021,06/26/2021 22:55 CDT,96808,27.29,67.76,2.68,10.05,0.02,101714.4
TWB14,Uvalde_2020_02,29.60214,-99.73007,436.7784,6/28/21,p,2021,06/26/2021 23:00 CDT,96808,27.19,68.7,4.41,8.385,0,101716.23
TWB14,Uvalde_2020_02,29.60214,-99.73007,436.7784,6/28/21,p,2021,06/26/2021 23:05 CDT,96809,27.11,69.45,3.555,9.3,0,101718.44
TWB14,Uvalde_2020_02,29.60214,-99.73007,436.7784,6/28/21,p,2021,06/26/2021 23:10 CDT,96830,27.05,69.92,3.975,9.7,0,101741.5
TWB14,Uvalde_2020_02,29.60214,-99.73007,436.7784,6/28/21,p,2021,06/26/2021 23:15 CDT,96836,26.97,70.73,2.52,9.535,0.02,101748.8
TWB14,Uvalde_2020_02,29.60214,-99.73007,436.7784,6/28/21,p,2021,06/26/2021 23:20 CDT,96832,26.87,71.27,3.175,9.535,0,101746.61
TWB14,Uvalde_2020_02,29.60214,-99.73007,436.7784,6/28/21,p,2021,06/26/2021 23:25 CDT,96823,26.8,71.53,3.86,9.535,0,101738.49
TWB14,Uvalde_2020_02,29.60214,-99.73007,436.7784,6/28/21,p,2021,06/26/2021 23:30 CDT,96812,26.77,71.74,3.185,9.535,0,101727.26
TWB14,Uvalde_2020_02,29.60214,-99.73007,436.7784,6/28/21,p,2021,06/26/2021 23:35 CDT,96822,26.74,72.08,3.465,9.535,0,101737.93
TWB14,Uvalde_2020_02,29.60214,-99.73007,436.7784,6/28/21,p,2021,06/26/2021 23:40 CDT,96835,26.7,73.15,4.43,9.2,0,101752.09
TWB14,Uvalde_2020_02,29.60214,-99.73007,436.7784,6/28/21,p,2021,06/26/2021 23:45 CDT,96836,26.62,73.69,3.525,8.8,0,101754.48
TWB14,Uvalde_2020_02,29.60214,-99.73007,436.7784,6/28/21,p,2021,06/26/2021 23:50 CDT,96833,26.56,74.1,3.77,8.8,0,101752.33
TWB14,Uvalde_2020_02,29.60214,-99.73007,436.7784,6/28/21,p,2021,06/26/2021 23:55 CDT,96825,26.48,74.67,4.345,9.05,0.13,101745.26
TWB14,Uvalde_2020_02,29.60214,-99.73007,436.7784,6/28/21,p,2021,06/27/2021 00:00 CDT,96816,26.36,75.25,3.8,9.05,0.29,101737.64
TWB14,Uvalde_2020_02,29.60214,-99.73007,436.7784,6/28/21,p,2021,06/27/2021 00:05 CDT,96806,26.24,75.45,4.445,9.05,0,101729.49
TWB14,Uvalde_2020_02,29.60214,-99.73007,436.7784,6/28/21,p,2021,06/27/2021 00:10 CDT,96806,26.16,75.72,4.23,9.05,0,101730.66
TWB14,Uvalde_2020_02,29.60214,-99.73007,436.7784,6/28/21,p,2021,06/27/2021 00:15 CDT,96813,26.08,76.42,3.8,9.05,0,101739.36
TWB14,Uvalde_2020_02,29.60214,-99.73007,436.7784,6/28/21,p,2021,06/27/2021 00:20 CDT,96814,25.94,77.47,3.215,9.05,0.08,101742.59
TWB14,Uvalde_2020_02,29.60214,-99.73007,436.7784,6/28/21,p,2021,06/27/2021 00:25 CDT,96820,25.84,77.74,4.045,9.05,0,101750.58
TWB14,Uvalde_2020_02,29.60214,-99.73007,436.7784,6/28/21,p,2021,06/27/2021 00:30 CDT,96820,25.76,77.68,3.46,9.05,0,101752.44
TWB14,Uvalde_2020_02,29.60214,-99.73007,436.7784,6/28/21,p,2021,06/27/2021 00:35 CDT,96829,25.72,77.24,3.11,9.05,0,101762.91
TWB14,Uvalde_2020_02,29.60214,-99.73007,436.7784,6/28/21,p,2021,06/27/2021 00:40 CDT,96821,25.68,77.61,2.765,9.05,0,101754.84
TWB14,Uvalde_2020_02,29.60214,-99.73007,436.7784,6/28/21,p,2021,06/27/2021 00:45 CDT,96815,25.56,78.15,3.765,9.05,0,101750.22
TWB14,Uvalde_2020_02,29.60214,-99.73007,436.7784,6/28/21,p,2021,06/27/2021 00:50 CDT,96815,25.43,78.42,3.275,9.05,0.01,101752.75
TWB14,Uvalde_2020_02,29.60214,-99.73007,436.7784,6/28/21,p,2021,06/27/2021 00:55 CDT,96818,25.37,78.69,4.03,9.05,0,101757.09
TWB14,Uvalde_2020_02,29.60214,-99.73007,436.7784,6/28/21,p,2021,06/27/2021 01:00 CDT,96819,25.27,78.69,3.315,9.05,0,101759.83
TWB14,Uvalde_2020_02,29.60214,-99.73007,436.7784,6/28/21,p,2021,06/27/2021 01:05 CDT,96816,25.18,78.82,2.585,9.05,0,101758.37
TWB14,Uvalde_2020_02,29.60214,-99.73007,436.7784,6/28/21,p,2021,06/27/2021 01:10 CDT,96825,25.1,79.1,2.39,9.05,0.03,101769.01
TWB14,Uvalde_2020_02,29.60214,-99.73007,436.7784,6/28/21,p,2021,06/27/2021 01:15 CDT,96836,25.03,78.83,3.555,9.05,0,101781.77
TWB14,Uvalde_2020_02,29.60214,-99.73007,436.7784,6/28/21,p,2021,06/27/2021 01:20 CDT,96828,24.94,79.33,3.15,9.05,0,101774.71
TWB14,Uvalde_2020_02,29.60214,-99.73007,436.7784,6/28/21,p,2021,06/27/2021 01:25 CDT,96830,24.82,79.5,3.045,9.05,0.02,101778.85
TWB14,Uvalde_2020_02,29.60214,-99.73007,436.7784,6/28/21,p,2021,06/27/2021 01:30 CDT,96828,24.74,79.5,3.285,9.05,0,101777.94
TWB14,Uvalde_2020_02,29.60214,-99.73007,436.7784,6/28/21,p,2021,06/27/2021 01:35 CDT,96820,24.7,79.17,3.515,9.135,0,101770.55
TWB14,Uvalde_2020_02,29.60214,-99.73007,436.7784,6/28/21,p,2021,06/27/2021 01:40 CDT,96830,24.65,79.31,2.765,8.885,0,101781.74
TWB14,Uvalde_2020_02,29.60214,-99.73007,436.7784,6/28/21,p,2021,06/27/2021 01:45 CDT,96845,24.58,79.38,2.545,8.885,0,101798.7
TWB14,Uvalde_2020_02,29.60214,-99.73007,436.7784,6/28/21,p,2021,06/27/2021 01:50 CDT,96842,24.52,79.17,3.375,8.885,0,101796.4
TWB14,Uvalde_2020_02,29.60214,-99.73007,436.7784,6/28/21,p,2021,06/27/2021 01:55 CDT,96847,24.46,79.24,3.035,8.885,0,101802.67
TWB14,Uvalde_2020_02,29.60214,-99.73007,436.7784,6/28/21,p,2021,06/27/2021 02:00 CDT,96850,24.37,79.58,2.495,8.885,0,101807.53
TWB14,Uvalde_2020_02,29.60214,-99.73007,436.7784,6/28/21,p,2021,06/27/2021 02:05 CDT,96859,24.3,79.58,2.65,8.885,0,101818.35
TWB14,Uvalde_2020_02,29.60214,-99.73007,436.7784,6/28/21,p,2021,06/27/2021 02:10 CDT,96859,24.25,79.78,3.17,8.885,0,101819.03
TWB14,Uvalde_2020_02,29.60214,-99.73007,436.7784,6/28/21,p,2021,06/27/2021 02:15 CDT,96857,24.14,80.2,2.69,8.885,0,101818.81
TWB14,Uvalde_2020_02,29.60214,-99.73007,436.7784,6/28/21,p,2021,06/27/2021 02:20 CDT,96852,24.05,79.78,3.01,8.885,0,101815.26
TWB14,Uvalde_2020_02,29.60214,-99.73007,436.7784,6/28/21,p,2021,06/27/2021 02:25 CDT,96842,23.99,80.1,2.895,8.885,0,101805.6
TWB14,Uvalde_2020_02,29.60214,-99.73007,436.7784,6/28/21,p,2021,06/27/2021 02:30 CDT,96841,23.91,80.5,2.45,8.885,0,101806.25
TWB14,Uvalde_2020_02,29.60214,-99.73007,436.7784,6/28/21,p,2021,06/27/2021 02:35 CDT,96849,23.81,80.6,2.9,8.885,0,101816.72
TWB14,Uvalde_2020_02,29.60214,-99.73007,436.7784,6/28/21,p,2021,06/27/2021 02:40 CDT,96858,23.78,80.6,2.98,8.885,0,101826.69
TWB14,Uvalde_2020_02,29.60214,-99.73007,436.7784,6/28/21,p,2021,06/27/2021 02:45 CDT,96852,23.71,80.5,3.48,8.885,0,101821.24
TWB14,Uvalde_2020_02,29.60214,-99.73007,436.7784,6/28/21,p,2021,06/27/2021 02:50 CDT,96848,23.68,80.3,3.965,8.885,0,101817.72
TWB14,Uvalde_2020_02,29.60214,-99.73007,436.7784,6/28/21,p,2021,06/27/2021 02:55 CDT,96849,23.61,80.8,2.615,8.885,0,101819.8
TWB14,Uvalde_2020_02,29.60214,-99.73007,436.7784,6/28/21,p,2021,06/27/2021 03:00 CDT,96850,23.5,81.1,3.02,8.885,0,101822.9
TWB14,Uvalde_2020_02,29.60214,-99.73007,436.7784,6/28/21,p,2021,06/27/2021 03:05 CDT,96849,23.43,81.1,3.1,8.885,0,101823.05
TWB14,Uvalde_2020_02,29.60214,-99.73007,436.7784,6/28/21,p,2021,06/27/2021 03:10 CDT,96853,23.4,81.1,3.45,8.885,0,101827.94
TWB14,Uvalde_2020_02,29.60214,-99.73007,436.7784,6/28/21,p,2021,06/27/2021 03:15 CDT,96847,23.32,81.9,3.055,8.885,0,101823
TWB14,Uvalde_2020_02,29.60214,-99.73007,436.7784,6/28/21,p,2021,06/27/2021 03:20 CDT,96853,23.24,82.4,2.695,8.885,0,101830.68
TWB14,Uvalde_2020_02,29.60214,-99.73007,436.7784,6/28/21,p,2021,06/27/2021 03:25 CDT,96862,23.19,82.8,2.68,8.885,0,101840.66
TWB14,Uvalde_2020_02,29.60214,-99.73007,436.7784,6/28/21,p,2021,06/27/2021 03:30 CDT,96876,23.17,83.2,2.22,8.885,0,101855.72
TWB14,Uvalde_2020_02,29.60214,-99.73007,436.7784,6/28/21,p,2021,06/27/2021 03:35 CDT,96884,23.18,83.3,2.95,8.885,0,101864.3
TWB14,Uvalde_2020_02,29.60214,-99.73007,436.7784,6/28/21,p,2021,06/27/2021 03:40 CDT,96886,23.19,83.2,3.07,8.885,0,101866.06
TWB14,Uvalde_2020_02,29.60214,-99.73007,436.7784,6/28/21,p,2021,06/27/2021 03:45 CDT,96886,23.2,83.4,2.515,8.885,0,101865.89
TWB14,Uvalde_2020_02,29.60214,-99.73007,436.7784,6/28/21,p,2021,06/27/2021 03:50 CDT,96879,23.16,83.7,2.59,8.885,0,101859.04
TWB14,Uvalde_2020_02,29.60214,-99.73007,436.7784,6/28/21,p,2021,06/27/2021 03:55 CDT,96866,23.15,83.7,2.96,8.885,0,101845.89
TWB14,Uvalde_2020_02,29.60214,-99.73007,436.7784,6/28/21,p,2021,06/27/2021 04:00 CDT,96859,23.15,83.7,2.795,8.885,0,101838.53
TWB14,Uvalde_2020_02,29.60214,-99.73007,436.7784,6/28/21,p,2021,06/27/2021 04:05 CDT,96859,23.2,83.7,2.81,8.885,0,101837.67
TWB14,Uvalde_2020_02,29.60214,-99.73007,436.7784,6/28/21,p,2021,06/27/2021 04:10 CDT,96859,23.22,84,2.685,8.885,0,101837.32
TWB14,Uvalde_2020_02,29.60214,-99.73007,436.7784,6/28/21,p,2021,06/27/2021 04:15 CDT,96859,23.25,83.9,2.435,8.885,0,101836.64
TWB14,Uvalde_2020_02,29.60214,-99.73007,436.7784,6/28/21,p,2021,06/27/2021 04:20 CDT,96862,23.27,83.5,3.17,8.885,0,101839.11
TWB14,Uvalde_2020_02,29.60214,-99.73007,436.7784,6/28/21,p,2021,06/27/2021 04:25 CDT,96860,23.31,83.3,3.38,8.55,0,101836.32
TWB14,Uvalde_2020_02,29.60214,-99.73007,436.7784,6/28/21,p,2021,06/27/2021 04:30 CDT,96867,23.31,83.4,3.23,8.55,0,101843.5
TWB14,Uvalde_2020_02,29.60214,-99.73007,436.7784,6/28/21,p,2021,06/27/2021 04:35 CDT,96874,23.31,83.2,3.165,8.55,0,101851.04
TWB14,Uvalde_2020_02,29.60214,-99.73007,436.7784,6/28/21,p,2021,06/27/2021 04:40 CDT,96875,23.3,83.3,2.405,8.55,0,101852.09
TWB14,Uvalde_2020_02,29.60214,-99.73007,436.7784,6/28/21,p,2021,06/27/2021 04:45 CDT,96879,23.29,83.6,2.21,8.55,0,101856.29
TWB14,Uvalde_2020_02,29.60214,-99.73007,436.7784,6/28/21,p,2021,06/27/2021 04:50 CDT,96884,23.29,83.5,3.08,8.55,0,101861.72
TWB14,Uvalde_2020_02,29.60214,-99.73007,436.7784,6/28/21,p,2021,06/27/2021 04:55 CDT,96887,23.3,83.7,2.785,8.55,0,101864.7
TWB14,Uvalde_2020_02,29.60214,-99.73007,436.7784,6/28/21,p,2021,06/27/2021 05:00 CDT,96887,23.3,83.8,2.745,8.55,0,101864.7
TWB14,Uvalde_2020_02,29.60214,-99.73007,436.7784,6/28/21,p,2021,06/27/2021 05:05 CDT,96883,23.31,83.9,2.16,8.55,0,101860.32
TWB14,Uvalde_2020_02,29.60214,-99.73007,436.7784,6/28/21,p,2021,06/27/2021 05:10 CDT,96878,23.31,83.7,2.74,8.55,0,101855.07
TWB14,Uvalde_2020_02,29.60214,-99.73007,436.7784,6/28/21,p,2021,06/27/2021 05:15 CDT,96865,23.31,83.8,2.655,8.55,0,101841.4
TWB14,Uvalde_2020_02,29.60214,-99.73007,436.7784,6/28/21,p,2021,06/27/2021 05:20 CDT,96860,23.28,83.9,2.93,8.55,0,101836.66
TWB14,Uvalde_2020_02,29.60214,-99.73007,436.7784,6/28/21,p,2021,06/27/2021 05:25 CDT,96864,23.27,83.8,2.71,8.55,0,101841.55
TWB14,Uvalde_2020_02,29.60214,-99.73007,436.7784,6/28/21,p,2021,06/27/2021 05:30 CDT,96867,23.23,83.7,2.28,8.55,0,101845.39
TWB14,Uvalde_2020_02,29.60214,-99.73007,436.7784,6/28/21,p,2021,06/27/2021 05:35 CDT,96873,23.23,83.5,2.245,8.55,0,101852.05
TWB14,Uvalde_2020_02,29.60214,-99.73007,436.7784,6/28/21,p,2021,06/27/2021 05:40 CDT,96878,23.26,83.5,2.365,8.55,0,101856.44
TWB14,Uvalde_2020_02,29.60214,-99.73007,436.7784,6/28/21,p,2021,06/27/2021 05:45 CDT,96888,23.27,83,2.405,8.55,0,101866.62
TWB14,Uvalde_2020_02,29.60214,-99.73007,436.7784,6/28/21,p,2021,06/27/2021 05:50 CDT,96887,23.32,83.1,2.925,8.55,0,101864.71
TWB14,Uvalde_2020_02,29.60214,-99.73007,436.7784,6/28/21,p,2021,06/27/2021 05:55 CDT,96887,23.31,83.1,2.015,8.55,0,101864.71
TWB14,Uvalde_2020_02,29.60214,-99.73007,436.7784,6/28/21,p,2021,06/27/2021 06:00 CDT,96887,23.32,82.8,2.115,8.55,0,101864.71
TWB14,Uvalde_2020_02,29.60214,-99.73007,436.7784,6/28/21,p,2021,06/27/2021 06:05 CDT,96897,23.32,83.1,1.74,8.55,0,101875.05
TWB14,Uvalde_2020_02,29.60214,-99.73007,436.7784,6/28/21,p,2021,06/27/2021 06:10 CDT,96910,23.32,82.8,2.12,8.55,0,101888.72
TWB14,Uvalde_2020_02,29.60214,-99.73007,436.7784,6/28/21,p,2021,06/27/2021 06:15 CDT,96898,23.36,82.8,2.105,8.55,0,101875.59
TWB14,Uvalde_2020_02,29.60214,-99.73007,436.7784,6/28/21,p,2021,06/27/2021 06:20 CDT,96890,23.34,83.2,1.125,8.55,0,101867
TWB14,Uvalde_2020_02,29.60214,-99.73007,436.7784,6/28/21,p,2021,06/27/2021 06:25 CDT,96899,23.3,83.2,1.855,8.55,0,101877.32
TWB14,Uvalde_2020_02,29.60214,-99.73007,436.7784,6/28/21,p,2021,06/27/2021 06:30 CDT,96901,23.32,83.1,2.135,8.55,0,101879.43
TWB14,Uvalde_2020_02,29.60214,-99.73007,436.7784,6/28/21,p,2021,06/27/2021 06:35 CDT,96907,23.32,83,1.255,8.55,0.56,101885.73
TWB14,Uvalde_2020_02,29.60214,-99.73007,436.7784,6/28/21,p,2021,06/27/2021 06:40 CDT,96914,23.29,83.2,1.18,8.55,1.05,101893.61
TWB14,Uvalde_2020_02,29.60214,-99.73007,436.7784,6/28/21,p,2021,06/27/2021 06:45 CDT,96913,23.33,82.9,1.91,8.55,1.1,101892.04
TWB14,Uvalde_2020_02,29.60214,-99.73007,436.7784,6/28/21,p,2021,06/27/2021 06:50 CDT,96913,23.37,82.8,1.79,8.55,1.62,101891.36
TWB14,Uvalde_2020_02,29.60214,-99.73007,436.7784,6/28/21,p,2021,06/27/2021 06:55 CDT,96916,23.41,82.6,2.13,8.55,2.83,101893.65
TWB14,Uvalde_2020_02,29.60214,-99.73007,436.7784,6/28/21,p,2021,06/27/2021 07:00 CDT,96923,23.46,82.5,2.1,8.55,2.67,101900.16
TWB14,Uvalde_2020_02,29.60214,-99.73007,436.7784,6/28/21,p,2021,06/27/2021 07:05 CDT,96926,23.46,82.6,1.62,8.55,3.3,101903.14
TWB14,Uvalde_2020_02,29.60214,-99.73007,436.7784,6/28/21,p,2021,06/27/2021 07:10 CDT,96928,23.47,82.4,2.175,8.55,4.7,101904.9
TWB14,Uvalde_2020_02,29.60214,-99.73007,436.7784,6/28/21,p,2021,06/27/2021 07:15 CDT,96936,23.51,81.6,3.09,8.55,7.13,101912.97
TWB14,Uvalde_2020_02,29.60214,-99.73007,436.7784,6/28/21,p,2021,06/27/2021 07:20 CDT,96933,23.55,80.9,2.46,8.55,6.82,101909.14
TWB14,Uvalde_2020_02,29.60214,-99.73007,436.7784,6/28/21,p,2021,06/27/2021 07:25 CDT,96937,23.58,81.2,2.12,8.55,10.32,101912.65
TWB14,Uvalde_2020_02,29.60214,-99.73007,436.7784,6/28/21,p,2021,06/27/2021 07:30 CDT,96942,23.6,80.9,2.075,8.55,15.84,101917.4
TWB14,Uvalde_2020_02,29.60214,-99.73007,436.7784,6/28/21,p,2021,06/27/2021 07:35 CDT,96942,23.63,81,2.395,8.55,16.07,101916.71
TWB14,Uvalde_2020_02,29.60214,-99.73007,436.7784,6/28/21,p,2021,06/27/2021 07:40 CDT,96944,23.63,81.8,2.01,8.55,14.28,101918.64
TWB14,Uvalde_2020_02,29.60214,-99.73007,436.7784,6/28/21,p,2021,06/27/2021 07:45 CDT,96952,23.6,82.4,1.905,8.55,20.34,101927.04
TWB14,Uvalde_2020_02,29.60214,-99.73007,436.7784,6/28/21,p,2021,06/27/2021 07:50 CDT,96952,23.6,82.1,1.895,8.55,22.97,101927.22
TWB14,Uvalde_2020_02,29.60214,-99.73007,436.7784,6/28/21,p,2021,06/27/2021 07:55 CDT,96959,23.68,81.6,1.94,8.55,40.58,101933.89
TWB14,Uvalde_2020_02,29.60214,-99.73007,436.7784,6/28/21,p,2021,06/27/2021 08:00 CDT,96958,23.72,82,2.475,8.55,34.32,101931.81
TWB14,Uvalde_2020_02,29.60214,-99.73007,436.7784,6/28/21,p,2021,06/27/2021 08:05 CDT,96964,23.71,81.9,1.945,8.55,48.83,101937.78
TWB14,Uvalde_2020_02,29.60214,-99.73007,436.7784,6/28/21,p,2021,06/27/2021 08:10 CDT,96973,23.8,80.6,2.09,8.55,46.19,101946.74
TWB14,Uvalde_2020_02,29.60214,-99.73007,436.7784,6/28/21,p,2021,06/27/2021 08:15 CDT,96978,23.92,80.5,2.255,8.55,79.45,101949.77
TWB14,Uvalde_2020_02,29.60214,-99.73007,436.7784,6/28/21,p,2021,06/27/2021 08:20 CDT,96979,24.03,80.6,2.295,8.55,151.11,101948.76
TWB14,Uvalde_2020_02,29.60214,-99.73007,436.7784,6/28/21,p,2021,06/27/2021 08:25 CDT,96983,24.28,78.31,2.295,8.55,111.95,101948.2
TWB14,Uvalde_2020_02,29.60214,-99.73007,436.7784,6/28/21,p,2021,06/27/2021 08:30 CDT,96986,24.25,78.3,2.535,8.55,116.53,101951.18
TWB14,Uvalde_2020_02,29.60214,-99.73007,436.7784,6/28/21,p,2021,06/27/2021 08:35 CDT,96985,24.42,76.14,1.925,8.55,203.46,101949.13
TWB14,Uvalde_2020_02,29.60214,-99.73007,436.7784,6/28/21,p,2021,06/27/2021 08:40 CDT,96995,24.79,77.42,1.68,8.55,242.6,101953.32
TWB14,Uvalde_2020_02,29.60214,-99.73007,436.7784,6/28/21,p,2021,06/27/2021 08:45 CDT,96998,25.18,74.93,1.95,8.55,214.42,101949.02
TWB14,Uvalde_2020_02,29.60214,-99.73007,436.7784,6/28/21,p,2021,06/27/2021 08:50 CDT,97000,25.04,74.19,2.405,8.55,252.55,101951.13
TWB14,Uvalde_2020_02,29.60214,-99.73007,436.7784,6/28/21,p,2021,06/27/2021 08:55 CDT,97009,25.03,74.66,2.865,8.55,167.76,101959.56
TWB14,Uvalde_2020_02,29.60214,-99.73007,436.7784,6/28/21,p,2021,06/27/2021 09:00 CDT,97010,24.97,74.79,2.215,8.55,209.96,101962.14
TWB14,Uvalde_2020_02,29.60214,-99.73007,436.7784,6/28/21,p,2021,06/27/2021 09:05 CDT,97018,24.98,74.32,2.745,8.55,202.49,101970.38
TWB14,Uvalde_2020_02,29.60214,-99.73007,436.7784,6/28/21,p,2021,06/27/2021 09:10 CDT,97020,24.99,74.85,2.48,8.55,179.71,101972.65
TWB14,Uvalde_2020_02,29.60214,-99.73007,436.7784,6/28/21,p,2021,06/27/2021 09:15 CDT,97013,24.97,75.19,2.075,8.55,298.52,101965.8
TWB14,Uvalde_2020_02,29.60214,-99.73007,436.7784,6/28/21,p,2021,06/27/2021 09:20 CDT,97005,25.55,72.49,1.745,8.55,372.36,101949.11
TWB14,Uvalde_2020_02,29.60214,-99.73007,436.7784,6/28/21,p,2021,06/27/2021 09:25 CDT,97008,26,69.39,2.335,8.55,443.21,101943.67
TWB14,Uvalde_2020_02,29.60214,-99.73007,436.7784,6/28/21,p,2021,06/27/2021 09:30 CDT,97015,26.23,66.76,2.23,8.55,490.48,101944.65
TWB14,Uvalde_2020_02,29.60214,-99.73007,436.7784,6/28/21,p,2021,06/27/2021 09:35 CDT,97018,26.33,67.64,2.065,8.55,344.19,101945.11
TWB14,Uvalde_2020_02,29.60214,-99.73007,436.7784,6/28/21,p,2021,06/27/2021 09:40 CDT,97020,26.15,68,2.095,8.55,263.91,101949.73
TWB14,Uvalde_2020_02,29.60214,-99.73007,436.7784,6/28/21,p,2021,06/27/2021 09:45 CDT,97016,26.09,68.54,2.375,8.55,197.78,101947.03
TWB14,Uvalde_2020_02,29.60214,-99.73007,436.7784,6/28/21,p,2021,06/27/2021 09:50 CDT,97018,25.79,70.79,1.74,8.55,139.68,101954.67
TWB14,Uvalde_2020_02,29.60214,-99.73007,436.7784,6/28/21,p,2021,06/27/2021 09:55 CDT,97024,25.7,71.2,1.795,8.55,144.1,101963.17
TWB14,Uvalde_2020_02,29.60214,-99.73007,436.7784,6/28/21,p,2021,06/27/2021 10:00 CDT,97027,25.6,71.67,1.515,8.55,177.69,101968.18
TWB14,Uvalde_2020_02,29.60214,-99.73007,436.7784,6/28/21,p,2021,06/27/2021 10:05 CDT,97025,25.96,70.35,1.13,8.55,492.26,101963.05
TWB14,Uvalde_2020_02,29.60214,-99.73007,436.7784,6/28/21,p,2021,06/27/2021 10:10 CDT,97025,26.72,67.05,1.83,8.55,504.15,101951.63
TWB14,Uvalde_2020_02,29.60214,-99.73007,436.7784,6/28/21,p,2021,06/27/2021 10:15 CDT,97026,26.58,67.49,1.715,8.55,145.66,101950.15
TWB14,Uvalde_2020_02,29.60214,-99.73007,436.7784,6/28/21,p,2021,06/27/2021 10:20 CDT,97024,26.2,68.09,1.605,8.55,88.3,101952.58
TWB14,Uvalde_2020_02,29.60214,-99.73007,436.7784,6/28/21,p,2021,06/27/2021 10:25 CDT,97024,25.94,68.83,1.45,8.55,86.9,101957.96
TWB14,Uvalde_2020_02,29.60214,-99.73007,436.7784,6/28/21,p,2021,06/27/2021 10:30 CDT,97022,25.85,68.96,1.395,8.55,104.51,101958.89
TWB14,Uvalde_2020_02,29.60214,-99.73007,436.7784,6/28/21,p,2021,06/27/2021 10:35 CDT,97023,26.07,66.94,1.47,8.55,484.04,101958.95
TWB14,Uvalde_2020_02,29.60214,-99.73007,436.7784,6/28/21,p,2021,06/27/2021 10:40 CDT,97022,26.73,66.74,1.68,8.55,557.4,101946.8
TWB14,Uvalde_2020_02,29.60214,-99.73007,436.7784,6/28/21,p,2021,06/27/2021 10:45 CDT,97020,27.45,61.89,1.28,8.55,534.52,101933.85
TWB14,Uvalde_2020_02,29.60214,-99.73007,436.7784,6/28/21,p,2021,06/27/2021 10:50 CDT,97019,27.38,64.65,2.225,8.55,221.68,101928.77
TWB14,Uvalde_2020_02,29.60214,-99.73007,436.7784,6/28/21,p,2021,06/27/2021 10:55 CDT,97017,27.4,58.82,1.605,8.55,604.02,101929.23
TWB14,Uvalde_2020_02,29.60214,-99.73007,436.7784,6/28/21,p,2021,06/27/2021 11:00 CDT,97014,27.96,58.99,2.36,8.55,582.84,101916.74
TWB14,Uvalde_2020_02,29.60214,-99.73007,436.7784,6/28/21,p,2021,06/27/2021 11:05 CDT,97013,28.2,58.01,1.98,8.55,323.78,101908.39
TWB14,Uvalde_2020_02,29.60214,-99.73007,436.7784,6/28/21,p,2021,06/27/2021 11:10 CDT,97014,27.79,60.43,1.385,8.55,177.21,101914.9
TWB14,Uvalde_2020_02,29.60214,-99.73007,436.7784,6/28/21,p,2021,06/27/2021 11:15 CDT,97012,27.73,59.35,1.97,8.55,416.79,101915.3
TWB14,Uvalde_2020_02,29.60214,-99.73007,436.7784,6/28/21,p,2021,06/27/2021 11:20 CDT,97008,27.83,58.71,2.1,8.55,374.7,101908.94
TWB14,Uvalde_2020_02,29.60214,-99.73007,436.7784,6/28/21,p,2021,06/27/2021 11:25 CDT,97009,28.1,56.69,1.805,8.55,624.67,101908.02
TWB14,Uvalde_2020_02,29.60214,-99.73007,436.7784,6/28/21,p,2021,06/27/2021 11:30 CDT,97012,28.75,54.87,1.815,8.55,595.8,101900.42
TWB14,Uvalde_2020_02,29.60214,-99.73007,436.7784,6/28/21,p,2021,06/27/2021 11:35 CDT,97018,28.58,58.3,2.875,8.55,674.53,101902.88
TWB14,Uvalde_2020_02,29.60214,-99.73007,436.7784,6/28/21,p,2021,06/27/2021 11:40 CDT,97025,28.35,57.96,1.755,8.55,235.94,101913.71
TWB14,Uvalde_2020_02,29.60214,-99.73007,436.7784,6/28/21,p,2021,06/27/2021 11:45 CDT,97023,28.13,57.93,1.365,8.55,282.41,101917.4
TWB14,Uvalde_2020_02,29.60214,-99.73007,436.7784,6/28/21,p,2021,06/27/2021 11:50 CDT,97022,28.49,55.94,1.5,8.55,638.58,101913.72
TWB14,Uvalde_2020_02,29.60214,-99.73007,436.7784,6/28/21,p,2021,06/27/2021 11:55 CDT,97019,28.75,56.48,2,8.55,357.27,101906.59
TWB14,Uvalde_2020_02,29.60214,-99.73007,436.7784,6/28/21,p,2021,06/27/2021 12:00 CDT,97008,28.3,56.55,2.455,8.55,632.2,101900
TWB14,Uvalde_2020_02,29.60214,-99.73007,436.7784,6/28/21,p,2021,06/27/2021 12:05 CDT,97007,28.52,57.36,2.335,8.55,691.77,101894.15
TWB14,Uvalde_2020_02,29.60214,-99.73007,436.7784,6/28/21,p,2021,06/27/2021 12:10 CDT,97015,28.94,53.72,2.015,8.55,694.97,101896.48
TWB14,Uvalde_2020_02,29.60214,-99.73007,436.7784,6/28/21,p,2021,06/27/2021 12:15 CDT,97017,29.5,51.94,1.4,8.55,668.44,101891.35
TWB14,Uvalde_2020_02,29.60214,-99.73007,436.7784,6/28/21,p,2021,06/27/2021 12:20 CDT,97021,29.68,53.11,2.55,8.55,610.91,101890.12
TWB14,Uvalde_2020_02,29.60214,-99.73007,436.7784,6/28/21,p,2021,06/27/2021 12:25 CDT,97017,29.08,54.96,1.345,8.55,384.98,101896.59
TWB14,Uvalde_2020_02,29.60214,-99.73007,436.7784,6/28/21,p,2021,06/27/2021 12:30 CDT,97011,29.37,53.21,1.9,8.55,765.78,101886.35
TWB14,Uvalde_2020_02,29.60214,-99.73007,436.7784,6/28/21,p,2021,06/27/2021 12:35 CDT,97012,29.58,50.78,1.945,8.55,658.19,101882.01
TWB14,Uvalde_2020_02,29.60214,-99.73007,436.7784,6/28/21,p,2021,06/27/2021 12:40 CDT,97005,29.36,51.62,1.775,8.55,358.94,101877.77
TWB14,Uvalde_2020_02,29.60214,-99.73007,436.7784,6/28/21,p,2021,06/27/2021 12:45 CDT,97001,29.8,51.83,2.84,8.55,802.07,101870.44
TWB14,Uvalde_2020_02,29.60214,-99.73007,436.7784,6/28/21,p,2021,06/27/2021 12:50 CDT,97000,30.06,48.02,1.945,8.55,790.02,101863.21
TWB14,Uvalde_2020_02,29.60214,-99.73007,436.7784,6/28/21,p,2021,06/27/2021 12:55 CDT,96999,30.38,47.99,1.935,8.55,823.73,101855.13
TWB14,Uvalde_2020_02,29.60214,-99.73007,436.7784,6/28/21,p,2021,06/27/2021 13:00 CDT,96999,30.5,48.8,2.36,8.55,656.21,101852.51
TWB14,Uvalde_2020_02,29.60214,-99.73007,436.7784,6/28/21,p,2021,06/27/2021 13:05 CDT,96989,29.92,51.56,1.815,8.55,224.1,101850.3
TWB14,Uvalde_2020_02,29.60214,-99.73007,436.7784,6/28/21,p,2021,06/27/2021 13:10 CDT,96980,29.81,51.96,1.755,8.55,315.13,101844.78
TWB14,Uvalde_2020_02,29.60214,-99.73007,436.7784,6/28/21,p,2021,06/27/2021 13:15 CDT,96973,29.97,50.24,1.285,8.55,759.35,101836.63
TWB14,Uvalde_2020_02,29.60214,-99.73007,436.7784,6/28/21,p,2021,06/27/2021 13:20 CDT,96969,30.57,48.08,2.195,8.55,459.99,101822.48
TWB14,Uvalde_2020_02,29.60214,-99.73007,436.7784,6/28/21,p,2021,06/27/2021 13:25 CDT,96969,30.53,49.02,1.105,8.55,598.54,101823.61
TWB14,Uvalde_2020_02,29.60214,-99.73007,436.7784,6/28/21,p,2021,06/27/2021 13:30 CDT,96968,31.02,48.49,1.495,8.55,509.62,101817.52
TWB14,Uvalde_2020_02,29.60214,-99.73007,436.7784,6/28/21,p,2021,06/27/2021 13:35 CDT,96968,30.77,46.77,1.095,8.55,352.31,101818.68
TWB14,Uvalde_2020_02,29.60214,-99.73007,436.7784,6/28/21,p,2021,06/27/2021 13:40 CDT,96966,30.69,46.97,1.915,8.55,330.39,101815.92
TWB14,Uvalde_2020_02,29.60214,-99.73007,436.7784,6/28/21,p,2021,06/27/2021 13:45 CDT,96961,30.48,46.77,1.855,8.55,484.88,101815.24
TWB14,Uvalde_2020_02,29.60214,-99.73007,436.7784,6/28/21,p,2021,06/27/2021 13:50 CDT,96951,30.68,46.6,1.22,8.55,510.57,101802.78
TWB14,Uvalde_2020_02,29.60214,-99.73007,436.7784,6/28/21,p,2021,06/27/2021 13:55 CDT,96940,31.11,43.1,1.04,8.55,517.21,101786.55
TWB14,Uvalde_2020_02,29.60214,-99.73007,436.7784,6/28/21,p,2021,06/27/2021 14:00 CDT,96927,31.1,46.13,1.315,8.55,497.88,101770.59
TWB14,Uvalde_2020_02,29.60214,-99.73007,436.7784,6/28/21,p,2021,06/27/2021 14:05 CDT,96915,31.08,41.79,1.605,8.55,521.08,101757.88
TWB14,Uvalde_2020_02,29.60214,-99.73007,436.7784,6/28/21,p,2021,06/27/2021 14:10 CDT,96902,31.46,43.23,1.47,8.55,362.75,101737.72
TWB14,Uvalde_2020_02,29.60214,-99.73007,436.7784,6/28/21,p,2021,06/27/2021 14:15 CDT,96897,31.38,42.66,2.12,8.55,683.71,101733.29
TWB14,Uvalde_2020_02,29.60214,-99.73007,436.7784,6/28/21,p,2021,06/27/2021 14:20 CDT,96890,31.48,42.73,2.275,8.55,686.64,101723.67
TWB14,Uvalde_2020_02,29.60214,-99.73007,436.7784,6/28/21,p,2021,06/27/2021 14:25 CDT,96887,31.58,41.18,1.005,8.55,703.14,101720.38
TWB14,Uvalde_2020_02,29.60214,-99.73007,436.7784,6/28/21,p,2021,06/27/2021 14:30 CDT,96884,31.96,39.8,1.275,8.55,729.15,101711.27
TWB14,Uvalde_2020_02,29.60214,-99.73007,436.7784,6/28/21,p,2021,06/27/2021 14:35 CDT,96870,31.88,40.23,2.545,8.55,743.74,101695.27
TWB14,Uvalde_2020_02,29.60214,-99.73007,436.7784,6/28/21,p,2021,06/27/2021 14:40 CDT,96858,31.97,38.11,1.06,8.55,744.05,101681.25
TWB14,Uvalde_2020_02,29.60214,-99.73007,436.7784,6/28/21,p,2021,06/27/2021 14:45 CDT,96846,32.26,37.78,1.67,8.55,753.9,101666.08
TWB14,Uvalde_2020_02,29.60214,-99.73007,436.7784,6/28/21,p,2021,06/27/2021 14:50 CDT,96828,32.44,38.52,1.56,8.55,744.5,101643.96
TWB14,Uvalde_2020_02,29.60214,-99.73007,436.7784,6/28/21,p,2021,06/27/2021 14:55 CDT,96826,32.57,38.28,0.945,8.55,713.96,101639.13
TWB14,Uvalde_2020_02,29.60214,-99.73007,436.7784,6/28/21,p,2021,06/27/2021 15:00 CDT,96824,32.48,38.17,1.34,8.55,353.06,101636.71
TWB14,Uvalde_2020_02,29.60214,-99.73007,436.7784,6/28/21,p,2021,06/27/2021 15:05 CDT,96820,32.73,36.16,0.92,8.55,706.8,101632.7
TWB14,Uvalde_2020_02,29.60214,-99.73007,436.7784,6/28/21,p,2021,06/27/2021 15:10 CDT,96810,33.34,34.34,1.77,8.55,760.96,101610.53
TWB14,Uvalde_2020_02,29.60214,-99.73007,436.7784,6/28/21,p,2021,06/27/2021 15:15 CDT,96800,33.34,36.39,2.02,8.55,799.4,101599.69
TWB14,Uvalde_2020_02,29.60214,-99.73007,436.7784,6/28/21,p,2021,06/27/2021 15:20 CDT,96798,33.06,36.32,2.295,8.55,705.87,101599.99
TWB14,Uvalde_2020_02,29.60214,-99.73007,436.7784,6/28/21,p,2021,06/27/2021 15:25 CDT,96796,32.99,37.13,1.93,8.55,686.4,101598.36
TWB14,Uvalde_2020_02,29.60214,-99.73007,436.7784,6/28/21,p,2021,06/27/2021 15:30 CDT,96791,33.08,36.52,2.635,8.55,606.11,101593.76
TWB14,Uvalde_2020_02,29.60214,-99.73007,436.7784,6/28/21,p,2021,06/27/2021 15:35 CDT,96774,32.56,35.58,1.65,8.55,547.32,101584.26
TWB14,Uvalde_2020_02,29.60214,-99.73007,436.7784,6/28/21,p,2021,06/27/2021 15:40 CDT,96767,33.27,35.25,1.235,8.55,477.29,101570.5
TWB14,Uvalde_2020_02,29.60214,-99.73007,436.7784,6/28/21,p,2021,06/27/2021 15:45 CDT,96767,33.09,36.76,1.805,8.55,411.92,101569.68
TWB14,Uvalde_2020_02,29.60214,-99.73007,436.7784,6/28/21,p,2021,06/27/2021 15:50 CDT,96767,33.03,36.79,1.02,8.55,465.4,101572.08
TWB14,Uvalde_2020_02,29.60214,-99.73007,436.7784,6/28/21,p,2021,06/27/2021 15:55 CDT,96766,32.7,39.05,2.2,8.55,217.18,101573.09
TWB14,Uvalde_2020_02,29.60214,-99.73007,436.7784,6/28/21,p,2021,06/27/2021 16:00 CDT,96767,32.36,38.78,2.685,8.55,366.9,101582.49
TWB14,Uvalde_2020_02,29.60214,-99.73007,436.7784,6/28/21,p,2021,06/27/2021 16:05 CDT,96766,32.43,37.4,1.57,8.55,188.47,101581.14
TWB14,Uvalde_2020_02,29.60214,-99.73007,436.7784,6/28/21,p,2021,06/27/2021 16:10 CDT,96764,32.25,39.28,1.565,8.55,155.23,101581.43
TWB14,Uvalde_2020_02,29.60214,-99.73007,436.7784,6/28/21,p,2021,06/27/2021 16:15 CDT,96764,32.07,40.63,1.625,8.55,176.51,101585.44
TWB14,Uvalde_2020_02,29.60214,-99.73007,436.7784,6/28/21,p,2021,06/27/2021 16:20 CDT,96756,32.09,40.49,1.42,8.55,255.08,101577.85
TWB14,Uvalde_2020_02,29.60214,-99.73007,436.7784,6/28/21,p,2021,06/27/2021 16:25 CDT,96740,32.44,39.22,1.19,8.55,574.56,101555.59
TWB14,Uvalde_2020_02,29.60214,-99.73007,436.7784,6/28/21,p,2021,06/27/2021 16:30 CDT,96739,33.2,38.17,1.13,8.55,304.9,101543.8
TWB14,Uvalde_2020_02,29.60214,-99.73007,436.7784,6/28/21,p,2021,06/27/2021 16:35 CDT,96736,32.67,39.12,0.79,8.55,194.66,101545.29
TWB14,Uvalde_2020_02,29.60214,-99.73007,436.7784,6/28/21,p,2021,06/27/2021 16:40 CDT,96727,32.78,36.66,1.335,8.55,540.32,101535.07
TWB14,Uvalde_2020_02,29.60214,-99.73007,436.7784,6/28/21,p,2021,06/27/2021 16:45 CDT,96716,33.19,37.43,1.05,8.55,512.97,101518.7
TWB14,Uvalde_2020_02,29.60214,-99.73007,436.7784,6/28/21,p,2021,06/27/2021 16:50 CDT,96714,33.37,40.33,1.235,8.55,399.02,101512.73
TWB14,Uvalde_2020_02,29.60214,-99.73007,436.7784,6/28/21,p,2021,06/27/2021 16:55 CDT,96714,32.9,38.34,1.99,8.55,251.14,101516.75
TWB14,Uvalde_2020_02,29.60214,-99.73007,436.7784,6/28/21,p,2021,06/27/2021 17:00 CDT,96716,32.55,38.41,1.985,8.55,207.76,101525.1
TWB14,Uvalde_2020_02,29.60214,-99.73007,436.7784,6/28/21,p,2021,06/27/2021 17:05 CDT,96727,32.51,39.32,1.24,8.55,182.58,101538.56
TWB14,Uvalde_2020_02,29.60214,-99.73007,436.7784,6/28/21,p,2021,06/27/2021 17:10 CDT,96755,31.77,48.57,4.265,9.3,164.18,101575.73
TWB14,Uvalde_2020_02,29.60214,-99.73007,436.7784,6/28/21,p,2021,06/27/2021 17:15 CDT,96762,30.12,52.07,4.28,8.7,156.65,101610.78
TWB14,Uvalde_2020_02,29.60214,-99.73007,436.7784,6/28/21,p,2021,06/27/2021 17:20 CDT,96766,29.59,55.23,4.44,8.7,146.55,101626.72
TWB14,Uvalde_2020_02,29.60214,-99.73007,436.7784,6/28/21,p,2021,06/27/2021 17:25 CDT,96769,28.68,64.39,3.99,8.7,159.14,101643.75
TWB14,Uvalde_2020_02,29.60214,-99.73007,436.7784,6/28/21,p,2021,06/27/2021 17:30 CDT,96765,27.1,71.7,3.335,8.7,195.18,101664.34
TWB14,Uvalde_2020_02,29.60214,-99.73007,436.7784,6/28/21,p,2021,06/27/2021 17:35 CDT,96764,26.09,76.31,2.915,8.7,200.29,101683.49
TWB14,Uvalde_2020_02,29.60214,-99.73007,436.7784,6/28/21,p,2021,06/27/2021 17:40 CDT,96763,26.07,69.59,3.47,8.7,200.96,101687.55
TWB14,Uvalde_2020_02,29.60214,-99.73007,436.7784,6/28/21,p,2021,06/27/2021 17:45 CDT,96756,26.61,68.25,3.1,8.7,232.11,101673.31
TWB14,Uvalde_2020_02,29.60214,-99.73007,436.7784,6/28/21,p,2021,06/27/2021 17:50 CDT,96756,27.14,65.33,2.57,8.7,279.38,101664.96
TWB14,Uvalde_2020_02,29.60214,-99.73007,436.7784,6/28/21,p,2021,06/27/2021 17:55 CDT,96755,27.79,64.42,2.785,8.7,353.74,101652.74
TWB14,Uvalde_2020_02,29.60214,-99.73007,436.7784,6/28/21,p,2021,06/27/2021 18:00 CDT,96761,28.2,63.18,2.695,8.7,291.02,101650.58
TWB14,Uvalde_2020_02,29.60214,-99.73007,436.7784,6/28/21,p,2021,06/27/2021 18:05 CDT,96763,28.25,62.68,2.805,8.7,222.15,101649.53
TWB14,Uvalde_2020_02,29.60214,-99.73007,436.7784,6/28/21,p,2021,06/27/2021 18:10 CDT,96758,28.26,61.94,2.78,8.7,278.07,101643.79
TWB14,Uvalde_2020_02,29.60214,-99.73007,436.7784,6/28/21,p,2021,06/27/2021 18:15 CDT,96742,28.38,61.94,3.76,8.95,343.6,101625.16
TWB14,Uvalde_2020_02,29.60214,-99.73007,436.7784,6/28/21,p,2021,06/27/2021 18:20 CDT,96737,28.79,61.2,2.35,8.95,327.05,101613.64
TWB14,Uvalde_2020_02,29.60214,-99.73007,436.7784,6/28/21,p,2021,06/27/2021 18:25 CDT,96737,28.86,62.17,2.32,8.95,331.46,101610.66
TWB14,Uvalde_2020_02,29.60214,-99.73007,436.7784,6/28/21,p,2021,06/27/2021 18:30 CDT,96743,28.54,63.55,3.11,8.95,351.12,101620.24
TWB14,Uvalde_2020_02,29.60214,-99.73007,436.7784,6/28/21,p,2021,06/27/2021 18:35 CDT,96755,28.42,63.65,2.63,8.53,238.34,101636.15
TWB14,Uvalde_2020_02,29.60214,-99.73007,436.7784,6/28/21,p,2021,06/27/2021 18:40 CDT,96763,28.18,63.65,3.155,8.53,229.42,101647.54
TWB14,Uvalde_2020_02,29.60214,-99.73007,436.7784,6/28/21,p,2021,06/27/2021 18:45 CDT,96766,27.86,66.11,4.175,8.53,272.69,101656.8
TWB14,Uvalde_2020_02,29.60214,-99.73007,436.7784,6/28/21,p,2021,06/27/2021 18:50 CDT,96761,27.75,67.73,3.955,8.53,276.42,101654.52
TWB14,Uvalde_2020_02,29.60214,-99.73007,436.7784,6/28/21,p,2021,06/27/2021 18:55 CDT,96758,27.74,68.06,3.57,8.53,250.04,101651.86
TWB14,Uvalde_2020_02,29.60214,-99.73007,436.7784,6/28/21,p,2021,06/27/2021 19:00 CDT,96759,27.64,68.27,4.195,9.45,239.82,101654.58
TWB14,Uvalde_2020_02,29.60214,-99.73007,436.7784,6/28/21,p,2021,06/27/2021 19:05 CDT,96768,27.57,69.75,4.515,9.45,215.96,101664.68
TWB14,Uvalde_2020_02,29.60214,-99.73007,436.7784,6/28/21,p,2021,06/27/2021 19:10 CDT,96776,27.45,69.65,4.25,9.45,203.04,101675.25
TWB14,Uvalde_2020_02,29.60214,-99.73007,436.7784,6/28/21,p,2021,06/27/2021 19:15 CDT,96778,27.43,69.21,3.61,9.45,190.67,101678.36
TWB14,Uvalde_2020_02,29.60214,-99.73007,436.7784,6/28/21,p,2021,06/27/2021 19:20 CDT,96781,27.42,69.61,2.78,9.45,166.27,101681.84
TWB14,Uvalde_2020_02,29.60214,-99.73007,436.7784,6/28/21,p,2021,06/27/2021 19:25 CDT,96781,27.5,68.91,2.69,9.45,156.15,101681.01
TWB14,Uvalde_2020_02,29.60214,-99.73007,436.7784,6/28/21,p,2021,06/27/2021 19:30 CDT,96780,27.31,69.92,3.59,9.45,150.01,101681.62
TWB14,Uvalde_2020_02,29.60214,-99.73007,436.7784,6/28/21,p,2021,06/27/2021 19:35 CDT,96776,27.12,70.02,3.375,9.45,152.62,101681.42
TWB14,Uvalde_2020_02,29.60214,-99.73007,436.7784,6/28/21,p,2021,06/27/2021 19:40 CDT,96782,27.1,69.89,2.725,9.45,134.1,101688.39
TWB14,Uvalde_2020_02,29.60214,-99.73007,436.7784,6/28/21,p,2021,06/27/2021 19:45 CDT,96790,27.25,68.34,2.395,9.45,117.96,101694.98
TWB14,Uvalde_2020_02,29.60214,-99.73007,436.7784,6/28/21,p,2021,06/27/2021 19:50 CDT,96786,27.17,68.78,2.46,9.45,102.92,101691.11
TWB14,Uvalde_2020_02,29.60214,-99.73007,436.7784,6/28/21,p,2021,06/27/2021 19:55 CDT,96786,27.13,68.81,2.235,9.45,86.3,101692.11
TWB14,Uvalde_2020_02,29.60214,-99.73007,436.7784,6/28/21,p,2021,06/27/2021 20:00 CDT,96794,27.02,68.01,2.89,9.45,80.41,101702.53
TWB14,Uvalde_2020_02,29.60214,-99.73007,436.7784,6/28/21,p,2021,06/27/2021 20:05 CDT,96795,26.87,68.41,2.43,9.45,62.92,101706.25
TWB14,Uvalde_2020_02,29.60214,-99.73007,436.7784,6/28/21,p,2021,06/27/2021 20:10 CDT,96797,26.82,68.21,2.075,9.45,35.89,101709.52
TWB14,Uvalde_2020_02,29.60214,-99.73007,436.7784,6/28/21,p,2021,06/27/2021 20:15 CDT,96800,26.7,67.94,2.715,9.45,26.82,101714.35
TWB14,Uvalde_2020_02,29.60214,-99.73007,436.7784,6/28/21,p,2021,06/27/2021 20:20 CDT,96805,26.58,67.87,2.795,9.45,27.88,101722.12
TWB14,Uvalde_2020_02,29.60214,-99.73007,436.7784,6/28/21,p,2021,06/27/2021 20:25 CDT,96814,26.51,68.24,1.76,9.45,20.51,101733.26
TWB14,Uvalde_2020_02,29.60214,-99.73007,436.7784,6/28/21,p,2021,06/27/2021 20:30 CDT,96817,26.42,68.48,2.09,9.45,14.03,101737.58
TWB14,Uvalde_2020_02,29.60214,-99.73007,436.7784,6/28/21,p,2021,06/27/2021 20:35 CDT,96825,26.32,69.06,1.55,9.45,10.23,101747.83
TWB14,Uvalde_2020_02,29.60214,-99.73007,436.7784,6/28/21,p,2021,06/27/2021 20:40 CDT,96833,26.21,69.53,1.255,9.45,5.84,101757.91
TWB14,Uvalde_2020_02,29.60214,-99.73007,436.7784,6/28/21,p,2021,06/27/2021 20:45 CDT,96854,26.1,70.31,1.99,9.45,3.1,101781.66
TWB14,Uvalde_2020_02,29.60214,-99.73007,436.7784,6/28/21,p,2021,06/27/2021 20:50 CDT,96858,25.99,70.55,1.49,9.45,1.16,101788.22
TWB14,Uvalde_2020_02,29.60214,-99.73007,436.7784,6/28/21,p,2021,06/27/2021 20:55 CDT,96860,25.91,71.06,1.3,9.45,0.49,101791.5
TWB14,Uvalde_2020_02,29.60214,-99.73007,436.7784,6/28/21,p,2021,06/27/2021 21:00 CDT,96858,25.82,71.6,1.265,9.45,0.07,101790.74
TWB14,Uvalde_2020_02,29.60214,-99.73007,436.7784,6/28/21,p,2021,06/27/2021 21:05 CDT,96862,25.73,71.94,1.115,9.45,0.08,101797.13
TWB14,Uvalde_2020_02,29.60214,-99.73007,436.7784,6/28/21,p,2021,06/27/2021 21:10 CDT,96862,25.69,72.01,1.72,9.45,0.03,101797.98
TWB14,Uvalde_2020_02,29.60214,-99.73007,436.7784,6/28/21,p,2021,06/27/2021 21:15 CDT,96861,25.66,72.48,1.045,9.45,0,101797.26
TWB14,Uvalde_2020_02,29.60214,-99.73007,436.7784,6/28/21,p,2021,06/27/2021 21:20 CDT,96863,25.6,72.82,1.315,9.45,0,101800.54
TWB14,Uvalde_2020_02,29.60214,-99.73007,436.7784,6/28/21,p,2021,06/27/2021 21:25 CDT,96866,25.52,73.25,1.025,9.45,0,101805.04
TWB14,Uvalde_2020_02,29.60214,-99.73007,436.7784,6/28/21,p,2021,06/27/2021 21:30 CDT,96880,25.47,73.66,1.635,9.45,0,101821.11
TWB14,Uvalde_2020_02,29.60214,-99.73007,436.7784,6/28/21,p,2021,06/27/2021 21:35 CDT,96890,25.45,73.97,1.48,9.45,0,101831.95
TWB14,Uvalde_2020_02,29.60214,-99.73007,436.7784,6/28/21,p,2021,06/27/2021 21:40 CDT,96896,25.44,73.87,2.025,9.45,0,101838.77
TWB14,Uvalde_2020_02,29.60214,-99.73007,436.7784,6/28/21,p,2021,06/27/2021 21:45 CDT,96896,25.44,74.21,1.66,9.45,0,101838.6
TWB14,Uvalde_2020_02,29.60214,-99.73007,436.7784,6/28/21,p,2021,06/27/2021 21:50 CDT,96901,25.38,74.31,1.62,9.45,0,101844.7
TWB14,Uvalde_2020_02,29.60214,-99.73007,436.7784,6/28/21,p,2021,06/27/2021 21:55 CDT,96914,25.33,74.51,1.23,9.45,0,101859.21
TWB14,Uvalde_2020_02,29.60214,-99.73007,436.7784,6/28/21,p,2021,06/27/2021 22:00 CDT,96924,25.3,74.61,1.44,9.45,0,101870.56
TWB14,Uvalde_2020_02,29.60214,-99.73007,436.7784,6/28/21,p,2021,06/27/2021 22:05 CDT,96929,25.29,74.75,1.535,9.45,0,101876.16
TWB14,Uvalde_2020_02,29.60214,-99.73007,436.7784,6/28/21,p,2021,06/27/2021 22:10 CDT,96933,25.29,74.65,1.945,9.45,0,101880.53
TWB14,Uvalde_2020_02,29.60214,-99.73007,436.7784,6/28/21,p,2021,06/27/2021 22:15 CDT,96939,25.26,75.09,1.475,9.45,0,101887
TWB14,Uvalde_2020_02,29.60214,-99.73007,436.7784,6/28/21,p,2021,06/27/2021 22:20 CDT,96953,25.22,75.4,1.775,9.45,0,101902.22
TWB14,Uvalde_2020_02,29.60214,-99.73007,436.7784,6/28/21,p,2021,06/27/2021 22:25 CDT,96959,25.23,75.77,1.955,9.45,0,101908.53
TWB14,Uvalde_2020_02,29.60214,-99.73007,436.7784,6/28/21,p,2021,06/27/2021 22:30 CDT,96961,25.22,76.17,2.26,9.45,0,101910.63
TWB14,Uvalde_2020_02,29.60214,-99.73007,436.7784,6/28/21,p,2021,06/27/2021 22:35 CDT,96970,25.17,76.68,1.86,9.45,0,101920.42
TWB14,Uvalde_2020_02,29.60214,-99.73007,436.7784,6/28/21,p,2021,06/27/2021 22:40 CDT,96973,25.14,76.95,2.63,9.45,0,101924.25
TWB14,Uvalde_2020_02,29.60214,-99.73007,436.7784,6/28/21,p,2021,06/27/2021 22:45 CDT,96982,25.11,77.46,2.145,9.45,0,101933.88
TWB14,Uvalde_2020_02,29.60214,-99.73007,436.7784,6/28/21,p,2021,06/27/2021 22:50 CDT,96983,25.02,78.16,1.79,9.45,0,101936.62
TWB14,Uvalde_2020_02,29.60214,-99.73007,436.7784,6/28/21,p,2021,06/27/2021 22:55 CDT,96984,24.94,78.5,2.285,9.45,0,101939.2
TWB14,Uvalde_2020_02,29.60214,-99.73007,436.7784,6/28/21,p,2021,06/27/2021 23:00 CDT,96984,24.91,78.67,2.85,9.45,0,101940.05
TWB14,Uvalde_2020_02,29.60214,-99.73007,436.7784,6/28/21,p,2021,06/27/2021 23:05 CDT,96985,24.88,78.6,2.24,9.45,0,101941.44
TWB14,Uvalde_2020_02,29.60214,-99.73007,436.7784,6/28/21,p,2021,06/27/2021 23:10 CDT,96987,24.9,78.06,3.025,9.45,0,101943.72
TWB14,Uvalde_2020_02,29.60214,-99.73007,436.7784,6/28/21,p,2021,06/27/2021 23:15 CDT,96992,24.9,78,2.95,9.45,0,101948.8
TWB14,Uvalde_2020_02,29.60214,-99.73007,436.7784,6/28/21,p,2021,06/27/2021 23:20 CDT,96997,24.87,77.89,2.825,9.45,0,101954.23
TWB14,Uvalde_2020_02,29.60214,-99.73007,436.7784,6/28/21,p,2021,06/27/2021 23:25 CDT,97005,24.82,77.89,2.245,9.45,0,101963.49
TWB14,Uvalde_2020_02,29.60214,-99.73007,436.7784,6/28/21,p,2021,06/27/2021 23:30 CDT,97007,24.81,77.79,2.17,9.45,0,101965.93
TWB14,Uvalde_2020_02,29.60214,-99.73007,436.7784,6/28/21,p,2021,06/27/2021 23:35 CDT,97007,24.76,77.93,2.5,9.45,0,101966.78
TWB14,Uvalde_2020_02,29.60214,-99.73007,436.7784,6/28/21,p,2021,06/27/2021 23:40 CDT,97010,24.7,78.03,2.44,9.45,0,101970.96
TWB14,Uvalde_2020_02,29.60214,-99.73007,436.7784,6/28/21,p,2021,06/27/2021 23:45 CDT,97011,24.69,78.03,2.33,9.45,0,101972.35
TWB14,Uvalde_2020_02,29.60214,-99.73007,436.7784,6/28/21,p,2021,06/27/2021 23:50 CDT,97012,24.71,77.76,2.21,9.45,0,101973.23
TWB14,Uvalde_2020_02,29.60214,-99.73007,436.7784,6/28/21,p,2021,06/27/2021 23:55 CDT,97012,24.75,77.89,1.935,9.45,0,101972.04
TWB14,Uvalde_2020_02,29.60214,-99.73007,436.7784,6/28/21,p,2021,06/28/2021 00:00 CDT,97015,24.75,77.76,1.94,9.45,0,101975.02
TWB14,Uvalde_2020_02,29.60214,-99.73007,436.7784,6/28/21,p,2021,06/28/2021 00:05 CDT,97015,24.82,77.56,2.525,9.45,0,101973.83
TWB14,Uvalde_2020_02,29.60214,-99.73007,436.7784,6/28/21,p,2021,06/28/2021 00:10 CDT,97016,24.85,77.59,2.73,9.45,0,101974.2
TWB14,Uvalde_2020_02,29.60214,-99.73007,436.7784,6/28/21,p,2021,06/28/2021 00:15 CDT,97021,24.88,77.63,2.75,9.45,0,101979.12
TWB14,Uvalde_2020_02,29.60214,-99.73007,436.7784,6/28/21,p,2021,06/28/2021 00:20 CDT,97026,24.89,77.49,1.93,9.45,0,101983.86
TWB14,Uvalde_2020_02,29.60214,-99.73007,436.7784,6/28/21,p,2021,06/28/2021 00:25 CDT,97033,24.88,77.69,2.615,9.45,0,101991.22
TWB14,Uvalde_2020_02,29.60214,-99.73007,436.7784,6/28/21,p,2021,06/28/2021 00:30 CDT,97035,24.84,77.96,2.585,9.45,0,101993.83
TWB14,Uvalde_2020_02,29.60214,-99.73007,436.7784,6/28/21,p,2021,06/28/2021 00:35 CDT,97036,24.83,78.06,2.595,9.45,0,101995.05
TWB14,Uvalde_2020_02,29.60214,-99.73007,436.7784,6/28/21,p,2021,06/28/2021 00:40 CDT,97037,24.82,78.3,1.345,9.45,0,101996.27
TWB14,Uvalde_2020_02,29.60214,-99.73007,436.7784,6/28/21,p,2021,06/28/2021 00:45 CDT,97036,24.81,78.53,1.92,9.45,0,101995.05
TWB14,Uvalde_2020_02,29.60214,-99.73007,436.7784,6/28/21,p,2021,06/28/2021 00:50 CDT,97036,24.79,78.8,2.16,9.45,0.02,101995.38
TWB14,Uvalde_2020_02,29.60214,-99.73007,436.7784,6/28/21,p,2021,06/28/2021 00:55 CDT,97036,24.75,79.01,2.885,9.45,0,101996.23
TWB14,Uvalde_2020_02,29.60214,-99.73007,436.7784,6/28/21,p,2021,06/28/2021 01:00 CDT,97037,24.76,79.17,2.94,9.45,0,101997.28
TWB14,Uvalde_2020_02,29.60214,-99.73007,436.7784,6/28/21,p,2021,06/28/2021 01:05 CDT,97037,24.7,79.65,2.31,9.45,0,101997.96
TWB14,Uvalde_2020_02,29.60214,-99.73007,436.7784,6/28/21,p,2021,06/28/2021 01:10 CDT,97038,24.6,80.2,2.5,9.45,0.16,102000.88
TWB14,Uvalde_2020_02,29.60214,-99.73007,436.7784,6/28/21,p,2021,06/28/2021 01:15 CDT,97037,24.51,80.7,2.31,9.45,0.03,102001.19
TWB14,Uvalde_2020_02,29.60214,-99.73007,436.7784,6/28/21,p,2021,06/28/2021 01:20 CDT,97037,24.45,81.1,2.505,9.45,0,102002.21
TWB14,Uvalde_2020_02,29.60214,-99.73007,436.7784,6/28/21,p,2021,06/28/2021 01:25 CDT,97037,24.41,81.3,2.63,9.45,0,102003.23
TWB14,Uvalde_2020_02,29.60214,-99.73007,436.7784,6/28/21,p,2021,06/28/2021 01:30 CDT,97037,24.35,81.4,1.965,9.45,0.02,102004.43
TWB14,Uvalde_2020_02,29.60214,-99.73007,436.7784,6/28/21,p,2021,06/28/2021 01:35 CDT,97040,24.25,81.8,1.43,9.45,0.18,102008.77
TWB14,Uvalde_2020_02,29.60214,-99.73007,436.7784,6/28/21,p,2021,06/28/2021 01:40 CDT,97037,24.17,81.8,2.255,9.45,0,102007.5
TWB14,Uvalde_2020_02,29.60214,-99.73007,436.7784,6/28/21,p,2021,06/28/2021 01:45 CDT,97024,24.06,82.5,1.575,9.45,0,101995.71
TWB14,Uvalde_2020_02,29.60214,-99.73007,436.7784,6/28/21,p,2021,06/28/2021 01:50 CDT,97012,23.96,82.6,1.525,9.45,0,101984.64
TWB14,Uvalde_2020_02,29.60214,-99.73007,436.7784,6/28/21,p,2021,06/28/2021 01:55 CDT,97019,23.89,83.2,1.605,9.45,0,101993.7
TWB14,Uvalde_2020_02,29.60214,-99.73007,436.7784,6/28/21,p,2021,06/28/2021 02:00 CDT,97017,23.84,83.2,1.42,9.45,0,101992.8
TWB14,Uvalde_2020_02,29.60214,-99.73007,436.7784,6/28/21,p,2021,06/28/2021 02:05 CDT,97008,23.8,83.6,1.715,9.45,0,101984.19
TWB14,Uvalde_2020_02,29.60214,-99.73007,436.7784,6/28/21,p,2021,06/28/2021 02:10 CDT,96998,23.77,83.8,1.755,9.45,0,101974.19
TWB14,Uvalde_2020_02,29.60214,-99.73007,436.7784,6/28/21,p,2021,06/28/2021 02:15 CDT,96996,23.72,84,1.52,9.45,0,101972.43
TWB14,Uvalde_2020_02,29.60214,-99.73007,436.7784,6/28/21,p,2021,06/28/2021 02:20 CDT,97002,23.66,84.2,1.485,9.45,0,101979.77
TWB14,Uvalde_2020_02,29.60214,-99.73007,436.7784,6/28/21,p,2021,06/28/2021 02:25 CDT,97010,23.64,84.5,1.43,9.45,0,101988.52
TWB14,Uvalde_2020_02,29.60214,-99.73007,436.7784,6/28/21,p,2021,06/28/2021 02:30 CDT,97008,23.6,84.7,1.31,9.45,0,101987.27
TWB14,Uvalde_2020_02,29.60214,-99.73007,436.7784,6/28/21,p,2021,06/28/2021 02:35 CDT,97001,23.52,85.1,0.825,9.45,0,101980.94
TWB14,Uvalde_2020_02,29.60214,-99.73007,436.7784,6/28/21,p,2021,06/28/2021 02:40 CDT,97004,23.44,85.7,0.94,9.45,0.01,101985.29
TWB14,Uvalde_2020_02,29.60214,-99.73007,436.7784,6/28/21,p,2021,06/28/2021 02:45 CDT,97002,23.44,85.7,1.21,9.45,0,101983.7
TWB14,Uvalde_2020_02,29.60214,-99.73007,436.7784,6/28/21,p,2021,06/28/2021 02:50 CDT,97003,23.43,85.9,1.195,9.45,0,101984.75
TWB14,Uvalde_2020_02,29.60214,-99.73007,436.7784,6/28/21,p,2021,06/28/2021 02:55 CDT,96998,23.41,86.1,1.175,9.45,0,101979.84
TWB14,Uvalde_2020_02,29.60214,-99.73007,436.7784,6/28/21,p,2021,06/28/2021 03:00 CDT,96995,23.36,86.4,1.29,9.45,0,101977.54
TWB14,Uvalde_2020_02,29.60214,-99.73007,436.7784,6/28/21,p,2021,06/28/2021 03:05 CDT,96995,23.32,86.5,1.33,9.45,0,101978.23
TWB14,Uvalde_2020_02,29.60214,-99.73007,436.7784,6/28/21,p,2021,06/28/2021 03:10 CDT,96993,23.28,86.8,1.52,9.45,0,101977.16
TWB14,Uvalde_2020_02,29.60214,-99.73007,436.7784,6/28/21,p,2021,06/28/2021 03:15 CDT,96985,23.25,86.8,1.52,9.45,0,101969.43
TWB14,Uvalde_2020_02,29.60214,-99.73007,436.7784,6/28/21,p,2021,06/28/2021 03:20 CDT,96981,23.2,87,1.335,9.45,0,101965.91
TWB14,Uvalde_2020_02,29.60214,-99.73007,436.7784,6/28/21,p,2021,06/28/2021 03:25 CDT,96978,23.18,87,1.82,9.45,0,101963.62
TWB14,Uvalde_2020_02,29.60214,-99.73007,436.7784,6/28/21,p,2021,06/28/2021 03:30 CDT,96976,23.19,86.8,1.58,9.45,0,101961.18
TWB14,Uvalde_2020_02,29.60214,-99.73007,436.7784,6/28/21,p,2021,06/28/2021 03:35 CDT,96970,23.16,87,1.575,9.45,0,101955.21
TWB14,Uvalde_2020_02,29.60214,-99.73007,436.7784,6/28/21,p,2021,06/28/2021 03:40 CDT,96967,23.13,87,1.455,9.45,0,101952.74
TWB14,Uvalde_2020_02,29.60214,-99.73007,436.7784,6/28/21,p,2021,06/28/2021 03:45 CDT,96970,23.07,87.6,1.22,9.45,0,101956.75
TWB14,Uvalde_2020_02,29.60214,-99.73007,436.7784,6/28/21,p,2021,06/28/2021 03:50 CDT,96968,23.03,87.7,1.655,9.45,0,101955.68
TWB14,Uvalde_2020_02,29.60214,-99.73007,436.7784,6/28/21,p,2021,06/28/2021 03:55 CDT,96968,23.06,87.4,1.615,9.45,0,101955.51
TWB14,Uvalde_2020_02,29.60214,-99.73007,436.7784,6/28/21,p,2021,06/28/2021 04:00 CDT,96968,23.07,87.4,1.545,9.45,0,101955.34
TWB14,Uvalde_2020_02,29.60214,-99.73007,436.7784,6/28/21,p,2021,06/28/2021 04:05 CDT,96968,23.05,87.7,1.415,9.45,0,101955.51
TWB14,Uvalde_2020_02,29.60214,-99.73007,436.7784,6/28/21,p,2021,06/28/2021 04:10 CDT,96969,23.03,88,1.35,9.45,0,101957.08
TWB14,Uvalde_2020_02,29.60214,-99.73007,436.7784,6/28/21,p,2021,06/28/2021 04:15 CDT,96969,23.04,87.9,1.29,9.45,0,101957.08
TWB14,Uvalde_2020_02,29.60214,-99.73007,436.7784,6/28/21,p,2021,06/28/2021 04:20 CDT,96969,23.09,87.8,1.815,9.45,0,101956.22
TWB14,Uvalde_2020_02,29.60214,-99.73007,436.7784,6/28/21,p,2021,06/28/2021 04:25 CDT,96970,23.13,87.9,1.225,9.45,0,101956.41
TWB14,Uvalde_2020_02,29.60214,-99.73007,436.7784,6/28/21,p,2021,06/28/2021 04:30 CDT,96968,23.19,87.5,1.165,9.45,0,101953.1
TWB14,Uvalde_2020_02,29.60214,-99.73007,436.7784,6/28/21,p,2021,06/28/2021 04:35 CDT,96968,23.23,87.3,1.005,9.45,0,101952.07
TWB14,Uvalde_2020_02,29.60214,-99.73007,436.7784,6/28/21,p,2021,06/28/2021 04:40 CDT,96969,23.28,86.8,1.505,9.45,0,101952.44
TWB14,Uvalde_2020_02,29.60214,-99.73007,436.7784,6/28/21,p,2021,06/28/2021 04:45 CDT,96970,23.3,86.5,1.9,9.45,0,101952.98
TWB14,Uvalde_2020_02,29.60214,-99.73007,436.7784,6/28/21,p,2021,06/28/2021 04:50 CDT,96980,23.32,86.3,1.715,9.45,0,101963.15
TWB14,Uvalde_2020_02,29.60214,-99.73007,436.7784,6/28/21,p,2021,06/28/2021 04:55 CDT,96989,23.33,86.6,1.095,9.45,0,101971.92
TWB14,Uvalde_2020_02,29.60214,-99.73007,436.7784,6/28/21,p,2021,06/28/2021 05:00 CDT,96991,23.31,86.8,0.98,9.45,0,101974.19
TWB14,Uvalde_2020_02,29.60214,-99.73007,436.7784,6/28/21,p,2021,06/28/2021 05:05 CDT,96989,23.29,86.8,0.77,9.45,0,101972.09
TWB14,Uvalde_2020_02,29.60214,-99.73007,436.7784,6/28/21,p,2021,06/28/2021 05:10 CDT,96984,23.29,86.6,1.4,9.45,0,101966.84
TWB14,Uvalde_2020_02,29.60214,-99.73007,436.7784,6/28/21,p,2021,06/28/2021 05:15 CDT,96992,23.3,86.5,1.42,9.45,0,101975.25
TWB14,Uvalde_2020_02,29.60214,-99.73007,436.7784,6/28/21,p,2021,06/28/2021 05:20 CDT,96995,23.29,86.3,1.235,9.45,0,101978.4
TWB14,Uvalde_2020_02,29.60214,-99.73007,436.7784,6/28/21,p,2021,06/28/2021 05:25 CDT,96994,23.26,86.3,1.295,9.45,0,101978.04
TWB14,Uvalde_2020_02,29.60214,-99.73007,436.7784,6/28/21,p,2021,06/28/2021 05:30 CDT,96993,23.2,86.5,1.025,9.45,0.03,101978.02
TWB14,Uvalde_2020_02,29.60214,-99.73007,436.7784,6/28/21,p,2021,06/28/2021 05:35 CDT,96985,23.15,86.7,1.11,9.45,0.05,101970.29
TWB14,Uvalde_2020_02,29.60214,-99.73007,436.7784,6/28/21,p,2021,06/28/2021 05:40 CDT,96989,23.1,86.9,1.03,9.45,0.01,101975.88
TWB14,Uvalde_2020_02,29.60214,-99.73007,436.7784,6/28/21,p,2021,06/28/2021 05:45 CDT,96995,23.06,86.8,0.81,9.45,0,101982.87
TWB14,Uvalde_2020_02,29.60214,-99.73007,436.7784,6/28/21,p,2021,06/28/2021 05:50 CDT,96995,23.04,86.8,0.345,9.45,0,101983.05
TWB14,Uvalde_2020_02,29.60214,-99.73007,436.7784,6/28/21,p,2021,06/28/2021 05:55 CDT,96996,23.04,86.8,0.565,9.45,0,101984.44
TWB14,Uvalde_2020_02,29.60214,-99.73007,436.7784,6/28/21,p,2021,06/28/2021 06:00 CDT,97008,23.04,87,0.655,9.45,0,101997.23
TWB14,Uvalde_2020_02,29.60214,-99.73007,436.7784,6/28/21,p,2021,06/28/2021 06:05 CDT,97011,22.99,87.1,0.515,9.45,0,102001.25
TWB14,Uvalde_2020_02,29.60214,-99.73007,436.7784,6/28/21,p,2021,06/28/2021 06:10 CDT,97009,22.98,87.1,0.61,9.45,0,101999.49
TWB14,Uvalde_2020_02,29.60214,-99.73007,436.7784,6/28/21,p,2021,06/28/2021 06:15 CDT,97007,22.94,87.4,0.605,9.45,0,101997.73
TWB14,Uvalde_2020_02,29.60214,-99.73007,436.7784,6/28/21,p,2021,06/28/2021 06:20 CDT,97011,22.89,87.4,0.32,9.45,0.1,102002.62
TWB14,Uvalde_2020_02,29.60214,-99.73007,436.7784,6/28/21,p,2021,06/28/2021 06:25 CDT,97017,22.82,87.8,0.475,9.45,0.02,102010.14
TWB14,Uvalde_2020_02,29.60214,-99.73007,436.7784,6/28/21,p,2021,06/28/2021 06:30 CDT,97015,22.76,88,0.385,9.45,0.32,102009.07
TWB14,Uvalde_2020_02,29.60214,-99.73007,436.7784,6/28/21,p,2021,06/28/2021 06:35 CDT,97022,22.69,88.4,0.295,9.45,1.26,102018.15
TWB14,Uvalde_2020_02,29.60214,-99.73007,436.7784,6/28/21,p,2021,06/28/2021 06:40 CDT,97034,22.67,88.4,0.2,9.45,2.57,102031.29
TWB14,Uvalde_2020_02,29.60214,-99.73007,436.7784,6/28/21,p,2021,06/28/2021 06:45 CDT,97029,22.61,88.8,0.2,9.45,2.68,102027.07
TWB14,Uvalde_2020_02,29.60214,-99.73007,436.7784,6/28/21,p,2021,06/28/2021 06:50 CDT,97022,22.62,89,0.915,9.45,3.38,102020.74
TWB14,Uvalde_2020_02,29.60214,-99.73007,436.7784,6/28/21,p,2021,06/28/2021 06:55 CDT,97024,22.63,88.8,0.31,9.45,5.78,102022.85
TWB14,Uvalde_2020_02,29.60214,-99.73007,436.7784,6/28/21,p,2021,06/28/2021 07:00 CDT,97034,22.65,88.5,0.45,9.45,8.84,102033.02
TWB14,Uvalde_2020_02,29.60214,-99.73007,436.7784,6/28/21,p,2021,06/28/2021 07:05 CDT,97046,22.62,88.8,0.19,9.45,12.49,102046.15
TWB14,Uvalde_2020_02,29.60214,-99.73007,436.7784,6/28/21,p,2021,06/28/2021 07:10 CDT,97049,22.54,89.2,0.25,9.45,16.6,102051.04
TWB14,Uvalde_2020_02,29.60214,-99.73007,436.7784,6/28/21,p,2021,06/28/2021 07:15 CDT,97049,22.54,89.2,0.29,9.45,21.22,102051.04
TWB14,Uvalde_2020_02,29.60214,-99.73007,436.7784,6/28/21,p,2021,06/28/2021 07:20 CDT,97049,22.54,89.5,0.07,9.45,24.59,102051.21
TWB14,Uvalde_2020_02,29.60214,-99.73007,436.7784,6/28/21,p,2021,06/28/2021 07:25 CDT,97048,22.61,89.7,0.37,9.45,41.91,102049.98
TWB14,Uvalde_2020_02,29.60214,-99.73007,436.7784,6/28/21,p,2021,06/28/2021 07:30 CDT,97044,22.62,90.2,0.555,9.45,60.26,102046.29
TWB14,Uvalde_2020_02,29.60214,-99.73007,436.7784,6/28/21,p,2021,06/28/2021 07:35 CDT,97046,22.87,89.2,0.055,9.45,62.65,102045.29
TWB14,Uvalde_2020_02,29.60214,-99.73007,436.7784,6/28/21,p,2021,06/28/2021 07:40 CDT,97046,22.99,88.5,0.395,9.45,69.97,102042.52
TWB14,Uvalde_2020_02,29.60214,-99.73007,436.7784,6/28/21,p,2021,06/28/2021 07:45 CDT,97044,23.28,87.8,0.12,9.45,80.23,102036.46
TWB14,Uvalde_2020_02,29.60214,-99.73007,436.7784,6/28/21,p,2021,06/28/2021 07:50 CDT,97049,23.54,86.6,0.19,9.45,89.65,102037.59
TWB14,Uvalde_2020_02,29.60214,-99.73007,436.7784,6/28/21,p,2021,06/28/2021 07:55 CDT,97050,23.83,85.8,0.225,9.45,110.29,102034
TWB14,Uvalde_2020_02,29.60214,-99.73007,436.7784,6/28/21,p,2021,06/28/2021 08:00 CDT,97050,24.09,84,0.35,9.45,126.87,102028.86
TWB14,Uvalde_2020_02,29.60214,-99.73007,436.7784,6/28/21,p,2021,06/28/2021 08:05 CDT,97057,24.33,81.7,0.43,9.45,135.91,102030.24
TWB14,Uvalde_2020_02,29.60214,-99.73007,436.7784,6/28/21,p,2021,06/28/2021 08:10 CDT,97056,24.55,80.5,0.49,9.45,146.08,102023.55
TWB14,Uvalde_2020_02,29.60214,-99.73007,436.7784,6/28/21,p,2021,06/28/2021 08:15 CDT,97049,24.61,80.1,0.78,9.45,168.72,102012.28
TWB14,Uvalde_2020_02,29.60214,-99.73007,436.7784,6/28/21,p,2021,06/28/2021 08:20 CDT,97055,24.78,78.39,0.605,9.45,191.81,102015.53
TWB14,Uvalde_2020_02,29.60214,-99.73007,436.7784,6/28/21,p,2021,06/28/2021 08:25 CDT,97061,25.26,76.3,0.455,9.45,202.31,102015.05
TWB14,Uvalde_2020_02,29.60214,-99.73007,436.7784,6/28/21,p,2021,06/28/2021 08:30 CDT,97068,25.5,74.95,0.925,9.45,213.79,102017.67
TWB14,Uvalde_2020_02,29.60214,-99.73007,436.7784,6/28/21,p,2021,06/28/2021 08:35 CDT,97081,25.27,75.42,1.175,9.45,228.4,102031.67
TWB14,Uvalde_2020_02,29.60214,-99.73007,436.7784,6/28/21,p,2021,06/28/2021 08:40 CDT,97090,25.24,76.09,1.315,9.45,225.64,102041.63
TWB14,Uvalde_2020_02,29.60214,-99.73007,436.7784,6/28/21,p,2021,06/28/2021 08:45 CDT,97095,25.01,75.41,1.19,9.45,143.46,102050.11
TWB14,Uvalde_2020_02,29.60214,-99.73007,436.7784,6/28/21,p,2021,06/28/2021 08:50 CDT,97093,25.25,74.59,0.785,9.45,274.04,102046.66
TWB14,Uvalde_2020_02,29.60214,-99.73007,436.7784,6/28/21,p,2021,06/28/2021 08:55 CDT,97098,25.78,71.76,1.14,9.45,257.79,102043.64
TWB14,Uvalde_2020_02,29.60214,-99.73007,436.7784,6/28/21,p,2021,06/28/2021 09:00 CDT,97109,25.83,71.69,0.53,9.45,185.83,102053
TWB14,Uvalde_2020_02,29.60214,-99.73007,436.7784,6/28/21,p,2021,06/28/2021 09:05 CDT,97110,25.7,71.62,0.94,9.45,174.56,102052.87
TWB14,Uvalde_2020_02,29.60214,-99.73007,436.7784,6/28/21,p,2021,06/28/2021 09:10 CDT,97115,25.7,70.27,1.22,9.45,343.74,102058.98
TWB14,Uvalde_2020_02,29.60214,-99.73007,436.7784,6/28/21,p,2021,06/28/2021 09:15 CDT,97114,26.13,69.39,1.335,9.45,406.28,102052.7
TWB14,Uvalde_2020_02,29.60214,-99.73007,436.7784,6/28/21,p,2021,06/28/2021 09:20 CDT,97120,26.23,68.72,1.77,9.45,349.06,102056.99
TWB14,Uvalde_2020_02,29.60214,-99.73007,436.7784,6/28/21,p,2021,06/28/2021 09:25 CDT,97118,26.28,69.62,1.12,9.45,380.25,102053.2
TWB14,Uvalde_2020_02,29.60214,-99.73007,436.7784,6/28/21,p,2021,06/28/2021 09:30 CDT,97114,26.44,69.08,1.965,9.45,415.95,102044.29
TWB14,Uvalde_2020_02,29.60214,-99.73007,436.7784,6/28/21,p,2021,06/28/2021 09:35 CDT,97110,26.32,67.66,1.365,9.45,405.22,102042.96
TWB14,Uvalde_2020_02,29.60214,-99.73007,436.7784,6/28/21,p,2021,06/28/2021 09:40 CDT,97108,26.55,67.69,2.22,9.45,401.61,102037.49
TWB14,Uvalde_2020_02,29.60214,-99.73007,436.7784,6/28/21,p,2021,06/28/2021 09:45 CDT,97112,26.64,65.54,1.77,9.45,415.37,102041.04
TWB14,Uvalde_2020_02,29.60214,-99.73007,436.7784,6/28/21,p,2021,06/28/2021 09:50 CDT,97119,26.84,66.21,1.45,9.45,425.65,102044.19
TWB14,Uvalde_2020_02,29.60214,-99.73007,436.7784,6/28/21,p,2021,06/28/2021 09:55 CDT,97120,26.85,65.67,1.89,9.45,464.58,102045.08
TWB14,Uvalde_2020_02,29.60214,-99.73007,436.7784,6/28/21,p,2021,06/28/2021 10:00 CDT,97128,26.76,66.2,1.47,9.45,444.73,102053.15
TWB14,Uvalde_2020_02,29.60214,-99.73007,436.7784,6/28/21,p,2021,06/28/2021 10:05 CDT,97126,27.03,64.62,1.055,9.45,371.63,102049.05
TWB14,Uvalde_2020_02,29.60214,-99.73007,436.7784,6/28/21,p,2021,06/28/2021 10:10 CDT,97127,27.26,63.47,2.225,9.45,559.51,102045.76
TWB14,Uvalde_2020_02,29.60214,-99.73007,436.7784,6/28/21,p,2021,06/28/2021 10:15 CDT,97123,27.29,61.88,2.1,9.45,363,102040.23
TWB14,Uvalde_2020_02,29.60214,-99.73007,436.7784,6/28/21,p,2021,06/28/2021 10:20 CDT,97121,26.9,64.34,2.22,9.45,208.33,102042.29
TWB14,Uvalde_2020_02,29.60214,-99.73007,436.7784,6/28/21,p,2021,06/28/2021 10:25 CDT,97117,26.76,63.83,1.605,9.45,209.77,102042.45
TWB14,Uvalde_2020_02,29.60214,-99.73007,436.7784,6/28/21,p,2021,06/28/2021 10:30 CDT,97109,26.69,64.71,1.47,9.45,169.77,102035.88
TWB14,Uvalde_2020_02,29.60214,-99.73007,436.7784,6/28/21,p,2021,06/28/2021 10:35 CDT,97103,26.68,65.11,1.43,9.45,168.67,102031.08
TWB14,Uvalde_2020_02,29.60214,-99.73007,436.7784,6/28/21,p,2021,06/28/2021 10:40 CDT,97096,26.63,65.04,1.165,9.45,120.69,102025.41
TWB14,Uvalde_2020_02,29.60214,-99.73007,436.7784,6/28/21,p,2021,06/28/2021 10:45 CDT,97093,26.84,62.82,1.425,9.45,446.18,102018.92
TWB14,Uvalde_2020_02,29.60214,-99.73007,436.7784,6/28/21,p,2021,06/28/2021 10:50 CDT,97093,27.5,61.81,1.035,9.45,514.09,102009.05
TWB14,Uvalde_2020_02,29.60214,-99.73007,436.7784,6/28/21,p,2021,06/28/2021 10:55 CDT,97093,28.1,59.05,0.84,9.45,585.65,102002.9
TWB14,Uvalde_2020_02,29.60214,-99.73007,436.7784,6/28/21,p,2021,06/28/2021 11:00 CDT,97093,28.27,58.95,2.15,9.45,435.78,101993.41
TWB14,Uvalde_2020_02,29.60214,-99.73007,436.7784,6/28/21,p,2021,06/28/2021 11:05 CDT,97092,27.68,61.44,1.725,9.45,290.26,101998.82
TWB14,Uvalde_2020_02,29.60214,-99.73007,436.7784,6/28/21,p,2021,06/28/2021 11:10 CDT,97090,27.77,59.92,1.72,9.45,474.8,101996.57
TWB14,Uvalde_2020_02,29.60214,-99.73007,436.7784,6/28/21,p,2021,06/28/2021 11:15 CDT,97086,28.06,60.09,1.075,9.45,178.55,101988.38
TWB14,Uvalde_2020_02,29.60214,-99.73007,436.7784,6/28/21,p,2021,06/28/2021 11:20 CDT,97084,28.25,59.58,0.795,9.45,511.87,101984.78
TWB14,Uvalde_2020_02,29.60214,-99.73007,436.7784,6/28/21,p,2021,06/28/2021 11:25 CDT,97079,28.83,56.92,1.555,9.45,686.9,101971.1
TWB14,Uvalde_2020_02,29.60214,-99.73007,436.7784,6/28/21,p,2021,06/28/2021 11:30 CDT,97082,28.98,54.7,1.785,9.45,640.51,101970.47
TWB14,Uvalde_2020_02,29.60214,-99.73007,436.7784,6/28/21,p,2021,06/28/2021 11:35 CDT,97079,28.96,54.97,1.555,9.45,663.07,101964.18
TWB14,Uvalde_2020_02,29.60214,-99.73007,436.7784,6/28/21,p,2021,06/28/2021 11:40 CDT,97075,29.2,54.73,1.15,9.45,198.37,101957.18
TWB14,Uvalde_2020_02,29.60214,-99.73007,436.7784,6/28/21,p,2021,06/28/2021 11:45 CDT,97072,28.79,55.98,0.625,9.45,353.17,101960.29
TWB14,Uvalde_2020_02,29.60214,-99.73007,436.7784,6/28/21,p,2021,06/28/2021 11:50 CDT,97062,29.15,53.45,1.735,9.45,748.31,101946.67
TWB14,Uvalde_2020_02,29.60214,-99.73007,436.7784,6/28/21,p,2021,06/28/2021 11:55 CDT,97060,29.69,51.43,1.07,9.45,639.23,101938
TWB14,Uvalde_2020_02,29.60214,-99.73007,436.7784,6/28/21,p,2021,06/28/2021 12:00 CDT,97056,29.93,52.5,1.595,9.45,807.99,101926.39
TWB14,Uvalde_2020_02,29.60214,-99.73007,436.7784,6/28/21,p,2021,06/28/2021 12:05 CDT,97053,30.45,47.96,2.015,9.45,505.2,101913.3
TWB14,Uvalde_2020_02,29.60214,-99.73007,436.7784,6/28/21,p,2021,06/28/2021 12:10 CDT,97046,29.63,52.6,1.65,9.45,343.34,101914.57
TWB14,Uvalde_2020_02,29.60214,-99.73007,436.7784,6/28/21,p,2021,06/28/2021 12:15 CDT,97031,29.83,50.92,1.42,9.45,530.64,101900.81
TWB14,Uvalde_2020_02,29.60214,-99.73007,436.7784,6/28/21,p,2021,06/28/2021 12:20 CDT,97029,29.83,50.34,2.205,9.45,413.48,101898.06
TWB14,Uvalde_2020_02,29.60214,-99.73007,436.7784,6/28/21,p,2021,06/28/2021 12:25 CDT,97025,29.5,51.69,1.55,9.45,172.45,101898.61
TWB14,Uvalde_2020_02,29.60214,-99.73007,436.7784,6/28/21,p,2021,06/28/2021 12:30 CDT,97025,29.08,52.36,2.21,9.45,235.24,101906.17
TWB14,Uvalde_2020_02,29.60214,-99.73007,436.7784,6/28/21,p,2021,06/28/2021 12:35 CDT,97015,29.27,52.03,1.515,9.45,793.54,101895.34
TWB14,Uvalde_2020_02,29.60214,-99.73007,436.7784,6/28/21,p,2021,06/28/2021 12:40 CDT,97003,30.15,45.63,1.27,9.45,778.44,101870.15
TWB14,Uvalde_2020_02,29.60214,-99.73007,436.7784,6/28/21,p,2021,06/28/2021 12:45 CDT,97000,30.35,47.05,2.18,9.45,788.02,101861.09
TWB14,Uvalde_2020_02,29.60214,-99.73007,436.7784,6/28/21,p,2021,06/28/2021 12:50 CDT,96993,30.57,47.25,1.84,9.45,637.79,101848.18
TWB14,Uvalde_2020_02,29.60214,-99.73007,436.7784,6/28/21,p,2021,06/28/2021 12:55 CDT,96986,30.06,48.93,1.92,9.45,199.08,101845.88
TWB14,Uvalde_2020_02,29.60214,-99.73007,436.7784,6/28/21,p,2021,06/28/2021 13:00 CDT,96979,29.72,48.73,1.295,9.45,198.2,101846.22
TWB14,Uvalde_2020_02,29.60214,-99.73007,436.7784,6/28/21,p,2021,06/28/2021 13:05 CDT,96970,29.58,49.7,2.915,9.45,259.68,101840.04
TWB14,Uvalde_2020_02,29.60214,-99.73007,436.7784,6/28/21,p,2021,06/28/2021 13:10 CDT,96964,29.86,48.02,2.775,9.45,732.96,101831.96
TWB14,Uvalde_2020_02,29.60214,-99.73007,436.7784,6/28/21,p,2021,06/28/2021 13:15 CDT,96959,30.12,50.34,2.7,9.45,816.87,101821.43
TWB14,Uvalde_2020_02,29.60214,-99.73007,436.7784,6/28/21,p,2021,06/28/2021 13:20 CDT,96955,30.65,45.39,2.52,9.45,662.7,101804.72
TWB14,Uvalde_2020_02,29.60214,-99.73007,436.7784,6/28/21,p,2021,06/28/2021 13:25 CDT,96961,30.39,49.4,2.735,9.45,657.73,101814.56
TWB14,Uvalde_2020_02,29.60214,-99.73007,436.7784,6/28/21,p,2021,06/28/2021 13:30 CDT,96967,30.39,50.91,2.6,9.45,615.01,101823.12
TWB14,Uvalde_2020_02,29.60214,-99.73007,436.7784,6/28/21,p,2021,06/28/2021 13:35 CDT,96957,29.45,53.67,3.705,9.45,263.67,101823.72
TWB14,Uvalde_2020_02,29.60214,-99.73007,436.7784,6/28/21,p,2021,06/28/2021 13:40 CDT,96948,28.87,53.37,2.205,9.45,214.91,101827.92
TWB14,Uvalde_2020_02,29.60214,-99.73007,436.7784,6/28/21,p,2021,06/28/2021 13:45 CDT,96942,29.09,53.7,1.895,9.45,730.38,101821.78
TWB14,Uvalde_2020_02,29.60214,-99.73007,436.7784,6/28/21,p,2021,06/28/2021 13:50 CDT,96942,30.19,47.24,1.845,9.45,781.52,101803.78
TWB14,Uvalde_2020_02,29.60214,-99.73007,436.7784,6/28/21,p,2021,06/28/2021 13:55 CDT,96943,30.76,48.59,1.68,9.45,793.3,101794.69
TWB14,Uvalde_2020_02,29.60214,-99.73007,436.7784,6/28/21,p,2021,06/28/2021 14:00 CDT,96943,30.98,46.67,2.24,9.45,535.5,101788.2
TWB14,Uvalde_2020_02,29.60214,-99.73007,436.7784,6/28/21,p,2021,06/28/2021 14:05 CDT,96942,30.35,45.29,1.935,9.45,182.92,101796.28
TWB14,Uvalde_2020_02,29.60214,-99.73007,436.7784,6/28/21,p,2021,06/28/2021 14:10 CDT,96923,30.21,48.05,1.685,9.45,355.06,101781.36
TWB14,Uvalde_2020_02,29.60214,-99.73007,436.7784,6/28/21,p,2021,06/28/2021 14:15 CDT,96915,30.94,43.74,2.5,9.45,766.05,101761.6
TWB14,Uvalde_2020_02,29.60214,-99.73007,436.7784,6/28/21,p,2021,06/28/2021 14:20 CDT,96908,31.38,43.4,2.18,9.45,830.24,101744.35
TWB14,Uvalde_2020_02,29.60214,-99.73007,436.7784,6/28/21,p,2021,06/28/2021 14:25 CDT,96904,31.59,41.11,3.045,9.45,842.94,101738.39
TWB14,Uvalde_2020_02,29.60214,-99.73007,436.7784,6/28/21,p,2021,06/28/2021 14:30 CDT,96888,31.77,41.38,1.725,9.45,690.4,101719.49
TWB14,Uvalde_2020_02,29.60214,-99.73007,436.7784,6/28/21,p,2021,06/28/2021 14:35 CDT,96879,31.27,40.94,2.465,9.45,570.13,101714.74
TWB14,Uvalde_2020_02,29.60214,-99.73007,436.7784,6/28/21,p,2021,06/28/2021 14:40 CDT,96864,31.73,42.12,2.325,9.45,839.45,101692.34
TWB14,Uvalde_2020_02,29.60214,-99.73007,436.7784,6/28/21,p,2021,06/28/2021 14:45 CDT,96851,32.12,40.54,2.48,9.45,723.82,101671.62
TWB14,Uvalde_2020_02,29.60214,-99.73007,436.7784,6/28/21,p,2021,06/28/2021 14:50 CDT,96853,31.66,41.78,3.13,9.45,367.47,101679.83
TWB14,Uvalde_2020_02,29.60214,-99.73007,436.7784,6/28/21,p,2021,06/28/2021 14:55 CDT,96853,31.19,42.52,2.175,9.45,557.31,101689.85
TWB14,Uvalde_2020_02,29.60214,-99.73007,436.7784,6/28/21,p,2021,06/28/2021 15:00 CDT,96851,31.58,41.04,2.59,9.45,297.46,101682.59
TWB14,Uvalde_2020_02,29.60214,-99.73007,436.7784,6/28/21,p,2021,06/28/2021 15:05 CDT,96858,31.01,42.22,2.33,9.45,182.1,101698.51
TWB14,Uvalde_2020_02,29.60214,-99.73007,436.7784,6/28/21,p,2021,06/28/2021 15:10 CDT,96861,30.85,44.1,2.345,9.45,387.12,101705.7
TWB14,Uvalde_2020_02,29.60214,-99.73007,436.7784,6/28/21,p,2021,06/28/2021 15:15 CDT,96852,30.87,44.07,2.19,9.45,176.44,101696.58
TWB14,Uvalde_2020_02,29.60214,-99.73007,436.7784,6/28/21,p,2021,06/28/2021 15:20 CDT,96860,30.64,45.35,2.335,9.45,155.8,101708.87
TWB14,Uvalde_2020_02,29.60214,-99.73007,436.7784,6/28/21,p,2021,06/28/2021 15:25 CDT,96870,30.58,45.01,2.495,9.45,138.62,101721.66
TWB14,Uvalde_2020_02,29.60214,-99.73007,436.7784,6/28/21,p,2021,06/28/2021 15:30 CDT,96875,30.54,44.41,2.4,9.45,107.94,101728.22
TWB14,Uvalde_2020_02,29.60214,-99.73007,436.7784,6/28/21,p,2021,06/28/2021 15:35 CDT,96890,30.43,49.32,2.99,11.115,85.02,101745.71
TWB14,Uvalde_2020_02,29.60214,-99.73007,436.7784,6/28/21,p,2021,06/28/2021 15:40 CDT,96920,28.04,63.8,3.96,10.285,68.05,101803.85
TWB14,Uvalde_2020_02,29.60214,-99.73007,436.7784,6/28/21,p,2021,06/28/2021 15:45 CDT,96940,26.61,66.36,2.92,9.95,36.69,101854.1
TWB14,Uvalde_2020_02,29.60214,-99.73007,436.7784,6/28/21,p,2021,06/28/2021 15:50 CDT,96956,25.81,74.17,2.58,9.95,53.11,101886.12
TWB14,Uvalde_2020_02,29.60214,-99.73007,436.7784,6/28/21,p,2021,06/28/2021 15:55 CDT,96957,24.83,80.2,1.51,9.95,42.41,101904.52
TWB14,Uvalde_2020_02,29.60214,-99.73007,436.7784,6/28/21,p,2021,06/28/2021 16:00 CDT,96965,24.28,82.8,0.82,9.95,48.58,101923.62
TWB14,Uvalde_2020_02,29.60214,-99.73007,436.7784,6/28/21,p,2021,06/28/2021 16:05 CDT,96975,23.82,86.6,0.62,9.95,65.7,101942.12
TWB14,Uvalde_2020_02,29.60214,-99.73007,436.7784,6/28/21,p,2021,06/28/2021 16:10 CDT,96975,23.6,87.6,0.785,9.95,55.69,101946.21
TWB14,Uvalde_2020_02,29.60214,-99.73007,436.7784,6/28/21,p,2021,06/28/2021 16:15 CDT,96978,23.34,87.8,0.795,9.95,41.5,101954.68
TWB14,Uvalde_2020_02,29.60214,-99.73007,436.7784,6/28/21,p,2021,06/28/2021 16:20 CDT,96987,23.23,90.2,0.235,9.95,42,101967.9
TWB14,Uvalde_2020_02,29.60214,-99.73007,436.7784,6/28/21,p,2021,06/28/2021 16:25 CDT,96983,23.32,89.4,0.78,9.95,81.91,101963.36
TWB14,Uvalde_2020_02,29.60214,-99.73007,436.7784,6/28/21,p,2021,06/28/2021 16:30 CDT,96968,23.49,91.5,0.895,9.95,122.19,101947.57
TWB14,Uvalde_2020_02,29.60214,-99.73007,436.7784,6/28/21,p,2021,06/28/2021 16:35 CDT,96966,23.47,89.4,2.03,9.95,128.17,101944.62
TWB14,Uvalde_2020_02,29.60214,-99.73007,436.7784,6/28/21,p,2021,06/28/2021 16:40 CDT,96968,23.42,88.1,2.15,9.95,123.29,101947.25
TWB14,Uvalde_2020_02,29.60214,-99.73007,436.7784,6/28/21,p,2021,06/28/2021 16:45 CDT,96969,23.35,88.6,1.58,9.95,112.8,101949.33
TWB14,Uvalde_2020_02,29.60214,-99.73007,436.7784,6/28/21,p,2021,06/28/2021 16:50 CDT,96970,23.34,88.4,1.48,9.95,101.65,101950.21
TWB14,Uvalde_2020_02,29.60214,-99.73007,436.7784,6/28/21,p,2021,06/28/2021 16:55 CDT,96971,23.31,87,2.03,9.95,94.57,101952.3
TWB14,Uvalde_2020_02,29.60214,-99.73007,436.7784,6/28/21,p,2021,06/28/2021 17:00 CDT,96970,23.21,87.2,1.795,9.95,85.64,101952.97
TWB14,Uvalde_2020_02,29.60214,-99.73007,436.7784,6/28/21,p,2021,06/28/2021 17:05 CDT,96971,23.13,88.6,0.995,9.95,76.39,101955.04
TWB14,Uvalde_2020_02,29.60214,-99.73007,436.7784,6/28/21,p,2021,06/28/2021 17:10 CDT,96968,23.03,89.8,1.34,9.95,69.77,101952.22
TWB14,Uvalde_2020_02,29.60214,-99.73007,436.7784,6/28/21,p,2021,06/28/2021 17:15 CDT,96976,22.92,90.5,1.59,9.95,63.13,101962.18
TWB14,Uvalde_2020_02,29.60214,-99.73007,436.7784,6/28/21,p,2021,06/28/2021 17:20 CDT,96984,22.82,90.8,1.055,9.95,58.85,101973.35
TWB14,Uvalde_2020_02,29.60214,-99.73007,436.7784,6/28/21,p,2021,06/28/2021 17:25 CDT,96990,22.77,88.1,0.81,9.95,55.37,101980.88
TWB14,Uvalde_2020_02,29.60214,-99.73007,436.7784,6/28/21,p,2021,06/28/2021 17:30 CDT,96985,22.58,88.9,1.605,9.95,56.46,101979.24
TWB14,Uvalde_2020_02,29.60214,-99.73007,436.7784,6/28/21,p,2021,06/28/2021 17:35 CDT,96980,22.29,87.7,1.65,9.95,56.35,101978.14
TWB14,Uvalde_2020_02,29.60214,-99.73007,436.7784,6/28/21,p,2021,06/28/2021 17:40 CDT,96981,22.05,89,1.805,9.95,57.32,101983.69
TWB14,Uvalde_2020_02,29.60214,-99.73007,436.7784,6/28/21,p,2021,06/28/2021 17:45 CDT,96982,21.93,89.7,2.015,9.95,57.69,101987.51
TWB14,Uvalde_2020_02,29.60214,-99.73007,436.7784,6/28/21,p,2021,06/28/2021 17:50 CDT,96983,21.9,91.2,1.19,9.95,56.07,101989.59
TWB14,Uvalde_2020_02,29.60214,-99.73007,436.7784,6/28/21,p,2021,06/28/2021 17:55 CDT,96980,21.89,91.1,1.35,9.95,55.27,101985.92
TWB14,Uvalde_2020_02,29.60214,-99.73007,436.7784,6/28/21,p,2021,06/28/2021 18:00 CDT,96975,21.85,91.2,1.565,9.95,54.26,101981.18
TWB14,Uvalde_2020_02,29.60214,-99.73007,436.7784,6/28/21,p,2021,06/28/2021 18:05 CDT,96968,21.81,92,1.36,9.95,50.44,101975.2
TWB14,Uvalde_2020_02,29.60214,-99.73007,436.7784,6/28/21,p,2021,06/28/2021 18:10 CDT,96957,21.84,91.6,1.075,9.95,45.37,101963.11
TWB14,Uvalde_2020_02,29.60214,-99.73007,436.7784,6/28/21,p,2021,06/28/2021 18:15 CDT,96959,21.87,91.7,0.885,9.95,43.61,101964.87
TWB14,Uvalde_2020_02,29.60214,-99.73007,436.7784,6/28/21,p,2021,06/28/2021 18:20 CDT,96963,21.99,92.1,0.015,9.95,39.98,101967.16
TWB14,Uvalde_2020_02,29.60214,-99.73007,436.7784,6/28/21,p,2021,06/28/2021 18:25 CDT,96964,22.06,92.7,0.245,9.95,40.5,101967
TWB14,Uvalde_2020_02,29.60214,-99.73007,436.7784,6/28/21,p,2021,06/28/2021 18:30 CDT,96966,22.13,92,0.615,9.95,40.35,101967.55
TWB14,Uvalde_2020_02,29.60214,-99.73007,436.7784,6/28/21,p,2021,06/28/2021 18:35 CDT,96969,22.08,92.1,1.15,9.95,42.22,101971.39
TWB14,Uvalde_2020_02,29.60214,-99.73007,436.7784,6/28/21,p,2021,06/28/2021 18:40 CDT,96968,22.03,91.1,1.495,9.95,43.18,101970.7
TWB14,Uvalde_2020_02,29.60214,-99.73007,436.7784,6/28/21,p,2021,06/28/2021 18:45 CDT,96965,22.01,91.5,1.435,9.95,44.43,101968.58
TWB14,Uvalde_2020_02,29.60214,-99.73007,436.7784,6/28/21,p,2021,06/28/2021 18:50 CDT,96952,22.02,91.4,1.01,9.95,44.18,101955.08
TWB14,Uvalde_2020_02,29.60214,-99.73007,436.7784,6/28/21,p,2021,06/28/2021 18:55 CDT,96940,22.01,91.3,1.085,9.95,44.36,101942.46
TWB14,Uvalde_2020_02,29.60214,-99.73007,436.7784,6/28/21,p,2021,06/28/2021 19:00 CDT,96936,22,91.5,0.6,9.95,44.57,101938.26
TWB14,Uvalde_2020_02,29.60214,-99.73007,436.7784,6/28/21,p,2021,06/28/2021 19:05 CDT,96939,22.02,92.6,0.555,9.95,42.81,101941.23
TWB14,Uvalde_2020_02,29.60214,-99.73007,436.7784,6/28/21,p,2021,06/28/2021 19:10 CDT,96940,22.02,93,0.225,9.95,41.09,101941.93
TWB14,Uvalde_2020_02,29.60214,-99.73007,436.7784,6/28/21,p,2021,06/28/2021 19:15 CDT,96939,22.06,92.5,0.17,9.95,38.16,101939.67
TWB14,Uvalde_2020_02,29.60214,-99.73007,436.7784,6/28/21,p,2021,06/28/2021 19:20 CDT,96929,22.01,91.5,0.54,9.95,36.25,101929.68
TWB14,Uvalde_2020_02,29.60214,-99.73007,436.7784,6/28/21,p,2021,06/28/2021 19:25 CDT,96923,22.02,92,0.25,9.95,31.98,101924.41
TWB14,Uvalde_2020_02,29.60214,-99.73007,436.7784,6/28/21,p,2021,06/28/2021 19:30 CDT,96927,22.05,90.1,0.89,9.95,30.25,101928.63
TWB14,Uvalde_2020_02,29.60214,-99.73007,436.7784,6/28/21,p,2021,06/28/2021 19:35 CDT,96935,22.11,89.2,1.165,9.95,28.49,101937.05
TWB14,Uvalde_2020_02,29.60214,-99.73007,436.7784,6/28/21,p,2021,06/28/2021 19:40 CDT,96941,22.16,88.3,0.935,9.95,26.29,101942.5
TWB14,Uvalde_2020_02,29.60214,-99.73007,436.7784,6/28/21,p,2021,06/28/2021 19:45 CDT,96948,22.2,88,0.79,9.95,24.16,101949.17
TWB14,Uvalde_2020_02,29.60214,-99.73007,436.7784,6/28/21,p,2021,06/28/2021 19:50 CDT,96960,22.25,87.6,0.82,9.95,22.68,101960.58
TWB14,Uvalde_2020_02,29.60214,-99.73007,436.7784,6/28/21,p,2021,06/28/2021 19:55 CDT,96971,22.29,87.7,1.215,9.95,21.63,101971.45
TWB14,Uvalde_2020_02,29.60214,-99.73007,436.7784,6/28/21,p,2021,06/28/2021 20:00 CDT,96982,22.32,87.7,1.55,9.95,20.16,101982.67
TWB14,Uvalde_2020_02,29.60214,-99.73007,436.7784,6/28/21,p,2021,06/28/2021 20:05 CDT,96991,22.39,86.5,1.535,9.95,19.27,101991.1
TWB14,Uvalde_2020_02,29.60214,-99.73007,436.7784,6/28/21,p,2021,06/28/2021 20:10 CDT,96996,22.44,86.8,1.485,9.95,18.07,101995.67
TWB14,Uvalde_2020_02,29.60214,-99.73007,436.7784,6/28/21,p,2021,06/28/2021 20:15 CDT,97015,22.42,86.7,1.425,9.95,15.57,102015.47
TWB14,Uvalde_2020_02,29.60214,-99.73007,436.7784,6/28/21,p,2021,06/28/2021 20:20 CDT,97022,22.41,87,1.325,9.95,13.17,102022.83
TWB14,Uvalde_2020_02,29.60214,-99.73007,436.7784,6/28/21,p,2021,06/28/2021 20:25 CDT,97018,22.38,88.2,0.325,9.95,10.19,102018.62
TWB14,Uvalde_2020_02,29.60214,-99.73007,436.7784,6/28/21,p,2021,06/28/2021 20:30 CDT,97020,22.33,87.9,0.885,9.95,8.69,102021.59
TWB14,Uvalde_2020_02,29.60214,-99.73007,436.7784,6/28/21,p,2021,06/28/2021 20:35 CDT,97021,22.31,88.2,0.79,9.95,7.6,102023.16
TWB14,Uvalde_2020_02,29.60214,-99.73007,436.7784,6/28/21,p,2021,06/28/2021 20:40 CDT,97022,22.28,88.2,0.74,9.95,5.63,102024.9
TWB14,Uvalde_2020_02,29.60214,-99.73007,436.7784,6/28/21,p,2021,06/28/2021 20:45 CDT,97019,22.28,88.2,0.475,9.95,2.96,102021.92
TWB14,Uvalde_2020_02,29.60214,-99.73007,436.7784,6/28/21,p,2021,06/28/2021 20:50 CDT,97009,22.22,88.6,0.465,9.95,1.44,102011.92
TWB14,Uvalde_2020_02,29.60214,-99.73007,436.7784,6/28/21,p,2021,06/28/2021 20:55 CDT,96995,22.24,88.6,1.08,9.95,0.93,101997.89
TWB14,Uvalde_2020_02,29.60214,-99.73007,436.7784,6/28/21,p,2021,06/28/2021 21:00 CDT,96994,22.28,88.4,1.295,9.95,0.37,101996.67
TWB14,Uvalde_2020_02,29.60214,-99.73007,436.7784,6/28/21,p,2021,06/28/2021 21:05 CDT,96994,22.34,88.7,0.995,9.95,0.51,101995.63
TWB14,Uvalde_2020_02,29.60214,-99.73007,436.7784,6/28/21,p,2021,06/28/2021 21:10 CDT,96995,22.35,88.9,0.795,9.95,0.36,101995.99
TWB14,Uvalde_2020_02,29.60214,-99.73007,436.7784,6/28/21,p,2021,06/28/2021 21:15 CDT,96999,22.31,89.7,1.085,9.95,0.07,102000.53
TWB14,Uvalde_2020_02,29.60214,-99.73007,436.7784,6/28/21,p,2021,06/28/2021 21:20 CDT,97000,22.3,89.7,1.06,9.95,0.32,102002.1
TWB14,Uvalde_2020_02,29.60214,-99.73007,436.7784,6/28/21,p,2021,06/28/2021 21:25 CDT,96996,22.21,90.6,0.625,9.95,0.46,101999.28
TWB14,Uvalde_2020_02,29.60214,-99.73007,436.7784,6/28/21,p,2021,06/28/2021 21:30 CDT,97002,22.18,90.5,1.02,9.95,0.04,102006.45
TWB14,Uvalde_2020_02,29.60214,-99.73007,436.7784,6/28/21,p,2021,06/28/2021 21:35 CDT,97007,22.2,90.7,0.975,9.95,0.12,102011.36
TWB14,Uvalde_2020_02,29.60214,-99.73007,436.7784,6/28/21,p,2021,06/28/2021 21:40 CDT,97000,22.25,90.8,0.975,9.95,0,102003.14
TWB14,Uvalde_2020_02,29.60214,-99.73007,436.7784,6/28/21,p,2021,06/28/2021 21:45 CDT,96995,22.24,91.1,0.685,9.95,0.13,101998.05
TWB14,Uvalde_2020_02,29.60214,-99.73007,436.7784,6/28/21,p,2021,06/28/2021 21:50 CDT,96999,22.29,91.3,1.655,9.95,0,102001.56
TWB14,Uvalde_2020_02,29.60214,-99.73007,436.7784,6/28/21,p,2021,06/28/2021 21:55 CDT,97006,22.3,91.3,0.74,9.95,0.06,102008.06
TWB14,Uvalde_2020_02,29.60214,-99.73007,436.7784,6/28/21,p,2021,06/28/2021 22:00 CDT,97024,22.26,91.5,0.71,9.95,0.06,102027.16
TWB14,Uvalde_2020_02,29.60214,-99.73007,436.7784,6/28/21,p,2021,06/28/2021 22:05 CDT,97043,22.23,91.6,0.395,9.95,0.05,102047.65
TWB14,Uvalde_2020_02,29.60214,-99.73007,436.7784,6/28/21,p,2021,06/28/2021 22:10 CDT,97050,22.23,91.7,0.935,9.95,0.02,102055.71
TWB14,Uvalde_2020_02,29.60214,-99.73007,436.7784,6/28/21,p,2021,06/28/2021 22:15 CDT,97057,22.24,91.9,1.37,9.95,0,102063.07
TWB14,Uvalde_2020_02,29.60214,-99.73007,436.7784,6/28/21,p,2021,06/28/2021 22:20 CDT,97071,22.19,92.1,0.74,9.95,0,102078.66
TWB14,Uvalde_2020_02,29.60214,-99.73007,436.7784,6/28/21,p,2021,06/28/2021 22:25 CDT,97083,22.17,92,0.895,9.95,0.04,102091.28
TWB14,Uvalde_2020_02,29.60214,-99.73007,436.7784,6/28/21,p,2021,06/28/2021 22:30 CDT,97095,22.16,92.3,0.79,9.95,0,102104.07
TWB14,Uvalde_2020_02,29.60214,-99.73007,436.7784,6/28/21,p,2021,06/28/2021 22:35 CDT,97106,22.17,92.3,0.57,9.95,0.01,102115.81
TWB14,Uvalde_2020_02,29.60214,-99.73007,436.7784,6/28/21,p,2021,06/28/2021 22:40 CDT,97114,22.13,92.5,0.475,9.95,0,102124.57
TWB14,Uvalde_2020_02,29.60214,-99.73007,436.7784,6/28/21,p,2021,06/28/2021 22:45 CDT,97117,22.13,92.8,0.84,9.95,0,102128.24
TWB14,Uvalde_2020_02,29.60214,-99.73007,436.7784,6/28/21,p,2021,06/28/2021 22:50 CDT,97126,22.19,92.7,1.01,9.95,0,102136.84
TWB14,Uvalde_2020_02,29.60214,-99.73007,436.7784,6/28/21,p,2021,06/28/2021 22:55 CDT,97132,22.28,92.4,0.99,9.95,0,102141.76
TWB14,Uvalde_2020_02,29.60214,-99.73007,436.7784,6/28/21,p,2021,06/28/2021 23:00 CDT,97133,22.34,92.4,1.05,9.95,0,102141.77
TWB14,Uvalde_2020_02,29.60214,-99.73007,436.7784,6/28/21,p,2021,06/28/2021 23:05 CDT,97139,22.39,92.1,0.915,9.95,0,102147.21
TWB14,Uvalde_2020_02,29.60214,-99.73007,436.7784,6/28/21,p,2021,06/28/2021 23:10 CDT,97148,22.41,92,1.16,9.95,0,102156.33
TWB14,Uvalde_2020_02,29.60214,-99.73007,436.7784,6/28/21,p,2021,06/28/2021 23:15 CDT,97150,22.45,91.9,0.94,9.95,0,102157.74
TWB14,Uvalde_2020_02,29.60214,-99.73007,436.7784,6/28/21,p,2021,06/28/2021 23:20 CDT,97157,22.48,91.7,1.375,9.95,0,102164.76
TWB14,Uvalde_2020_02,29.60214,-99.73007,436.7784,6/28/21,p,2021,06/28/2021 23:25 CDT,97156,22.52,91.4,1.545,9.95,0,102162.84
TWB14,Uvalde_2020_02,29.60214,-99.73007,436.7784,6/28/21,p,2021,06/28/2021 23:30 CDT,97159,22.56,91.4,1.555,9.95,0,102165.13
TWB14,Uvalde_2020_02,29.60214,-99.73007,436.7784,6/28/21,p,2021,06/28/2021 23:35 CDT,97160,22.54,91.5,0.84,9.95,0.01,102166.01
TWB14,Uvalde_2020_02,29.60214,-99.73007,436.7784,6/28/21,p,2021,06/28/2021 23:40 CDT,97163,22.54,91.4,1.6,9.95,0.01,102169.51
TWB14,Uvalde_2020_02,29.60214,-99.73007,436.7784,6/28/21,p,2021,06/28/2021 23:45 CDT,97169,22.56,91.4,1.145,9.95,0,102175.13
TWB14,Uvalde_2020_02,29.60214,-99.73007,436.7784,6/28/21,p,2021,06/28/2021 23:50 CDT,97171,22.6,91,1.49,9.95,0.17,102176.71
TWB14,Uvalde_2020_02,29.60214,-99.73007,436.7784,6/28/21,p,2021,06/28/2021 23:55 CDT,97170,22.6,91,1.16,9.95,0.36,102175.14
TWB14,Uvalde_2020_02,29.60214,-99.73007,436.7784,6/28/21,p,2021,06/29/2021 00:00 CDT,97176,22.57,91.1,1.265,9.95,0.27,102181.97
TWB14,Uvalde_2020_02,29.60214,-99.73007,436.7784,6/28/21,p,2021,06/29/2021 00:05 CDT,97184,22.62,90.8,1.405,9.95,0.71,102189.69
TWB14,Uvalde_2020_02,29.60214,-99.73007,436.7784,6/28/21,p,2021,06/29/2021 00:10 CDT,97185,22.64,90.6,1.535,9.95,0.72,102190.57
TWB14,Uvalde_2020_02,29.60214,-99.73007,436.7784,6/28/21,p,2021,06/29/2021 00:15 CDT,97185,22.63,91,1.25,9.95,0.24,102190.57
TWB14,Uvalde_2020_02,29.60214,-99.73007,436.7784,6/28/21,p,2021,06/29/2021 00:20 CDT,97189,22.63,90.9,1.38,9.95,0.36,102194.77
TWB14,Uvalde_2020_02,29.60214,-99.73007,436.7784,6/28/21,p,2021,06/29/2021 00:25 CDT,97192,22.68,90.6,1.49,9.95,0.64,102197.41
TWB14,Uvalde_2020_02,29.60214,-99.73007,436.7784,6/28/21,p,2021,06/29/2021 00:30 CDT,97196,22.72,90.5,1.345,9.95,0.82,102200.75
TWB14,Uvalde_2020_02,29.60214,-99.73007,436.7784,6/28/21,p,2021,06/29/2021 00:35 CDT,97200,22.76,90.5,1.385,9.95,1.03,102203.92
TWB14,Uvalde_2020_02,29.60214,-99.73007,436.7784,6/28/21,p,2021,06/29/2021 00:40 CDT,97208,22.77,90.7,1.27,9.95,1.21,102211.98
TWB14,Uvalde_2020_02,29.60214,-99.73007,436.7784,6/28/21,p,2021,06/29/2021 00:45 CDT,97210,22.79,90.7,1.345,9.95,0.9,102213.91
TWB14,Uvalde_2020_02,29.60214,-99.73007,436.7784,6/28/21,p,2021,06/29/2021 00:50 CDT,97211,22.9,90.5,2.025,9.95,0.5,102213.76
TWB14,Uvalde_2020_02,29.60214,-99.73007,436.7784,6/28/21,p,2021,06/29/2021 00:55 CDT,97217,23.01,90.2,2.55,9.95,0.68,102218.51
TWB14,Uvalde_2020_02,29.60214,-99.73007,436.7784,6/28/21,p,2021,06/29/2021 01:00 CDT,97218,23.06,89.9,1.795,9.95,1.48,102218.18
TWB14,Uvalde_2020_02,29.60214,-99.73007,436.7784,6/28/21,p,2021,06/29/2021 01:05 CDT,97219,23.12,90.1,1.775,9.95,1.56,102218.2
TWB14,Uvalde_2020_02,29.60214,-99.73007,436.7784,6/28/21,p,2021,06/29/2021 01:10 CDT,97220,23.13,90,1.99,9.95,1.9,102218.73
TWB14,Uvalde_2020_02,29.60214,-99.73007,436.7784,6/28/21,p,2021,06/29/2021 01:15 CDT,97225,23.19,89.9,2.23,9.95,2.05,102223.13
TWB14,Uvalde_2020_02,29.60214,-99.73007,436.7784,6/28/21,p,2021,06/29/2021 01:20 CDT,97227,23.21,90,2.045,9.95,2.19,102224.36
TWB14,Uvalde_2020_02,29.60214,-99.73007,436.7784,6/28/21,p,2021,06/29/2021 01:25 CDT,97217,23.18,90.5,1.9,9.95,2.15,102213.85
TWB14,Uvalde_2020_02,29.60214,-99.73007,436.7784,6/28/21,p,2021,06/29/2021 01:30 CDT,97213,23.16,90.7,1.76,9.95,1.92,102209.81
TWB14,Uvalde_2020_02,29.60214,-99.73007,436.7784,6/28/21,p,2021,06/29/2021 01:35 CDT,97212,23.14,90.8,1.715,9.95,1.96,102209.28
TWB14,Uvalde_2020_02,29.60214,-99.73007,436.7784,6/28/21,p,2021,06/29/2021 01:40 CDT,97217,23.13,91,1.915,9.95,2.02,102214.53
TWB14,Uvalde_2020_02,29.60214,-99.73007,436.7784,6/28/21,p,2021,06/29/2021 01:45 CDT,97221,23.14,91,1.765,9.95,2.08,102218.74
TWB14,Uvalde_2020_02,29.60214,-99.73007,436.7784,6/28/21,p,2021,06/29/2021 01:50 CDT,97214,23.11,90.9,2.065,9.95,2.07,102211.72
TWB14,Uvalde_2020_02,29.60214,-99.73007,436.7784,6/28/21,p,2021,06/29/2021 01:55 CDT,97220,23.11,90.7,2.535,9.95,2.28,102218.21
TWB14,Uvalde_2020_02,29.60214,-99.73007,436.7784,6/28/21,p,2021,06/29/2021 02:00 CDT,97235,23.07,90.5,2.15,9.95,2.33,102234.5
TWB14,Uvalde_2020_02,29.60214,-99.73007,436.7784,6/28/21,p,2021,06/29/2021 02:05 CDT,97238,23.03,90.5,1.74,9.95,2.24,102238.52
TWB14,Uvalde_2020_02,29.60214,-99.73007,436.7784,6/28/21,p,2021,06/29/2021 02:10 CDT,97238,22.96,90.7,1.155,9.95,1.76,102239.38
TWB14,Uvalde_2020_02,29.60214,-99.73007,436.7784,6/28/21,p,2021,06/29/2021 02:15 CDT,97237,22.88,91.3,1.39,9.95,1.3,102239.36
TWB14,Uvalde_2020_02,29.60214,-99.73007,436.7784,6/28/21,p,2021,06/29/2021 02:20 CDT,97237,22.83,91.6,1.08,9.95,1.09,102239.7
TWB14,Uvalde_2020_02,29.60214,-99.73007,436.7784,6/28/21,p,2021,06/29/2021 02:25 CDT,97238,22.78,91.9,1.005,9.95,0.85,102241.62
TWB14,Uvalde_2020_02,29.60214,-99.73007,436.7784,6/28/21,p,2021,06/29/2021 02:30 CDT,97243,22.75,92.1,1.145,9.95,0.76,102247.91
TWB14,Uvalde_2020_02,29.60214,-99.73007,436.7784,6/28/21,p,2021,06/29/2021 02:35 CDT,97242,22.71,92.3,0.84,9.95,0.66,102247.72
TWB14,Uvalde_2020_02,29.60214,-99.73007,436.7784,6/28/21,p,2021,06/29/2021 02:40 CDT,97246,22.66,92.2,0.965,9.95,0.62,102252.97
TWB14,Uvalde_2020_02,29.60214,-99.73007,436.7784,6/28/21,p,2021,06/29/2021 02:45 CDT,97243,22.62,92.3,0.705,9.95,0.74,102250.51
TWB14,Uvalde_2020_02,29.60214,-99.73007,436.7784,6/28/21,p,2021,06/29/2021 02:50 CDT,97238,22.61,92.4,0.39,9.95,0.54,102245.42
TWB14,Uvalde_2020_02,29.60214,-99.73007,436.7784,6/28/21,p,2021,06/29/2021 02:55 CDT,97236,22.59,92.7,0.44,9.95,0.02,102243.49
TWB14,Uvalde_2020_02,29.60214,-99.73007,436.7784,6/28/21,p,2021,06/29/2021 03:00 CDT,97228,22.59,92.7,1.26,9.95,0,102235.42
TWB14,Uvalde_2020_02,29.60214,-99.73007,436.7784,6/28/21,p,2021,06/29/2021 03:05 CDT,97228,22.6,92.8,1.29,9.95,0,102235.77
TWB14,Uvalde_2020_02,29.60214,-99.73007,436.7784,6/28/21,p,2021,06/29/2021 03:10 CDT,97224,22.6,92.8,1.265,9.95,0,102231.39
TWB14,Uvalde_2020_02,29.60214,-99.73007,436.7784,6/28/21,p,2021,06/29/2021 03:15 CDT,97219,22.57,92.9,0.965,9.95,0,102226.48
TWB14,Uvalde_2020_02,29.60214,-99.73007,436.7784,6/28/21,p,2021,06/29/2021 03:20 CDT,97221,22.53,93,1.06,9.95,0.01,102229.1
TWB14,Uvalde_2020_02,29.60214,-99.73007,436.7784,6/28/21,p,2021,06/29/2021 03:25 CDT,97224,22.49,93.2,1.175,9.95,0,102232.95
TWB14,Uvalde_2020_02,29.60214,-99.73007,436.7784,6/28/21,p,2021,06/29/2021 03:30 CDT,97230,22.46,93.3,0.91,9.95,0,102239.95
TWB14,Uvalde_2020_02,29.60214,-99.73007,436.7784,6/28/21,p,2021,06/29/2021 03:35 CDT,97227,22.48,93.3,1.36,9.95,0,102237.14
TWB14,Uvalde_2020_02,29.60214,-99.73007,436.7784,6/28/21,p,2021,06/29/2021 03:40 CDT,97224,22.49,93.5,0.865,9.95,0,102233.81
TWB14,Uvalde_2020_02,29.60214,-99.73007,436.7784,6/28/21,p,2021,06/29/2021 03:45 CDT,97219,22.52,93.4,0.935,9.95,0,102227.69
TWB14,Uvalde_2020_02,29.60214,-99.73007,436.7784,6/28/21,p,2021,06/29/2021 03:50 CDT,97221,22.52,93.4,0.965,9.95,0,102229.79
TWB14,Uvalde_2020_02,29.60214,-99.73007,436.7784,6/28/21,p,2021,06/29/2021 03:55 CDT,97220,22.5,93.5,1.4,9.95,0.1,102228.91
TWB14,Uvalde_2020_02,29.60214,-99.73007,436.7784,6/28/21,p,2021,06/29/2021 04:00 CDT,97219,22.5,93.4,0.835,9.95,0.21,102228.21
TWB14,Uvalde_2020_02,29.60214,-99.73007,436.7784,6/28/21,p,2021,06/29/2021 04:05 CDT,97216,22.52,93.7,0.505,9.95,0.27,102224.53
TWB14,Uvalde_2020_02,29.60214,-99.73007,436.7784,6/28/21,p,2021,06/29/2021 04:10 CDT,97212,22.52,93.4,0.885,9.95,0.52,102220.33
TWB14,Uvalde_2020_02,29.60214,-99.73007,436.7784,6/28/21,p,2021,06/29/2021 04:15 CDT,97211,22.52,93.2,1.24,9.95,0.38,102219.1
TWB14,Uvalde_2020_02,29.60214,-99.73007,436.7784,6/28/21,p,2021,06/29/2021 04:20 CDT,97211,22.5,93.2,0.915,9.95,0.27,102219.45
TWB14,Uvalde_2020_02,29.60214,-99.73007,436.7784,6/28/21,p,2021,06/29/2021 04:25 CDT,97211,22.45,93.2,1.08,9.95,0.03,102220.32
TWB14,Uvalde_2020_02,29.60214,-99.73007,436.7784,6/28/21,p,2021,06/29/2021 04:30 CDT,97211,22.43,93.1,1.115,9.95,0,102220.66
TWB14,Uvalde_2020_02,29.60214,-99.73007,436.7784,6/28/21,p,2021,06/29/2021 04:35 CDT,97211,22.4,93,1.52,9.95,0.11,102221.53
TWB14,Uvalde_2020_02,29.60214,-99.73007,436.7784,6/28/21,p,2021,06/29/2021 04:40 CDT,97219,22.38,93,1.17,9.95,0.03,102230.29
TWB14,Uvalde_2020_02,29.60214,-99.73007,436.7784,6/28/21,p,2021,06/29/2021 04:45 CDT,97218,22.38,92.7,1.305,9.95,0.05,102229.24
TWB14,Uvalde_2020_02,29.60214,-99.73007,436.7784,6/28/21,p,2021,06/29/2021 04:50 CDT,97212,22.37,92.7,0.55,9.95,0.27,102222.93
TWB14,Uvalde_2020_02,29.60214,-99.73007,436.7784,6/28/21,p,2021,06/29/2021 04:55 CDT,97213,22.32,92.8,1.03,9.95,0.16,102224.5
TWB14,Uvalde_2020_02,29.60214,-99.73007,436.7784,6/28/21,p,2021,06/29/2021 05:00 CDT,97212,22.3,92.8,0.76,9.95,0.11,102223.97
TWB14,Uvalde_2020_02,29.60214,-99.73007,436.7784,6/28/21,p,2021,06/29/2021 05:05 CDT,97210,22.28,92.8,0.665,9.95,0.02,102222.74
TWB14,Uvalde_2020_02,29.60214,-99.73007,436.7784,6/28/21,p,2021,06/29/2021 05:10 CDT,97210,22.29,92.6,0.895,9.95,0.09,102222.74
TWB14,Uvalde_2020_02,29.60214,-99.73007,436.7784,6/28/21,p,2021,06/29/2021 05:15 CDT,97212,22.3,92.6,1.215,9.95,0.08,102224.67
TWB14,Uvalde_2020_02,29.60214,-99.73007,436.7784,6/28/21,p,2021,06/29/2021 05:20 CDT,97212,22.26,92.7,0.925,9.95,0.13,102225.02
TWB14,Uvalde_2020_02,29.60214,-99.73007,436.7784,6/28/21,p,2021,06/29/2021 05:25 CDT,97212,22.22,92.8,0.545,9.95,0.18,102225.71
TWB14,Uvalde_2020_02,29.60214,-99.73007,436.7784,6/28/21,p,2021,06/29/2021 05:30 CDT,97211,22.16,93.2,0.505,9.95,0,102225.7
TWB14,Uvalde_2020_02,29.60214,-99.73007,436.7784,6/28/21,p,2021,06/29/2021 05:35 CDT,97214,22.13,93.4,0.865,9.95,0,102229.37
TWB14,Uvalde_2020_02,29.60214,-99.73007,436.7784,6/28/21,p,2021,06/29/2021 05:40 CDT,97227,22.18,93.7,0.63,9.95,0,102242.52
TWB14,Uvalde_2020_02,29.60214,-99.73007,436.7784,6/28/21,p,2021,06/29/2021 05:45 CDT,97227,22.22,93.6,0.645,9.95,0,102241.65
TWB14,Uvalde_2020_02,29.60214,-99.73007,436.7784,6/28/21,p,2021,06/29/2021 05:50 CDT,97235,22.21,93.6,0.425,9.95,0,102249.89
TWB14,Uvalde_2020_02,29.60214,-99.73007,436.7784,6/28/21,p,2021,06/29/2021 05:55 CDT,97234,22.17,93.6,0.37,9.95,0.19,102249.19
TWB14,Uvalde_2020_02,29.60214,-99.73007,436.7784,6/28/21,p,2021,06/29/2021 06:00 CDT,97237,22.15,93.7,0.43,9.95,0,102253.04
TWB14,Uvalde_2020_02,29.60214,-99.73007,436.7784,6/28/21,p,2021,06/29/2021 06:05 CDT,97234,22.13,93.8,0.53,9.95,0,102250.23
TWB14,Uvalde_2020_02,29.60214,-99.73007,436.7784,6/28/21,p,2021,06/29/2021 06:10 CDT,97232,22.14,93.8,0.265,9.95,0,102248.12
TWB14,Uvalde_2020_02,29.60214,-99.73007,436.7784,6/28/21,p,2021,06/29/2021 06:15 CDT,97225,22.17,94,0.71,9.95,0,102240.41
TWB14,Uvalde_2020_02,29.60214,-99.73007,436.7784,6/28/21,p,2021,06/29/2021 06:20 CDT,97231,22.16,94.1,0.435,9.95,0,102246.55
TWB14,Uvalde_2020_02,29.60214,-99.73007,436.7784,6/28/21,p,2021,06/29/2021 06:25 CDT,97236,22.17,94.4,0.135,9.95,0,102251.28
TWB14,Uvalde_2020_02,29.60214,-99.73007,436.7784,6/28/21,p,2021,06/29/2021 06:30 CDT,97237,22.17,94.5,0.05,9.95,0,102252.16
TWB14,Uvalde_2020_02,29.60214,-99.73007,436.7784,6/28/21,p,2021,06/29/2021 06:35 CDT,97238,22.17,94.8,0.325,9.95,0,102253.04
TWB14,Uvalde_2020_02,29.60214,-99.73007,436.7784,6/28/21,p,2021,06/29/2021 06:40 CDT,97247,22.17,95.1,0.21,9.95,0.23,102262.15
TWB14,Uvalde_2020_02,29.60214,-99.73007,436.7784,6/28/21,p,2021,06/29/2021 06:45 CDT,97255,22.16,95.2,0.045,9.95,0.9,102270.22
TWB14,Uvalde_2020_02,29.60214,-99.73007,436.7784,6/28/21,p,2021,06/29/2021 06:50 CDT,97263,22.13,95.2,0.02,9.95,1.52,102278.63
TWB14,Uvalde_2020_02,29.60214,-99.73007,436.7784,6/28/21,p,2021,06/29/2021 06:55 CDT,97265,22.1,95.3,0,9.95,2.69,102281.08
TWB14,Uvalde_2020_02,29.60214,-99.73007,436.7784,6/28/21,p,2021,06/29/2021 07:00 CDT,97266,22.12,95.5,0,9.95,6.62,102282.13
TWB14,Uvalde_2020_02,29.60214,-99.73007,436.7784,6/28/21,p,2021,06/29/2021 07:05 CDT,97271,22.11,95.4,0,9.95,7.99,102287.04
TWB14,Uvalde_2020_02,29.60214,-99.73007,436.7784,6/28/21,p,2021,06/29/2021 07:10 CDT,97273,22.09,95.7,0.4,9.95,9.58,102289.83
TWB14,Uvalde_2020_02,29.60214,-99.73007,436.7784,6/28/21,p,2021,06/29/2021 07:15 CDT,97275,22.12,95.6,0.205,9.95,14.4,102291.24
TWB14,Uvalde_2020_02,29.60214,-99.73007,436.7784,6/28/21,p,2021,06/29/2021 07:20 CDT,97283,22.13,95.7,0.14,9.95,18.47,102299.83
TWB14,Uvalde_2020_02,29.60214,-99.73007,436.7784,6/28/21,p,2021,06/29/2021 07:25 CDT,97289,22.19,95.4,0.18,9.95,34.02,102305.79
TWB14,Uvalde_2020_02,29.60214,-99.73007,436.7784,6/28/21,p,2021,06/29/2021 07:30 CDT,97291,22.31,95,0.01,9.95,50.43,102306.86
TWB14,Uvalde_2020_02,29.60214,-99.73007,436.7784,6/28/21,p,2021,06/29/2021 07:35 CDT,97302,22.34,95.1,0.16,9.95,49.63,102317.9
TWB14,Uvalde_2020_02,29.60214,-99.73007,436.7784,6/28/21,p,2021,06/29/2021 07:40 CDT,97304,22.47,95,0.215,9.95,78.18,102318.62
TWB14,Uvalde_2020_02,29.60214,-99.73007,436.7784,6/28/21,p,2021,06/29/2021 07:45 CDT,97308,22.61,94.4,0.315,9.95,70.39,102320.05
TWB14,Uvalde_2020_02,29.60214,-99.73007,436.7784,6/28/21,p,2021,06/29/2021 07:50 CDT,97306,22.64,92.7,0.86,9.95,62.45,102316.92
TWB14,Uvalde_2020_02,29.60214,-99.73007,436.7784,6/28/21,p,2021,06/29/2021 07:55 CDT,97309,22.69,92.3,0.815,9.95,88.13,102320.08
TWB14,Uvalde_2020_02,29.60214,-99.73007,436.7784,6/28/21,p,2021,06/29/2021 08:00 CDT,97315,22.8,92.5,0.88,9.95,63.54,102324.65
TWB14,Uvalde_2020_02,29.60214,-99.73007,436.7784,6/28/21,p,2021,06/29/2021 08:05 CDT,97311,22.88,91.3,0.7,9.95,64.68,102317.86
TWB14,Uvalde_2020_02,29.60214,-99.73007,436.7784,6/28/21,p,2021,06/29/2021 08:10 CDT,97305,22.87,90.7,1.04,9.95,75.31,102311.55
TWB14,Uvalde_2020_02,29.60214,-99.73007,436.7784,6/28/21,p,2021,06/29/2021 08:15 CDT,97307,22.95,91.1,0.65,9.95,81.87,102312.79
TWB14,Uvalde_2020_02,29.60214,-99.73007,436.7784,6/28/21,p,2021,06/29/2021 08:20 CDT,97315,22.98,91.2,1.04,9.95,65.16,102319.99
TWB14,Uvalde_2020_02,29.60214,-99.73007,436.7784,6/28/21,p,2021,06/29/2021 08:25 CDT,97320,22.99,91.1,0.485,9.95,66.94,102324.56
TWB14,Uvalde_2020_02,29.60214,-99.73007,436.7784,6/28/21,p,2021,06/29/2021 08:30 CDT,97327,23.02,90.3,0.465,9.95,60.03,102330.88
TWB14,Uvalde_2020_02,29.60214,-99.73007,436.7784,6/28/21,p,2021,06/29/2021 08:35 CDT,97331,23.02,89.6,0.47,9.95,47.78,102335.27
TWB14,Uvalde_2020_02,29.60214,-99.73007,436.7784,6/28/21,p,2021,06/29/2021 08:40 CDT,97335,22.99,90.7,0.74,9.95,37.99,102339.98
TWB14,Uvalde_2020_02,29.60214,-99.73007,436.7784,6/28/21,p,2021,06/29/2021 08:45 CDT,97331,22.98,90.5,0.86,9.95,53.49,102335.43
TWB14,Uvalde_2020_02,29.60214,-99.73007,436.7784,6/28/21,p,2021,06/29/2021 08:50 CDT,97332,22.93,90.6,0.46,9.95,40.44,102337.52
TWB14,Uvalde_2020_02,29.60214,-99.73007,436.7784,6/28/21,p,2021,06/29/2021 08:55 CDT,97339,22.93,91.7,0.13,9.95,44.48,102345.57
TWB14,Uvalde_2020_02,29.60214,-99.73007,436.7784,6/28/21,p,2021,06/29/2021 09:00 CDT,97345,23,91.4,0.075,9.95,54.23,102350.32
TWB14,Uvalde_2020_02,29.60214,-99.73007,436.7784,6/28/21,p,2021,06/29/2021 09:05 CDT,97356,22.98,91.1,1.035,9.95,66.51,102362.06
TWB14,Uvalde_2020_02,29.60214,-99.73007,436.7784,6/28/21,p,2021,06/29/2021 09:10 CDT,97372,22.98,91.5,0.985,9.95,216.32,102379.4
TWB14,Uvalde_2020_02,29.60214,-99.73007,436.7784,6/28/21,p,2021,06/29/2021 09:15 CDT,97372,23.44,90.2,1.225,9.95,404.81,102375.09
TWB14,Uvalde_2020_02,29.60214,-99.73007,436.7784,6/28/21,p,2021,06/29/2021 09:20 CDT,97374,23.81,87.8,1.57,9.95,408.36,102370.14
TWB14,Uvalde_2020_02,29.60214,-99.73007,436.7784,6/28/21,p,2021,06/29/2021 09:25 CDT,97378,23.98,86.1,1.895,9.95,356.47,102370.06
TWB14,Uvalde_2020_02,29.60214,-99.73007,436.7784,6/28/21,p,2021,06/29/2021 09:30 CDT,97384,24.15,85.9,1.79,9.95,380.08,102372.59
TWB14,Uvalde_2020_02,29.60214,-99.73007,436.7784,6/28/21,p,2021,06/29/2021 09:35 CDT,97381,24.54,83.4,1.635,9.95,308.99,102363.11
TWB14,Uvalde_2020_02,29.60214,-99.73007,436.7784,6/28/21,p,2021,06/29/2021 09:40 CDT,97374,24.44,84.4,2.175,9.95,368.89,102354.89
TWB14,Uvalde_2020_02,29.60214,-99.73007,436.7784,6/28/21,p,2021,06/29/2021 09:45 CDT,97368,24.64,81.8,1.91,9.95,359.45,102346.21
TWB14,Uvalde_2020_02,29.60214,-99.73007,436.7784,6/28/21,p,2021,06/29/2021 09:50 CDT,97369,24.72,83.2,1.815,9.95,469.6,102345.71
TWB14,Uvalde_2020_02,29.60214,-99.73007,436.7784,6/28/21,p,2021,06/29/2021 09:55 CDT,97366,25.09,79.58,2.11,9.95,474.76,102337.81
TWB14,Uvalde_2020_02,29.60214,-99.73007,436.7784,6/28/21,p,2021,06/29/2021 10:00 CDT,97363,25.23,78.19,1.81,9.95,403.29,102330.58
TWB14,Uvalde_2020_02,29.60214,-99.73007,436.7784,6/28/21,p,2021,06/29/2021 10:05 CDT,97359,25.4,79.27,1.865,9.95,525.51,102323.3
TWB14,Uvalde_2020_02,29.60214,-99.73007,436.7784,6/28/21,p,2021,06/29/2021 10:10 CDT,97363,25.61,77.54,1.785,9.95,539.88,102322.76
TWB14,Uvalde_2020_02,29.60214,-99.73007,436.7784,6/28/21,p,2021,06/29/2021 10:15 CDT,97364,25.74,76.87,1.705,9.95,574.94,102321.28
TWB14,Uvalde_2020_02,29.60214,-99.73007,436.7784,6/28/21,p,2021,06/29/2021 10:20 CDT,97362,25.72,76.93,1.875,9.95,509.71,102317.14
TWB14,Uvalde_2020_02,29.60214,-99.73007,436.7784,6/28/21,p,2021,06/29/2021 10:25 CDT,97362,25.52,75.31,1.755,9.95,468.93,102319.87
TWB14,Uvalde_2020_02,29.60214,-99.73007,436.7784,6/28/21,p,2021,06/29/2021 10:30 CDT,97361,25.65,75.58,1.34,9.95,259.14,102318.64
TWB14,Uvalde_2020_02,29.60214,-99.73007,436.7784,6/28/21,p,2021,06/29/2021 10:35 CDT,97365,25.76,76.05,1.59,9.95,552.28,102321.66
TWB14,Uvalde_2020_02,29.60214,-99.73007,436.7784,6/28/21,p,2021,06/29/2021 10:40 CDT,97361,25.85,76.51,1.79,9.95,619.69,102316.6
TWB14,Uvalde_2020_02,29.60214,-99.73007,436.7784,6/28/21,p,2021,06/29/2021 10:45 CDT,97364,26.18,77.93,1.34,9.95,508.36,102311.96
TWB14,Uvalde_2020_02,29.60214,-99.73007,436.7784,6/28/21,p,2021,06/29/2021 10:50 CDT,97365,26.15,72.67,0.705,9.95,505.09,102312.55
TWB14,Uvalde_2020_02,29.60214,-99.73007,436.7784,6/28/21,p,2021,06/29/2021 10:55 CDT,97363,26.32,75.9,0.99,9.95,680,102311.77
TWB14,Uvalde_2020_02,29.60214,-99.73007,436.7784,6/28/21,p,2021,06/29/2021 11:00 CDT,97362,26.71,73.64,2.2,9.95,669.75,102304.33
TWB14,Uvalde_2020_02,29.60214,-99.73007,436.7784,6/28/21,p,2021,06/29/2021 11:05 CDT,97363,26.38,71.18,2.56,9.95,702.7,102305.91
TWB14,Uvalde_2020_02,29.60214,-99.73007,436.7784,6/28/21,p,2021,06/29/2021 11:10 CDT,97353,26.66,70.97,1.86,9.95,692.81,102293.21
TWB14,Uvalde_2020_02,29.60214,-99.73007,436.7784,6/28/21,p,2021,06/29/2021 11:15 CDT,97351,27.33,65.92,1.715,9.95,666.21,102280.24
TWB14,Uvalde_2020_02,29.60214,-99.73007,436.7784,6/28/21,p,2021,06/29/2021 11:20 CDT,97350,27.02,68.55,2.14,9.95,341.33,102280.17
TWB14,Uvalde_2020_02,29.60214,-99.73007,436.7784,6/28/21,p,2021,06/29/2021 11:25 CDT,97350,26.57,71.91,1.855,9.95,207.18,102287.53
TWB14,Uvalde_2020_02,29.60214,-99.73007,436.7784,6/28/21,p,2021,06/29/2021 11:30 CDT,97354,26.33,74.2,1.72,9.95,192.06,102297.1
TWB14,Uvalde_2020_02,29.60214,-99.73007,436.7784,6/28/21,p,2021,06/29/2021 11:35 CDT,97347,26.28,69.35,1.695,9.95,126.65,102291.98
TWB14,Uvalde_2020_02,29.60214,-99.73007,436.7784,6/28/21,p,2021,06/29/2021 11:40 CDT,97347,26.28,69.61,2.225,9.95,125.42,102294.17
TWB14,Uvalde_2020_02,29.60214,-99.73007,436.7784,6/28/21,p,2021,06/29/2021 11:45 CDT,97345,26.31,72.34,1.555,9.95,145.78,102292.55
TWB14,Uvalde_2020_02,29.60214,-99.73007,436.7784,6/28/21,p,2021,06/29/2021 11:50 CDT,97343,26.48,68.81,1.815,9.95,219.53,102286.94
TWB14,Uvalde_2020_02,29.60214,-99.73007,436.7784,6/28/21,p,2021,06/29/2021 11:55 CDT,97335,26.68,70.06,1.41,9.95,282.68,102275.49
TWB14,Uvalde_2020_02,29.60214,-99.73007,436.7784,6/28/21,p,2021,06/29/2021 12:00 CDT,97334,26.81,72.25,1.535,9.95,205.18,102271.05
TWB14,Uvalde_2020_02,29.60214,-99.73007,436.7784,6/28/21,p,2021,06/29/2021 12:05 CDT,97335,26.65,71.68,0.655,9.95,195.91,102274.8
TWB14,Uvalde_2020_02,29.60214,-99.73007,436.7784,6/28/21,p,2021,06/29/2021 12:10 CDT,97335,26.98,69.32,0.645,9.95,426.03,102270.95
TWB14,Uvalde_2020_02,29.60214,-99.73007,436.7784,6/28/21,p,2021,06/29/2021 12:15 CDT,97335,27.3,70.97,1.18,9.95,532.09,102265.9
TWB14,Uvalde_2020_02,29.60214,-99.73007,436.7784,6/28/21,p,2021,06/29/2021 12:20 CDT,97335,27.56,64.98,1.7,9.95,258.24,102261.43
TWB14,Uvalde_2020_02,29.60214,-99.73007,436.7784,6/28/21,p,2021,06/29/2021 12:25 CDT,97336,27.56,64,1.21,9.95,348.56,102261.15
TWB14,Uvalde_2020_02,29.60214,-99.73007,436.7784,6/28/21,p,2021,06/29/2021 12:30 CDT,97337,27.84,61.81,1.585,9.95,340.46,102256.87
TWB14,Uvalde_2020_02,29.60214,-99.73007,436.7784,6/28/21,p,2021,06/29/2021 12:35 CDT,97336,27.84,65.92,1.57,9.95,249,102254.28
TWB14,Uvalde_2020_02,29.60214,-99.73007,436.7784,6/28/21,p,2021,06/29/2021 12:40 CDT,97335,27.82,66.15,1.24,9.95,246.15,102253.22
TWB14,Uvalde_2020_02,29.60214,-99.73007,436.7784,6/28/21,p,2021,06/29/2021 12:45 CDT,97334,27.65,63.69,1.845,9.95,240.77,102255.2
TWB14,Uvalde_2020_02,29.60214,-99.73007,436.7784,6/28/21,p,2021,06/29/2021 12:50 CDT,97332,27.59,65.07,2.21,9.95,301.13,102255.1
TWB14,Uvalde_2020_02,29.60214,-99.73007,436.7784,6/28/21,p,2021,06/29/2021 12:55 CDT,97332,27.51,63.35,2.495,9.95,318.53,102255.78
TWB14,Uvalde_2020_02,29.60214,-99.73007,436.7784,6/28/21,p,2021,06/29/2021 13:00 CDT,97339,27.18,64.02,2.7,9.95,299.94,102267.48
TWB14,Uvalde_2020_02,29.60214,-99.73007,436.7784,6/28/21,p,2021,06/29/2021 13:05 CDT,97338,26.34,67.12,2.965,9.95,336.59,102279.51
TWB14,Uvalde_2020_02,29.60214,-99.73007,436.7784,6/28/21,p,2021,06/29/2021 13:10 CDT,97329,26.14,66.31,2.755,9.95,430.55,102276.81
TWB14,Uvalde_2020_02,29.60214,-99.73007,436.7784,6/28/21,p,2021,06/29/2021 13:15 CDT,97316,26.45,68.47,2.11,9.95,400.02,102259.41
TWB14,Uvalde_2020_02,29.60214,-99.73007,436.7784,6/28/21,p,2021,06/29/2021 13:20 CDT,97313,26.55,64.39,2.27,9.95,440.16,102253.27
TWB14,Uvalde_2020_02,29.60214,-99.73007,436.7784,6/28/21,p,2021,06/29/2021 13:25 CDT,97309,26.64,64.56,1.785,9.95,486.59,102248.72
TWB14,Uvalde_2020_02,29.60214,-99.73007,436.7784,6/28/21,p,2021,06/29/2021 13:30 CDT,97302,27.47,61.6,0.92,9.95,517.06,102231.15
TWB14,Uvalde_2020_02,29.60214,-99.73007,436.7784,6/28/21,p,2021,06/29/2021 13:35 CDT,97296,27.76,62.27,2.66,9.95,678.79,102215.46
TWB14,Uvalde_2020_02,29.60214,-99.73007,436.7784,6/28/21,p,2021,06/29/2021 13:40 CDT,97292,27.88,61.67,1.92,9.95,681.47,102208.93
TWB14,Uvalde_2020_02,29.60214,-99.73007,436.7784,6/28/21,p,2021,06/29/2021 13:45 CDT,97282,28.33,60.42,2.105,9.95,773.65,102190.28
TWB14,Uvalde_2020_02,29.60214,-99.73007,436.7784,6/28/21,p,2021,06/29/2021 13:50 CDT,97275,28.33,60.59,2.805,9.95,526.94,102181.92
TWB14,Uvalde_2020_02,29.60214,-99.73007,436.7784,6/28/21,p,2021,06/29/2021 13:55 CDT,97273,28.18,64.12,2.825,9.95,267.79,102182.95
TWB14,Uvalde_2020_02,29.60214,-99.73007,436.7784,6/28/21,p,2021,06/29/2021 14:00 CDT,97267,27.69,64.56,2.13,9.95,204.85,102183.64
TWB14,Uvalde_2020_02,29.60214,-99.73007,436.7784,6/28/21,p,2021,06/29/2021 14:05 CDT,97267,27.53,64.53,2.545,9.95,204.21,102187.15
TWB14,Uvalde_2020_02,29.60214,-99.73007,436.7784,6/28/21,p,2021,06/29/2021 14:10 CDT,97264,27.65,62.07,2.935,9.95,538.38,102184.86
TWB14,Uvalde_2020_02,29.60214,-99.73007,436.7784,6/28/21,p,2021,06/29/2021 14:15 CDT,97266,28.05,62.17,3.275,9.95,785.95,102178.78
TWB14,Uvalde_2020_02,29.60214,-99.73007,436.7784,6/28/21,p,2021,06/29/2021 14:20 CDT,97255,27.79,62.85,3.59,9.95,863.77,102167.38
TWB14,Uvalde_2020_02,29.60214,-99.73007,436.7784,6/28/21,p,2021,06/29/2021 14:25 CDT,97252,27.69,63.42,3.3,9.95,582.27,102168.23
TWB14,Uvalde_2020_02,29.60214,-99.73007,436.7784,6/28/21,p,2021,06/29/2021 14:30 CDT,97253,28.15,59.44,2.595,9.95,717.42,102164.32
TWB14,Uvalde_2020_02,29.60214,-99.73007,436.7784,6/28/21,p,2021,06/29/2021 14:35 CDT,97246,28.4,58.77,2.54,9.95,517.03,102151.48
TWB14,Uvalde_2020_02,29.60214,-99.73007,436.7784,6/28/21,p,2021,06/29/2021 14:40 CDT,97242,28.75,56.82,2.315,9.95,781.36,102141.99
TWB14,Uvalde_2020_02,29.60214,-99.73007,436.7784,6/28/21,p,2021,06/29/2021 14:45 CDT,97241,29.04,56.58,2.47,9.95,751.37,102135.64
TWB14,Uvalde_2020_02,29.60214,-99.73007,436.7784,6/28/21,p,2021,06/29/2021 14:50 CDT,97239,29.04,55.8,2.93,9.95,776.41,102131.56
TWB14,Uvalde_2020_02,29.60214,-99.73007,436.7784,6/28/21,p,2021,06/29/2021 14:55 CDT,97229,29.16,55.03,1.54,9.95,813.72,102120.9
TWB14,Uvalde_2020_02,29.60214,-99.73007,436.7784,6/28/21,p,2021,06/29/2021 15:00 CDT,97218,29.63,56.57,2.29,9.95,599.56,102099.11
TWB14,Uvalde_2020_02,29.60214,-99.73007,436.7784,6/28/21,p,2021,06/29/2021 15:05 CDT,97216,29.21,59,2.875,9.95,495.29,102102.58
TWB14,Uvalde_2020_02,29.60214,-99.73007,436.7784,6/28/21,p,2021,06/29/2021 15:10 CDT,97212,29.09,58.22,3.06,9.95,677.79,102101.52
TWB14,Uvalde_2020_02,29.60214,-99.73007,436.7784,6/28/21,p,2021,06/29/2021 15:15 CDT,97206,29.33,58.26,2.365,9.95,660.83,102092.58
TWB14,Uvalde_2020_02,29.60214,-99.73007,436.7784,6/28/21,p,2021,06/29/2021 15:20 CDT,97200,29.47,57.78,1.75,9.95,317.13,102083.98
TWB14,Uvalde_2020_02,29.60214,-99.73007,436.7784,6/28/21,p,2021,06/29/2021 15:25 CDT,97195,29.22,59.67,2.35,9.95,207.05,102082.17
TWB14,Uvalde_2020_02,29.60214,-99.73007,436.7784,6/28/21,p,2021,06/29/2021 15:30 CDT,97199,28.94,57.95,2.205,9.95,187.63,102092.01
TWB14,Uvalde_2020_02,29.60214,-99.73007,436.7784,6/28/21,p,2021,06/29/2021 15:35 CDT,97192,28.81,59.16,2.415,9.95,188.13,102088.12
TWB14,Uvalde_2020_02,29.60214,-99.73007,436.7784,6/28/21,p,2021,06/29/2021 15:40 CDT,97191,28.77,58.62,2.35,9.95,181.58,102088.73
TWB14,Uvalde_2020_02,29.60214,-99.73007,436.7784,6/28/21,p,2021,06/29/2021 15:45 CDT,97191,28.64,58.66,2.175,9.95,152.61,102090.88
TWB14,Uvalde_2020_02,29.60214,-99.73007,436.7784,6/28/21,p,2021,06/29/2021 15:50 CDT,97211,28,67.48,3.33,9.95,111.66,102117.62
TWB14,Uvalde_2020_02,29.60214,-99.73007,436.7784,6/28/21,p,2021,06/29/2021 15:55 CDT,97214,26.68,71.15,3.135,8.7,68.63,102141.78
TWB14,Uvalde_2020_02,29.60214,-99.73007,436.7784,6/28/21,p,2021,06/29/2021 16:00 CDT,97214,26.15,73.67,2.45,8.7,76.81,102153.03
TWB14,Uvalde_2020_02,29.60214,-99.73007,436.7784,6/28/21,p,2021,06/29/2021 16:05 CDT,97209,25.78,77.82,1.88,8.7,97.94,102154.65
TWB14,Uvalde_2020_02,29.60214,-99.73007,436.7784,6/28/21,p,2021,06/29/2021 16:10 CDT,97208,25.41,78.7,1.605,8.7,96.56,102158.84
TWB14,Uvalde_2020_02,29.60214,-99.73007,436.7784,6/28/21,p,2021,06/29/2021 16:15 CDT,97214,25.08,79.98,1.695,8.7,116,102171.58
TWB14,Uvalde_2020_02,29.60214,-99.73007,436.7784,6/28/21,p,2021,06/29/2021 16:20 CDT,97213,25.1,80.3,1.25,8.7,155.37,102172.4
TWB14,Uvalde_2020_02,29.60214,-99.73007,436.7784,6/28/21,p,2021,06/29/2021 16:25 CDT,97204,25.32,81.7,1.11,8.7,490.42,102161.22
TWB14,Uvalde_2020_02,29.60214,-99.73007,436.7784,6/28/21,p,2021,06/29/2021 16:30 CDT,97196,26.44,72.28,1.185,8.7,503.15,102137.5
TWB14,Uvalde_2020_02,29.60214,-99.73007,436.7784,6/28/21,p,2021,06/29/2021 16:35 CDT,97207,26.5,73.86,1.67,8.7,196.53,102142.64
TWB14,Uvalde_2020_02,29.60214,-99.73007,436.7784,6/28/21,p,2021,06/29/2021 16:40 CDT,97207,25.98,77.87,1.755,8.7,167.7,102149
TWB14,Uvalde_2020_02,29.60214,-99.73007,436.7784,6/28/21,p,2021,06/29/2021 16:45 CDT,97196,25.73,79.46,1.655,8.7,144.36,102142.5
TWB14,Uvalde_2020_02,29.60214,-99.73007,436.7784,6/28/21,p,2021,06/29/2021 16:50 CDT,97182,25.71,79.9,1.1,8.7,154.64,102129.47
TWB14,Uvalde_2020_02,29.60214,-99.73007,436.7784,6/28/21,p,2021,06/29/2021 16:55 CDT,97189,25.86,78.04,1.36,8.7,214.69,102135.49
TWB14,Uvalde_2020_02,29.60214,-99.73007,436.7784,6/28/21,p,2021,06/29/2021 17:00 CDT,97189,26.15,76.49,1.275,8.7,122.06,102131.28
TWB14,Uvalde_2020_02,29.60214,-99.73007,436.7784,6/28/21,p,2021,06/29/2021 17:05 CDT,97200,26.14,79.19,1.72,8.7,86.55,102141.97
TWB14,Uvalde_2020_02,29.60214,-99.73007,436.7784,6/28/21,p,2021,06/29/2021 17:10 CDT,97218,25.96,80.3,1.915,8.7,69.49,102162.4
TWB14,Uvalde_2020_02,29.60214,-99.73007,436.7784,6/28/21,p,2021,06/29/2021 17:15 CDT,97229,25.36,82.3,2.285,8.7,59.33,102182.74
TWB14,Uvalde_2020_02,29.60214,-99.73007,436.7784,6/28/21,p,2021,06/29/2021 17:20 CDT,97216,24.42,88.1,2.355,8.7,72.62,102183.14
TWB14,Uvalde_2020_02,29.60214,-99.73007,436.7784,6/28/21,p,2021,06/29/2021 17:25 CDT,97228,23.89,90.2,1.505,8.7,75.65,102206.33
TWB14,Uvalde_2020_02,29.60214,-99.73007,436.7784,6/28/21,p,2021,06/29/2021 17:30 CDT,97231,23.75,91.2,1.295,8.7,68.99,102213.76
TWB14,Uvalde_2020_02,29.60214,-99.73007,436.7784,6/28/21,p,2021,06/29/2021 17:35 CDT,97236,23.71,91.5,1.075,8.7,57.65,102220.39
TWB14,Uvalde_2020_02,29.60214,-99.73007,436.7784,6/28/21,p,2021,06/29/2021 17:40 CDT,97242,23.71,92.1,1.45,8.7,54.95,102227.72
TWB14,Uvalde_2020_02,29.60214,-99.73007,436.7784,6/28/21,p,2021,06/29/2021 17:45 CDT,97255,23.66,92.6,1.535,8.7,52.08,102243.45
TWB14,Uvalde_2020_02,29.60214,-99.73007,436.7784,6/28/21,p,2021,06/29/2021 17:50 CDT,97267,23.69,93.1,1.205,8.7,48.13,102256.06
TWB14,Uvalde_2020_02,29.60214,-99.73007,436.7784,6/28/21,p,2021,06/29/2021 17:55 CDT,97276,23.7,93.3,1.28,8.7,47.8,102265.18
TWB14,Uvalde_2020_02,29.60214,-99.73007,436.7784,6/28/21,p,2021,06/29/2021 18:00 CDT,97270,23.7,93.4,1.205,8.7,46.57,102258.7
TWB14,Uvalde_2020_02,29.60214,-99.73007,436.7784,6/28/21,p,2021,06/29/2021 18:05 CDT,97267,23.67,93.8,1.35,8.7,46.62,102256.05
TWB14,Uvalde_2020_02,29.60214,-99.73007,436.7784,6/28/21,p,2021,06/29/2021 18:10 CDT,97259,23.68,94.2,1.055,8.7,45.11,102247.81
TWB14,Uvalde_2020_02,29.60214,-99.73007,436.7784,6/28/21,p,2021,06/29/2021 18:15 CDT,97262,23.72,94.3,1.07,8.7,43.28,102250.11
TWB14,Uvalde_2020_02,29.60214,-99.73007,436.7784,6/28/21,p,2021,06/29/2021 18:20 CDT,97263,23.79,94,0.61,8.7,41.27,102250.47
TWB14,Uvalde_2020_02,29.60214,-99.73007,436.7784,6/28/21,p,2021,06/29/2021 18:25 CDT,97256,23.86,92.3,0.81,8.7,40.99,102242.27
TWB14,Uvalde_2020_02,29.60214,-99.73007,436.7784,6/28/21,p,2021,06/29/2021 18:30 CDT,97250,24.02,88.8,1.505,8.7,43.17,102236.5
TWB14,Uvalde_2020_02,29.60214,-99.73007,436.7784,6/28/21,p,2021,06/29/2021 18:35 CDT,97249,24.13,87.7,1.525,8.7,43.53,102234.43
TWB14,Uvalde_2020_02,29.60214,-99.73007,436.7784,6/28/21,p,2021,06/29/2021 18:40 CDT,97246,24.11,88.3,0.96,8.7,42.21,102230.76
TWB14,Uvalde_2020_02,29.60214,-99.73007,436.7784,6/28/21,p,2021,06/29/2021 18:45 CDT,97244,24.22,85.3,1.515,8.7,44.38,102227.31
TWB14,Uvalde_2020_02,29.60214,-99.73007,436.7784,6/28/21,p,2021,06/29/2021 18:50 CDT,97245,24.36,84.2,2.27,8.7,49.21,102226.14
TWB14,Uvalde_2020_02,29.60214,-99.73007,436.7784,6/28/21,p,2021,06/29/2021 18:55 CDT,97252,24.42,83.3,1.845,8.7,47.01,102231.79
TWB14,Uvalde_2020_02,29.60214,-99.73007,436.7784,6/28/21,p,2021,06/29/2021 19:00 CDT,97252,24.44,83.4,1.67,8.7,42.76,102230.42
TWB14,Uvalde_2020_02,29.60214,-99.73007,436.7784,6/28/21,p,2021,06/29/2021 19:05 CDT,97253,24.3,86,1.685,8.7,44.75,102232.48
TWB14,Uvalde_2020_02,29.60214,-99.73007,436.7784,6/28/21,p,2021,06/29/2021 19:10 CDT,97251,24.12,87.5,1.78,8.7,50.78,102233.79
TWB14,Uvalde_2020_02,29.60214,-99.73007,436.7784,6/28/21,p,2021,06/29/2021 19:15 CDT,97252,24.04,87.4,1.32,8.7,53.66,102236.21
TWB14,Uvalde_2020_02,29.60214,-99.73007,436.7784,6/28/21,p,2021,06/29/2021 19:20 CDT,97246,24.07,87.7,1.13,8.7,56.68,102230.08
TWB14,Uvalde_2020_02,29.60214,-99.73007,436.7784,6/28/21,p,2021,06/29/2021 19:25 CDT,97242,24.11,88.9,0.375,8.7,55.52,102225.17
TWB14,Uvalde_2020_02,29.60214,-99.73007,436.7784,6/28/21,p,2021,06/29/2021 19:30 CDT,97245,24.14,88.7,0.605,8.7,56.64,102227.3
TWB14,Uvalde_2020_02,29.60214,-99.73007,436.7784,6/28/21,p,2021,06/29/2021 19:35 CDT,97252,24.22,88.1,1.265,8.7,59.32,102233.64
TWB14,Uvalde_2020_02,29.60214,-99.73007,436.7784,6/28/21,p,2021,06/29/2021 19:40 CDT,97255,24.3,89.1,0.46,8.7,56.37,102235.24
TWB14,Uvalde_2020_02,29.60214,-99.73007,436.7784,6/28/21,p,2021,06/29/2021 19:45 CDT,97267,24.34,88.3,0.65,8.7,52.76,102246.66
TWB14,Uvalde_2020_02,29.60214,-99.73007,436.7784,6/28/21,p,2021,06/29/2021 19:50 CDT,97279,24.4,89.4,0.275,8.7,47.72,102258.24
TWB14,Uvalde_2020_02,29.60214,-99.73007,436.7784,6/28/21,p,2021,06/29/2021 19:55 CDT,97283,24.49,87.3,0.36,8.7,42.38,102260.41
TWB14,Uvalde_2020_02,29.60214,-99.73007,436.7784,6/28/21,p,2021,06/29/2021 20:00 CDT,97285,24.45,86.9,1.16,8.7,37.63,102263.88
TWB14,Uvalde_2020_02,29.60214,-99.73007,436.7784,6/28/21,p,2021,06/29/2021 20:05 CDT,97295,24.43,86.2,1.44,8.7,41.64,102275.26
TWB14,Uvalde_2020_02,29.60214,-99.73007,436.7784,6/28/21,p,2021,06/29/2021 20:10 CDT,97304,24.47,85.8,1.44,8.7,32.42,102284.38
TWB14,Uvalde_2020_02,29.60214,-99.73007,436.7784,6/28/21,p,2021,06/29/2021 20:15 CDT,97307,24.41,86.4,1.215,8.7,22.84,102287.7
TWB14,Uvalde_2020_02,29.60214,-99.73007,436.7784,6/28/21,p,2021,06/29/2021 20:20 CDT,97306,24.4,85.5,1.345,8.7,17.29,102287.17
TWB14,Uvalde_2020_02,29.60214,-99.73007,436.7784,6/28/21,p,2021,06/29/2021 20:25 CDT,97306,24.42,85.9,1.355,8.7,14.01,102287.16
TWB14,Uvalde_2020_02,29.60214,-99.73007,436.7784,6/28/21,p,2021,06/29/2021 20:30 CDT,97306,24.38,84.8,1.745,8.7,11.43,102287.86
TWB14,Uvalde_2020_02,29.60214,-99.73007,436.7784,6/28/21,p,2021,06/29/2021 20:35 CDT,97306,24.38,84.8,0.99,8.7,7.88,102287.86
TWB14,Uvalde_2020_02,29.60214,-99.73007,436.7784,6/28/21,p,2021,06/29/2021 20:40 CDT,97307,24.34,85.2,1.43,8.7,6,102289.25
TWB14,Uvalde_2020_02,29.60214,-99.73007,436.7784,6/28/21,p,2021,06/29/2021 20:45 CDT,97308,24.25,84.8,1.27,8.7,4.26,102291.33
TWB14,Uvalde_2020_02,29.60214,-99.73007,436.7784,6/28/21,p,2021,06/29/2021 20:50 CDT,97309,24.21,84.5,1.51,8.7,4.06,102293.41
TWB14,Uvalde_2020_02,29.60214,-99.73007,436.7784,6/28/21,p,2021,06/29/2021 20:55 CDT,97309,24.22,85,1.67,8.7,3.88,102293.58
TWB14,Uvalde_2020_02,29.60214,-99.73007,436.7784,6/28/21,p,2021,06/29/2021 21:00 CDT,97315,24.14,85.4,1.215,8.7,3.33,102300.91
TWB14,Uvalde_2020_02,29.60214,-99.73007,436.7784,6/28/21,p,2021,06/29/2021 21:05 CDT,97319,24.07,85.9,1.57,8.7,3.49,102306.32
TWB14,Uvalde_2020_02,29.60214,-99.73007,436.7784,6/28/21,p,2021,06/29/2021 21:10 CDT,97322,24.01,85.6,0.92,8.7,2.79,102310.33
TWB14,Uvalde_2020_02,29.60214,-99.73007,436.7784,6/28/21,p,2021,06/29/2021 21:15 CDT,97327,23.99,86.4,0.8,8.7,2.41,102316.27
TWB14,Uvalde_2020_02,29.60214,-99.73007,436.7784,6/28/21,p,2021,06/29/2021 21:20 CDT,97341,23.88,86.7,0.795,8.7,2.08,102333.22
TWB14,Uvalde_2020_02,29.60214,-99.73007,436.7784,6/28/21,p,2021,06/29/2021 21:25 CDT,97350,23.89,85.7,0.92,8.7,2.25,102343.72
TWB14,Uvalde_2020_02,29.60214,-99.73007,436.7784,6/28/21,p,2021,06/29/2021 21:30 CDT,97356,23.91,86.6,0.515,8.7,1.58,102349.68
TWB14,Uvalde_2020_02,29.60214,-99.73007,436.7784,6/28/21,p,2021,06/29/2021 21:35 CDT,97358,23.87,86.8,0.84,8.7,1.83,102352.29
TWB14,Uvalde_2020_02,29.60214,-99.73007,436.7784,6/28/21,p,2021,06/29/2021 21:40 CDT,97365,23.85,86.9,0.655,8.7,1.32,102360.17
TWB14,Uvalde_2020_02,29.60214,-99.73007,436.7784,6/28/21,p,2021,06/29/2021 21:45 CDT,97372,23.82,86.8,0.84,8.7,1.46,102368.56
TWB14,Uvalde_2020_02,29.60214,-99.73007,436.7784,6/28/21,p,2021,06/29/2021 21:50 CDT,97372,23.79,86.5,0.77,8.7,1.37,102368.91
TWB14,Uvalde_2020_02,29.60214,-99.73007,436.7784,6/28/21,p,2021,06/29/2021 21:55 CDT,97376,23.78,86.3,1.235,8.7,1.55,102372.94
TWB14,Uvalde_2020_02,29.60214,-99.73007,436.7784,6/28/21,p,2021,06/29/2021 22:00 CDT,97383,23.76,86,1.23,8.7,1.58,102380.13
TWB14,Uvalde_2020_02,29.60214,-99.73007,436.7784,6/28/21,p,2021,06/29/2021 22:05 CDT,97394,23.73,86.1,1.075,8.7,1.85,102391.7
TWB14,Uvalde_2020_02,29.60214,-99.73007,436.7784,6/28/21,p,2021,06/29/2021 22:10 CDT,97398,23.72,85.5,1.305,8.7,2.09,102396.6
TWB14,Uvalde_2020_02,29.60214,-99.73007,436.7784,6/28/21,p,2021,06/29/2021 22:15 CDT,97397,23.71,86,0.945,8.7,2.02,102395.37
TWB14,Uvalde_2020_02,29.60214,-99.73007,436.7784,6/28/21,p,2021,06/29/2021 22:20 CDT,97397,23.68,85.7,1.48,8.7,1.9,102396.23
TWB14,Uvalde_2020_02,29.60214,-99.73007,436.7784,6/28/21,p,2021,06/29/2021 22:25 CDT,97393,23.65,85.6,1.45,8.7,1.93,102392.72
TWB14,Uvalde_2020_02,29.60214,-99.73007,436.7784,6/28/21,p,2021,06/29/2021 22:30 CDT,97396,23.64,85.3,1.475,8.7,2.04,102395.87
TWB14,Uvalde_2020_02,29.60214,-99.73007,436.7784,6/28/21,p,2021,06/29/2021 22:35 CDT,97398,23.66,84.9,1.865,8.7,2.02,102397.29
TWB14,Uvalde_2020_02,29.60214,-99.73007,436.7784,6/28/21,p,2021,06/29/2021 22:40 CDT,97396,23.62,85.3,1.09,8.7,2.04,102395.36
TWB14,Uvalde_2020_02,29.60214,-99.73007,436.7784,6/28/21,p,2021,06/29/2021 22:45 CDT,97399,23.58,85.4,1.49,8.7,1.87,102399.54
TWB14,Uvalde_2020_02,29.60214,-99.73007,436.7784,6/28/21,p,2021,06/29/2021 22:50 CDT,97408,23.54,86,1.015,8.7,1.78,102409.35
TWB14,Uvalde_2020_02,29.60214,-99.73007,436.7784,6/28/21,p,2021,06/29/2021 22:55 CDT,97414,23.47,86.5,0.655,8.7,1.24,102416.69
TWB14,Uvalde_2020_02,29.60214,-99.73007,436.7784,6/28/21,p,2021,06/29/2021 23:00 CDT,97415,23.42,86.9,1.31,8.7,1.09,102418.94
TWB14,Uvalde_2020_02,29.60214,-99.73007,436.7784,6/28/21,p,2021,06/29/2021 23:05 CDT,97420,23.46,86.8,1.935,8.7,0.9,102424.72
TWB14,Uvalde_2020_02,29.60214,-99.73007,436.7784,6/28/21,p,2021,06/29/2021 23:10 CDT,97425,23.5,86.7,1.855,8.7,1.02,102428.77
TWB14,Uvalde_2020_02,29.60214,-99.73007,436.7784,6/28/21,p,2021,06/29/2021 23:15 CDT,97427,23.44,86.9,1.01,8.7,1.29,102431.04
TWB14,Uvalde_2020_02,29.60214,-99.73007,436.7784,6/28/21,p,2021,06/29/2021 23:20 CDT,97427,23.44,86.7,1.4,8.7,1.03,102431.22
TWB14,Uvalde_2020_02,29.60214,-99.73007,436.7784,6/28/21,p,2021,06/29/2021 23:25 CDT,97428,23.5,86.1,1.695,8.7,0.62,102431.58
TWB14,Uvalde_2020_02,29.60214,-99.73007,436.7784,6/28/21,p,2021,06/29/2021 23:30 CDT,97435,23.53,86,1.57,8.7,0.7,102438.42
TWB14,Uvalde_2020_02,29.60214,-99.73007,436.7784,6/28/21,p,2021,06/29/2021 23:35 CDT,97441,23.57,86,1.435,8.7,0.34,102444.04
TWB14,Uvalde_2020_02,29.60214,-99.73007,436.7784,6/28/21,p,2021,06/29/2021 23:40 CDT,97449,23.58,85.8,1.67,8.7,0.54,102452.11
TWB14,Uvalde_2020_02,29.60214,-99.73007,436.7784,6/28/21,p,2021,06/29/2021 23:45 CDT,97456,23.59,86,1.41,8.7,0.5,102459.29
TWB14,Uvalde_2020_02,29.60214,-99.73007,436.7784,6/28/21,p,2021,06/29/2021 23:50 CDT,97462,23.55,86,1.285,8.7,0.24,102465.95
TWB14,Uvalde_2020_02,29.60214,-99.73007,436.7784,6/28/21,p,2021,06/29/2021 23:55 CDT,97464,23.54,85.9,1.59,8.7,0.07,102468.05
TWB14,Uvalde_2020_02,29.60214,-99.73007,436.7784,6/28/21,p,2021,06/30/2021 00:00 CDT,97460,23.56,85.8,1.395,8.7,0.02,102463.67
TWB14,Uvalde_2020_02,29.60214,-99.73007,436.7784,6/28/21,p,2021,06/30/2021 00:05 CDT,97465,23.56,85.9,1.365,8.7,0,102468.76
TWB14,Uvalde_2020_02,29.60214,-99.73007,436.7784,6/28/21,p,2021,06/30/2021 00:10 CDT,97469,23.57,86.1,1.655,8.7,0.02,102472.96
TWB14,Uvalde_2020_02,29.60214,-99.73007,436.7784,6/28/21,p,2021,06/30/2021 00:15 CDT,97468,23.53,86.2,1.295,8.7,0.07,102472.25
TWB14,Uvalde_2020_02,29.60214,-99.73007,436.7784,6/28/21,p,2021,06/30/2021 00:20 CDT,97459,23.55,86.2,1.51,8.7,0,102462.62
TWB14,Uvalde_2020_02,29.60214,-99.73007,436.7784,6/28/21,p,2021,06/30/2021 00:25 CDT,97452,23.57,86.3,1.565,8.7,0.1,102455.09
TWB14,Uvalde_2020_02,29.60214,-99.73007,436.7784,6/28/21,p,2021,06/30/2021 00:30 CDT,97453,23.59,86.5,1.65,8.7,0.05,102455.96
TWB14,Uvalde_2020_02,29.60214,-99.73007,436.7784,6/28/21,p,2021,06/30/2021 00:35 CDT,97457,23.54,87.4,1.31,8.7,1.33,102460.33
TWB14,Uvalde_2020_02,29.60214,-99.73007,436.7784,6/28/21,p,2021,06/30/2021 00:40 CDT,97460,23.45,89,1.895,8.7,5.09,102464.51
TWB14,Uvalde_2020_02,29.60214,-99.73007,436.7784,6/28/21,p,2021,06/30/2021 00:45 CDT,97467,23.33,89.2,1.78,8.7,2.02,102474.46
TWB14,Uvalde_2020_02,29.60214,-99.73007,436.7784,6/28/21,p,2021,06/30/2021 00:50 CDT,97471,23.24,89.3,1.675,8.7,1.35,102480.39
TWB14,Uvalde_2020_02,29.60214,-99.73007,436.7784,6/28/21,p,2021,06/30/2021 00:55 CDT,97469,23.2,89.9,1.51,8.7,1.04,102479.15
TWB14,Uvalde_2020_02,29.60214,-99.73007,436.7784,6/28/21,p,2021,06/30/2021 01:00 CDT,97464,23.19,90.3,2.025,8.7,0.2,102474.58
TWB14,Uvalde_2020_02,29.60214,-99.73007,436.7784,6/28/21,p,2021,06/30/2021 01:05 CDT,97464,23.28,90.3,2.01,8.7,0.07,102473.54
TWB14,Uvalde_2020_02,29.60214,-99.73007,436.7784,6/28/21,p,2021,06/30/2021 01:10 CDT,97465,23.3,90.3,1.82,8.7,0.26,102473.9
TWB14,Uvalde_2020_02,29.60214,-99.73007,436.7784,6/28/21,p,2021,06/30/2021 01:15 CDT,97467,23.4,90,2.675,8.95,0.5,102474.28
TWB14,Uvalde_2020_02,29.60214,-99.73007,436.7784,6/28/21,p,2021,06/30/2021 01:20 CDT,97469,23.44,90.1,2.565,8.365,0.57,102475.17
TWB14,Uvalde_2020_02,29.60214,-99.73007,436.7784,6/28/21,p,2021,06/30/2021 01:25 CDT,97464,23.55,89.3,3.245,8.365,0.56,102468.71
TWB14,Uvalde_2020_02,29.60214,-99.73007,436.7784,6/28/21,p,2021,06/30/2021 01:30 CDT,97460,23.57,89.4,1.575,8.365,0.99,102463.47
TWB14,Uvalde_2020_02,29.60214,-99.73007,436.7784,6/28/21,p,2021,06/30/2021 01:35 CDT,97456,23.6,89.3,2.735,8.365,0.68,102458.92
TWB14,Uvalde_2020_02,29.60214,-99.73007,436.7784,6/28/21,p,2021,06/30/2021 01:40 CDT,97453,23.64,89.1,2.655,8.365,0.27,102455.08
TWB14,Uvalde_2020_02,29.60214,-99.73007,436.7784,6/28/21,p,2021,06/30/2021 01:45 CDT,97453,23.63,89.1,1.915,8.365,0.94,102454.74
TWB14,Uvalde_2020_02,29.60214,-99.73007,436.7784,6/28/21,p,2021,06/30/2021 01:50 CDT,97450,23.62,88.9,2.22,8.365,0.85,102451.76
TWB14,Uvalde_2020_02,29.60214,-99.73007,436.7784,6/28/21,p,2021,06/30/2021 01:55 CDT,97441,23.62,88.8,2.2,8.365,0.42,102442.47
TWB14,Uvalde_2020_02,29.60214,-99.73007,436.7784,6/28/21,p,2021,06/30/2021 02:00 CDT,97440,23.61,89,2.2,8.365,0.37,102441.41
TWB14,Uvalde_2020_02,29.60214,-99.73007,436.7784,6/28/21,p,2021,06/30/2021 02:05 CDT,97436,23.61,89.3,1.42,8.365,0.5,102437.21
TWB14,Uvalde_2020_02,29.60214,-99.73007,436.7784,6/28/21,p,2021,06/30/2021 02:10 CDT,97434,23.57,89.1,2.015,8.365,0.48,102435.8
TWB14,Uvalde_2020_02,29.60214,-99.73007,436.7784,6/28/21,p,2021,06/30/2021 02:15 CDT,97430,23.6,88.6,2.485,8.365,0.13,102431.59
TWB14,Uvalde_2020_02,29.60214,-99.73007,436.7784,6/28/21,p,2021,06/30/2021 02:20 CDT,97426,23.62,88.3,2.27,8.365,0.17,102426.7
TWB14,Uvalde_2020_02,29.60214,-99.73007,436.7784,6/28/21,p,2021,06/30/2021 02:25 CDT,97426,23.63,88.4,2.015,8.365,0.12,102426.53
TWB14,Uvalde_2020_02,29.60214,-99.73007,436.7784,6/28/21,p,2021,06/30/2021 02:30 CDT,97417,23.62,88,2.725,8.365,0.1,102417.24
TWB14,Uvalde_2020_02,29.60214,-99.73007,436.7784,6/28/21,p,2021,06/30/2021 02:35 CDT,97413,23.6,88,2.365,8.365,0.15,102413.21
TWB14,Uvalde_2020_02,29.60214,-99.73007,436.7784,6/28/21,p,2021,06/30/2021 02:40 CDT,97412,23.62,87.8,2.645,8.365,0.09,102412.16
TWB14,Uvalde_2020_02,29.60214,-99.73007,436.7784,6/28/21,p,2021,06/30/2021 02:45 CDT,97412,23.64,87.9,2.52,8.365,0.03,102411.81
TWB14,Uvalde_2020_02,29.60214,-99.73007,436.7784,6/28/21,p,2021,06/30/2021 02:50 CDT,97403,23.62,87.6,2.23,8.365,0.3,102402.53
TWB14,Uvalde_2020_02,29.60214,-99.73007,436.7784,6/28/21,p,2021,06/30/2021 02:55 CDT,97404,23.59,87.6,1.78,8.365,0.39,102403.75
TWB14,Uvalde_2020_02,29.60214,-99.73007,436.7784,6/28/21,p,2021,06/30/2021 03:00 CDT,97400,23.53,87.8,2.385,8.365,0.39,102400.58
TWB14,Uvalde_2020_02,29.60214,-99.73007,436.7784,6/28/21,p,2021,06/30/2021 03:05 CDT,97404,23.51,87.5,2.145,8.365,0.02,102405.65
TWB14,Uvalde_2020_02,29.60214,-99.73007,436.7784,6/28/21,p,2021,06/30/2021 03:10 CDT,97411,23.5,87.5,1.93,8.365,0.04,102413.18
TWB14,Uvalde_2020_02,29.60214,-99.73007,436.7784,6/28/21,p,2021,06/30/2021 03:15 CDT,97404,23.46,87.5,1.685,8.365,0.05,102406.16
TWB14,Uvalde_2020_02,29.60214,-99.73007,436.7784,6/28/21,p,2021,06/30/2021 03:20 CDT,97402,23.42,87.2,2.07,8.365,0,102404.93
TWB14,Uvalde_2020_02,29.60214,-99.73007,436.7784,6/28/21,p,2021,06/30/2021 03:25 CDT,97405,23.42,87.4,2.17,8.365,0,102408.08
TWB14,Uvalde_2020_02,29.60214,-99.73007,436.7784,6/28/21,p,2021,06/30/2021 03:30 CDT,97413,23.41,87.9,1.525,8.365,0,102416.49
TWB14,Uvalde_2020_02,29.60214,-99.73007,436.7784,6/28/21,p,2021,06/30/2021 03:35 CDT,97412,23.45,87.6,1.54,8.365,0,102414.92
TWB14,Uvalde_2020_02,29.60214,-99.73007,436.7784,6/28/21,p,2021,06/30/2021 03:40 CDT,97413,23.48,87.4,2.045,8.365,0,102415.28
TWB14,Uvalde_2020_02,29.60214,-99.73007,436.7784,6/28/21,p,2021,06/30/2021 03:45 CDT,97410,23.5,87,1.665,8.365,0,102412.13
TWB14,Uvalde_2020_02,29.60214,-99.73007,436.7784,6/28/21,p,2021,06/30/2021 03:50 CDT,97400,23.47,87.3,1.52,8.365,0.01,102401.62
TWB14,Uvalde_2020_02,29.60214,-99.73007,436.7784,6/28/21,p,2021,06/30/2021 03:55 CDT,97399,23.45,87.4,1.875,8.365,0,102400.74
TWB14,Uvalde_2020_02,29.60214,-99.73007,436.7784,6/28/21,p,2021,06/30/2021 04:00 CDT,97400,23.45,87.6,1.28,8.365,0.08,102401.61
TWB14,Uvalde_2020_02,29.60214,-99.73007,436.7784,6/28/21,p,2021,06/30/2021 04:05 CDT,97402,23.39,87.8,1.68,8.365,0.01,102404.75
TWB14,Uvalde_2020_02,29.60214,-99.73007,436.7784,6/28/21,p,2021,06/30/2021 04:10 CDT,97401,23.4,87.2,1.69,8.365,0,102404.39
TWB14,Uvalde_2020_02,29.60214,-99.73007,436.7784,6/28/21,p,2021,06/30/2021 04:15 CDT,97408,23.41,87.5,0.92,8.365,0,102410.89
TWB14,Uvalde_2020_02,29.60214,-99.73007,436.7784,6/28/21,p,2021,06/30/2021 04:20 CDT,97411,23.41,87.4,1.645,8.365,0,102414.39
TWB14,Uvalde_2020_02,29.60214,-99.73007,436.7784,6/28/21,p,2021,06/30/2021 04:25 CDT,97411,23.39,87.7,0.905,8.365,0.2,102414.21
TWB14,Uvalde_2020_02,29.60214,-99.73007,436.7784,6/28/21,p,2021,06/30/2021 04:30 CDT,97415,23.39,88.5,2.035,8.365,2.28,102418.41
TWB14,Uvalde_2020_02,29.60214,-99.73007,436.7784,6/28/21,p,2021,06/30/2021 04:35 CDT,97411,23.26,89.2,1.755,8.365,1.36,102416.45
TWB14,Uvalde_2020_02,29.60214,-99.73007,436.7784,6/28/21,p,2021,06/30/2021 04:40 CDT,97410,23.18,89.4,1.245,8.365,0.32,102416.95
TWB14,Uvalde_2020_02,29.60214,-99.73007,436.7784,6/28/21,p,2021,06/30/2021 04:45 CDT,97405,23.09,89.8,1.17,8.365,0.01,102413.42
TWB14,Uvalde_2020_02,29.60214,-99.73007,436.7784,6/28/21,p,2021,06/30/2021 04:50 CDT,97402,23.08,90,1.22,8.365,0,102410.95
TWB14,Uvalde_2020_02,29.60214,-99.73007,436.7784,6/28/21,p,2021,06/30/2021 04:55 CDT,97402,23.04,89.7,1.65,8.365,0,102411.99
TWB14,Uvalde_2020_02,29.60214,-99.73007,436.7784,6/28/21,p,2021,06/30/2021 05:00 CDT,97400,23.12,89.1,1.875,8.365,0,102408.69
TWB14,Uvalde_2020_02,29.60214,-99.73007,436.7784,6/28/21,p,2021,06/30/2021 05:05 CDT,97397,23.18,88.8,1.135,8.365,0,102403.98
TWB14,Uvalde_2020_02,29.60214,-99.73007,436.7784,6/28/21,p,2021,06/30/2021 05:10 CDT,97398,23.15,89,1.005,8.365,0,102405.03
TWB14,Uvalde_2020_02,29.60214,-99.73007,436.7784,6/28/21,p,2021,06/30/2021 05:15 CDT,97399,23.1,89,1.205,8.365,0,102407.12
TWB14,Uvalde_2020_02,29.60214,-99.73007,436.7784,6/28/21,p,2021,06/30/2021 05:20 CDT,97398,23.11,88.6,1.875,8.365,0,102406.59
TWB14,Uvalde_2020_02,29.60214,-99.73007,436.7784,6/28/21,p,2021,06/30/2021 05:25 CDT,97399,23.14,88.7,1.905,8.365,0,102407.46
TWB14,Uvalde_2020_02,29.60214,-99.73007,436.7784,6/28/21,p,2021,06/30/2021 05:30 CDT,97399,23.13,88.8,1.025,8.365,0,102406.94
TWB14,Uvalde_2020_02,29.60214,-99.73007,436.7784,6/28/21,p,2021,06/30/2021 05:35 CDT,97399,23.14,88.6,1.64,8.365,0,102406.6
TWB14,Uvalde_2020_02,29.60214,-99.73007,436.7784,6/28/21,p,2021,06/30/2021 05:40 CDT,97399,23.16,88.5,1.25,8.365,0,102406.25
TWB14,Uvalde_2020_02,29.60214,-99.73007,436.7784,6/28/21,p,2021,06/30/2021 05:45 CDT,97400,23.14,88.2,1.775,8.365,0,102407.48
TWB14,Uvalde_2020_02,29.60214,-99.73007,436.7784,6/28/21,p,2021,06/30/2021 05:50 CDT,97411,23.17,88,1.585,8.365,0,102418.7
TWB14,Uvalde_2020_02,29.60214,-99.73007,436.7784,6/28/21,p,2021,06/30/2021 05:55 CDT,97413,23.21,88,1.41,8.365,0,102420.11
TWB14,Uvalde_2020_02,29.60214,-99.73007,436.7784,6/28/21,p,2021,06/30/2021 06:00 CDT,97413,23.19,87.8,1.495,8.365,0,102419.94
TWB14,Uvalde_2020_02,29.60214,-99.73007,436.7784,6/28/21,p,2021,06/30/2021 06:05 CDT,97413,23.2,87.5,1.64,8.365,0,102419.94
TWB14,Uvalde_2020_02,29.60214,-99.73007,436.7784,6/28/21,p,2021,06/30/2021 06:10 CDT,97418,23.19,87.7,1.53,8.365,0.02,102425.37
TWB14,Uvalde_2020_02,29.60214,-99.73007,436.7784,6/28/21,p,2021,06/30/2021 06:15 CDT,97424,23.2,87.5,1.95,8.365,0.01,102431.68
TWB14,Uvalde_2020_02,29.60214,-99.73007,436.7784,6/28/21,p,2021,06/30/2021 06:20 CDT,97428,23.19,87.5,1.445,8.365,0.06,102435.89
TWB14,Uvalde_2020_02,29.60214,-99.73007,436.7784,6/28/21,p,2021,06/30/2021 06:25 CDT,97437,23.16,87.7,1.4,8.365,0,102445.87
TWB14,Uvalde_2020_02,29.60214,-99.73007,436.7784,6/28/21,p,2021,06/30/2021 06:30 CDT,97450,23.14,87.4,1.63,8.365,0,102460.06
TWB14,Uvalde_2020_02,29.60214,-99.73007,436.7784,6/28/21,p,2021,06/30/2021 06:35 CDT,97453,23.14,87.4,1.265,8.365,0.29,102463.04
TWB14,Uvalde_2020_02,29.60214,-99.73007,436.7784,6/28/21,p,2021,06/30/2021 06:40 CDT,97458,23.14,87.7,1.3,8.365,0.95,102468.29
TWB14,Uvalde_2020_02,29.60214,-99.73007,436.7784,6/28/21,p,2021,06/30/2021 06:45 CDT,97466,23.13,87.4,1.885,8.365,1.01,102477.05
TWB14,Uvalde_2020_02,29.60214,-99.73007,436.7784,6/28/21,p,2021,06/30/2021 06:50 CDT,97463,23.11,87.6,1.04,8.365,2.64,102474.07
TWB14,Uvalde_2020_02,29.60214,-99.73007,436.7784,6/28/21,p,2021,06/30/2021 06:55 CDT,97468,23.09,87.8,1.665,8.365,2.89,102480.02
TWB14,Uvalde_2020_02,29.60214,-99.73007,436.7784,6/28/21,p,2021,06/30/2021 07:00 CDT,97471,23.08,87.8,1.675,8.365,4.36,102483.35
TWB14,Uvalde_2020_02,29.60214,-99.73007,436.7784,6/28/21,p,2021,06/30/2021 07:05 CDT,97476,23.1,87.7,1.6,8.365,7.76,102488.43
TWB14,Uvalde_2020_02,29.60214,-99.73007,436.7784,6/28/21,p,2021,06/30/2021 07:10 CDT,97475,23.14,87.6,1.37,8.365,17.84,102486.52
TWB14,Uvalde_2020_02,29.60214,-99.73007,436.7784,6/28/21,p,2021,06/30/2021 07:15 CDT,97480,23.18,87.2,1.6,8.365,16.27,102491.08
TWB14,Uvalde_2020_02,29.60214,-99.73007,436.7784,6/28/21,p,2021,06/30/2021 07:20 CDT,97480,23.19,86.7,1.62,8.365,20.81,102490.74
TWB14,Uvalde_2020_02,29.60214,-99.73007,436.7784,6/28/21,p,2021,06/30/2021 07:25 CDT,97480,23.24,86.5,1.31,8.365,25.88,102490.22
TWB14,Uvalde_2020_02,29.60214,-99.73007,436.7784,6/28/21,p,2021,06/30/2021 07:30 CDT,97480,23.26,86.2,1.81,8.365,31.16,102489.71
TWB14,Uvalde_2020_02,29.60214,-99.73007,436.7784,6/28/21,p,2021,06/30/2021 07:35 CDT,97481,23.29,86.1,1.45,8.365,45.02,102490.07
TWB14,Uvalde_2020_02,29.60214,-99.73007,436.7784,6/28/21,p,2021,06/30/2021 07:40 CDT,97480,23.32,86.5,1,8.365,35.16,102488.15
TWB14,Uvalde_2020_02,29.60214,-99.73007,436.7784,6/28/21,p,2021,06/30/2021 07:45 CDT,97485,23.32,86.5,1.455,8.365,41.98,102493.41
TWB14,Uvalde_2020_02,29.60214,-99.73007,436.7784,6/28/21,p,2021,06/30/2021 07:50 CDT,97482,23.3,86.5,0.9,8.365,29.99,102490.25
TWB14,Uvalde_2020_02,29.60214,-99.73007,436.7784,6/28/21,p,2021,06/30/2021 07:55 CDT,97492,23.26,86.8,1.08,8.365,38.47,102501.63
TWB14,Uvalde_2020_02,29.60214,-99.73007,436.7784,6/28/21,p,2021,06/30/2021 08:00 CDT,97505,23.36,86.8,1.625,8.365,105.25,102514.6
TWB14,Uvalde_2020_02,29.60214,-99.73007,436.7784,6/28/21,p,2021,06/30/2021 08:05 CDT,97507,23.66,85.4,1.225,8.365,130.79,102512.57
TWB14,Uvalde_2020_02,29.60214,-99.73007,436.7784,6/28/21,p,2021,06/30/2021 08:10 CDT,97508,23.76,85,1.76,8.365,61.67,102509.83
TWB14,Uvalde_2020_02,29.60214,-99.73007,436.7784,6/28/21,p,2021,06/30/2021 08:15 CDT,97514,23.71,85.5,1.535,8.365,129.39,102516.48
TWB14,Uvalde_2020_02,29.60214,-99.73007,436.7784,6/28/21,p,2021,06/30/2021 08:20 CDT,97521,23.94,84.1,1.785,8.365,146.42,102520.92
TWB14,Uvalde_2020_02,29.60214,-99.73007,436.7784,6/28/21,p,2021,06/30/2021 08:25 CDT,97529,24,84.7,1.58,8.365,117.77,102527.43
TWB14,Uvalde_2020_02,29.60214,-99.73007,436.7784,6/28/21,p,2021,06/30/2021 08:30 CDT,97533,24.05,83.7,1.57,8.365,136.66,102529.93
TWB14,Uvalde_2020_02,29.60214,-99.73007,436.7784,6/28/21,p,2021,06/30/2021 08:35 CDT,97534,24.08,83.5,1.61,8.365,98.66,102529.78
TWB14,Uvalde_2020_02,29.60214,-99.73007,436.7784,6/28/21,p,2021,06/30/2021 08:40 CDT,97534,24.01,84.5,1.465,8.365,85.76,102530.97
TWB14,Uvalde_2020_02,29.60214,-99.73007,436.7784,6/28/21,p,2021,06/30/2021 08:45 CDT,97534,24.1,84.1,1.315,8.365,127.6,102529.94
TWB14,Uvalde_2020_02,29.60214,-99.73007,436.7784,6/28/21,p,2021,06/30/2021 08:50 CDT,97533,24.15,83.8,1.57,8.365,98.46,102527.86
TWB14,Uvalde_2020_02,29.60214,-99.73007,436.7784,6/28/21,p,2021,06/30/2021 08:55 CDT,97533,24.09,83.2,2.145,8.365,96.08,102528.56
TWB14,Uvalde_2020_02,29.60214,-99.73007,436.7784,6/28/21,p,2021,06/30/2021 09:00 CDT,97526,24.14,83.6,2.03,8.365,117.77,102521.19
TWB14,Uvalde_2020_02,29.60214,-99.73007,436.7784,6/28/21,p,2021,06/30/2021 09:05 CDT,97525,24.27,84,1.765,8.365,185.11,102518.42
TWB14,Uvalde_2020_02,29.60214,-99.73007,436.7784,6/28/21,p,2021,06/30/2021 09:10 CDT,97523,24.56,80.9,2.255,8.365,249.28,102511.54
TWB14,Uvalde_2020_02,29.60214,-99.73007,436.7784,6/28/21,p,2021,06/30/2021 09:15 CDT,97521,24.9,79.88,1.63,8.365,269.02,102503.97
TWB14,Uvalde_2020_02,29.60214,-99.73007,436.7784,6/28/21,p,2021,06/30/2021 09:20 CDT,97519,25.13,79.51,1.825,8.365,271.21,102497.26
TWB14,Uvalde_2020_02,29.60214,-99.73007,436.7784,6/28/21,p,2021,06/30/2021 09:25 CDT,97519,25.29,80.1,1.835,8.365,302.96,102494.01
TWB14,Uvalde_2020_02,29.60214,-99.73007,436.7784,6/28/21,p,2021,06/30/2021 09:30 CDT,97520,25.48,76.82,2.07,8.365,310.56,102490.83
TWB14,Uvalde_2020_02,29.60214,-99.73007,436.7784,6/28/21,p,2021,06/30/2021 09:35 CDT,97520,25.5,75.87,2.625,8.365,303.26,102489.31
TWB14,Uvalde_2020_02,29.60214,-99.73007,436.7784,6/28/21,p,2021,06/30/2021 09:40 CDT,97519,25.55,77.78,2.32,8.365,361.96,102488.07
TWB14,Uvalde_2020_02,29.60214,-99.73007,436.7784,6/28/21,p,2021,06/30/2021 09:45 CDT,97526,25.8,76.17,2.41,8.365,235.15,102490.85
TWB14,Uvalde_2020_02,29.60214,-99.73007,436.7784,6/28/21,p,2021,06/30/2021 09:50 CDT,97533,25.91,73.84,2.26,8.365,358.17,102496.7
TWB14,Uvalde_2020_02,29.60214,-99.73007,436.7784,6/28/21,p,2021,06/30/2021 09:55 CDT,97535,25.81,73.6,3.155,8.365,313.7,102499.15
TWB14,Uvalde_2020_02,29.60214,-99.73007,436.7784,6/28/21,p,2021,06/30/2021 10:00 CDT,97538,25.79,72.89,2.46,8.365,184.82,102503.49
TWB14,Uvalde_2020_02,29.60214,-99.73007,436.7784,6/28/21,p,2021,06/30/2021 10:05 CDT,97537,25.58,75.51,2.915,8.365,208.25,102505.65
TWB14,Uvalde_2020_02,29.60214,-99.73007,436.7784,6/28/21,p,2021,06/30/2021 10:10 CDT,97537,25.64,73.35,2.4,8.365,195.58,102505.5
TWB14,Uvalde_2020_02,29.60214,-99.73007,436.7784,6/28/21,p,2021,06/30/2021 10:15 CDT,97536,25.65,72.85,3.195,8.365,221.51,102504.45
TWB14,Uvalde_2020_02,29.60214,-99.73007,436.7784,6/28/21,p,2021,06/30/2021 10:20 CDT,97537,25.76,72.21,3.255,7.565,259.74,102503.81
TWB14,Uvalde_2020_02,29.60214,-99.73007,436.7784,6/28/21,p,2021,06/30/2021 10:25 CDT,97539,25.69,74.06,2.785,7.565,204.41,102506.4
TWB14,Uvalde_2020_02,29.60214,-99.73007,436.7784,6/28/21,p,2021,06/30/2021 10:30 CDT,97544,25.76,73.76,2.31,7.565,156.11,102510.81
TWB14,Uvalde_2020_02,29.60214,-99.73007,436.7784,6/28/21,p,2021,06/30/2021 10:35 CDT,97540,25.8,75.21,2.33,7.565,400.45,102507.1
TWB14,Uvalde_2020_02,29.60214,-99.73007,436.7784,6/28/21,p,2021,06/30/2021 10:40 CDT,97537,26.71,70.46,2.145,7.565,573.73,102490.44
TWB14,Uvalde_2020_02,29.60214,-99.73007,436.7784,6/28/21,p,2021,06/30/2021 10:45 CDT,97536,26.99,67.22,3.06,7.565,502.11,102479.3
TWB14,Uvalde_2020_02,29.60214,-99.73007,436.7784,6/28/21,p,2021,06/30/2021 10:50 CDT,97536,26.73,70.93,2.505,7.565,283.75,102482.3
TWB14,Uvalde_2020_02,29.60214,-99.73007,436.7784,6/28/21,p,2021,06/30/2021 10:55 CDT,97538,26.86,65,3.27,7.565,578.99,102484.29
TWB14,Uvalde_2020_02,29.60214,-99.73007,436.7784,6/28/21,p,2021,06/30/2021 11:00 CDT,97536,27.23,65.2,2.735,7.565,651.79,102476.8
TWB14,Uvalde_2020_02,29.60214,-99.73007,436.7784,6/28/21,p,2021,06/30/2021 11:05 CDT,97542,27.53,63.98,2.92,7.565,643,102475.23
TWB14,Uvalde_2020_02,29.60214,-99.73007,436.7784,6/28/21,p,2021,06/30/2021 11:10 CDT,97543,27.84,63.44,2.38,7.565,510.48,102471.09
TWB14,Uvalde_2020_02,29.60214,-99.73007,436.7784,6/28/21,p,2021,06/30/2021 11:15 CDT,97543,27.88,61.34,2.865,7.565,568.86,102470.11
TWB14,Uvalde_2020_02,29.60214,-99.73007,436.7784,6/28/21,p,2021,06/30/2021 11:20 CDT,97545,27.91,61.98,2.705,7.565,404.75,102471.04
TWB14,Uvalde_2020_02,29.60214,-99.73007,436.7784,6/28/21,p,2021,06/30/2021 11:25 CDT,97545,27.69,59.46,2.785,7.565,462.64,102476.75
TWB14,Uvalde_2020_02,29.60214,-99.73007,436.7784,6/28/21,p,2021,06/30/2021 11:30 CDT,97547,27.96,60.13,2.615,7.565,323.99,102474.49
TWB14,Uvalde_2020_02,29.60214,-99.73007,436.7784,6/28/21,p,2021,06/30/2021 11:35 CDT,97550,27.61,60.49,2.47,7.565,410.5,102482.66
TWB14,Uvalde_2020_02,29.60214,-99.73007,436.7784,6/28/21,p,2021,06/30/2021 11:40 CDT,97547,27.8,60.46,2.225,7.565,554.06,102477.84
TWB14,Uvalde_2020_02,29.60214,-99.73007,436.7784,6/28/21,p,2021,06/30/2021 11:45 CDT,97542,28.02,62.61,2.01,7.565,577.59,102468.55
TWB14,Uvalde_2020_02,29.60214,-99.73007,436.7784,6/28/21,p,2021,06/30/2021 11:50 CDT,97535,28.35,61.06,1.7,7.565,559.61,102454.2
TWB14,Uvalde_2020_02,29.60214,-99.73007,436.7784,6/28/21,p,2021,06/30/2021 11:55 CDT,97533,28.47,62.58,1.95,7.565,463.19,102448.59
TWB14,Uvalde_2020_02,29.60214,-99.73007,436.7784,6/28/21,p,2021,06/30/2021 12:00 CDT,97530,28.06,62.98,2.315,7.565,578.98,102451.43
TWB14,Uvalde_2020_02,29.60214,-99.73007,436.7784,6/28/21,p,2021,06/30/2021 12:05 CDT,97523,28.14,62.81,2.09,7.565,411.93,102445.25
TWB14,Uvalde_2020_02,29.60214,-99.73007,436.7784,6/28/21,p,2021,06/30/2021 12:10 CDT,97518,27.93,60.19,2.38,7.565,229.2,102443.03
TWB14,Uvalde_2020_02,29.60214,-99.73007,436.7784,6/28/21,p,2021,06/30/2021 12:15 CDT,97519,27.85,60.32,2.35,7.565,192.45,102446.41
TWB14,Uvalde_2020_02,29.60214,-99.73007,436.7784,6/28/21,p,2021,06/30/2021 12:20 CDT,97519,27.71,62.21,2.34,7.565,226.19,102449.24
TWB14,Uvalde_2020_02,29.60214,-99.73007,436.7784,6/28/21,p,2021,06/30/2021 12:25 CDT,97518,27.89,63.15,1.575,7.565,400.72,102447.68
TWB14,Uvalde_2020_02,29.60214,-99.73007,436.7784,6/28/21,p,2021,06/30/2021 12:30 CDT,97518,28.3,62,2.45,7.565,501.32,102440.17
TWB14,Uvalde_2020_02,29.60214,-99.73007,436.7784,6/28/21,p,2021,06/30/2021 12:35 CDT,97518,28.85,57.29,2.725,7.565,508.19,102430.23
TWB14,Uvalde_2020_02,29.60214,-99.73007,436.7784,6/28/21,p,2021,06/30/2021 12:40 CDT,97518,28.57,61.8,1.64,7.565,388.34,102432.01
TWB14,Uvalde_2020_02,29.60214,-99.73007,436.7784,6/28/21,p,2021,06/30/2021 12:45 CDT,97513,28.47,63.05,2.15,7.565,194.63,102428.41
TWB14,Uvalde_2020_02,29.60214,-99.73007,436.7784,6/28/21,p,2021,06/30/2021 12:50 CDT,97508,27.89,61.87,2.245,7.565,146.67,102432.34
TWB14,Uvalde_2020_02,29.60214,-99.73007,436.7784,6/28/21,p,2021,06/30/2021 12:55 CDT,97506,27.73,63.96,1.53,7.565,129.34,102435.23
TWB14,Uvalde_2020_02,29.60214,-99.73007,436.7784,6/28/21,p,2021,06/30/2021 13:00 CDT,97502,27.61,64.93,1.95,7.565,181.77,102433.19
TWB14,Uvalde_2020_02,29.60214,-99.73007,436.7784,6/28/21,p,2021,06/30/2021 13:05 CDT,97492,27.58,64.12,1.46,7.565,184.85,102423.7
TWB14,Uvalde_2020_02,29.60214,-99.73007,436.7784,6/28/21,p,2021,06/30/2021 13:10 CDT,97491,27.66,64.66,1.395,7.565,143.95,102422.14
TWB14,Uvalde_2020_02,29.60214,-99.73007,436.7784,6/28/21,p,2021,06/30/2021 13:15 CDT,97488,27.76,64.02,1.56,7.565,232.94,102417.99
TWB14,Uvalde_2020_02,29.60214,-99.73007,436.7784,6/28/21,p,2021,06/30/2021 13:20 CDT,97475,28.23,61.13,1.48,7.565,703.54,102398.51
TWB14,Uvalde_2020_02,29.60214,-99.73007,436.7784,6/28/21,p,2021,06/30/2021 13:25 CDT,97464,28.73,61.8,1.4,7.565,291.49,102377.12
TWB14,Uvalde_2020_02,29.60214,-99.73007,436.7784,6/28/21,p,2021,06/30/2021 13:30 CDT,97458,28.74,58.91,1.615,7.565,687.77,102369.35
TWB14,Uvalde_2020_02,29.60214,-99.73007,436.7784,6/28/21,p,2021,06/30/2021 13:35 CDT,97445,29.13,59.38,2.01,7.565,576.97,102346.4
TWB14,Uvalde_2020_02,29.60214,-99.73007,436.7784,6/28/21,p,2021,06/30/2021 13:40 CDT,97438,29.01,60.35,1.925,7.565,568.86,102339.53
TWB14,Uvalde_2020_02,29.60214,-99.73007,436.7784,6/28/21,p,2021,06/30/2021 13:45 CDT,97437,29.54,55.44,1.605,7.565,771,102333.9
TWB14,Uvalde_2020_02,29.60214,-99.73007,436.7784,6/28/21,p,2021,06/30/2021 13:50 CDT,97434,30.06,53.82,1.665,7.565,792.69,102320.71
TWB14,Uvalde_2020_02,29.60214,-99.73007,436.7784,6/28/21,p,2021,06/30/2021 13:55 CDT,97427,30.32,53.72,2.27,7.565,868.14,102306.95
TWB14,Uvalde_2020_02,29.60214,-99.73007,436.7784,6/28/21,p,2021,06/30/2021 14:00 CDT,97418,30.61,51.09,1.9,7.565,871.86,102291.79
TWB14,Uvalde_2020_02,29.60214,-99.73007,436.7784,6/28/21,p,2021,06/30/2021 14:05 CDT,97413,30.68,49.34,2.945,7.565,863.46,102283.78
TWB14,Uvalde_2020_02,29.60214,-99.73007,436.7784,6/28/21,p,2021,06/30/2021 14:10 CDT,97411,30.69,48.87,2.185,7.565,840.24,102281.36
TWB14,Uvalde_2020_02,29.60214,-99.73007,436.7784,6/28/21,p,2021,06/30/2021 14:15 CDT,97404,30.91,47.05,2.14,7.565,754.78,102271.09
TWB14,Uvalde_2020_02,29.60214,-99.73007,436.7784,6/28/21,p,2021,06/30/2021 14:20 CDT,97395,31.01,48.29,1.935,7.565,642.82,102257.71
TWB14,Uvalde_2020_02,29.60214,-99.73007,436.7784,6/28/21,p,2021,06/30/2021 14:25 CDT,97395,30.83,50.41,2.175,7.565,296.76,102260.95
TWB14,Uvalde_2020_02,29.60214,-99.73007,436.7784,6/28/21,p,2021,06/30/2021 14:30 CDT,97395,30.48,48.8,2.37,7.565,385.73,102270.94
TWB14,Uvalde_2020_02,29.60214,-99.73007,436.7784,6/28/21,p,2021,06/30/2021 14:35 CDT,97383,30.57,49.6,1.98,7.565,442.07,102258.5
TWB14,Uvalde_2020_02,29.60214,-99.73007,436.7784,6/28/21,p,2021,06/30/2021 14:40 CDT,97376,30.8,47.72,2.63,7.65,791.32,102245.44
TWB14,Uvalde_2020_02,29.60214,-99.73007,436.7784,6/28/21,p,2021,06/30/2021 14:45 CDT,97373,30.89,50.44,2.035,7.65,275.03,102239.97
TWB14,Uvalde_2020_02,29.60214,-99.73007,436.7784,6/28/21,p,2021,06/30/2021 14:50 CDT,97367,30.67,49.06,2.215,7.65,352.71,102237.61
TWB14,Uvalde_2020_02,29.60214,-99.73007,436.7784,6/28/21,p,2021,06/30/2021 14:55 CDT,97365,30.25,50.1,2.725,7.65,214.83,102243.86
TWB14,Uvalde_2020_02,29.60214,-99.73007,436.7784,6/28/21,p,2021,06/30/2021 15:00 CDT,97371,30.26,54.58,1.375,7.65,170.63,102251.75
TWB14,Uvalde_2020_02,29.60214,-99.73007,436.7784,6/28/21,p,2021,06/30/2021 15:05 CDT,97371,30.23,54.04,1.405,7.65,243.85,102252.57
TWB14,Uvalde_2020_02,29.60214,-99.73007,436.7784,6/28/21,p,2021,06/30/2021 15:10 CDT,97371,30.58,51.89,1.48,7.65,795.27,102247.84
TWB14,Uvalde_2020_02,29.60214,-99.73007,436.7784,6/28/21,p,2021,06/30/2021 15:15 CDT,97369,30.86,53.27,1.9,7.65,482.05,102241.3
TWB14,Uvalde_2020_02,29.60214,-99.73007,436.7784,6/28/21,p,2021,06/30/2021 15:20 CDT,97372,30.61,54.38,2.795,7.65,165.49,102245.74
TWB14,Uvalde_2020_02,29.60214,-99.73007,436.7784,6/28/21,p,2021,06/30/2021 15:25 CDT,97362,30.02,56.19,1.965,7.65,119.82,102244.25
TWB14,Uvalde_2020_02,29.60214,-99.73007,436.7784,6/28/21,p,2021,06/30/2021 15:30 CDT,97355,29.78,56.73,2.13,7.65,87.29,102242.32
TWB14,Uvalde_2020_02,29.60214,-99.73007,436.7784,6/28/21,p,2021,06/30/2021 15:35 CDT,97346,29.54,56.33,1,7.65,79.29,102238.15
TWB14,Uvalde_2020_02,29.60214,-99.73007,436.7784,6/28/21,p,2021,06/30/2021 15:40 CDT,97335,29.51,55.66,1.695,7.65,124.65,102228.1
TWB14,Uvalde_2020_02,29.60214,-99.73007,436.7784,6/28/21,p,2021,06/30/2021 15:45 CDT,97320,29.77,54.15,1.66,7.65,528.32,102209.39
TWB14,Uvalde_2020_02,29.60214,-99.73007,436.7784,6/28/21,p,2021,06/30/2021 15:50 CDT,97308,30.39,52.67,1.35,7.65,270.16,102188.07
TWB14,Uvalde_2020_02,29.60214,-99.73007,436.7784,6/28/21,p,2021,06/30/2021 15:55 CDT,97309,30.25,52.63,1.945,7.65,198.41,102187.48
TWB14,Uvalde_2020_02,29.60214,-99.73007,436.7784,6/28/21,p,2021,06/30/2021 16:00 CDT,97301,30.15,54.72,1.305,7.65,139.24,102180.7
TWB14,Uvalde_2020_02,29.60214,-99.73007,436.7784,6/28/21,p,2021,06/30/2021 16:05 CDT,97305,30.17,52.77,1.77,7.65,151.92,102184.43
TWB14,Uvalde_2020_02,29.60214,-99.73007,436.7784,6/28/21,p,2021,06/30/2021 16:10 CDT,97307,30.14,51.96,2.51,7.65,598.68,102188.68
TWB14,Uvalde_2020_02,29.60214,-99.73007,436.7784,6/28/21,p,2021,06/30/2021 16:15 CDT,97311,30.53,55.39,3.21,7.65,416.84,102184.14
TWB14,Uvalde_2020_02,29.60214,-99.73007,436.7784,6/28/21,p,2021,06/30/2021 16:20 CDT,97314,29.07,61.39,3.035,7.65,172.22,102207.96
TWB14,Uvalde_2020_02,29.60214,-99.73007,436.7784,6/28/21,p,2021,06/30/2021 16:25 CDT,97309,28.56,61.52,2.235,7.65,104.35,102215.63
TWB14,Uvalde_2020_02,29.60214,-99.73007,436.7784,6/28/21,p,2021,06/30/2021 16:30 CDT,97298,28.64,60.44,2.245,7.65,334.45,102205.42
TWB14,Uvalde_2020_02,29.60214,-99.73007,436.7784,6/28/21,p,2021,06/30/2021 16:35 CDT,97286,29.7,56.41,1.81,7.65,571.45,102178.61
TWB14,Uvalde_2020_02,29.60214,-99.73007,436.7784,6/28/21,p,2021,06/30/2021 16:40 CDT,97273,30.61,52.2,2.605,7.65,576.33,102146.89
TWB14,Uvalde_2020_02,29.60214,-99.73007,436.7784,6/28/21,p,2021,06/30/2021 16:45 CDT,97274,30.72,48.73,2.045,7.65,578.4,102141.43
TWB14,Uvalde_2020_02,29.60214,-99.73007,436.7784,6/28/21,p,2021,06/30/2021 16:50 CDT,97279,31.31,50.65,1.18,7.65,587.97,102139.64
TWB14,Uvalde_2020_02,29.60214,-99.73007,436.7784,6/28/21,p,2021,06/30/2021 16:55 CDT,97287,31.82,49.67,1.895,7.65,572.99,102139.42
TWB14,Uvalde_2020_02,29.60214,-99.73007,436.7784,6/28/21,p,2021,06/30/2021 17:00 CDT,97286,31.59,49.24,1.995,7.65,164.62,102137.24
TWB14,Uvalde_2020_02,29.60214,-99.73007,436.7784,6/28/21,p,2021,06/30/2021 17:05 CDT,97284,31,50.04,2.2,7.65,199.26,102145.22
TWB14,Uvalde_2020_02,29.60214,-99.73007,436.7784,6/28/21,p,2021,06/30/2021 17:10 CDT,97271,30.9,49.67,1.975,7.65,471.08,102136.8
TWB14,Uvalde_2020_02,29.60214,-99.73007,436.7784,6/28/21,p,2021,06/30/2021 17:15 CDT,97266,31.38,46.71,3.35,7.815,513,102123.75
TWB14,Uvalde_2020_02,29.60214,-99.73007,436.7784,6/28/21,p,2021,06/30/2021 17:20 CDT,97250,31.44,45.53,2.33,7.815,437.26,102104.04
TWB14,Uvalde_2020_02,29.60214,-99.73007,436.7784,6/28/21,p,2021,06/30/2021 17:25 CDT,97242,31.47,48.12,2.175,7.815,365.61,102095.12
TWB14,Uvalde_2020_02,29.60214,-99.73007,436.7784,6/28/21,p,2021,06/30/2021 17:30 CDT,97239,31.37,50.24,3.045,7.815,371.37,102093.08
TWB14,Uvalde_2020_02,29.60214,-99.73007,436.7784,6/28/21,p,2021,06/30/2021 17:35 CDT,97243,30.94,51.39,3.02,7.815,123.63,102103.62
TWB14,Uvalde_2020_02,29.60214,-99.73007,436.7784,6/28/21,p,2021,06/30/2021 17:40 CDT,97240,30.31,50.14,3.065,7.815,197.5,102112.75
TWB14,Uvalde_2020_02,29.60214,-99.73007,436.7784,6/28/21,p,2021,06/30/2021 17:45 CDT,97234,30.75,45.43,2.495,7.815,355.47,102103.4
TWB14,Uvalde_2020_02,29.60214,-99.73007,436.7784,6/28/21,p,2021,06/30/2021 17:50 CDT,97227,30.98,46.91,2.07,7.815,395.45,102090.8
TWB14,Uvalde_2020_02,29.60214,-99.73007,436.7784,6/28/21,p,2021,06/30/2021 17:55 CDT,97216,31.51,43.71,2.205,7.815,413.07,102070.97
TWB14,Uvalde_2020_02,29.60214,-99.73007,436.7784,6/28/21,p,2021,06/30/2021 18:00 CDT,97218,31.52,46.04,2.55,7.815,416.86,102070.11
TWB14,Uvalde_2020_02,29.60214,-99.73007,436.7784,6/28/21,p,2021,06/30/2021 18:05 CDT,97216,31.34,47.79,2.62,7.815,412.26,102069.94
TWB14,Uvalde_2020_02,29.60214,-99.73007,436.7784,6/28/21,p,2021,06/30/2021 18:10 CDT,97214,31.15,50.88,3.37,7.815,404.68,102069.76
TWB14,Uvalde_2020_02,29.60214,-99.73007,436.7784,6/28/21,p,2021,06/30/2021 18:15 CDT,97213,31.03,50.68,2.855,7.815,405.91,102071.81
TWB14,Uvalde_2020_02,29.60214,-99.73007,436.7784,6/28/21,p,2021,06/30/2021 18:20 CDT,97207,30.97,51.08,2.385,7.815,414.48,102066.97
TWB14,Uvalde_2020_02,29.60214,-99.73007,436.7784,6/28/21,p,2021,06/30/2021 18:25 CDT,97200,31.22,49.8,1.775,7.815,298.93,102057.35
TWB14,Uvalde_2020_02,29.60214,-99.73007,436.7784,6/28/21,p,2021,06/30/2021 18:30 CDT,97198,30.86,51.75,2.425,7.815,278.82,102058.82
TWB14,Uvalde_2020_02,29.60214,-99.73007,436.7784,6/28/21,p,2021,06/30/2021 18:35 CDT,97194,30.19,52.42,2.85,7.815,103.23,102065.73
TWB14,Uvalde_2020_02,29.60214,-99.73007,436.7784,6/28/21,p,2021,06/30/2021 18:40 CDT,97184,29.83,52.19,1.825,7.815,76.64,102062.79
TWB14,Uvalde_2020_02,29.60214,-99.73007,436.7784,6/28/21,p,2021,06/30/2021 18:45 CDT,97180,29.67,49.63,2.905,7.815,201.62,102062.73
TWB14,Uvalde_2020_02,29.60214,-99.73007,436.7784,6/28/21,p,2021,06/30/2021 18:50 CDT,97180,30.03,47.85,2.85,7.815,256.47,102058.8
TWB14,Uvalde_2020_02,29.60214,-99.73007,436.7784,6/28/21,p,2021,06/30/2021 18:55 CDT,97185,30.3,48.05,2.68,7.815,248.09,102058.96
TWB14,Uvalde_2020_02,29.60214,-99.73007,436.7784,6/28/21,p,2021,06/30/2021 19:00 CDT,97194,30.26,47.78,2.85,7.815,243.65,102067.76